  -6.5711855e-15   0.0000000e+00   0.0000000e+00  -4.9509435e-55   0.0000000e+00   0.0000000e+00
   1.8498929e-02   3.8989482e-03   1.6588538e-02   2.8362739e-04  -2.8189250e-04  -3.8060337e-04
   3.4226159e-02  -1.9286128e-03   2.8207090e-02   1.2026777e-03  -3.0756253e-04  -1.3291894e-03
   3.5035693e-02   5.2219173e-03   3.3320735e-02   1.2301111e-03   6.8643955e-04  -4.6086141e-04
   5.6769211e-02  -4.2726233e-02   1.1382976e-01  -1.1283748e-03  -5.4680383e-04  -1.7111808e-03
   6.2247847e-02  -6.6332609e-02   1.3723712e-01  -4.2395970e-03  -6.7670680e-04  -2.3083757e-03
   3.4327106e-02  -5.6529959e-02   1.9456652e-01  -2.0321002e-03  -8.5526438e-05  -1.5639813e-03
   4.2025641e-02  -9.5260761e-02   2.3432984e-01  -2.3672600e-03  -2.3859936e-04  -1.1916964e-03
   3.5292704e-02  -1.1784036e-01   1.7159768e-01  -3.2029904e-03  -1.2024206e-03  -1.4601428e-03
   2.9158917e-02  -1.0404243e-01   1.5068391e-01  -3.6139325e-03  -1.3257830e-03  -1.4559545e-03
   3.0477225e-02  -1.0518934e-01   1.3430300e-01  -3.8121789e-03  -9.3132277e-04  -1.2003876e-03
   2.8929806e-02  -8.3941478e-02   6.3706681e-02  -3.8781735e-03  -6.5641959e-04  -1.1929906e-03
   1.9911469e-02  -2.9612848e-02  -7.8136916e-02  -3.5864199e-03   1.5484488e-04  -1.0363640e-03
  -3.6539828e-03  -4.7273843e-02  -8.4873571e-02  -6.4177554e-06  -9.0341293e-04  -4.3375583e-04
  -5.6437306e-03  -2.5655426e-02  -1.3333104e-01  -3.7273860e-06   1.7642415e-04   1.1347662e-05
   2.1766425e-02  -2.6688299e-02  -7.4275088e-02   2.1518415e-03   5.6653212e-06  -1.4109456e-03
   1.4330916e-02  -5.6490003e-02  -1.3508205e-01  -6.3276087e-04   9.0326187e-04  -4.6350678e-04
  -6.1861687e-03  -7.7627842e-02  -1.9575784e-01   2.8062515e-04   4.5653783e-04  -1.3742979e-04
   6.9623899e-05  -2.6074993e-02  -2.0018636e-01   2.1935209e-03  -2.0586277e-04   7.3432822e-05
   2.0936948e-02  -1.0218289e-01   1.2772351e-01  -2.4320937e-03  -1.2148512e-03  -9.1505725e-04
   6.9979074e-03  -1.0943433e-01   2.4026998e-02  -2.6261260e-03  -1.0733647e-03  -6.5154515e-04
   1.2964460e-02  -8.3370468e-02   3.0296033e-02  -2.6421901e-03  -9.0630554e-04  -8.2462526e-04
  -1.9623719e-03  -1.0582447e-01   2.5720517e-02  -2.4584736e-03  -1.9862347e-03  -5.6081483e-04
   2.7994692e-03  -1.1744493e-01   8.9583656e-02  -2.0851944e-03  -1.3511003e-03  -6.5007456e-04
   1.2438863e-02  -1.3920806e-01   2.2675449e-02  -3.9003820e-03  -2.0826877e-03  -1.4041143e-03
  -6.6947167e-03  -1.2963919e-01   3.8490582e-02  -3.4678378e-03  -1.5210825e-03  -1.1696890e-03
   8.1470979e-04  -1.5065610e-01   2.9319759e-02  -3.7762442e-03  -2.1032292e-03  -1.1781715e-03
   1.3738178e-02  -1.7641935e-01   5.6661484e-02  -3.1041274e-03  -1.8075732e-03  -1.0267273e-03
   2.6692627e-04  -1.8272421e-01   3.9119602e-02  -4.1700891e-03  -1.4354712e-03  -7.5764218e-04
  -9.1726634e-03  -1.7516353e-01   3.0726018e-02  -3.9716111e-03  -1.4598154e-03  -3.3340459e-04
  -5.7731560e-03  -1.6380383e-01   2.8144530e-02  -3.8780454e-03  -1.2969793e-03  -7.1124393e-04
   9.3752495e-03  -1.6357454e-01   7.2251570e-03  -5.2624145e-03  -1.2432538e-03  -1.1348007e-03
  -3.8351488e-03  -1.6253638e-01   9.2681738e-04  -5.3965871e-03  -1.8174821e-03  -9.0589684e-04
   6.8382791e-03  -1.7830217e-01   1.0562902e-02  -4.8281787e-03  -1.1653789e-03  -1.0076530e-03
  -1.2474244e-02  -2.1494056e-01  -5.0177873e-03  -5.4672618e-03  -8.3458316e-04  -5.1312854e-04
   4.9523186e-04  -1.9110281e-01   1.8029341e-02  -4.9266582e-03  -1.4665509e-03  -7.9128423e-04
  -3.0487255e-02  -3.3744975e-01   9.2444673e-02  -2.3888030e-03  -1.6602450e-03  -4.4339492e-04
  -1.5085037e-03  -2.0725503e-01   9.3551479e-03  -5.3796395e-03  -1.1802911e-03  -1.0080571e-03
  -1.2536106e-02  -1.8999392e-01   3.1398037e-02  -5.4527660e-03  -1.4834552e-03  -3.2902148e-04
  -7.4483721e-03  -2.3183712e-01   4.9010426e-02  -5.0793376e-03  -1.8835134e-03  -3.4481434e-04
  -1.1086317e-02  -2.0949853e-01   4.2618762e-02  -5.0218573e-03  -1.5062548e-03  -5.5632637e-04
  -1.6012876e-02  -2.1616825e-01   4.4464300e-03  -5.5820523e-03  -1.9757221e-03  -7.5999212e-04
  -6.2327328e-03  -2.0860728e-01   1.2986292e-02  -5.0686728e-03  -1.3246148e-03  -4.2045710e-04
  -8.8872506e-03  -2.2599864e-01   1.8151073e-02  -5.2328891e-03  -1.2675906e-03  -7.8618471e-04
  -1.1858672e-02  -2.1425354e-01   3.0675609e-02  -5.0168245e-03  -1.5174373e-03  -6.9529591e-04
  -1.8994103e-02  -2.3005019e-01   2.5814284e-02  -5.5630572e-03  -1.3605980e-03  -6.1335427e-04
  -3.0623139e-02  -2.1734307e-01   4.1233968e-02  -5.1655891e-03  -1.4840503e-03  -4.0864504e-04
  -1.3852938e-02  -2.0749266e-01   5.0747948e-02  -4.9983127e-03  -1.2594336e-03  -2.6861620e-04
  -1.5296636e-02  -2.4210458e-01   1.7034948e-02  -5.9590261e-03  -1.2330039e-03  -6.4212844e-04
  -1.8916154e-02  -2.2879407e-01   2.9017125e-02  -5.5518327e-03  -1.7009765e-03  -5.9048099e-04
  -3.0163429e-02  -2.2761882e-01   2.3243541e-02  -5.9508502e-03  -1.4472584e-03  -3.3380738e-04
  -4.3646652e-02  -2.3916606e-01   1.7322487e-02  -6.5723329e-03  -1.7841502e-03  -2.6149166e-04
  -2.8123894e-02  -2.3521919e-01   3.5016931e-02  -5.6249683e-03  -1.3742814e-03  -5.4379256e-04
  -1.3698004e-02  -2.1158746e-01   9.9468092e-03  -5.7718836e-03  -1.1076447e-03  -1.0857155e-03
  -2.4663863e-02  -2.4975751e-01   1.2548626e-02  -6.0931709e-03  -1.5475837e-03  -8.5975064e-04
  -2.4981248e-02  -2.2677261e-01   4.5621177e-02  -5.4772794e-03  -1.8410111e-03  -7.5231356e-04
  -2.7023383e-02  -2.2237863e-01   4.6379338e-02  -5.6341093e-03  -1.5643377e-03  -5.7404045e-04
  -3.1078925e-02  -2.1145119e-01   3.5064131e-02  -5.6245730e-03  -1.3411403e-03  -6.9753911e-04
  -2.2081414e-02  -2.1004115e-01   4.8701417e-02  -5.6505162e-03  -1.5719912e-03  -6.6772449e-04
  -2.8976142e-02  -2.0501538e-01   1.4879566e-02  -6.1620857e-03  -2.0348355e-03  -5.7738116e-04
  -1.8572711e-02  -2.3203626e-01   9.0364940e-03  -6.5539635e-03  -1.5462246e-03  -7.3543322e-04
  -5.0405457e-02  -2.1324724e-01   1.7431476e-02  -6.0603452e-03  -1.3272707e-03   6.3319880e-05
  -4.3894038e-02  -2.2739721e-01   3.1558940e-02  -6.1982089e-03  -1.2149649e-03  -1.1501077e-04
  -4.5724428e-02  -2.8995249e-01   2.8385102e-02  -6.6297595e-03  -9.5302466e-04  -2.8592246e-04
  -5.9687035e-02  -2.4930061e-01   4.2435982e-02  -5.4162059e-03  -1.5252047e-03  -5.8594251e-04
  -4.7561740e-02  -2.5628223e-01   1.1501433e-02  -5.8707657e-03  -1.1972706e-03  -4.6393601e-04
  -5.3482423e-02  -2.4604740e-01   1.4173504e-02  -6.6066512e-03  -1.8097770e-03  -7.1794878e-04
  -4.2638479e-02  -2.5696281e-01   5.1744003e-02  -5.2603658e-03  -1.3859475e-03  -5.2451388e-04
  -4.3055771e-02  -2.3232549e-01   4.7801951e-02  -5.2455524e-03  -1.2750394e-03  -5.9760784e-04
  -3.5430975e-02  -2.4662431e-01   3.8170965e-02  -5.9429332e-03  -1.0128448e-03  -4.9870305e-04
  -3.6669580e-02  -2.3734269e-01   5.0135517e-02  -5.4538628e-03  -1.7205561e-03  -6.9200614e-04
  -5.8993039e-02  -2.4012887e-01   4.1748845e-02  -5.6935647e-03  -6.0856281e-04  -7.7288539e-04
  -4.5414906e-03  -2.7092375e-01   7.7678699e-02  -4.4885269e-03   2.2859386e-04  -1.1096154e-03
  -1.2057781e-02  -2.7601195e-01   3.0833023e-03  -5.3962504e-03  -3.5520803e-04  -1.7433445e-04
  -9.8567729e-03  -2.4385387e-01   2.9274893e-02  -4.5354631e-03  -1.3178949e-03  -8.4610238e-04
  -6.8858832e-03  -2.5001808e-01  -1.1428517e-03  -5.1186540e-03  -1.0999254e-03  -2.9608031e-04
  -1.6047603e-02  -2.3998532e-01   3.8006073e-02  -3.6132222e-03  -1.7255162e-03  -8.0114357e-04
  -6.7749604e-03  -2.3915655e-01   4.8983091e-02  -4.3710550e-03  -1.1307109e-03  -1.1004575e-03
  -1.3280074e-02  -2.2589247e-01   7.9357089e-02  -4.0691207e-03  -1.4839281e-03  -8.8779914e-04
   1.4840041e-02  -2.2492783e-01   7.5990929e-02  -4.7472866e-03  -1.4156928e-03  -1.3044216e-03
  -2.2821847e-02  -2.6326631e-01   1.0841598e-01  -5.4508970e-03  -9.6630817e-04  -1.1404748e-03
  -5.5334297e-02  -3.0667300e-01   1.0288990e-01  -7.3739008e-03  -2.5777653e-03  -1.4289375e-03
  -3.8168780e-02  -3.5962491e-01   1.0562394e-01  -9.2755313e-03   4.3984649e-04   5.6235354e-06
  -1.1699303e-01  -3.9452707e-01  -4.2164141e-01  -2.3015015e-02  -1.9585769e-03  -1.1521516e-03
   7.2463461e-02  -3.9441815e-01  -1.1224788e-01  -1.9129448e-03  -1.0849009e-02  -3.8200634e-03
   8.5774129e-03  -3.1828775e-01   1.7397597e-01  -1.0144603e-02  -2.9788779e-03  -2.6663018e-03
  -5.8194681e-03  -2.8429386e-01   3.2879150e-01  -1.1371956e-02  -1.5290133e-03  -1.4982961e-03
   1.5157583e-02  -2.7551803e-01   3.4557219e-01  -1.2259552e-02  -1.2050322e-03  -8.9508654e-04
   7.1265883e-04  -2.6057157e-01   3.2981170e-01  -1.1913677e-02  -1.5936864e-03  -1.1099816e-03
   3.6145004e-03  -2.5585357e-01   3.5023654e-01  -1.1737383e-02  -1.7032637e-03  -1.0341199e-03
   1.6287525e-02  -2.5216310e-01   3.1059340e-01  -1.2551754e-02  -1.8358381e-03  -1.3296611e-03
  -7.0718072e-03  -2.4187318e-01   3.4698806e-01  -1.2044214e-02  -2.0596644e-03  -8.8178589e-04
  -9.5597562e-03  -2.4125502e-01   3.6028173e-01  -1.2056585e-02  -2.3034739e-03  -1.4527449e-03
  -1.4591488e-02  -2.4435205e-01   3.1436298e-01  -1.3439760e-02  -2.5858876e-03  -9.1202184e-04
  -1.7134722e-02  -2.5777351e-01   3.5437074e-01  -1.1967430e-02  -2.3703089e-03  -1.0259631e-03
  -1.0902223e-02  -2.5025780e-01   3.6788678e-01  -1.2927408e-02  -2.4140635e-03  -1.5133903e-03
  -1.3780266e-02  -2.3301037e-01   3.9890840e-01  -1.3209589e-02  -2.0520102e-03  -1.3958370e-03
  -3.8687215e-02  -1.8473360e-01   3.5456392e-01  -1.1472507e-02  -1.8980944e-03  -1.0847528e-03
  -1.1879276e-02  -2.5811462e-01   3.4020482e-01  -1.2509620e-02  -8.2318432e-05  -8.4538502e-04
   5.1070504e-02  -3.0466248e-01   3.3456354e-01  -1.4156285e-02   3.4973560e-04  -4.8946698e-04
   2.0354025e-02  -3.1845132e-01   3.5814337e-01  -1.4625306e-02  -2.9133433e-03  -1.1135942e-03
   1.6748201e-02  -2.9938936e-01   4.0341984e-01  -1.3158573e-02  -3.5047306e-03  -8.6022756e-04
   2.5612354e-02  -2.8587269e-01   3.8695944e-01  -1.3362310e-02  -2.3768568e-03  -1.3772789e-03
   1.3878241e-02  -2.6500485e-01   3.8772740e-01  -1.3422935e-02  -2.8736586e-03  -1.1810333e-03
   2.8406304e-03  -2.7236228e-01   3.8869330e-01  -1.2753563e-02  -3.5753362e-03  -1.3627390e-03
   7.4542537e-04  -2.8082978e-01   3.9826862e-01  -1.2053717e-02  -2.8572254e-03  -9.6993461e-04
   1.0758520e-03  -2.8165874e-01   3.7464196e-01  -1.2621506e-02  -3.3438789e-03  -8.3205886e-04
  -2.6223676e-02  -2.7351726e-01   3.9440807e-01  -1.2090250e-02  -3.1200143e-03  -7.0524230e-04
  -4.0544823e-03  -2.3300363e-01   4.0859616e-01  -1.2216426e-02  -3.1660621e-03  -9.2468635e-04
  -3.0451655e-03  -2.8828406e-01   3.9258166e-01  -1.2287937e-02  -3.0061872e-03  -9.4431009e-04
  -1.2771855e-02  -2.6882162e-01   3.8194444e-01  -1.3027861e-02  -3.0002740e-03  -8.9941230e-04
  -2.5229127e-02  -2.4684329e-01   4.0207641e-01  -1.2517991e-02  -3.6225175e-03  -8.4189047e-04
  -1.3322049e-03  -2.6533781e-01   4.3784679e-01  -1.1844286e-02  -2.4721928e-03  -1.0986356e-03
  -4.4429468e-03  -2.8111921e-01   4.2003866e-01  -1.2522924e-02  -2.8168516e-03  -1.0350853e-03
   2.5612794e-03  -2.7405000e-01   4.1935522e-01  -1.1978412e-02  -2.5637341e-03  -8.9735962e-04
  -2.2595391e-02  -2.5893754e-01   4.0499412e-01  -1.2439580e-02  -3.4108251e-03  -4.3999093e-04
  -1.5351377e-02  -2.7877104e-01   4.1762067e-01  -1.2635299e-02  -3.0880215e-03  -5.9428327e-04
  -8.6732502e-03  -2.4990919e-01   4.2788667e-01  -1.1767811e-02  -2.8246046e-03  -8.5484516e-04
  -1.6867370e-02  -2.7069382e-01   4.2158512e-01  -1.2418760e-02  -3.2555684e-03  -9.0364067e-04
  -5.5959076e-03  -2.7210116e-01   3.3953146e-01  -1.2783366e-02  -1.9812473e-03  -4.6178386e-04
   6.0096057e-03  -3.0076512e-01   3.9773440e-01  -1.1008420e-02  -5.4569106e-04   1.4949533e-04
  -9.9944232e-03  -2.9707726e-01   4.1112442e-01  -1.2153111e-02  -8.8958305e-04  -2.1261192e-04
  -3.4318036e-03  -2.8510313e-01   4.1355762e-01  -1.1451040e-02  -1.5374567e-03  -9.8346688e-04
  -1.0195972e-02  -2.5073154e-01   4.0698076e-01  -1.1225673e-02  -1.5540052e-03  -7.6090845e-04
  -1.7651271e-02  -2.3930916e-01   4.4783625e-01  -1.0895994e-02  -1.7026846e-03  -7.6771752e-04
   1.4083504e-02  -2.3645589e-01   4.2434102e-01  -1.1180740e-02  -2.0981665e-03  -1.2983524e-03
   1.9936993e-03  -1.8873404e-01   3.9633735e-01  -1.2280285e-02  -2.0680615e-03  -1.3352401e-03
  -1.2488440e-02  -2.4223731e-01   4.5599204e-01  -1.1093982e-02  -1.8138168e-03  -5.3369939e-04
  -4.6978278e-03  -2.2940933e-01   4.6290229e-01  -1.0635003e-02  -1.9016627e-03  -5.2296363e-04
  -1.6895614e-02  -2.3383783e-01   4.4848209e-01  -1.0871232e-02  -2.0946796e-03  -6.5661037e-04
  -1.7879004e-02  -2.5523842e-01   4.5785793e-01  -1.0904317e-02  -1.9560739e-03  -7.7027221e-04
  -5.2755511e-03  -2.6343111e-01   4.8559786e-01  -1.0561017e-02  -1.9708394e-03  -6.4336751e-04
  -7.9282480e-03  -2.3223234e-01   4.7116914e-01  -1.0962069e-02  -1.4309313e-03  -6.8688295e-04
   7.4769462e-04  -2.4446747e-01   5.0504648e-01  -9.9420901e-03  -2.2851664e-03  -7.0856314e-04
  -2.5465182e-03  -2.4415944e-01   4.7530491e-01  -1.1075959e-02  -3.1093341e-03  -1.1587463e-03
  -3.9826380e-03  -2.4123600e-01   4.9301473e-01  -1.0992972e-02  -2.4814132e-03  -1.0966746e-03
  -3.6377366e-02  -2.6629829e-01   5.0735391e-01  -1.0911047e-02  -2.3636727e-03  -3.9704121e-04
  -9.0925350e-03  -2.3410832e-01   5.2497034e-01  -1.0595217e-02  -2.5589040e-03  -9.1608671e-04
   2.6779473e-03  -2.3396628e-01   5.1380413e-01  -1.1408125e-02  -2.6973155e-03  -8.2806011e-04
  -1.8619639e-02  -2.4196849e-01   5.2351193e-01  -1.0324035e-02  -3.1013399e-03  -5.1380147e-04
  -8.5056792e-03  -2.4794958e-01   5.2223364e-01  -1.0834636e-02  -2.6627291e-03  -7.9120211e-04
  -1.6067211e-03  -2.3342443e-01   5.2203147e-01  -1.0925447e-02  -2.6766144e-03  -8.4462855e-04
   6.7539514e-03  -2.3337771e-01   5.3479829e-01  -1.0539330e-02  -2.5524646e-03  -9.1704178e-04
  -1.2973084e-02  -2.1442047e-01   5.3785629e-01  -1.1156171e-02  -2.6619624e-03  -4.4919356e-04
  -2.1410779e-02  -2.1774268e-01   5.5709812e-01  -9.9912379e-03  -2.4514281e-03  -2.7311314e-04
  -1.4791959e-03  -2.2507598e-01   5.4970095e-01  -1.0543646e-02  -2.7566125e-03  -9.8771460e-04
  -1.0190085e-02  -2.1535380e-01   5.6019610e-01  -1.0743526e-02  -2.8421411e-03  -9.0506803e-04
   4.5543372e-03  -2.1892217e-01   5.9452213e-01  -1.0347859e-02  -2.4732702e-03  -6.3602934e-04
   4.5789146e-03  -2.1707006e-01   5.7181140e-01  -1.0293850e-02  -3.1747946e-03  -8.3811590e-04
   4.7582597e-03  -2.3374223e-01   5.8308964e-01  -1.0531135e-02  -2.3760634e-03  -5.7343021e-04
  -1.8649950e-02  -2.1050817e-01   5.9299122e-01  -1.0493415e-02  -2.0539933e-03  -7.7147189e-05
  -7.9158873e-03  -1.9911256e-01   5.8728841e-01  -1.0552542e-02  -2.5793294e-03  -5.3382350e-04
  -7.4306078e-03  -2.0801710e-01   6.3133658e-01  -9.5831391e-03  -2.3314629e-03  -3.7583796e-04
  -6.6100397e-03  -2.2406644e-01   6.0283148e-01  -1.0607392e-02  -2.5967312e-03  -1.4078036e-04
  -1.5658553e-02  -2.3291986e-01   6.1311261e-01  -1.0923847e-02  -2.6061060e-03  -3.6140581e-04
  -1.1592857e-02  -2.0506174e-01   6.1851405e-01  -1.0692849e-02  -2.4364106e-03  -5.7390034e-05
  -5.5862737e-03  -1.9040385e-01   6.0517667e-01  -1.0886573e-02  -2.6308673e-03  -5.8631985e-04
  -9.2554063e-03  -2.2338425e-01   6.1218725e-01  -1.0850628e-02  -2.2697526e-03  -2.9680663e-04
  -6.1179661e-03  -2.2756936e-01   6.3512399e-01  -1.0378503e-02  -2.6862876e-03  -3.4885214e-04
   1.1189304e-03  -2.1734800e-01   6.5945108e-01  -1.0499408e-02  -2.5420208e-03  -1.0559576e-03
  -2.3525782e-02  -2.1106360e-01   6.1958483e-01  -1.1116574e-02  -2.9864387e-03  -4.5058314e-05
   1.3107194e-02  -2.0063512e-01   6.4007188e-01  -1.1236683e-02  -2.8511583e-03  -6.0421373e-04
  -2.9315617e-03  -1.8731031e-01   6.4838728e-01  -1.1091014e-02  -2.3336010e-03  -4.3055647e-04
   9.5678810e-03  -2.0213505e-01   6.4513290e-01  -1.0900953e-02  -2.4789726e-03  -9.2723289e-04
   1.0074227e-02  -1.8058020e-01   6.6556930e-01  -1.0650895e-02  -3.4301226e-03  -7.8569820e-04
  -7.8486563e-03  -2.0562320e-01   6.4742509e-01  -1.0851170e-02  -3.3516289e-03  -3.1896898e-04
   1.1541918e-03  -1.9850575e-01   6.6667614e-01  -1.0496269e-02  -2.8531573e-03  -7.9991009e-04
  -8.0234233e-03  -2.1538802e-01   7.1634784e-01  -9.3711703e-03  -1.9956420e-03  -3.1904659e-04
  -1.0186011e-02  -2.0256818e-01   6.7231048e-01  -1.1529735e-02  -2.7239921e-03  -1.2441039e-04
  -5.3261259e-03  -2.1694250e-01   7.0695603e-01  -1.0398633e-02  -2.5064926e-03  -7.8555412e-04
  -8.3931744e-03  -2.0158603e-01   7.0496762e-01  -1.0857858e-02  -2.4625577e-03  -3.8112212e-04
   1.1830852e-02  -1.9942650e-01   7.1907108e-01  -1.0538392e-02  -2.6225118e-03  -7.9889775e-04
   1.0318338e-02  -2.0044233e-01   7.1724201e-01  -1.1294151e-02  -2.6598453e-03  -9.4928951e-04
  -9.9343250e-03  -1.9110417e-01   6.9567392e-01  -1.1750242e-02  -3.7252155e-03  -4.1473718e-04
  -2.0142073e-03  -1.9376677e-01   7.2160603e-01  -1.0996058e-02  -2.5372864e-03  -2.8686728e-04
  -1.0346182e-02  -1.7721615e-01   7.0970036e-01  -1.0700255e-02  -2.6039436e-03  -1.7084193e-04
   1.2783700e-02  -2.0852616e-01   7.2771882e-01  -1.0765896e-02  -2.5454071e-03  -4.5614954e-04
  -7.9419951e-03  -1.9385167e-01   7.2501605e-01  -1.1342409e-02  -2.7251068e-03  -5.7411143e-04
  -1.2676540e-02  -1.9059373e-01   7.4090995e-01  -1.1129655e-02  -2.4055404e-03  -2.3182614e-04
   9.1467218e-03  -1.8826363e-01   7.4429504e-01  -1.0865287e-02  -2.4192067e-03  -5.8638459e-04
   1.5585807e-03  -1.7349213e-01   7.5663944e-01  -1.0855877e-02  -2.9616353e-03  -5.2204491e-04
   1.1316662e-02  -1.8905216e-01   7.8450646e-01  -1.0252158e-02  -3.1622778e-03  -6.3446101e-04
   5.6933123e-03  -1.6968183e-01   7.8601312e-01  -1.0212413e-02  -3.6533329e-03  -1.0846114e-03
   1.6677359e-02  -1.8177713e-01   7.7601225e-01  -1.0961748e-02  -2.3964157e-03  -3.7664183e-04
   2.8032339e-02  -2.0616671e-01   7.9684139e-01  -1.1151997e-02  -2.8239725e-03  -1.0044835e-03
   1.2367253e-02  -1.9686027e-01   8.1215281e-01  -1.0914726e-02  -3.1227727e-03  -3.0806763e-04
  -2.4686858e-02  -1.7954762e-01   8.1380504e-01  -1.0607365e-02  -3.1959987e-03  -9.5795332e-05
  -4.3310899e-03  -1.8888062e-01   8.1084758e-01  -1.0922811e-02  -2.7892413e-03  -5.6068761e-04
   5.9259857e-03  -1.8884818e-01   8.1447372e-01  -1.0694310e-02  -3.0190680e-03  -5.4513424e-04
   8.3766647e-03  -1.7214052e-01   8.0854148e-01  -1.0730230e-02  -2.2549737e-03  -7.0018909e-05
  -2.0740384e-02  -1.9391192e-01   8.1763286e-01  -1.0861382e-02  -2.4797823e-03  -6.1759394e-05
  -1.0064981e-02  -1.8862146e-01   8.4381871e-01  -1.0378006e-02  -2.1758238e-03  -4.7354093e-04
   3.2231779e-03  -1.9033057e-01   8.5574969e-01  -1.0308424e-02  -2.6980435e-03  -9.0902056e-04
   9.3451116e-03  -1.5372146e-01   8.2734940e-01  -1.0924695e-02  -2.6730116e-03  -5.8027252e-04
   1.9008429e-03  -1.7880032e-01   8.4216441e-01  -1.1252582e-02  -3.0353231e-03  -8.2401964e-04
   1.0864814e-02  -1.5146341e-01   8.4233125e-01  -1.1001857e-02  -2.4280911e-03  -6.0991197e-04
   3.7330988e-03  -1.7015817e-01   8.4318825e-01  -1.1096257e-02  -3.0183027e-03  -6.2197481e-04
  -4.1021401e-03  -1.8332019e-01   8.7481517e-01  -1.0346082e-02  -2.7646848e-03  -2.8669196e-04
   6.8552424e-03  -1.5898012e-01   8.8396843e-01  -1.0261631e-02  -2.6439162e-03  -9.5243785e-04
   5.7768081e-03  -1.6220858e-01   8.8855700e-01  -1.0183467e-02  -3.0612267e-03  -4.0194373e-04
   1.3669612e-03  -1.4413400e-01   9.2916257e-01  -9.9352326e-03  -2.5542233e-03  -4.2697554e-04
  -6.0888408e-04  -1.8980862e-01   8.5649513e-01  -1.0391586e-02  -2.0280933e-03  -4.0876952e-04
   4.4826505e-03  -1.7837716e-01   8.9087311e-01  -9.8006390e-03  -2.1367717e-03  -7.9448935e-04
  -5.2680645e-02  -1.8318763e-01   6.5056109e-01  -1.1626486e-02  -1.3118712e-03  -8.1788048e-05
  -2.1463870e-02  -2.4507036e-01   1.7900627e-01  -1.5204390e-02  -3.9391881e-03  -7.8152517e-04
   5.9130650e-02  -2.3710916e-01   6.4597168e-01   5.4191544e-04  -9.3917572e-03  -4.1305151e-03
  -2.9992026e-02  -2.6826276e-01   8.3541965e-01  -1.5349112e-02  -1.1434338e-02  -1.4725955e-03
   5.8088524e-03  -2.8691346e-01   9.3948506e-01  -1.3405221e-02  -9.5516842e-03  -3.3403097e-03
  -9.3879906e-03  -2.2749761e-01   1.0190352e+00  -1.3507086e-02  -1.1158829e-02  -2.0669029e-03
  -2.0016901e-02  -1.8014046e-01   1.0005298e+00  -1.3798412e-02  -1.0721214e-02  -1.3811620e-03
   4.2354971e-03  -1.8498726e-01   1.0700263e+00  -1.2468522e-02  -1.0197837e-02  -2.0899519e-03
  -3.2514784e-02  -1.8182632e-01   1.0440777e+00  -1.3401804e-02  -9.1180915e-03  -1.0711914e-03
   2.2824559e-03  -1.8488492e-01   1.0460857e+00  -1.2575166e-02  -1.0067717e-02  -1.8100918e-03
  -2.5223938e-02  -1.9308225e-01   1.0407011e+00  -1.2668860e-02  -9.3125496e-03  -9.2970763e-04
  -3.4315921e-02  -1.6426309e-01   1.0656588e+00  -1.2665181e-02  -1.0128499e-02  -1.3519166e-03
  -8.9652945e-03  -1.5464197e-01   1.0863414e+00  -1.1759835e-02  -9.9152223e-03  -1.7751737e-03
  -1.3709124e-02  -1.8299596e-01   1.0810310e+00  -1.2552650e-02  -9.4303395e-03  -1.6276145e-03
  -1.2581104e-02  -1.7019627e-01   1.0740226e+00  -1.2544382e-02  -9.8967454e-03  -1.7938148e-03
  -2.5694854e-02  -1.8893828e-01   1.0453783e+00  -1.3739336e-02  -9.1861155e-03  -1.1463178e-03
  -4.4766114e-02  -1.8478673e-01   1.1034472e+00  -1.2311375e-02  -9.4815502e-03  -5.6143698e-04
  -1.8972342e-03  -1.8075945e-01   1.1045349e+00  -1.1913832e-02  -9.6765634e-03  -1.5732248e-03
  -8.9377507e-03  -1.7819699e-01   1.0884632e+00  -1.2851686e-02  -9.1186489e-03  -1.0528132e-03
  -2.5879401e-02  -1.7890076e-01   1.1044556e+00  -1.3019047e-02  -9.6805126e-03  -1.2226952e-03
  -1.1019948e-02  -1.6926631e-01   1.1108600e+00  -1.2706817e-02  -1.0011829e-02  -1.3416119e-03
  -1.8599624e-02  -1.5491233e-01   1.0803452e+00  -1.3122046e-02  -9.4905333e-03  -9.1379734e-04
  -2.8695938e-03  -1.9385887e-01   1.1071754e+00  -1.2979450e-02  -9.5699317e-03  -1.0871233e-03
  -3.7572664e-03  -1.7319227e-01   1.1229195e+00  -1.2459460e-02  -9.5812725e-03  -1.2586370e-03
  -7.8651698e-03  -1.8165250e-01   1.1395415e+00  -1.2288587e-02  -9.7184758e-03  -1.4252197e-03
  -8.5475773e-03  -1.5045797e-01   1.1318158e+00  -1.2006184e-02  -8.9582633e-03  -1.0199101e-03
   2.0547317e-03  -1.5998461e-01   1.1343518e+00  -1.2595721e-02  -9.2264122e-03  -1.6525520e-03
   7.8764521e-03  -1.5405287e-01   1.1608321e+00  -1.2204065e-02  -9.2821461e-03  -1.2149675e-03
   1.2393365e-02  -1.6104129e-01   1.1558650e+00  -1.1920856e-02  -9.1327867e-03  -1.6607667e-03
  -7.4599839e-05  -1.5662642e-01   1.1432015e+00  -1.2332044e-02  -9.0655315e-03  -1.0275309e-03
   2.6103644e-03  -1.6764521e-01   1.1643400e+00  -1.2776135e-02  -9.2270032e-03  -6.9936410e-04
  -9.9714074e-04  -1.6284589e-01   1.1478969e+00  -1.3248773e-02  -9.2448591e-03  -9.0777533e-04
  -5.5089193e-03  -1.6505593e-01   1.1690236e+00  -1.2914051e-02  -9.2532203e-03  -1.1875533e-03
  -3.3091899e-02  -1.6661506e-01   1.1648520e+00  -1.2769891e-02  -9.6164739e-03  -6.3871183e-04
  -5.0285244e-03  -1.4653203e-01   1.1759080e+00  -1.2670916e-02  -9.2460436e-03  -1.0353547e-03
  -7.4602618e-03  -1.6284711e-01   1.2068887e+00  -1.2036481e-02  -9.2821173e-03  -1.5400402e-03
   1.3109130e-03  -1.7954589e-01   1.1892757e+00  -1.2972420e-02  -9.0536090e-03  -9.3034916e-04
  -1.2281351e-03  -1.4887063e-01   1.2121409e+00  -1.2358172e-02  -8.7653402e-03  -1.2280103e-03
   1.1220674e-02  -1.5210955e-01   1.2270522e+00  -1.2094266e-02  -9.8156151e-03  -1.5203894e-03
  -5.9532409e-03  -1.6116694e-01   1.2342161e+00  -1.2576248e-02  -8.5560096e-03  -8.8313882e-04
  -1.1249418e-02  -2.5100242e-01   1.2036796e+00  -1.3506525e-02  -9.8271360e-03  -7.6766089e-04
   1.4907479e-02  -1.6721601e-01   1.2420056e+00  -1.2102467e-02  -9.0426466e-03  -1.5040640e-03
   1.5006066e-02  -1.3573621e-01   1.2551753e+00  -1.2730969e-02  -9.1339452e-03  -1.3506134e-03
   4.1949263e-03  -1.3336248e-01   1.2360721e+00  -1.2856773e-02  -9.3555578e-03  -7.4772783e-04
   1.5676358e-02  -1.5201898e-01   1.2446213e+00  -1.3038970e-02  -9.7899402e-03  -1.3416546e-03
   1.5331340e-02  -1.6119805e-01   1.2339260e+00  -1.3771875e-02  -9.7935787e-03  -1.6019020e-03
   5.5067247e-03  -1.5791050e-01   1.2494074e+00  -1.3258713e-02  -9.3989830e-03  -1.1725209e-03
   2.6699194e-03  -1.3161902e-01   1.2816258e+00  -1.2453497e-02  -9.4684297e-03  -1.5165414e-03
   6.7895800e-03  -1.2109790e-01   1.2683842e+00  -1.2803961e-02  -9.3661325e-03  -1.2889327e-03
   2.1501426e-02  -1.2359611e-01   1.3007713e+00  -1.2248853e-02  -9.4982401e-03  -1.4278594e-03
   6.3196275e-03  -1.4817605e-01   1.3004456e+00  -1.2571663e-02  -9.3409743e-03  -1.3913577e-03
   3.5971047e-03  -1.6438620e-01   1.2909473e+00  -1.3116062e-02  -9.6328489e-03  -1.4824822e-03
   5.4282225e-03  -1.3041418e-01   1.3063028e+00  -1.2307648e-02  -9.4247018e-03  -1.0616284e-03
   1.9445319e-02  -1.3489819e-01   1.3118172e+00  -1.2795746e-02  -9.0688655e-03  -1.1575250e-03
  -4.1752776e-03  -1.3774749e-01   1.3303885e+00  -1.2268092e-02  -9.1871039e-03  -5.8303001e-04
   1.1634756e-02  -1.4120591e-01   1.3248328e+00  -1.3315762e-02  -9.7982689e-03  -1.2697459e-03
  -4.6554398e-03  -1.5325695e-01   1.3576317e+00  -1.2068273e-02  -9.5743232e-03  -1.1056504e-03
   6.2366006e-03  -1.2604531e-01   1.3470766e+00  -1.2228891e-02  -9.2478245e-03  -7.1961258e-04
  -3.8474875e-03  -1.3252784e-01   1.3586340e+00  -1.2510724e-02  -9.6869065e-03  -7.8207589e-04
   1.3471398e-02  -1.2246048e-01   1.3464291e+00  -1.3070108e-02  -9.2542529e-03  -9.7117952e-04
   1.2604759e-02  -1.1469636e-01   1.3574088e+00  -1.2707726e-02  -9.5864208e-03  -1.5195532e-03
   1.3666000e-02  -1.3433687e-01   1.3376155e+00  -1.3570456e-02  -9.1895951e-03  -1.2251519e-03
   9.6167271e-03  -1.4342225e-01   1.3648401e+00  -1.2841828e-02  -9.1645815e-03  -6.0213021e-04
   8.5976568e-03  -1.2559559e-01   1.3761019e+00  -1.2839853e-02  -9.6599908e-03  -1.0871131e-03
   1.7225762e-02  -1.4074053e-01   1.3963075e+00  -1.2221395e-02  -9.3977064e-03  -1.4759182e-03
   1.8041785e-02  -1.2280165e-01   1.4094824e+00  -1.2221797e-02  -9.3510215e-03  -1.4646349e-03
  -6.5716940e-03  -1.1792278e-01   1.3899409e+00  -1.2782260e-02  -9.2453082e-03  -5.5141007e-04
   2.2776665e-02  -1.3129324e-01   1.4031643e+00  -1.3251859e-02  -8.6780910e-03  -1.2110285e-03
   1.1110196e-02  -1.2987708e-01   1.4396284e+00  -1.2633131e-02  -9.5281237e-03  -1.0981360e-03
   3.1785030e-02  -1.2545081e-01   1.4462989e+00  -1.2529585e-02  -9.4217848e-03  -9.9478079e-04
   3.3410613e-02  -1.1113750e-01   1.4427954e+00  -1.2990253e-02  -9.0014938e-03  -1.4176428e-03
   2.2384827e-02  -1.1875947e-01   1.4603671e+00  -1.2496745e-02  -9.2038472e-03  -1.2048819e-03
   1.7996566e-02  -1.1433545e-01   1.4442397e+00  -1.3033613e-02  -9.6115229e-03  -9.2264250e-04
   2.5271413e-02  -1.0184763e-01   1.4559499e+00  -1.2445932e-02  -9.4155546e-03  -1.0562711e-03
   1.4374825e-02  -1.0260722e-01   1.4402531e+00  -1.3041278e-02  -9.5892184e-03  -1.1250052e-03
   3.3320373e-02  -1.0836915e-01   1.4778901e+00  -1.2390493e-02  -9.6088092e-03  -1.6972612e-03
   8.0011717e-03  -1.2085448e-01   1.4624196e+00  -1.3270769e-02  -9.1127016e-03  -8.5491988e-04
   1.7745754e-02  -1.0221495e-01   1.4822501e+00  -1.2930565e-02  -9.7866239e-03  -1.5481288e-03
   6.3804245e-03  -1.1323905e-01   1.5115429e+00  -1.2442505e-02  -9.3784626e-03  -8.6071762e-04
   8.1493625e-03  -1.0316728e-01   1.4979799e+00  -1.3268704e-02  -9.6816715e-03  -9.3563925e-04
   2.1187989e-02  -1.1961952e-01   1.5118384e+00  -1.2779812e-02  -9.4410452e-03  -1.1134222e-03
   2.0466598e-02  -1.2551735e-01   1.5094545e+00  -1.2863468e-02  -9.6559546e-03  -1.2115184e-03
   1.8229191e-02  -9.2656813e-02   1.5390918e+00  -1.2522223e-02  -9.2449838e-03  -1.1165190e-03
   3.3276488e-02  -1.0812961e-01   1.5491302e+00  -1.2321317e-02  -1.0117313e-02  -1.4141148e-03
   2.4847599e-02  -8.7488011e-02   1.5618079e+00  -1.2188193e-02  -9.4982670e-03  -1.1023946e-03
   2.1491049e-02  -1.1950943e-01   1.5561947e+00  -1.2632542e-02  -1.0153152e-02  -1.4445277e-03
   1.4177686e-02  -1.2063133e-01   1.5437102e+00  -1.3249409e-02  -9.4101463e-03  -8.3887198e-04
   2.9768091e-02  -1.2301731e-01   1.5453538e+00  -1.3625597e-02  -1.0026976e-02  -1.4411975e-03
   2.1426557e-02  -1.1331103e-01   1.5697356e+00  -1.2487274e-02  -9.5839188e-03  -7.6910414e-04
   4.1100829e-02  -1.0466492e-01   1.5786648e+00  -1.2841543e-02  -9.4606921e-03  -1.6333636e-03
   2.0517617e-02  -1.1147527e-01   1.5744486e+00  -1.3000936e-02  -9.3700708e-03  -1.0106727e-03
   4.1804563e-02  -8.9319904e-02   1.5868599e+00  -1.2408021e-02  -9.5528658e-03  -1.3551499e-03
   2.6971051e-02  -7.4433204e-02   1.5963442e+00  -1.2943248e-02  -9.8852521e-03  -1.1270274e-03
   2.5945458e-02  -1.0352564e-01   1.6147890e+00  -1.2573083e-02  -9.8813022e-03  -1.4670170e-03
   1.2057398e-02  -9.3380256e-02   1.6360951e+00  -1.2613912e-02  -9.1616329e-03  -1.0680921e-03
   2.8489179e-02  -7.6158310e-02   1.6437925e+00  -1.2812426e-02  -9.7086802e-03  -1.4233198e-03
   2.4076533e-02  -9.7512892e-02   1.6271071e+00  -1.2880663e-02  -9.7394473e-03  -1.1699923e-03
   2.4384731e-02  -9.7068336e-02   1.6248374e+00  -1.3537342e-02  -9.6203756e-03  -1.1051887e-03
   2.9165278e-02  -8.5133543e-02   1.6542768e+00  -1.2426657e-02  -1.0045173e-02  -1.2186265e-03
   2.3923323e-02  -6.6027024e-02   1.6325270e+00  -1.2658579e-02  -9.2769175e-03  -1.2859513e-03
   3.9511475e-02  -7.1967545e-02   1.6209441e+00  -1.3548761e-02  -9.7480318e-03  -1.7924845e-03
   1.9411443e-02  -1.0126295e-01   1.6514027e+00  -1.4022656e-02  -9.3921925e-03  -6.6599223e-04
  -2.5564006e-02  -9.9621923e-02   1.6703465e+00  -1.1858759e-02  -9.1402692e-03  -1.9058261e-03
   5.6971604e-02  -8.9618428e-02   1.5989750e+00  -1.1045639e-02  -5.8755519e-03  -5.1543569e-04
   2.5411664e-02  -8.0083757e-02   1.6075653e+00  -1.0681278e-02  -7.3533698e-03  -2.9349823e-04
   3.2936184e-02  -5.2825851e-02   1.5799425e+00  -1.0654208e-02  -6.9107297e-03  -1.0080848e-03
   1.0638181e-02  -6.1838162e-02   1.5248962e+00  -1.1419002e-02  -7.7681770e-03  -8.6846932e-04
   2.7525133e-02  -5.4212887e-02   1.6142310e+00  -9.5041056e-03  -7.7965994e-03  -1.4221131e-03
   4.1253302e-02  -3.9016263e-02   1.6746816e+00  -1.0236614e-02  -7.3390480e-03  -1.4879999e-03
   2.0514144e-02  -3.9904084e-02   1.7098933e+00  -1.0188730e-02  -7.7134820e-03  -1.8083738e-03
   2.1563994e-02  -1.6282811e-02   1.6925665e+00  -1.1196999e-02  -7.7505362e-03  -1.3430830e-03
   3.7605975e-02  -3.1643695e-02   1.6799993e+00  -1.1746705e-02  -7.8065593e-03  -2.0041314e-03
   3.4547260e-02  -7.6593614e-02   1.6965114e+00  -1.2018408e-02  -8.2576852e-03  -1.6495290e-03
   3.8573111e-02  -4.1860889e-02   1.7289240e+00  -1.1683911e-02  -7.7771503e-03  -1.7623343e-03
   3.6774397e-02  -5.0146136e-02   1.7397090e+00  -1.1363747e-02  -8.4963200e-03  -1.7280035e-03
   3.3451737e-02  -7.0644497e-02   1.7498923e+00  -1.0613109e-02  -8.0640317e-03  -1.4769454e-03
   2.1559658e-02  -1.0547648e-01   1.7622488e+00  -1.0839727e-02  -8.6264259e-03  -1.8344329e-03
   2.8231887e-02  -4.1580938e-02   1.7273804e+00  -1.2208290e-02  -9.0756902e-03  -2.0799717e-03
   3.8645743e-03  -7.5022010e-02   1.7539403e+00  -1.2293480e-02  -9.1319625e-03  -1.3584481e-03
   1.1304163e-02  -3.2977349e-02   1.7962451e+00  -1.1799196e-02  -8.6866258e-03  -1.4309731e-03
   2.1801838e-02  -5.8369108e-02   1.7900335e+00  -1.1829707e-02  -8.9747484e-03  -1.3820353e-03
   3.9945259e-02  -6.0004356e-02   1.7859483e+00  -1.2102042e-02  -8.0469952e-03  -2.0174358e-03
   2.3000059e-02  -2.8862490e-02   1.7636942e+00  -1.2562436e-02  -8.3816630e-03  -1.7108558e-03
  -3.7137801e-02  -2.8862007e-02   1.7289829e+00  -1.2976911e-02  -8.5975683e-03  -2.4280102e-04
   6.0532835e-03  -5.9738067e-02   1.7999748e+00  -1.1640807e-02  -7.9222626e-03  -1.5377758e-03
   1.1072837e-02  -5.1819234e-02   1.8300368e+00  -1.1356768e-02  -7.9647821e-03  -1.3259393e-03
   1.1730077e-02  -6.6701789e-02   1.8084129e+00  -1.2094536e-02  -7.9876569e-03  -1.2052378e-03
  -2.4031932e-02  -1.8274656e-01   1.7579760e+00  -1.4479711e-02  -7.8811870e-03   3.4875015e-04
   5.6703161e-03  -2.7184067e-02   1.8076408e+00  -1.2489016e-02  -8.2461632e-03  -1.6337756e-03
   2.7087440e-02  -1.4388714e-02   1.8318728e+00  -1.2285685e-02  -8.3056712e-03  -1.6577177e-03
   7.7752552e-03  -1.8899302e-02   1.8455376e+00  -1.2400225e-02  -8.3162404e-03  -1.0165047e-03
   3.5757663e-02  -4.5652122e-02   1.8509283e+00  -1.3205391e-02  -7.8847596e-03  -1.6593586e-03
   3.7604909e-02  -5.0885040e-02   1.8699799e+00  -1.2274242e-02  -7.9444072e-03  -1.4760151e-03
   4.9986598e-03  -3.5990521e-02   1.8998842e+00  -1.2130669e-02  -8.5326975e-03  -1.2286629e-03
   4.5025438e-02  -4.1746506e-02   1.9223974e+00  -1.2392989e-02  -7.9536387e-03  -1.6889703e-03
   2.9523388e-02  -1.6742153e-02   1.9139847e+00  -1.2442234e-02  -8.3034107e-03  -1.7667523e-03
   2.4298002e-02  -2.2871417e-02   1.9291323e+00  -1.1927260e-02  -8.0706430e-03  -1.5034862e-03
   3.1877602e-02  -5.4476709e-02   1.9176822e+00  -1.2090744e-02  -8.3671237e-03  -1.3838309e-03
   1.4682650e-02  -5.8106619e-02   1.9316854e+00  -1.2050860e-02  -8.6461247e-03  -1.3469026e-03
   2.8093687e-02  -5.2810223e-02   1.9167472e+00  -1.3172319e-02  -8.3630418e-03  -1.5410800e-03
   3.3988369e-02  -3.1853857e-02   1.9416764e+00  -1.2740748e-02  -8.1264612e-03  -1.3686507e-03
   2.5297246e-02  -3.2709189e-02   1.9530838e+00  -1.2464395e-02  -8.0987922e-03  -1.5761811e-03
   1.6409485e-02  -2.1385409e-02   1.9667151e+00  -1.1983814e-02  -8.5668587e-03  -1.3056642e-03
   2.9592353e-02  -5.9594649e-02   1.9584263e+00  -1.2583967e-02  -7.2212058e-03  -1.7914710e-03
   7.0099780e-03  -6.3239803e-02   1.7848562e+00  -1.3708580e-02  -6.2565914e-03  -1.4578902e-03
  -1.2164888e-03  -2.0436757e-01   1.3017872e+00  -1.2597684e-02  -6.6026557e-03  -1.6511047e-03
   1.1851283e-01  -9.8445498e-02   1.7796929e+00  -7.9503300e-03  -7.8467722e-03  -3.7302708e-03
   4.7967893e-02  -1.4703679e-01   1.8790526e+00  -1.4278887e-02  -9.0498443e-03  -2.2677343e-03
   6.0699724e-02  -1.1455038e-01   1.9341533e+00  -1.3697207e-02  -8.2971707e-03  -1.8170960e-03
   7.0426098e-02  -7.0492452e-02   1.9309711e+00  -1.3432179e-02  -8.0121564e-03  -1.7805045e-03
   5.9895875e-02  -8.1740758e-02   1.9663386e+00  -1.2668944e-02  -8.3968599e-03  -1.7979471e-03
   5.5090613e-02  -1.7166467e-02   1.9854040e+00  -1.2313602e-02  -8.1356475e-03  -1.0609368e-03
   6.6316534e-02  -1.4926512e-02   1.9964623e+00  -1.2722116e-02  -8.3582201e-03  -1.2705631e-03
   7.0116314e-02  -2.3091107e-02   1.9821618e+00  -1.3094042e-02  -8.1456452e-03  -1.3895559e-03
   7.0245980e-02  -1.5763217e-02   2.0159170e+00  -1.2548718e-02  -8.1632644e-03  -1.6273204e-03
   5.1526199e-02  -9.4602718e-03   2.0289845e+00  -1.2220681e-02  -8.1327553e-03  -9.3842168e-04
   4.2884761e-02  -1.6022809e-02   2.0486565e+00  -1.2481230e-02  -8.5898977e-03  -1.0670546e-03
   6.5050928e-02  -9.1210824e-03   2.0493595e+00  -1.2749098e-02  -8.5034093e-03  -1.3710846e-03
   4.9378517e-02  -8.7328957e-03   2.0423898e+00  -1.2828961e-02  -8.9082773e-03  -1.1431669e-03
   7.3365134e-02  -3.6244444e-02   2.0623906e+00  -1.2092833e-02  -8.4848725e-03  -1.3311495e-03
   6.3194984e-02  -8.1285157e-03   2.0749599e+00  -1.2163081e-02  -9.0110857e-03  -1.2545650e-03
   5.7206807e-02  -2.5280666e-02   2.0820858e+00  -1.2554154e-02  -8.8094074e-03  -1.4547310e-03
   6.2364869e-02  -2.6426481e-02   2.0848913e+00  -1.2386094e-02  -8.1507224e-03  -8.4935604e-04
   5.4750032e-02  -1.4514480e-02   2.0883065e+00  -1.2874420e-02  -8.8705837e-03  -1.4244030e-03
   6.3133889e-02  -1.7695185e-02   2.1094701e+00  -1.2439822e-02  -8.0941106e-03  -1.2947849e-03
   4.6826905e-02  -1.1677112e-02   2.0858770e+00  -1.2894712e-02  -8.8590624e-03  -1.2232088e-03
   4.3110695e-02  -3.5570618e-02   2.1041234e+00  -1.2304160e-02  -9.2345511e-03  -1.1616960e-03
   3.4695201e-02  -2.7401118e-02   2.0832249e+00  -1.3852240e-02  -7.8777947e-03  -1.2539364e-03
   4.0026289e-02  -5.3831802e-02   2.1349575e+00  -1.5569031e-02  -6.9521296e-03  -2.3863088e-03
   1.4195502e-02  -6.1210525e-02   2.1336970e+00  -1.5276621e-02  -8.2242477e-03  -1.3184237e-03
   1.9178801e-02  -8.4059934e-02   2.1243010e+00  -1.5361130e-02  -8.5241837e-03  -1.6692602e-03
   2.8347576e-02  -6.1592402e-02   2.1798241e+00  -1.4917500e-02  -7.5954395e-03  -1.3465672e-03
   2.6750702e-02  -3.2837864e-02   2.2074227e+00  -1.4705949e-02  -8.3148084e-03  -1.3757935e-03
   3.1811730e-02  -3.6545579e-02   2.2225443e+00  -1.4028304e-02  -8.0084728e-03  -1.5910172e-03
   2.5073393e-02  -1.4552782e-02   2.2081897e+00  -1.4204267e-02  -7.8790206e-03  -1.5256700e-03
   4.1829243e-02  -4.2611888e-02   2.2230358e+00  -1.4163633e-02  -7.5842810e-03  -1.7419278e-03
   2.7627768e-02  -2.7388060e-02   2.2050445e+00  -1.4679342e-02  -7.9825734e-03  -1.1179357e-03
   5.3067117e-02  -5.3781622e-02   2.2103479e+00  -1.5021572e-02  -8.2340316e-03  -1.9243723e-03
   3.7793966e-02  -2.5888398e-02   2.2384768e+00  -1.3955884e-02  -7.5704125e-03  -1.4444012e-03
   2.3961492e-02  -3.1113338e-02   2.2359201e+00  -1.4276181e-02  -8.4237168e-03  -1.5362157e-03
   3.8891179e-02  -3.7024964e-02   2.2429189e+00  -1.5071210e-02  -8.5673659e-03  -1.7454466e-03
   2.5055644e-02  -2.5417301e-02   2.2138181e+00  -1.5118711e-02  -8.3695715e-03  -1.2280689e-03
   2.8487855e-02  -3.9916367e-02   2.2575689e+00  -1.3861853e-02  -8.5519557e-03  -1.3814423e-03
   1.9796346e-02  -2.7962499e-02   2.2700538e+00  -1.4367008e-02  -8.2881389e-03  -9.1055669e-04
   2.2916942e-02  -8.3817575e-03   2.2817965e+00  -1.3887159e-02  -8.2739257e-03  -1.0960283e-03
   2.9877611e-02  -1.8537951e-02   2.2655147e+00  -1.4435605e-02  -7.8917302e-03  -1.5708334e-03
   2.2201218e-02  -3.7185637e-02   2.3120103e+00  -1.3775714e-02  -8.0402811e-03  -8.6973935e-04
   2.6064087e-02  -2.7255473e-02   2.3163257e+00  -1.4107297e-02  -7.8769972e-03  -1.1192363e-03
   3.1279155e-02  -2.7853266e-02   2.3354671e+00  -1.3698767e-02  -8.3251162e-03  -1.2428257e-03
   2.6297417e-02  -2.2237639e-02   2.3229591e+00  -1.3677559e-02  -7.9293704e-03  -1.0877824e-03
   3.4461729e-02  -4.3394482e-02   2.3193837e+00  -1.4439947e-02  -7.7032800e-03  -8.3794961e-04
   1.7060414e-02  -1.0968584e-02   2.3485251e+00  -1.3908736e-02  -7.4860266e-03  -6.3562264e-04
   8.7315152e-03  -2.4053169e-02   2.3448160e+00  -1.3743785e-02  -7.7971315e-03  -6.4207384e-04
   3.1772861e-02  -1.6900697e-02   2.3517273e+00  -1.3901717e-02  -8.3051927e-03  -1.7115367e-03
   2.5643096e-02  -3.7388130e-02   2.3490624e+00  -1.3888511e-02  -8.5174798e-03  -1.0103966e-03
   3.2770677e-02  -9.4820248e-03   2.3618658e+00  -1.3955879e-02  -7.9352422e-03  -1.2884346e-03
   3.2770114e-02   1.3081400e-02   2.3771273e+00  -1.3315801e-02  -7.6159357e-03  -1.4761608e-03
   2.8108441e-02   5.2788476e-03   2.3940575e+00  -1.3638882e-02  -7.4712926e-03  -9.4839651e-04
   2.8588999e-02   2.4227987e-03   2.4218524e+00  -1.3430490e-02  -7.9684335e-03  -6.8107774e-04
   3.1889335e-02   1.5996093e-02   2.4054092e+00  -1.3654088e-02  -7.5461693e-03  -1.2860445e-03
   2.6692785e-02  -3.7165106e-03   2.4199981e+00  -1.3935304e-02  -7.8931540e-03  -9.1715096e-04
   4.1910434e-02  -5.0962398e-03   2.4223389e+00  -1.3767186e-02  -7.7626281e-03  -1.4040606e-03
   4.4536748e-02  -7.7904988e-03   2.4246531e+00  -1.3898859e-02  -7.4460566e-03  -1.2778990e-03
   3.9755108e-02  -7.7922817e-03   2.4407812e+00  -1.3546477e-02  -7.8172485e-03  -1.2889785e-03
   3.3179497e-02   4.1448034e-02   2.4370743e+00  -1.4073730e-02  -7.5740904e-03  -9.1541052e-04
   3.8225617e-02  -4.0141601e-03   2.4599754e+00  -1.3806261e-02  -7.5669055e-03  -1.0677434e-03
   3.9608317e-02   2.5420312e-04   2.4581348e+00  -1.3867990e-02  -7.5211770e-03  -6.0606532e-04
   4.8588769e-02   1.4679575e-01   2.4426584e+00  -1.3913106e-02  -7.9506786e-03  -1.6690271e-03
   4.5368049e-02   2.1257903e-02   2.4616422e+00  -1.4052250e-02  -8.2122995e-03  -1.5626767e-03
   4.8865969e-02   3.9777438e-03   2.4669475e+00  -1.4268746e-02  -7.5029625e-03  -1.2481351e-03
   6.0923655e-02   2.4864117e-02   2.4991870e+00  -1.3308104e-02  -7.4563187e-03  -1.1195315e-03
   4.6500985e-02   2.0044349e-03   2.4974676e+00  -1.3364599e-02  -7.7755679e-03  -1.0391066e-03
   6.4249096e-02   2.0522897e-02   2.5019478e+00  -1.3755378e-02  -7.1820350e-03  -1.1328993e-03
   4.6480594e-02   9.4991284e-03   2.4997592e+00  -1.4293377e-02  -7.7256455e-03  -1.2718261e-03
   3.8238770e-02   7.8945164e-03   2.5356196e+00  -1.3524481e-02  -8.0146736e-03  -1.2501755e-03
   3.4275765e-02  -7.5336547e-03   2.5039411e+00  -1.4447303e-02  -7.9342646e-03  -1.1366654e-03
   6.0563133e-02   3.2513556e-02   2.5109541e+00  -1.4371915e-02  -7.9705101e-03  -1.4065317e-03
   2.6892472e-02   6.6257823e-03   2.4944760e+00  -1.4621259e-02  -7.9792370e-03  -5.2802571e-04
   5.4480704e-02   2.8303155e-02   2.5490127e+00  -1.3981215e-02  -7.2697512e-03  -1.5036170e-03
   4.9496076e-02   2.1535065e-02   2.5746532e+00  -1.3322245e-02  -7.3985540e-03  -1.2378850e-03
   4.8942678e-02   2.3487605e-02   2.5829191e+00  -1.3568365e-02  -7.5066629e-03  -1.2571835e-03
   5.4257212e-02   4.0199058e-02   2.6044794e+00  -1.3290701e-02  -7.2779106e-03  -9.9446522e-04
   5.3519771e-02   3.1173688e-02   2.5890585e+00  -1.3462211e-02  -7.3731583e-03  -1.1263095e-03
   5.2227606e-02   2.2631239e-02   2.5916634e+00  -1.3692566e-02  -7.5709030e-03  -1.1261958e-03
   5.6632246e-02   3.4097202e-02   2.6145146e+00  -1.2637513e-02  -6.9080726e-03  -1.1423015e-03
   6.3568346e-02   2.5750373e-02   2.6025211e+00  -1.3726375e-02  -7.7081448e-03  -1.8141387e-03
   5.1877495e-02   1.9277541e-02   2.6205267e+00  -1.3306631e-02  -7.3726866e-03  -9.8039795e-04
   3.9953202e-02   3.4502105e-02   2.6239370e+00  -1.3302810e-02  -7.4274237e-03  -7.7901449e-04
   5.2029065e-02   1.1335369e-02   2.5887443e+00  -1.4472519e-02  -7.6762104e-03  -1.2243132e-03
   4.6629375e-02   1.9535354e-02   2.6455187e+00  -1.3539520e-02  -7.8208202e-03  -1.3682427e-03
   4.0092214e-02   4.1385198e-02   2.6345949e+00  -1.4008801e-02  -7.4820893e-03  -7.6755896e-04
   5.4159538e-02   2.2329028e-02   2.6527875e+00  -1.2942020e-02  -7.7634184e-03  -1.0757994e-03
   5.2327295e-02   4.5132967e-02   2.6577206e+00  -1.3777301e-02  -8.0261423e-03  -1.4116861e-03
   4.3470138e-02   6.1643435e-03   2.6770723e+00  -1.3470644e-02  -7.5595838e-03  -1.4446089e-03
  -9.6304712e-03   4.6315589e-02   2.6417601e+00  -1.2884375e-02  -7.0785120e-03  -1.9491117e-03
   7.9335207e-02   3.6162445e-02   2.6358097e+00  -1.0884339e-02  -4.7677877e-03  -2.4470096e-04
   5.6563425e-02   3.0931703e-02   2.6174572e+00  -1.1302835e-02  -6.0502372e-03  -7.2139129e-04
   7.8419142e-02   2.4513939e-03   2.6659833e+00  -1.0648639e-02  -6.8310740e-03  -1.5751844e-03
   4.1196856e-02   4.3216642e-02   2.6572357e+00  -1.1630454e-02  -6.8348736e-03  -8.1614925e-04
   4.2475560e-02   6.4062835e-02   2.6805568e+00  -1.1564640e-02  -7.1972462e-03  -7.2792131e-04
   4.9512205e-02   4.5164414e-02   2.7075821e+00  -1.1797962e-02  -7.7820780e-03  -1.0057785e-03
   6.3279724e-02   7.9127302e-02   2.7259189e+00  -1.1799190e-02  -7.5387940e-03  -1.4208837e-03
   8.2573983e-02   1.0198871e-01   2.7472656e+00  -1.2439873e-02  -7.2739868e-03  -1.8359295e-03
   6.0936482e-02   7.4007435e-02   2.7491657e+00  -1.2735474e-02  -7.6129116e-03  -1.4301312e-03
   6.0943521e-02   7.0445565e-02   2.7468264e+00  -1.3178461e-02  -7.9142711e-03  -1.3256476e-03
   4.2364333e-02   7.8593427e-02   2.7777839e+00  -1.2811462e-02  -7.8443768e-03  -8.2349487e-04
   6.4719842e-02   6.2907120e-02   2.7892660e+00  -1.3081871e-02  -8.0948086e-03  -1.9815695e-03
   5.3787310e-02   7.1110505e-02   2.7633752e+00  -1.2723420e-02  -7.9140864e-03  -1.2031170e-03
   3.0954432e-02   8.4426956e-02   2.7963552e+00  -1.2577499e-02  -8.1559858e-03  -1.2490300e-03
   5.7703681e-02   7.5546565e-02   2.8007032e+00  -1.3240108e-02  -7.8136750e-03  -1.4401435e-03
   6.1060205e-02   7.6633883e-02   2.8022597e+00  -1.2935520e-02  -7.6637763e-03  -1.4106030e-03
   3.9576319e-02   6.4143001e-02   2.8197692e+00  -1.2941902e-02  -7.7255891e-03  -6.6626082e-04
   5.7120024e-02   7.1796910e-02   2.8180398e+00  -1.3413430e-02  -7.6648296e-03  -1.3559648e-03
   2.7708257e-02   6.4263286e-02   2.8131758e+00  -1.3571516e-02  -8.1539735e-03  -1.0493689e-03
   6.1270080e-02   3.9431553e-02   2.8177297e+00  -1.3469374e-02  -7.8834251e-03  -1.2373679e-03
   5.0516421e-02   6.8056479e-02   2.8308039e+00  -1.3457065e-02  -7.2450483e-03  -1.0603514e-03
   8.1549672e-02   6.3232672e-02   2.8332307e+00  -1.3453221e-02  -7.5005337e-03  -1.7105687e-03
   4.9392138e-02   8.8377007e-02   2.8436698e+00  -1.3317558e-02  -7.5105314e-03  -1.0705622e-03
   4.7044862e-02   8.1938940e-02   2.8647880e+00  -1.3234326e-02  -8.3145556e-03  -1.1090815e-03
   5.9085704e-02   8.1409364e-02   2.8579810e+00  -1.3517273e-02  -7.7602290e-03  -1.1528426e-03
   6.3992090e-02   8.5708282e-02   2.8710812e+00  -1.3360702e-02  -7.6134024e-03  -1.5984886e-03
   4.0790824e-02   7.8613170e-02   2.8750895e+00  -1.3080099e-02  -8.5562947e-03  -1.1444615e-03
   4.0098862e-02   6.0445432e-02   2.8820353e+00  -1.3739714e-02  -7.4842602e-03  -6.6029433e-04
   5.5352936e-02   3.0429680e-02   2.8898847e+00  -1.3778113e-02  -7.9542299e-03  -9.4065920e-04
   5.4637196e-02   8.2258903e-02   2.9142038e+00  -1.2584004e-02  -7.7251862e-03  -1.0400955e-03
   3.7597195e-02   7.3975198e-02   2.9060674e+00  -1.3907574e-02  -7.8085716e-03  -1.0384274e-03
   6.1913999e-02   7.4376595e-02   2.8999502e+00  -1.3655052e-02  -7.5060278e-03  -1.1925773e-03
   4.4611048e-02   7.1912278e-02   2.9358822e+00  -1.3869570e-02  -7.4131060e-03  -1.0126151e-03
   5.1973106e-02   7.1645205e-02   2.9619617e+00  -1.2875577e-02  -7.9289902e-03  -1.1952420e-03
   5.9440540e-02   5.4894245e-02   2.9293220e+00  -1.3428638e-02  -7.3719907e-03  -1.0703688e-03
   6.2297426e-02   8.5143951e-02   2.9446509e+00  -1.3263843e-02  -7.1336122e-03  -1.2449493e-03
   4.6438596e-02   4.9595283e-02   2.9873599e+00  -1.2569180e-02  -8.4249739e-03  -1.7746169e-03
   5.0173880e-02   7.6625842e-02   2.9819174e+00  -1.3082671e-02  -7.6737521e-03  -1.1027585e-03
   5.2328753e-02   7.0846069e-02   2.9606780e+00  -1.3439677e-02  -7.5618933e-03  -1.3755700e-03
   4.4226401e-02   7.9991125e-02   2.9968359e+00  -1.2840576e-02  -7.4137475e-03  -7.1174615e-04
   4.8661332e-02   7.1447755e-02   2.9759383e+00  -1.3447855e-02  -7.7583258e-03  -9.7665429e-04
   6.0957451e-02   6.3181558e-02   2.9887674e+00  -1.2909724e-02  -7.7667325e-03  -1.0159689e-03
   4.2723230e-02   8.1974559e-02   3.0193149e+00  -1.3246122e-02  -7.7388530e-03  -1.2973786e-03
   4.3407403e-02   8.0668768e-02   3.0077618e+00  -1.3151277e-02  -7.5883927e-03  -1.3154888e-03
   6.7624056e-02   9.2372423e-02   3.0266808e+00  -1.3506579e-02  -7.3781575e-03  -1.2058741e-03
   5.9413347e-02   9.3403047e-02   3.0209587e+00  -1.3535152e-02  -7.9765705e-03  -1.6507759e-03
   6.2394765e-02   6.1983407e-02   3.0102018e+00  -1.4400908e-02  -7.0362285e-03  -9.1513535e-04
   6.9488869e-02   7.8848383e-02   3.0474341e+00  -1.3265193e-02  -7.5804967e-03  -1.5004361e-03
   5.2394411e-02   9.5278245e-02   3.0608300e+00  -1.2987770e-02  -7.6008480e-03  -9.6163980e-04
   7.2988973e-02   9.7142662e-02   3.0691192e+00  -1.3347794e-02  -7.5909227e-03  -1.3346089e-03
   5.6317237e-02   8.0798437e-02   3.0758787e+00  -1.3571422e-02  -8.0465729e-03  -1.1881414e-03
   6.7906121e-02   9.6796623e-02   3.0788861e+00  -1.3104870e-02  -7.5359889e-03  -8.7393448e-04
   5.9824673e-02   9.2792821e-02   3.0728154e+00  -1.3964740e-02  -7.8286591e-03  -1.0954219e-03
   6.4906081e-02   1.0351839e-01   3.0947860e+00  -1.2936601e-02  -8.1744872e-03  -1.4341395e-03
   7.2708996e-02   1.1181930e-01   3.0937556e+00  -1.3462036e-02  -7.9855150e-03  -1.6391504e-03
   6.2316068e-02   8.1105768e-02   3.0985546e+00  -1.3447752e-02  -6.9600811e-03  -1.1067111e-03
   6.2693178e-02   7.5274025e-02   3.1183653e+00  -1.3834106e-02  -7.8334667e-03  -1.2121664e-03
   4.5516457e-02   1.0066243e-01   3.1769244e+00  -1.2134308e-02  -7.6661125e-03  -1.4811388e-03
   5.4057712e-02   1.0240212e-01   3.1558282e+00  -1.3589604e-02  -8.0790044e-03  -1.4894861e-03
   5.6228569e-02   1.1293891e-01   3.1585183e+00  -1.3608398e-02  -7.9848502e-03  -1.1791588e-03
   5.0384514e-02   1.2753486e-01   3.1537873e+00  -1.3432101e-02  -8.2485628e-03  -1.2129908e-03
   6.6951514e-02   1.1429989e-01   3.1629671e+00  -1.3999814e-02  -8.2554867e-03  -1.7475562e-03
   3.8017788e-02   1.3427516e-01   3.1506795e+00  -1.4246354e-02  -8.8491277e-03  -1.3405440e-03
   5.4209792e-02   1.0699224e-01   3.2091182e+00  -1.2799728e-02  -8.4829855e-03  -1.3417232e-03
   4.7563255e-02   1.0807440e-01   3.1802507e+00  -1.4125879e-02  -8.6539631e-03  -1.2714545e-03
   3.5179265e-02   5.4590828e-02   3.2857802e+00  -9.0176316e-03  -5.5228050e-03  -3.4433231e-03
  -2.0495954e-01   2.8922545e-01   3.1772389e+00   9.2383361e-04   7.5042166e-04  -5.1545521e-03
  -1.2917579e-01   2.9038614e-01   3.1530621e+00  -2.0657779e-02  -5.8158063e-03  -7.0480985e-03
   4.0705718e-02   1.3989740e-01   3.1847497e+00   8.3160398e-04   3.0331625e-03  -5.0765722e-03
   1.5072656e-02   9.7611470e-02   3.3332335e+00  -1.1342664e-02   2.3451781e-03  -3.5821330e-03
   1.6233088e-02   8.6974062e-02   3.3336271e+00  -1.1844596e-02   2.1027677e-03  -2.8258959e-03
   3.2358425e-02   1.2495320e-01   3.3369532e+00  -1.1575825e-02   2.0939611e-03  -2.9393116e-03
   3.1249779e-02   1.5116251e-01   3.3239595e+00  -1.1298094e-02   1.7229342e-03  -2.8961967e-03
   2.6400562e-02   1.5344317e-01   3.3337254e+00  -1.1089838e-02   1.4504624e-03  -2.3354232e-03
   4.3408095e-02   1.8114759e-01   3.3439926e+00  -1.0942756e-02   1.2599321e-03  -2.9163121e-03
   2.3800045e-02   1.7316900e-01   3.3729263e+00  -1.0412797e-02   1.1038510e-03  -2.4792481e-03
   3.1738034e-02   2.0520042e-01   3.4020786e+00  -9.5148634e-03   1.3279047e-03  -2.0626813e-03
   3.7804480e-02   1.9499666e-01   3.3969950e+00  -9.6099934e-03   1.1382808e-03  -2.1882495e-03
   4.2948189e-02   2.1943885e-01   3.4288755e+00  -9.6149257e-03   1.3040967e-03  -2.4675493e-03
   3.3339898e-02   1.9555582e-01   3.4196792e+00  -9.9305361e-03   9.0809958e-04  -1.9942332e-03
   2.5911281e-02   2.1328779e-01   3.4030750e+00  -1.0446338e-02   6.9858325e-04  -2.0698330e-03
   3.7917739e-02   2.0059312e-01   3.4164446e+00  -1.0201565e-02   1.1869936e-03  -2.1812071e-03
   3.7799263e-02   2.2837047e-01   3.4321851e+00  -9.6649533e-03   1.2375545e-03  -2.0689699e-03
   4.1628131e-02   1.7725419e-01   3.4209900e+00  -1.0199524e-02   1.6695633e-03  -2.4271112e-03
   1.9138153e-02   2.0143768e-01   3.4623655e+00  -9.3522883e-03   9.1741583e-04  -1.5792969e-03
   4.1656933e-02   2.2881802e-01   3.4684103e+00  -9.3303918e-03   1.4312949e-03  -2.3056903e-03
   4.4104776e-02   1.6529795e-01   3.5039995e+00  -9.8579978e-03   5.3891604e-04  -3.2219614e-03
   1.8506689e-03   7.5340809e-02   3.5049838e+00  -7.5217071e-03   2.7221561e-03  -4.5144524e-04
   8.6617811e-02   1.9638634e-01   3.5177936e+00  -1.0078911e-02   9.2723072e-04  -2.4542943e-03
   4.8907876e-02   1.9740337e-01   3.4779534e+00  -1.0985495e-02   8.4860593e-04  -1.9461462e-03
   3.9078358e-02   1.7536535e-01   3.5087282e+00  -9.7067522e-03   4.9695524e-04  -1.5607686e-03
   5.5150259e-02   1.9414734e-01   3.4985294e+00  -9.7547872e-03   4.8229112e-04  -2.0598616e-03
   5.4557928e-02   2.1877719e-01   3.5073289e+00  -9.6224541e-03   8.6256814e-04  -1.7028116e-03
   6.0793904e-02   2.0141244e-01   3.5005498e+00  -1.0006022e-02   6.3450078e-04  -2.3715573e-03
   3.8859446e-02   2.0533292e-01   3.5525734e+00  -9.7405706e-03   6.8503138e-04  -1.7532345e-03
   6.4231033e-02   2.0864243e-01   3.4967577e+00  -1.0176474e-02   9.5029241e-04  -1.8677448e-03
   6.1162639e-02   2.1054323e-01   3.5112499e+00  -1.0116020e-02   5.9278819e-04  -1.9171053e-03
   4.2147932e-02   2.0847716e-01   3.5434560e+00  -9.0286489e-03  -1.1409343e-04  -2.1361713e-03
   7.0448355e-02   1.8357720e-01   3.5987645e+00  -9.9284689e-03   7.6526330e-04  -1.8092989e-03
   5.1070679e-02   2.1145556e-01   3.6002298e+00  -1.0019213e-02   4.2906661e-04  -1.6829241e-03
   5.0267322e-02   1.9915290e-01   3.5858407e+00  -9.6642109e-03   2.7054787e-04  -1.2982974e-03
   2.0694240e-02   2.0955944e-01   3.5580310e+00  -1.0079855e-02   3.8082253e-04  -1.1807336e-03
   3.5761107e-02   2.1753339e-01   3.5734870e+00  -9.2640116e-03   2.2983247e-04  -1.2909158e-03
   4.0490235e-02   2.1976861e-01   3.5580333e+00  -9.5579685e-03   4.3552384e-04  -1.6685311e-03
   6.3364962e-02   2.1166693e-01   3.5841474e+00  -9.5371374e-03   1.1049987e-03  -1.8517460e-03
   5.2823590e-02   4.1210062e-01   3.5562914e+00  -1.0360086e-02   8.0051720e-04  -1.9725426e-03
   4.6382053e-02   2.3660530e-01   3.5792550e+00  -9.5659913e-03   4.2503232e-04  -1.8493061e-03
   5.6112399e-02   2.1590262e-01   3.5903773e+00  -9.7109566e-03   7.4185587e-04  -2.1487125e-03
   4.6966448e-02   2.1284893e-01   3.5923671e+00  -9.6825323e-03   3.8576471e-04  -1.6412956e-03
   4.1709196e-02   2.2349021e-01   3.6315786e+00  -9.8075741e-03   2.4615926e-04  -1.6072034e-03
   5.3120384e-02   2.0460803e-01   3.6412090e+00  -1.0266227e-02   8.7023538e-04  -1.1522548e-03
   4.7462841e-02   2.1008851e-01   3.6397352e+00  -1.0143329e-02   6.4882796e-04  -1.6648656e-03
   4.2459957e-02   2.2592560e-01   3.6362440e+00  -9.5425594e-03   9.8648255e-04  -1.3709291e-03
   5.0855735e-02   2.1173070e-01   3.6598783e+00  -9.7710318e-03   9.9409837e-04  -1.3775460e-03
   6.5720047e-02   2.4393446e-01   3.6829606e+00  -9.1682412e-03   7.3742855e-04  -1.5890700e-03
   5.3188054e-02   2.3411681e-01   3.6836329e+00  -9.1441540e-03   7.0730500e-04  -1.4765143e-03
   4.4812926e-02   2.1815463e-01   3.6982852e+00  -9.5436877e-03   9.0295410e-04  -1.1577567e-03
   5.3640421e-02   2.3572380e-01   3.7101134e+00  -9.3991613e-03   1.0896412e-03  -1.2325844e-03
   4.7657724e-02   2.1948372e-01   3.6988817e+00  -9.3227658e-03   9.6234179e-04  -1.1891460e-03
   6.0897530e-02   2.5599373e-01   3.7210189e+00  -9.2800729e-03   1.1406102e-03  -1.5961711e-03
   6.2634862e-02   2.3090239e-01   3.7013430e+00  -1.0263610e-02   8.1271112e-04  -1.5437148e-03
   5.1023658e-02   2.1297366e-01   3.7670426e+00  -1.0410289e-02  -1.7320875e-04  -1.9868157e-03
   4.0761729e-02   2.0275613e-01   3.7525194e+00  -1.0504411e-02  -4.7158876e-04  -1.8496770e-03
   4.3659817e-02   2.2501287e-01   3.7696373e+00  -1.0044865e-02  -3.1994146e-04  -1.6476364e-03
   3.4464862e-02   2.2482546e-01   3.7818164e+00  -1.0287779e-02  -2.9430230e-04  -1.4175908e-03
   5.6063095e-02   2.4971909e-01   3.7818813e+00  -9.9951831e-03   3.3825294e-04  -1.6422443e-03
   5.9021675e-02   2.3744869e-01   3.7755565e+00  -1.0199757e-02   3.2580138e-04  -1.8795914e-03
   4.9180222e-02   2.5957423e-01   3.8191819e+00  -9.4721189e-03   2.6893954e-04  -1.5476234e-03
   4.2123888e-02   2.5577467e-01   3.7946472e+00  -9.5344013e-03   4.6769885e-04  -1.2145902e-03
   5.3813717e-02   2.5907028e-01   3.7947328e+00  -9.9636225e-03   1.6809244e-04  -1.6199479e-03
   3.5070900e-02   2.4961396e-01   3.8052252e+00  -1.0662199e-02   1.8705318e-04  -1.2268338e-03
   5.6688028e-02   2.5217522e-01   3.8115349e+00  -1.0717983e-02   8.4381214e-04  -1.1518673e-03
   4.6085899e-02   2.5368273e-01   3.8444991e+00  -1.0208558e-02   9.5754861e-05  -1.4073721e-03
   5.6514684e-02   2.4453811e-01   3.8504151e+00  -9.6692836e-03   4.6736938e-04  -1.3107997e-03
   5.1756274e-02   2.3374410e-01   3.8506077e+00  -1.0032628e-02  -1.7603341e-05  -1.7991031e-03
   6.7269462e-02   2.4708046e-01   3.8628463e+00  -1.0613299e-02   4.3958191e-04  -1.5521317e-03
   5.8934514e-02   2.5268876e-01   3.8729103e+00  -1.0241611e-02   4.0860803e-04  -9.7175220e-04
   4.0429596e-02   2.4723510e-01   3.8941847e+00  -1.0177077e-02  -3.4072826e-04  -9.6834726e-04
   6.3682802e-02   2.3600688e-01   3.9088190e+00  -9.9725501e-03   4.9388403e-04  -1.3294781e-03
   4.7493135e-02   2.5154719e-01   3.9077986e+00  -9.8260671e-03   1.0786181e-04  -1.3866454e-03
   5.1948328e-02   2.6056286e-01   3.8733549e+00  -1.0639752e-02   7.8289232e-04  -1.1019962e-03
   5.7214080e-02   2.5014835e-01   3.8830842e+00  -1.0434912e-02   3.1675739e-04  -1.4686274e-03
   5.4838006e-02   2.4194431e-01   3.9118348e+00  -9.4320054e-03   3.8425480e-04  -1.3189881e-03
   3.6926895e-02   2.6308774e-01   3.8923834e+00  -1.0461720e-02   2.2636769e-04  -8.9360039e-04
   5.3927524e-02   2.6220476e-01   3.9219411e+00  -9.8012341e-03  -3.4816225e-05  -1.1981995e-03
   6.0705909e-02   2.6214976e-01   3.9337544e+00  -9.4383687e-03   8.4330969e-04  -1.4435591e-03
   6.1718614e-02   2.6422523e-01   3.9591364e+00  -9.0432351e-03   5.8843695e-04  -1.4397730e-03
   6.1537146e-02   2.4429241e-01   3.9504620e+00  -9.8305169e-03   6.8161863e-04  -1.0690074e-03
   4.9905560e-02   2.5389603e-01   3.9562414e+00  -9.9040355e-03   1.7427159e-04  -1.4296764e-03
   5.9724016e-02   2.4876138e-01   3.9641108e+00  -9.7708800e-03   7.3607009e-04  -1.0174417e-03
   6.5768418e-02   2.8405290e-01   3.9710819e+00  -9.8919102e-03   4.5218934e-04  -1.4049140e-03
   6.5891966e-02   2.7295184e-01   3.9535952e+00  -1.0525501e-02   9.3124473e-05  -1.6474678e-03
   1.6682009e-02   2.0411540e-01   4.0199234e+00  -7.8133709e-03   6.8416128e-04   3.6969885e-04
   6.4647929e-02   2.8896958e-01   4.0222876e+00  -8.8491109e-03   7.1123080e-04  -1.6218822e-03
   5.2260179e-02   2.5244544e-01   4.0061799e+00  -1.0005734e-02   1.6199871e-04  -8.4930475e-04
   8.1121851e-02   2.8778921e-01   4.0416867e+00  -8.9833681e-03   1.3882662e-03  -1.6094917e-03
   5.3201627e-02   2.5738434e-01   4.0194474e+00  -9.9745606e-03  -2.8124249e-05  -1.1944542e-03
   6.4001298e-02   2.4678447e-01   4.0479871e+00  -9.6732918e-03   3.6848887e-04  -1.3826621e-03
   6.6098275e-02   2.7361440e-01   4.0591998e+00  -9.2905394e-03   6.8556380e-04  -1.1355842e-03
   6.3367177e-02   2.6976321e-01   4.0402309e+00  -9.3843949e-03   4.2928822e-04  -1.3134944e-03
   5.0853786e-02   2.6562251e-01   4.0826640e+00  -9.0100602e-03   1.4264532e-04  -1.0058534e-03
   6.6740770e-02   2.9071449e-01   4.0733356e+00  -1.0105568e-02   1.8256233e-04  -1.8099204e-03
   7.0523981e-02   2.7784472e-01   4.1075161e+00  -9.3501537e-03   9.6643032e-04  -1.0871059e-03
   6.6881120e-02   2.6353373e-01   4.1080051e+00  -9.3906082e-03   1.2217789e-03  -1.2149802e-03
   7.5650910e-02   2.7611941e-01   4.1029502e+00  -9.5810322e-03   1.1268915e-03  -1.3300742e-03
   7.4684787e-02   2.7622786e-01   4.1242455e+00  -9.6823540e-03   3.6670518e-04  -1.5813523e-03
   7.7100437e-02   2.8241012e-01   4.1135725e+00  -9.6690236e-03   1.1920960e-03  -1.4278406e-03
   6.0069201e-02   2.7890046e-01   4.1244421e+00  -9.5738095e-03   4.8498941e-04  -1.3549579e-03
   6.1235918e-02   2.9642438e-01   4.1092560e+00  -1.0235137e-02   6.1697735e-04  -1.2302207e-03
   6.0872512e-02   2.8438079e-01   4.1533332e+00  -9.5090293e-03   3.1902316e-04  -9.5735051e-04
   6.7398144e-02   2.8309389e-01   4.1513899e+00  -9.2984356e-03   1.0245714e-03  -1.3041669e-03
   7.3752120e-02   2.6753683e-01   4.1695748e+00  -9.6623110e-03   5.5176415e-04  -1.7113035e-03
   6.8650126e-02   2.8699121e-01   4.1726695e+00  -9.6565096e-03   1.0117937e-03  -1.3069349e-03
   7.9614257e-02   2.9777606e-01   4.1441312e+00  -9.2951948e-03   9.1203170e-04  -1.3966655e-03
   3.6814055e-02   2.9705766e-01   4.1518057e+00  -9.2343898e-03  -2.1654100e-04  -1.4389851e-03
   4.4675605e-02   2.6489370e-01   4.1209308e+00  -1.0162889e-02   1.1101067e-03  -1.8467692e-03
   1.4670457e-01   2.8471997e-01   4.1368098e+00  -7.9536282e-03   5.0232313e-03  -7.4299260e-04
   1.0601722e-01   2.5327156e-01   4.1429739e+00  -1.0314948e-02   2.7898917e-03  -9.4577123e-04
   8.3620287e-02   2.5441096e-01   4.1686565e+00  -9.8669021e-03   7.8576966e-04  -1.6260511e-03
   8.1353607e-02   2.5107433e-01   4.1558155e+00  -9.8122777e-03   1.5452660e-03  -6.4851782e-04
   8.7279388e-02   3.0016032e-01   4.1753706e+00  -8.4739162e-03   1.3293890e-03  -1.4654395e-03
   7.4315089e-02   2.9987591e-01   4.2150107e+00  -8.5108438e-03   1.1908083e-03  -1.2231879e-03
   9.2186212e-02   2.9451933e-01   4.2201882e+00  -8.7001559e-03   1.4322833e-03  -1.3543056e-03
   8.0042974e-02   3.1866844e-01   4.2295991e+00  -8.6193337e-03   1.4484671e-03  -7.8932661e-04
   9.9459479e-02   3.1829207e-01   4.2011396e+00  -9.0867459e-03   1.3322022e-03  -1.3905667e-03
   1.0687425e-01   3.1768625e-01   4.2317988e+00  -8.2952258e-03   1.2583071e-03  -1.8352247e-03
   9.1772074e-02   3.1694088e-01   4.2416039e+00  -7.9710411e-03   1.1465724e-03  -1.2947380e-03
   8.6082633e-02   2.9771975e-01   4.2321445e+00  -8.9680606e-03   1.1431605e-03  -1.3402983e-03
   9.4609665e-02   2.9465461e-01   4.2457991e+00  -9.3633547e-03   1.5033517e-03  -1.3025834e-03
   1.1228351e-01   3.1814610e-01   4.2783287e+00  -8.5637741e-03   1.7955886e-03  -1.3735413e-03
   1.1055604e-01   3.2231597e-01   4.2688766e+00  -8.8845476e-03   1.9576061e-03  -1.2692507e-03
   8.7881729e-02   3.4024803e-01   4.2535847e+00  -9.3930048e-03   1.3772649e-03  -1.0320356e-03
   1.0228244e-01   3.0530006e-01   4.2758595e+00  -9.4722431e-03   1.1916127e-03  -1.6060355e-03
   1.0313141e-01   3.0265348e-01   4.2896643e+00  -9.0463922e-03   1.8163139e-03  -1.3113100e-03
   7.9634124e-02   3.1501059e-01   4.3065101e+00  -8.5641147e-03   1.4109142e-03  -1.2441386e-03
   1.0227172e-01   2.9216809e-01   4.3099135e+00  -9.0937971e-03   1.3485621e-03  -1.6292878e-03
   8.7662625e-02   2.9992402e-01   4.3337295e+00  -8.8540411e-03   1.4138608e-03  -1.6736573e-03
   1.0167280e-01   3.0676891e-01   4.3300443e+00  -9.2821559e-03   1.2549971e-03  -1.3823413e-03
   7.6493590e-02   3.0266529e-01   4.3602353e+00  -8.5358199e-03   9.7566232e-04  -8.9228951e-04
   1.0216059e-01   3.1863035e-01   4.3416787e+00  -9.2800063e-03   1.3789844e-03  -6.7926238e-04
   6.7090719e-02   2.9635851e-01   4.3450568e+00  -9.6316331e-03   9.0394759e-04  -7.6351985e-04
   8.3857859e-02   3.1722165e-01   4.3605076e+00  -9.1992239e-03   1.2383871e-03  -9.5333218e-04
   9.5216799e-02   3.1430818e-01   4.3204726e+00  -9.2563703e-03   1.2824052e-03  -1.2162019e-03
   1.1639903e-01   3.1985965e-01   4.3484267e+00  -9.2583852e-03   8.2242971e-04  -1.8162581e-03
   8.9142780e-02   3.1388588e-01   4.3698844e+00  -8.2818747e-03   1.2645334e-03  -7.7950819e-04
   9.5209863e-02   3.1042351e-01   4.3753457e+00  -8.8715723e-03   1.1515889e-03  -9.3144318e-04
   8.5555142e-02   3.3179082e-01   4.3875125e+00  -9.0119593e-03   9.3204584e-04  -9.3816427e-04
   5.6699191e-02   1.7149930e-01   4.3607787e+00  -1.0716921e-02   1.7691619e-03   6.4361101e-04
   9.1193181e-02   3.1628948e-01   4.3779961e+00  -1.0096593e-02   1.2832185e-03  -1.0165612e-03
   9.9085771e-02   3.0720165e-01   4.4024706e+00  -8.9776083e-03   1.6276984e-03  -9.1212236e-04
   8.2087837e-02   3.2957912e-01   4.4391679e+00  -7.6275986e-03   1.2855023e-03  -1.1096912e-03
   8.1545596e-02   2.9524194e-01   4.4052213e+00  -1.0598609e-02   1.1609047e-03  -1.0462217e-03
   7.0982342e-02   3.0400519e-01   4.4414930e+00  -9.1466781e-03   1.2251986e-03  -8.5452861e-04
   8.1425681e-02   3.1787497e-01   4.4670129e+00  -8.1092582e-03   1.5713246e-03  -1.2477825e-03
   9.0281301e-02   3.0505011e-01   4.4599662e+00  -8.6804901e-03   1.1608393e-03  -1.2163853e-03
   9.7266942e-02   3.4206741e-01   4.4685825e+00  -9.0823882e-03   1.6323950e-03  -1.1630500e-03
   9.2630637e-02   3.1481292e-01   4.4737945e+00  -8.8999027e-03   1.7555447e-03  -1.1552734e-03
   9.5141454e-02   3.1636711e-01   4.4911217e+00  -8.6436636e-03   1.0636026e-03  -1.1218686e-03
   9.6383516e-02   3.0419764e-01   4.4981169e+00  -8.8419382e-03   1.1981045e-03  -1.0118881e-03
   8.9496625e-02   3.1443881e-01   4.4837815e+00  -8.9564177e-03   9.3544941e-04  -1.0450892e-03
   9.8298253e-02   3.1067485e-01   4.4685596e+00  -9.2721715e-03   1.2039027e-03  -1.0473590e-03
   7.7323773e-02   3.2525540e-01   4.4901881e+00  -8.8590010e-03   1.2805025e-03  -9.1516928e-04
   8.8512164e-02   3.0967478e-01   4.5146516e+00  -8.2876707e-03   1.2252021e-03  -1.2631254e-03
   8.3087569e-02   2.9010816e-01   4.4939840e+00  -9.2868787e-03   1.5247349e-03  -1.6732168e-03
   9.4407379e-02   3.3109571e-01   4.5392510e+00  -8.3543537e-03   1.4582323e-03  -1.5117681e-03
   9.6794001e-02   3.2346406e-01   4.5552141e+00  -8.0985908e-03   1.7196535e-03  -7.7169851e-04
   8.5231372e-02   3.2273237e-01   4.5633693e+00  -8.2866045e-03   1.3289285e-03  -9.2806091e-04
   8.1479882e-02   3.3003623e-01   4.5457948e+00  -8.7767669e-03   1.2572298e-03  -7.8878674e-04
   9.6687598e-02   3.3237958e-01   4.5455177e+00  -8.6543178e-03   1.5435458e-03  -1.2688211e-03
   7.1338052e-02   3.4442394e-01   4.5617087e+00  -8.4754014e-03   1.5946441e-03  -6.8740578e-04
   8.6234015e-02   3.5058289e-01   4.5283960e+00  -9.8775428e-03   1.1151881e-03  -9.3523362e-04
   8.5012981e-02   3.2724119e-01   4.5536119e+00  -9.3793419e-03   1.2308874e-03  -1.0072829e-03
   8.2931090e-02   3.2797045e-01   4.5783568e+00  -9.1696446e-03   1.0333909e-03  -7.9481086e-04
   8.3191466e-02   3.2886583e-01   4.5729513e+00  -8.6434640e-03   1.6839272e-03  -1.2310166e-03
   8.4474299e-02   3.5272290e-01   4.5933538e+00  -8.3650720e-03   1.1591225e-03  -9.4652793e-04
   8.3409543e-02   3.1994936e-01   4.5693380e+00  -9.3760934e-03   1.5805627e-03  -2.9353020e-04
   8.4310144e-02   3.3140209e-01   4.6020180e+00  -8.5751821e-03   1.4934892e-03  -1.1295096e-03
   7.9045148e-02   3.2846586e-01   4.5957963e+00  -9.0923759e-03   8.0181688e-04  -1.0392664e-03
   1.0928027e-01   3.4131107e-01   4.5931897e+00  -9.1791798e-03   1.1524479e-03  -1.4132377e-03
   1.0145824e-01   3.4796271e-01   4.5982328e+00  -8.7695761e-03   1.5334744e-03  -8.8941027e-04
   7.8480217e-02   3.3857836e-01   4.6262087e+00  -9.0877446e-03   1.1678660e-03  -8.6577812e-04
   8.9392282e-02   3.4477044e-01   4.6350484e+00  -8.6469516e-03   8.8402846e-04  -1.1812517e-03
