   0.0000000e+00   0.0000000e+00   6.2661009e-15   8.8216654e-18   2.1684719e-18  -1.9129534e-35
  -1.1784747e-02  -2.7002748e-02  -2.7699548e-02   3.3734954e-04  -2.6806242e-04   4.5901996e-04
  -1.4760333e-02  -1.5783395e-02   3.2246500e-04   4.4618497e-04  -4.9458944e-04   2.7014164e-04
  -3.6372301e-02  -6.7853827e-02   9.3913293e-02   6.6018638e-04  -8.5781354e-04  -1.0807699e-04
  -1.9668337e-01   8.4158674e-03  -1.2528116e-01  -6.2715702e-03  -7.7128969e-03   1.3370976e-03
  -7.0164102e-02  -3.9045883e-02   3.4993040e-02  -2.1758613e-03  -3.6991550e-03   9.0121500e-04
  -5.7996540e-02  -4.6306479e-03   1.0133629e-02  -3.6417628e-03  -3.1297952e-03   1.2123061e-03
  -6.3834852e-02  -3.2175658e-03  -1.0235426e-02  -2.7569536e-03  -3.9206984e-03   8.5770226e-04
  -6.6541374e-02  -1.0009456e-02  -3.4778931e-03  -2.3373955e-03  -4.0595449e-03   1.0919096e-03
  -5.7349813e-02   3.1713483e-03   1.0773225e-02  -1.5749358e-03  -3.8227249e-03   3.7830327e-04
  -6.8506459e-02   1.2886101e-02  -5.2832125e-02  -2.5593779e-03  -3.9684078e-03   1.0521118e-03
  -6.3831933e-02   2.1669020e-02  -2.2307884e-02  -2.2080947e-03  -4.2545015e-03   8.8727146e-04
  -6.2735094e-02   2.1276743e-02  -3.7235990e-02  -2.7656529e-03  -3.8472084e-03   6.4893741e-04
  -6.8946732e-02   6.8311431e-03  -5.5149069e-02  -3.0157833e-03  -3.8340255e-03   9.3391560e-04
  -6.5449519e-02   5.9058382e-03  -3.6593906e-02  -3.1221561e-03  -3.8647081e-03   9.0429608e-04
  -6.1096559e-02   3.5086825e-02  -2.1735361e-02  -2.5542922e-03  -3.5503351e-03   6.9369843e-04
  -6.5570809e-02  -9.9779531e-03  -2.2216078e-02  -2.7877290e-03  -3.6068283e-03   8.3032461e-04
  -6.0313890e-02   1.0800318e-05  -2.7601113e-02  -3.0653310e-03  -3.8183408e-03   6.1709096e-04
  -7.0550043e-02   1.2730930e-02  -2.7286632e-02  -2.4211963e-03  -3.7388610e-03   8.2074090e-04
  -7.5913605e-02   1.0619317e-02  -1.9192902e-02  -3.1888206e-03  -4.1138037e-03   5.8750568e-04
  -7.8285884e-02  -1.9522054e-02  -4.8520612e-02  -3.6166883e-03  -4.3323685e-03   6.0097727e-04
  -5.1911352e-02  -6.1722519e-04  -1.3472095e-01  -2.5183263e-03  -3.6874568e-03  -4.7075004e-06
  -4.6458158e-02   1.5383848e-03  -2.3237869e-01  -3.3855607e-03  -3.8113896e-03  -3.4273831e-04
  -4.9873904e-02   7.4821734e-04  -3.2380516e-01  -3.8238323e-03  -3.5717828e-03  -1.1821250e-04
  -7.1331582e-02  -1.3450642e-02  -3.4310023e-01  -2.9594337e-03  -4.4556978e-03  -1.1660277e-04
  -8.4602978e-02  -1.5272218e-02  -2.1589478e-01  -2.6314701e-03  -5.5733416e-03   6.1584489e-04
  -7.2886220e-02  -1.0624735e-02  -1.7804527e-01  -3.0274306e-03  -5.0786123e-03   1.4214569e-04
  -7.9565211e-02  -1.0445495e-02  -1.0615851e-01  -2.1478414e-03  -4.8997355e-03   5.3760145e-04
  -7.7387954e-02  -1.0264677e-03  -1.0397976e-01  -2.4721381e-03  -4.6099483e-03   1.0391668e-03
  -1.0598772e-01   2.4473133e-02  -7.1971571e-02  -1.8319761e-03  -4.4540704e-03   1.1782356e-03
  -1.1059413e-01  -1.1880066e-02   4.0380569e-03  -3.2721337e-03  -4.8694588e-03   1.4075522e-03
  -1.0632902e-01   1.8370630e-02   2.5342824e-02  -2.7573754e-03  -4.4845456e-03   1.6652844e-03
  -9.8919947e-02   3.7230386e-03   1.8595448e-02  -3.2277543e-03  -4.7455208e-03   1.4978478e-03
  -1.0742783e-01   3.8303476e-03   2.2229921e-02  -2.6654312e-03  -4.9881884e-03   1.3373445e-03
  -1.1739655e-01   1.2929475e-02   4.8206250e-02  -2.6089524e-03  -5.0196775e-03   1.6580829e-03
  -1.0719213e-01   1.2407248e-02   5.4789360e-02  -2.6179072e-03  -5.0424591e-03   1.4583769e-03
  -1.0826987e-01   2.7683544e-04   4.0099460e-02  -2.8606174e-03  -5.0364735e-03   1.4677404e-03
  -1.0377937e-01   3.1036189e-02   6.4278197e-02  -2.9964901e-03  -4.4884749e-03   1.1559307e-03
  -1.3471291e-01  -2.2149115e-02   3.7329724e-02  -2.2411904e-03  -5.2725682e-03   1.3274999e-03
  -1.2096768e-01  -2.3268770e-03   2.0671912e-02  -2.8383850e-03  -5.0309502e-03   1.2160393e-03
  -1.3529763e-01   9.0514398e-03   4.0880888e-02  -2.7502455e-03  -5.0792661e-03   1.3723281e-03
  -1.2026155e-01  -1.9723313e-02   5.1940331e-02  -2.1347970e-03  -5.2142575e-03   8.4223894e-04
  -1.2737208e-01  -1.4230491e-05   5.5638781e-02  -2.3918322e-03  -5.1224964e-03   9.9285691e-04
  -1.3443823e-01  -1.1663506e-02   7.1874312e-02  -2.3928496e-03  -5.0113925e-03   1.2073407e-03
  -1.4207857e-01  -1.2529933e-02   7.5842809e-02  -2.7192358e-03  -5.0865207e-03   1.4319163e-03
  -2.7597099e-01  -4.6906506e-02   1.8935140e-01  -4.0919366e-03  -6.1399214e-03   3.4870122e-04
  -1.3305498e-01  -7.2350898e-02   2.2548111e-01  -8.7414310e-03  -2.4104172e-03   2.3190148e-03
  -1.4560327e-01  -5.7391744e-02   1.7499578e-01  -8.5754371e-03  -4.1101707e-03   1.9321108e-03
  -1.9584367e-01  -3.3225162e-02   2.0086622e-01  -8.3991159e-03  -5.5086962e-03   1.7178273e-03
  -1.5624551e-01  -1.8760263e-02   2.0417409e-01  -9.8144544e-03  -4.4232417e-03   1.8380008e-03
  -1.7623964e-01  -2.2296297e-02   1.6450041e-01  -1.1100763e-02  -5.4918293e-03   1.1655572e-03
  -5.4215177e-02  -1.2671229e-01   3.1036731e-02   9.1050080e-03   5.4602927e-04   8.3969065e-04
  -9.7686814e-02  -8.3670680e-02   1.5111297e-02   3.1223064e-03   1.6273429e-04   1.0925130e-03
  -9.7517551e-02  -7.5473101e-02  -2.3766296e-02   2.7061380e-03  -4.8989034e-04  -5.4326063e-06
  -1.0561823e-01  -4.5257552e-02   3.3153051e-02   3.0819420e-03  -4.0898253e-04   5.1182619e-05
  -1.0311957e-01  -4.1198716e-02   5.4700040e-02   3.5481389e-03  -4.1324248e-04  -6.3695548e-05
  -1.1827618e-01  -5.7581293e-02   1.0482900e-01   2.3873714e-03  -4.7323079e-04   5.1285831e-04
  -1.1470376e-01  -4.2729705e-02   8.6958051e-02   2.3139578e-03  -3.6991052e-04   2.8859099e-04
  -1.1569254e-01  -4.5993103e-02   1.3497923e-01   2.7796773e-03  -1.8664234e-04   4.5244445e-04
  -1.0332853e-01  -3.7848176e-02   1.4556292e-01   2.4480522e-03  -4.3746210e-04   2.2029276e-04
  -9.5513805e-02  -2.9697900e-02   1.1575054e-01   1.3458060e-03   1.9239647e-04   1.2241682e-04
  -1.0572297e-01  -3.0744050e-02   1.3809679e-01   1.3688174e-03  -2.0436318e-04   3.8739587e-04
  -9.6903696e-02  -3.8756744e-02   1.4242541e-01   2.0829755e-03   5.3159576e-05   1.0828974e-04
  -1.0710214e-01  -5.6550386e-03  -1.0638434e-01   1.2244535e-03   4.7548481e-04  -8.8087547e-04
  -4.2444559e-03  -1.4434228e-01  -3.8277888e-01   4.3993044e-03   1.0088616e-03  -1.6837270e-03
  -1.7218856e-03  -2.8774623e-01  -5.9673786e-01   4.9556943e-03  -9.3215350e-04  -9.1007240e-05
  -1.0581410e-01  -2.4992602e-01  -2.6712712e-01   9.6939821e-03  -2.8704406e-03   2.9566578e-03
  -1.0922714e-01  -1.4236290e-01  -1.4560449e-01   4.5177442e-03  -1.5642181e-03   1.8889574e-03
  -1.0525811e-01  -1.0840389e-01  -8.4192118e-02   4.7820435e-03  -2.3819036e-03   1.1720449e-03
  -1.1776934e-01  -7.8082424e-02  -4.4573396e-02   5.0935796e-03  -2.4463831e-03   1.4978505e-03
  -1.3042773e-01  -6.4077516e-02  -3.5685849e-02   5.2845733e-03  -2.8695635e-03   1.5126969e-03
  -1.1919617e-01  -1.9019749e-02  -7.5354822e-02   6.2532700e-03  -2.3429841e-03   7.0650217e-04
  -1.6292462e-01  -9.3355507e-02  -9.4854732e-02   4.6794636e-03  -3.5151512e-03   1.6546770e-03
  -1.5565409e-01  -5.7940226e-02  -6.2093523e-02   5.1940486e-03  -3.8402168e-03   1.5297375e-03
  -1.5673261e-01  -9.1948720e-02  -4.1615947e-02   5.5207533e-03  -3.9145801e-03   1.5723193e-03
  -1.6947339e-01  -9.4441308e-02  -4.7197575e-02   5.2037266e-03  -3.6442510e-03   1.9242932e-03
  -1.6419416e-01  -5.5212737e-02   5.4802764e-03   5.8355466e-03  -3.9157281e-03   1.6330473e-03
  -1.6829241e-01  -6.7276027e-02  -1.7244535e-02   5.6596890e-03  -4.1084796e-03   1.5560616e-03
  -1.7040967e-01  -6.5766149e-02   1.5728092e-02   5.7988065e-03  -4.3971506e-03   1.3879366e-03
  -1.8325261e-01  -6.6813590e-02  -2.9582439e-02   6.0159805e-03  -4.8242236e-03   1.5785850e-03
  -1.7936278e-01  -5.3914469e-02   1.2268474e-02   7.6184321e-03  -4.8258582e-03   7.6251066e-04
  -1.8957339e-01  -5.8763182e-02  -1.1174981e-02   5.3609174e-03  -4.9775891e-03   1.6837895e-03
  -1.7103212e-01  -5.4106696e-02   5.8249416e-03   5.8945879e-03  -4.6948490e-03   1.3724140e-03
  -1.7881908e-01  -2.7586509e-02   3.4053214e-04   5.5927582e-03  -4.9187594e-03   1.4364862e-03
  -1.9618457e-01  -3.3334045e-02   4.4183314e-02   6.0183528e-03  -5.2528603e-03   1.5318063e-03
  -1.9037352e-01  -1.9542009e-02   2.1964699e-02   5.5631736e-03  -5.1969415e-03   1.6050891e-03
  -1.8270036e-01  -1.1701975e-01   1.5013414e-02   8.8958371e-03  -2.2406232e-03   9.2381076e-04
  -2.0834692e-01  -5.8291763e-02   3.1957227e-02  -9.5961532e-04  -4.9813652e-03   1.2421720e-03
  -1.9952254e-01  -4.8205129e-02   9.7468297e-02   2.4130824e-04  -4.3734638e-03   1.9421136e-03
  -2.0459987e-01  -3.7658320e-02   1.0984403e-01   6.8397331e-04  -4.4592319e-03   1.9363959e-03
  -1.9771965e-01  -3.1636090e-02   1.0726925e-01   1.3656837e-03  -4.5058651e-03   2.0883431e-03
  -1.9499751e-01  -1.4717706e-02   1.2393986e-01   1.0077462e-03  -4.4573579e-03   1.5155768e-03
  -1.9893181e-01  -7.7612304e-03   1.2448254e-01   4.1917370e-04  -4.9582512e-03   1.7671198e-03
  -1.9810949e-01  -1.6683242e-02   1.5007732e-01   9.2980459e-04  -5.2482200e-03   1.5810662e-03
  -1.9093719e-01  -1.0220972e-03   1.7318274e-01   2.5807515e-04  -4.8580972e-03   1.7646203e-03
  -1.8273121e-01   1.9100128e-03   2.1796724e-01   1.0412958e-03  -4.7055950e-03   1.3684595e-03
  -1.8070988e-01  -7.9382853e-04   1.9126732e-01   6.6199089e-04  -4.7765630e-03   1.5798979e-03
  -1.8394751e-01   1.1795760e-02   2.0021070e-01   4.5025134e-04  -4.6066679e-03   1.5015140e-03
  -2.0071258e-01   3.2761876e-03   2.6379925e-01   1.4056326e-03  -5.1545219e-03   1.4342751e-03
  -1.9720379e-01  -1.5468653e-02   1.8590141e-01   3.5556495e-05  -4.9793447e-03   1.8022868e-03
  -2.0752714e-01   7.0207176e-03   2.2571728e-01   1.8097048e-05  -5.0813052e-03   1.8700639e-03
  -2.0373476e-01   1.9414569e-02   2.4437748e-01   7.2953925e-05  -5.0484780e-03   1.6993825e-03
  -1.8787487e-01   2.1740434e-02   2.4469906e-01   3.1471807e-04  -5.1089967e-03   1.5373881e-03
  -1.8938938e-01   1.2663647e-02   2.4973681e-01   3.9721698e-04  -4.6653630e-03   1.6734301e-03
  -2.1550613e-01   2.5621228e-02   2.8217031e-01  -2.3506028e-05  -5.3029391e-03   2.0770963e-03
  -1.9699325e-01   2.9206989e-02   2.7424479e-01   2.2263706e-04  -5.1619439e-03   1.5041961e-03
  -2.0215976e-01   1.8866358e-02   2.6071288e-01   4.0823151e-04  -4.8567828e-03   1.5476521e-03
  -1.8894763e-01   1.8072625e-02   2.7074360e-01   5.1622135e-04  -5.1515488e-03   1.4317786e-03
  -1.8264129e-01   1.1519505e-02   2.7924889e-01   9.3892337e-04  -4.7177264e-03   1.6030771e-03
  -1.7034417e-01   6.3048458e-03   3.0578353e-01   7.4678462e-04  -4.4211750e-03   1.5141474e-03
  -1.7477917e-01   3.0143156e-02   3.1359358e-01   2.3909408e-04  -4.5166580e-03   1.4095682e-03
  -2.1443261e-01   2.4558913e-02   3.5423397e-01   8.4243860e-04  -4.7585910e-03   2.0626937e-03
  -2.1005194e-01   4.6091401e-02   2.8461893e-01  -7.3704837e-04  -5.1980754e-03   1.2839443e-03
  -3.2026146e-01   1.9655406e-02   5.1989758e-01  -1.4463699e-03  -7.4043910e-03  -3.9171388e-04
  -1.5062577e-01  -9.3216994e-04   3.8625055e-01  -5.6685808e-03  -2.0551793e-03   1.3024091e-03
  -1.6927235e-01  -8.5930128e-05   4.0173605e-01  -4.4672101e-03  -3.1818304e-03   1.0575505e-03
  -1.8234475e-01   3.8328271e-02   4.8849690e-01  -2.2585454e-03  -3.5472939e-03   1.6075605e-03
  -1.7650060e-01   5.7945514e-02   5.0590040e-01  -2.8196630e-03  -3.7699185e-03   1.6313539e-03
  -1.9118801e-01   5.3865395e-02   5.0626737e-01  -3.3236876e-03  -4.1003496e-03   1.6547302e-03
  -1.8582856e-01   4.7215568e-02   4.9639342e-01  -3.5900178e-03  -4.3512772e-03   1.7059581e-03
  -1.6658251e-01   6.3571005e-02   5.1261387e-01  -3.4698888e-03  -4.0461654e-03   1.2493499e-03
  -1.7784922e-01   4.8735469e-02   5.1389263e-01  -3.6169534e-03  -4.3475423e-03   1.2045096e-03
  -1.8162263e-01   4.1666024e-02   5.0532047e-01  -3.5875045e-03  -4.1684796e-03   1.5590303e-03
  -1.6681851e-01   2.8917002e-02   4.8606344e-01  -3.3630716e-03  -4.3761060e-03   8.1746452e-04
  -2.0326920e-01   3.9167299e-02   4.6604817e-01  -4.1168212e-03  -4.8602148e-03   1.9706239e-03
  -1.9389108e-01   4.9791113e-02   5.1777716e-01  -4.1314890e-03  -4.9019716e-03   1.5900759e-03
  -1.9424880e-01   5.4949155e-02   5.4533863e-01  -4.0527596e-03  -4.6587896e-03   1.7701374e-03
  -1.8249929e-01   5.1637169e-02   5.4285501e-01  -4.4306717e-03  -4.8285587e-03   1.7407314e-03
  -1.9450911e-01   6.1154384e-02   5.6049102e-01  -3.6018541e-03  -4.6176037e-03   2.0000382e-03
  -1.6376658e-01   1.0506224e-01   4.8033370e-01  -3.8363195e-03  -4.3717220e-03   1.2752671e-03
  -1.8991842e-01   4.3315438e-02   5.3484645e-01  -3.4300181e-03  -4.8726588e-03   1.6624700e-03
  -1.7483427e-01   7.2781227e-02   5.8933804e-01  -2.6498179e-03  -4.7329759e-03   1.3829913e-03
  -1.7103713e-01   7.7859625e-02   5.8411371e-01  -3.2875823e-03  -4.6652276e-03   1.4118433e-03
  -1.7317756e-01   6.1345637e-02   5.6467780e-01  -3.6958491e-03  -4.4925241e-03   1.4351632e-03
  -1.6287346e-01   5.3761414e-02   5.9447148e-01  -3.4861429e-03  -4.4676178e-03   1.4431871e-03
  -1.8288093e-01   6.2089339e-02   6.2461025e-01  -3.9984254e-03  -4.3189880e-03   1.6983169e-03
  -1.7781520e-01   8.0826711e-02   6.3683387e-01  -3.5682687e-03  -4.2850217e-03   1.5216117e-03
  -1.9325887e-01   7.7502899e-02   6.5029766e-01  -3.5675112e-03  -4.5961687e-03   1.7060284e-03
  -1.6311667e-01   6.7992664e-02   5.7551996e-01  -5.1894541e-03  -3.8049436e-03   1.4625392e-03
  -1.8326557e-01   6.6476112e-02   5.2521652e-01  -4.3683817e-03  -4.4686199e-03   1.3555559e-03
  -1.9510881e-01   3.9098731e-02   5.7873612e-01  -3.2433673e-03  -4.6568763e-03   1.2851837e-03
  -1.9373706e-01   5.6567726e-02   6.4283351e-01  -3.4213983e-03  -4.7173934e-03   1.3184623e-03
  -1.8381394e-01   7.5349524e-02   6.9017490e-01  -2.9203254e-03  -4.4385546e-03   1.2028939e-03
  -1.9772959e-01   6.9726157e-02   6.7399759e-01  -3.8571919e-03  -4.8419308e-03   1.3749899e-03
  -1.6634769e-01   1.0119867e-01   7.8054255e-01  -2.9268062e-03  -4.6195286e-03   9.3947695e-04
  -1.9716863e-01   8.2682141e-02   7.3361795e-01  -3.6258343e-03  -4.6519141e-03   1.6843078e-03
  -1.7955567e-01   8.6036859e-02   7.4689072e-01  -3.1213153e-03  -4.5246174e-03   1.3000062e-03
  -1.7696437e-01   8.5794220e-02   7.7774399e-01  -3.7978722e-03  -4.4094065e-03   1.4760109e-03
  -1.8935122e-01   8.3290467e-02   7.5551067e-01  -3.7900758e-03  -4.7780836e-03   1.3876195e-03
  -1.5956168e-01   9.4194854e-02   7.7478495e-01  -3.7059099e-03  -4.0719195e-03   1.1120599e-03
  -1.7947089e-01   1.0781190e-01   7.5488605e-01  -3.6912441e-03  -4.4662245e-03   1.3438977e-03
  -1.6090235e-01   1.0119234e-01   7.7680627e-01  -4.0710000e-03  -4.5717503e-03   1.2894078e-03
  -1.8110392e-01   9.7812820e-02   8.1185537e-01  -3.4724235e-03  -4.7626430e-03   1.5188756e-03
  -1.7305004e-01   1.1514777e-01   8.3658890e-01  -3.1843513e-03  -4.4406582e-03   1.6741262e-03
  -1.9069366e-01   1.1042575e-01   8.3411481e-01  -2.9890846e-03  -4.9437939e-03   1.8671338e-03
  -1.7445737e-01   1.2489145e-01   8.2572703e-01  -4.4349855e-03  -4.9189118e-03   1.7089500e-03
  -1.8381414e-01   1.2332130e-01   8.0076345e-01  -4.0190884e-03  -4.6699929e-03   1.8572351e-03
  -1.7066260e-01   1.1154918e-01   8.4421916e-01  -3.8633981e-03  -4.4327456e-03   1.6498210e-03
  -1.8666930e-01   1.1135227e-01   8.4766971e-01  -3.6863361e-03  -5.2147009e-03   1.7049175e-03
  -1.8274997e-01   1.1495442e-01   8.9452848e-01  -2.8657734e-03  -4.9763385e-03   1.6409076e-03
  -1.8232713e-01   1.0917021e-01   8.9426955e-01  -3.1147516e-03  -4.8423367e-03   1.6234567e-03
  -1.8084193e-01   1.1904304e-01   8.9702454e-01  -3.8563518e-03  -4.7394050e-03   1.6063389e-03
  -1.2690705e-01   1.1733076e-01   8.9923740e-01  -3.3384540e-03  -1.9089304e-03   1.3901985e-03
  -1.7445530e-01   1.0742192e-01   8.8836729e-01  -4.4215417e-03  -3.5501042e-03   2.2053290e-03
  -1.7687962e-01   1.1909216e-01   9.3340127e-01  -3.1813031e-03  -3.3084517e-03   2.0934527e-03
  -1.6568924e-01   1.3600279e-01   9.8228245e-01  -2.7566749e-03  -3.4929139e-03   1.8010009e-03
  -1.7671461e-01   1.5291355e-01   9.4059078e-01  -3.9346100e-03  -3.7791977e-03   2.1883462e-03
  -1.7446549e-01   1.2984185e-01   9.6756910e-01  -3.6009158e-03  -3.3269287e-03   2.0154403e-03
  -1.7684253e-01   1.3531375e-01   9.8819687e-01  -3.6238076e-03  -3.4621977e-03   2.2524610e-03
  -1.7464713e-01   1.2808799e-01   9.1461116e-01  -3.6126750e-03  -3.8580380e-03   1.7905647e-03
  -2.0100196e-01   1.0870557e-01   9.3737581e-01  -3.2803989e-03  -4.4773288e-03   2.1054113e-03
  -2.1457841e-01   9.9875361e-02   9.0815255e-01  -3.1073656e-03  -4.7125443e-03   2.1426840e-03
  -2.3111814e-01   1.1319317e-01   8.9026001e-01  -2.5924772e-03  -5.5585838e-03   1.9278461e-03
  -2.0576705e-01   1.2252434e-01   9.3293621e-01  -3.1713711e-03  -5.5181973e-03   1.8521273e-03
  -1.9960897e-01   1.1914712e-01   9.6511058e-01  -3.3450788e-03  -5.3731610e-03   2.0492299e-03
  -1.9563236e-01   1.4660098e-01   9.8092306e-01  -3.6506004e-03  -5.1681868e-03   1.7817519e-03
  -1.8968769e-01   1.2192952e-01   9.9498380e-01  -3.8728277e-03  -4.8184091e-03   1.8692736e-03
  -1.7832870e-01   1.2817962e-01   1.0122492e+00  -3.5020235e-03  -4.7020176e-03   1.6684445e-03
  -1.9605530e-01   1.4459381e-01   9.9798941e-01  -3.8272835e-03  -4.8605202e-03   1.9131008e-03
  -1.6809780e-01   1.5699207e-01   1.1593100e+00  -4.4191268e-03  -3.7792862e-03   1.9520772e-03
  -2.1081347e-01   1.8060794e-02   1.3279398e+00  -1.2012508e-02  -2.2629834e-03   4.8725269e-03
  -2.5275632e-01  -6.6795134e-02   6.6438902e-01  -1.5686096e-02  -3.5619994e-03   4.8431407e-03
  -2.6507471e-01  -1.1515001e-01   7.4034920e-01  -1.5039522e-02  -5.8278446e-03   6.6387984e-03
  -3.2547916e-01  -1.2952208e-01   6.4628726e-01   1.8660897e-03  -3.8055256e-03   2.1587614e-03
  -2.6695162e-01  -1.0358991e-01   8.0885650e-01   1.0866902e-02  -3.3387472e-03   2.9027461e-03
  -1.9493631e-01  -1.9959873e-02   1.0243541e+00   9.9113375e-03  -7.5214788e-04   2.1142657e-03
  -1.8431108e-01   2.2719432e-02   1.0181065e+00   6.7564992e-03  -3.8384119e-04   2.6328137e-03
  -1.7443782e-01   4.8888372e-02   1.0484246e+00   7.0761066e-03  -9.2957472e-04   2.5442409e-03
  -1.7208313e-01   3.8200984e-02   1.0611771e+00   7.2585634e-03  -1.2000925e-03   2.5367981e-03
  -1.7304785e-01   8.3878619e-02   1.0658370e+00   6.9026302e-03  -1.2519804e-03   2.6348883e-03
  -1.7397971e-01   6.7164281e-02   1.0363484e+00   6.3506281e-03  -9.0952449e-04   2.6680711e-03
  -1.9559645e-01   5.7404533e-02   1.0790307e+00   6.8061788e-03  -1.3551529e-03   2.8492560e-03
  -1.7585337e-01   5.5220227e-02   1.0958156e+00   6.4458766e-03  -1.0930394e-03   2.5422062e-03
  -1.8873322e-01   5.4380831e-02   1.1306837e+00   6.2562064e-03  -1.2791750e-03   2.8240932e-03
  -1.8880420e-01   8.3075209e-02   1.1657135e+00   7.1847690e-03  -1.3562705e-03   2.8956670e-03
  -1.8368388e-01   8.3733238e-02   1.1008307e+00   6.2094078e-03  -1.0726910e-03   2.7802579e-03
  -1.6298793e-01   5.9944644e-02   1.1229280e+00   6.2506472e-03  -1.2733783e-03   2.2422578e-03
  -2.0525083e-01   8.1161761e-02   1.1756520e+00   7.8929403e-03  -2.4755658e-03   2.5567737e-03
  -2.1537043e-01   3.6037103e-02   1.1224183e+00   6.5494874e-03  -2.5909373e-03   2.9135328e-03
  -2.0408219e-01   6.7995208e-02   1.1815084e+00   7.5736099e-03  -2.7004781e-03   2.5928365e-03
  -1.9235299e-01   9.4782306e-02   1.1797014e+00   7.2973940e-03  -2.8923748e-03   2.4439002e-03
  -1.9554905e-01   6.8474882e-02   1.1754184e+00   7.1544464e-03  -2.7488480e-03   2.4786013e-03
  -2.0259200e-01   1.1107912e-01   1.2706781e+00   8.2083508e-03  -2.7390611e-03   2.9003262e-03
  -1.8992136e-01   1.1049895e-01   1.2361316e+00   7.2297214e-03  -2.3337660e-03   2.4564884e-03
  -1.9305541e-01   9.5348408e-02   1.2243678e+00   6.4556701e-03  -2.1502623e-03   2.5198570e-03
  -2.0258467e-01  -3.7073202e-03   1.3542017e+00   9.3883113e-03  -2.5184653e-03   3.2076236e-03
  -1.8207194e-01   1.3745847e-01   1.3344632e+00   7.7781389e-03  -1.3428779e-03   2.5029395e-03
  -1.9336013e-01   1.0837211e-01   1.2961718e+00   5.8538590e-03  -1.7378144e-03   2.5770634e-03
  -1.8869649e-01   1.1595734e-01   1.3168669e+00   6.2186721e-03  -1.7509602e-03   2.6763168e-03
  -1.9258371e-01   1.3591150e-01   1.3402249e+00   7.3296801e-03  -1.7997466e-03   2.7447829e-03
  -1.7739844e-01   1.5872183e-01   1.3435390e+00   7.0824220e-03  -1.2489482e-03   2.3163609e-03
  -1.8319817e-01   1.4562247e-01   1.3776465e+00   7.4965587e-03  -1.6364242e-03   2.5371052e-03
  -1.8819573e-01   1.4676734e-01   1.3745289e+00   7.3310258e-03  -1.5974167e-03   2.6438381e-03
  -1.7844829e-01   1.7764753e-01   1.3850197e+00   7.1117457e-03  -1.8174433e-03   2.6814477e-03
  -1.8634444e-01   1.5119551e-01   1.3934478e+00   6.9300905e-03  -1.5702849e-03   2.7052938e-03
  -1.7703647e-01   1.4983160e-01   1.4178598e+00   7.0129581e-03  -1.6336603e-03   2.5401086e-03
  -1.7356021e-01   1.4708429e-01   1.4175789e+00   7.0075235e-03  -1.8001312e-03   2.4031107e-03
  -1.8617141e-01   1.5005188e-01   1.4536842e+00   6.4546113e-03  -1.4042947e-03   3.0124545e-03
  -1.7987302e-01   1.6590376e-01   1.4400238e+00   6.6169067e-03  -1.6419937e-03   2.3783488e-03
  -1.7768603e-01   1.6225417e-01   1.4703030e+00   7.1621397e-03  -1.7306216e-03   2.5816167e-03
  -1.6816534e-01   1.4834985e-01   1.4707940e+00   7.2381722e-03  -1.7282388e-03   2.5336754e-03
  -1.7668331e-01   1.6504550e-01   1.4889829e+00   7.0610971e-03  -1.5756705e-03   2.7964276e-03
  -1.8447962e-01   1.6368842e-01   1.4791477e+00   5.9032055e-03  -2.3711565e-03   2.6436548e-03
  -1.8477909e-01   1.5791570e-01   1.4767965e+00   6.7879798e-03  -2.6319614e-03   2.5460840e-03
  -1.7921217e-01   1.6683424e-01   1.4781750e+00   7.1456125e-03  -2.4887863e-03   2.3587034e-03
  -1.7586949e-01   1.7157073e-01   1.4990661e+00   6.6516595e-03  -2.4461164e-03   2.2822524e-03
  -1.7577847e-01   1.5943974e-01   1.5044135e+00   6.7999052e-03  -2.4230114e-03   2.4906804e-03
  -1.6858107e-01   1.9052547e-01   1.5209229e+00   7.1718056e-03  -3.0223543e-03   2.0199544e-03
  -1.7444682e-01   1.6380137e-01   1.4821837e+00   5.9901850e-03  -2.5558248e-03   2.4470439e-03
  -1.7440781e-01   1.6141944e-01   1.4994098e+00   7.4006415e-03  -1.7202398e-03   2.4629121e-03
  -1.5795887e-01   1.6915878e-01   1.5490234e+00   7.1319796e-03  -1.7794384e-03   2.1874674e-03
  -1.6183026e-01   1.6997647e-01   1.5668506e+00   6.3129836e-03  -1.6107234e-03   2.6552144e-03
  -1.7187461e-01   1.6809533e-01   1.5748718e+00   6.4494570e-03  -2.1362989e-03   2.2820705e-03
  -1.7005156e-01   1.7953972e-01   1.5943231e+00   6.9966582e-03  -2.2545525e-03   2.6820356e-03
  -1.8292375e-01   1.8714840e-01   1.5956293e+00   7.1214154e-03  -2.5930736e-03   2.5148554e-03
  -1.8291753e-01   1.8486493e-01   1.5986858e+00   6.3461904e-03  -2.8817946e-03   2.7238872e-03
  -1.7587985e-01   1.6872185e-01   1.5972827e+00   6.0146398e-03  -2.5584134e-03   2.7921060e-03
  -1.7561739e-01   1.7090260e-01   1.6293968e+00   6.3870150e-03  -2.7033332e-03   2.5473638e-03
  -1.7777733e-01   1.8183046e-01   1.6402530e+00   6.5925085e-03  -2.2685999e-03   2.7196330e-03
  -1.7986447e-01   1.9560619e-01   1.6409741e+00   6.4014579e-03  -2.3768178e-03   2.8363494e-03
  -1.8682641e-01   1.7847345e-01   1.6679342e+00   6.9713609e-03  -2.7884738e-03   2.7152522e-03
  -1.6613443e-01   2.0376193e-01   1.6806234e+00   6.4701649e-03  -2.3029230e-03   2.5958876e-03
  -1.6765020e-01   1.9740926e-01   1.7095313e+00   6.3247512e-03  -2.7201202e-03   2.1942181e-03
  -1.8692380e-01   2.0127982e-01   1.6965566e+00   6.5998745e-03  -2.4628355e-03   2.9044218e-03
  -1.7311360e-01   1.9477291e-01   1.7097672e+00   6.4459110e-03  -2.4372381e-03   2.7425590e-03
  -1.6234710e-01   2.1642207e-01   1.7356643e+00   6.5450478e-03  -2.0918503e-03   2.6421355e-03
  -1.6610305e-01   1.9975183e-01   1.7272452e+00   7.4793895e-03  -2.6023491e-03   2.2452519e-03
  -1.7843277e-01   1.9057179e-01   1.7502462e+00   6.9797865e-03  -2.5587948e-03   2.6469724e-03
  -1.6735439e-01   2.2654839e-01   1.7541401e+00   7.1202967e-03  -2.1811912e-03   2.3091107e-03
  -1.7404576e-01   2.0724937e-01   1.7578517e+00   6.6501139e-03  -2.1546748e-03   2.6017820e-03
  -1.8092299e-01   2.3249952e-01   1.8255787e+00   7.8957767e-03  -2.0609555e-03   2.0869162e-03
  -1.7916930e-01   2.2660666e-01   1.8515912e+00   5.6950023e-03  -1.3226730e-04   2.1970187e-03
  -1.4719644e-01   1.7082483e-01   1.7917113e+00   7.1080289e-03   2.3884917e-04   1.2888412e-03
  -1.5241058e-01   1.7872077e-01   1.7948740e+00   5.9533674e-03  -6.0335314e-04   1.4795292e-03
  -1.5190379e-01   2.4884611e-01   1.8875442e+00   6.3232137e-03  -9.6626392e-04   1.7261218e-03
  -1.3940027e-01   2.3278847e-01   1.9493797e+00   5.3866673e-03  -6.9964878e-04   1.9779364e-03
  -1.3452706e-01   2.1955733e-01   1.8665900e+00   3.3794966e-03  -7.6144897e-04   2.0910907e-03
  -1.4968285e-01   2.4942577e-01   1.9423519e+00   4.6749730e-03  -5.7790672e-04   2.5894508e-03
  -1.3391393e-01   2.4753216e-01   1.9642161e+00   5.1737653e-03  -9.0322083e-04   2.0788259e-03
  -1.4205991e-01   2.3944194e-01   1.9572371e+00   3.8492038e-03  -8.7476223e-04   2.4561801e-03
  -1.3940823e-01   2.5451061e-01   1.9616489e+00   4.4559746e-03  -8.6903795e-04   2.1213540e-03
  -1.4271078e-01   2.5401917e-01   1.9785163e+00   4.6395608e-03  -8.5684462e-04   2.2802806e-03
  -1.3499599e-01   2.6992391e-01   1.9936250e+00   5.0795721e-03  -6.9771937e-04   2.0020393e-03
  -1.2209822e-01   2.5522360e-01   1.9714292e+00   4.3586090e-03  -1.0005795e-03   2.1353798e-03
  -1.4203823e-01   2.5143638e-01   1.9114282e+00   3.1336141e-03  -1.2914325e-03   2.1196525e-03
  -1.5305584e-01   2.7985523e-01   2.0052448e+00   5.2113203e-03  -1.1569641e-03   2.3007384e-03
  -1.4689964e-01   2.5612014e-01   1.9972719e+00   3.9167439e-03  -1.3536863e-03   2.1173018e-03
  -1.5029377e-01   2.8947102e-01   2.0263805e+00   4.6697455e-03  -1.4997208e-03   2.3162176e-03
  -1.4735395e-01   2.8752731e-01   2.0272779e+00   4.7744039e-03  -1.6159987e-03   2.0712424e-03
  -1.5610459e-01   2.6454548e-01   2.0314946e+00   4.4276143e-03  -1.7571427e-03   2.1285930e-03
  -1.4209571e-01   2.5650443e-01   2.0137416e+00   4.3116883e-03  -1.4211928e-03   2.2735877e-03
  -1.2992803e-01   2.8569875e-01   2.0641914e+00   4.5587472e-03  -1.2087508e-03   2.1333885e-03
  -1.3515669e-01   2.9328842e-01   2.1103618e+00   5.0088073e-03  -1.4699234e-03   2.1723588e-03
  -1.2918780e-01   3.0339304e-01   2.1259500e+00   4.7303451e-03  -1.1955709e-03   2.3348884e-03
  -1.3438554e-01   2.7757359e-01   2.1563918e+00   4.8209142e-03  -1.3106029e-03   2.3519708e-03
  -1.4251557e-01   3.1253252e-01   2.1561714e+00   5.0476666e-03  -1.3168926e-03   2.5161463e-03
  -1.3272265e-01   2.9572511e-01   2.1346920e+00   4.8039554e-03  -1.5024622e-03   2.2162062e-03
  -1.3301746e-01   2.9588726e-01   2.1554389e+00   4.6665817e-03  -1.4560008e-03   2.4668946e-03
  -1.4267099e-01   3.0746007e-01   2.1917449e+00   5.4196276e-03  -1.7848700e-03   2.3912588e-03
  -1.4624603e-01   3.0622412e-01   2.1726555e+00   4.4936336e-03  -1.9398552e-03   2.4169915e-03
  -1.4482033e-01   3.0972568e-01   2.1940365e+00   4.6285459e-03  -1.7967713e-03   2.5581640e-03
  -1.4498601e-01   2.9679448e-01   2.1831973e+00   4.9149215e-03  -1.6483728e-03   2.4553253e-03
  -1.6347088e-01   2.7782291e-01   2.1997266e+00   4.7530423e-03  -1.8968590e-03   2.1131040e-03
  -1.1984497e-01   3.1800419e-01   2.1838549e+00   5.2543035e-03  -9.1531871e-04   2.1345509e-03
  -1.1870030e-01   3.0468779e-01   2.2166449e+00   5.1682904e-03  -5.9015998e-05   2.6410068e-03
  -1.7008777e-01   2.5810410e-01   2.3698162e+00  -1.1973171e-04  -3.1552515e-04   3.6331729e-03
  -1.9409263e-01   2.0761229e-01   2.1777830e+00  -6.5035434e-04  -3.0261498e-03   4.6184466e-03
  -2.0430619e-01   2.7128361e-01   2.1913665e+00   3.4752292e-03  -4.8392096e-03   1.6779995e-03
  -1.1733156e-01   2.6784461e-01   2.1765509e+00  -2.5790813e-03  -2.8151270e-03   2.2566088e-03
  -1.3905197e-01   3.0431345e-01   2.2741234e+00  -1.8025114e-03  -3.7821896e-03   2.3343140e-03
  -1.4023903e-01   3.3642497e-01   2.2893350e+00  -1.3232292e-03  -4.0199624e-03   2.6001969e-03
  -1.6852165e-01   3.4629432e-01   2.3375796e+00  -4.0607350e-04  -5.3626461e-03   2.3218444e-03
  -1.6197372e-01   3.5489229e-01   2.3629563e+00  -1.0643255e-03  -4.8568096e-03   2.6710219e-03
  -1.5303083e-01   3.7060633e-01   2.3574533e+00  -1.7567252e-03  -4.6973750e-03   2.6703733e-03
  -1.3647516e-01   3.5631493e-01   2.4130305e+00  -1.2820984e-03  -4.8772322e-03   2.6486224e-03
  -1.3172913e-01   3.7981740e-01   2.3792178e+00  -1.3327383e-03  -4.5223529e-03   2.3924971e-03
  -1.4343243e-01   3.8367274e-01   2.4167843e+00  -1.1308714e-03  -4.6129157e-03   2.6391584e-03
  -1.4639012e-01   3.9729155e-01   2.4171296e+00  -1.2649858e-03  -4.4481123e-03   3.1767814e-03
  -1.3920808e-01   3.8270379e-01   2.4189410e+00  -1.4676274e-03  -4.5514907e-03   2.8414238e-03
  -1.5289633e-01   3.8948330e-01   2.4627818e+00  -5.5194863e-04  -4.7687951e-03   3.2084817e-03
  -1.4147171e-01   3.8738536e-01   2.4738597e+00  -1.4690401e-03  -4.4512150e-03   2.9283844e-03
  -1.3412382e-01   3.8748846e-01   2.4504197e+00  -1.8942302e-03  -4.6912577e-03   2.3906468e-03
  -1.5245822e-01   3.6515331e-01   2.4045680e+00  -2.3045551e-03  -4.0877045e-03   2.5438094e-03
  -1.9006635e-01   3.3887030e-01   2.5621933e+00  -2.7140979e-03  -4.9571508e-03   2.9936717e-03
  -1.4969454e-01   3.8960868e-01   2.4022316e+00  -3.4131313e-03  -4.8435432e-03   2.5507121e-03
  -1.3990802e-01   3.9209657e-01   2.5217463e+00  -2.1902709e-03  -4.8066370e-03   2.1510024e-03
  -1.4904232e-01   3.8431989e-01   2.5228246e+00  -3.0148948e-03  -4.8293253e-03   2.8704418e-03
  -1.4435234e-01   3.9137416e-01   2.5418757e+00  -2.8187734e-03  -4.8877296e-03   2.5678688e-03
  -1.5243068e-01   4.0330345e-01   2.5711286e+00  -2.3378999e-03  -4.6629419e-03   2.9587152e-03
  -1.5280527e-01   4.0440072e-01   2.5564186e+00  -2.3912294e-03  -5.0885931e-03   2.9286498e-03
  -1.5108593e-01   4.0893046e-01   2.5547070e+00  -2.2972178e-03  -4.8806300e-03   3.1232495e-03
  -1.5930166e-01   3.8301412e-01   2.5516683e+00  -2.7409841e-03  -4.8063615e-03   3.3258996e-03
  -1.4602133e-01   4.1830003e-01   2.6338922e+00  -2.2932951e-03  -5.0312418e-03   3.1665083e-03
  -1.4634259e-01   4.3360034e-01   2.6194033e+00  -2.0360623e-03  -4.9693764e-03   3.1398266e-03
  -1.4390337e-01   4.4219634e-01   2.7072325e+00  -1.6246679e-03  -4.8070006e-03   2.9011546e-03
  -1.4572526e-01   4.1007861e-01   2.6597137e+00  -2.5427264e-03  -4.7856909e-03   3.2957936e-03
  -1.3578803e-01   4.1489651e-01   2.6962927e+00  -1.8380448e-03  -4.6225677e-03   3.2433419e-03
  -1.4393504e-01   4.2446257e-01   2.6907655e+00  -2.1620123e-03  -4.6860807e-03   3.1335298e-03
  -1.5274136e-01   4.3523165e-01   2.7140387e+00  -1.7477730e-03  -4.8094965e-03   3.3230262e-03
  -1.5185362e-01   4.1148107e-01   2.6708611e+00  -3.9114836e-03  -4.8417424e-03   2.9937173e-03
  -1.4800436e-01   4.1574304e-01   2.7051564e+00  -2.1546788e-03  -4.9788331e-03   2.9543700e-03
  -1.6354079e-01   4.0935553e-01   2.7225713e+00  -2.4955082e-03  -5.1705136e-03   3.0717128e-03
  -1.5603312e-01   4.4733717e-01   2.7396615e+00  -2.2777959e-03  -5.0645446e-03   3.0540522e-03
  -1.5096154e-01   4.4866864e-01   2.7268026e+00  -2.5963188e-03  -5.3281750e-03   2.9037372e-03
  -1.6019332e-01   4.5100151e-01   2.7267496e+00  -2.3365883e-03  -5.1285587e-03   3.1579815e-03
  -1.7269355e-01   4.2587874e-01   2.7176083e+00  -2.6052973e-03  -5.6149833e-03   3.1889000e-03
  -1.6789758e-01   4.5715246e-01   2.7622106e+00  -2.0037468e-03  -5.1355950e-03   3.4376312e-03
  -1.6471886e-01   4.4473198e-01   2.7584923e+00  -2.4423772e-03  -5.3386347e-03   3.2288042e-03
  -2.1609923e-01   4.5871927e-01   2.7393021e+00  -1.7654599e-03  -8.0765657e-03   2.0080819e-03
  -1.6917223e-01   4.1325726e-01   2.7614741e+00  -2.2677019e-03  -6.5788340e-03   2.7645710e-03
  -1.6998529e-01   4.4689545e-01   2.7993178e+00  -1.8040438e-03  -6.2136345e-03   3.3796997e-03
  -1.5548766e-01   4.5896030e-01   2.8238239e+00  -1.9592646e-03  -6.0833162e-03   2.8764371e-03
  -1.6097904e-01   4.3941475e-01   2.8339390e+00  -2.0504643e-03  -5.8931792e-03   3.1159376e-03
  -1.5375154e-01   4.5615057e-01   2.8682416e+00  -1.5572175e-03  -5.7859143e-03   3.0418517e-03
  -1.4910648e-01   4.6241693e-01   2.8733079e+00  -1.6855405e-03  -5.8846017e-03   3.0129753e-03
  -1.5739510e-01   4.3671245e-01   2.8330935e+00  -2.6459769e-03  -5.4869955e-03   3.1368838e-03
  -1.6392534e-01   4.4331057e-01   2.8354696e+00  -2.0567734e-03  -5.8313335e-03   3.2999781e-03
  -1.7073368e-01   4.5466489e-01   2.8617484e+00  -2.1197467e-03  -5.8804284e-03   3.1336805e-03
  -1.6302672e-01   4.5039974e-01   2.8722139e+00  -1.7920941e-03  -5.6846953e-03   2.9197396e-03
  -1.5386533e-01   4.6664792e-01   2.8912794e+00  -1.8666022e-03  -5.7054918e-03   3.1215862e-03
  -1.6512838e-01   4.4634664e-01   2.8878720e+00  -2.2718868e-03  -5.8018214e-03   3.0709393e-03
  -1.5400981e-01   4.6033777e-01   2.9074547e+00  -1.8483928e-03  -5.7367083e-03   2.6532166e-03
  -1.3897594e-01   4.7832270e-01   2.9543068e+00  -1.4037282e-03  -5.5986925e-03   2.7893086e-03
  -1.6441469e-01   4.7753096e-01   2.9253756e+00  -1.9321726e-03  -5.8910018e-03   3.2809360e-03
  -1.9206100e-01   4.8756223e-01   2.9576140e+00  -1.6029031e-03  -6.0675611e-03   3.3593762e-03
  -7.7718909e-02   4.3036521e-01   2.8888858e+00   8.5915614e-05  -2.5854671e-03   3.0919190e-03
  -1.9508120e-02   3.3118879e-01   2.6920635e+00  -5.0850942e-04   1.5800522e-03   1.5773105e-03
  -1.6048701e-01   2.7510586e-01   2.6669844e+00   2.3026375e-02  -4.1308401e-03  -5.2166280e-04
  -1.4479807e-01   3.7813235e-01   2.8209222e+00   5.5543598e-04  -4.4031153e-03   2.5252129e-03
  -1.3074947e-01   4.0781640e-01   2.9365164e+00   1.4707465e-03  -3.1870338e-03   2.6474391e-03
  -1.2315010e-01   4.0352213e-01   2.9270054e+00   1.8321385e-03  -3.8620651e-03   2.5057325e-03
  -1.3702465e-01   4.6248599e-01   2.9531286e+00   2.4802304e-03  -4.2779903e-03   2.6332671e-03
  -1.5053484e-01   4.6851121e-01   2.9512950e+00   2.7855205e-03  -4.8262243e-03   2.5072772e-03
  -1.5195422e-01   4.9823995e-01   2.9639734e+00   2.9043287e-03  -5.3211606e-03   2.8678635e-03
  -1.4844013e-01   4.5131130e-01   2.9512766e+00   2.8783798e-03  -5.6507258e-03   2.2843056e-03
  -1.5783982e-01   4.9500313e-01   2.9743515e+00   1.7880936e-03  -5.7528697e-03   2.9629162e-03
  -1.3184207e-01   4.4665940e-01   2.9483155e+00   2.1100126e-03  -5.5327321e-03   2.2780507e-03
  -1.7925808e-01   4.6811762e-01   3.0279293e+00   2.3655631e-03  -6.3511971e-03   2.9937524e-03
  -1.7534999e-01   4.5039164e-01   2.9927964e+00   2.9448576e-03  -6.4005196e-03   2.5227203e-03
  -1.7605943e-01   4.5323707e-01   2.9922830e+00   2.4162600e-03  -6.0137712e-03   2.5201025e-03
  -1.5495535e-01   4.8100625e-01   3.0294429e+00   2.7461829e-03  -6.0152097e-03   2.2679857e-03
  -1.5789988e-01   4.7625111e-01   3.0519505e+00   3.4634549e-03  -5.9069466e-03   2.5205140e-03
  -1.6767530e-01   4.5637386e-01   3.0085864e+00   2.4911467e-03  -6.0336720e-03   2.5940791e-03
  -1.5598945e-01   4.8706601e-01   3.0615673e+00   2.7681793e-03  -6.0593602e-03   2.4244841e-03
  -1.8146530e-01   4.9971078e-01   3.0756372e+00   3.2183403e-03  -6.4157292e-03   2.7788076e-03
  -6.7712403e-02   4.6262735e-01   3.2510010e+00   5.8292724e-03  -1.3565986e-03   2.3639145e-03
  -1.1911875e-01   4.5131990e-01   3.1883541e+00  -7.9031618e-03  -1.6085707e-03   2.9460354e-03
  -1.1200922e-01   4.5228548e-01   3.2018752e+00  -6.7580512e-03  -1.8612233e-03   2.1701566e-03
  -1.0620770e-01   4.8863192e-01   3.2611143e+00  -5.2167850e-03  -1.9204787e-03   2.4756842e-03
  -1.1714723e-01   4.9015310e-01   3.2396495e+00  -5.8189585e-03  -2.0001668e-03   2.5471723e-03
  -1.3480817e-01   4.8667150e-01   3.2883898e+00  -4.4723365e-03  -2.5221363e-03   2.5920863e-03
  -1.3246069e-01   4.9291470e-01   3.3097343e+00  -4.7157327e-03  -2.9082745e-03   2.4303572e-03
  -1.2253886e-01   5.2537516e-01   3.3221191e+00  -5.0224067e-03  -3.0906427e-03   2.6332834e-03
  -1.1132790e-01   5.3096988e-01   3.3772820e+00  -3.9858364e-03  -2.6168152e-03   2.2531354e-03
  -1.1608690e-01   5.4455559e-01   3.3745538e+00  -3.9369617e-03  -2.5199647e-03   2.6019881e-03
  -1.2039098e-01   5.2770590e-01   3.3849419e+00  -4.6316018e-03  -2.6606918e-03   2.6388940e-03
  -1.1807742e-01   5.4208664e-01   3.4236193e+00  -3.8695033e-03  -3.0567531e-03   2.5139868e-03
  -1.2385213e-01   5.3321010e-01   3.4046381e+00  -4.4933430e-03  -3.1447250e-03   2.8235011e-03
  -1.1061449e-01   5.4740976e-01   3.4163586e+00  -4.2800259e-03  -2.7126929e-03   2.4007092e-03
  -1.1607182e-01   5.5930002e-01   3.4345476e+00  -4.0474427e-03  -3.0823607e-03   2.4222700e-03
  -1.0682950e-01   5.4763624e-01   3.4493043e+00  -4.4174614e-03  -3.4531088e-03   2.2714435e-03
  -1.2318570e-01   5.4071572e-01   3.4373718e+00  -4.6398307e-03  -3.5207136e-03   2.3459915e-03
  -1.2216338e-01   5.5079275e-01   3.4492502e+00  -3.8793613e-03  -3.8319796e-03   2.3794845e-03
  -1.2353491e-01   5.4879061e-01   3.4267774e+00  -4.5890179e-03  -3.6291889e-03   2.5576807e-03
  -1.3855639e-01   5.5153913e-01   3.4510192e+00  -3.4756281e-03  -4.5571204e-03   2.5404568e-03
  -1.4647913e-01   5.4502572e-01   3.4575818e+00  -2.8568179e-03  -4.9884187e-03   2.4772851e-03
  -1.4402605e-01   5.5152811e-01   3.4620482e+00  -3.3563023e-03  -4.9702833e-03   2.2509421e-03
  -1.2780553e-01   5.7988466e-01   3.4764191e+00  -3.1424616e-03  -4.6741619e-03   2.2076006e-03
  -1.3964711e-01   5.5050759e-01   3.3974992e+00  -4.2895686e-03  -4.8968760e-03   2.1529789e-03
  -1.3329381e-01   5.4034396e-01   3.4363906e+00  -4.1254034e-03  -4.6430539e-03   2.1310090e-03
  -1.2880007e-01   5.6300708e-01   3.4869519e+00  -3.2038118e-03  -4.7385023e-03   2.4096946e-03
  -1.2613519e-01   5.2451129e-01   3.4720364e+00  -3.8357114e-03  -4.5223899e-03   2.4202654e-03
  -1.3642354e-01   5.5058915e-01   3.4788350e+00  -3.7370334e-03  -4.2014341e-03   2.7523375e-03
  -1.2157400e-01   5.7033239e-01   3.5004711e+00  -3.1036206e-03  -4.7396067e-03   1.9600416e-03
  -1.1254193e-01   5.4952337e-01   3.4613502e+00  -3.7004113e-03  -4.4859486e-03   1.8938580e-03
  -1.1965797e-01   5.3963204e-01   3.5173541e+00  -3.2033111e-03  -4.5194416e-03   2.3355105e-03
  -1.2855370e-01   5.5655123e-01   3.5774711e+00  -2.8412049e-03  -4.8217695e-03   2.2294454e-03
  -1.3174204e-01   5.8069887e-01   3.5403537e+00  -3.7120406e-03  -5.0745483e-03   2.4048466e-03
  -1.2808128e-01   5.6288386e-01   3.5333933e+00  -3.9805890e-03  -5.0542946e-03   2.4925723e-03
  -1.0580040e-01   5.6171904e-01   3.5800735e+00  -3.6770151e-03  -4.4948318e-03   1.9884522e-03
  -1.1653679e-01   5.5577928e-01   3.5483205e+00  -4.6041929e-03  -4.8088399e-03   2.2461864e-03
  -1.2282310e-01   5.6138765e-01   3.6033822e+00  -3.8199167e-03  -4.5507249e-03   2.6068941e-03
  -1.2532171e-01   5.6257695e-01   3.6080758e+00  -3.5678399e-03  -4.6273025e-03   2.6091561e-03
  -1.2802297e-01   5.7418642e-01   3.6001834e+00  -3.6294663e-03  -4.4475469e-03   2.4097191e-03
  -1.2027411e-01   5.6933947e-01   3.5908887e+00  -4.3335934e-03  -4.5551490e-03   2.3631511e-03
  -1.3101256e-01   5.6623315e-01   3.6108363e+00  -4.0506371e-03  -4.8680879e-03   2.4646704e-03
  -1.2613591e-01   5.5475617e-01   3.6432530e+00  -3.5450576e-03  -4.5440952e-03   2.5840657e-03
  -1.2897843e-01   5.7701930e-01   3.6606689e+00  -3.8821068e-03  -4.8936920e-03   2.5842823e-03
  -1.3141790e-01   5.8491936e-01   3.6536755e+00  -3.5024891e-03  -4.5678101e-03   2.6759591e-03
  -1.2888715e-01   5.8283333e-01   3.6841015e+00  -3.3317999e-03  -4.5889122e-03   2.7034164e-03
  -1.2646345e-01   5.2475559e-01   3.6850517e+00  -3.6838223e-03  -4.3193920e-03   2.8175128e-03
  -1.1209566e-01   5.6918791e-01   3.7149852e+00  -3.9568251e-03  -4.0742871e-03   2.5963120e-03
  -1.1257719e-01   5.9586251e-01   3.7173591e+00  -3.5562639e-03  -4.4229894e-03   2.4092459e-03
  -1.1309936e-01   5.9290135e-01   3.7364036e+00  -3.8105030e-03  -4.2681046e-03   2.8499505e-03
  -1.1092339e-01   5.8665079e-01   3.7285264e+00  -3.7473406e-03  -4.0400186e-03   2.6285562e-03
  -1.2074750e-01   5.9652148e-01   3.7450361e+00  -3.3679770e-03  -4.4391379e-03   2.7175549e-03
  -1.0577192e-01   6.1487243e-01   3.7737743e+00  -2.0312727e-03  -4.1421073e-03   2.2416967e-03
  -1.1430505e-01   6.2316989e-01   3.7659432e+00  -3.6322586e-03  -4.0951549e-03   2.2180624e-03
  -1.2336346e-01   6.1697076e-01   3.7955673e+00  -2.7519597e-03  -3.9317555e-03   2.6715148e-03
  -1.3282800e-01   6.6718524e-01   3.8137238e+00  -3.1611826e-03  -3.9989861e-03   3.0139337e-03
  -1.1832666e-01   6.1620880e-01   3.7901706e+00  -3.5742254e-03  -4.4042713e-03   2.6220923e-03
  -1.0694865e-01   6.3913960e-01   3.7919667e+00  -3.6105821e-03  -4.1817561e-03   2.6375059e-03
  -1.0805997e-01   6.0286583e-01   3.8015929e+00  -3.3463996e-03  -4.4868132e-03   2.4204651e-03
  -1.1867015e-01   5.8076426e-01   3.7961472e+00  -4.1611147e-03  -4.1861810e-03   2.6830150e-03
  -1.1729779e-01   6.0131345e-01   3.8462110e+00  -3.2657930e-03  -4.5164022e-03   2.5794992e-03
  -1.2002553e-01   6.0452881e-01   3.8574711e+00  -3.2012108e-03  -4.2245308e-03   2.8000652e-03
  -1.2034704e-01   6.0424437e-01   3.8718279e+00  -2.8471910e-03  -4.1276737e-03   2.7267917e-03
  -1.0841629e-01   6.1448925e-01   3.8799814e+00  -2.6898949e-03  -4.1717607e-03   2.5337865e-03
  -1.2405547e-01   6.0619976e-01   3.8687780e+00  -4.3351228e-03  -4.1595192e-03   2.9750921e-03
  -1.2666806e-01   6.0798724e-01   3.8787861e+00  -3.8493291e-03  -4.3405920e-03   3.2247714e-03
  -1.2949223e-01   6.1140368e-01   3.8998280e+00  -3.8197136e-03  -3.8657522e-03   3.0464664e-03
  -1.2087380e-01   6.2221244e-01   3.9072532e+00  -3.4766995e-03  -3.9259046e-03   2.7466036e-03
  -1.5042695e-01   6.0882936e-01   3.8589267e+00  -3.0591607e-03  -5.2231522e-03   1.6701217e-03
  -1.3496882e-01   5.9723704e-01   3.8395846e+00  -4.3802113e-03  -5.7273695e-03   1.4291893e-03
  -1.3403490e-01   5.8545929e-01   3.8918630e+00  -3.6509990e-03  -5.2613210e-03   1.6367359e-03
  -1.2733169e-01   6.1390089e-01   3.9310430e+00  -3.2809539e-03  -4.8657587e-03   2.1725068e-03
  -1.2515480e-01   6.3519427e-01   3.9434397e+00  -3.2704105e-03  -5.2271778e-03   2.1851887e-03
  -1.1646870e-01   6.1960717e-01   3.9669280e+00  -3.2970858e-03  -4.9612130e-03   2.6293350e-03
  -1.1205323e-01   6.5495937e-01   3.9631471e+00  -3.3043659e-03  -4.6236489e-03   2.4487766e-03
  -1.3200044e-01   6.3337713e-01   4.0606664e+00  -2.9644502e-03  -5.0511663e-03   2.5565260e-03
  -1.3135219e-01   6.1876526e-01   4.0259987e+00  -3.9960588e-03  -4.7081992e-03   2.5233523e-03
  -1.4179170e-01   6.1576191e-01   4.0231062e+00  -4.5431624e-03  -4.6750576e-03   2.9422098e-03
  -1.4450424e-01   6.5197157e-01   4.0870375e+00  -3.4435756e-03  -5.0648046e-03   2.2183611e-03
  -1.2925522e-01   6.6410744e-01   4.0583311e+00  -4.5857731e-03  -4.9750903e-03   2.4075391e-03
  -1.3138617e-01   6.3709576e-01   4.0842179e+00  -4.0762167e-03  -4.5686246e-03   2.7169091e-03
  -1.1925824e-01   6.5032749e-01   4.0996084e+00  -3.5771745e-03  -5.0440537e-03   2.2442295e-03
  -1.1667635e-01   6.3991185e-01   4.1116495e+00  -4.5114552e-03  -4.8345676e-03   2.3951971e-03
  -1.1280590e-01   6.4214580e-01   4.1411333e+00  -4.5562925e-03  -4.3200314e-03   2.7571317e-03
  -1.2463883e-01   6.6854747e-01   4.1160544e+00  -5.3293523e-03  -4.6796064e-03   2.8391336e-03
  -1.2910168e-01   6.2334297e-01   4.0887129e+00  -4.3409785e-03  -3.7093135e-03   3.0296012e-03
  -1.2411447e-01   5.7156234e-01   3.8956823e+00  -4.7610349e-04  -1.3243822e-03   1.5180184e-03
  -6.5528652e-02   5.2481594e-01   3.9348758e+00   6.2771091e-03  -2.7156544e-03   3.4971383e-03
  -2.4668573e-02   5.6089220e-01   3.9226933e+00  -8.6829312e-03   2.3591021e-03   3.7895945e-03
  -5.4330444e-02   5.9193195e-01   4.0553124e+00  -3.8756153e-03  -1.4838590e-03   2.1864453e-03
  -7.2612000e-02   5.6288175e-01   4.1056336e+00  -3.2540502e-03  -1.2796916e-03   2.3969872e-03
  -5.8477342e-02   6.2021828e-01   4.1602216e+00  -2.4018443e-03  -1.0919672e-03   2.3551619e-03
  -4.7408766e-02   6.4987839e-01   4.1730172e+00  -1.3343972e-03  -9.5953067e-04   2.2748539e-03
  -6.0830912e-02   6.5607333e-01   4.2271259e+00  -1.4216726e-03  -1.9934910e-03   2.0264977e-03
  -6.4004897e-02   6.6641307e-01   4.1815236e+00  -2.1426847e-03  -1.6742471e-03   1.9992505e-03
  -5.8633876e-02   6.4761348e-01   4.1899199e+00  -1.8293531e-03  -1.8642792e-03   2.0352727e-03
  -4.6134854e-02   7.2910896e-01   4.2167660e+00  -1.3415093e-03  -2.1164911e-03   1.4497318e-03
  -6.4882984e-02   7.0244003e-01   4.2468623e+00  -1.8459530e-03  -1.9394176e-03   2.1686048e-03
  -6.5669927e-02   6.6796078e-01   4.1987718e+00  -2.7038366e-03  -2.1943099e-03   1.8202317e-03
  -7.8193555e-02   6.6145469e-01   4.1953379e+00  -8.9798980e-04  -2.8961151e-03   1.8734439e-03
  -7.6664339e-02   6.4778577e-01   4.2535811e+00  -9.9940168e-04  -2.3841175e-03   2.2109238e-03
  -7.2945192e-02   6.5635176e-01   4.2649964e+00  -5.2681725e-04  -2.6495902e-03   1.9228862e-03
  -6.8270731e-02   6.7014742e-01   4.2452819e+00  -1.0378577e-03  -2.3773688e-03   1.9696398e-03
  -6.6881888e-02   6.7121788e-01   4.2456013e+00  -1.3057083e-03  -2.4240802e-03   1.9717794e-03
  -7.5451767e-02   6.6220625e-01   4.2742987e+00  -9.5597261e-04  -3.0060090e-03   1.7291026e-03
  -2.3194780e-01   6.8754070e-01   4.2971147e+00   2.4641772e-04  -7.5334411e-03   6.0318741e-04
  -3.3117006e-02   6.7454102e-01   4.3107356e+00  -2.4667713e-03  -1.1215093e-03   2.4023502e-03
  -5.3865812e-02   6.4979530e-01   4.3183705e+00  -2.7175914e-03  -1.9000951e-03   1.8535884e-03
  -5.1310844e-02   6.8665748e-01   4.3579489e+00  -1.5243341e-03  -2.0114849e-03   1.7581886e-03
  -6.6274975e-02   6.9157556e-01   4.3085677e+00  -1.2622893e-03  -3.0390918e-03   1.6519537e-03
  -8.2933961e-02   6.8394405e-01   4.3186612e+00  -1.3198962e-03  -2.5866799e-03   2.3374739e-03
  -7.1258442e-02   7.0057745e-01   4.3304536e+00  -1.2892605e-03  -2.7952144e-03   1.9850209e-03
  -6.9085535e-02   6.9872276e-01   4.3344112e+00  -1.2198710e-03  -3.1251130e-03   1.9137373e-03
  -6.9535752e-02   6.8762466e-01   4.3399668e+00  -1.1929211e-03  -3.2056073e-03   1.7639817e-03
  -8.1590143e-02   7.0148266e-01   4.3721576e+00  -1.3511527e-03  -3.1629456e-03   1.9834096e-03
  -6.4786798e-02   7.1139544e-01   4.3403692e+00  -2.1227507e-03  -2.9217272e-03   1.7728328e-03
  -6.4771955e-02   7.1017469e-01   4.3695275e+00  -1.3270795e-03  -2.8876680e-03   1.8758865e-03
  -6.5942205e-02   7.1112402e-01   4.3658552e+00  -1.7233562e-03  -2.9452493e-03   1.7777762e-03
  -6.7291568e-02   7.0274741e-01   4.3936102e+00  -1.7342647e-03  -2.7215040e-03   1.9789081e-03
  -7.7315153e-02   7.2560504e-01   4.3936024e+00  -2.0467478e-03  -3.0624852e-03   2.0568015e-03
  -6.8711176e-02   7.2994567e-01   4.4137102e+00  -1.2445531e-03  -3.0349769e-03   2.0007163e-03
  -8.3810561e-02   7.1003153e-01   4.4330960e+00  -1.6913097e-03  -3.2111484e-03   2.0241099e-03
  -8.2787564e-02   7.0050327e-01   4.4501446e+00  -1.0271399e-03  -3.1081248e-03   1.9857409e-03
  -6.1784782e-02   7.2351827e-01   4.4676097e+00  -1.0996139e-03  -2.8384530e-03   1.8403817e-03
  -5.6739237e-02   7.1388665e-01   4.4907054e+00  -1.3087716e-03  -3.0507319e-03   1.5936450e-03
  -5.6642096e-02   7.2088593e-01   4.4758301e+00  -1.3545891e-03  -3.0799875e-03   1.6901089e-03
  -5.5295008e-02   7.2468004e-01   4.5089872e+00  -8.9690054e-04  -3.1265021e-03   1.6085578e-03
  -5.5502075e-02   7.2417682e-01   4.4851970e+00  -1.3695759e-03  -3.1283632e-03   1.5386101e-03
  -7.6928153e-02   7.2735047e-01   4.4934421e+00  -1.6542954e-03  -3.2012309e-03   1.9378867e-03
  -6.4890317e-02   7.2957491e-01   4.5137132e+00  -8.1682085e-04  -2.8201838e-03   1.6038271e-03
  -7.2623891e-02   7.3225514e-01   4.5247367e+00  -7.9901631e-04  -3.2450111e-03   1.7388710e-03
  -7.2707814e-02   7.2772066e-01   4.5177189e+00  -1.2711051e-03  -3.3410624e-03   1.7747725e-03
  -7.3830204e-02   7.3896900e-01   4.5423207e+00  -1.0087255e-03  -3.2814733e-03   1.7636350e-03
  -6.2735622e-02   7.3154019e-01   4.5708398e+00  -1.0810970e-03  -3.1883177e-03   1.3377333e-03
  -7.7321543e-02   7.3226436e-01   4.5533730e+00  -1.6355929e-03  -3.1935704e-03   2.1453067e-03
  -7.6715302e-02   7.6157989e-01   4.5934343e+00  -8.5601304e-04  -3.4138109e-03   1.8181920e-03
  -7.7516723e-02   7.5317170e-01   4.5706427e+00  -1.6714080e-03  -3.5180329e-03   2.2889583e-03
  -6.7479459e-02   7.4630040e-01   4.5839057e+00  -1.3932349e-03  -3.2992630e-03   1.8133962e-03
  -7.1960368e-02   7.5646923e-01   4.6443187e+00  -1.3489065e-03  -3.3546902e-03   1.9058141e-03
  -1.2889603e-01   7.6180276e-01   4.6395282e+00  -1.0784379e-03  -5.1632616e-03   9.2043473e-04
  -8.9414630e-02   7.0728578e-01   4.6931032e+00   1.1623725e-03  -3.1336988e-03   1.2010499e-03
   5.7629438e-02   6.9924444e-01   4.8327914e+00  -5.7196628e-03   1.6287045e-03   2.3697416e-03
   6.7357722e-02   7.3189867e-01   4.6494240e+00  -6.8330928e-03   5.8116845e-04   3.8487840e-04
   5.6981917e-02   7.3775727e-01   4.5860632e+00  -5.1893240e-03  -7.6338830e-04  -6.1658520e-04
   2.1234305e-02   7.6523120e-01   4.5809269e+00  -4.3410050e-03  -1.1348348e-03   1.4077807e-04
   1.8181159e-02   7.8316842e-01   4.5770945e+00  -3.6451284e-03  -1.2383023e-03   1.8786695e-04
   2.4752548e-03   7.7580052e-01   4.4590859e+00  -4.7677134e-03  -1.3954207e-03   6.2651741e-04
  -9.7437569e-03   7.7685338e-01   4.5497632e+00  -2.7216255e-03  -2.4617261e-03   7.4110964e-04
  -2.5001049e-02   7.6908565e-01   4.6318242e+00  -3.1459264e-03  -3.1795423e-03   8.2546869e-04
  -2.8058326e-02   7.9829802e-01   4.7076730e+00  -2.4342799e-03  -2.8789122e-03   1.1769570e-03
  -4.2331198e-02   7.8927563e-01   4.7218174e+00  -2.5016599e-03  -3.0072699e-03   1.4863527e-03
  -4.1684365e-02   7.8600573e-01   4.7224473e+00  -2.4051507e-03  -3.1374542e-03   1.3751945e-03
  -4.5782904e-02   7.9082655e-01   4.7437359e+00  -2.3902763e-03  -3.4065348e-03   1.6627764e-03
  -4.1713485e-02   7.9524420e-01   4.7551060e+00  -2.4798640e-03  -3.0785660e-03   1.4381592e-03
  -2.7085554e-02   7.9890706e-01   4.7278418e+00  -3.2944872e-03  -2.8932295e-03   1.6499875e-03
  -5.2922024e-02   7.7798525e-01   4.7819087e+00  -2.1101111e-03  -3.2183369e-03   1.7231974e-03
  -5.2101073e-02   7.8120260e-01   4.7875717e+00  -2.3051789e-03  -3.1746184e-03   1.4647728e-03
  -3.4107897e-02   7.9131782e-01   4.7858423e+00  -2.2808324e-03  -2.8356649e-03   1.3422153e-03
  -5.9874339e-02   7.9603626e-01   4.7905182e+00  -2.6740829e-03  -3.1962784e-03   1.9091875e-03
  -4.0559270e-02   7.9572105e-01   4.8248179e+00  -1.5912226e-03  -2.8527820e-03   1.4020018e-03
  -4.1142968e-02   8.1154653e-01   4.8273766e+00  -1.8780547e-03  -2.7646866e-03   1.6766426e-03
  -4.8021889e-02   8.0086575e-01   4.8395614e+00  -2.3303531e-03  -3.1617580e-03   1.7746780e-03
  -5.1382911e-02   8.0539037e-01   4.8410318e+00  -2.0229628e-03  -3.4352800e-03   1.6572663e-03
  -4.8231007e-02   7.9499491e-01   4.8410416e+00  -2.4779441e-03  -2.7072552e-03   1.7262916e-03
  -5.8169460e-02   8.1546572e-01   4.9536869e+00  -2.1903762e-03  -2.8431738e-03   2.0546036e-03
  -5.8892509e-02   7.9240352e-01   4.9063017e+00  -2.9089602e-03  -2.9377896e-03   2.0791783e-03
  -4.8645903e-02   8.3458190e-01   4.9795253e+00  -2.3549543e-03  -3.0613487e-03   1.8040731e-03
  -6.7361148e-02   7.7963234e-01   4.9562069e+00  -3.0001930e-03  -2.9727671e-03   2.3357729e-03
  -6.6990510e-02   7.9954711e-01   4.9565100e+00  -3.1368740e-03  -2.9489024e-03   2.3601338e-03
  -6.8162485e-02   8.0776356e-01   5.0190403e+00  -1.8652673e-03  -2.9235223e-03   2.4457154e-03
  -6.4032971e-02   7.8980451e-01   4.9787561e+00  -3.0037759e-03  -2.9190414e-03   2.2820660e-03
  -6.9790516e-02   8.2028786e-01   4.9781374e+00  -2.8277939e-03  -2.6665172e-03   2.2175771e-03
  -6.0285952e-02   8.2365188e-01   5.0146943e+00  -2.5402606e-03  -2.6580217e-03   1.8912232e-03
  -6.5250220e-02   8.2614389e-01   5.0310025e+00  -2.6569580e-03  -2.6326795e-03   2.0599800e-03
  -6.7905733e-02   8.1800549e-01   5.0281882e+00  -2.0652410e-03  -3.0852975e-03   1.9952964e-03
  -6.2171769e-02   8.3481323e-01   5.0529950e+00  -2.0532660e-03  -2.5830250e-03   2.0940132e-03
  -6.5343864e-02   8.1450479e-01   5.0577548e+00  -1.9112914e-03  -2.9218218e-03   2.0260793e-03
  -5.6933579e-02   8.2284710e-01   5.0624217e+00  -3.0788839e-03  -2.8946466e-03   2.0142378e-03
  -5.9207364e-02   8.2223815e-01   5.0780685e+00  -2.2630519e-03  -2.8320155e-03   1.9598787e-03
  -5.6023860e-02   8.4740318e-01   5.0786289e+00  -1.9550503e-03  -2.8194021e-03   1.9454406e-03
  -5.0041730e-02   8.5395689e-01   5.0766915e+00  -2.3248285e-03  -2.7344520e-03   1.7151728e-03
  -7.2994330e-02   8.3640518e-01   5.0745099e+00  -2.6570065e-03  -3.1390519e-03   1.9857305e-03
  -6.3097019e-02   8.3957209e-01   5.0897876e+00  -2.5859945e-03  -3.0349060e-03   1.9915950e-03
  -4.1426793e-02   8.3437589e-01   5.0961887e+00  -2.7889638e-03  -2.5655502e-03   1.8617662e-03
  -5.3430448e-02   8.4734798e-01   5.1363755e+00  -2.1817777e-03  -2.4523323e-03   2.0969483e-03
  -5.1513242e-02   8.5023813e-01   5.1145936e+00  -2.7794102e-03  -2.5451277e-03   2.1714760e-03
  -4.8706015e-02   8.4152680e-01   5.1430628e+00  -2.5656440e-03  -2.5914721e-03   1.8974196e-03
  -5.1957365e-02   8.5142579e-01   5.1630292e+00  -2.5766188e-03  -2.8778182e-03   2.0567482e-03
  -5.6674247e-02   8.2699910e-01   5.1323561e+00  -2.9103333e-03  -2.5485286e-03   2.0210925e-03
  -4.5844647e-02   8.5542282e-01   5.1377872e+00  -2.7179392e-03  -3.0428312e-03   1.5716818e-03
  -3.3332420e-02   8.5812191e-01   5.1657920e+00  -2.1439171e-03  -2.8370626e-03   1.3404540e-03
  -3.7713033e-02   8.2904119e-01   5.1727069e+00  -2.6635169e-03  -2.7598231e-03   1.4651530e-03
  -2.4397378e-02   8.7370737e-01   5.2058599e+00  -1.8118505e-03  -2.8459878e-03   1.2937177e-03
  -3.6226425e-02   8.7076862e-01   5.1920241e+00  -2.8257215e-03  -2.6587467e-03   1.5317011e-03
  -4.8898788e-02   8.7848938e-01   5.1987742e+00  -2.3514449e-03  -2.7083239e-03   1.9942119e-03
  -5.3341819e-02   8.6133023e-01   5.2046780e+00  -2.9896167e-03  -2.9792490e-03   1.6420462e-03
  -3.7491705e-02   8.4780094e-01   5.2116120e+00  -2.8206334e-03  -2.6566963e-03   1.8551781e-03
  -4.0107305e-02   8.6996693e-01   5.2240009e+00  -3.3369475e-03  -2.8520739e-03   1.6521252e-03
  -4.5207102e-02   8.7582476e-01   5.1927873e+00  -3.2654754e-03  -2.5705694e-03   1.5345626e-03
  -6.3575124e-02   8.5362331e-01   5.2221611e+00  -3.1198421e-03  -2.9041242e-03   1.8927110e-03
  -6.4061924e-02   8.8114967e-01   5.2456241e+00  -2.5578775e-03  -2.7780882e-03   2.0868939e-03
  -5.0476905e-02   8.5631444e-01   5.2800157e+00  -2.2781592e-03  -2.8089720e-03   1.8994328e-03
  -4.6968693e-02   8.6457524e-01   5.2472397e+00  -2.6419524e-03  -3.1270226e-03   1.5674392e-03
  -4.6080622e-02   8.7012563e-01   5.2770192e+00  -2.8776482e-03  -3.1790841e-03   1.8589512e-03
  -4.4919620e-02   8.6602286e-01   5.2719968e+00  -2.2528127e-03  -3.0172949e-03   1.6626566e-03
  -3.6989770e-02   8.9811369e-01   5.3419522e+00  -1.5867470e-03  -2.9167413e-03   1.5228690e-03
  -4.4562694e-02   8.9959810e-01   5.2958984e+00  -2.4620920e-03  -2.8164462e-03   1.6790975e-03
  -4.7037099e-02   8.8096919e-01   5.3312726e+00  -1.8070834e-03  -2.7486476e-03   1.7635186e-03
  -3.8226578e-02   8.8325786e-01   5.3556778e+00  -1.5080382e-03  -2.9901675e-03   1.7531483e-03
  -3.5971646e-02   8.8015881e-01   5.3410078e+00  -1.9959520e-03  -2.7639704e-03   1.6923780e-03
  -3.0103934e-02   8.7842072e-01   5.3477599e+00  -2.4470710e-03  -3.0574143e-03   1.6060710e-03
  -4.4930796e-02   8.8311982e-01   5.3315821e+00  -2.8179635e-03  -2.9789328e-03   1.9403950e-03
  -4.2913434e-02   8.9189633e-01   5.3597374e+00  -1.9151346e-03  -3.0010136e-03   1.7044608e-03
  -4.1850936e-02   9.0095705e-01   5.3554107e+00  -2.4395220e-03  -2.6065387e-03   1.6956350e-03
  -6.2590309e-02   8.7785999e-01   5.3807062e+00  -1.9458498e-03  -2.6263704e-03   2.0420282e-03
  -5.3761291e-02   8.9845940e-01   5.3670674e+00  -2.7185814e-03  -2.9556158e-03   1.6941783e-03
  -3.8062887e-02   9.0885524e-01   5.2974529e+00  -1.0402813e-03   8.1771425e-04   1.6294368e-03
   2.0371788e-01   1.0494464e+00   5.0685492e+00   9.5758999e-03   4.0417122e-04  -4.0789906e-03
   4.7078752e-02   8.9126910e-01   6.5315585e+00  -2.5520816e-02  -3.8163895e-03  -1.0852274e-03
  -2.6615410e-02   5.4888801e-01   6.5054690e+00  -5.5304237e-02  -2.6086555e-03   2.6599681e-03
  -1.3643066e-01   7.2813616e-01   6.3562828e+00  -3.4339445e-02  -4.5986053e-03   2.1858583e-03
  -4.7617436e-02   7.5870110e-01   6.3207629e+00  -3.3061425e-02  -1.7071903e-03   2.0788641e-03
  -7.5301645e-02   8.1415022e-01   6.3719638e+00  -3.1532346e-02  -2.2128540e-03   2.7131971e-03
  -5.8057558e-02   8.1666542e-01   6.4064234e+00  -3.0897042e-02  -2.6888898e-03   2.5639192e-03
  -4.3861901e-02   8.6667437e-01   6.4021204e+00  -3.0757521e-02  -2.2600546e-03   2.1037655e-03
  -7.5549880e-02   8.4619416e-01   6.2255605e+00  -2.3199316e-02  -1.4397394e-03   1.8565814e-03
  -1.5869524e-02   8.9299468e-01   6.1110999e+00  -5.0668829e-03  -6.8045961e-04  -3.6036956e-05
  -3.2557386e-02   9.1511938e-01   5.8956899e+00  -1.2622259e-02  -1.1010375e-03   7.5293136e-04
  -3.6958062e-03   9.4104361e-01   5.6752626e+00  -1.4058138e-02   3.2488226e-04   5.2222373e-04
  -3.9804800e-02   1.0154101e+00   5.2689181e+00  -1.0900874e-02  -3.0553202e-04   1.1853223e-03
  -4.4553615e-02   1.0471492e+00   5.3581192e+00  -8.4076684e-03  -1.1161199e-03   1.0639150e-03
  -2.9875322e-02   1.0292994e+00   5.2960871e+00  -9.4304551e-03   1.9857822e-04   1.1995632e-03
  -1.9334490e-02   1.0282978e+00   5.2522732e+00  -1.0700235e-02   4.8459105e-04   9.4806606e-04
  -1.1999268e-02   1.0442954e+00   5.1134380e+00  -1.0596966e-02   8.2899441e-04   1.2221021e-03
  -3.5526403e-02   1.0293312e+00   5.1123253e+00  -9.3040952e-03   2.3269668e-04   1.3886429e-03
  -3.4876974e-02   1.0688262e+00   5.8334079e+00  -6.8891650e-03  -1.4641066e-03   5.2795576e-04
  -2.0638930e-02   1.0132700e+00   5.9851698e+00  -1.2573207e-02  -5.3278348e-04   9.2075178e-04
  -6.9044247e-02   9.8688362e-01   5.9028482e+00  -1.4037710e-02  -1.8262638e-03   1.2985086e-03
  -1.3353863e-01   1.0232407e+00   5.8791680e+00  -1.3476994e-02  -5.6246621e-03   1.4149488e-04
  -8.7002434e-02   9.8934547e-01   5.7763802e+00  -1.4155314e-02  -4.2327116e-03   8.0469426e-04
  -7.7578086e-02   8.6751853e-01   5.5883319e+00  -7.3527222e-03  -3.6787810e-03   3.0555597e-03
   2.1922360e-02   8.6718396e-01   5.5518258e+00   1.1990434e-02   1.6493677e-03   2.8709322e-03
  -1.0926986e-01   8.4541130e-01   5.4235118e+00   2.3623197e-03  -2.3993316e-03   9.8619855e-04
  -1.0317601e-01   8.3930753e-01   5.4185330e+00   3.5494773e-04  -1.8423833e-03   2.1052723e-03
  -8.5972097e-02   9.4857841e-01   5.4916892e+00   3.5218877e-03  -1.8644890e-03   2.0803133e-03
  -8.5531058e-02   9.1105346e-01   5.4742485e+00   3.4690414e-03  -2.5026418e-03   1.7194078e-03
  -7.6711524e-02   9.1379036e-01   5.4918893e+00   3.2040369e-03  -2.6029207e-03   1.6968395e-03
  -8.1277793e-02   9.1356732e-01   5.4781023e+00   2.7742886e-03  -2.0532695e-03   1.9349564e-03
  -8.5921916e-02   9.0386220e-01   5.4722340e+00   2.7346939e-03  -2.1074229e-03   1.9764807e-03
  -8.9628532e-02   9.1426584e-01   5.4670076e+00   2.9844049e-03  -2.3064908e-03   2.0223998e-03
  -8.8789291e-02   9.2233131e-01   5.4659347e+00   2.4919704e-03  -2.9476519e-03   1.8407948e-03
  -9.5895107e-02   9.1990517e-01   5.4877297e+00   2.9504695e-03  -2.8671543e-03   2.1480090e-03
  -8.9812755e-02   9.0664646e-01   5.4996806e+00   2.7741538e-03  -2.9091091e-03   1.9798620e-03
  -9.9622469e-02   9.2291185e-01   5.5193912e+00   3.1340443e-03  -2.8706889e-03   2.1156152e-03
  -9.1470109e-02   9.0879985e-01   5.5117018e+00   2.5831455e-03  -3.1619023e-03   1.8729008e-03
  -7.7059564e-02   9.2180134e-01   5.5185910e+00   2.3529979e-03  -2.7912866e-03   1.9183526e-03
  -8.9605193e-02   9.1544304e-01   5.5368251e+00   2.7711289e-03  -2.9963891e-03   2.0543109e-03
  -1.0110728e-01   9.1645747e-01   5.5319538e+00   2.3908983e-03  -2.9176025e-03   2.5047051e-03
  -8.0833164e-02   9.2120452e-01   5.5374343e+00   2.4369083e-03  -3.1172182e-03   1.7929815e-03
  -7.1557997e-02   9.2285899e-01   5.5499965e+00   2.1263663e-03  -3.0021809e-03   1.7378698e-03
  -7.6650141e-02   9.2033412e-01   5.5732333e+00   2.5362723e-03  -3.1090232e-03   1.7845766e-03
  -7.4908783e-02   9.1381144e-01   5.5728299e+00   2.6119719e-03  -2.8230734e-03   2.0360699e-03
  -7.6128658e-02   9.1665677e-01   5.5642617e+00   2.3307529e-03  -3.0353987e-03   1.9998166e-03
  -8.1355685e-02   9.1824049e-01   5.5822334e+00   2.1694098e-03  -3.1543369e-03   1.6550682e-03
  -8.9397483e-02   9.1168487e-01   5.5790878e+00   2.1225643e-03  -3.3127127e-03   1.9068936e-03
  -8.7422657e-02   9.0765247e-01   5.6066635e+00   2.2997546e-03  -3.1864533e-03   1.8972680e-03
  -8.3036657e-02   9.2481822e-01   5.5969873e+00   1.9997171e-03  -3.5667787e-03   1.9727020e-03
  -7.7226819e-02   8.2695187e-01   5.5516392e+00   8.6190508e-09  -3.1696069e-03   1.7445841e-03
  -7.5884120e-02   9.3090691e-01   5.6233236e+00   2.3551659e-03  -3.4759748e-03   1.7327423e-03
  -9.3012405e-02   9.2917729e-01   5.6432089e+00   2.2367305e-03  -3.5593293e-03   2.1627338e-03
  -9.2460295e-02   9.2950501e-01   5.6214249e+00   1.7414906e-03  -3.4389382e-03   2.2242777e-03
  -9.6299816e-02   9.3894146e-01   5.6415883e+00   2.3801090e-03  -3.5160123e-03   2.0674919e-03
  -7.8422891e-02   9.2895238e-01   5.6360316e+00   2.2229081e-03  -3.4759799e-03   1.6821008e-03
  -9.2785721e-02   9.3123113e-01   5.6506800e+00   2.3099255e-03  -3.4775618e-03   2.0422029e-03
  -8.8871405e-02   9.3572154e-01   5.6438149e+00   1.9867325e-03  -3.3051669e-03   2.1344215e-03
  -8.4420273e-02   9.4406213e-01   5.6519949e+00   1.8367211e-03  -3.3846976e-03   2.2037963e-03
  -7.7064519e-02   9.3163485e-01   5.6767938e+00   1.9945550e-03  -3.4068003e-03   1.8799976e-03
  -9.6680411e-02   9.3452897e-01   5.6871778e+00   2.0190438e-03  -3.4726718e-03   2.1582919e-03
  -8.3512702e-02   9.5275301e-01   5.6655669e+00   1.7812913e-03  -3.3037656e-03   2.2170192e-03
  -9.5974271e-02   9.4625236e-01   5.6920459e+00   2.5095083e-03  -4.1435327e-03   1.7661364e-03
  -1.0312681e-01   9.2426840e-01   5.6665786e+00   2.1894332e-03  -3.9166062e-03   1.8192149e-03
  -9.6975454e-02   9.2695580e-01   5.6978491e+00   1.9267820e-03  -4.3243923e-03   2.0506360e-03
  -8.2425678e-02   9.3269731e-01   5.7526741e+00   2.7146530e-03  -3.5132358e-03   2.1813438e-03
  -7.6377976e-02   9.3864547e-01   5.7352253e+00   1.9742439e-03  -3.0924026e-03   2.2651364e-03
  -7.8309643e-02   9.3527151e-01   5.7468148e+00   1.5076580e-03  -3.3569905e-03   2.1152495e-03
  -8.6530023e-02   9.4225572e-01   5.7460737e+00   2.1768138e-03  -3.3850631e-03   2.0932485e-03
  -1.0483091e-01   9.3572981e-01   5.7451123e+00   2.0847492e-03  -3.3654219e-03   2.0120019e-03
  -9.0736074e-02   9.5272275e-01   5.7603870e+00   2.0340186e-03  -3.5407679e-03   2.1758043e-03
  -9.2124774e-02   9.4392873e-01   5.7411743e+00   1.4006622e-03  -3.6453270e-03   2.2789649e-03
  -7.0490940e-02   9.5211760e-01   5.7595239e+00   1.4571231e-03  -3.3064327e-03   2.0496289e-03
  -7.0517033e-02   9.4799087e-01   5.7818226e+00   1.9703379e-03  -3.1161486e-03   2.1007678e-03
  -9.3440006e-02   9.4333222e-01   5.7813496e+00   1.3336135e-03  -3.3121453e-03   2.3807397e-03
  -7.2509025e-02   9.3458539e-01   5.7751830e+00   1.5402431e-03  -3.3159773e-03   1.9658396e-03
  -7.8352907e-02   9.6098902e-01   5.7958364e+00   1.5309192e-03  -3.2140822e-03   2.1362900e-03
  -6.3644388e-02   9.5743875e-01   5.8529132e+00   2.4391332e-03  -2.5597588e-03   2.4139869e-03
  -5.0175114e-02   9.3480983e-01   5.8534770e+00   1.8496719e-03  -7.8245637e-04   2.6317308e-03
  -6.5487047e-02   9.3292781e-01   5.9228147e+00   1.9831562e-03  -1.6401081e-03   1.6205488e-03
  -1.1228631e-01   9.3923283e-01   5.8548386e+00  -1.0512930e-03  -1.7136546e-03   1.6133452e-03
  -3.3777163e-01   9.5318599e-01   5.9335348e+00   3.9253798e-03  -4.2873133e-03   3.4901770e-04
  -6.4909174e-02   8.8752395e-01   5.8856485e+00  -1.8410510e-03  -2.3401849e-03   2.4811365e-03
  -6.0222693e-02   9.3744030e-01   6.0014605e+00  -1.6823350e-03  -2.4453479e-03   2.4143975e-03
  -7.8228535e-02   9.5024760e-01   6.0405712e+00  -1.1763962e-03  -2.6279448e-03   2.5776548e-03
  -7.5270221e-02   9.6805447e-01   6.0013051e+00  -1.6461180e-03  -2.9657075e-03   2.6902455e-03
  -7.3569353e-02   9.6737918e-01   5.9772061e+00  -2.4636115e-03  -2.8563873e-03   2.7036011e-03
  -6.5237791e-02   9.6768619e-01   5.9567828e+00  -2.6542768e-03  -2.8892142e-03   2.4016301e-03
  -7.2868306e-02   9.8837963e-01   5.9615725e+00  -2.7215249e-03  -3.1710697e-03   2.6101757e-03
  -8.4582249e-02   9.7616704e-01   5.9677686e+00  -2.6819069e-03  -3.1406794e-03   2.7077281e-03
  -1.0051536e-01   9.5060793e-01   5.9656186e+00  -2.4333065e-03  -4.4465690e-03   2.4396663e-03
  -1.2923914e-01   9.4006804e-01   5.9876621e+00  -1.3964577e-03  -4.8663662e-03   2.6484495e-03
  -1.1973164e-01   9.5655681e-01   6.0020221e+00  -1.8532817e-03  -4.9741452e-03   2.6557126e-03
  -1.0560858e-01   9.5666488e-01   6.0145127e+00  -1.2742400e-03  -4.7119730e-03   2.7573740e-03
  -1.2266678e-01   9.5514574e-01   5.9879628e+00  -2.4360178e-03  -4.9717358e-03   3.1347597e-03
  -1.0615119e-01   9.4892500e-01   6.0277315e+00  -1.4685341e-03  -4.7178861e-03   2.7179619e-03
  -1.1551661e-01   9.6390565e-01   6.0269445e+00  -1.7441283e-03  -5.0991575e-03   2.9256608e-03
  -1.2384584e-01   9.6465426e-01   6.0439934e+00  -1.9013274e-03  -4.9208593e-03   3.1588118e-03
  -1.1696340e-01   9.5594572e-01   6.0610854e+00  -1.7694310e-03  -4.7850453e-03   3.0278412e-03
