   0.0000000e+00  -1.4210855e-14   6.6031821e-15  -1.4174819e-19   1.9842753e-18   2.8126744e-37
  -1.0642239e-02   1.5977501e-02  -3.0370901e-03   1.7446672e-05   2.9432610e-04   6.5301573e-04
   3.9513013e-03   8.7765231e-03  -3.4252420e-02   3.5471720e-03   1.6767326e-04  -1.5121237e-04
   3.9571557e-03   2.8157513e-02  -2.6548881e-02   4.4276373e-04   5.5602463e-05   3.0895348e-04
   1.0945686e-02   1.0748328e-02  -2.1195728e-02   3.0204596e-04   4.3390821e-04  -7.5626963e-05
  -4.3610364e-02  -2.3662792e-02  -2.3357383e-01  -2.4259786e-03   8.3429449e-04   1.8984266e-03
   2.6009525e-02   1.5820729e-05  -8.3748517e-02   5.2667243e-04   7.8424778e-04  -4.1009758e-05
  -3.3640226e-02  -1.3054348e-02  -1.9004980e-01  -2.8176718e-03   5.1891979e-04   7.5065612e-04
   1.0376980e-02   1.3934379e-02  -6.9153284e-02   1.3338960e-03  -2.5732134e-04  -8.1020525e-04
  -2.8919221e-03   8.2400805e-03  -7.0253283e-02  -6.2794072e-05   1.8976879e-04  -8.9094582e-05
  -2.5802311e-02   1.5759536e-02  -1.9539639e-01  -1.5244124e-03   5.5945478e-04   7.5859284e-04
   1.4907467e-02   3.0874478e-02  -9.1067808e-02  -3.1012573e-04  -1.2608543e-05  -3.3922779e-04
   2.7925680e-03   4.9523781e-03  -7.4135786e-02  -8.8896604e-04  -8.4010956e-05   9.8281717e-05
   5.0273253e-03   1.5555147e-02  -8.4224751e-02   4.2554148e-04  -7.5887775e-05  -5.2494048e-04
  -3.5251129e-02   1.4564704e-02  -1.8490422e-01   3.9786507e-03  -1.9785855e-04   6.5590541e-07
  -2.8025088e-02  -1.9886519e-02  -9.6375385e-02  -3.3298255e-04  -2.2185268e-04   4.4082455e-04
  -3.4067839e-03  -7.5622493e-03  -9.2728601e-02  -7.3866247e-04  -1.5397605e-04   2.1497883e-04
  -2.4422500e-02   3.6619067e-02  -2.0339711e-01   2.2244361e-05  -5.0189034e-04   1.7653978e-04
  -1.9870523e-02  -2.9782878e-02  -1.6155840e-01  -7.8567320e-04  -5.1748333e-04  -4.2994387e-05
  -1.9482614e-02  -3.5500785e-02  -2.1732874e-01  -2.4082738e-03  -8.2645274e-04   3.9074008e-04
  -4.1790978e-02  -3.5138265e-02  -2.4514363e-01  -2.6700124e-03   8.0835182e-05   6.7030431e-04
  -2.7531184e-02  -1.4884277e-02  -2.1859551e-01  -1.7938111e-03  -1.5500127e-04   3.5317952e-04
  -4.6123090e-03  -5.0031407e-03  -1.4855222e-01  -1.0244058e-03  -2.8626552e-04  -5.4834554e-04
   1.3225990e-02  -2.6022563e-02  -1.5428749e-01  -1.6745123e-03  -7.0833123e-04  -8.1186700e-04
  -2.1797531e-02   1.7573543e-02  -1.4975603e-01  -1.1181641e-03  -1.1127436e-03  -9.3100150e-04
  -8.7499163e-03  -4.5521446e-02  -1.5867272e-01   1.5210446e-03  -5.4505723e-04  -6.8030419e-04
   1.9383150e-02  -6.8823810e-03  -8.9937139e-02  -7.0243211e-05  -4.1896539e-04  -9.1870905e-04
  -6.9535095e-03   1.3963523e-02  -8.1907441e-02  -3.7211075e-04  -6.7945383e-04  -7.6560875e-04
  -3.3960202e-02  -1.8588185e-02  -2.3308947e-02  -7.8175219e-04  -1.8958947e-03  -9.2297363e-04
  -1.9427139e-02   6.2818521e-03  -5.4211956e-02  -1.2999857e-03  -1.1902593e-03  -9.9739856e-04
  -3.5277223e-02   1.6854600e-02  -7.1340197e-02  -1.1062053e-03  -4.3984244e-04   1.3499266e-04
  -2.4856770e-02  -1.4352931e-02  -4.0717785e-02  -4.3456593e-04  -9.2581086e-04  -1.0600900e-04
  -1.0922608e-02  -1.2562132e-02  -3.5102179e-02  -2.2461491e-04  -2.7585668e-04  -6.6778336e-04
  -1.7704250e-02  -1.8007824e-02   2.6333439e-02   7.0788205e-05  -5.9436153e-04  -2.2893524e-04
  -3.1219040e-02   1.6585672e-02  -1.3848966e-01  -2.6687774e-03  -3.4597811e-04   1.9757646e-04
  -2.8428657e-02  -4.8286993e-02  -9.8320551e-02   1.5996410e-03   2.8910924e-04   5.7016388e-04
  -2.2128278e-02  -6.2040462e-03  -1.1425447e-01  -1.0008429e-03  -4.2904381e-04  -4.9532703e-06
  -5.5920794e-02  -2.8640197e-02  -1.3296664e-01   5.6312329e-03  -1.1095871e-03  -5.7058802e-05
  -8.3666319e-02  -1.5205829e-01  -7.7906166e-02   4.1281959e-04  -8.5018753e-04   1.3904261e-03
  -4.8670424e-02  -2.7141978e-02  -1.2184557e-01  -1.6845624e-03  -5.9678339e-04   6.6050818e-04
  -4.3685155e-02  -5.8494624e-02  -1.0957509e-01  -5.4027128e-04   5.7501159e-05   2.8686740e-04
  -3.6247654e-02  -2.2885401e-02  -3.1788206e-01  -3.4693270e-03   7.3999976e-05   6.1616418e-04
  -1.9374594e-02  -3.8180851e-02  -1.2075256e-01  -6.9707366e-04  -1.8990507e-04  -3.6305827e-04
  -1.3103613e-02  -2.7510231e-02  -1.0371110e-01  -3.5733824e-04  -1.6686561e-04  -6.6226962e-04
  -4.7082419e-02  -1.1764395e-02  -9.0237579e-02  -8.9433565e-04  -7.0378008e-04   5.5211223e-04
  -4.3317774e-02  -3.1088787e-03  -8.2921582e-02  -2.4325712e-04  -5.6337533e-04   1.1575545e-04
  -4.5893997e-02  -2.1805580e-02  -1.2015497e-01  -1.1363941e-03  -9.8275809e-04   4.3714191e-05
  -4.1485463e-02  -2.0845717e-02  -1.1268942e-01  -1.1324096e-03  -1.4462126e-04   2.9720899e-04
  -4.5293963e-02  -5.0972856e-02  -1.1717967e-01  -9.1871483e-04  -6.3679996e-04   2.8497441e-04
  -9.7555327e-02  -4.8609067e-02  -1.2395929e-01  -4.4616879e-04  -1.1167787e-03   1.3716284e-03
  -5.1759499e-02  -4.7657545e-02  -2.4915682e-01  -2.5344297e-03  -9.8908679e-05   6.5299955e-04
  -3.6441945e-02  -5.8764976e-02  -1.2533084e-01  -7.9171061e-04   1.6865098e-05   9.0408954e-05
   1.0581637e-02  -2.9534312e-02  -1.2596825e-01  -1.0947497e-03   3.5671067e-04  -4.7563928e-04
  -3.0905155e-02  -3.0867592e-02  -9.1254484e-02   1.1914400e-05   9.9778569e-04   1.5132393e-05
  -6.8009539e-02   5.3942676e-02  -2.9687764e-01   8.5606190e-04   7.4907747e-04   9.6395554e-05
  -3.2496219e-02  -1.3759464e-02  -1.0245924e-01   1.2612095e-03   2.6155397e-04  -6.0424424e-04
  -4.2673645e-02  -4.0307164e-02  -1.7871764e-01   2.1443960e-03   5.5334173e-06  -2.8838969e-04
  -5.2511300e-02  -1.6663187e-02  -1.1533643e-01  -4.9580763e-04  -1.1592667e-04  -5.9862830e-05
  -5.0672309e-02  -5.4712762e-02  -8.4450471e-02  -7.9859464e-04   6.6443287e-05   3.5600283e-04
  -3.8753494e-02  -3.9750576e-02  -7.3191014e-02  -7.3796568e-04   2.9746537e-04  -1.8855716e-04
  -4.3905225e-02  -2.6195143e-02  -8.4802854e-02  -6.9597839e-04   6.4736524e-04  -2.1625908e-04
  -7.6645502e-02  -5.8526717e-02  -4.9478908e-02  -1.5309368e-03   1.5449641e-04   1.1444627e-03
  -6.8953767e-02  -5.5635730e-02  -9.9368159e-02  -9.5889002e-04  -1.5453901e-04   7.1854523e-04
  -7.1423429e-02  -5.1306490e-02  -8.9337240e-02  -1.9203328e-03  -8.3739780e-06   1.1139614e-03
  -6.3140608e-02  -6.7119570e-02  -8.5779667e-02  -8.0932467e-04  -1.7647485e-04   5.8050515e-04
  -4.6690160e-02  -4.8691293e-02  -9.2498603e-02  -1.0964283e-03  -8.1296027e-05   2.3030872e-04
  -6.3054653e-02  -5.5779333e-02  -7.5747173e-02  -1.7224679e-03  -3.6504125e-05   3.8727843e-04
  -7.8874302e-02  -7.3431577e-02  -1.1152519e-01  -1.6051669e-03   2.3752403e-04   1.0851585e-03
  -1.1378005e-01  -3.6879207e-02  -3.4053401e-01   1.9888800e-04  -1.1654341e-03   8.6500857e-04
  -7.0821418e-02  -2.2193719e-02  -1.6144546e-01   1.2033826e-03  -1.2423517e-03  -1.8521276e-04
  -5.9654571e-02  -3.9609303e-02  -2.0299253e-01  -2.2214786e-03   4.5628815e-05  -9.7363764e-05
  -5.0766912e-02  -4.5568063e-02  -1.7440601e-01   2.1820597e-03   1.4472350e-03   9.3989459e-04
  -2.9886482e-02  -1.4859669e-02  -9.8787279e-02  -8.1795055e-05   3.8641492e-04  -2.1663043e-04
  -2.7071377e-02  -2.0582573e-02  -1.1420241e-01  -6.0828120e-05   7.9531268e-04  -5.2249376e-04
  -2.6205321e-02  -1.5928661e-02  -1.3847624e-01  -5.4654568e-04   1.0010761e-03  -6.9518812e-04
  -9.5498324e-02  -2.9354394e-02  -3.2369298e-01  -4.4184719e-03   1.7773889e-04   1.7975738e-03
  -4.8039849e-02  -4.1504182e-02  -1.2732289e-01  -7.6743719e-04  -1.0294893e-04   1.5246565e-04
  -2.8751775e-02  -3.4441829e-02  -1.1940097e-01  -2.1912810e-04   2.5134749e-04  -4.8450305e-04
  -4.8691178e-02  -4.6047289e-02  -1.1004374e-01  -5.5645516e-04  -1.1827902e-04   8.3368736e-05
  -9.1633621e-02  -3.6004148e-02  -1.1778836e-01   1.0849051e-03  -3.8226997e-04   9.3877062e-04
  -1.9750441e-01  -8.3626068e-02  -3.0490851e-01  -2.6331119e-03  -1.9112746e-03   1.1655527e-03
  -1.9783344e-01  -6.9723494e-02  -6.6599862e-01   7.0639996e-03   2.4238078e-03  -1.6756421e-03
  -2.4839547e-01  -1.6062216e-01  -1.7873715e+00   1.8036865e-02  -4.6818981e-05   6.7862535e-04
  -2.2977081e-02  -5.1684352e-01  -1.2838613e+00   4.1021670e-02   1.5669569e-03  -2.0136974e-03
  -1.5040300e-01  -1.6649737e-01  -1.2104509e+00   2.9092267e-02  -1.1869539e-03   1.0197382e-03
  -1.9270218e-02  -1.2892098e-01  -6.0218109e-01   1.2632608e-02   4.4626670e-03   1.9375541e-03
  -8.4664872e-02  -1.2190805e-01  -5.6194808e-01   1.2142716e-02  -1.2958518e-04   1.8483525e-03
  -6.7827565e-02  -1.0814770e-01  -5.0830359e-01   1.1523060e-02   9.0069277e-04   1.5455744e-03
  -8.9873437e-02  -1.0093958e-01  -4.7911767e-01   1.1935347e-02   3.3290979e-04   1.7824526e-03
  -2.8889984e-01  -5.3432952e-02  -8.3170340e-01   7.5747998e-03  -3.4344898e-03   2.4733788e-04
  -1.2087111e-01  -1.4077492e-01  -6.9430583e-01   1.9605810e-02   3.7366473e-03   6.5069906e-04
  -1.1323151e-01  -1.2435649e-01  -6.7392902e-01   1.5906214e-02   3.3605263e-03   1.1811535e-03
  -1.1853744e-01  -9.8532297e-02  -5.9742918e-01   1.5881955e-02   3.3429163e-03   8.7677328e-04
  -1.2016123e-01  -8.4768851e-02  -5.4780545e-01   1.6418940e-02   3.8392133e-03   1.1746526e-03
  -1.0947009e-01  -5.6656939e-02  -5.4144496e-01   1.5664778e-02   2.9036143e-03   6.8590677e-04
  -1.1760355e-01  -1.0578075e-01  -4.8699779e-01   1.5771156e-02   3.2049768e-03   9.4355392e-04
  -1.2549213e-01  -1.4163514e-01  -6.5357325e-01   1.9911383e-02   3.6954647e-03   8.3445460e-04
  -1.0623574e-01  -9.8568802e-02  -5.4540651e-01   1.5718208e-02   5.0805342e-04  -2.0139994e-03
  -9.8977172e-02  -1.1830104e-01  -5.5016667e-01   1.4013646e-02   1.6799118e-03  -1.9842263e-04
  -9.0845548e-02  -6.4033620e-02  -5.4425079e-01   1.3170708e-02   1.2935844e-03  -1.8684524e-04
  -1.0922294e-01  -7.6862126e-02  -4.7763051e-01   1.2723229e-02   7.7741796e-04  -1.5172890e-04
  -1.0257726e-01  -8.2844896e-02  -4.9969355e-01   1.3077909e-02   9.7073186e-04  -1.9529277e-04
  -1.1611938e-01  -8.1907237e-02  -4.4936948e-01   1.3837843e-02   1.0241424e-03   2.0172380e-04
  -1.1829249e-01  -2.1290608e-01  -1.8148779e+00   6.7961807e-03   1.5645063e-03   1.3528614e-03
  -7.0356327e-02  -3.0769477e-01  -2.1442164e+00   1.0827343e-02   3.6244209e-03   4.1752845e-03
  -2.5438775e-01  -2.2387906e-01  -1.6065227e+00   3.2432703e-02  -4.7855533e-03  -2.0235998e-03
  -2.0469126e-01  -1.7769677e-01  -1.2068002e+00   3.0852001e-02  -2.0916804e-03   3.6788852e-04
  -1.9250363e-01  -1.3784734e-01  -1.0772148e+00   2.8862597e-02  -1.1663443e-03  -9.2858864e-05
  -1.8696005e-01  -1.0869073e-01  -1.0132798e+00   2.7819350e-02  -7.8954838e-04   1.6394625e-04
  -1.9998942e-01  -1.0610137e-01  -9.7088888e-01   2.6389554e-02  -9.2006382e-04  -2.4316747e-04
  -1.8880213e-01  -1.0621897e-01  -9.6251894e-01   2.5948517e-02  -4.2865684e-04  -3.4539274e-04
  -1.9114806e-01  -1.1184084e-01  -9.6427585e-01   2.4584620e-02  -2.0650707e-04  -2.7523617e-04
  -1.7363268e-01  -8.8117343e-02  -9.4935354e-01   2.4497522e-02  -1.5629751e-04  -5.3319211e-04
  -1.8899500e-01  -1.1662169e-01  -9.2145913e-01   2.4152655e-02  -4.0415270e-04  -4.2385318e-04
  -1.8695021e-01  -9.5712569e-02  -9.2161318e-01   2.2885728e-02  -1.5225484e-04  -5.3437482e-04
  -1.9375841e-01  -1.0832865e-01  -8.8150176e-01   2.3722158e-02   4.0643978e-04  -3.0256917e-04
  -1.8472809e-01  -9.5510431e-02  -8.7952726e-01   2.3031250e-02   6.0791006e-05  -2.9644594e-04
  -1.9191376e-01  -8.9715900e-02  -8.5639843e-01   2.2808878e-02   4.1600154e-05   1.7985400e-04
  -1.6145844e-01  -7.9518042e-02  -8.5116243e-01   2.3401911e-02   1.4082840e-04  -1.0132502e-03
  -1.8337166e-01  -7.9924194e-02  -8.3985542e-01   2.2586798e-02  -3.1086151e-04  -2.0836234e-04
  -1.5968491e-01  -1.4621713e-01  -9.8232284e-01   2.1018184e-02   1.5847144e-03  -6.3783332e-04
  -1.5994848e-01  -7.0513114e-02  -8.9240416e-01   2.1242240e-02   5.1222098e-04  -7.8761216e-04
  -1.6887192e-01  -1.1985313e-01  -8.8376348e-01   2.0710817e-02  -3.9555761e-05  -2.9687631e-04
  -1.7219272e-01  -7.7292821e-02  -8.5348346e-01   2.1029858e-02   4.1966640e-04  -6.9232076e-04
  -1.6694360e-01  -7.9837580e-02  -8.4359411e-01   2.0692934e-02   6.8836807e-04  -3.5821980e-04
  -1.6550277e-01  -9.9072305e-02  -8.0450053e-01   2.0639208e-02   7.0044287e-04  -3.5017214e-04
  -1.5886644e-01  -9.0204806e-02  -7.8859376e-01   2.0212538e-02   5.7197796e-04  -5.2239301e-04
  -1.6357011e-01  -8.3136166e-02  -8.1454167e-01   1.9424059e-02   4.3816665e-04  -7.5995847e-04
  -1.4311360e-01  -9.5430990e-02  -7.9349020e-01   1.9948826e-02   8.2737578e-04  -7.5178497e-04
  -1.3236025e-01  -1.0554443e-01  -7.7419105e-01   1.9850000e-02   1.0627172e-03  -9.9842073e-04
  -9.8640859e-02  -8.9232445e-02  -7.5531048e-01   1.8019187e-02   3.7779001e-03  -7.6515589e-04
  -5.1165705e-02  -9.3030288e-02  -6.9211968e-01   1.3500230e-02   2.3994423e-03  -1.0635952e-03
  -7.6610855e-02  -9.1050119e-02  -7.2005083e-01   1.3638938e-02   1.6792802e-03  -7.9916694e-04
  -1.0022252e-01  -5.1884266e-02  -7.7924138e-01   1.2394989e-02   2.3231059e-03  -4.8797654e-05
  -1.0571930e-01  -7.7693333e-02  -6.1793205e-01   1.3630012e-02   9.3734209e-04  -1.1823377e-04
  -1.0395584e-01  -6.4092996e-02  -5.9276510e-01   1.2923698e-02   7.5000432e-04  -1.8927993e-04
  -1.2194647e-01  -8.2289942e-02  -5.7672912e-01   1.2273453e-02   1.0743311e-03   4.5411949e-04
  -1.0823899e-01  -7.7166897e-02  -5.5356750e-01   1.2582998e-02   7.6255149e-04   1.6842631e-04
  -1.5329786e-01  -8.0693606e-03  -5.1222468e-01   1.5258691e-02   2.1299157e-04   3.1349459e-04
  -1.3956962e-01  -5.4002561e-02  -4.8376724e-01   1.4633587e-02  -8.4104781e-06   5.2437815e-04
  -1.4247885e-01  -5.9166066e-02  -5.0456656e-01   1.3877961e-02  -8.7336927e-04   2.2130643e-04
  -1.3052927e-01  -5.5535944e-02  -5.8740583e-01   1.5140548e-02   6.9299895e-04  -3.8248164e-04
  -1.2163736e-01  -6.3771369e-02  -5.0365105e-01   1.4691153e-02  -6.6595917e-05  -2.3486596e-04
  -1.0549985e-01  -6.8241268e-02  -4.6340234e-01   1.4325080e-02  -2.8331051e-04  -4.1908990e-04
  -1.1837951e-01  -4.7022526e-02  -4.3410336e-01   1.4927340e-02  -2.8748661e-04  -4.3963003e-05
  -1.3090852e-01  -3.1564155e-02  -3.9552855e-01   1.4188317e-02  -5.2722104e-04   3.8308688e-04
  -1.3365236e-01  -7.0921180e-02  -5.3067754e-01   1.2765034e-02   8.1379681e-05   1.0291081e-03
  -1.2246773e-01  -5.5819152e-02  -5.3238153e-01   1.4344469e-02   1.4508274e-04   2.0107329e-04
  -1.2325180e-01  -8.3465861e-02  -4.4838750e-01   1.5099433e-02  -1.7661654e-04   4.8684223e-04
  -1.2711431e-01  -7.5711744e-02  -4.5944083e-01   1.4167196e-02  -6.4835530e-04   1.1948383e-04
  -1.4121445e-01  -8.7476092e-02  -4.3873134e-01   1.3813609e-02  -8.6062514e-04   3.8594236e-04
  -1.2950807e-01  -5.6684196e-02  -4.2677956e-01   1.4391184e-02  -9.3740721e-04   9.5682579e-05
  -1.4596295e-01  -8.8366930e-02  -4.5082499e-01   1.3777197e-02  -1.0174602e-03   6.0381115e-04
  -1.3417920e-01  -6.5184432e-02  -4.3308545e-01   1.3903894e-02  -9.0604489e-04   2.9178638e-04
  -1.3953160e-01  -7.3437476e-02  -4.2385142e-01   1.4485082e-02  -1.0478122e-03   6.0450578e-04
  -1.8704914e-01  -6.2456086e-02  -5.1532351e-01   1.2803490e-02  -1.1355384e-03   1.3672075e-03
  -9.0393128e-02  -5.8873865e-02  -3.8220552e-01   1.2888705e-02   3.3357007e-03   4.5986122e-04
  -1.1920850e-01  -7.2404963e-02  -4.0542939e-01   1.2395422e-02   1.5541404e-03   8.7708179e-04
  -1.0341980e-01  -6.7493651e-02  -3.8685512e-01   1.2558107e-02   4.6154021e-04   2.5371822e-04
  -1.1043217e-01  -4.6513889e-02  -3.6922339e-01   1.3250415e-02  -1.9259039e-05   3.3891001e-04
  -1.0445744e-01  -7.0015788e-02  -5.9007169e-01   1.1020085e-02   1.0524356e-03   5.2687355e-04
  -7.4125797e-02  -8.9464429e-02  -4.3826832e-01   1.2693808e-02   7.9056998e-04  -1.0068846e-03
  -8.0607718e-02  -6.8202252e-02  -4.1040657e-01   1.3281985e-02   3.8311576e-04  -5.7825222e-04
  -8.4456949e-02  -6.8161018e-02  -3.8687765e-01   1.3112313e-02   1.7550400e-04  -5.2031351e-04
  -8.7971393e-02  -7.0150326e-02  -4.0324069e-01   1.2777610e-02   1.5323526e-04  -4.1428038e-04
  -9.1223429e-02  -4.6149965e-02  -4.4316830e-01   1.2008180e-02   2.3835076e-04  -7.1759155e-04
  -9.9923574e-02  -5.5915758e-02  -4.5290847e-01   1.3921855e-02  -7.0058557e-04  -4.0056315e-04
  -9.6648948e-02  -9.4385244e-02  -4.3052383e-01   1.2768697e-02  -9.6149346e-04  -2.5512120e-04
  -1.2093306e-01  -7.5939533e-02  -3.9670404e-01   1.3188920e-02  -8.0970839e-04  -2.1718465e-04
  -1.0200493e-01  -5.6381599e-02  -3.7090072e-01   1.3466409e-02  -1.0372622e-03  -7.7148264e-04
  -9.7625604e-02  -3.5465821e-02  -3.9384047e-01   1.3210535e-02  -7.8760820e-04  -4.3355174e-04
  -1.2017396e-01  -4.6872738e-02  -4.0412263e-01   1.2999623e-02  -1.0215632e-03   2.3548561e-05
  -1.0655065e-01  -5.4311583e-02  -3.6204848e-01   1.2386054e-02  -8.8756551e-04  -3.6144334e-04
  -1.1035271e-01  -4.0488391e-02  -3.3087671e-01   1.3629788e-02  -1.1081078e-03  -3.7249681e-05
  -9.8819517e-02  -6.0755975e-02  -4.9995616e-01   1.5124290e-02   3.3547396e-04   3.0308885e-04
  -6.9412855e-02  -4.5924017e-02  -3.7268795e-01   1.3358781e-02  -1.1687306e-03  -5.9510253e-04
  -5.5064080e-02  -2.2080579e-02  -3.2727506e-01   1.4026951e-02  -7.8124277e-04  -1.0632780e-03
  -8.7973934e-02  -3.7945588e-03  -3.3547057e-01   1.2732118e-02  -1.0345585e-03  -3.2588374e-04
  -6.9125234e-02  -8.5032041e-03  -3.1532114e-01   1.3388528e-02  -1.1160163e-03  -6.8463971e-04
  -1.0744266e-01  -2.2574567e-02  -4.0900634e-01   1.2104080e-02   3.0492982e-05   1.0784337e-03
  -7.1203294e-02  -4.4637608e-02  -4.3923049e-01   1.1093994e-02   8.4154796e-04  -1.0612888e-04
  -8.3565256e-02  -8.2096943e-02  -3.3923876e-01   1.5908596e-02   1.5144842e-03   7.6420185e-04
  -7.2994025e-02  -7.1339290e-02  -2.9110601e-01   1.4952092e-02   1.1021474e-03   3.9668278e-04
  -9.9027415e-02  -4.0510748e-02  -2.9570529e-01   1.3571632e-02   6.6399133e-04   5.9225398e-04
  -1.0862228e-01  -6.5593854e-02  -3.4617087e-01   1.5796409e-02   5.2823870e-04   6.2312446e-04
  -1.0031268e-01  -4.8510237e-02  -3.1677364e-01   1.4179391e-02  -6.5774461e-04   7.7149176e-04
  -9.6829697e-02  -6.3631960e-02  -3.1832302e-01   1.3521339e-02  -3.3952707e-04   1.0210361e-03
  -1.1991860e-01  -7.7920212e-02  -3.0022439e-01   1.3766490e-02  -4.9262464e-04   1.0447651e-03
  -1.0929070e-01  -6.6130194e-02  -3.0736145e-01   1.4383726e-02  -5.7974909e-04   5.3575278e-04
  -1.0581683e-01  -4.2388918e-02  -3.1071495e-01   1.4115999e-02  -6.6806866e-04   5.8015401e-04
  -1.1785798e-01  -5.4972607e-02  -4.0119994e-01   1.1182105e-02  -1.9153290e-04   8.2544373e-04
  -8.9193475e-02  -1.0188982e-01  -3.1279969e-01   1.5825500e-02  -5.7677029e-04   2.2371422e-04
  -9.5925583e-02  -8.3055737e-02  -3.0752545e-01   1.2981333e-02  -9.3629977e-04   5.1144977e-04
  -8.5501355e-02  -5.3381383e-02  -2.2511357e-01   1.4040558e-02  -9.0206482e-04   1.2133543e-04
  -1.0039479e-01  -4.2204428e-02  -2.4653077e-01   1.3397784e-02  -1.2028073e-03   4.5778549e-04
  -9.0060700e-02  -3.9600999e-02  -2.5974843e-01   1.3462245e-02  -9.5776312e-04   5.2837343e-04
  -9.2081565e-02  -3.3235280e-02  -2.6340494e-01   1.3028377e-02  -1.3726828e-03   5.9771603e-04
  -9.2271491e-02  -4.4681341e-02  -2.8089198e-01   1.2684642e-02  -1.3139292e-03   6.2832765e-04
  -1.2624517e-01  -8.1001590e-02  -2.0653093e-01   1.0439045e-02  -1.6842404e-03   1.3518416e-03
  -1.3972860e-01  -5.9352690e-02  -5.3788565e-02   1.1040135e-02  -5.9277540e-03  -1.2856492e-04
  -1.0545246e-01  -7.0567933e-02  -2.1598403e-01   1.1943891e-02  -4.2574798e-03  -2.5049506e-04
  -7.6148405e-02  -6.1332650e-02  -9.2465368e-02   1.2509914e-02  -2.6629323e-03  -6.4765003e-05
  -8.7861999e-02  -2.3793428e-02  -1.6790123e-02   1.1273814e-02  -3.0578160e-03   3.3133208e-04
  -9.6197286e-02  -2.8088778e-02  -1.3475425e-02   1.2955181e-02  -3.2254141e-03   2.8248243e-04
  -7.9573450e-02  -4.1314608e-02   2.2782507e-02   1.1160510e-02  -3.2810872e-03   1.3187342e-05
  -7.0269813e-02  -6.9678806e-03   5.9262387e-02   1.1553695e-02  -2.9781247e-03   1.5537696e-04
  -8.2631263e-02   1.4588645e-03   1.4887375e-01   1.1565751e-02  -3.0303994e-03   3.8655634e-04
  -9.3732867e-02   3.1855378e-02  -7.9537430e-02   9.3960472e-03  -1.9839367e-03   9.9204102e-04
  -5.7199255e-02  -1.5255325e-02   4.5624623e-02   1.4224786e-02   2.6581823e-04   2.8822700e-04
  -6.0268486e-02   4.9174692e-03   5.8889234e-02   1.2812282e-02  -1.0954463e-03   1.8049419e-04
  -4.3477375e-02   2.1884955e-02   3.1554165e-03   1.2201381e-02   1.9300194e-04  -2.2516004e-04
  -6.1031731e-02  -2.4909284e-02  -4.8089365e-03   1.2313969e-02  -1.4638672e-03   2.2593155e-05
  -7.1219608e-02  -5.0985234e-02   2.6534371e-02   1.1923946e-02  -1.5591647e-03   3.7611177e-04
  -5.9990303e-02  -5.1115627e-02   3.6721861e-02   1.1906085e-02  -1.5104420e-03   2.9356250e-04
  -7.6343564e-02  -4.2304360e-03   7.5985680e-02   1.2323799e-02  -1.5485810e-03   8.9633888e-04
  -8.5832305e-02  -2.2278640e-02   6.4581682e-02   1.1149218e-02  -2.2214314e-03   9.1047556e-04
  -6.1201748e-02  -5.4569430e-03   1.0309454e-01   1.1803102e-02  -1.4758229e-03   2.8761548e-04
  -7.3630338e-02  -4.0539831e-02   1.0829916e-01   1.1905398e-02  -1.9167746e-03   8.1972335e-04
  -1.0692050e-01  -6.0213831e-02   1.7800870e-02   1.1819141e-02  -7.9593702e-04   1.7561483e-03
  -2.7842878e-02  -2.4870734e-02   4.2117287e-02   1.1710484e-02  -1.4934761e-04  -2.3876077e-04
  -2.9354056e-02  -5.1108287e-02   1.9587083e-02   1.5970005e-02   2.2410767e-04   1.6589297e-05
  -7.7539161e-03  -1.3388380e-02   1.7133913e-02   1.5696553e-02   1.4582191e-03  -4.7331170e-04
  -2.8690121e-02  -1.4441605e-02   1.1937523e-01   1.2296250e-02   2.2253370e-03   1.9625636e-04
  -3.6142621e-02  -6.2997308e-03   1.2754351e-01   1.1075787e-02   6.7677634e-04   8.8427382e-05
  -4.0429875e-02   1.1044607e-02   1.6980628e-01   1.1942824e-02   6.9304292e-04   1.4263667e-04
  -4.4871215e-02   3.1271943e-02   2.4105425e-01   1.2599632e-02   7.6752142e-04   2.8009511e-04
  -5.9286075e-02   4.2779934e-03   1.5112167e-01   1.0066249e-02  -9.5287360e-05   5.5146255e-04
  -5.1676484e-02  -2.0629255e-02   3.8388944e-01   1.7538404e-02  -1.6995509e-03   3.9939273e-04
  -6.2897310e-02  -2.8645909e-02   3.7840259e-01   8.5648421e-03  -3.9316868e-03   1.1343489e-03
  -5.7472678e-02  -3.0298657e-02   3.9445670e-01   8.7067075e-03  -3.4696635e-03   1.1343486e-03
  -7.8040726e-02  -4.2619092e-03   2.2684939e-01   6.6601614e-03  -1.8483914e-03   1.6529957e-03
  -3.8499439e-02  -5.2589998e-02   3.1311196e-01   9.2023890e-03  -1.1195966e-03   1.2965865e-03
  -2.6929083e-02  -2.4732631e-02   3.4545776e-01   9.8339923e-03  -1.9365521e-03   8.1890917e-04
  -2.0729958e-02  -1.8424660e-02   3.3996531e-01   8.5996844e-03  -1.5475958e-03   4.7775709e-04
  -2.7104869e-02   1.1687768e-02   3.5483239e-01   9.5208463e-03  -2.1795531e-03   9.0898952e-04
  -5.5174382e-02  -9.0627713e-03   3.7383268e-01   9.0176438e-03  -2.1310903e-03   1.0746381e-03
  -3.5366608e-02   4.6301832e-03   3.6942061e-01   9.1607535e-03  -2.4722465e-03   6.9046748e-04
  -5.5332263e-02  -2.6750230e-02   4.2235901e-01   7.7449055e-03  -2.8063813e-03   1.7360872e-03
  -3.3471707e-02  -1.7388426e-02   4.0270689e-01   9.1066426e-03  -2.4999299e-03   8.6344680e-04
  -4.6750958e-02  -3.8538510e-02   4.3894454e-01   8.6922219e-03  -2.5342446e-03   1.5025370e-03
  -4.2791500e-02  -1.1524175e-02   4.0888581e-01   8.9955405e-03  -2.7823312e-03   1.2188909e-03
  -5.1040361e-02  -1.2485706e-03   3.8390384e-01   7.7107361e-03  -3.4834969e-03   1.1410825e-03
  -3.6807282e-02   3.4898506e-03   4.0141177e-01   8.5946552e-03  -2.3485281e-03   1.3183895e-03
  -3.4395797e-02  -2.6772930e-02   2.6817662e-01   1.4103748e-02  -7.9118976e-04   1.3261786e-03
  -4.4120294e-03  -2.9374416e-04   3.4364622e-01   9.3019106e-03  -5.4251162e-04   6.8156843e-04
  -3.0751694e-03   1.2447567e-02   1.6416687e-01   9.1571916e-03  -4.7500019e-04   3.2390774e-04
  -1.7151142e-02  -5.1581679e-03   3.5677925e-01   1.1868889e-02  -8.7241174e-04   3.4911427e-04
  -3.5916494e-03   1.9363781e-02   3.7790876e-01   1.0391429e-02  -1.2932866e-03  -1.4842908e-04
  -2.1969897e-02   4.1002543e-02   3.8027733e-01   1.0663657e-02  -9.7006354e-04   2.6207120e-04
  -3.2568885e-02   2.4962918e-02   3.9024334e-01   9.9512074e-03  -1.3895398e-03   6.0869263e-04
  -4.3420102e-02   3.7235298e-03   3.7108663e-01   9.4388256e-03  -1.8221231e-03   1.2340972e-03
  -4.9129567e-02   1.7129151e-03   3.8347818e-01   9.3704651e-03  -2.3306594e-03   9.6472570e-04
  -8.0863873e-03   1.3157042e-02   3.9158902e-01   9.7787184e-03  -1.8693148e-03   2.7603071e-04
  -3.6407312e-02  -3.1066534e-04   4.2851521e-01   9.2868133e-03  -1.7596197e-03   1.4000621e-03
  -3.8308191e-02   1.2414570e-02   2.9092954e-01   1.2146133e-02  -1.7160793e-03   1.6910227e-03
  -2.6483204e-02  -1.7619086e-02   3.7662552e-01   1.1551072e-02  -1.7068611e-03   1.0797531e-03
  -1.0646339e-02  -1.2968527e-02   3.9063649e-01   1.0982617e-02  -2.0252332e-03   8.9530967e-04
  -7.7867559e-03  -8.2153629e-03   3.9754542e-01   1.0542288e-02  -1.9209476e-03   5.9547022e-04
  -1.8164844e-02  -2.4543599e-02   4.3606958e-01   9.8795940e-03  -2.0256561e-03   9.5863933e-04
  -2.4763462e-02  -3.3067555e-02   4.3429475e-01   1.0820733e-02  -1.8673271e-03   1.0354134e-03
  -3.1282070e-02  -2.6675535e-02   4.8246859e-01   1.0381223e-02  -2.3069901e-03   1.5376534e-03
  -2.3095982e-02  -1.5227722e-03   5.2149771e-01   1.0789292e-02  -2.1412369e-03   1.1517084e-03
  -1.7829233e-02  -5.3500451e-03   4.5790847e-01   9.6406730e-03  -2.0420192e-03   9.5599853e-04
  -5.2453572e-03  -4.2215910e-04   3.8365366e-01   8.1428663e-03  -1.1007409e-03   1.1878751e-03
  -2.1709124e-04  -1.2036259e-02   4.6033077e-01   9.3012946e-03  -1.2416849e-03   4.5634869e-04
   7.5770629e-04   1.2819978e-02   5.1464990e-01   9.9009942e-03  -1.8933769e-03   3.5274445e-04
  -4.7897281e-03   1.3265501e-02   5.1170994e-01   9.9327764e-03  -1.5134468e-03   9.0215663e-04
   1.0872002e-02  -7.7897411e-03   6.6817975e-01   1.5097469e-02  -8.1314567e-04   6.5259932e-04
   3.5715141e-02  -3.9853688e-02   6.5294496e-01   6.7479413e-03  -1.5606129e-03   2.6959548e-04
   2.0280765e-02   5.6162250e-03   6.6684241e-01   8.1568225e-03  -1.8833785e-03   5.7172825e-04
   1.8946633e-02   8.0927472e-03   6.7571704e-01   7.8384646e-03  -1.6959268e-03   7.4617809e-04
   2.5442940e-02   1.6859415e-02   6.9964679e-01   8.2788721e-03  -1.5561917e-03   6.3683695e-04
   4.9622093e-03   6.7811514e-03   7.3460228e-01   8.5085743e-03  -2.4209380e-03   4.1469914e-04
   2.1018069e-03   3.2744025e-02   7.3859162e-01   8.1126449e-03  -2.2975109e-03   9.1832759e-04
   1.1500865e-02   1.6252939e-02   7.3362112e-01   8.4102006e-03  -2.6556725e-03   8.2501845e-04
   1.3627410e-03   3.4170011e-02   6.7010248e-01   6.3113745e-03  -2.1781242e-03   1.1567828e-03
  -2.0116864e-03  -3.2304766e-02   5.8425373e-01   1.2211548e-02  -2.0011140e-03   4.7168777e-04
   3.5175499e-02   1.0658459e-02   6.5960812e-01   8.9070242e-03  -2.0664636e-03  -4.6601219e-06
   1.2958891e-02   3.2153274e-02   6.8384424e-01   9.2324505e-03  -2.3043292e-03   1.8103630e-04
   1.1039686e-03   4.4848730e-02   7.1140049e-01   9.8469789e-03  -2.7195274e-03   1.6093101e-04
   2.4029891e-03   3.2577736e-02   6.9936038e-01   8.1649146e-03  -2.9383302e-03   4.4318543e-05
   1.5858379e-02   2.4840506e-02   7.1022269e-01   8.4763116e-03  -2.8117835e-03   3.2813211e-04
  -4.3588510e-03   4.9113237e-02   7.3108569e-01   9.0429902e-03  -3.0403395e-03   6.6852560e-04
  -5.4899916e-05   4.0854103e-02   5.1122552e-01   7.0146865e-03  -4.4921888e-03  -1.1509046e-03
   5.1344580e-02   3.2869544e-02   5.6921361e-01   9.0273796e-03   6.0749087e-04  -3.3000764e-04
   4.5052045e-02   1.5398402e-02   4.5825121e-01   5.5180891e-03  -2.2266980e-03  -8.7476100e-04
   2.0270586e-02   2.1442149e-02   5.5492878e-01   1.2613810e-02  -3.1372322e-03  -5.5303010e-04
   2.2707742e-02   2.1911497e-02   6.0631686e-01   8.3853259e-03  -2.7664148e-03  -3.0049303e-04
   2.0107430e-02   9.4224455e-03   5.9100146e-01   7.4931775e-03  -2.6354130e-03   3.5550826e-04
   2.7095898e-02   5.1299047e-02   5.3448473e-01   6.2308106e-03  -1.7925523e-03   1.4517367e-04
   2.1107432e-02  -4.4828101e-03   5.7313933e-01   8.8308519e-03  -8.8870726e-04   8.6761416e-04
   2.4534497e-02   3.5093300e-02   6.3551014e-01   7.8920739e-03  -2.2524122e-03   4.1276885e-04
   5.9476330e-02  -5.8857859e-04   7.7854732e-01   1.3467874e-02  -9.0163042e-04  -6.5018684e-04
   3.7511418e-02   2.5354360e-02   7.6208638e-01   8.6275519e-03  -1.2225409e-03  -3.9506154e-04
   4.9430390e-02   1.5913363e-02   7.5033711e-01   8.1802234e-03  -1.1100504e-03  -3.8912347e-04
   3.0605465e-02   3.8785107e-02   7.7476529e-01   8.7686470e-03  -9.4685632e-04   2.9291329e-05
  -6.0628984e-03   7.3936042e-02   6.8022116e-01   9.6896044e-03  -1.7619971e-03   7.9095646e-04
   3.8256284e-03   4.8500364e-02   7.6909155e-01   1.0702593e-02  -8.1774412e-04   1.1411964e-03
   1.2322020e-02   2.3173926e-02   7.6601220e-01   9.3388306e-03  -1.2393932e-03   5.7165654e-04
   1.7215756e-02   3.2662454e-02   7.6642251e-01   9.2622526e-03  -8.6705943e-04   6.8883787e-04
   1.2071325e-02   3.7971552e-02   7.7758569e-01   9.2274114e-03  -1.2364921e-03   4.6742995e-04
   4.1420130e-03   3.9236800e-02   8.2459135e-01   9.6549185e-03  -1.0460373e-03   9.3068538e-04
   7.8851075e-03   3.2073073e-02   7.8929929e-01   8.9594185e-03  -1.0345251e-03   9.0717774e-04
   1.9208005e-02   3.3533332e-02   8.0323843e-01   9.2830346e-03  -1.4131395e-03   6.1759054e-04
   1.0872014e-02   5.6807058e-02   8.1226550e-01   9.1922983e-03  -1.5147690e-03   9.2083037e-04
  -2.1291225e-03   4.0182306e-02   8.4071337e-01   8.6948633e-03  -1.7828799e-03   1.0697818e-03
  -1.2131295e-02   6.1413365e-02   8.5634254e-01   9.4639429e-03  -1.9695407e-03   1.1780907e-03
  -5.9726997e-03   1.7717692e-02   7.7004878e-01   1.3211442e-02  -2.1958712e-03   1.5345889e-03
   3.1697027e-02   3.8629711e-02   8.2440211e-01   8.9028944e-03  -1.4094831e-03   8.6630539e-04
   4.2260461e-02   3.8994669e-02   8.5025821e-01   9.4019409e-03  -1.6706671e-03   6.6828091e-04
   3.3869115e-02   7.1275333e-02   8.5378132e-01   8.3985772e-03  -1.2584253e-03   6.5956830e-04
   2.8912111e-02   6.6204358e-02   8.7444492e-01   8.3636610e-03  -1.7875129e-03   7.4611837e-04
   2.4143675e-02   7.0891090e-02   8.8420192e-01   8.6881279e-03  -2.0406493e-03   7.9999765e-04
   2.3572896e-02   7.2937959e-02   9.0181184e-01   8.8563287e-03  -2.2715397e-03   9.6789204e-04
   2.1453273e-02   6.0279180e-02   8.9922827e-01   7.4545292e-03  -1.8429113e-03   1.1048877e-03
   1.9065270e-02   3.8600802e-02   9.2646466e-01   8.7936552e-03  -1.7422541e-03   7.3538215e-04
  -3.2806496e-03   6.1596139e-02   9.3551039e-01   8.7845405e-03  -2.1517913e-03   1.4475344e-03
   2.4192904e-03   4.8949229e-02   9.3099264e-01   8.2840511e-03  -2.2113614e-03   1.2125184e-03
   1.1119814e-02   7.6710546e-02   9.1858357e-01   8.6170748e-03  -1.6862808e-03   1.5403976e-03
  -4.3937460e-02   3.1867640e-02   7.3092961e-01   9.4347068e-03  -2.2536043e-03   2.3687066e-03
  -3.7044005e-02   5.0688914e-02   9.1875575e-01   1.0317764e-02  -3.1627948e-03   8.6897810e-04
   1.7382376e-02   3.1495923e-02   9.5362630e-01   8.5559470e-03  -1.6948702e-03   6.8601831e-04
   1.4239594e-02   6.9415589e-02   9.3286380e-01   1.0072153e-02  -1.3344720e-03   1.0216528e-03
   4.5129505e-02   1.1189805e-01   1.0798894e+00   1.0003079e-02   2.9620944e-04   1.0570070e-03
   2.5762267e-02   7.0142313e-02   9.4759906e-01   1.0032018e-02  -2.9073663e-04   9.6634874e-04
  -3.4955102e-04   1.1680442e-01   1.0208342e+00   9.6701447e-03  -2.1582890e-03   4.3608786e-04
   2.5170184e-02   8.8657443e-02   1.0229712e+00   8.8262959e-03  -1.1786237e-03   4.0398656e-04
   4.8545075e-02   7.1261004e-02   1.0650676e+00   9.3355792e-03  -1.3957909e-05   5.2612810e-04
   4.6265722e-02   4.9011632e-02   1.0107285e+00   8.6092358e-03  -2.1049386e-05   7.9561876e-04
   3.9779027e-02   3.5021264e-02   1.0447242e+00   8.9643443e-03  -9.9898772e-04   7.3911612e-04
   1.9374071e-02   8.7074369e-02   8.4662255e-01   6.1751920e-03  -6.1379471e-05   1.9679237e-03
   5.0750047e-02   8.6687342e-02   1.0530076e+00   9.5841051e-03  -3.4756830e-04   5.4255953e-04
   3.9085719e-02   9.6727691e-02   1.0889864e+00   1.0690530e-02  -5.2753470e-04   6.3405281e-04
   1.7108583e-02   7.2620270e-02   1.0820503e+00   7.8882178e-03  -7.4493019e-04   1.5290608e-03
   3.4464466e-02   6.9723450e-02   1.0181632e+00   7.6276100e-03  -5.0699344e-04   1.0445486e-03
   2.4198304e-02   4.2240068e-02   1.0607879e+00   1.0422612e-02  -7.6292049e-04   1.1856599e-03
   2.3171685e-02   3.1568497e-02   1.0676256e+00   8.9220832e-03  -6.8975653e-04   1.1288746e-03
  -1.5061337e-02   3.1216620e-02   1.0403821e+00   1.0376980e-02  -1.1046317e-03   1.9359262e-03
   2.8867810e-02   9.3671490e-02   1.1323531e+00   9.5349627e-03  -1.1230184e-03   9.3285814e-04
   4.9596798e-02   9.8669795e-02   1.1278100e+00   8.1856852e-03  -1.2704253e-03   5.5386914e-04
   4.4365715e-02   5.6656163e-02   1.1994224e+00   8.8174564e-03  -1.1916355e-03   8.6250536e-04
   2.9239689e-02   8.3724543e-02   1.1864751e+00   8.3556061e-03  -1.5422338e-03   6.7461830e-04
   4.6437419e-02   8.6190564e-02   1.1882178e+00   8.0984997e-03  -1.2603105e-03   6.8679962e-04
   4.2633510e-02   8.4660381e-02   1.2143691e+00   7.8511878e-03  -1.1556539e-03   9.2825608e-04
   4.0888328e-02   8.5263775e-02   1.1974901e+00   7.8331173e-03  -1.7098583e-03   7.8704212e-04
   3.2651947e-02   9.6343181e-02   1.0593617e+00   6.8302982e-03  -9.9161454e-04   1.2110430e-03
   2.6179989e-02   1.1327067e-01   1.1263182e+00   1.1376985e-02  -1.8246426e-03   6.0526954e-04
   6.7762702e-02   9.2159514e-02   9.5757090e-01   4.9965183e-03  -3.3198596e-04   8.9793321e-04
   5.3561878e-02   6.1169488e-02   1.1176835e+00   1.0928409e-02  -2.3644767e-04   8.9115308e-04
   6.1540951e-02   8.5350687e-02   1.1552023e+00   8.8621452e-03  -6.5689154e-04   7.4689995e-04
   4.5495797e-02   8.4863537e-02   1.2057917e+00   8.6350285e-03  -8.4892727e-04   9.4055442e-04
   5.0806533e-02   9.8792024e-02   1.2006344e+00   8.7602922e-03  -9.4362206e-04   8.7749917e-04
   5.4352563e-02   1.0357027e-01   1.1877712e+00   8.6700527e-03  -5.5701238e-04   8.0536235e-04
   5.3405449e-02   8.2779033e-02   1.1824802e+00   8.3931887e-03  -8.7917142e-04   5.8275324e-04
   7.0394117e-02   1.0501149e-01   1.1774266e+00   7.6790030e-03  -4.5893787e-04   2.0641862e-04
   2.7297192e-02   5.2902426e-02   1.1755168e+00   1.3491783e-02  -8.0738911e-04   1.2797441e-03
   2.3944579e-02   9.4875997e-02   1.2036697e+00   9.0663098e-03  -4.4369851e-04   1.0559365e-03
   2.7680437e-02   1.0337500e-01   1.2424838e+00   9.9614019e-03  -8.9922158e-04   9.1012664e-04
   3.4421945e-02   9.7652983e-02   1.2344561e+00   8.9157452e-03  -7.2451061e-04   1.2921762e-03
   1.0825862e-02   1.0937008e-01   1.1561350e+00   6.2706680e-03  -9.9800176e-04   1.5659621e-03
   5.4860441e-02   7.0451678e-02   1.1982242e+00   1.2238933e-02   3.6485204e-04   1.2417053e-03
   6.3309247e-02   8.6724802e-02   1.2188561e+00   9.0957767e-03  -5.3974180e-05   8.1130319e-04
   6.0848353e-02   9.0102667e-02   1.2841634e+00   9.5458743e-03  -8.6706101e-04   6.1631881e-04
   5.4826185e-02   1.2973490e-01   1.1193087e+00   1.1391001e-02  -6.2173675e-04   7.4319491e-04
   5.3106679e-02   4.3831151e-02   1.3242877e+00   6.5459904e-03  -6.6269792e-04   1.3059494e-03
   5.2466543e-02   4.5725634e-02   1.3298976e+00   7.3382952e-03  -2.7814572e-04   1.1014373e-03
   3.7915966e-02   8.0944682e-02   1.1713410e+00   1.0234824e-02  -6.5334503e-04   1.5562696e-03
   3.7020818e-02   6.2259830e-02   1.3121033e+00   9.8920414e-03  -2.5061915e-04   1.0741745e-03
   5.1365427e-02   8.7204123e-02   1.3226827e+00   8.4484014e-03  -4.4083818e-04   9.3987199e-04
   4.2114335e-02   8.5038885e-02   1.3391316e+00   8.8081808e-03  -7.4240123e-04   8.0395013e-04
   3.1322624e-02   7.0309047e-02   1.3554268e+00   8.4493584e-03  -6.4127355e-04   8.3544907e-04
   2.6014267e-02   5.6191392e-02   1.3526419e+00   7.7923034e-03  -4.3960220e-04   1.4370794e-03
   3.5438674e-02   9.7857621e-02   1.3690093e+00   8.1301839e-03  -8.3576149e-04   1.2242619e-03
   2.9012634e-02   8.2007606e-02   1.4070585e+00   7.6258099e-03  -1.1978941e-03   1.8230235e-03
   6.1617025e-02   7.4136775e-02   1.3849151e+00   7.4543142e-03  -1.0515203e-03   1.0897161e-03
   2.8523142e-02   7.1979373e-02   1.0859269e+00   5.7000786e-03  -1.4172529e-03   1.8678108e-03
   5.4406626e-02   6.1973656e-02   1.2898918e+00   1.3766808e-02   1.3699687e-03   1.1936100e-03
   5.5036009e-02   1.0078326e-01   1.1702113e+00   8.8649215e-03  -7.9528641e-04   9.7172512e-04
   5.3457433e-02   6.6693637e-02   1.3368235e+00   9.8276431e-03  -2.4906369e-04   1.2094284e-03
   7.9065548e-02   9.4105893e-02   1.3649921e+00   9.1561480e-03  -2.8051945e-04   3.5129955e-04
   7.2963140e-02   8.9118328e-02   1.3726168e+00   9.0035267e-03  -3.4503112e-04   8.4929305e-04
   6.1172631e-02   9.0874436e-02   1.3731805e+00   8.4283969e-03  -6.7863112e-04   1.0602485e-03
   6.1079520e-02   9.3666245e-02   1.3518694e+00   8.2951685e-03  -4.1433005e-04   1.2189400e-03
   6.7134998e-02   1.0573114e-01   1.3504754e+00   8.1373230e-03  -7.0395898e-04   8.3356307e-04
   4.7012176e-02   8.0023155e-02   1.2108019e+00   7.1744178e-03  -7.3396873e-04   1.2503000e-03
   6.7138182e-02   6.5849723e-02   1.3453586e+00   1.0159173e-02   6.6188370e-04   9.2649331e-04
   6.3812584e-02   4.6756163e-02   1.3695552e+00   8.0957940e-03  -2.6523059e-04   1.0270801e-03
   7.6287181e-02   6.6928549e-02   1.3800021e+00   8.4284082e-03  -8.1612322e-05   9.0795600e-04
   6.3155614e-02   9.4852262e-02   1.4988123e+00   9.6559457e-03  -2.9410716e-04   7.9889594e-04
   5.4409967e-02   6.2784633e-02   1.4294695e+00   8.2439354e-03  -9.2682678e-04   9.4019018e-04
   5.1268634e-02   9.6237875e-02   1.4595550e+00   8.3932325e-03  -1.1523712e-03   1.2036265e-03
   4.1363747e-02   1.0125230e-01   1.4663267e+00   8.4181713e-03  -1.0247807e-03   1.6507420e-03
   4.9319640e-02   1.0909504e-01   1.4876452e+00   8.9628300e-03  -1.0234671e-03   1.3408536e-03
   5.2170213e-02   5.8950832e-02   1.5266522e+00   8.7223558e-03  -1.4055611e-03   1.4014491e-03
   2.2636507e-02   8.9783574e-02   1.1707194e+00   5.2633736e-03  -9.4310458e-04   2.3616643e-03
   6.7523191e-02   1.0783097e-01   1.4804131e+00   9.9516881e-03  -6.5618876e-04   1.2383611e-03
   1.0416376e-01   9.4534939e-02   1.4482506e+00   8.5360736e-03  -6.1054357e-04  -1.4354655e-04
   7.1091538e-02   1.0705196e-01   1.4685644e+00   8.7021435e-03  -7.9735948e-04   6.7330693e-04
   5.3791186e-02   9.4794648e-02   1.5650086e+00   9.9349498e-03  -7.3838605e-04   8.7087426e-04
   2.6816278e-02   9.7589771e-02   1.5119410e+00   8.1887725e-03  -1.0864675e-03   1.9486142e-03
   5.7937345e-02   9.9364333e-02   1.5316512e+00   8.7252280e-03  -1.2393938e-03   1.1582722e-03
   5.2286919e-02   1.0635393e-01   1.5382186e+00   8.4251571e-03  -8.4718787e-04   1.0245584e-03
   6.3087553e-02   1.0083822e-01   1.5315243e+00   8.2196690e-03  -1.1704965e-03   1.1846700e-03
   6.1356470e-02   9.3751926e-02   1.5719504e+00   7.6406899e-03  -1.7991815e-03   9.1192404e-04
   5.3561901e-02   1.0121453e-01   1.5035807e+00   6.1418087e-03  -1.0169810e-03   1.3601119e-03
   9.7040363e-02   6.8866565e-02   1.5606378e+00   7.2211739e-03  -8.1776686e-04   8.6846095e-04
   8.8344048e-02   6.4838834e-02   1.6006339e+00   7.8251085e-03  -1.1034711e-03   3.2533139e-04
   1.0298812e-01   7.5287387e-02   1.6072829e+00   8.2380970e-03  -1.0989457e-03  -1.4281904e-04
   8.1800144e-02   1.0266439e-01   1.6097190e+00   7.7822551e-03  -1.3670872e-03   8.2735330e-06
   8.1200792e-02   1.1958018e-01   1.6025775e+00   7.5021943e-03  -1.1749423e-03   1.7555583e-04
   1.0340882e-01   9.3422973e-02   1.6083285e+00   7.1842887e-03  -1.4229636e-03   3.4183509e-04
   6.8374468e-02   9.5559923e-02   1.3209777e+00   7.5116791e-03  -5.8156962e-04   7.5568340e-04
   4.4628767e-02   9.4847372e-02   1.6108564e+00   9.3458676e-03  -4.8343868e-04   1.6814117e-03
   8.2425837e-02   9.2786988e-02   1.6333280e+00   8.2746161e-03  -3.9408232e-04   6.2366048e-04
   6.3630789e-02   8.5455386e-02   1.6504033e+00   7.9637943e-03  -7.3473123e-04   7.3616919e-04
   5.5093579e-02   9.6729682e-02   1.6303330e+00   8.1440172e-03  -8.8400638e-04   8.4019709e-04
   5.9179047e-02   1.2539948e-01   1.6669646e+00   9.0760131e-03  -3.3623535e-04   8.9385783e-04
   4.9285025e-02   1.0462695e-01   1.6612243e+00   7.7734553e-03  -1.3192171e-03   9.2370306e-04
   4.5226348e-02   9.9076213e-02   1.6800272e+00   7.9154303e-03  -7.7978014e-04   1.2002264e-03
   4.2539101e-02   9.0725242e-02   1.4967703e+00   9.3605189e-03  -1.3275172e-03   1.2794150e-03
   7.9986722e-02   1.2153781e-01   1.6509933e+00   1.0199128e-02   7.9015341e-05   7.3739875e-04
   9.5696122e-02   1.3614612e-01   1.7004007e+00   9.4351380e-03  -7.9543779e-04   1.7769881e-04
   8.0788660e-02   1.3456222e-01   1.6790497e+00   8.7042032e-03  -6.1383182e-04   5.8625119e-05
   6.8076757e-02   1.5614081e-01   1.7097636e+00   9.0371686e-03  -7.7348925e-04   6.2654681e-04
   9.4325834e-03   1.2653729e-01   1.4956823e+00   9.3724525e-03  -2.3463887e-03   1.5824754e-03
   8.9018950e-02   1.6589605e-01   1.6285475e+00   6.3697511e-03  -1.6031494e-03  -2.5935010e-04
   7.7928563e-02   1.3992999e-01   1.7398160e+00   1.1224060e-02  -8.3994038e-04   1.0440941e-03
   9.0753440e-02   1.4302681e-01   1.7782523e+00   9.1065811e-03  -9.6311511e-04   3.7156946e-04
   9.0111113e-02   1.5791959e-01   1.8044004e+00   9.7626433e-03  -1.2011369e-03   4.1733006e-04
   7.4806149e-02   1.4135874e-01   1.7806801e+00   8.9768484e-03  -1.3420968e-03   4.9318102e-04
   8.5176329e-02   1.7640191e-01   1.5571633e+00   6.6225721e-03  -9.2034484e-04   1.2279830e-03
   5.2816918e-02   8.3568913e-02   1.7444358e+00   1.0801891e-02  -1.0412555e-03   1.3140085e-03
   4.6548365e-02   1.0170733e-01   1.8228642e+00   9.0686901e-03  -1.5928020e-03   1.3865333e-03
   4.5897929e-02   1.0055695e-01   1.7984881e+00   8.1849729e-03  -1.9488858e-03   1.0157698e-03
   5.1904197e-02   1.2083945e-01   1.8227021e+00   8.5509113e-03  -1.6500987e-03   1.1560456e-03
   4.8228898e-02   1.0296186e-01   1.8258699e+00   8.3324510e-03  -1.8633480e-03   9.8507041e-04
   2.7549330e-02   1.5847563e-01   1.7913549e+00   9.4329859e-03  -1.7754016e-03   1.4094096e-03
   6.6088735e-03   1.5481378e-01   1.8762218e+00   9.3746120e-03  -2.3906227e-03   1.4802993e-03
   5.9117744e-02   1.1857532e-01   1.8760539e+00   8.1503339e-03  -1.7387659e-03   8.7682541e-04
   3.6223361e-02   1.5164710e-01   1.8821449e+00   7.7324024e-03  -2.3442127e-03   7.7313178e-04
   5.7552794e-02   1.2503404e-01   1.9229782e+00   7.7927720e-03  -2.2147471e-03   3.8742459e-04
   6.2117190e-02   1.0407525e-01   1.9138635e+00   7.4018071e-03  -2.3288788e-03   1.5437606e-04
   7.4154893e-02   1.5892735e-01   1.9257356e+00   7.7069799e-03  -2.3632961e-03   3.3591783e-04
   7.3262526e-02   1.4294788e-01   2.0016143e+00   8.5288735e-03  -2.1662174e-03   6.4192637e-05
   6.9843584e-02   1.4384275e-01   1.9756687e+00   7.5222373e-03  -2.0989514e-03   2.2824922e-04
   7.2730717e-02   1.5086225e-01   1.9766982e+00   7.0887140e-03  -1.4728921e-03   7.1819799e-04
   9.3810433e-02   1.5007125e-01   1.8799680e+00   5.8824186e-03   2.0352118e-04   6.1218203e-04
   8.7060394e-02   1.7178101e-01   2.0583985e+00   8.9658029e-03  -1.0509989e-03  -1.2282619e-04
   9.4317883e-02   1.6275902e-01   2.0662022e+00   7.7036946e-03  -1.0908150e-03  -2.2102691e-05
   9.5864506e-02   1.8068578e-01   2.1057285e+00   8.1720464e-03  -1.7115709e-03  -1.2195707e-04
   9.4498034e-02   1.8251607e-01   2.1320581e+00   8.4258673e-03  -1.4584218e-03  -1.3447044e-05
   8.4136618e-02   1.7906726e-01   2.0982473e+00   7.4363318e-03  -9.9636306e-04   2.6261288e-04
   1.0858883e-01   1.3575523e-01   1.9271333e+00   1.2057578e-02   6.0484590e-04   6.0462818e-04
   1.1163381e-01   1.2390908e-01   1.9545040e+00   7.1507549e-03  -6.5616702e-04  -3.0844259e-04
   1.1431913e-01   1.4992727e-01   2.0337908e+00   7.6236672e-03  -3.3358601e-04  -5.0076458e-04
   1.1277176e-01   1.2119688e-01   2.0781042e+00   8.3284904e-03  -3.4410719e-04  -3.9730793e-04
   1.0801925e-01   1.3635205e-01   2.0888021e+00   7.1069351e-03  -6.1665660e-04  -5.1350860e-04
   1.0043374e-01   1.3183743e-01   2.1168649e+00   7.7081224e-03  -7.3147335e-04   1.7290939e-05
   7.9479732e-02   1.4600097e-01   1.8091751e+00   4.1803651e-03   6.5785517e-05   1.7495186e-03
   1.2682752e-01   1.6376802e-01   2.1148219e+00   7.9323158e-03   4.5487091e-04   2.7796014e-05
   1.1186520e-01   1.8359395e-01   2.1433232e+00   8.0585315e-03   2.4542628e-04   1.5745719e-04
   9.2803957e-02   1.7520629e-01   2.1668841e+00   7.8375430e-03  -5.0674371e-04   3.8081416e-04
   9.5328696e-02   1.7202708e-01   2.1933852e+00   7.8565266e-03  -1.6597311e-04   4.3427882e-04
   9.7019774e-02   1.5268763e-01   2.1659744e+00   7.3326526e-03  -2.3492477e-04   4.1579735e-04
   9.2580510e-02   1.4138507e-01   1.8028905e+00   8.7721095e-03   6.3015574e-04   5.0217114e-04
   1.0991985e-01   1.4851081e-01   2.0309235e+00   8.1474481e-03   1.2753279e-03  -1.0286464e-06
   9.5543988e-02   1.5574631e-01   2.0519461e+00   8.9217328e-03   5.6319595e-04  -4.8160173e-05
   1.0473182e-01   1.5192260e-01   2.0874049e+00   9.1542925e-03   7.2221225e-04  -3.6016785e-05
   1.1203574e-01   1.6829567e-01   2.0146749e+00   8.5791478e-03   6.7326112e-04  -6.5558008e-05
   7.9139132e-02   1.4795433e-01   2.1009169e+00   8.6939100e-03  -3.9261253e-04   2.0745866e-04
   1.1160325e-01   1.4286643e-01   2.0893670e+00   7.9602662e-03   1.1760169e-04  -1.0195376e-04
   1.0545723e-01   1.7239235e-01   2.1450321e+00   8.7075556e-03   1.0729135e-04  -3.2472155e-04
   1.0365344e-01   1.8719181e-01   2.1319804e+00   8.3634184e-03  -4.0954244e-04  -8.5973885e-05
   5.6709778e-02   1.5379118e-01   2.1184230e+00   7.2474264e-03  -2.8689620e-04   1.5538164e-03
   3.6741582e-02   1.3599191e-01   2.3003092e+00   1.4182708e-02  -2.8741245e-03   9.4287381e-04
   3.8496903e-02   1.3998655e-01   2.3367757e+00   6.4419962e-03  -4.0164189e-03   1.0594798e-03
   5.8672784e-02   1.0366050e-01   2.3184167e+00   6.2095170e-03  -3.1942174e-03   1.6288826e-03
   5.0426827e-02   1.0247211e-01   2.3133945e+00   5.5229417e-03  -2.7780845e-03   1.3790399e-03
   5.1805759e-02   1.2007148e-01   2.1808613e+00   3.9645793e-03  -1.1207148e-03   2.5776606e-03
   8.7051890e-02   1.4646006e-01   2.3063902e+00   6.8642302e-03  -1.2176529e-03   1.1075928e-03
   1.0014426e-01   1.3954769e-01   2.3468496e+00   7.0236002e-03  -1.4045049e-03   7.7982884e-04
   7.9101771e-02   1.4260569e-01   2.3380219e+00   6.3477550e-03  -1.9678985e-03   1.0754732e-03
   9.1302019e-02   1.3068962e-01   2.3393210e+00   6.3434341e-03  -1.6735199e-03   1.3481571e-03
   8.2487368e-02   1.7161567e-01   2.3931580e+00   7.1966775e-03  -2.4253592e-03   9.3864139e-04
   8.0320053e-02   1.7257907e-01   2.3774132e+00   5.9073157e-03  -2.2292389e-03   8.5031921e-04
   7.3414836e-02   1.5070060e-01   2.3926634e+00   6.6935067e-03  -2.1918861e-03   1.2401105e-03
   7.9273788e-02   1.4394854e-01   2.3979338e+00   6.2522714e-03  -2.0123144e-03   1.3885948e-03
   8.1903339e-02   1.4945595e-01   2.4047322e+00   6.0784798e-03  -2.2147611e-03   9.8480857e-04
   7.9440539e-02   1.3284171e-01   2.4132305e+00   5.9862264e-03  -2.7226931e-03   1.2251204e-03
   8.8833372e-02   1.5791166e-01   2.4504243e+00   7.0896323e-03  -2.5972884e-03   9.9611844e-04
   8.3300886e-02   1.5310429e-01   2.4280169e+00   6.8651563e-03  -2.3341421e-03   1.0190157e-03
   7.3741455e-02   6.1204583e-02   2.2971782e+00   6.1448398e-03  -3.6569263e-04   1.9417107e-03
   1.1507666e-01   1.4201704e-01   2.4196807e+00   7.6274810e-03   6.2444806e-04   1.0722180e-03
   1.2498621e-01   1.4719234e-01   2.3881809e+00   6.2594799e-03   7.2626562e-04   7.4605331e-04
   1.0009526e-01   1.6395850e-01   2.4303992e+00   6.3959327e-03  -7.3392984e-05   1.0914026e-03
   1.0339958e-01   1.5949801e-01   2.4275320e+00   6.8291816e-03  -2.2782851e-04   9.3396836e-04
   9.2826915e-02   1.6446585e-01   2.4528926e+00   6.0509771e-03  -4.9092147e-04   1.3318662e-03
   9.9272236e-02   1.7503255e-01   2.4600099e+00   6.6601102e-03  -4.5143971e-04   6.5711751e-04
   6.2517953e-02   1.7107350e-01   2.3265279e+00   6.6429323e-03  -1.9089066e-03   1.1425001e-03
   5.0042058e-02   1.3585137e-01   2.4748436e+00   5.6931425e-03  -5.2207415e-05   2.1209546e-03
   8.4252771e-02   1.3100291e-01   2.4498864e+00   5.9717325e-03  -5.6278814e-04   1.4702071e-03
   7.9188027e-02   1.5670891e-01   2.4571896e+00   6.2694123e-03  -1.1357463e-03   9.6617948e-04
   7.0046817e-02   1.4799431e-01   2.5046732e+00   6.4257808e-03  -1.0051286e-03   1.2248139e-03
   7.0581822e-02   2.1455282e-01   2.2189303e+00   2.1622519e-03  -1.2579918e-03   2.0658048e-03
   1.0128513e-01   1.3832807e-01   2.3864165e+00   1.1229292e-02  -2.2248928e-04   4.2870361e-04
   9.4179618e-02   1.9165330e-01   2.3713504e+00   4.2225639e-03  -1.2448420e-03   1.5287481e-05
   8.1217554e-02   1.3445903e-01   2.4570813e+00   7.6524720e-03  -2.5254855e-03  -4.8285159e-04
   8.7381723e-02   1.6241695e-01   2.4390660e+00   6.0932339e-03  -1.7041272e-03   6.7358614e-04
   8.4692479e-02   1.6486215e-01   2.3767659e+00   5.5326715e-03  -1.4491196e-03   5.8156332e-04
   9.6981241e-02   1.5328623e-01   2.3598055e+00   6.3527845e-03  -1.3604004e-03   3.0096719e-04
   1.1344445e-01   1.3909833e-01   2.4487473e+00   6.4547930e-03  -1.7216786e-03  -2.7967157e-04
   9.7737020e-02   1.3809235e-01   2.4582724e+00   5.8870492e-03  -1.5200448e-03   3.8841837e-04
   1.1728276e-01   1.6528288e-01   2.4975618e+00   6.9169751e-03  -1.1957454e-03  -2.0056910e-04
   7.8787991e-02   2.1619013e-01   2.5428592e+00   9.3082118e-03  -1.9870742e-03  -1.8755504e-05
   9.4710233e-02   1.9686545e-01   2.5775783e+00   8.0625173e-03  -1.6383154e-03  -2.2714691e-04
   1.0653014e-01   1.7866947e-01   2.5766327e+00   7.8841495e-03  -1.8488854e-03   7.6061370e-07
   1.0345445e-01   2.1432937e-01   2.6848952e+00   9.2903735e-03  -1.5208554e-03  -8.4996463e-05
   8.5907634e-02   1.8474656e-01   2.6419458e+00   7.6954520e-03  -1.9486763e-03   2.2056894e-04
   9.6522901e-02   2.0440960e-01   2.6350196e+00   7.4432056e-03  -2.1048066e-03   1.6262267e-04
   1.1210498e-01   1.8978200e-01   2.6117800e+00   7.2044286e-03  -2.0308263e-03  -4.5040419e-05
   7.6855749e-02   2.2014813e-01   2.4450090e+00   3.6895714e-03  -1.5739049e-03   1.4199516e-03
   1.0404723e-01   1.3023694e-01   2.7884434e+00   7.4339044e-03  -6.6702480e-04   1.3189232e-03
   7.8258892e-02   1.5545521e-01   2.7123323e+00   5.3772578e-03  -1.5932374e-03   1.5568468e-03
   8.2135191e-02   1.8184051e-01   2.7279410e+00   6.6958508e-03  -1.9983848e-03   1.1892564e-03
   5.5704838e-02   1.7254143e-01   2.6859631e+00   9.9557478e-03  -2.2718683e-03   1.0631306e-03
   4.9713076e-02   1.3999950e-01   2.6867342e+00   7.3483673e-03  -1.7011198e-03   1.8001979e-03
   7.2106321e-02   1.6346365e-01   2.6804985e+00   7.0193673e-03  -1.4496388e-03   1.0614161e-03
   6.6827863e-02   1.8030034e-01   2.6926023e+00   7.0535965e-03  -1.7345825e-03   1.1819854e-03
   9.4621819e-02   1.7812465e-01   2.7204312e+00   7.1835560e-03  -1.5148297e-03   8.9221106e-04
   6.8088286e-02   1.6198612e-01   2.7140270e+00   6.6738139e-03  -1.7614178e-03   1.2960287e-03
   8.5021110e-02   1.4525074e-01   2.7331656e+00   7.1014145e-03  -1.9725127e-03   1.2652648e-03
   5.9847516e-02   1.8109707e-01   2.7267008e+00   7.2979591e-03  -1.6005664e-03   1.4963915e-03
   8.5793627e-02   1.9517616e-01   2.7579851e+00   7.4145481e-03  -1.7648910e-03   1.5706218e-03
   5.7838467e-02   1.6001732e-01   2.7111254e+00   6.4942491e-03  -2.4911937e-03   1.5048085e-03
   6.5011255e-02   2.0247013e-01   2.6249844e+00   9.2283767e-03  -1.7557804e-03   1.5012622e-03
   1.0146681e-01   2.0984458e-01   2.7289929e+00   7.8177915e-03  -8.9850286e-04   1.0958631e-03
   1.0172709e-01   1.8479366e-01   2.7366394e+00   7.3819715e-03  -1.7313268e-03   9.1860544e-04
   9.3142516e-02   1.9302431e-01   2.7712267e+00   7.4597128e-03  -1.6023565e-03   1.3306595e-03
   5.0913768e-02   1.6967499e-01   2.6263285e+00   6.7866607e-03  -1.5788579e-03   1.0059016e-03
   1.1087233e-01   2.0083256e-01   2.7481493e+00   7.8953696e-03   1.4809516e-03   1.1447729e-03
   1.1743914e-01   1.8951581e-01   2.7290572e+00   6.9491101e-03   7.5796076e-05   7.3239309e-04
   9.1181532e-02   1.9841934e-01   2.7696538e+00   7.6147240e-03  -6.5877030e-04   8.3867191e-04
   9.0083543e-02   2.0125821e-01   2.7859353e+00   7.7021690e-03  -1.7430422e-04   1.1961415e-03
   6.9127016e-02   1.7396915e-01   2.8257216e+00   6.4804218e-03  -5.4597162e-04   1.9821028e-03
   9.6114382e-02   2.0278550e-01   2.7861426e+00   7.2360412e-03  -3.7621593e-04   1.2802846e-03
   9.0002734e-02   1.8463525e-01   2.8002154e+00   7.3147471e-03  -7.2501668e-05   1.4003298e-03
   9.8092777e-02   1.9794364e-01   2.8194962e+00   7.5155940e-03  -5.9143185e-04   1.0704602e-03
   1.1791769e-01   1.8165736e-01   2.8277849e+00   7.5068963e-03  -6.7036441e-04   7.9463603e-04
   7.5163129e-02   1.7841507e-01   2.8233745e+00   6.8200143e-03  -1.1200093e-03   1.8126296e-03
   9.8160315e-02   1.5523727e-01   2.7683609e+00   5.9671290e-03  -1.1125091e-04   1.1032062e-03
   5.4987847e-02   1.9131936e-01   2.7903088e+00   1.0041282e-02  -1.9616140e-03   1.0014969e-03
   1.0283478e-01   1.7790591e-01   2.8012454e+00   7.4709955e-03  -8.8519963e-04   5.8598924e-04
   9.5256240e-02   1.9023716e-01   2.7257353e+00   1.0021781e-02   2.2550947e-04   1.3459969e-03
   9.4355957e-02   1.9029054e-01   2.8273490e+00   7.8441587e-03  -6.6314640e-04   6.7400676e-04
   8.1796383e-02   1.8413937e-01   2.8411602e+00   7.4357751e-03  -9.7418376e-04   9.5820908e-04
   9.7614584e-02   2.0087955e-01   2.8441508e+00   7.3352790e-03  -1.0795305e-03   7.8645057e-04
   1.0174809e-01   2.1523894e-01   2.8557444e+00   7.0251841e-03  -9.3210165e-04   4.4958985e-04
   9.9436398e-02   1.6658594e-01   2.8712240e+00   5.8850313e-03  -9.6849905e-04   1.0243784e-03
   7.4672384e-02   1.7196229e-01   2.8699878e+00   6.4449249e-03  -9.4645134e-04   1.7568064e-03
   8.8230831e-02   1.9238730e-01   2.9022514e+00   7.3381928e-03  -8.6378073e-04   1.2425389e-03
   5.3945549e-02   1.6319315e-01   2.8317302e+00   5.1859933e-03  -1.3261808e-03   2.6183396e-03
   1.2856252e-01   2.2758853e-01   3.0543155e+00   6.7073038e-03  -3.6847724e-05   1.4102419e-03
   1.0656994e-01   1.7039977e-01   3.0126538e+00   5.1794038e-03  -1.9809553e-03   8.8307447e-04
   7.5305221e-02   2.1147406e-01   3.0235948e+00   5.7548931e-03  -1.1219492e-03   2.1454940e-03
   1.1024226e-01   2.2397569e-01   3.0632022e+00   6.3319006e-03  -1.2902209e-03   1.0428335e-03
   9.1430544e-02   1.9859512e-01   3.0602469e+00   7.4825314e-03  -7.0539042e-04   1.5907668e-03
   7.5531453e-02   1.9039353e-01   3.0287586e+00   6.5535677e-03  -8.4818180e-04   1.5573945e-03
   9.7017958e-02   1.8192407e-01   3.0691715e+00   6.7876302e-03  -1.4568559e-03   8.6022053e-04
   1.0523547e-01   1.6870715e-01   3.1020952e+00   7.6418027e-03  -8.9540320e-04   7.0626320e-04
   7.8608940e-02   1.7000736e-01   3.1739332e+00   6.7226975e-03  -1.3585381e-03   1.4477047e-03
   8.5847506e-02   2.1500965e-01   3.1091088e+00   7.6084249e-03  -9.8425279e-04   1.3927831e-03
   9.3652755e-02   1.7265130e-01   3.1292235e+00   7.1441031e-03  -1.4188019e-03   1.3338100e-03
   8.6147616e-02   1.8826108e-01   3.1395042e+00   5.8972663e-03  -1.5239654e-03   1.7459163e-03
   1.1434359e-01   2.0431551e-01   3.1355306e+00   1.2479082e-02  -1.1261059e-03   1.3149732e-03
   1.0394463e-01   2.2638213e-01   3.0107408e+00   6.0486068e-03  -5.5924212e-04   1.3283735e-03
   7.3405669e-02   1.8471836e-01   3.1276579e+00   8.3950179e-03  -3.6551486e-04   1.5874862e-03
   7.2662988e-02   1.9651557e-01   3.1250718e+00   7.6215597e-03  -1.0239496e-03   1.5103472e-03
   8.8067484e-02   2.0744272e-01   3.0112018e+00   4.8010829e-03  -7.4131974e-04   1.5965702e-03
   4.0175715e-02   2.2212161e-01   3.1607734e+00   1.2232984e-02  -3.1449298e-03   9.4495192e-04
   1.0129496e-01   2.1205498e-01   3.1486836e+00   7.4213109e-03  -1.3126758e-03   9.7108954e-04
   1.0195971e-01   2.2410667e-01   3.1661682e+00   7.1472490e-03  -1.2414233e-03   6.5976445e-04
   9.2670860e-02   2.5639072e-01   3.2521302e+00   8.4895797e-03  -1.4445552e-03   1.0198335e-03
   7.4218538e-02   2.1016193e-01   3.2090602e+00   6.4822212e-03  -1.3303216e-03   1.3276560e-03
   7.7222358e-02   2.1910072e-01   3.1991798e+00   6.4197234e-03  -1.0640068e-03   1.6013649e-03
   5.1539352e-02   2.0044563e-01   3.0823462e+00   9.2018017e-03  -1.4813752e-03   1.7746133e-03
   9.9327700e-02   2.1024153e-01   3.1181554e+00   7.6671714e-03  -9.5827842e-04   1.0930586e-03
   7.7764118e-02   2.3139247e-01   3.1299555e+00   1.0879779e-02  -8.2177035e-04   1.1245975e-03
   9.9528804e-02   1.8960915e-01   3.1070293e+00   7.6214225e-03  -2.3283134e-04   1.2228974e-03
   1.0868335e-01   2.1294328e-01   3.1594521e+00   7.6431789e-03  -3.5276386e-04   6.4194727e-04
   1.2406496e-01   2.3427766e-01   3.1889995e+00   7.9784140e-03  -3.2294126e-04   7.8183977e-04
   9.9453567e-02   2.3630015e-01   3.2133858e+00   8.1133060e-03  -5.8659423e-04   1.2150112e-03
   1.0157802e-01   2.0142055e-01   3.2453002e+00   6.3450164e-03  -1.1659576e-03   1.2130407e-03
   1.0655990e-01   2.1803476e-01   3.2320695e+00   7.6321480e-03  -1.4420309e-04   1.3392722e-03
   9.1535586e-02   2.3549565e-01   3.1831311e+00   7.0750266e-03  -3.2912536e-04   1.6152136e-03
   1.1215432e-01   2.3737773e-01   3.2484456e+00   8.7898205e-03  -7.2845385e-04   4.3460311e-04
   8.3277202e-02   2.0957994e-01   3.2684956e+00   1.4919140e-02  -1.3760209e-03   8.4042077e-04
   8.4457539e-02   2.3259354e-01   3.2829785e+00   6.9508883e-03  -1.8147600e-03   1.4249562e-03
   9.0832325e-02   2.4447353e-01   3.2666491e+00   1.2997554e-02  -8.5896586e-04   1.1164472e-03
   1.0326065e-01   2.3402674e-01   3.3144680e+00   8.5374335e-03  -1.0859235e-03   7.0580256e-04
   9.2550579e-02   2.4444467e-01   3.3496042e+00   8.4404349e-03  -9.9900202e-04   7.9545023e-04
   1.0595279e-01   2.4574083e-01   3.3476197e+00   7.9045802e-03  -8.3778823e-04   5.7162522e-04
   8.3621493e-02   2.4513884e-01   3.2909971e+00   8.9837384e-03  -1.4167237e-03   1.2724089e-03
   8.4888898e-02   2.2884732e-01   3.3188816e+00   8.3020683e-03  -6.2894491e-04   1.3714828e-03
   1.1351965e-01   2.2883783e-01   3.3577586e+00   9.1105148e-03  -4.2416676e-04   8.7496928e-04
   9.7651705e-02   2.2239037e-01   3.3654258e+00   8.0781239e-03  -1.0374608e-03   9.5847686e-04
   1.2401377e-01   2.2230143e-01   3.3949647e+00   7.9247644e-03  -4.3442067e-04   8.4660783e-04
   9.4852277e-02   2.1481801e-01   3.3951355e+00   7.9307156e-03  -6.0076436e-04   1.2106145e-03
   1.1240469e-01   2.0319464e-01   3.3724372e+00   7.9698241e-03  -4.0417921e-04   8.5757645e-04
   8.9939322e-02   2.3332174e-01   3.4021144e+00   8.6734188e-03  -6.8464664e-04   1.3881985e-03
   5.2516835e-02   2.4857636e-01   3.1492268e+00   7.0689576e-03  -1.4636602e-03   1.9681825e-03
   8.1018994e-02   2.1815492e-01   3.3668454e+00   8.5080386e-03   1.5234598e-03   1.8555564e-03
   7.8615954e-02   2.2505729e-01   3.3366979e+00   7.7835288e-03   4.3031663e-04   1.1897692e-03
   8.1809981e-02   2.5077607e-01   3.3785770e+00   8.7305840e-03   5.9181349e-04   1.1117154e-03
   8.6047488e-02   2.3502804e-01   3.3679180e+00   7.7618016e-03   3.3392440e-04   1.6821412e-03
   9.2178227e-02   2.3514204e-01   3.3910483e+00   8.0563274e-03   5.6116934e-04   7.7018919e-04
   9.4942740e-02   2.2563398e-01   3.3943993e+00   7.6209842e-03   4.9082622e-04   7.6907987e-04
   9.5484097e-02   2.5791276e-01   3.4573185e+00   8.1362798e-03  -8.7913613e-05   9.3754850e-04
   8.2091968e-02   2.2841859e-01   3.4403804e+00   8.2869214e-03  -1.7977602e-04   1.3034704e-03
   7.8668777e-02   2.1577426e-01   3.4974355e+00   7.7474473e-03  -2.4412240e-04   1.8246564e-03
   9.3049010e-02   2.4356658e-01   3.4611548e+00   7.9457760e-03  -2.5941805e-04   8.7583551e-04
   8.4822552e-02   2.5413498e-01   3.5010355e+00   8.0501965e-03  -6.7820152e-04   1.3636772e-03
   4.2337001e-02   2.5350851e-01   3.4857812e+00   7.4089233e-03  -1.7514908e-03   1.7724651e-03
   7.3482985e-02   2.7755425e-01   3.5626691e+00   1.2302777e-02  -1.2319442e-05   1.5955381e-03
   1.2532741e-01   2.7519833e-01   3.5372394e+00   8.1186429e-03   9.7958275e-04   1.5454659e-03
   1.1913419e-01   2.8053176e-01   3.5657226e+00   8.3338628e-03   8.2779973e-04   1.1910701e-03
   1.2054785e-01   2.8556737e-01   3.5958279e+00   8.4099521e-03   6.2214892e-04   9.9638423e-04
   1.0502094e-01   2.6889558e-01   3.5337234e+00   6.1300282e-03  -1.8823056e-04   1.4467265e-03
   1.0296849e-01   2.6739707e-01   3.5301609e+00   8.3039113e-03   7.6108156e-04   1.5892817e-03
   1.0233742e-01   2.7296082e-01   3.5743576e+00   9.9977358e-03   9.1587733e-04   1.5722086e-03
   1.1378335e-01   2.7324305e-01   3.5734078e+00   8.3253087e-03  -6.0657644e-06   1.0603506e-03
   1.2074545e-01   2.6820753e-01   3.6169633e+00   9.3285337e-03   8.6995584e-04   8.2990305e-04
   1.2519331e-01   2.2524208e-01   3.6157358e+00   8.0788946e-03   1.1739879e-04   1.2096152e-04
   1.3340968e-01   2.3816140e-01   3.5981873e+00   6.9917016e-03   2.3341658e-04   3.6650057e-04
   1.0798546e-01   2.7093560e-01   3.6289951e+00   8.6496404e-03  -3.3206265e-04   5.6332047e-04
   2.7970838e-02   1.9441985e-01   3.5121071e+00   6.0991323e-03  -4.9575322e-04   8.0670367e-04
  -1.3280090e-01   7.4406131e-02   2.7801804e+00   1.4695062e-03   4.4244192e-03   2.6862010e-03
  -1.8765440e-01  -8.0266178e-02   2.4466896e+00   1.3421499e-02   1.6330240e-03   6.1616911e-05
   4.8378377e-02  -3.0828498e-02   3.0915713e+00   1.2224498e-02   2.7073257e-03   1.9855040e-03
   9.9668526e-02   5.6438811e-02   3.2633511e+00   6.3757125e-03   4.3072529e-03   1.7210302e-03
   8.3013348e-02   1.2551776e-01   3.4095611e+00   5.6075661e-03   1.8048543e-03   3.4326038e-04
   9.2933111e-02   1.3897687e-01   3.4472952e+00   4.9234872e-03   1.9472526e-03   6.6533311e-04
   9.1551042e-02   1.5756348e-01   3.4780240e+00   4.7419348e-03   1.6577877e-03   5.2541290e-04
   1.0133199e-01   1.7419763e-01   3.4907424e+00   4.7040861e-03   2.0293721e-03   4.2214870e-04
   8.6618368e-02   1.9971139e-01   3.5247006e+00   5.3338299e-03   1.9342989e-03   7.8612823e-04
   9.0433343e-02   2.0017601e-01   3.5162900e+00   5.9075980e-03   1.7276470e-03   5.0266805e-04
   7.5932670e-02   1.9162119e-01   3.5188498e+00   5.9280360e-03   1.9641440e-03   1.0266835e-03
   8.0249996e-02   2.2407446e-01   3.5107822e+00   5.8052179e-03   1.7343380e-03   7.8038271e-04
   7.6311611e-02   2.2345166e-01   3.5450925e+00   5.9900163e-03   1.6501675e-03   9.1507855e-04
   6.2433574e-02   2.0883501e-01   3.5372081e+00   5.4918916e-03   1.8581244e-03   1.4037562e-03
   7.6168852e-02   2.0961423e-01   3.5525527e+00   5.9162156e-03   1.7944820e-03   1.1528801e-03
   6.3839217e-02   2.0888081e-01   3.6053819e+00   7.1086090e-03   1.8159449e-03   9.6540530e-04
   7.3815293e-02   2.0211883e-01   3.5631967e+00   5.5798438e-03   1.6864720e-03   1.2435182e-03
   8.8433028e-02   1.8653849e-01   3.6066648e+00   6.6165699e-03   1.9812165e-03   1.1092770e-03
   8.3483765e-02   1.9643150e-01   3.6050714e+00   6.3081711e-03   1.6877266e-03   1.0612407e-03
   7.5052209e-02   2.1357450e-01   3.5995589e+00   5.9952092e-03   1.7036351e-03   1.1616190e-03
   6.8183973e-02   1.9907137e-01   3.6305420e+00   6.7915839e-03   1.4754114e-03   1.8609505e-03
   7.9120168e-02   1.9592860e-01   3.6676184e+00   6.8850211e-03   1.5267592e-03   1.0682053e-03
   8.2916146e-02   1.9512280e-01   3.6313582e+00   6.3070950e-03   1.2588950e-03   9.0406235e-04
   7.8931008e-02   2.2439250e-01   3.6193421e+00   6.8098800e-03   1.6822118e-03   1.1421101e-03
   7.7999858e-02   2.3361799e-01   3.6601178e+00   7.0592507e-03   1.1553244e-03   1.0520372e-03
   4.6600061e-02   2.3911052e-01   3.6042022e+00   7.7724075e-03  -5.3413853e-04   7.2605211e-04
  -2.6900431e-02   1.9812430e-01   3.4369886e+00   5.9154642e-03  -3.4348788e-04   2.2878964e-03
   2.4827191e-03   1.7044487e-01   3.4861235e+00   8.5616745e-03   9.6486424e-05   1.9430671e-03
   1.5921642e-02   1.8378337e-01   3.5629895e+00   8.4411040e-03  -2.9374193e-04   1.6072928e-03
  -7.8593257e-02   2.1887860e-01   3.6659226e+00   9.3766765e-03  -1.5371402e-03   1.1815031e-03
  -6.4239450e-02   1.6551686e-01   3.4159243e+00  -1.1466885e-03   8.2094600e-04   1.1264666e-03
  -4.5160717e-02   9.3431189e-02   2.6942671e+00   1.8637285e-02   5.4400294e-03   2.2620066e-03
   3.1185843e-02   1.1764958e-01   3.4184494e+00   1.4881511e-02   1.2869206e-04   1.4679282e-03
   4.1487760e-02   1.3746389e-01   3.5227201e+00   1.0074220e-02   8.2390350e-04   1.6741156e-03
   5.4652848e-02   1.7459098e-01   3.5720003e+00   9.5019591e-03   7.7706410e-04   1.4895113e-03
   5.3537949e-02   1.8859767e-01   3.6056357e+00   9.7473909e-03   5.9503858e-04   1.7810904e-03
   8.5905488e-02   1.8766426e-01   3.6066141e+00   9.4663455e-03   5.3183464e-04   7.8700852e-04
   6.0952374e-02   2.1838069e-01   3.6127594e+00   9.9200571e-03   1.6048481e-04   7.3822384e-04
   5.8098847e-02   1.9801690e-01   3.6242502e+00   1.0147685e-02   2.0273077e-04   7.9439263e-04
   7.1331301e-02   2.1370668e-01   3.6256763e+00   9.8852505e-03   2.5363275e-04   3.4453882e-04
   5.9645388e-02   2.2656895e-01   3.6275772e+00   1.0063509e-02  -8.6126470e-05   9.6445382e-04
   6.6397330e-02   2.3078181e-01   3.6222937e+00   9.8807164e-03  -2.0499805e-04   9.0152614e-04
   5.4147804e-02   2.2112822e-01   3.6443841e+00   1.0254963e-02  -2.8529699e-04   7.1857525e-04
   5.8025676e-02   2.1641548e-01   3.6522202e+00   9.4031157e-03  -4.7665654e-04   6.7739734e-04
   5.4162267e-02   2.0935339e-01   3.6463080e+00   9.3889933e-03  -8.5358899e-04   6.5662028e-04
