   0.0000000e+00   0.0000000e+00   7.1617519e-15  -1.6152901e-19   1.9851375e-18   3.2065730e-37
   1.2320106e-02   5.5075404e-03   2.2103065e-02   5.0100615e-04   5.9761697e-05  -5.6362257e-04
   1.0245407e-02   2.3234095e-02  -7.0052167e-03  -1.9707225e-04  -1.2856031e-04  -3.6372872e-04
   1.3971997e-02   5.2842218e-02   7.3028496e-04   4.6898119e-04  -9.1597325e-04  -2.2193156e-03
   8.7133224e-03   3.7610398e-02  -1.4376576e-02  -3.8818868e-04   3.1632677e-04  -2.0949685e-04
   1.7396192e-02   4.1249788e-02  -1.7944751e-02  -3.7895925e-04  -8.1207593e-05  -5.5508722e-04
   2.0888476e-02   3.4832594e-02  -1.6447168e-02  -5.5132575e-04   6.9716069e-05  -1.1332284e-03
   1.1873964e-02   2.7910805e-02  -1.2107833e-02  -1.0162124e-04  -2.8498411e-04  -1.0167612e-03
   2.0085152e-02   2.2782722e-02  -1.8429845e-02  -1.0252971e-03  -1.4464192e-04  -9.1385967e-04
   1.3250347e-02   2.3856479e-02  -2.3686339e-02  -8.1520853e-04  -3.3895923e-04  -7.1093930e-04
   7.0996872e-03   6.0520678e-02  -1.5004708e-02  -1.3560610e-04   4.9538105e-04  -8.0204059e-04
   1.3626038e-02   7.2873948e-02  -6.3183931e-02  -2.7870274e-04   1.0332858e-03  -1.5553208e-03
   2.3780774e-02   7.3661917e-02  -7.3633911e-02   6.4549508e-04   1.1518784e-03  -2.1762104e-03
   2.9280473e-02   1.1602245e-01  -1.0834227e-01  -5.9251152e-05   1.6539416e-03  -1.9842245e-03
   3.4298969e-02   1.6788286e-01  -1.3801133e-01   6.7318004e-04   1.7420112e-03  -2.8305248e-03
   2.9178040e-02   1.1299006e-01  -1.2571829e-01   1.0915648e-03   1.8168648e-03  -2.1341047e-03
   1.8641147e-02   7.8049122e-02  -8.0386067e-02   3.3751367e-04   7.7863663e-04  -1.3591014e-03
   2.6059284e-02   5.4655097e-02   1.1506966e-02   7.6999118e-04   9.2164054e-04  -1.8001360e-03
   2.7706538e-02   4.4951426e-02   1.3260404e-02   5.3752638e-05   5.0301769e-04  -1.3296359e-03
   2.5873872e-02   4.7844412e-02   1.5837951e-02  -3.3496009e-04   5.4602204e-04  -1.1795811e-03
   1.8335431e-02   3.0487704e-02   3.0638077e-02  -4.5283964e-04  -1.1684530e-05  -1.4873888e-03
   1.0709256e-02   4.9400534e-02   1.4622058e-02  -6.6857989e-04   5.7685986e-05  -1.2309828e-03
   1.0125633e-02   3.7633221e-02   4.7999706e-02  -3.4159575e-04   1.6335177e-05  -1.1421364e-03
   1.3621395e-02   3.7599674e-02   2.2260908e-02  -1.1254892e-03   1.3262674e-04  -1.1734610e-03
   2.3245307e-02   3.7185634e-02   5.2491503e-02  -4.9677698e-04   1.9650245e-04  -1.3977726e-03
   2.7030623e-02   3.2405095e-02   6.6875587e-02  -3.6924833e-04   8.0738893e-05  -1.4525920e-03
   3.5154798e-02   2.9512673e-02   7.7711958e-02  -3.4741734e-04  -1.8344203e-04  -1.2768606e-03
   3.9302986e-02   2.0664338e-02   7.1086183e-02  -6.3188425e-04  -1.7966509e-04  -1.6096639e-03
   1.4122719e-02   1.8554935e-02   8.9168917e-02  -3.2978596e-04   1.7605049e-04  -7.3609817e-04
   3.0022354e-02   2.7621477e-02   9.9363699e-02  -6.4696250e-05  -9.4459637e-05  -1.5318100e-03
   2.3176338e-02   2.7516274e-02   7.5669586e-02  -6.4657942e-04  -2.7864653e-04  -1.4219337e-03
   3.4454808e-02   1.1996957e-02   9.1965275e-02  -8.7324777e-04  -2.5110643e-04  -1.3832080e-03
   3.0245366e-02   2.0634454e-02   1.0418904e-01  -4.4747286e-04  -4.1399164e-04  -1.6286345e-03
   2.2809412e-02   3.6993608e-02   1.3830244e-01   2.7682404e-04  -4.7750921e-04  -1.3038987e-03
   2.5773566e-02   4.4779019e-02   1.0074730e-01  -8.5065587e-04  -2.8619986e-04  -1.5641543e-03
   9.5860427e-03   1.5286784e-02   1.1082302e-01  -8.0326218e-04  -8.4191856e-06  -1.0383318e-03
   1.8432022e-02   3.6964292e-02   1.3831340e-01  -2.2347383e-04  -7.0085920e-04  -1.6739457e-03
   1.8246459e-02   2.0196034e-02   1.4848211e-01   2.2204260e-05  -3.8309674e-04  -1.7172891e-03
   1.3238956e-02   1.6829615e-02   1.3344963e-01  -5.1485625e-04  -8.2811482e-05  -1.5501438e-03
   1.3645264e-02   1.7492597e-02   1.6014882e-01  -5.4803952e-04  -8.8155551e-05  -1.0765928e-03
   1.7841750e-02   4.8238847e-02   1.1232617e-01  -5.4539214e-04   6.5675536e-04  -1.5892618e-03
   8.7394137e-03   1.0843898e-02   1.1874914e-01  -4.1524628e-04   4.2683076e-04  -1.3690364e-03
   2.3833796e-02   2.6743084e-02   1.3457960e-01  -3.8375668e-04   4.1188992e-04  -1.3359302e-03
   1.2497670e-02   3.5020635e-02   1.4081634e-01   7.5392637e-05   5.1402799e-04  -1.2407815e-03
   3.7164056e-02   1.6788425e-02   1.2702893e-01   1.5196963e-06   7.7166781e-04  -1.9553598e-03
   2.1849359e-02   1.6926428e-02   1.5008200e-01   1.5337454e-04   9.1218826e-04  -1.8581249e-03
   1.5775761e-02   2.7191804e-02   1.7129330e-01  -4.6011858e-05   8.1856407e-04  -1.7071985e-03
   2.8093111e-02   2.5310047e-02   1.9250015e-01  -4.8362981e-04   7.0805814e-04  -1.7421036e-03
   3.1133914e-02   2.6639287e-02   2.0167730e-01  -5.4637831e-04   7.1324638e-04  -1.9043674e-03
   1.4071669e-03   4.3528925e-02   1.7205686e-01  -7.0578917e-04   5.4010901e-04  -1.6428927e-03
  -9.4092201e-03   2.1203755e-02   2.0454387e-01  -6.5548545e-04   8.5911961e-05  -1.5825384e-03
   3.7592516e-03   3.4861232e-02   2.0303283e-01  -8.2459639e-04   4.8452914e-04  -1.9582508e-03
  -1.0515954e-02   3.9470907e-02   2.4415541e-01  -1.4892110e-04   1.9785679e-04  -1.4942502e-03
   2.1683132e-04   4.4885804e-03   2.3307209e-01  -8.0304163e-04   1.3414110e-04  -1.8717054e-03
   9.6094356e-03   5.4067427e-02   2.4004613e-01  -4.9533758e-04   2.1022075e-04  -1.7860667e-03
   6.4696054e-03   4.2460761e-02   2.3570069e-01  -8.7946306e-04   3.5792869e-04  -2.0038660e-03
  -6.7469008e-03   1.2210087e-02   2.7715305e-01  -2.7307872e-04   1.2864165e-04  -1.4663235e-03
   6.6810218e-03   2.8092846e-02   2.7239520e-01  -7.1564770e-04   1.3625765e-04  -1.7492472e-03
  -4.4760069e-03   8.0199758e-03   2.9261397e-01  -5.3846924e-04   2.8247336e-04  -1.4091813e-03
   1.1907705e-02   2.3704715e-02   2.9481504e-01  -6.8234403e-04   3.0866989e-04  -1.8161629e-03
  -8.7841684e-03   2.2575476e-02   2.9243766e-01  -7.5747588e-04  -4.1340819e-05  -1.5693340e-03
   7.4560687e-03   2.8509739e-02   3.3957965e-01  -4.4893077e-04   1.8174388e-04  -2.1385371e-03
   1.6642810e-03   1.4315585e-02   3.3426774e-01  -6.2544344e-04  -1.5103427e-04  -1.9902888e-03
  -2.3469016e-02   9.4039430e-04   3.2987420e-01  -8.6159652e-04  -3.2933067e-04  -1.3942200e-03
  -5.7949912e-03   8.6237020e-03   3.2773268e-01  -5.5579738e-04  -7.7011879e-05  -1.6428820e-03
  -9.4994299e-03   1.8467721e-02   3.5018581e-01  -9.6440139e-04  -1.4193495e-04  -1.8367350e-03
  -6.6574992e-03   6.8823927e-03   3.5244057e-01  -7.8079018e-04  -4.9301711e-04  -1.9842200e-03
   2.7737515e-03   1.9869873e-02   3.7112999e-01  -6.7952899e-04   3.9371877e-04  -2.0938254e-03
   2.3408476e-03  -3.4120974e-03   3.6587331e-01  -8.9921839e-04   1.2842861e-04  -2.1261048e-03
  -2.6606025e-02   5.4144228e-03   4.0035188e-01  -5.4334561e-04  -4.1352228e-05  -1.5867063e-03
  -6.5431399e-03  -2.0587202e-03   3.9610575e-01  -6.7537081e-04  -3.9060584e-05  -1.7157057e-03
  -7.8585990e-03  -1.2317998e-03   3.9320837e-01  -6.2890520e-04  -2.6362532e-04  -1.8785789e-03
  -8.0126144e-03   1.1828477e-02   3.9190683e-01  -1.0792424e-03  -5.7643027e-04  -1.9872643e-03
  -1.8194806e-02   1.7102536e-02   4.1202250e-01  -1.0199918e-03   3.8741227e-04  -1.3781487e-03
  -8.4197536e-03   3.9196979e-02   4.1601278e-01  -5.6008053e-04   3.6673711e-04  -1.8060340e-03
  -7.4386609e-03   2.2210389e-02   3.9972283e-01  -1.2380373e-03   2.1377650e-04  -1.7284505e-03
  -3.0576155e-02   2.1984822e-02   4.2925800e-01  -4.8965197e-04  -7.7392341e-05  -1.2796249e-03
  -1.8343299e-02   2.9943145e-03   4.5367933e-01  -3.1998155e-04   5.7601768e-04  -1.7716942e-03
  -2.4131964e-02   1.6685938e-02   4.5742639e-01  -8.1770223e-04   3.9520868e-04  -1.3351092e-03
  -3.6593055e-02   2.6410222e-02   4.6634886e-01  -2.3155827e-05   2.4533902e-04  -1.3736728e-03
  -2.5250631e-02   1.1052559e-02   4.6185320e-01  -9.9427332e-04   3.7331074e-04  -1.4925386e-03
  -2.5050854e-02  -1.9270057e-02   4.7784691e-01  -6.5723953e-04   7.1064602e-05  -1.5298049e-03
  -1.3968055e-02  -6.3235127e-03   4.9864759e-01  -5.8412798e-04   4.3259542e-04  -1.6097209e-03
  -2.5406200e-02  -2.0268820e-02   5.0506602e-01  -7.0115112e-04   2.5531999e-04  -1.4508171e-03
  -2.3933811e-02  -8.5179843e-03   5.0901967e-01  -9.5240014e-04  -3.0587078e-05  -1.8672016e-03
  -2.0975614e-02   2.2897855e-02   4.7990423e-01  -1.5255755e-03   1.1551997e-04  -1.6339675e-03
  -2.8965770e-02   5.7875730e-03   5.1533483e-01  -1.3900446e-03   8.2475006e-05  -1.6090176e-03
  -4.0426043e-02   1.8997973e-02   5.5173019e-01  -6.8357942e-04  -1.8835349e-04  -1.3440289e-03
  -3.2181375e-02   2.3609018e-02   5.5419773e-01  -1.0160529e-03   2.0938843e-04  -1.3785985e-03
  -3.6954429e-02   2.6861224e-02   5.2451787e-01  -1.3970056e-03  -1.5600737e-04  -1.3479598e-03
  -2.6794154e-02   2.0226417e-02   5.4064211e-01  -1.3977976e-03  -2.3595186e-04  -1.6365379e-03
  -1.5732643e-02   6.2658734e-03   5.6512551e-01  -1.0177810e-03  -4.1016317e-05  -1.5521121e-03
  -1.7380413e-02   1.1252959e-02   5.7501965e-01  -1.3067682e-03   5.2232134e-05  -1.5164068e-03
  -2.6650134e-02   9.6351563e-03   5.6571516e-01  -1.8026596e-03  -3.4494974e-04  -1.4648156e-03
  -2.2806144e-02   2.1755349e-02   6.0685832e-01  -1.0538332e-03  -3.9081800e-04  -1.5946843e-03
  -2.9523752e-02   2.3771315e-02   5.8768961e-01  -1.5608176e-03  -1.3366532e-04  -1.2153994e-03
  -2.3057585e-02   2.3175080e-02   6.3052632e-01  -1.0190160e-03   1.3800200e-04  -1.2976549e-03
  -1.8363253e-02   8.3780235e-03   6.3939814e-01  -9.9972212e-04  -2.3124849e-04  -1.8404443e-03
  -2.7880527e-02   3.1594605e-02   6.2621121e-01  -1.3495490e-03   1.1714759e-04  -1.3276780e-03
  -2.5128242e-02   3.2572467e-02   6.4423129e-01  -9.6488625e-04   2.9143621e-04  -1.8390906e-03
  -2.8023097e-02   3.4902767e-02   6.3486469e-01  -1.2929749e-03   2.7133380e-04  -1.3432659e-03
  -1.3205463e-02   1.7628750e-02   6.5365244e-01  -1.3401235e-03   1.6219605e-04  -1.5887159e-03
   1.5322469e-02  -5.1454625e-03   7.0975704e-01  -7.4893892e-05   6.1500836e-04  -3.3604194e-04
   1.5140768e-03   3.9529537e-02   6.9014512e-01  -2.0907289e-03   8.6179792e-04  -1.0844769e-03
  -9.2435732e-03  -3.8272308e-03   6.8944180e-01  -1.9522478e-03   9.2494323e-04  -9.1904132e-04
  -7.2691962e-03   1.7838595e-03   7.2180566e-01  -1.4617334e-03   1.2437167e-03  -9.3094477e-04
   1.3798018e-02   7.1015884e-03   7.3879275e-01  -1.3444749e-03   8.1981972e-04  -1.6914813e-03
  -8.6998368e-03   3.4195325e-02   7.3624141e-01  -1.3133350e-03   8.3226788e-04  -1.0948205e-03
   9.6940996e-04   4.1566323e-02   7.4295865e-01  -1.3168512e-03   8.6651669e-04  -1.2138385e-03
   8.8199188e-03   2.4403751e-02   7.7826588e-01  -5.6582414e-04   8.2560220e-04  -1.2804110e-03
  -1.3364091e-02   3.2696178e-02   7.6369480e-01  -1.2272600e-03   1.0722676e-03  -1.4299520e-03
  -1.5154625e-02   1.2898631e-02   7.9240070e-01  -1.1716797e-03   7.3081268e-04  -1.1913123e-03
  -7.7862073e-03   2.1695975e-02   8.1806516e-01  -1.1037611e-03   7.8147762e-04  -1.5002145e-03
  -1.7396363e-02   4.0391135e-02   8.3679842e-01  -1.1606826e-03   3.8759850e-04  -1.6629971e-03
  -3.1835413e-02   2.0361170e-02   8.5510179e-01  -1.2408093e-03   4.7411877e-04  -1.1816605e-03
  -2.4959392e-02   4.4868178e-02   8.4511266e-01  -1.6078113e-03   3.8574134e-04  -1.2427979e-03
  -2.6793418e-02   2.4147570e-02   8.6697326e-01  -1.7038066e-03   6.5141057e-04  -1.3684648e-03
  -3.7195282e-02   2.9900317e-02   8.3720147e-01  -1.6339657e-03   1.4806098e-03  -1.5519724e-03
  -2.0519864e-02   6.7142150e-03   8.9475105e-01  -1.6554371e-03   5.1094924e-04  -1.5540583e-03
  -3.3316214e-02   2.7760915e-02   9.3681226e-01  -1.0263774e-03   5.4876827e-04  -1.5253571e-03
  -3.2937189e-02   2.6487778e-02   9.4755522e-01  -1.2768903e-03   8.2276075e-04  -1.5027998e-03
  -2.7590102e-02   1.5778438e-02   9.5660582e-01  -1.2084788e-03   6.8265722e-04  -1.4610609e-03
  -2.3958709e-02   6.9879264e-03   9.4092254e-01  -1.5221925e-03   9.2275555e-04  -1.7200511e-03
  -2.3642020e-02   3.0588421e-02   9.4322785e-01  -1.7035169e-03   3.9172348e-04  -1.8689622e-03
  -3.7425612e-02   1.1968391e-02   9.6629824e-01  -1.6444580e-03   5.1139890e-04  -1.5098061e-03
  -1.2312935e-02   2.8169084e-02   9.7271774e-01  -1.8765387e-03   4.1297286e-04  -1.7914576e-03
  -1.4446143e-02   3.8397216e-02   1.0082905e+00  -1.8277784e-03   4.6378035e-04  -1.6866968e-03
  -2.4791365e-02   2.6908890e-02   9.9455209e-01  -1.8913849e-03  -2.2129219e-05  -1.4502498e-03
  -2.1830368e-02   2.1612004e-02   9.9796164e-01  -2.0077228e-03  -1.5107401e-04  -1.5699598e-03
  -2.0794016e-02   8.2245002e-03   1.0057397e+00  -2.1508552e-03   2.6961211e-04  -1.4038023e-03
  -3.2138120e-02   2.6221654e-02   1.0380481e+00  -2.0439549e-03   3.5127419e-04  -1.0984029e-03
  -2.7094326e-02   2.5189742e-02   1.0445715e+00  -1.8530696e-03   1.9830852e-04  -1.1574002e-03
  -1.6315790e-02   1.4495899e-02   1.0500083e+00  -2.0123040e-03   2.8389955e-04  -1.4197435e-03
  -3.1797745e-02  -7.2837150e-03   1.0880111e+00  -1.3561443e-03   3.3628780e-04  -1.2923002e-03
  -3.0913452e-02   2.3609570e-02   1.1033426e+00  -1.3987187e-03   1.9686469e-04  -1.5003194e-03
  -1.9332749e-02   1.5640935e-03   1.1051923e+00  -1.4898562e-03   5.0938228e-04  -1.6216813e-03
  -9.5399896e-03   1.4731749e-02   1.1154019e+00  -1.7440940e-03   9.0120472e-05  -1.9413795e-03
  -2.3132180e-02   1.5854796e-02   1.1112365e+00  -2.0633279e-03   1.2696176e-05  -1.5194324e-03
  -2.1886737e-02   1.2858787e-02   1.1269277e+00  -1.6091771e-03   3.4400507e-04  -1.4136832e-03
  -1.1864610e-02   1.8150166e-02   1.1417988e+00  -1.7669947e-03   4.3710694e-04  -1.6276042e-03
  -2.8244624e-02   1.6265475e-02   1.1679608e+00  -1.4672335e-03   2.7861113e-04  -1.2177029e-03
  -1.6661065e-02   3.0096803e-02   1.1607626e+00  -2.1406365e-03   6.3300700e-04  -1.6430985e-03
  -1.5362767e-02   3.5205579e-02   1.1849894e+00  -2.4362500e-03   4.3029069e-04  -1.3206089e-03
  -2.7075912e-02   2.8750905e-02   1.1952524e+00  -2.2227583e-03  -7.6887581e-05  -1.1823835e-03
  -1.0928382e-02   1.5717789e-02   1.2059905e+00  -2.2113683e-03   3.1933445e-04  -1.4957903e-03
   2.2617475e-02   1.5174274e-02   1.2111144e+00  -1.9898788e-03   6.6410631e-04  -8.5613811e-04
   6.8471792e-03   6.1132260e-03   1.2000071e+00  -2.9060360e-03   8.7367213e-04  -1.0257887e-03
  -6.9741401e-03   1.6168230e-03   1.2505425e+00  -1.8172044e-03   9.1122357e-04  -8.8091978e-04
   7.0963658e-03  -5.1696378e-03   1.2825026e+00  -1.4789441e-03   1.7425445e-04  -1.2204782e-03
   5.5985445e-03   4.2475288e-02   1.3031091e+00  -1.2149608e-03   6.2619741e-04  -7.8438980e-04
  -8.1999835e-03   2.8508423e-02   1.2921618e+00  -2.0509745e-03   1.1817173e-04  -7.8529390e-04
   1.1949811e-02   1.4633276e-02   1.2824393e+00  -2.7082457e-03   5.8839947e-04  -1.1213610e-03
  -8.4854042e-04   3.3910605e-02   1.2984432e+00  -2.2376291e-03   7.5052640e-04  -1.2327365e-03
  -5.2543554e-03   4.2842292e-02   1.3142825e+00  -2.1057431e-03   6.0266483e-04  -1.0270396e-03
  -1.1288268e-02   2.5139407e-02   1.3400884e+00  -1.7673741e-03   5.5220274e-04  -1.1976839e-03
  -2.5787072e-02   3.5900489e-02   1.3281125e+00  -2.3090452e-03   3.5731706e-04  -1.0624959e-03
  -5.6804756e-02   3.8331649e-02   1.3397862e+00  -1.9236272e-03  -1.3067912e-04  -1.1680519e-03
  -4.8028499e-02   8.2216585e-03   1.3507290e+00  -2.1489288e-03  -3.7440381e-04  -1.3687360e-03
  -3.8478553e-02   4.3396387e-02   1.3944563e+00  -1.4419480e-03  -2.0677645e-04  -1.7615411e-03
  -4.7212233e-02   3.9873371e-02   1.3925445e+00  -1.8095460e-03   7.9946998e-05  -1.0386400e-03
  -3.8578146e-02   3.5402218e-02   1.4127794e+00  -1.4560477e-03   1.2558090e-04  -1.3376206e-03
  -2.4911339e-02   2.6917601e-02   1.4108371e+00  -1.6916521e-03   4.3107628e-05  -1.5793553e-03
  -3.2666445e-02   1.6099816e-02   1.4133728e+00  -1.6656545e-03  -9.2443932e-05  -1.2631526e-03
  -2.7126194e-02   6.3569817e-02   1.3983370e+00  -2.2677344e-03  -2.6793136e-04  -1.3914112e-03
  -3.4919693e-02   3.4013180e-02   1.4181967e+00  -1.9813937e-03  -2.8306918e-05  -1.0443591e-03
  -1.9663114e-02   3.9595250e-02   1.4369400e+00  -2.2409206e-03   6.4764619e-05  -1.6829030e-03
  -2.0336186e-02   4.6341078e-02   1.4314649e+00  -2.3348886e-03  -1.0352303e-04  -1.4707240e-03
  -1.1810397e-02   2.6539157e-02   1.4537864e+00  -1.2234589e-03   3.5462889e-04  -1.7072606e-03
  -2.4665982e-02   3.5081905e-02   1.4847377e+00  -1.3777212e-03   6.4778695e-04  -1.1715609e-03
  -6.4068979e-03   4.0471056e-02   1.4811067e+00  -1.1881348e-03   6.4258928e-04  -1.5480907e-03
  -5.5720441e-03   2.7626186e-02   1.4900562e+00  -1.3201256e-03   3.8111611e-04  -1.4042185e-03
  -2.2050644e-02   3.4023987e-02   1.5365119e+00  -1.1500869e-03   2.7704828e-04  -1.2258852e-03
  -1.0538515e-02   5.0977310e-02   1.5485193e+00  -1.0241950e-03   3.9758097e-04  -1.2351639e-03
  -1.6187478e-02   2.8933054e-02   1.5510496e+00  -1.4431934e-03   6.4128666e-04  -1.1481251e-03
  -1.1742986e-02   3.6043837e-02   1.5497304e+00  -1.9762822e-03   4.1418414e-04  -1.4664494e-03
  -2.4865424e-02   2.9857382e-02   1.5666552e+00  -1.9313321e-03  -2.6072143e-05  -1.2178451e-03
  -7.8333087e-03   5.5853166e-02   1.5517427e+00  -2.0985699e-03   1.8141675e-04  -1.7055922e-03
  -2.7743477e-02   1.6101600e-02   1.5858711e+00  -1.2208450e-03   3.7470029e-05  -1.3382238e-03
   2.1728038e-02   6.2933066e-02   1.5478514e+00  -6.2397947e-04   1.2731680e-03  -6.6318755e-04
  -5.0968826e-03   5.7351531e-02   1.6055440e+00  -1.5404222e-03   1.2815072e-03  -1.2761093e-03
  -5.3503303e-03   5.5447621e-02   1.6559885e+00  -9.5871643e-04   1.2027418e-03  -9.9195554e-04
  -6.9293706e-03   4.7213766e-02   1.6998493e+00   3.1335728e-05   1.1810168e-03  -1.3089977e-03
   9.9535418e-03   5.9625513e-02   1.6933997e+00  -6.8307665e-04   1.1585157e-03  -1.2822729e-03
   3.5593941e-03   4.8912820e-02   1.6901986e+00  -1.1321413e-03   8.2999251e-04  -1.3448617e-03
  -2.7964343e-03   7.2067663e-02   1.6942423e+00  -1.3651796e-03   6.4959007e-04  -1.2423981e-03
  -2.1501150e-02   8.0991545e-02   1.6725823e+00  -1.5178709e-03   9.8258056e-04  -7.7489593e-04
   5.0121336e-03   8.0305895e-02   1.6742255e+00  -1.1119719e-03   8.4570155e-04  -1.6218453e-03
  -2.9795996e-04   6.4554685e-02   1.6763957e+00  -1.8814091e-03   1.3268056e-03  -1.6733078e-03
   1.1179987e-02   1.2480905e-01   1.6181052e+00  -9.7202103e-04   2.2276439e-03  -2.2614448e-03
  -4.6524750e-04   1.1722325e-01   1.6443411e+00  -4.5638956e-04   1.9685448e-03  -2.0293002e-03
   2.4243266e-02   1.5044394e-01   1.6037281e+00  -6.3129924e-04   2.3170729e-03  -3.0854731e-03
   2.0942196e-02   1.4357087e-01   1.6069134e+00  -7.3244495e-05   2.5586843e-03  -3.0867889e-03
  -7.6300615e-03   1.1435638e-01   1.6801857e+00   3.1443633e-04   2.1262555e-03  -1.5090397e-03
   1.0001578e-02   9.5305003e-02   1.7485489e+00  -1.4419630e-04   1.3622199e-03  -1.9505247e-03
   1.3329129e-02   8.2201356e-02   1.7812029e+00  -4.0875954e-04   1.0997649e-03  -1.8390180e-03
   8.6362893e-03   5.3055911e-02   1.8169917e+00  -7.7225440e-04   1.0493702e-03  -1.8351326e-03
   6.5487915e-03   6.1381128e-02   1.8456096e+00  -7.0497098e-04   1.0751184e-03  -1.2827936e-03
  -5.4301065e-03   5.8536336e-02   1.8561916e+00  -8.6648690e-04   7.8899733e-04  -1.5337636e-03
   3.7804392e-03   7.3674713e-02   1.8537616e+00  -1.2543551e-03   8.4237745e-04  -1.3958288e-03
   5.2764444e-03   5.0030448e-02   1.8674380e+00  -1.1011298e-03   8.5721967e-04  -1.6931480e-03
  -8.0968175e-05   6.6046682e-02   1.8706302e+00  -1.6792455e-03   7.1714499e-04  -1.5118711e-03
   1.0425476e-02   5.7992424e-02   1.8620586e+00  -1.7869538e-03   5.6880054e-04  -1.8218904e-03
  -1.1311957e-02   5.6561679e-02   1.8928108e+00  -1.7138925e-03   6.6190027e-04  -1.4503443e-03
   1.5706056e-02   6.4425932e-02   1.8864864e+00  -1.8925381e-03   3.9068211e-04  -1.6785973e-03
   1.6224185e-02   5.8381028e-02   1.9180863e+00  -1.9451749e-03   6.4212969e-04  -1.7699348e-03
   2.2785971e-02   2.9126474e-02   1.9287552e+00  -1.9785015e-03   6.1319102e-04  -1.7301380e-03
   1.2893073e-02   6.7953893e-02   1.9665696e+00  -1.3103744e-03   4.2079926e-04  -1.5416775e-03
   2.5794500e-02   6.6433262e-02   1.9682545e+00  -1.6106522e-03   8.1354943e-04  -1.7415855e-03
   1.2447757e-02   6.3239444e-02   1.9891003e+00  -1.3209290e-03   6.8197556e-04  -1.5301449e-03
   1.7130214e-02   4.7709585e-02   1.9858395e+00  -1.2784122e-03   7.9626704e-04  -1.9788941e-03
   2.9541548e-02   6.4491314e-02   2.0016468e+00  -1.8468404e-03   5.3430793e-04  -1.6444447e-03
   1.7917124e-02   6.0269013e-02   2.0182065e+00  -1.4401910e-03   3.2423376e-04  -1.7113606e-03
   1.1886292e-02   9.0162530e-02   2.0185529e+00  -2.0903004e-03   1.7646534e-04  -1.6960975e-03
   1.1789060e-02   7.8588887e-02   2.0401204e+00  -1.8958873e-03   4.5922238e-04  -1.9374072e-03
   5.1190381e-03   7.6100096e-02   2.0514729e+00  -1.5287493e-03   6.6241748e-04  -1.6415744e-03
   7.2586494e-03   7.3859691e-02   2.0615672e+00  -1.4799520e-03   7.4656815e-04  -1.4904226e-03
   7.8843896e-03   6.4174976e-02   2.0820818e+00  -1.6424522e-03   2.4873997e-04  -1.9074548e-03
   1.5685997e-02   7.0782263e-02   2.1031812e+00  -1.7099998e-03   4.8302527e-04  -1.7618726e-03
   6.2940365e-03   7.8411544e-02   2.1186694e+00  -1.9229183e-03   5.5956861e-04  -1.5814571e-03
   1.7910332e-02   7.1312971e-02   2.1219452e+00  -2.0951118e-03   7.3267924e-04  -1.4280693e-03
   9.3616118e-03   7.7176953e-02   2.1437860e+00  -2.0364832e-03   4.3735474e-04  -1.2787796e-03
   1.6597368e-02   6.3513770e-02   2.1596937e+00  -2.0775423e-03   2.5601911e-04  -1.4277994e-03
   1.4860381e-02   6.5134857e-02   2.1572087e+00  -2.0151435e-03   2.8417430e-04  -1.4429125e-03
   1.2424699e-02   6.7459141e-02   2.1993500e+00  -1.4208322e-03   4.3377372e-04  -1.3220397e-03
   9.9746647e-03   7.6656300e-02   2.2086600e+00  -2.0661163e-03   5.2544261e-04  -1.2891430e-03
   1.7545541e-02   8.7268456e-02   2.2228479e+00  -1.9217458e-03   4.9201171e-04  -1.3853983e-03
   5.0589744e-03   8.1102566e-02   2.2409910e+00  -1.2377225e-03   1.8072701e-04  -1.3852256e-03
   3.3516949e-02   7.1728760e-02   2.2439047e+00  -1.5759241e-03   4.6299221e-04  -1.9437530e-03
   1.5526224e-02   8.2963847e-02   2.2468651e+00  -1.6301085e-03   4.5151084e-04  -1.6164326e-03
   1.0841172e-02   7.0264132e-02   2.2818573e+00  -1.6395312e-03   7.2701317e-04  -1.1950923e-03
   1.5757189e-02   7.3803672e-02   2.2839622e+00  -1.9015876e-03   8.1687099e-04  -1.3836675e-03
   2.1120826e-02   8.6574006e-02   2.2706042e+00  -2.1230832e-03   6.1921840e-04  -1.4684333e-03
   2.0631395e-02   9.1626437e-02   2.2971838e+00  -2.1136002e-03   7.8826665e-04  -1.4882107e-03
   2.6274835e-02   8.0196565e-02   2.3042335e+00  -1.7569832e-03   4.7836794e-04  -1.6615325e-03
   1.5338161e-02   8.7294863e-02   2.3072669e+00  -2.3275713e-03   1.2787290e-03  -9.6434672e-04
   2.4699512e-02   9.9880343e-02   2.3235268e+00  -2.8549472e-03   4.6074845e-04  -1.5815517e-03
   1.1011390e-02   5.1549091e-02   2.3586188e+00  -2.7378610e-03   7.0800347e-04  -1.2665982e-03
   2.9628344e-02   6.2128299e-02   2.3827790e+00  -2.2929897e-03   4.4504018e-04  -1.1966289e-03
   2.0025402e-02   7.2930395e-02   2.4043562e+00  -2.1332620e-03   6.9271183e-04  -1.0150866e-03
   3.6223383e-02   7.7939165e-02   2.4114835e+00  -2.6388774e-03   1.0204834e-03  -1.4192775e-03
   7.4460215e-02   9.2886386e-02   2.4164442e+00  -2.2510972e-03   8.7943632e-04  -1.5901100e-03
   1.0469838e-02   7.7218726e-02   2.4635338e+00  -2.1470009e-03   1.7532157e-03  -8.2848005e-04
   3.0351792e-02   7.6765179e-02   2.4608774e+00  -2.2528206e-03   1.5974113e-03  -1.6628170e-03
   1.8943384e-02   6.1255647e-02   2.4505760e+00  -2.3341301e-03   1.4691058e-03  -1.0001692e-03
   3.5195501e-02   6.8064129e-02   2.4933056e+00  -1.4590318e-03   1.2125604e-03  -1.4976082e-03
   3.3317033e-02   9.2912112e-02   2.4999529e+00  -1.8041150e-03   1.3194100e-03  -1.3446402e-03
   4.3941295e-02   8.2451447e-02   2.4762769e+00  -2.3265770e-03   1.1946797e-03  -1.7077017e-03
   3.9887431e-02   8.9957138e-02   2.5271525e+00  -1.3965959e-03   1.3385046e-03  -1.4163700e-03
   3.9679684e-02   9.0031636e-02   2.5388692e+00  -1.6841493e-03   1.0076170e-03  -1.7376587e-03
   4.2338507e-02   8.9252288e-02   2.5282262e+00  -2.3430201e-03   1.0916492e-03  -1.5957144e-03
   4.9362840e-02   8.5544476e-02   2.5466891e+00  -2.0985284e-03   1.0880182e-03  -1.6231133e-03
   4.1889432e-02   8.5147486e-02   2.5707709e+00  -2.1431998e-03   1.2587067e-03  -1.3558269e-03
   5.5441703e-02   7.1086493e-02   2.5532827e+00  -2.7008971e-03   1.3151785e-03  -1.7578677e-03
   5.7565940e-02   8.0724353e-02   2.5777244e+00  -2.1667900e-03   1.1927740e-03  -1.9656687e-03
   4.2307566e-02   7.2556797e-02   2.5994251e+00  -1.9946193e-03   1.5227311e-03  -1.5899299e-03
   3.7806881e-02   7.2767235e-02   2.6452318e+00  -1.4106801e-03   1.3141742e-03  -1.1962618e-03
   5.3369437e-02   6.9975648e-02   2.6270189e+00  -1.9932140e-03   8.8610020e-04  -1.7985468e-03
   4.3674384e-02   1.0052454e-01   2.6386910e+00  -1.9485199e-03   1.6244514e-03  -2.0841777e-03
   1.9328559e-02  -9.1269222e-02   2.5926729e+00  -4.1478783e-03   7.3464840e-04  -1.8744620e-03
   3.3014776e-02   1.0146909e-01   2.6812334e+00  -1.3958336e-03   1.1951846e-03  -1.8153457e-03
   2.5463676e-02   1.1077512e-01   2.6698131e+00  -2.0695684e-03   8.6127173e-04  -1.5784064e-03
   3.9522365e-02   1.1351982e-01   2.6678084e+00  -2.0980203e-03   8.5545262e-04  -1.9333006e-03
   4.0539409e-02   1.2554186e-01   2.6891980e+00  -1.9969256e-03   7.3207563e-04  -1.8538971e-03
   1.9155414e-02   1.2365718e-01   2.7000892e+00  -1.8604186e-03   8.2748461e-04  -1.0744632e-03
   4.7363653e-02   9.8040513e-02   2.7143104e+00  -1.8236485e-03   1.0426291e-03  -1.7694323e-03
   4.4740112e-02   9.8309120e-02   2.7505074e+00  -1.5580704e-03   9.6322910e-04  -1.7910372e-03
   4.4646821e-02   1.1216040e-01   2.7470053e+00  -1.9210407e-03   9.6426433e-04  -1.9431736e-03
   3.4770708e-02   1.1188427e-01   2.7693170e+00  -1.7393713e-03   9.6042083e-04  -1.2864971e-03
   4.3033259e-02   1.0811700e-01   2.7806445e+00  -1.7551797e-03   8.8405381e-04  -1.7469302e-03
   4.1804891e-02   9.8655963e-02   2.7853709e+00  -1.7758851e-03   9.6682830e-04  -1.6938844e-03
   3.8314408e-02   1.2406205e-01   2.7976903e+00  -1.5371705e-03   7.1178214e-04  -1.7494152e-03
   4.4388918e-02   1.0641464e-01   2.8195195e+00  -1.7961425e-03   7.9228101e-04  -1.6836677e-03
   3.7032952e-02   1.1407143e-01   2.8171571e+00  -1.9092353e-03   8.7190971e-04  -1.4195628e-03
   5.3648418e-02   1.1366061e-01   2.8539830e+00  -1.6469534e-03   6.1523847e-04  -1.7989648e-03
   3.3050920e-02   1.2071485e-01   2.8513797e+00  -1.8638010e-03   6.1974459e-04  -1.6021840e-03
   5.0424588e-02   1.3965979e-01   2.8696134e+00  -1.7035545e-03   1.0203795e-03  -1.8374571e-03
   4.9256680e-02   1.0364166e-01   2.8621201e+00  -1.9795314e-03   8.7905858e-04  -1.7914151e-03
   4.3376504e-02   1.1749155e-01   2.8739827e+00  -2.4806723e-03   1.0414080e-03  -1.2448028e-03
   5.3376425e-02   1.0987186e-01   2.9134044e+00  -1.7348940e-03   1.1923251e-03  -1.7151570e-03
   4.2175152e-02   1.0990028e-01   2.9125368e+00  -2.3592239e-03   8.6499090e-04  -1.5492050e-03
   6.5120033e-02   1.0112480e-01   2.9498651e+00  -1.5128169e-03   9.1003731e-04  -1.5676987e-03
   5.1718897e-02   1.1851759e-01   2.9458001e+00  -1.8165896e-03   9.5300130e-04  -1.7699533e-03
   4.5914219e-02   1.0642815e-01   2.9513996e+00  -2.1695873e-03   8.4711626e-04  -1.6225736e-03
   5.7217240e-02   9.8887621e-02   2.9759711e+00  -2.0706209e-03   1.4162098e-03  -1.7992549e-03
   5.3094972e-02   1.0616478e-01   2.9888113e+00  -1.9574315e-03   1.1628975e-03  -1.3555386e-03
   4.1049108e-02   9.9789091e-02   3.0109741e+00  -1.9759322e-03   9.5521708e-04  -1.1689615e-03
   4.8801648e-02   1.0347221e-01   3.0112176e+00  -2.0261044e-03   8.5271981e-04  -1.4597766e-03
   5.2342490e-02   1.1107461e-01   3.0283754e+00  -2.0922906e-03   1.0408874e-03  -1.4913155e-03
   2.9646869e-02   1.0126602e-01   3.0414789e+00  -1.6673997e-03   9.9019225e-04  -1.0300767e-03
   5.6500928e-02   1.1100311e-01   3.0561361e+00  -2.1288179e-03   1.0588654e-03  -1.6658139e-03
   5.8560086e-02   1.1051429e-01   3.0817116e+00  -1.7539206e-03   7.8335876e-04  -1.5968321e-03
   9.7442896e-02   1.1125233e-01   3.0753662e+00  -2.0554427e-03   1.2052390e-03  -1.7349295e-03
   5.6146066e-02   9.8864093e-02   3.0905943e+00  -2.2169853e-03   1.6317246e-03  -1.7114889e-03
   6.5062888e-02   5.6572867e-02   3.1004445e+00  -2.1880256e-03   1.8958794e-03  -1.4854432e-03
   4.9031362e-02   9.9398660e-02   3.1325922e+00  -1.4229763e-03   1.4537206e-03  -1.1997357e-03
   5.8133213e-02   1.0493445e-01   3.1513930e+00  -1.1277016e-03   1.2246235e-03  -1.7152064e-03
   5.6889448e-02   1.2062327e-01   3.1330487e+00  -2.0962933e-03   1.2544395e-03  -1.2141006e-03
   4.6165987e-02   1.0635090e-01   3.1211416e+00  -2.2909699e-03   1.3893086e-03  -1.1240489e-03
   5.7905053e-02   1.2321030e-01   3.1455797e+00  -2.4943710e-03   8.8676519e-04  -1.4841201e-03
   5.6354543e-02   1.1211207e-01   3.1629196e+00  -2.2381666e-03   9.6708111e-04  -1.3362937e-03
   5.6745701e-02   9.6929318e-02   3.1886006e+00  -1.6289062e-03   1.1744490e-03  -1.5955500e-03
   5.9444008e-02   9.6394227e-02   3.2176321e+00  -1.1576809e-03   9.7875722e-04  -1.5535689e-03
   5.7912325e-02   1.2347721e-01   3.2056813e+00  -1.2919179e-03   1.3605929e-03  -1.6996758e-03
   5.7728325e-02   1.0895953e-01   3.2085786e+00  -1.8656124e-03   1.2513470e-03  -1.5569024e-03
   6.8286222e-02   1.1720308e-01   3.2100969e+00  -1.8221174e-03   1.1703492e-03  -1.2716765e-03
   6.7409775e-02   9.4783239e-02   3.2172754e+00  -1.7411245e-03   9.9509578e-04  -1.5405503e-03
   6.0200715e-02   9.6883767e-02   3.2516814e+00  -1.7773584e-03   1.2877708e-03  -1.4223996e-03
   5.0982236e-02   1.2223654e-01   3.2606350e+00  -1.9767637e-03   7.6605510e-04  -1.3891389e-03
   5.8005842e-02   1.2601423e-01   3.2489060e+00  -2.3360162e-03   1.3695335e-03  -9.0202601e-04
   5.6299466e-02   1.2912783e-01   3.2891497e+00  -1.7001114e-03   1.0891840e-03  -1.7186952e-03
   5.4369353e-02   1.0727554e-01   3.3129885e+00  -1.2820566e-03   1.0831352e-03  -1.4619412e-03
   5.3183777e-02   1.1635995e-01   3.3240972e+00  -1.4301551e-03   8.9084882e-04  -1.1394012e-03
   5.3403995e-02   1.3098765e-01   3.3261511e+00  -2.1514132e-03   1.0072928e-03  -1.3913495e-03
   6.1551659e-02   1.1503704e-01   3.3225504e+00  -1.8033660e-03   9.5380984e-04  -1.8512683e-03
   6.3501088e-02   1.4070835e-01   3.3106895e+00  -2.0543950e-03   1.0237685e-03  -1.7833761e-03
   3.9343746e-02   1.2143774e-01   3.3402353e+00  -1.3076864e-03   8.4219816e-04  -1.0264217e-03
   3.7027671e-02   1.0648139e-01   3.3343004e+00  -2.4082345e-03   9.8875632e-04  -1.3834656e-03
   5.0765939e-02   1.4563376e-01   3.3604881e+00  -1.7372296e-03   6.5915152e-04  -1.4898496e-03
   5.0833916e-02   1.2318014e-01   3.3797079e+00  -2.3298874e-03   6.7749060e-04  -1.6244436e-03
   5.1098730e-02   1.3131799e-01   3.3843730e+00  -2.1728631e-03   9.5880038e-04  -1.3785989e-03
   5.2134242e-02   1.0306611e-01   3.3839495e+00  -2.3037801e-03   9.6829044e-04  -1.4727030e-03
   5.6089473e-02   1.0683757e-01   3.4481487e+00  -1.3776188e-03   1.2574817e-03  -1.3626046e-03
   7.2807343e-02   1.1696423e-01   3.4585051e+00  -1.4347992e-03   9.0389308e-04  -1.7500024e-03
   6.7255749e-02   9.7849194e-02   3.4652089e+00  -1.4666600e-03   1.2005771e-03  -1.7847451e-03
   8.6735725e-02   9.7122746e-02   3.4467238e+00  -2.1036469e-03   7.0776786e-04  -1.5008322e-03
   5.7707695e-02   1.2593569e-01   3.4619656e+00  -2.9865949e-03   1.5978785e-03  -1.2125662e-03
   4.2089268e-02   9.8528586e-02   3.4827881e+00  -2.3319381e-03   1.5485783e-03  -6.9968850e-04
   5.9502229e-02   1.1535272e-01   3.5310162e+00  -1.1514571e-03   1.0759861e-03  -1.3982832e-03
   6.1516723e-02   1.1935169e-01   3.5316452e+00  -1.2077676e-03   1.5024137e-03  -1.3930995e-03
   7.6338003e-02   1.0829471e-01   3.5346677e+00  -1.6008075e-03   1.2907762e-03  -1.5797809e-03
   6.2596810e-02   1.2444657e-01   3.5144567e+00  -2.1622126e-03   1.1640943e-03  -1.0080456e-03
   6.6352423e-02   1.3061816e-01   3.5311898e+00  -1.7774870e-03   1.1878890e-03  -1.2771993e-03
   7.7241021e-02   1.2543454e-01   3.5785429e+00  -1.1665205e-03   1.4292100e-03  -1.5086721e-03
   6.5209296e-02   1.3992966e-01   3.5786569e+00  -1.0699388e-03   1.6981505e-03  -1.4989764e-03
   6.9999596e-02   1.2376234e-01   3.5808533e+00  -1.5857914e-03   1.2621040e-03  -1.2716155e-03
   7.4698579e-02   1.1003249e-01   3.6117844e+00  -1.3332212e-03   1.5906046e-03  -1.3596200e-03
   8.0977726e-02   1.4156469e-01   3.5713304e+00  -2.7631594e-03   1.2988914e-03  -1.4070532e-03
   7.9585735e-02   1.2284248e-01   3.5997472e+00  -2.2394536e-03   1.1460130e-03  -1.4341062e-03
   7.8270583e-02   1.0541110e-01   3.6234254e+00  -2.1907844e-03   1.2811736e-03  -1.4399625e-03
   8.9825747e-02   1.1093763e-01   3.6486831e+00  -1.6977077e-03   1.2617386e-03  -1.6331731e-03
   7.3153540e-02   1.0854032e-01   3.6599148e+00  -2.0648746e-03   1.5522452e-03  -1.2622403e-03
   7.3041033e-02   1.1482519e-01   3.6558290e+00  -2.0195485e-03   1.1595830e-03  -1.1781349e-03
   7.2431443e-02   1.4064138e-01   3.6688384e+00  -1.5744841e-03   1.0184750e-03  -1.4878720e-03
   7.5683888e-02   1.2803479e-01   3.6498934e+00  -1.9191624e-03   9.6283878e-04  -1.2621110e-03
   7.6470080e-02   1.2678126e-01   3.6887377e+00  -1.8266394e-03   9.3700543e-04  -1.2298290e-03
   7.6875924e-02   1.2550510e-01   3.7235607e+00  -1.6006717e-03   1.5641299e-03  -1.4707788e-03
   9.1822705e-02   1.4995620e-01   3.7293401e+00  -1.3445655e-03   1.3154958e-03  -1.4737942e-03
   8.3910022e-02   1.4314935e-01   3.7004492e+00  -1.7804518e-03   1.2530479e-03  -1.4059143e-03
   8.3570698e-02   1.4159248e-01   3.7129785e+00  -1.6342235e-03   1.1268942e-03  -1.2871618e-03
   8.3010711e-02   1.3037679e-01   3.7343571e+00  -1.8376519e-03   9.0172492e-04  -1.4596175e-03
   9.2130342e-02   1.1233200e-01   3.7581725e+00  -1.4387187e-03   1.3448024e-03  -1.6383111e-03
   8.1787970e-02   1.2049549e-01   3.7691303e+00  -1.3759934e-03   1.4352780e-03  -1.3924184e-03
   7.5186909e-02   1.1875242e-01   3.7918653e+00  -1.2587565e-03   8.6482508e-04  -1.3353953e-03
   8.8013513e-02   1.1895114e-01   3.7969188e+00  -1.2488749e-03   1.1412316e-03  -1.2002722e-03
   9.2074960e-02   1.2937399e-01   3.7917135e+00  -1.9646161e-03   1.1794222e-03  -1.3846138e-03
   8.5845572e-02   1.3234494e-01   3.8307280e+00  -1.4503872e-03   8.7207362e-04  -1.3876362e-03
   7.9473305e-02   1.3237293e-01   3.8283948e+00  -1.7155570e-03   8.5361372e-04  -1.3914991e-03
   8.8536847e-02   1.4328237e-01   3.8287583e+00  -2.0760023e-03   9.0272229e-04  -1.6580186e-03
   7.8061176e-02   1.2164423e-01   3.8503063e+00  -1.9123545e-03   9.0603429e-04  -1.4326593e-03
   9.6937806e-02   1.0636455e-01   3.8637866e+00  -1.4978312e-03   1.1436695e-03  -1.8866917e-03
   9.9043916e-02   1.2014357e-01   3.8730203e+00  -1.9583456e-03   7.7540964e-04  -1.8322407e-03
   9.0290612e-02   1.3614234e-01   3.8741490e+00  -2.1076088e-03   7.4503155e-04  -1.5322125e-03
   9.1152935e-02   1.2487020e-01   3.8938159e+00  -1.9611954e-03   7.3736568e-04  -1.6217069e-03
   9.3641099e-02   1.2034526e-01   3.8866130e+00  -2.6216635e-03   9.6247796e-04  -1.4362902e-03
   9.9660682e-02   1.2120836e-01   3.9190028e+00  -1.8699287e-03   9.5482503e-04  -1.2525046e-03
   9.6270749e-02   1.2028524e-01   3.9319162e+00  -1.5281149e-03   8.6409674e-04  -1.3731340e-03
   1.1279328e-01   1.2769981e-01   3.9217166e+00  -2.0959326e-03   1.1579691e-03  -1.7541360e-03
   8.3276980e-02   1.1085794e-01   3.9513289e+00  -1.7309296e-03   6.8563655e-04  -1.3264103e-03
   1.0634100e-01   1.1952407e-01   3.9687053e+00  -2.0941994e-03   1.4532257e-03  -1.4948649e-03
   1.0060622e-01   1.1919621e-01   3.9824452e+00  -1.6965431e-03   1.2770351e-03  -1.4394867e-03
   9.6759416e-02   1.2417046e-01   3.9973222e+00  -1.7428280e-03   5.6766882e-04  -1.5732596e-03
   8.9714899e-02   1.2638751e-01   4.0073674e+00  -1.8055812e-03   1.0430327e-03  -1.3125065e-03
   9.7958616e-02   1.4802292e-01   4.0046981e+00  -2.0352755e-03   1.2176046e-03  -1.5346286e-03
   8.8370949e-02   1.1383034e-01   4.0099313e+00  -1.7837724e-03   1.0517479e-03  -1.2321217e-03
   1.0198182e-01   1.3000270e-01   4.0168058e+00  -2.0787923e-03   1.0766374e-03  -1.5492239e-03
   9.7908007e-02   1.1244835e-01   4.0361273e+00  -1.8485616e-03   9.7045126e-04  -1.4450110e-03
   8.7802298e-02   1.1479749e-01   4.0429969e+00  -2.1657266e-03   9.7452716e-04  -1.4953193e-03
   9.0721068e-02   1.1671478e-01   4.0705346e+00  -1.7050136e-03   7.6764344e-04  -1.4546932e-03
   9.4895174e-02   1.1382287e-01   4.0671354e+00  -1.7011570e-03   8.9019616e-04  -1.3680529e-03
   9.1115971e-02   1.2416458e-01   4.0780181e+00  -1.6698020e-03   7.2019744e-04  -1.3269407e-03
   1.0671765e-01   1.2234401e-01   4.0832671e+00  -2.1888259e-03   1.0649548e-03  -1.7325146e-03
   1.0533149e-01   1.2381912e-01   4.1082581e+00  -1.4558612e-03   9.9682547e-04  -1.3993049e-03
   1.0818509e-01   1.1537278e-01   4.0971188e+00  -1.8889922e-03   5.5118672e-04  -1.7499004e-03
   9.4423745e-02   1.3278450e-01   4.1055464e+00  -2.0028964e-03   7.1464120e-04  -1.2573161e-03
   1.0230633e-01   1.4391429e-01   4.1180495e+00  -2.0556105e-03   5.0416960e-04  -1.6910178e-03
   9.3336645e-02   1.4522858e-01   4.1555427e+00  -1.3033210e-03   7.8853359e-04  -1.4510587e-03
   1.0014146e-01   1.2317437e-01   4.1411253e+00  -1.9736443e-03   7.6999920e-04  -1.7672329e-03
   1.3180126e-01   1.0973827e-01   4.1629677e+00  -1.4985376e-03   6.3807796e-04  -1.1285546e-03
   9.4334376e-02   1.5065415e-01   4.1841465e+00  -1.6670030e-03   1.5387308e-03  -2.2821270e-03
   7.4802353e-02   1.1004273e-01   4.1796743e+00  -1.6059676e-03   1.5122526e-03  -1.3510144e-03
   7.8454304e-02   1.2044976e-01   4.2288675e+00  -3.9185296e-04   1.1231721e-03  -1.6412080e-03
   9.6056303e-02   1.2086487e-01   4.2452196e+00  -8.5175445e-04   9.8834561e-04  -1.5268054e-03
   9.6072047e-02   1.5329435e-01   4.2288527e+00  -1.4389985e-03   1.1819070e-03  -1.6612643e-03
   1.0157387e-01   1.4506952e-01   4.2294632e+00  -1.6920093e-03   1.0533194e-03  -1.7754075e-03
   1.0525031e-01   1.3918133e-01   4.2420328e+00  -1.8767249e-03   1.1574102e-03  -1.8277678e-03
   9.5540016e-02   1.2451860e-01   4.2442220e+00  -1.8043362e-03   1.1546533e-03  -1.5187035e-03
   9.6889133e-02   1.3632874e-01   4.2707636e+00  -1.4499555e-03   6.4555671e-04  -1.4077611e-03
   1.0287168e-01   1.3055148e-01   4.2612193e+00  -2.1356482e-03   7.8218522e-04  -1.4323770e-03
   1.0605837e-01   1.1848561e-01   4.2889143e+00  -1.2596165e-03   8.9418595e-04  -1.7332661e-03
   1.1665664e-01   1.0660570e-01   4.2968208e+00  -1.8443315e-03   8.6263973e-04  -2.1019481e-03
   9.8343192e-02   1.3660762e-01   4.3078955e+00  -1.2593817e-03   7.4967637e-04  -1.4842038e-03
   9.5287923e-02   1.3069192e-01   4.3255239e+00  -1.3526879e-03   7.6649768e-04  -1.2989719e-03
   9.6668513e-02   1.4889678e-01   4.3480984e+00  -1.6106974e-03   9.3810564e-04  -1.3470830e-03
   1.0794960e-01   1.4087513e-01   4.3260866e+00  -1.8929696e-03   6.4181484e-04  -1.5418279e-03
   1.0595346e-01   1.3746103e-01   4.3404360e+00  -1.9518809e-03   1.1297331e-03  -1.5869447e-03
   1.1535012e-01   1.5094702e-01   4.3500746e+00  -2.2580827e-03   1.0340386e-03  -1.6553830e-03
   9.8891286e-02   1.3847397e-01   4.3568513e+00  -2.2526770e-03   6.0041707e-04  -1.6809910e-03
   1.0778380e-01   1.3462437e-01   4.3799396e+00  -2.2071312e-03   8.4348962e-04  -1.6552867e-03
   1.0302034e-01   1.5132012e-01   4.3856911e+00  -1.9810166e-03   9.6991819e-04  -1.3831174e-03
   9.6438978e-02   1.4349097e-01   4.3977355e+00  -1.9542458e-03   8.7623547e-04  -1.3698065e-03
   1.1298997e-01   1.2309750e-01   4.4201643e+00  -2.1054372e-03   8.1833816e-04  -1.7393731e-03
   1.0517208e-01   1.0495776e-01   4.4500213e+00  -2.0158031e-03   1.0739751e-03  -1.5824434e-03
   1.1448068e-01   1.1920732e-01   4.4917136e+00  -1.4681405e-03   1.0908066e-03  -1.6492243e-03
   1.1050472e-01   1.2941990e-01   4.4862297e+00  -1.3823964e-03   9.8688117e-04  -1.5815988e-03
   9.3753233e-02   1.3631862e-01   4.4795856e+00  -2.0034378e-03   7.7125587e-04  -1.0675315e-03
   1.0928771e-01   1.3057742e-01   4.4726437e+00  -2.4112163e-03   1.1157317e-03  -1.3277072e-03
   1.2549747e-01   1.2622412e-01   4.4985119e+00  -1.4249291e-03   1.3314541e-03  -1.6650956e-03
   1.0025154e-01   1.3015463e-01   4.5097523e+00  -1.8678250e-03   8.5099632e-04  -1.5235344e-03
   1.1261716e-01   1.3011124e-01   4.5020576e+00  -2.0746818e-03   3.7562517e-04  -1.6728821e-03
   1.1704126e-01   1.1671074e-01   4.5220130e+00  -1.7585138e-03   6.6101101e-04  -1.5451779e-03
   1.1024644e-01   1.2307252e-01   4.5418822e+00  -1.3928515e-03   6.5172987e-04  -1.2811211e-03
   1.0993734e-01   1.3248245e-01   4.5220534e+00  -2.7546034e-03   5.7024079e-04  -1.8151012e-03
   1.0902827e-01   1.2837085e-01   4.5423765e+00  -2.1431954e-03   5.9535963e-04  -1.4149957e-03
   1.1381122e-01   1.2701624e-01   4.5538651e+00  -2.4439729e-03   3.8198952e-04  -1.2448429e-03
   1.1510155e-01   1.2817460e-01   4.5682312e+00  -2.1839431e-03   8.6461679e-04  -1.7540231e-03
   1.0967775e-01   1.2515428e-01   4.5853781e+00  -1.2813703e-03   3.2523926e-04  -1.5952884e-03
   9.1969941e-02   1.3766484e-01   4.5885332e+00  -1.8246006e-03   3.4723376e-04  -1.2457764e-03
   1.0041095e-01   1.2735469e-01   4.6093221e+00  -1.4876460e-03   3.7526826e-04  -1.4601635e-03
   1.0434266e-01   1.3130529e-01   4.6145032e+00  -1.7768716e-03   4.6792530e-04  -1.4434256e-03
   9.7257405e-02   1.4415497e-01   4.6107659e+00  -2.0088096e-03   4.2460733e-04  -1.1882282e-03
   1.0760949e-01   1.5442358e-01   4.6300271e+00  -1.6234134e-03   4.2588641e-04  -1.3644292e-03
   1.0207475e-01   1.3052241e-01   4.6436106e+00  -2.0538085e-03   2.9083355e-04  -1.5885992e-03
   9.8323076e-02   1.4889293e-01   4.6515540e+00  -2.0339484e-03   6.6818708e-05  -1.4376689e-03
   1.1423105e-01   1.3645961e-01   4.6599554e+00  -2.1454374e-03   4.1342175e-04  -1.7438829e-03
   1.1140514e-01   1.3263666e-01   4.6515146e+00  -2.2322736e-03   3.4064454e-04  -1.5257537e-03
   1.0988812e-01   1.3125670e-01   4.6600604e+00  -2.3430478e-03   5.1583928e-04  -1.4085626e-03
   1.0730491e-01   1.2145853e-01   4.6726452e+00  -2.4440059e-03   1.3262332e-04  -1.2631509e-03
   1.1113239e-01   1.3758982e-01   4.6838520e+00  -2.6639666e-03   1.8613070e-04  -1.5900702e-03
   1.1767957e-01   1.5272593e-01   4.7020102e+00  -2.2916627e-03   8.1001630e-04  -1.3179039e-03
   1.0963650e-01   1.3413368e-01   4.7231235e+00  -2.0694662e-03   1.8439372e-04  -1.3775784e-03
   1.0037954e-01   1.1463805e-01   4.7497943e+00  -2.4350685e-03   3.8962496e-04  -1.1441308e-03
   1.0300914e-01   1.1804642e-01   4.7623952e+00  -1.9220949e-03   5.9461875e-04  -1.1944112e-03
   1.0408561e-01   1.1855759e-01   4.7495882e+00  -2.1206183e-03   3.0964432e-04  -1.1929507e-03
   1.2532831e-01   1.3902355e-01   4.7558619e+00  -2.4078833e-03   2.9560952e-04  -1.5719743e-03
   1.2060545e-01   1.6120243e-01   4.7560854e+00  -2.5775064e-03   3.4640884e-04  -1.5427074e-03
   1.1485221e-01   1.4739110e-01   4.7853206e+00  -2.2700638e-03   6.1946487e-04  -1.2026776e-03
   1.0887096e-01   1.4557841e-01   4.7992261e+00  -2.1339262e-03   5.0499150e-04  -1.4249191e-03
   1.1307598e-01   1.4236554e-01   4.8045489e+00  -2.6207619e-03   3.2866577e-04  -1.6819962e-03
   1.1012252e-01   1.6998429e-01   4.8056667e+00  -2.7569434e-03   1.7933860e-04  -1.1148837e-03
   1.1498275e-01   1.3970423e-01   4.8091796e+00  -2.5871888e-03   3.3563993e-04  -1.3426717e-03
   1.1921424e-01   1.1906699e-01   4.8630950e+00  -1.9632034e-03  -3.9510863e-04  -8.2727421e-04
   1.0013976e-01   1.4854650e-01   4.9608876e+00  -2.8263960e-03   1.3634870e-03  -6.3629914e-04
   9.0409261e-02   9.4896377e-02   4.9211648e+00  -3.3791098e-03   9.3707210e-04  -1.1092465e-03
   9.0087164e-02   1.1322097e-01   4.9346216e+00  -2.7418132e-03   1.0526311e-03  -1.0130762e-03
   9.8225361e-02   1.2177859e-01   4.9384064e+00  -2.8343715e-03   8.6729709e-04  -1.5267111e-03
   8.7678833e-02   1.5207624e-01   4.9448696e+00  -2.3188697e-03   1.0889251e-03  -1.0811794e-03
   1.0081759e-01   1.4617228e-01   4.9364166e+00  -2.9006630e-03   6.5812950e-04  -1.4894495e-03
   1.0021722e-01   1.4330848e-01   4.9531217e+00  -2.4480189e-03   5.9885739e-04  -1.6344260e-03
   1.0969473e-01   1.4102486e-01   4.9673468e+00  -2.2143071e-03   6.4657188e-04  -1.7606664e-03
   1.0674759e-01   1.4858964e-01   4.9964241e+00  -2.0679766e-03   8.5421845e-04  -1.5470637e-03
   8.5820538e-02   1.1343059e-01   4.9745848e+00  -2.7315437e-03   7.3896271e-04  -6.2210028e-04
   1.1157114e-01   1.4849260e-01   4.9850737e+00  -3.1248562e-03   8.3173558e-04  -1.7380731e-03
   1.0747989e-01   1.5911734e-01   5.0056561e+00  -2.6186672e-03   6.2229144e-04  -1.6907834e-03
   1.1368055e-01   1.5668758e-01   5.0185715e+00  -2.8296343e-03   9.4259761e-04  -1.2476884e-03
   1.0620396e-01   1.5049358e-01   5.0264444e+00  -3.0014091e-03   9.9267003e-04  -1.6257069e-03
   1.1570682e-01   1.4330782e-01   5.0352650e+00  -2.8745511e-03   1.1667331e-03  -1.7621270e-03
   1.0320986e-01   1.4931263e-01   5.0491463e+00  -2.5801006e-03   6.4401636e-04  -1.3514140e-03
   1.0797539e-01   1.4932561e-01   5.0584814e+00  -2.6206120e-03   4.3331431e-04  -1.3298670e-03
   1.0785833e-01   1.4615414e-01   5.0642472e+00  -3.0543400e-03   4.2953553e-04  -1.7513212e-03
   1.0840337e-01   1.6352747e-01   5.0876957e+00  -1.9672839e-03   7.7582791e-04  -1.6388265e-03
   1.1154198e-01   1.4185982e-01   5.0755136e+00  -2.3352236e-03   5.6301723e-04  -1.6793783e-03
   1.1612735e-01   1.3051792e-01   5.0607911e+00  -2.6969101e-03   7.6847225e-04  -1.6480291e-03
   9.7947115e-02   1.4565700e-01   5.0977790e+00  -2.3120001e-03   9.1570124e-04  -1.2475226e-03
   1.2277119e-01   1.2907652e-01   5.0906704e+00  -2.8894653e-03   8.2790399e-04  -1.5997596e-03
   1.2242837e-01   1.0472148e-01   5.1339065e+00  -2.2939002e-03   7.3211493e-04  -1.6852402e-03
   1.3220396e-01   1.0933237e-01   5.1695132e+00  -1.8184794e-03   6.8912178e-04  -1.7915776e-03
   1.0535923e-01   1.3020429e-01   5.1419266e+00  -2.6217540e-03   9.2905700e-04  -1.3646392e-03
   1.2503244e-01   1.4394194e-01   5.1519795e+00  -2.3892307e-03   8.8430141e-04  -1.7131852e-03
   1.0877976e-01   1.4106259e-01   5.1612622e+00  -2.3895979e-03   5.4840415e-04  -1.4975467e-03
   1.2476564e-01   1.4232167e-01   5.1649044e+00  -2.3914260e-03   6.7454784e-04  -1.6621599e-03
   1.2789191e-01   1.3545331e-01   5.1668123e+00  -2.7802933e-03   3.6510410e-04  -1.6163459e-03
   1.2103125e-01   1.2080932e-01   5.1654929e+00  -2.9498346e-03   6.4759819e-04  -1.3827996e-03
   1.2318002e-01   1.7077010e-01   5.1788609e+00  -2.6703575e-03   7.3643171e-04  -1.2977031e-03
   9.7357206e-02   1.3368326e-01   5.2100826e+00  -2.4636346e-03   2.7021251e-04  -1.1175907e-03
   1.0737630e-01   1.3716493e-01   5.2228974e+00  -2.2147783e-03   6.2846229e-04  -1.2915773e-03
   1.1833989e-01   1.3214370e-01   5.2213825e+00  -2.6936670e-03   4.4565983e-04  -1.5875070e-03
   1.1487871e-01   1.3283938e-01   5.2300357e+00  -2.4927134e-03   9.8735327e-05  -1.5608315e-03
   1.1691432e-01   1.5362392e-01   5.2496715e+00  -2.1758943e-03   4.8636784e-04  -1.6338885e-03
   1.1736474e-01   1.4445307e-01   5.2229698e+00  -3.1537983e-03   5.5167092e-04  -1.2777673e-03
   1.1882497e-01   1.5063931e-01   5.2440206e+00  -2.7862886e-03   2.2807305e-04  -1.7028757e-03
   1.5436474e-01   1.6687381e-01   5.2329615e+00  -3.8330577e-03   7.5331370e-04  -2.0859679e-03
   7.8909750e-02   1.3561569e-01   5.2960575e+00  -3.0656272e-03   6.1904673e-04  -1.5000560e-03
   8.3786111e-02   1.4335851e-01   5.3223953e+00  -2.4075801e-03   6.0241550e-04  -1.6957213e-03
   9.5045795e-02   1.6209251e-01   5.3206253e+00  -1.7702517e-03   8.2071280e-05  -1.7146478e-03
   9.0705901e-02   1.6654571e-01   5.3243049e+00  -2.3841844e-03   1.2206154e-04  -1.4132517e-03
   1.1533968e-01   1.4740687e-01   5.3039934e+00  -2.3294343e-03   2.3654123e-04  -1.7484434e-03
   8.3806028e-02   1.7882778e-01   5.3190233e+00  -2.1398069e-03   2.0870375e-04  -1.2584676e-03
   9.4211891e-02   1.6547115e-01   5.3396268e+00  -2.2416371e-03  -7.6651287e-05  -1.4023887e-03
   8.5400771e-02   1.5749342e-01   5.3446934e+00  -2.2412720e-03  -7.9738078e-05  -1.3360865e-03
   1.0563071e-01   1.7908739e-01   5.3620757e+00  -2.2599122e-03   1.8898124e-04  -1.5654884e-03
   1.1050892e-01   1.4605801e-01   5.3680809e+00  -2.0511782e-03   4.6014541e-04  -1.6958719e-03
   1.0659646e-01   1.5480862e-01   5.3862028e+00  -2.3862335e-03   1.0111710e-04  -1.6636129e-03
   1.1394640e-01   1.5839910e-01   5.3885465e+00  -1.8734531e-03   4.8037901e-04  -2.1332314e-03
   1.0559113e-01   1.6264662e-01   5.3798968e+00  -1.9766097e-03   4.3630392e-04  -1.6472811e-03
   1.3935351e-01   1.6229041e-01   5.3769804e+00  -2.4256703e-03   4.8772989e-04  -1.9136478e-03
   1.3008155e-01   1.3092431e-01   5.3835272e+00  -1.9105925e-03   8.5019192e-04  -2.0456466e-03
   1.3576302e-01   1.5076191e-01   5.3813448e+00  -2.4741160e-03   6.3190083e-04  -2.1771860e-03
   1.3904016e-01   1.4779594e-01   5.4152359e+00  -1.7399758e-03   8.7413643e-04  -2.2261184e-03
   1.2313256e-01   1.3467720e-01   5.4200000e+00  -2.2711203e-03   8.1498867e-04  -1.7608157e-03
   1.3222448e-01   1.5939254e-01   5.4256370e+00  -2.1225938e-03   3.8025100e-04  -1.9220785e-03
   1.2686366e-01   1.5198314e-01   5.4351617e+00  -2.1138242e-03   7.8368503e-04  -1.6544698e-03
   1.2577430e-01   1.5410221e-01   5.4601954e+00  -1.9639638e-03   7.0133811e-04  -1.6763653e-03
   1.3046830e-01   1.5796776e-01   5.4758029e+00  -1.9829861e-03   9.3277304e-04  -1.7211129e-03
   1.2705839e-01   1.6346164e-01   5.4788577e+00  -2.5016434e-03   5.6228875e-04  -2.0436446e-03
   1.1528484e-01   1.5055640e-01   5.4911795e+00  -1.8916364e-03   4.2821341e-04  -1.7637251e-03
   1.3582314e-01   1.4249803e-01   5.5049834e+00  -2.0974952e-03   7.6990227e-04  -1.7816742e-03
   1.4226643e-01   1.6592996e-01   5.5253082e+00  -1.8030815e-03   5.3742915e-04  -2.3760455e-03
   1.2439535e-01   1.6390451e-01   5.5134675e+00  -2.4406060e-03   6.0627801e-04  -1.7727983e-03
   1.3343951e-01   1.4803566e-01   5.5223192e+00  -2.4116080e-03   7.1745451e-04  -1.6243314e-03
   1.3155261e-01   1.5787732e-01   5.5419453e+00  -2.5368152e-03   5.6621565e-04  -1.8230760e-03
   1.1789789e-01   1.4996937e-01   5.5681443e+00  -2.0328362e-03   3.8687294e-04  -1.5838131e-03
   1.2566220e-01   1.5540706e-01   5.5636992e+00  -2.1812829e-03   6.6085566e-04  -1.8100102e-03
   1.3962605e-01   1.6642088e-01   5.5508343e+00  -2.6716973e-03   4.6451591e-04  -1.9905799e-03
   1.3558305e-01   1.5454905e-01   5.5732288e+00  -2.0549518e-03   6.3127851e-04  -1.7216880e-03
   1.2301887e-01   1.5828843e-01   5.5852148e+00  -2.3868856e-03   7.5391473e-04  -1.6251431e-03
   1.2917195e-01   1.6156195e-01   5.5954593e+00  -2.3416350e-03   7.0852651e-04  -1.5879231e-03
   1.2019456e-01   1.7312481e-01   5.6217722e+00  -1.8891723e-03   8.3190973e-04  -1.6252857e-03
   1.1838876e-01   1.6057367e-01   5.6186912e+00  -2.6854471e-03   7.1962794e-04  -1.7326244e-03
   1.2577911e-01   1.6376191e-01   5.6520946e+00  -2.1803909e-03   5.9447977e-04  -1.7382596e-03
   1.4313251e-01   1.5463184e-01   5.6461002e+00  -2.4204986e-03   5.2714158e-04  -2.2461340e-03
   1.2411746e-01   1.6294117e-01   5.6628483e+00  -2.1979754e-03   7.1487123e-05  -1.5029054e-03
   1.4298389e-01   1.2914587e-01   5.6658440e+00  -2.8879770e-03   1.2595109e-03  -1.1449911e-03
   1.2263103e-01   1.5857182e-01   5.7045369e+00  -3.2543410e-03   4.0801901e-04  -1.5344930e-03
   1.1816063e-01   1.3708675e-01   5.7067302e+00  -2.6554289e-03   8.6543245e-04  -1.6628946e-03
   1.1053790e-01   1.3833491e-01   5.7317049e+00  -1.6889263e-03   5.9129294e-04  -1.4526194e-03
   1.1484277e-01   1.7883786e-01   5.7221630e+00  -2.4167383e-03   7.9044575e-04  -1.2707106e-03
   1.2565877e-01   1.8141729e-01   5.6942024e+00  -2.7356176e-03   3.6460232e-04  -1.5856665e-03
   1.2950783e-01   1.7585926e-01   5.7043096e+00  -2.6648403e-03   6.1719219e-04  -1.6127535e-03
   1.3214562e-01   1.6069398e-01   5.7275136e+00  -2.6536766e-03  -2.4674539e-05  -2.1141517e-03
   1.2057202e-01   1.7317697e-01   5.7662726e+00  -2.1646583e-03   7.0654989e-04  -1.6859632e-03
   1.4155820e-01   1.5082871e-01   5.7673806e+00  -2.3568605e-03   4.7007533e-04  -2.1841061e-03
   1.1573254e-01   1.5975638e-01   5.8132968e+00  -1.9193443e-03   1.2853411e-03  -1.9610161e-03
   8.7119787e-02   1.5000707e-01   5.8348579e+00  -2.4780092e-03   1.3236132e-03  -1.7231936e-03
   1.0092686e-01   1.6217143e-01   5.8479425e+00  -1.6792774e-03   1.3172804e-03  -1.6518972e-03
   9.3048925e-02   1.4847396e-01   5.8546317e+00  -1.5702125e-03   7.7702918e-04  -1.3098315e-03
   1.1030555e-01   1.7170191e-01   5.8399182e+00  -1.8390545e-03   9.8567811e-04  -1.6582008e-03
   1.0398291e-01   1.7083694e-01   5.8233793e+00  -2.8542697e-03   7.6224985e-04  -1.3980192e-03
   9.2953908e-02   1.8152337e-01   5.8402469e+00  -2.4769816e-03   7.8463349e-04  -1.3470898e-03
   1.0601639e-01   1.5956213e-01   5.8778524e+00  -1.8316802e-03   7.5816015e-04  -1.5798077e-03
   1.0707518e-01   1.7129023e-01   5.8773860e+00  -2.2793130e-03   3.0847043e-04  -1.4500657e-03
   1.0983685e-01   1.4496489e-01   5.8731826e+00  -2.3355753e-03   5.0879880e-04  -1.6274998e-03
   1.1270922e-01   1.5477209e-01   5.8719527e+00  -2.4692423e-03   3.4086294e-04  -1.5853514e-03
   1.0899879e-01   1.6157624e-01   5.8731228e+00  -2.3662516e-03   5.8943047e-05  -1.9045229e-03
   1.1538574e-01   1.5430488e-01   5.8840771e+00  -2.5778376e-03   6.5680887e-04  -1.6710100e-03
   1.0870664e-01   1.5934682e-01   5.8814288e+00  -3.3470729e-03   4.6009951e-05  -1.7886749e-03
   9.5399513e-02   1.5582137e-01   5.9268301e+00  -2.2832332e-03   1.2344946e-04  -1.1916182e-03
   1.0847173e-01   1.5259964e-01   5.9325192e+00  -2.9068882e-03   3.4079131e-04  -1.1768558e-03
   9.7395497e-02   1.6556796e-01   5.9519824e+00  -2.4315480e-03   2.3883448e-04  -1.5233073e-03
   1.1474949e-01   1.6892054e-01   5.9580213e+00  -2.5085509e-03   2.6144868e-04  -1.7098246e-03
   1.1524422e-01   1.5692588e-01   5.9728783e+00  -2.6081611e-03   4.7748105e-04  -1.7792347e-03
   1.2220123e-01   1.6084275e-01   5.9532300e+00  -3.6107664e-03   3.1364744e-04  -1.6696605e-03
   1.0753438e-01   1.3862907e-01   5.9892304e+00  -2.6719582e-03   5.1130247e-04  -1.3261322e-03
   1.1657575e-01   1.4706648e-01   6.0195433e+00  -2.5866719e-03   2.2407339e-04  -1.5916716e-03
   1.2951742e-01   1.3797547e-01   6.0098389e+00  -2.4097712e-03   2.3895725e-04  -1.7668245e-03
   1.2673826e-01   1.6385207e-01   6.0116857e+00  -3.3409620e-03   5.5258579e-04  -1.7431953e-03
   1.2794595e-01   1.4082419e-01   6.0123753e+00  -3.0117709e-03   4.1020341e-04  -1.4998904e-03
   1.1828091e-01   1.4387697e-01   6.0107714e+00  -3.4819798e-03   1.3862940e-04  -1.4106240e-03
   1.2317245e-01   1.6094513e-01   6.0308893e+00  -3.0184839e-03   4.5341289e-04  -1.3823142e-03
   1.2413601e-01   1.5877602e-01   6.0439001e+00  -2.8358948e-03  -1.1852892e-04  -1.6334746e-03
   1.3203565e-01   1.5904906e-01   6.0136750e+00  -3.3210866e-03   1.4737813e-04  -1.7625948e-03
   1.1807212e-01   1.6664463e-01   6.0437571e+00  -3.1169887e-03  -1.1667800e-04  -1.3563319e-03
   1.2213076e-01   1.6875154e-01   6.0470615e+00  -3.2887904e-03   5.1589097e-04  -1.7878841e-03
   1.1876056e-01   1.6179273e-01   6.0907900e+00  -2.4344688e-03  -3.2523490e-07  -1.3711788e-03
   1.1891438e-01   1.5579893e-01   6.0695784e+00  -3.1365152e-03  -3.7963779e-05  -1.6335908e-03
   1.2529488e-01   1.5625730e-01   6.0889720e+00  -3.2419459e-03   4.9232279e-05  -1.8582107e-03
   1.3146325e-01   1.5353460e-01   6.1143189e+00  -2.6826107e-03   2.4592302e-05  -1.6538836e-03
   1.2020393e-01   1.6861324e-01   6.1391013e+00  -2.9290226e-03  -2.7450134e-05  -1.4772585e-03
   1.2281613e-01   1.6686162e-01   6.1551230e+00  -2.8856757e-03   2.1388563e-04  -1.5089746e-03
   1.2635571e-01   1.6874210e-01   6.1551383e+00  -2.9894461e-03   5.5936431e-04  -1.4756449e-03
   1.1848863e-01   1.6912430e-01   6.1487792e+00  -3.6525151e-03   9.5199297e-05  -1.5193225e-03
   1.2055334e-01   1.7381921e-01   6.1611376e+00  -3.3611139e-03   1.5390341e-04  -1.3503713e-03
   1.2752587e-01   1.5325940e-01   6.1549138e+00  -3.7255502e-03   3.1693869e-04  -1.3103967e-03
   1.3305845e-01   1.4182347e-01   6.1725484e+00  -3.1953550e-03   2.2821465e-04  -1.5424957e-03
   1.2360890e-01   1.6421657e-01   6.1806514e+00  -3.2969069e-03   1.7724081e-04  -1.5218432e-03
   1.4237166e-01   1.5890410e-01   6.2065652e+00  -2.8444646e-03   2.3176938e-04  -1.7190270e-03
   1.2563545e-01   1.6264210e-01   6.2275104e+00  -2.9617658e-03   9.1932012e-05  -1.4052478e-03
   1.1830586e-01   1.4105957e-01   6.2339554e+00  -3.0029276e-03   1.3869192e-04  -1.6222149e-03
   1.2026358e-01   1.6524797e-01   6.2470386e+00  -3.0595862e-03  -1.5212913e-04  -1.4388651e-03
   1.2623573e-01   1.4354054e-01   6.2660008e+00  -2.9133880e-03  -1.4840604e-05  -1.6252017e-03
   1.2900617e-01   1.7499381e-01   6.2586521e+00  -3.7514036e-03   6.6811629e-05  -1.4006021e-03
   1.2791719e-01   1.6342727e-01   6.2581645e+00  -3.1261752e-03   2.2037721e-04  -1.6922546e-03
   1.1598257e-01   1.7748182e-01   6.2811279e+00  -3.1117000e-03   1.4470923e-04  -1.0838482e-03
   1.3438814e-01   1.7058664e-01   6.2888523e+00  -2.9840917e-03   6.7818914e-05  -1.6193475e-03
   1.2687712e-01   1.6667581e-01   6.2885214e+00  -3.1116946e-03  -1.1987765e-04  -1.5840235e-03
   1.1697089e-01   1.5978498e-01   6.2993959e+00  -3.0184375e-03   2.1295210e-05  -1.2484889e-03
   1.3686964e-01   1.5289605e-01   6.3145978e+00  -2.7481280e-03   2.0531110e-04  -1.5354836e-03
   1.2834542e-01   1.5682327e-01   6.3347994e+00  -2.3773890e-03  -1.6003031e-04  -1.7640301e-03
   1.2633159e-01   1.6047869e-01   6.3369156e+00  -2.8559325e-03  -4.2637451e-05  -1.4499805e-03
   1.6278226e-01   1.6540393e-01   6.3271019e+00  -3.5835048e-03   5.8752801e-04  -1.4589422e-03
   1.1246032e-01   1.5255432e-01   6.3585698e+00  -3.4928525e-03   3.4725706e-04  -1.2648002e-03
   1.3209620e-01   1.1222066e-01   6.3693520e+00  -3.0565167e-03   4.3366024e-04  -1.7255261e-03
   1.3220125e-01   1.4601016e-01   6.3772102e+00  -3.2224830e-03   2.0874758e-04  -1.6191053e-03
   1.3135873e-01   1.6383021e-01   6.3658847e+00  -3.1883929e-03   1.3830706e-04  -1.8470638e-03
   1.4634223e-01   1.7766807e-01   6.3836376e+00  -3.3252947e-03   5.2271694e-04  -1.9471610e-03
   1.3219156e-01   1.7468114e-01   6.3826944e+00  -3.0643633e-03   3.3612092e-04  -2.0217679e-03
   1.2844742e-01   1.5298713e-01   6.4024186e+00  -2.8910813e-03   1.4747560e-04  -1.6456544e-03
   1.2353348e-01   1.6596125e-01   6.3841359e+00  -3.5044258e-03   3.0303393e-04  -1.5039175e-03
   1.3707791e-01   1.7082762e-01   6.4211369e+00  -2.5352595e-03   1.2109218e-04  -1.8665251e-03
   1.1908633e-01   1.7765690e-01   6.4156706e+00  -3.4395463e-03   1.4203731e-04  -9.9165415e-04
   1.2812389e-01   1.7125527e-01   6.4296935e+00  -3.1754819e-03  -9.8369744e-05  -1.3814583e-03
   1.3380660e-01   1.4284664e-01   6.4347838e+00  -3.0286131e-03  -1.7222744e-05  -1.8876313e-03
   1.4419067e-01   1.5405975e-01   6.4488354e+00  -3.1016275e-03   2.3505632e-04  -1.6622586e-03
   1.2712300e-01   1.7886118e-01   6.4577178e+00  -3.2372629e-03   3.3537234e-04  -1.4477468e-03
   1.2738156e-01   1.5968644e-01   6.4807614e+00  -3.3309916e-03   2.3223637e-04  -1.4306482e-03
   1.4374736e-01   1.6837903e-01   6.4771350e+00  -3.6816065e-03   3.3683556e-04  -1.6917936e-03
   1.2245957e-01   1.7297108e-01   6.4962975e+00  -3.3811647e-03  -2.0377665e-04  -1.3995558e-03
   1.3435854e-01   1.7789032e-01   6.4947470e+00  -3.3582796e-03   7.0514510e-04  -1.6751032e-03
   1.4685801e-01   1.5535110e-01   6.5026091e+00  -3.5498377e-03   6.1740973e-04  -1.6665454e-03
   1.3606069e-01   1.5085842e-01   6.5442115e+00  -2.8555814e-03   4.5031346e-04  -1.5600788e-03
   1.3272404e-01   1.8170938e-01   6.5507246e+00  -2.9536141e-03   3.2483774e-04  -1.3599810e-03
   1.2523702e-01   1.8149165e-01   6.5258821e+00  -3.4880821e-03   4.0438433e-04  -1.2536308e-03
   1.4411170e-01   1.4980000e-01   6.5262018e+00  -3.7065856e-03   2.3589543e-04  -1.7048960e-03
   1.3991539e-01   1.4955363e-01   6.5241575e+00  -3.5544232e-03   1.0901648e-04  -1.6528031e-03
   1.4268920e-01   1.6675299e-01   6.5243806e+00  -3.9122364e-03   9.4627117e-06  -1.7242033e-03
   1.2880455e-01   1.6132754e-01   6.5772542e+00  -3.0034619e-03   4.4208980e-05  -1.2695697e-03
   1.3282680e-01   1.6930497e-01   6.5750443e+00  -3.0100187e-03  -3.3370006e-04  -1.3316343e-03
   1.2814958e-01   1.8034762e-01   6.5705744e+00  -3.6290849e-03  -1.9299024e-04  -1.3141532e-03
   1.3872700e-01   1.4462242e-01   6.5893083e+00  -3.5495679e-03   3.9786124e-04  -1.6277275e-03
   1.4184233e-01   1.8290253e-01   6.6228754e+00  -3.1384804e-03   3.3489465e-04  -1.7315695e-03
   1.3783769e-01   1.5942728e-01   6.6013872e+00  -3.6648688e-03  -7.0027752e-05  -1.8148730e-03
   1.2525830e-01   1.5826826e-01   6.6071542e+00  -3.6368663e-03  -4.2748405e-05  -1.2276470e-03
   1.4798846e-01   1.5235187e-01   6.6088313e+00  -3.9132810e-03  -7.4613284e-05  -1.8594475e-03
   1.4464823e-01   1.6804647e-01   6.6460027e+00  -3.5599751e-03   1.0518456e-05  -1.7227594e-03
   1.3990123e-01   1.7437269e-01   6.6565542e+00  -3.5327236e-03   1.6943966e-04  -1.3966544e-03
   1.3876270e-01   1.7448623e-01   6.6567997e+00  -3.3182366e-03   1.4423598e-04  -1.5203327e-03
   1.4094250e-01   1.5229043e-01   6.6642753e+00  -3.7992381e-03  -1.0858171e-04  -1.5911061e-03
   1.5009423e-01   1.5601276e-01   6.6807024e+00  -3.4820835e-03   1.8816374e-04  -1.5456849e-03
   1.4986095e-01   1.6863673e-01   6.6736385e+00  -3.3663953e-03   1.9830752e-04  -1.5177666e-03
   1.3503368e-01   1.6550486e-01   6.7024739e+00  -3.1439844e-03  -2.1590381e-04  -1.4355155e-03
   1.4609368e-01   1.6744461e-01   6.7126689e+00  -3.2555124e-03  -7.8622969e-05  -1.7646629e-03
   1.4239794e-01   1.6841163e-01   6.7092983e+00  -3.0566891e-03  -2.2387173e-04  -1.5944936e-03
   1.4991527e-01   1.6932945e-01   6.7142089e+00  -3.2824478e-03  -1.9202176e-04  -1.8050546e-03
   1.4322736e-01   1.7284394e-01   6.7296593e+00  -3.1217471e-03  -4.4486602e-04  -1.8512036e-03
   1.4936658e-01   1.8486716e-01   6.7270766e+00  -3.5632023e-03   1.1147477e-04  -1.6711439e-03
   1.4424654e-01   1.8792590e-01   6.7438782e+00  -3.4780596e-03  -8.6478378e-05  -1.7507668e-03
   1.4463942e-01   1.7547391e-01   6.7781767e+00  -2.9169407e-03  -1.7551215e-04  -1.5746128e-03
   1.3365817e-01   1.5292628e-01   6.7788299e+00  -3.2778351e-03  -3.1325951e-04  -1.6852918e-03
   1.4242432e-01   1.4349865e-01   6.8471244e+00  -3.6778427e-03   1.6864340e-04  -1.3454373e-03
   1.2900327e-01   1.6536891e-01   6.9101465e+00  -4.3060262e-03   8.3831376e-04  -1.6168368e-03
   1.1358055e-01   1.3310722e-01   6.8762110e+00  -4.1212119e-03   4.4034637e-04  -1.6681811e-03
   1.2241444e-01   1.6801969e-01   6.8985760e+00  -2.8033874e-03   2.3202070e-05  -2.1338354e-03
   1.3263038e-01   1.7454646e-01   6.8827628e+00  -3.4934662e-03   2.1884432e-04  -2.0897925e-03
   1.3789317e-01   1.7347130e-01   6.8785238e+00  -4.0414381e-03   3.4211043e-04  -2.1869291e-03
   1.4009815e-01   1.6588154e-01   6.8746526e+00  -4.1556343e-03   2.2641313e-04  -2.1536778e-03
   1.3441614e-01   1.8364333e-01   6.8778179e+00  -4.4076834e-03   1.7084604e-04  -1.9547256e-03
   1.4012441e-01   1.8845864e-01   6.8782251e+00  -4.2980981e-03  -1.3385556e-04  -2.2506009e-03
   1.2534898e-01   1.7072680e-01   6.9087972e+00  -3.9390278e-03  -1.8563857e-04  -1.6994549e-03
   1.2953749e-01   1.7131654e-01   6.9067748e+00  -4.6449124e-03   1.6188202e-04  -1.9551748e-03
   1.3485042e-01   1.5232281e-01   6.9292466e+00  -3.8977026e-03   9.0578321e-05  -2.0727402e-03
   1.4609172e-01   1.7075317e-01   6.9311285e+00  -4.1130745e-03   2.6472619e-04  -2.3339192e-03
   1.3056512e-01   1.7852865e-01   6.9280344e+00  -4.3014642e-03  -3.1394887e-05  -1.9412035e-03
   1.3647587e-01   2.0927135e-01   6.9460604e+00  -4.0831623e-03  -9.1885111e-05  -2.2547815e-03
   1.2361064e-01   1.7003726e-01   6.9620091e+00  -3.8131611e-03   7.5035897e-05  -1.6731870e-03
   1.4330474e-01   1.7862883e-01   6.9569754e+00  -4.6298983e-03   2.0794995e-04  -2.2196040e-03
   1.5164140e-01   1.8784105e-01   6.9964660e+00  -3.9947032e-03   9.0035101e-05  -2.4071289e-03
   1.4604848e-01   1.8146330e-01   6.9979338e+00  -4.3226091e-03  -9.1697024e-05  -2.0566323e-03
   1.5611853e-01   1.7249903e-01   7.0069955e+00  -3.9780840e-03   2.8274841e-04  -2.0624588e-03
   1.5183431e-01   1.6666535e-01   7.0418786e+00  -3.5985333e-03   3.8671327e-04  -2.4294066e-03
   1.5147123e-01   1.7153483e-01   7.0489474e+00  -3.1132534e-03   5.0742162e-04  -2.4682683e-03
   1.4353882e-01   1.7337466e-01   7.0326468e+00  -3.8263183e-03   2.6962279e-04  -2.1924193e-03
   1.3283737e-01   1.7830336e-01   7.0214844e+00  -4.0998975e-03   3.5805262e-04  -1.8151242e-03
   1.3991701e-01   2.0138874e-01   7.0429040e+00  -4.1670866e-03   2.9081309e-04  -1.9765459e-03
   1.4589900e-01   2.0061823e-01   7.0501500e+00  -4.2959610e-03   3.1881989e-04  -2.2294579e-03
   1.5027671e-01   1.7948831e-01   7.0609806e+00  -3.9647985e-03   3.4485849e-04  -1.9993152e-03
   1.4699839e-01   1.6608353e-01   7.0764410e+00  -4.2711247e-03   4.5517243e-04  -2.0558792e-03
   1.4243829e-01   1.5678233e-01   7.0806921e+00  -4.3227166e-03   4.1216772e-04  -2.1132474e-03
   1.5855103e-01   1.9591342e-01   7.1110167e+00  -3.7821008e-03   5.0895596e-04  -2.2889264e-03
   1.4651877e-01   1.8844731e-01   7.1091780e+00  -3.8744658e-03   2.2374300e-04  -2.2137626e-03
   1.4851676e-01   1.7933720e-01   7.1043489e+00  -4.2825249e-03   1.9124124e-04  -2.1952577e-03
   1.4209117e-01   1.6786881e-01   7.1172969e+00  -3.7400502e-03   1.9360837e-04  -2.0444220e-03
