  -6.4039049e-15   0.0000000e+00   6.4992994e-15   1.0964072e-17   6.2092179e-20   2.4074124e-35
   1.8604915e-02  -4.2490876e-02   2.6131867e-02   6.8899313e-04   5.5364577e-06  -6.7220023e-04
  -1.0335186e-02   2.9990116e-03  -1.8138113e-02  -2.3164630e-04  -1.1107037e-04  -3.9981384e-04
  -1.5014104e-02  -1.4440002e-02  -7.9906840e-02  -1.3782280e-03   2.1848811e-05   7.5115882e-06
  -2.3579842e-02   1.0478872e-02  -8.3855567e-02  -1.0071598e-03  -4.1284859e-04  -1.4880876e-04
  -7.3715614e-03  -5.0686207e-03  -9.5935909e-02  -4.3716166e-04  -2.5413050e-04  -2.5586823e-04
  -1.4681935e-03  -3.4929454e-02  -1.2225029e-01  -9.6198578e-04   5.8274415e-05  -1.2515206e-05
  -3.1059272e-03  -4.1306121e-02  -1.6120155e-01  -1.4983908e-03  -2.1069213e-04   8.9543945e-05
  -4.2478411e-03  -4.9256676e-02  -1.4203900e-01  -7.0460211e-04  -1.0976431e-04  -3.0236193e-05
   1.0377147e-02  -1.5946563e-02  -1.2287647e-01  -2.5670140e-04  -3.7709988e-04  -2.6842947e-04
  -1.4629367e-02  -5.4916520e-02  -1.5512802e-01  -1.6182826e-03  -6.4402612e-05   2.6726797e-04
   6.1546794e-03  -3.7240041e-02  -1.6026344e-01  -1.3444580e-03  -5.1534533e-05  -9.3005208e-05
  -1.8229865e-02  -3.5056435e-02  -1.5559658e-01  -7.1979758e-04  -1.1750472e-03  -9.2189026e-05
  -1.0970860e-02  -7.1446636e-02  -1.4427099e-01  -7.4054522e-04  -2.8268312e-04   9.1820338e-05
  -1.8702661e-02  -3.2583250e-02  -1.0411662e-01   4.5459494e-04   7.1952122e-05   2.3797451e-06
  -3.0395643e-03  -3.4964702e-03  -1.1504232e-01  -4.8238947e-04  -5.7138377e-04  -8.4726808e-05
  -9.4796035e-03  -3.7612886e-02  -1.3000112e-01  -9.0421573e-04   1.3996998e-04   1.6344718e-04
  -1.0245717e-02  -4.0050995e-02  -1.0290083e-01  -2.3611107e-04  -1.9023364e-04   1.9034473e-04
  -1.5245279e-02  -5.5703576e-02  -1.2148195e-01  -3.3982518e-04  -2.5295168e-04  -6.4348989e-05
  -3.7837022e-02  -4.3692754e-02  -1.2851611e-01  -3.6628146e-04  -4.4458240e-04   5.2449384e-04
  -1.9755899e-02  -5.3326867e-02  -1.2859156e-01   1.1025374e-04   1.1575350e-04   2.9929600e-04
  -2.1066157e-02  -3.8237910e-02  -1.6634289e-01  -2.9525534e-04  -1.2006214e-04   5.3923802e-04
  -2.9495570e-02  -5.3035996e-02  -1.9269633e-01  -9.3966081e-04  -4.8341926e-04   1.3476619e-04
  -2.9008848e-02  -5.1765123e-02  -2.0941064e-01  -1.1476017e-03  -8.2952784e-04   2.7531128e-04
  -1.8280683e-02  -8.3186488e-02  -2.3286739e-01  -1.1427359e-03  -8.5726518e-04   5.2106143e-04
  -1.2372259e-02  -5.1917991e-02  -2.1410367e-01  -4.5193212e-04  -1.0160212e-03   4.8195537e-04
  -2.0257310e-02  -5.7311237e-02  -1.9332301e-01  -5.0598879e-04  -3.7318036e-04   3.3816594e-04
  -5.3117220e-03  -4.6599551e-02  -2.0126912e-01  -7.3905700e-04  -4.7048301e-04  -1.8302189e-04
  -1.8890177e-02  -6.0399635e-02  -1.9276184e-01  -3.6139229e-04  -2.6117498e-04   4.8166892e-04
  -1.8925339e-02  -5.4001900e-02  -2.0762671e-01   5.4574570e-05  -5.5451309e-04   1.5341894e-04
  -2.1053394e-02  -8.5377714e-02  -2.1097488e-01  -6.2744045e-04  -7.9404805e-04   4.3836421e-04
  -3.3555177e-02  -8.7656731e-02  -2.2340046e-01  -7.6061309e-04  -5.6097802e-04   5.5760350e-04
  -2.9306054e-02  -6.9223358e-02  -2.1555082e-01  -7.3310504e-04  -6.8065287e-04   5.3861357e-04
  -1.5910856e-02  -1.2061088e-01  -2.0788286e-01  -6.6155745e-04  -1.0979197e-03   9.2956584e-05
  -3.6062812e-03  -9.3084844e-02  -1.9512635e-01  -4.3782684e-04  -3.7268379e-04  -7.5458896e-05
  -3.5221150e-02  -7.7504647e-02  -2.0380323e-01  -6.1193184e-04  -8.1139396e-04   7.5819046e-04
  -1.0313080e-02  -9.3191534e-02  -1.8887708e-01  -3.8825397e-04  -8.3754534e-04   6.1773626e-04
  -1.8263623e-02  -7.0367825e-02  -2.3752002e-01  -5.3634214e-04  -6.5048600e-04   2.9680994e-04
  -1.7140918e-02  -7.2681819e-02  -1.9907415e-01   3.9987406e-04  -4.7241792e-04   2.0664390e-04
  -2.0353763e-02  -8.1270108e-02  -2.3156191e-01  -4.9502804e-04  -4.1099119e-04   1.9275633e-04
  -2.0376345e-02  -6.0044335e-02  -2.0939839e-01  -6.7100725e-05  -4.5324320e-04   3.2519322e-04
  -3.7055846e-02  -8.2487563e-02  -2.3235628e-01  -5.0195021e-04  -7.4883316e-04   6.1366709e-04
  -3.8155602e-02  -1.0594782e-01  -2.3303125e-01   3.4431113e-04  -8.1819751e-04   7.3032880e-04
  -1.9893960e-02  -1.0341875e-01  -2.0522481e-01   5.8354187e-04  -1.6317639e-04   2.8831761e-04
  -2.3969567e-02  -9.7117878e-02  -1.9911915e-01   2.7420456e-04  -2.5907919e-05   6.2241853e-04
  -3.4091088e-02  -7.6430160e-02  -2.0482944e-01   3.1346231e-04  -7.2692688e-04   7.6574389e-04
  -2.1274469e-02  -9.2706733e-02  -2.2899807e-01  -3.6764889e-04  -1.0937131e-03   2.9146178e-04
  -2.6823003e-02  -1.0902281e-01  -2.2930904e-01   1.5029231e-04  -4.4079061e-04   8.4669510e-04
  -1.0270632e-02  -8.1487731e-02  -2.3828449e-01  -3.3946744e-04  -8.0392386e-04   3.8074140e-05
  -5.4243329e-02  -9.3707642e-02  -2.0950961e-01  -4.5154800e-04  -1.3605366e-03   5.1685922e-04
  -4.8411163e-02  -8.0780652e-02  -2.0179944e-01  -5.8695713e-04  -4.3745603e-04   7.8968282e-05
  -3.7404065e-02  -8.6843061e-02  -1.8967331e-01  -3.6193354e-04  -5.9426337e-04   1.4066125e-04
  -4.8556995e-02  -8.0922140e-02  -1.7629445e-01  -4.9212887e-05  -3.0910356e-04   3.3706813e-04
  -4.0634367e-02  -6.5631458e-02  -2.0245919e-01  -3.1078354e-04  -3.8341408e-04   1.0835679e-04
  -2.4454117e-02  -6.6063980e-02  -2.4473798e-01  -1.2516420e-03  -4.9999260e-04   2.1561844e-04
  -4.1294533e-02  -6.9181717e-02  -2.3759979e-01  -4.2146728e-04  -1.1003396e-03   1.3508612e-04
  -3.5976236e-02  -1.0137133e-01  -2.6533289e-01  -9.7704375e-04  -4.7516048e-04   3.1481509e-04
  -3.7783217e-02  -1.0632773e-01  -2.6026327e-01  -7.2221242e-04  -4.4642487e-04   1.5028150e-04
  -4.4603461e-02  -9.2660581e-02  -2.4789264e-01  -4.3453796e-04  -7.2221461e-04   8.7206636e-04
  -3.2625713e-02  -1.2928484e-01  -2.0066584e-01  -1.9226701e-04  -1.7789549e-04   4.5940135e-04
  -6.6967755e-02  -1.2266604e-01  -1.8593199e-01  -5.5012074e-04  -7.1892583e-04   6.9520575e-04
  -4.0104856e-02  -9.7657816e-02  -1.8685941e-01  -7.6365272e-04   5.8416563e-06   2.6892769e-04
  -4.2877615e-02  -9.5094772e-02  -1.7452147e-01   3.0918548e-04  -4.3671647e-04   4.0054289e-04
  -3.6421272e-02  -9.7683820e-02  -1.8808462e-01   2.6239478e-04  -3.3660313e-04   4.9130470e-04
  -2.4699435e-02  -9.1937149e-02  -2.1638274e-01   2.6151727e-04  -8.2631169e-04   1.6256833e-04
  -2.0992237e-02  -1.0411820e-01  -2.3274130e-01   5.4100652e-05  -2.9510667e-04   1.7341653e-04
  -3.2873239e-02  -1.0253217e-01  -2.6273959e-01  -4.7248107e-04  -4.0947853e-04   5.5652226e-04
  -2.1920711e-02  -8.4528691e-02  -2.2461348e-01  -5.7530911e-04  -3.4761465e-04   1.2606376e-04
  -3.1731165e-02  -8.7047671e-02  -1.9292605e-01   3.1164967e-04  -2.2539516e-04   6.7874664e-04
  -6.9884354e-02  -1.0766372e-01  -1.9775497e-01   5.5726345e-04  -8.4931987e-04   9.7059089e-04
  -3.4350182e-02  -1.1787372e-01  -2.0574018e-01   2.1360955e-04  -3.1654915e-04   2.6516643e-04
  -5.3344139e-02  -8.9151582e-02  -1.7611977e-01   2.0228634e-04  -3.6744130e-04   4.3267191e-04
  -4.4275837e-02  -1.3597068e-01  -1.7925736e-01   9.4193927e-04  -2.3306226e-04   5.6049247e-04
  -6.3073722e-02  -1.2212423e-01  -2.7369958e-01  -1.1840072e-03  -8.3215729e-04   6.7403474e-04
  -1.8715468e-01  -5.2271707e-01  -8.4853990e-01   1.0965145e-02   3.5866865e-03   1.3481349e-03
   4.3595590e-01  -4.2476659e-01  -8.5912038e-01  -4.5187039e-03  -3.5459442e-03   1.7179479e-03
   9.4314395e-02  -1.7324669e-01  -2.7272983e-01  -3.0436114e-03  -4.7172990e-03  -1.2079448e-04
   2.6383263e-02  -2.1242970e-01  -2.2323710e-01  -7.6340077e-03  -6.3446122e-03   1.1165881e-04
   4.9397469e-02  -1.9570601e-01  -2.0762907e-01  -8.7694981e-03  -5.5634604e-03   1.1631091e-05
   3.2176371e-02  -1.6681111e-01  -1.7894449e-01  -8.9786335e-03  -5.1669556e-03   6.7365022e-04
   6.4338230e-02  -1.5146345e-01  -1.4558379e-01  -8.9426947e-03  -5.2490424e-03  -3.4910347e-04
   2.6163647e-02  -1.4702984e-01  -1.3609772e-01  -8.6353308e-03  -5.2481297e-03   6.6075229e-04
   3.7706638e-02  -1.4628822e-01  -1.0377446e-01  -8.3571321e-03  -5.2658110e-03   2.0058444e-04
   3.9125779e-02  -1.0024619e-01  -7.0451735e-02  -7.8355308e-03  -5.1673665e-03   1.1907601e-04
   1.7270489e-02  -1.0092712e-01  -8.7171455e-02  -8.3567813e-03  -5.2409813e-03   9.3269772e-04
   3.4104612e-02  -8.0092257e-02  -7.1260167e-02  -7.6565131e-03  -5.3314088e-03   4.0495651e-04
   4.7419343e-02  -8.2483593e-02  -8.3463711e-02  -7.2910398e-03  -4.9083820e-03   3.2347129e-04
   3.4752076e-02  -1.1305945e-01  -9.3932659e-02  -7.3080257e-03  -5.0373507e-03   6.4268870e-04
   5.5417283e-02  -1.0987336e-01  -1.0230807e-01  -6.8828394e-03  -4.9622224e-03   2.2464224e-05
   6.3307635e-02  -8.7814134e-02  -9.2517005e-02  -6.8748751e-03  -4.2855558e-03   1.1298797e-04
   7.2990025e-02  -7.1262921e-02  -6.1105153e-02  -5.7522762e-03  -4.4493558e-03  -3.5119495e-06
   8.0625238e-02  -6.5536173e-02  -4.6014702e-02  -6.6520182e-03  -4.8760132e-03  -8.4487137e-04
   7.7575948e-02  -5.3731210e-02  -4.4629432e-02  -6.4186175e-03  -4.9571295e-03  -9.2837112e-04
   6.0926009e-02  -4.9824375e-02  -1.8477234e-02  -6.1017272e-03  -4.9890519e-03  -6.8297046e-04
   5.6089097e-02  -5.6315479e-02  -1.5819333e-02  -6.2787122e-03  -4.8610166e-03  -4.3463634e-04
   7.8706848e-02  -5.6389671e-02   1.9933851e-04  -5.5455705e-03  -4.3641859e-03  -8.3172303e-04
   5.8682258e-02  -6.2359810e-02  -2.4742579e-02  -6.0014791e-03  -5.1706425e-03  -2.4048610e-04
   4.9809177e-02  -8.6141782e-02  -1.1464880e-02  -6.0179632e-03  -4.5038069e-03   3.2256507e-06
   4.2294082e-02  -8.0826573e-02   1.4154004e-02  -5.7294278e-03  -4.6094691e-03   5.0191832e-07
   4.3623919e-02  -9.1172865e-02  -1.6911750e-02  -6.5063274e-03  -4.9949404e-03   6.3607284e-05
   4.5462782e-02  -5.0649644e-02   1.6407510e-02  -6.1635605e-03  -4.7822994e-03  -1.8736849e-04
   1.4070711e-02  -6.6388908e-02  -1.3887088e-02  -6.9529107e-03  -5.0299901e-03  -2.0875395e-04
   1.5335190e-02  -8.2269589e-02  -1.5966418e-04  -6.9359096e-03  -5.3087028e-03  -3.3023231e-04
   1.5480051e-02  -7.7426300e-02  -1.9013399e-04  -6.9151177e-03  -5.2886803e-03   4.2062456e-05
   3.9455385e-02  -9.7748623e-02   2.2847744e-02  -6.8091288e-03  -4.5320470e-03  -2.1619873e-04
   2.4296994e-02  -8.9388636e-02  -6.6957342e-04  -7.3032607e-03  -4.7910513e-03   1.5946695e-04
   3.1934794e-02  -1.0007720e-01   1.6032388e-02  -6.4216912e-03  -4.9879921e-03   1.4575778e-04
   5.3192793e-02  -8.1300891e-02   2.2603607e-02  -6.2669918e-03  -4.9246041e-03  -3.5897978e-04
   4.8613977e-02  -8.9050321e-02  -6.7911942e-04  -5.8351260e-03  -4.4755154e-03  -4.1120695e-04
   9.4486839e-02  -1.2992988e-01  -1.0890444e-01  -5.9009000e-03  -4.2243855e-03  -6.2676176e-04
   7.8301495e-02  -1.9442751e-01  -1.8379673e-01  -3.8337299e-03  -4.3186686e-03   6.5213499e-04
   9.9590186e-02  -1.5185396e-01  -1.2388030e-01  -4.1023194e-03  -4.3832268e-03  -4.0223256e-04
   4.7421116e-02  -1.0511758e-01   1.6001027e-02  -3.1833920e-03  -5.1295098e-03  -2.8870123e-04
  -1.3296434e-01  -3.0171653e-01  -1.0483711e+00  -1.1779786e-02  -5.3648425e-03  -1.8329650e-03
   2.1301894e-01  -5.3780668e-01  -4.5997496e-01   2.7085523e-02   5.4554074e-03  -6.4460786e-04
   8.0356377e-02  -8.9863315e-02  -7.3949891e-02   1.4791383e-02   2.7821635e-03  -1.3885263e-03
   6.7229341e-02  -9.5995217e-02  -7.7252345e-02   8.5179321e-03   6.1376820e-04  -1.4566102e-03
   7.1750342e-02  -6.0538273e-02  -1.6707443e-02   7.7203463e-03   6.0340883e-04  -1.1124326e-03
   8.6375102e-02  -4.1269706e-02   3.2742891e-02   7.5022871e-03   6.3073926e-04  -1.3342700e-03
   6.7691641e-02  -3.7901093e-02   4.8517233e-02   7.2306137e-03   1.1297041e-04  -1.4534646e-03
   7.9579462e-02  -2.1303826e-02   3.2000110e-02   6.4956691e-03   4.9770679e-04  -1.3883512e-03
   7.6951927e-02  -2.1443007e-02   4.6297417e-02   6.9010155e-03   4.5790589e-04  -1.2166530e-03
   8.2031510e-02  -3.9246443e-02   4.6706786e-02   6.3952897e-03   6.5011723e-04  -1.5975277e-03
   8.9680493e-02  -4.1598239e-02   7.1392817e-02   6.7729171e-03   5.5485946e-04  -1.7647653e-03
   9.3200666e-02  -2.3142124e-02   8.3061461e-02   6.8006923e-03   6.9446088e-04  -1.4811279e-03
   7.4526121e-02  -2.5981489e-02   5.9725261e-02   6.2512315e-03  -8.1481171e-05  -1.8023196e-03
   8.8683688e-02  -1.6092913e-02   9.6629250e-02   6.9978677e-03   2.2593729e-04  -1.5746532e-03
   7.4558627e-02  -2.1830506e-02   1.0112078e-01   6.5091061e-03  -9.5920043e-05  -1.4816243e-03
   8.6989157e-02  -8.7646612e-03   1.1719180e-01   6.9490259e-03   3.1558163e-04  -1.6817303e-03
   9.3328862e-02  -2.5488207e-02   1.3343128e-01   7.2491331e-03   5.5566080e-04  -1.4891093e-03
   1.0910274e-01  -1.4836074e-02   1.1486495e-01   6.4784161e-03   5.7319106e-04  -1.8443161e-03
   1.1096740e-01  -3.2606284e-02   1.3977300e-01   7.4422614e-03   6.6330930e-04  -1.8991314e-03
   8.5866959e-02  -1.1603365e-02   1.2249497e-01   6.7162918e-03   4.6426948e-05  -1.3906483e-03
   8.6074056e-02  -2.2532193e-02   1.3959783e-01   7.1819476e-03   2.2541540e-04  -1.4636511e-03
   8.9533656e-02  -1.1030433e-02   1.6541500e-01   7.6292236e-03   5.5352287e-04  -1.2385423e-03
   9.2515453e-02  -1.2674562e-02   1.7261695e-01   7.3233242e-03   3.2149444e-04  -1.8712826e-03
   7.8124944e-02  -1.3736412e-02   1.6285089e-01   6.8034469e-03   4.5014357e-04  -1.0762215e-03
   9.1813172e-02   2.5966322e-02   1.6944375e-01   7.2020191e-03   5.4752642e-04  -1.7413690e-03
   1.0239181e-01   1.9131175e-02   1.7320056e-01   6.9437411e-03   5.2032624e-04  -2.0728387e-03
   8.2798820e-02   7.5032278e-03   1.9745076e-01   6.8601305e-03   8.7822215e-04  -1.3023067e-03
   9.4872200e-02   4.9989128e-02   2.3819515e-01   7.0062449e-03   1.9248868e-04  -1.6881413e-03
   1.0788194e-01   4.1197312e-02   1.9080827e-01   6.3738001e-03   6.2813890e-04  -1.6178095e-03
   9.1837099e-02   2.3346704e-02   1.9327046e-01   6.3436454e-03   4.4497651e-04  -1.3068204e-03
   1.0984461e-01   2.7228560e-02   2.1407180e-01   6.6000183e-03   7.4859360e-04  -1.8493572e-03
   9.7428535e-02   3.4258071e-02   2.2849683e-01   6.7486404e-03   8.1944754e-04  -1.3757565e-03
   8.4493859e-02   2.9676128e-02   2.4203814e-01   6.6013424e-03   3.6038371e-04  -1.4870677e-03
   1.0610643e-01   1.4767721e-02   2.5415741e-01   7.0419678e-03   7.4328420e-04  -1.8339812e-03
   1.0144858e-01   1.8943138e-02   2.4486199e-01   6.6858759e-03   8.5352918e-04  -1.8118786e-03
   1.0859521e-01   5.0276059e-02   2.9330987e-01   7.4379995e-03   1.0387346e-03  -1.7238984e-03
   8.3408782e-02   1.9901896e-02   2.5104703e-01   6.8827247e-03   5.9720494e-04  -1.2842254e-03
   9.7603627e-02   1.5084217e-02   2.5875515e-01   7.3655489e-03   9.2326130e-04  -1.4809972e-03
   1.0973491e-01   1.6867540e-02   2.5535930e-01   7.1813204e-03   1.2663892e-03  -1.6448523e-03
   1.0123858e-01   2.7029209e-02   2.8518091e-01   7.9545268e-03   7.4207874e-04  -1.6532747e-03
   9.0571673e-02   3.5783126e-02   2.5726192e-01   7.3007169e-03   8.5361944e-04  -1.4383012e-03
   9.4924176e-02   1.5330676e-02   2.6727915e-01   7.7660747e-03   5.8426837e-04  -1.6825266e-03
   1.1285265e-01   2.5427081e-02   2.7057090e-01   7.3818146e-03   1.2764090e-03  -2.1240612e-03
   1.1743399e-01   1.5746987e-02   2.5507593e-01   6.8791433e-03   8.7463285e-04  -1.9905149e-03
   1.1023836e-01   7.9781214e-03   2.5589413e-01   6.7062050e-03   1.0349260e-03  -1.8083290e-03
   1.2864089e-01   1.1552400e-02   2.8411011e-01   7.5783542e-03   1.2898475e-03  -2.0304109e-03
   1.0592196e-01   2.4520484e-02   3.0158313e-01   7.6827772e-03   1.3642587e-03  -1.5828274e-03
   1.0866059e-01   3.2845999e-02   3.2552469e-01   7.9694153e-03   1.5483118e-03  -1.6915555e-03
   1.0103347e-01   2.7697195e-02   2.9493198e-01   7.2766336e-03   1.1022265e-03  -1.5008980e-03
   1.2818971e-01   2.7458999e-04   3.0208944e-01   7.3645047e-03   1.6055749e-03  -2.1462034e-03
   1.0770525e-01   2.2468327e-02   3.2712779e-01   7.7706749e-03   1.4497952e-03  -1.3584936e-03
   1.1437468e-01   3.8975262e-02   3.3328549e-01   7.4562658e-03   1.3235723e-03  -1.6627470e-03
   1.2242843e-01   1.8208589e-02   3.0532382e-01   6.5521043e-03   9.1215665e-04  -1.8263741e-03
   1.1891280e-01   4.4614649e-02   3.6926727e-01   7.9635335e-03   1.4630692e-03  -2.0399758e-03
   1.2984001e-01   5.3782604e-02   3.5381142e-01   7.4203002e-03   1.5509225e-03  -1.7205710e-03
   1.1492370e-01   5.9731486e-02   3.6923230e-01   7.9301671e-03   1.3711215e-03  -1.5679497e-03
   1.2957408e-01   4.8011619e-02   3.6092109e-01   7.8711530e-03   1.2755805e-03  -1.8559132e-03
   1.2971845e-01   4.5257152e-02   3.3756985e-01   7.2526931e-03   1.1339289e-03  -2.1959887e-03
   1.1500303e-01   4.7609370e-02   3.6396531e-01   7.8083259e-03   1.7530654e-03  -1.8434537e-03
   1.1351978e-01   5.1138741e-02   3.6342349e-01   7.7568596e-03   1.5139520e-03  -1.5923483e-03
   1.3372818e-01   7.3711827e-02   3.6607543e-01   7.6517264e-03   1.6489113e-03  -2.0324475e-03
   1.1650744e-01   5.8147683e-02   3.9633714e-01   7.7217093e-03   9.3715426e-04  -1.9090405e-03
   1.2508669e-01   7.4048297e-02   4.1045560e-01   7.6190193e-03   1.0747820e-03  -1.8921584e-03
   3.6950222e-02  -6.8120803e-03   3.6564208e-01   1.0235553e-02  -2.3012187e-03  -1.4780482e-03
   6.2927494e-02   1.2637300e-01   5.4802802e-01   5.2048281e-03  -3.0690966e-03  -2.8346806e-03
   8.7765410e-02   7.2027164e-02   5.3491038e-01   3.5241160e-03  -1.3315941e-03  -1.8832715e-03
   1.1026675e-01   1.1769698e-01   5.6347476e-01   3.4290204e-03  -1.2487194e-03  -2.8768795e-03
   1.0651747e-01   1.2250025e-01   5.6257723e-01   3.2377598e-03  -1.4377671e-03  -2.7727298e-03
   1.3909921e-01   1.3586414e-01   6.0105445e-01   4.3854902e-03  -9.7377979e-04  -3.3085132e-03
   1.2419086e-01   1.3728266e-01   5.6763953e-01   3.4070063e-03  -1.0518645e-03  -2.7775956e-03
   1.2275912e-01   1.4509808e-01   5.8428281e-01   4.1801042e-03  -8.3057358e-04  -2.8030091e-03
   1.3431778e-01   1.3762544e-01   6.1407502e-01   4.5911153e-03  -6.1504766e-04  -2.9644730e-03
   1.2377033e-01   1.3465036e-01   6.3231694e-01   4.6292118e-03  -1.1711087e-03  -3.0892826e-03
   1.2276372e-01   1.6842955e-01   6.2502234e-01   3.9950051e-03  -1.0259035e-04  -2.8382584e-03
   1.4155062e-01   1.5197605e-01   6.2897840e-01   3.2776385e-03  -2.8584222e-04  -2.5415353e-03
   1.2816232e-01   1.6460075e-01   6.4779232e-01   3.6388224e-03  -5.8724978e-04  -2.7474608e-03
   1.1615887e-01   1.5439094e-01   5.8573873e-01   2.6871253e-03  -9.7765457e-04  -2.3753318e-03
   1.3159371e-01   1.4514744e-01   5.9066761e-01   3.0987465e-03  -8.4108974e-04  -2.8526001e-03
   1.4655352e-01   1.3863517e-01   6.0802215e-01   2.8850324e-03  -4.0417017e-04  -3.0454266e-03
   1.2350228e-01   1.4260326e-01   6.1514757e-01   2.6568308e-03  -1.1099519e-03  -2.6657180e-03
   1.3174611e-01   1.5209893e-01   6.4409599e-01   3.5377627e-03  -6.7772287e-04  -2.6623816e-03
   1.1692718e-01   1.3205972e-01   6.4345487e-01   3.2961446e-03  -8.2483506e-04  -2.4760731e-03
   1.4475653e-01   1.4403939e-01   6.5011188e-01   3.6387273e-03  -8.8108250e-04  -3.1668023e-03
   1.4160756e-01   1.5066253e-01   6.8257970e-01   4.0979561e-03  -3.9329611e-04  -2.8356389e-03
   1.1482235e-01   1.3794676e-01   6.8708261e-01   3.6894061e-03  -9.0482805e-04  -2.5306858e-03
   1.2357080e-01   1.5458618e-01   7.0171848e-01   3.8294822e-03  -6.9865081e-04  -2.5466622e-03
   1.2717534e-01   1.6809118e-01   7.3976508e-01   4.0527720e-03  -3.4137506e-04  -2.4645893e-03
   9.7462690e-02   1.5413585e-01   7.5372727e-01   4.0663376e-03  -9.7002980e-04  -1.9223466e-03
   9.1042285e-02   1.3347488e-01   7.4342547e-01   3.5041523e-03  -1.1365091e-03  -2.0933942e-03
   9.5892266e-02   1.3661701e-01   7.8347015e-01   4.5757739e-03  -1.1772395e-03  -1.6327008e-03
   1.0919045e-01   1.6173479e-01   7.8296943e-01   4.2277900e-03  -8.3934915e-04  -2.1400156e-03
   8.1875296e-02   1.5649655e-01   7.9024134e-01   4.0058277e-03  -9.2403516e-04  -1.3059455e-03
   9.0088998e-02   1.5524154e-01   7.8331325e-01   4.2548677e-03  -7.5955603e-04  -1.6230511e-03
   1.0438822e-01   1.5534711e-01   8.1069724e-01   4.6266024e-03  -1.1519696e-03  -2.2087301e-03
   1.0176106e-01   1.5342717e-01   8.0110165e-01   4.4368742e-03  -8.3090652e-04  -2.2160951e-03
   8.8149633e-02   1.5089181e-01   7.9545934e-01   3.8052121e-03  -9.0450371e-04  -2.0456283e-03
   9.5801214e-02   1.4878915e-01   8.2685656e-01   4.3262683e-03  -1.2175382e-03  -1.7922020e-03
   9.4198548e-02   1.6094821e-01   7.9747533e-01   3.9346251e-03  -7.8527719e-04  -1.7867446e-03
   9.0102255e-02   1.6488300e-01   8.1170410e-01   4.2834250e-03  -4.4457592e-04  -1.7186469e-03
   1.0185325e-01   1.7952172e-01   8.4411245e-01   4.9706536e-03  -1.1772996e-03  -2.1251389e-03
   9.5803212e-02   1.5877908e-01   8.1739739e-01   4.0003257e-03  -8.1064229e-04  -2.0635599e-03
   9.5465326e-02   1.6002054e-01   8.0875020e-01   4.1074865e-03  -8.5749693e-04  -1.9668162e-03
   1.1368581e-01   1.7008645e-01   8.2960822e-01   4.4758111e-03  -6.1844026e-04  -2.2235462e-03
   1.2140622e-01   1.5379712e-01   8.3170643e-01   4.8425456e-03  -6.1618812e-04  -2.2095748e-03
   9.1686984e-02   1.7561098e-01   8.5191824e-01   4.8517103e-03  -5.1372708e-04  -1.5499271e-03
   1.0918448e-01   1.8138483e-01   8.5676086e-01   5.2105801e-03  -4.0465853e-04  -2.1848688e-03
   9.1872571e-02   1.7149455e-01   8.2759194e-01   3.7812534e-03  -1.0355977e-03  -1.6868442e-03
   8.5981473e-02   1.9887763e-01   8.9663206e-01   4.5122795e-03  -6.9024089e-04  -1.8804924e-03
   1.0418306e-01   1.7514088e-01   8.9860532e-01   4.4745397e-03  -5.9391559e-04  -1.7844972e-03
   9.5954828e-02   1.7260384e-01   8.9635674e-01   4.3319892e-03  -1.8903227e-04  -1.6433504e-03
   1.2076780e-01   1.6208155e-01   9.1417246e-01   4.8618366e-03  -7.9392217e-04  -2.0751391e-03
   1.0267794e-01   1.6678127e-01   9.2462169e-01   4.6269056e-03  -6.1460027e-04  -1.7272868e-03
   1.0067604e-01   1.8305728e-01   9.4489995e-01   4.6340606e-03  -8.7533773e-04  -2.0554315e-03
   9.8840693e-02   1.8085957e-01   9.2188116e-01   4.4171305e-03  -8.3435494e-04  -1.7586040e-03
   1.0299242e-01   1.5799664e-01   9.0782253e-01   4.0249858e-03  -7.3853740e-04  -1.5786839e-03
   9.2701188e-02   1.5003139e-01   9.4881339e-01   4.7109834e-03  -6.4914811e-04  -1.4178468e-03
   1.0451329e-01   1.3774270e-01   9.1988782e-01   4.2057340e-03  -7.9387424e-04  -1.4484273e-03
   1.1153899e-01   1.5459267e-01   9.5998935e-01   4.8592707e-03  -8.6636633e-04  -2.0422226e-03
   1.0835533e-01   1.7860012e-01   9.3256297e-01   4.1142807e-03  -3.8245506e-04  -1.5541309e-03
   1.1096949e-01   1.4181553e-01   9.7145129e-01   4.5787632e-03  -4.0522369e-04  -1.5603584e-03
   1.1151607e-01   2.0162865e-01   1.0118556e+00   5.4850888e-03  -9.9854237e-04  -2.5018350e-03
   1.1694924e-01   2.0424113e-01   9.5743106e-01   4.9147915e-03  -8.6138391e-04  -2.1087933e-03
   1.2282766e-01   1.9101127e-01   9.9194245e-01   4.1118200e-03  -5.8203327e-04  -2.2669255e-03
   1.2483471e-01   1.9955627e-01   1.0200698e+00   3.7486558e-03  -1.0054078e-03  -2.2265189e-03
   1.2493893e-01   2.1789305e-01   1.0350961e+00   4.1520741e-03  -6.1190362e-04  -2.3095322e-03
   1.1643863e-01   2.0524810e-01   1.0068304e+00   3.9294094e-03  -8.9635272e-04  -1.8810579e-03
   1.1030706e-01   1.9486821e-01   1.0026238e+00   3.6430597e-03  -1.3455316e-03  -2.1460768e-03
   1.1476780e-01   1.9118932e-01   1.0388263e+00   4.5139361e-03  -7.1183589e-04  -1.9493797e-03
   1.0879346e-01   1.9306577e-01   1.0255927e+00   4.3810913e-03  -6.7293645e-04  -2.0197283e-03
   1.2730971e-01   1.7048815e-01   1.0705567e+00   4.6248888e-03  -7.6536443e-04  -2.2228058e-03
   1.1006767e-01   2.0005839e-01   1.0399368e+00   3.7334224e-03  -9.0346084e-04  -1.9943276e-03
   1.1424203e-01   2.1692430e-01   1.0633429e+00   4.4573545e-03  -7.9696646e-04  -2.0103732e-03
   1.2030133e-01   2.0426620e-01   1.0431998e+00   4.0685345e-03  -7.8157059e-04  -2.1747113e-03
   1.0260611e-01   1.9153902e-01   1.0440583e+00   3.5116429e-03  -8.0414549e-04  -1.5890536e-03
   1.1323279e-01   2.0470998e-01   1.0739836e+00   4.5660589e-03  -1.0978619e-03  -1.8639346e-03
   1.1420612e-01   1.7408839e-01   1.0588503e+00   3.6930811e-03  -2.2765582e-04  -2.0359502e-03
   1.2420955e-01   1.9927692e-01   1.0869111e+00   3.8561941e-03  -7.6823974e-04  -2.2528946e-03
   1.1786042e-01   2.1214446e-01   1.0852810e+00   3.8013158e-03  -1.2833019e-03  -2.1885877e-03
   1.1635781e-01   2.1608055e-01   1.0958112e+00   4.2030434e-03  -7.5350183e-04  -1.8309933e-03
   1.0850213e-01   2.1612740e-01   1.0896647e+00   3.5842807e-03  -9.9840362e-04  -1.7172911e-03
   1.3168251e-01   2.1145269e-01   1.1321824e+00   4.8147663e-03  -7.5873005e-06  -1.9316727e-03
   1.1122583e-01   2.0645014e-01   1.1532855e+00   3.9763275e-03  -7.7686111e-04  -1.6842007e-03
   1.2542200e-01   2.0437957e-01   1.1319450e+00   3.9235168e-03  -1.2925874e-03  -2.2398604e-03
   1.0994445e-01   2.0946375e-01   1.1601545e+00   4.3052095e-03  -1.1504105e-03  -1.6438105e-03
   1.1468997e-01   1.9723852e-01   1.1717522e+00   4.2171755e-03  -6.2148839e-04  -1.5859368e-03
   1.2501422e-01   1.8748350e-01   1.1735194e+00   4.3004678e-03  -1.1918000e-03  -1.6371397e-03
   1.1771504e-01   1.7833250e-01   1.1900384e+00   4.6955732e-03  -5.8493178e-04  -1.1735386e-03
   1.0474090e-01   2.0642988e-01   1.1722252e+00   3.3296517e-03  -1.0885852e-03  -1.4897334e-03
   1.1644187e-01   2.1886848e-01   1.2458467e+00   5.3719620e-03  -9.1425564e-04  -1.6776023e-03
   9.9437476e-02   1.8808774e-01   1.1809566e+00   3.8496661e-03  -1.5460613e-03  -1.4544353e-03
   1.1545365e-01   1.8829090e-01   1.2132332e+00   4.3227969e-03  -1.4831247e-03  -2.2324986e-03
   1.0957363e-01   2.2019206e-01   1.2444224e+00   4.4659542e-03  -1.2158757e-03  -1.4716717e-03
   1.0108022e-01   2.2312972e-01   1.2391538e+00   4.2911051e-03  -1.2213933e-03  -1.6409446e-03
   1.0771353e-01   2.3152574e-01   1.2489168e+00   4.0886839e-03  -1.4428618e-03  -1.5621234e-03
   1.1370932e-01   2.2235497e-01   1.2648822e+00   4.5820231e-03  -1.6562620e-03  -1.6578772e-03
   1.0951750e-01   2.0574935e-01   1.2428837e+00   4.6653177e-03  -1.6080006e-03  -1.4075080e-03
   1.4056893e-01   2.3326406e-01   1.2377602e+00   4.6668231e-03  -8.4603416e-04  -1.6082099e-03
   1.4309217e-01   2.2785217e-01   1.2792496e+00   4.3680073e-03  -8.5749331e-04  -2.3215587e-03
   4.1059381e-02   1.4843391e-01   1.0359481e+00   4.0714094e-03  -2.6210957e-03  -1.5518230e-03
   8.3027571e-02  -2.8662143e-02   6.4973778e-01   5.2436882e-03  -3.0540494e-03   6.3751273e-04
   8.5302642e-02   9.7245743e-02   1.1544462e+00   1.0669745e-02   7.7464666e-04  -2.0353639e-03
   1.0151868e-01   2.3066998e-01   1.1972125e+00  -7.7817030e-04  -2.3188820e-03  -2.3177563e-03
   1.2277157e-01   2.0944234e-01   1.2224458e+00  -1.2771458e-03  -1.6043293e-03  -2.3745087e-03
   9.7782783e-02   2.4687819e-01   1.2828326e+00  -9.6477275e-04  -1.6624146e-03  -2.0337915e-03
   1.1211606e-01   2.6197937e-01   1.3288370e+00  -4.0854460e-04  -1.4611705e-03  -2.3595390e-03
   1.1527360e-01   2.8658264e-01   1.3600605e+00  -6.3293376e-04  -1.5467584e-03  -2.3149589e-03
   1.1486575e-01   2.9919694e-01   1.3740802e+00  -3.6074410e-04  -1.4665240e-03  -2.2496716e-03
   9.9374394e-02   3.0683280e-01   1.3904020e+00  -2.5758627e-04  -1.3941434e-03  -2.4767694e-03
   1.1219089e-01   3.0232688e-01   1.4024442e+00  -2.3759235e-04  -1.5099693e-03  -2.4391084e-03
   1.1926593e-01   2.9455431e-01   1.4103562e+00  -3.4009805e-04  -1.0308952e-03  -2.6245708e-03
   1.0770701e-01   3.2109437e-01   1.4217870e+00   5.4740415e-05  -1.2790571e-03  -2.4015704e-03
   1.3304999e-01   3.1885737e-01   1.4581415e+00   2.1819269e-04  -1.1384602e-03  -2.7749457e-03
   1.4557321e-01   3.0868337e-01   1.4517610e+00  -1.8238141e-04  -8.0306190e-04  -2.8536871e-03
   1.2846965e-01   3.2540485e-01   1.4556015e+00  -3.7585454e-04  -1.3014518e-03  -2.4693289e-03
   1.1746082e-01   3.2717205e-01   1.4833573e+00  -1.7447916e-04  -8.9983010e-04  -2.4551191e-03
   1.0671132e-01   3.2087784e-01   1.4741973e+00  -1.0217613e-04  -1.0160085e-03  -2.2851749e-03
   1.2618779e-01   3.2133928e-01   1.4759816e+00   1.8544879e-04  -6.7935406e-04  -2.8881340e-03
   1.1428451e-01   3.1378227e-01   1.4947319e+00   4.1725447e-04  -3.9688969e-04  -2.5309959e-03
   1.2558002e-01   3.2728458e-01   1.4968539e+00   2.3209698e-04  -1.1306526e-03  -2.3050985e-03
   1.1728193e-01   3.3210920e-01   1.5153669e+00   3.2895646e-04  -1.0793063e-03  -2.4186805e-03
   1.0814605e-01   3.2513734e-01   1.4916495e+00  -4.2929988e-04  -5.4066142e-04  -2.1479423e-03
   1.0990921e-01   3.2526804e-01   1.5099948e+00  -2.0431374e-04  -5.1218399e-04  -2.1873894e-03
   1.1855044e-01   3.2504071e-01   1.5215828e+00   2.0743534e-04  -2.9368177e-04  -2.3051163e-03
   1.2590392e-01   3.2097201e-01   1.5496643e+00   6.8668254e-04  -4.5915562e-04  -2.4085489e-03
   1.0637827e-01   3.3182344e-01   1.5345215e+00   8.6751598e-05  -8.3848670e-04  -2.0212440e-03
   1.1555270e-01   3.1914033e-01   1.5358614e+00   2.3978072e-04  -6.5315953e-04  -2.1685923e-03
   8.9085722e-02   3.0414753e-01   1.5444283e+00   2.4412967e-04  -7.3748607e-04  -1.7587325e-03
   9.7077826e-02   2.9341666e-01   1.5764425e+00   4.8300824e-04  -4.3490283e-04  -1.9935164e-03
   8.2924500e-02   3.0755952e-01   1.6312260e+00   7.7860407e-04  -8.2038896e-04  -1.9081079e-03
   8.1711910e-02   3.2185871e-01   1.6190580e+00   8.8893329e-04  -8.2354235e-04  -1.6427121e-03
   1.0155046e-01   3.0012248e-01   1.5809081e+00   2.4916882e-04  -7.8782654e-04  -2.1240538e-03
   1.1117049e-01   3.2025663e-01   1.5858354e+00   9.6950290e-04  -4.2153516e-04  -1.9138412e-03
   1.1264081e-01   2.8018199e-01   1.5614824e+00   6.4567808e-04   1.5512927e-04  -1.8340848e-03
   1.1194373e-01   2.8591536e-01   1.5720031e+00   9.8661224e-04   4.8886348e-04  -1.8925797e-03
   1.0640462e-01   3.0257140e-01   1.6030367e+00   1.4534708e-03   7.5741170e-04  -1.8059105e-03
   1.1681438e-01   3.1378350e-01   1.6249972e+00   1.8819982e-03   1.4525286e-04  -2.4853245e-03
   1.1071467e-01   3.2843697e-01   1.6307130e+00   2.0850949e-03   2.3021130e-04  -2.2492562e-03
   1.0432537e-01   3.3040101e-01   1.5967933e+00   1.4201697e-03   2.6342016e-04  -1.9706496e-03
   1.2533276e-01   3.0829284e-01   1.6174840e+00   1.7052043e-03   6.6238951e-05  -2.0893475e-03
   1.2189728e-01   3.1597579e-01   1.6373899e+00   1.8761930e-03   2.9703547e-04  -2.2292255e-03
   1.0488962e-01   3.3911584e-01   1.6288035e+00   1.3734906e-03   2.6641367e-04  -1.7858461e-03
   1.2432467e-01   3.4529110e-01   1.6369150e+00   1.6522765e-03   3.1618596e-04  -1.7602745e-03
   1.3397337e-01   3.2223537e-01   1.6168034e+00   1.2039941e-03   6.5137113e-04  -2.0607908e-03
   1.1947818e-01   3.4019492e-01   1.6499949e+00   2.2599832e-03   1.9587579e-04  -2.0133510e-03
   1.3564386e-01   3.2772789e-01   1.6602241e+00   2.3501912e-03   6.4698965e-05  -2.3817992e-03
   1.3371144e-01   3.2578412e-01   1.6638709e+00   2.1349062e-03   3.0687844e-04  -2.0131592e-03
   1.1145977e-01   3.0759993e-01   1.6394667e+00   1.6483913e-03   4.2903552e-04  -1.7661685e-03
   1.0484062e-01   3.2687663e-01   1.6736825e+00   2.2112268e-03   3.9253833e-04  -1.4917231e-03
   1.3171180e-01   3.0882862e-01   1.7012319e+00   2.7296033e-03  -1.3020281e-04  -2.2209087e-03
   1.1853510e-01   3.2641783e-01   1.6734572e+00   1.6436135e-03   1.0092161e-04  -1.9348055e-03
   1.3970290e-01   3.3231275e-01   1.6996579e+00   1.8510812e-03   4.9736590e-04  -2.2437881e-03
   1.1949952e-01   3.2340309e-01   1.7007490e+00   1.8737968e-03   4.9459766e-04  -1.9095477e-03
   1.3625971e-01   3.2820660e-01   1.7242738e+00   1.9616731e-03   8.9655402e-04  -1.8196945e-03
   1.3959671e-01   3.2623703e-01   1.7502365e+00   2.6814632e-03   9.3711406e-04  -1.8815558e-03
   1.3421890e-01   3.4057318e-01   1.7684865e+00   3.4209640e-03   5.4044494e-04  -2.2520034e-03
   1.3493088e-01   3.2721907e-01   1.7641770e+00   3.0109304e-03   5.6520482e-04  -1.8724153e-03
   1.2103703e-01   3.2134575e-01   1.7573596e+00   3.2442376e-03   9.0854676e-04  -1.5674232e-03
   1.3324182e-01   3.2358707e-01   1.7346901e+00   2.4950610e-03   7.0198879e-04  -1.8321179e-03
   1.4489639e-01   3.1230533e-01   1.7816930e+00   3.3174753e-03   8.0760371e-04  -2.1633397e-03
   1.2229291e-01   3.3036948e-01   1.7870667e+00   2.8586781e-03   4.2909439e-04  -1.7519597e-03
   1.2809478e-01   3.3064890e-01   1.7978222e+00   3.0599759e-03   8.1025934e-04  -2.0284105e-03
   1.2301712e-01   3.2180489e-01   1.7952431e+00   3.4350132e-03   9.4217876e-04  -1.5306056e-03
   1.3261862e-01   3.3498963e-01   1.7867118e+00   3.2025780e-03   1.0432366e-03  -1.8222000e-03
   1.3796441e-01   3.2957212e-01   1.7656891e+00   2.5262702e-03   7.0217236e-04  -1.8946271e-03
   1.2878500e-01   3.3790309e-01   1.7798509e+00   2.5958577e-03   6.4386205e-04  -1.6943500e-03
   1.3072086e-01   3.2373747e-01   1.8006008e+00   3.0948704e-03   9.6640331e-04  -1.7029356e-03
   1.5894434e-01   3.3413690e-01   1.8041991e+00   2.8002201e-03   9.4378566e-04  -2.5732900e-03
   1.1947616e-01   3.6424585e-01   1.8014203e+00   2.9939878e-03   5.9461812e-04  -1.5541893e-03
   1.3722739e-01   3.4355341e-01   1.8437655e+00   3.2499912e-03   8.2899869e-04  -1.8418148e-03
   1.5056873e-01   3.2701595e-01   1.8556989e+00   2.8040743e-03   7.0174277e-04  -2.3833406e-03
   1.4402743e-01   3.2961234e-01   1.9011818e+00   3.3968188e-03   9.3330275e-04  -1.7567314e-03
   1.5031469e-01   3.4882602e-01   1.9081728e+00   3.2866567e-03   5.6567235e-04  -2.1758882e-03
   1.4743274e-01   3.4568300e-01   1.9074564e+00   3.2162395e-03   9.9223907e-04  -1.8473567e-03
   1.4517441e-01   3.4332552e-01   1.9043498e+00   2.4694197e-03   8.3209531e-04  -2.0798322e-03
   1.5924606e-01   3.3785678e-01   1.9009635e+00   2.4542488e-03   6.8034969e-04  -2.5593440e-03
   1.5324162e-01   3.4486054e-01   1.9088601e+00   3.0132259e-03   9.7646800e-04  -2.2181945e-03
   1.5714459e-01   3.5647600e-01   1.9209821e+00   3.3301349e-03   9.4769048e-04  -2.5923261e-03
   1.3988290e-01   3.4764322e-01   1.9052381e+00   2.3735293e-03   5.4801379e-04  -2.2977633e-03
   1.5301312e-01   3.5894268e-01   1.8844320e+00   2.0485607e-03   7.7486446e-04  -2.2424670e-03
   1.7598342e-01   3.6904200e-01   1.8896372e+00   2.1406473e-03   8.5064165e-04  -2.8512284e-03
   1.5845797e-01   3.5668347e-01   1.9411490e+00   3.0960978e-03   8.1133761e-04  -2.6252199e-03
   1.4014333e-01   3.3358932e-01   1.9704585e+00   3.4072139e-03   9.0263256e-04  -2.3005047e-03
   1.3727307e-01   3.5946818e-01   1.9887623e+00   3.2255811e-03   7.9137141e-04  -2.1746339e-03
   1.3773935e-01   3.6324225e-01   2.0039479e+00   3.0067097e-03   1.1702123e-03  -1.8628441e-03
   1.4471596e-01   3.3001652e-01   1.9206635e+00   1.8519536e-03   4.6745634e-04  -1.4978964e-03
   6.7851093e-02   2.8722911e-01   1.7527529e+00   6.1722922e-03  -6.2273990e-03  -3.5466397e-03
   1.3630382e-01   4.1935861e-01   2.0525430e+00   3.9532667e-03  -4.6255779e-04  -2.5586517e-03
   1.5180705e-01   3.9681567e-01   2.0124825e+00   9.5478666e-04  -5.8458760e-04  -2.6534628e-03
   1.8126192e-01   4.1727878e-01   2.0896797e+00   1.5935792e-03   3.1263873e-04  -3.1887493e-03
   1.5770369e-01   4.3033644e-01   2.1154837e+00   1.7350880e-03  -4.3323595e-05  -2.7465421e-03
   1.9137449e-01   4.1666084e-01   2.1454779e+00   2.0764197e-03   4.6426326e-04  -3.6685729e-03
   1.6654306e-01   4.3890010e-01   2.1496544e+00   2.1879914e-03   4.0535658e-04  -3.1079602e-03
   1.4955774e-01   4.2832560e-01   2.1396293e+00   1.8623091e-03   3.3537228e-04  -2.6861134e-03
   1.5456278e-01   4.3063150e-01   2.1407066e+00   1.8496913e-03   4.6916091e-04  -2.6809575e-03
   1.6787856e-01   4.2989519e-01   2.1517973e+00   2.1006687e-03   8.4063337e-04  -3.0083144e-03
   1.4759885e-01   4.3236339e-01   2.1076124e+00   1.0321047e-03   2.6074788e-04  -2.4400903e-03
   1.5692408e-01   4.4273363e-01   2.1370569e+00   2.3140260e-03   2.3487718e-04  -2.8960993e-03
   1.5733286e-01   4.4346301e-01   2.1765417e+00   2.9447620e-03   9.6738900e-04  -2.9216108e-03
   1.7158586e-01   4.2579043e-01   2.1994109e+00   3.1309103e-03   9.7254692e-04  -2.7067516e-03
   1.5896240e-01   4.2825059e-01   2.2091679e+00   3.0978210e-03   1.0271099e-03  -3.1263756e-03
   1.5574486e-01   4.3098312e-01   2.2126438e+00   2.8137362e-03   1.0604143e-03  -2.8042450e-03
   1.6485038e-01   4.3601692e-01   2.2391812e+00   2.7407688e-03   8.9858652e-04  -3.1179918e-03
   1.6366561e-01   4.4618009e-01   2.2301904e+00   2.6251131e-03   4.7054304e-04  -2.7299091e-03
   1.6296811e-01   4.3454293e-01   2.2277034e+00   2.6235591e-03   5.8263630e-04  -2.8461431e-03
   1.6988568e-01   4.4302655e-01   2.2542750e+00   2.5124920e-03   6.2860583e-04  -3.3498550e-03
   1.5528157e-01   4.4039259e-01   2.2754722e+00   3.1536141e-03   7.3628382e-04  -2.8302946e-03
   1.5775603e-01   4.4238219e-01   2.2300179e+00   1.9048661e-03   7.5802788e-04  -2.7254799e-03
   1.5824140e-01   4.4662995e-01   2.2856346e+00   2.6034055e-03   6.2229865e-04  -3.0577264e-03
   1.7159738e-01   4.4395112e-01   2.3192284e+00   2.9499226e-03   8.0176399e-04  -2.9909459e-03
   1.6102923e-01   4.2834355e-01   2.3457282e+00   3.8370124e-03   1.2497781e-03  -2.8389016e-03
   1.5729891e-01   4.3954658e-01   2.3319715e+00   3.2089149e-03   7.8075107e-04  -2.6541961e-03
   1.5831577e-01   4.5974681e-01   2.3364910e+00   3.6538951e-03   9.1577753e-04  -2.8657569e-03
   1.5635369e-01   4.4948142e-01   2.2916362e+00   2.6497618e-03   1.1394199e-03  -2.4289233e-03
   1.6329764e-01   4.3476187e-01   2.3057752e+00   2.5653680e-03   1.3907518e-03  -2.5599513e-03
   1.8788233e-01   4.5189130e-01   2.3385330e+00   2.8103680e-03   9.9239977e-04  -3.4250956e-03
   1.5632919e-01   4.5820577e-01   2.3578974e+00   3.4494024e-03   9.9473180e-04  -2.2528747e-03
   1.5496695e-01   4.6677484e-01   2.3440251e+00   2.9489466e-03   8.0498544e-04  -2.7062415e-03
   1.7263463e-01   4.5259886e-01   2.3427838e+00   2.7058980e-03   1.0665691e-03  -2.9602648e-03
   1.5822947e-01   4.2910425e-01   2.3246653e+00   2.1492583e-03   1.1653973e-03  -2.4158173e-03
   1.3650436e-01   4.4404027e-01   2.3809089e+00   3.0495625e-03   7.2735627e-04  -2.5059289e-03
   1.6148980e-01   4.4029730e-01   2.3959701e+00   3.3209357e-03   9.5345596e-04  -2.6578620e-03
   1.7363105e-01   4.3464867e-01   2.3635452e+00   2.8646808e-03   1.2515143e-03  -3.0236200e-03
   1.6404916e-01   4.2996049e-01   2.3652355e+00   2.4209987e-03   1.2625379e-03  -2.7958034e-03
   1.3635470e-01   4.2441372e-01   2.3924968e+00   2.5292515e-03   1.0782833e-03  -2.2208151e-03
   1.6311719e-01   4.3183321e-01   2.4431884e+00   3.7983528e-03   8.9710065e-04  -2.6614143e-03
   1.5600496e-01   4.0305934e-01   2.3924926e+00   2.0056630e-03   1.3154273e-03  -2.3230175e-03
   1.2982988e-01   4.2174850e-01   2.4350952e+00   2.7001002e-03   1.3425223e-03  -2.0233838e-03
   1.6592316e-01   4.2496751e-01   2.4395976e+00   2.6824560e-03   1.4215331e-03  -3.0831534e-03
   1.6142421e-01   4.3540398e-01   2.4403070e+00   2.8757891e-03   8.7879442e-04  -2.6317214e-03
   1.6063639e-01   4.3042643e-01   2.4134725e+00   2.5294054e-03   1.0703255e-03  -2.3563124e-03
   1.4519870e-01   4.2586000e-01   2.4282265e+00   2.3469656e-03   6.4752835e-04  -2.5670245e-03
   1.5090535e-01   4.1922870e-01   2.4528757e+00   2.9335375e-03   1.2114203e-03  -2.7655269e-03
   1.7447743e-01   4.6107981e-01   2.4984659e+00   3.7580225e-03   4.0295143e-04  -3.4070504e-03
   1.7796005e-01   4.6595112e-01   2.4617270e+00   3.3855795e-03   3.8712388e-04  -3.4114329e-03
   1.6888970e-01   4.4983923e-01   2.5062394e+00   3.1035184e-03   1.9014400e-04  -3.5291277e-03
   1.7441374e-01   4.8205214e-01   2.5270954e+00   3.1539654e-03   7.5354834e-04  -3.3552309e-03
   1.8692237e-01   4.7541953e-01   2.5542401e+00   3.2442297e-03   9.9621753e-04  -3.1625722e-03
   1.6816863e-01   4.9313808e-01   2.5540830e+00   2.5758576e-03   9.1460543e-04  -2.6737182e-03
   1.8285011e-01   4.9717597e-01   2.5433688e+00   3.0986468e-03   7.9435986e-04  -3.2424189e-03
   1.8072014e-01   4.8224793e-01   2.5854657e+00   3.1658363e-03   8.4627365e-04  -3.4159361e-03
   1.7837530e-01   4.9223643e-01   2.5782163e+00   2.8878662e-03   1.0664574e-03  -2.9764166e-03
   1.8198280e-01   4.8177266e-01   2.5560696e+00   2.1842603e-03   6.4464021e-04  -2.5867702e-03
   1.8123071e-01   4.9381952e-01   2.5732733e+00   2.1805830e-03   1.0304904e-03  -2.9125455e-03
   1.8162423e-01   4.7433641e-01   2.5811264e+00   2.3118130e-03   1.2632832e-03  -2.8942232e-03
   1.7917249e-01   4.9868233e-01   2.5824026e+00   2.1174429e-03   1.1683295e-03  -3.1120906e-03
   1.8942835e-01   4.9177867e-01   2.6093578e+00   3.0499773e-03   5.9955355e-04  -3.3136833e-03
   1.9184368e-01   4.9453217e-01   2.5811874e+00   2.1511906e-03   1.0200903e-03  -3.2546829e-03
   1.7094893e-01   5.0378149e-01   2.5899060e+00   2.3787549e-03   9.1543376e-04  -3.0230851e-03
   1.6048763e-01   4.9231715e-01   2.5658156e+00   2.2108701e-03   8.8037204e-04  -2.7850529e-03
   1.5233927e-01   4.7065789e-01   2.6100723e+00   2.5278623e-03   1.0036519e-03  -2.5199866e-03
   1.6882324e-01   5.0983025e-01   2.6151340e+00   2.6973048e-03   1.0310479e-03  -2.6257777e-03
   1.8046469e-01   4.7710596e-01   2.6641663e+00   2.7394578e-03   7.1242123e-04  -3.3716572e-03
   1.7121724e-01   5.0315128e-01   2.6423795e+00   2.3982534e-03   7.0879943e-04  -3.1214034e-03
   1.6965474e-01   4.9921966e-01   2.6266218e+00   1.7829001e-03   8.2641227e-04  -2.9133110e-03
   1.7841928e-01   5.1499748e-01   2.6508838e+00   2.7394898e-03   8.0846103e-04  -3.1068595e-03
   1.7333032e-01   4.7994480e-01   2.6529191e+00   2.3226056e-03   1.0802722e-03  -2.9256641e-03
   1.6223245e-01   4.8428498e-01   2.6611136e+00   2.2685147e-03   9.0966704e-04  -2.5809204e-03
   1.6952790e-01   4.6914994e-01   2.6591505e+00   2.0311526e-03   1.1164898e-03  -2.6742253e-03
   1.7790422e-01   4.9041292e-01   2.6943206e+00   2.4705871e-03   1.0489419e-03  -2.7871291e-03
   1.6248100e-01   4.9385603e-01   2.7506652e+00   3.0958088e-03   1.2753532e-03  -2.9539064e-03
   1.5287804e-01   4.8816242e-01   2.7777659e+00   3.8322752e-03   1.0125149e-03  -2.3226557e-03
   1.6310203e-01   5.0540332e-01   2.7315834e+00   2.3762668e-03   8.7058584e-04  -2.9590643e-03
   1.6473207e-01   4.9479808e-01   2.7438833e+00   2.8701697e-03   1.2269957e-03  -2.6245940e-03
   1.7353579e-01   4.9532351e-01   2.7328289e+00   2.3352760e-03   1.4767799e-03  -2.9081804e-03
   1.7390995e-01   5.1281621e-01   2.7368410e+00   2.9585981e-03   1.0658717e-03  -2.8328383e-03
   1.7516357e-01   4.8846921e-01   2.7245485e+00   2.3194796e-03   1.8526320e-03  -2.8717317e-03
   1.7613937e-01   5.1819784e-01   2.7393214e+00   2.8721088e-03   1.2917370e-03  -3.2401814e-03
   1.7547213e-01   4.9395304e-01   2.7187818e+00   2.0093988e-03   9.9161964e-04  -2.8989429e-03
   1.6644125e-01   4.7732144e-01   2.7609415e+00   2.6671275e-03   1.0323722e-03  -2.4930207e-03
   1.6897194e-01   5.1932737e-01   2.7838326e+00   2.9194426e-03   1.6372947e-03  -2.8381293e-03
   1.7368043e-01   5.5208702e-01   2.8052058e+00   3.5475047e-03   1.3731373e-03  -2.8462480e-03
   1.5996735e-01   5.1190635e-01   2.7615845e+00   2.3780172e-03   1.2830658e-03  -2.6412712e-03
   1.5612518e-01   5.3776861e-01   2.8146003e+00   3.2494188e-03   1.9530150e-03  -2.5853520e-03
   1.6424659e-01   4.9587633e-01   2.7472884e+00   2.2393316e-03   3.3561966e-04  -2.1380948e-03
   5.7855238e-02   5.1700478e-01   2.9962462e+00   6.5987565e-03  -2.3379719e-03  -3.2412322e-03
   1.3352143e-01   5.2230071e-01   2.8698147e+00   4.9099601e-04   6.1379992e-05  -2.8972233e-03
   1.3629603e-01   4.7823690e-01   2.8274306e+00  -2.8628831e-06  -3.5660878e-04  -2.9013401e-03
   1.4440077e-01   5.4658060e-01   2.8343086e+00   2.6589037e-04   1.0231437e-04  -2.9363300e-03
   1.9025014e-01   5.6515586e-01   2.8659868e+00   9.7626460e-04   6.6633941e-04  -3.9506244e-03
   1.7154357e-01   5.5204824e-01   2.8391745e+00   2.5147981e-04   1.0015080e-04  -3.8636169e-03
   1.8944309e-01   5.6195777e-01   2.8388866e+00   5.3545762e-04   3.3098953e-04  -3.9299346e-03
   1.8931238e-01   5.5198899e-01   2.8839082e+00   1.3953400e-03  -6.2539890e-04  -3.7970624e-03
   1.7031390e-01   5.4083815e-01   2.9288996e+00   1.7428284e-03  -1.7699836e-04  -3.8231969e-03
   1.8172631e-01   5.3213113e-01   2.9366785e+00   6.7937712e-04   1.7315290e-05  -3.8448743e-03
   1.9352857e-01   5.7090322e-01   2.9931648e+00   1.4746378e-03   2.6245150e-04  -3.6592218e-03
   1.3983665e-01   5.6652210e-01   3.0831800e+00   1.5938881e-03  -6.7496941e-04  -2.8566132e-03
   1.5451455e-01   5.6796187e-01   3.0464639e+00   9.5563531e-04   8.8137787e-05  -2.9915982e-03
   1.6269540e-01   5.5825768e-01   3.0416598e+00   8.1860975e-04  -3.7254898e-05  -3.2983546e-03
   1.5683033e-01   5.8639041e-01   3.0489397e+00   8.6565103e-04   1.4533044e-04  -2.7898045e-03
   1.6313044e-01   5.9500549e-01   3.0385677e+00   1.1929698e-03   3.2924144e-04  -3.0516462e-03
   1.6282364e-01   5.8424253e-01   3.0538983e+00   1.4011678e-03   1.9804681e-04  -2.9784750e-03
   1.5230580e-01   5.7110109e-01   3.0532945e+00   7.8613992e-04   3.5177235e-04  -3.1377259e-03
   1.5148033e-01   5.5209380e-01   3.1056037e+00   1.7015704e-03   5.3744148e-04  -2.7582292e-03
   1.5325929e-01   5.6407570e-01   3.1195358e+00   1.5736484e-03   7.8282953e-04  -2.8098040e-03
   1.5774603e-01   5.7114889e-01   3.1000627e+00   1.5690018e-03   1.3487005e-03  -2.7032204e-03
   1.4071321e-01   5.6042826e-01   3.0898818e+00   1.4770897e-03   7.9807703e-04  -2.8931564e-03
   1.6631018e-01   5.7548486e-01   3.0959080e+00   1.3626022e-03   6.0545136e-04  -3.1655916e-03
   1.2396888e-01   5.6143032e-01   3.1180100e+00   1.3824020e-03   5.9743712e-04  -2.5524906e-03
   1.6423927e-01   5.9023241e-01   3.1173795e+00   1.0889025e-03   1.2142902e-03  -3.1947888e-03
   1.3276493e-01   5.6834304e-01   3.1230755e+00   1.3391939e-03   4.7770032e-04  -2.7118989e-03
   1.1956589e-01   5.4281316e-01   3.1289376e+00   6.7408869e-04   6.1601349e-04  -2.1455766e-03
   1.1759184e-01   5.4605352e-01   3.1683856e+00   1.8900228e-03   1.3669251e-03  -2.1372801e-03
   1.2009317e-01   5.5238693e-01   3.1675240e+00   1.3874101e-03   6.7632322e-04  -2.3722212e-03
   1.0736028e-01   5.7767546e-01   3.1850389e+00   1.8183737e-03   9.9283710e-04  -1.8251070e-03
   1.3186230e-01   5.7598620e-01   3.1836674e+00   1.9480440e-03   8.7535634e-04  -2.2525120e-03
   1.4612599e-01   5.7833982e-01   3.1687545e+00   1.4870351e-03   1.1024123e-03  -2.4925711e-03
   1.3221120e-01   5.8030206e-01   3.1680993e+00   1.3581177e-03   9.2537538e-04  -2.6773724e-03
   1.4582572e-01   5.5291492e-01   3.1642038e+00   7.7057486e-04   5.6121750e-04  -2.8278346e-03
   1.6008227e-01   5.7469136e-01   3.1925086e+00   2.0476724e-03   1.3197661e-03  -2.6393605e-03
   1.3357395e-01   5.5195042e-01   3.1651174e+00   1.0662970e-03   1.0030590e-03  -2.6200395e-03
   1.3943252e-01   5.6160391e-01   3.2048697e+00   1.6575516e-03   1.2724841e-03  -2.6767430e-03
   1.2374471e-01   5.5656350e-01   3.1935375e+00   1.3048307e-03   1.1766220e-03  -2.0366968e-03
   1.5834046e-01   5.4116482e-01   3.2276477e+00   2.0682993e-03   1.4410830e-03  -2.7209100e-03
   1.5738182e-01   5.5679937e-01   3.2660392e+00   2.1234229e-03   1.1631516e-03  -2.6672377e-03
   1.4917690e-01   5.7650069e-01   3.2899980e+00   1.5513368e-03   8.9556487e-04  -2.9234160e-03
   1.2729747e-01   5.8599283e-01   3.3250869e+00   1.8407121e-03   3.4214434e-04  -2.6164159e-03
   1.2963089e-01   5.7761534e-01   3.3109126e+00   1.7014211e-03   6.7189888e-04  -2.4836739e-03
   1.1441839e-01   5.9143216e-01   3.3242828e+00   1.8599978e-03   5.4757423e-04  -2.3371693e-03
   1.4191372e-01   5.8747733e-01   3.3161470e+00   1.7306344e-03   1.3168310e-03  -2.6105224e-03
   1.3695544e-01   5.9465193e-01   3.3093197e+00   2.2660627e-03   1.5342671e-03  -2.3438307e-03
   1.4687415e-01   5.9891073e-01   3.2729957e+00   1.4102809e-03   8.2235151e-04  -2.5929336e-03
   1.5780414e-01   5.7484239e-01   3.2755055e+00   1.7591124e-03   9.8001315e-04  -2.9515241e-03
   1.3772476e-01   5.7032659e-01   3.3540565e+00   2.3505539e-03   9.8186308e-04  -2.2609029e-03
   1.6009915e-01   5.9555680e-01   3.4028710e+00   1.2887312e-03   8.1891228e-04  -3.0580484e-03
   1.4338190e-01   6.0400725e-01   3.4102245e+00   1.8772314e-03   1.1188716e-03  -2.8347312e-03
   1.4610655e-01   5.9624697e-01   3.4403556e+00   2.5601197e-03   1.1066990e-03  -2.4711762e-03
   1.5568685e-01   5.9572305e-01   3.3915592e+00   1.9004306e-03   7.9229832e-04  -2.6919881e-03
   1.4403970e-01   6.1624509e-01   3.3778203e+00   1.9162668e-03   7.3746958e-04  -2.7342048e-03
   1.5654474e-01   6.1229123e-01   3.4015997e+00   2.3432998e-03   1.1753138e-03  -2.7385447e-03
   1.4332555e-01   5.9787154e-01   3.4161076e+00   2.3745859e-03   1.2959340e-03  -2.3062653e-03
   1.2580581e-01   6.0456642e-01   3.4277115e+00   1.0233189e-03   6.3333890e-04  -2.2489300e-03
   1.4132747e-02   5.0942315e-01   3.1749112e+00  -1.4875014e-03  -2.8772283e-03  -6.0650274e-04
   1.0301067e-01   2.0441950e-01   2.4845390e+00  -7.5386099e-04  -4.2146996e-03  -9.2377111e-04
   2.5201152e-01   4.8237861e-01   3.5752538e+00   1.4796506e-02   1.4394414e-03  -2.6129274e-03
   2.2824429e-01   5.2341755e-01   3.4234321e+00  -6.6293170e-04   5.9149763e-04  -2.7354934e-03
   2.2452293e-01   5.1997517e-01   3.4331296e+00  -9.5269122e-04   6.4093865e-04  -2.9413449e-03
   2.2848354e-01   5.5850184e-01   3.4635541e+00  -8.9805942e-04   5.8904341e-04  -2.8190404e-03
   2.1411337e-01   5.7417186e-01   3.4932257e+00  -5.5396126e-04   5.8315169e-04  -2.7003956e-03
   2.4721317e-01   5.6826303e-01   3.5433823e+00  -3.4926479e-04   4.5041544e-04  -3.4357118e-03
   2.5774520e-01   6.0011062e-01   3.5733454e+00   4.4586735e-04   1.8066969e-04  -3.8472229e-03
   2.3584878e-01   6.0323702e-01   3.5874979e+00  -2.3639997e-04   3.1479641e-04  -3.3983433e-03
   2.2453469e-01   6.3373290e-01   3.6236942e+00   5.4130247e-04   2.6087300e-04  -3.1971129e-03
   2.4237038e-01   6.3043775e-01   3.6399459e+00   4.1128719e-04   1.3256810e-04  -3.7155178e-03
   2.4208321e-01   6.2504022e-01   3.6615792e+00   7.3642717e-04   6.4144740e-04  -3.6304541e-03
   2.3204617e-01   6.4745291e-01   3.7234217e+00   1.9235768e-03   8.4049503e-04  -3.4258565e-03
   2.2957158e-01   6.4152181e-01   3.7242758e+00   1.3691723e-03   9.9846075e-04  -3.2328473e-03
   2.4930606e-01   6.4723678e-01   3.7202307e+00   1.3547723e-03   3.8628105e-04  -3.7195007e-03
   2.2700425e-01   6.3863573e-01   3.7135048e+00   5.1436200e-04   4.6763200e-04  -3.5648912e-03
   2.3483121e-01   6.2796240e-01   3.7312468e+00   8.9277622e-04   9.0475590e-04  -3.4838085e-03
   2.5553797e-01   6.5154605e-01   3.7256344e+00   8.7361201e-04   6.4648648e-04  -3.6751658e-03
   2.5677179e-01   6.5059753e-01   3.7420788e+00   1.0120590e-03   8.1878767e-04  -3.8679422e-03
   2.4549008e-01   6.4765400e-01   3.7705848e+00   1.6188195e-03   5.4115094e-04  -4.0621797e-03
   2.3917102e-01   6.5626318e-01   3.7958426e+00   1.4055888e-03   6.4878007e-04  -3.4567497e-03
   2.4178691e-01   6.7145012e-01   3.7994423e+00   1.3836947e-03   5.4542214e-04  -3.5367197e-03
   2.4168327e-01   6.7085187e-01   3.7849715e+00   1.2760267e-03   5.6868735e-04  -3.5597895e-03
   2.5083910e-01   6.9687323e-01   3.7565220e+00   6.0524296e-04   5.5476147e-04  -3.5262282e-03
   2.3149164e-01   6.8701227e-01   3.7833891e+00   1.1054856e-03   5.5637628e-04  -3.4441592e-03
   2.4230649e-01   6.8494554e-01   3.7996693e+00   9.0668271e-04   6.0367216e-04  -3.6336351e-03
   2.4239408e-01   6.5939360e-01   3.7880195e+00   8.4286102e-04   2.3765569e-04  -3.7102538e-03
   2.3594959e-01   6.7791460e-01   3.8236341e+00   1.8549833e-03   6.3416348e-04  -3.5231582e-03
   2.4822710e-01   6.7678422e-01   3.8150738e+00   1.4038941e-03   1.0500937e-03  -3.7161351e-03
   2.4848175e-01   6.8157818e-01   3.8265751e+00   1.6416542e-03   7.2379676e-04  -3.8623276e-03
   2.5144925e-01   6.9041152e-01   3.8371091e+00   1.3398808e-03   8.0071403e-04  -3.5629145e-03
   2.5546761e-01   6.9127995e-01   3.8596014e+00   2.1700032e-03   8.2257022e-04  -3.7110669e-03
   2.3727893e-01   6.7969961e-01   3.8716130e+00   1.9623471e-03   1.2351464e-03  -3.6672156e-03
   2.2807830e-01   6.9375965e-01   3.8582440e+00   1.8002848e-03   4.5830279e-04  -3.5423753e-03
   2.3722462e-01   6.9391715e-01   3.8724032e+00   2.0255247e-03   6.0808754e-04  -3.4813789e-03
   2.4038334e-01   6.8929801e-01   3.8774747e+00   2.0286005e-03   8.2968580e-04  -3.4645417e-03
   2.5880793e-01   6.7690395e-01   3.8960532e+00   1.8942589e-03   6.2333129e-04  -4.0757581e-03
   2.5204997e-01   6.7046738e-01   3.9112283e+00   1.9503518e-03   1.0970056e-03  -3.4434444e-03
   2.5249995e-01   6.9587900e-01   3.8876382e+00   2.0825924e-03   1.0362144e-03  -3.4259168e-03
   2.3134563e-01   6.8106296e-01   3.8907670e+00   1.9224421e-03   7.6336868e-04  -2.9723452e-03
   2.3812975e-01   6.7859006e-01   3.9209240e+00   2.7065614e-03   9.8326197e-04  -3.6359889e-03
   2.7734637e-01   6.8622362e-01   3.8979831e+00   2.6138758e-03   1.6582746e-03  -4.0147435e-03
   2.7444149e-01   6.8281615e-01   3.9263080e+00   2.7517543e-03   1.4803492e-03  -4.0773267e-03
   2.4853118e-01   7.3503272e-01   3.9570284e+00   3.2298458e-03   6.3115597e-04  -3.3796479e-03
   2.7076233e-01   7.1181254e-01   3.9319888e+00   2.5236448e-03   9.8727236e-04  -3.9533185e-03
   2.5469953e-01   7.0801446e-01   3.9606133e+00   3.4289681e-03   5.9719529e-04  -3.9825867e-03
   2.5683559e-01   7.1123408e-01   3.9528255e+00   3.4578657e-03   1.2493532e-03  -3.6655963e-03
   2.5193912e-01   6.9809807e-01   3.9421484e+00   3.1810379e-03   1.1668888e-03  -3.2709852e-03
   2.5174392e-01   7.2354384e-01   3.9224466e+00   2.9156391e-03   1.0852981e-03  -3.8663417e-03
   2.5517561e-01   7.2363245e-01   3.9479512e+00   3.2184006e-03   1.4048992e-03  -3.6096107e-03
   2.7945282e-01   7.2160191e-01   3.9564391e+00   2.7131706e-03   1.7394939e-03  -4.0297938e-03
   2.6538254e-01   7.0536879e-01   3.9462039e+00   2.7301013e-03   8.2080741e-04  -3.8922832e-03
   2.6551580e-01   7.2294430e-01   3.9658490e+00   3.3717052e-03   1.3814084e-03  -3.6917830e-03
   2.5464067e-01   7.3710160e-01   3.9718347e+00   2.1868167e-03   8.8832669e-04  -3.7878557e-03
   2.4981454e-01   7.1545904e-01   4.0489510e+00   3.0961091e-03   8.8245411e-04  -3.6193494e-03
   2.5413233e-01   7.1638518e-01   4.0679462e+00   3.9959986e-03   1.4867502e-03  -3.3767072e-03
   2.5301975e-01   7.3009478e-01   4.0605277e+00   3.7968934e-03   6.3406015e-04  -4.1377169e-03
   2.6251059e-01   7.4614541e-01   4.0661344e+00   3.7347677e-03   1.0872931e-03  -3.7484337e-03
   2.4633114e-01   7.4367537e-01   4.0583348e+00   3.8114704e-03   1.1594256e-03  -3.4817702e-03
   2.3613719e-01   7.3016154e-01   4.0522312e+00   3.8673757e-03   1.1863567e-03  -3.5692172e-03
   2.5190738e-01   7.3266093e-01   4.0750926e+00   4.0433449e-03   1.2697953e-03  -3.6056559e-03
   2.3975037e-01   7.3492734e-01   4.0716681e+00   3.7600330e-03   6.2364349e-04  -3.5828178e-03
   2.7583419e-01   7.5110953e-01   4.0917546e+00   4.3405546e-03   1.4391443e-03  -3.9334813e-03
   2.5369675e-01   7.4578292e-01   4.0570842e+00   3.5434403e-03   1.5665813e-03  -3.6787128e-03
   2.5934687e-01   7.4501085e-01   4.0822381e+00   4.0425963e-03   1.4435182e-03  -4.1041909e-03
   2.8050882e-01   7.4228087e-01   4.1043406e+00   4.4525014e-03   1.8899221e-03  -3.9044920e-03
   2.8630636e-01   7.5246753e-01   4.1149238e+00   4.4527875e-03   1.6543911e-03  -4.0741171e-03
   2.9645547e-01   7.4498265e-01   4.1362743e+00   4.9206333e-03   1.7447780e-03  -4.3040172e-03
   2.6664290e-01   7.3968834e-01   4.1338265e+00   4.0311933e-03   1.4065922e-03  -4.1462618e-03
   2.7720075e-01   7.3615419e-01   4.1369883e+00   4.2312937e-03   1.6622516e-03  -4.1794621e-03
   2.6396405e-01   7.7655849e-01   4.1664308e+00   5.0225416e-03   1.0475357e-03  -3.8490297e-03
   2.5849530e-01   7.5813454e-01   4.1553783e+00   4.2667943e-03   1.2685214e-03  -3.8964556e-03
   2.7674874e-01   7.5657192e-01   4.1163860e+00   3.7960984e-03   1.3858275e-03  -4.1672292e-03
   2.7570380e-01   7.5367569e-01   4.0794681e+00   2.9192311e-03   1.6569124e-03  -3.9190421e-03
   2.8001877e-01   7.8633882e-01   4.1495273e+00   3.9179795e-03   1.5854299e-03  -4.1902814e-03
   2.6371816e-01   7.6673309e-01   4.1602058e+00   3.8023584e-03   1.6402993e-03  -3.7573874e-03
   2.7122913e-01   7.7154766e-01   4.1770212e+00   3.7547255e-03   1.2663030e-03  -3.9864981e-03
   2.8227224e-01   7.7339372e-01   4.1736398e+00   4.2022562e-03   1.5031837e-03  -4.1112667e-03
   2.7534395e-01   7.5043692e-01   4.1787186e+00   3.8180229e-03   1.7612690e-03  -3.8087314e-03
   2.7831108e-01   7.5922399e-01   4.1841288e+00   3.8908401e-03   1.4670825e-03  -3.9627532e-03
   2.8232471e-01   7.4755820e-01   4.2048361e+00   4.0369463e-03   1.4205511e-03  -4.3334747e-03
   2.7355675e-01   7.4620276e-01   4.2062034e+00   4.2459123e-03   1.4355527e-03  -4.1709581e-03
   2.7634458e-01   7.5878432e-01   4.2221111e+00   4.1733709e-03   1.7530642e-03  -3.9314104e-03
   2.6525752e-01   7.5728276e-01   4.2121981e+00   3.7156293e-03   1.4352417e-03  -4.1115416e-03
   2.8333538e-01   7.2759675e-01   4.2390954e+00   4.1024131e-03   1.6145261e-03  -4.1953886e-03
   2.8107989e-01   7.4778505e-01   4.2639747e+00   4.2499083e-03   1.5215714e-03  -3.9515571e-03
   2.6492669e-01   7.6831621e-01   4.2715037e+00   4.3057235e-03   1.7343211e-03  -3.6950883e-03
   2.8664504e-01   7.7532967e-01   4.2800635e+00   4.2375680e-03   1.9603233e-03  -4.0211130e-03
   2.8089361e-01   7.6265391e-01   4.2676278e+00   4.0484744e-03   1.7679984e-03  -4.0620724e-03
   2.8339230e-01   7.7596280e-01   4.2726123e+00   4.0139266e-03   1.5692759e-03  -4.0083762e-03
   2.8267170e-01   7.8644213e-01   4.2815400e+00   4.2184265e-03   1.9448871e-03  -4.2752607e-03
   2.8578670e-01   7.4792080e-01   4.2806177e+00   4.1562150e-03   1.5354355e-03  -4.4065789e-03
   2.8599970e-01   7.5287994e-01   4.2924209e+00   4.3974171e-03   1.4774187e-03  -4.0788625e-03
   2.7005814e-01   7.7404392e-01   4.3321059e+00   4.9773816e-03   1.5720923e-03  -4.2065739e-03
   2.8021901e-01   7.7024928e-01   4.3457626e+00   4.4467246e-03   1.8053093e-03  -4.1063086e-03
   2.7664237e-01   7.7491147e-01   4.3589163e+00   4.3561469e-03   1.3569579e-03  -4.1014968e-03
   2.8665923e-01   7.9001557e-01   4.3689694e+00   4.6111508e-03   1.8055728e-03  -4.2137368e-03
   2.7569319e-01   7.7868151e-01   4.3482980e+00   4.3264418e-03   1.8710141e-03  -4.0343065e-03
   2.8560361e-01   7.7427459e-01   4.3785772e+00   4.5891814e-03   1.7166647e-03  -4.0704409e-03
   2.6218530e-01   7.7793218e-01   4.4016438e+00   4.5976638e-03   1.6212548e-03  -3.8137501e-03
   2.7181972e-01   7.7481071e-01   4.3831456e+00   4.2267468e-03   1.2846431e-03  -4.0726307e-03
   2.8992233e-01   7.6592729e-01   4.3846237e+00   4.2744836e-03   2.2089382e-03  -4.4624668e-03
   2.8280158e-01   7.6734818e-01   4.3732718e+00   3.9665318e-03   1.3523314e-03  -4.4943349e-03
   2.7122944e-01   7.7777512e-01   4.3929612e+00   4.2017418e-03   1.6213578e-03  -3.6469053e-03
   2.9503152e-01   7.7580672e-01   4.4229690e+00   4.4827243e-03   1.4856985e-03  -4.6817485e-03
   2.8965663e-01   8.1031047e-01   4.4868569e+00   4.9171299e-03   1.8812591e-03  -4.0807547e-03
   2.9329226e-01   8.1241220e-01   4.4466065e+00   4.2259803e-03   2.5075152e-03  -4.3334939e-03
   2.9274068e-01   7.8894867e-01   4.4637104e+00   4.6683774e-03   1.7894317e-03  -4.3867493e-03
   2.9199896e-01   7.8818261e-01   4.4730778e+00   5.1537084e-03   2.1907602e-03  -4.4894079e-03
   2.8633808e-01   7.6901086e-01   4.4421426e+00   4.3017706e-03   1.9515240e-03  -4.3696398e-03
   2.8511822e-01   7.8473636e-01   4.4872621e+00   5.2260839e-03   1.6899108e-03  -4.4160269e-03
   2.9135206e-01   7.8420146e-01   4.4899735e+00   4.8716362e-03   2.2880321e-03  -4.6156491e-03
   3.0814785e-01   8.0398356e-01   4.4885885e+00   4.8620967e-03   2.1061974e-03  -4.9234343e-03
   2.9423151e-01   7.9633352e-01   4.4668648e+00   4.2345968e-03   2.2711423e-03  -4.4528242e-03
   3.0178107e-01   7.7899303e-01   4.4772304e+00   4.3257116e-03   2.0843981e-03  -4.5479426e-03
   3.0468486e-01   7.9754048e-01   4.5075086e+00   4.3992040e-03   1.8228495e-03  -4.5855727e-03
   2.9513285e-01   8.1579995e-01   4.5118250e+00   4.2638701e-03   1.8246547e-03  -4.2185442e-03
   2.9444231e-01   8.2436381e-01   4.5068791e+00   4.1316848e-03   2.2384354e-03  -4.3805308e-03
   3.0258476e-01   7.9904540e-01   4.5022661e+00   4.4001643e-03   2.1140965e-03  -4.5719163e-03
   2.9806281e-01   8.0758468e-01   4.5218171e+00   4.4180041e-03   2.4637118e-03  -4.3894385e-03
   2.9671892e-01   8.0379138e-01   4.5377775e+00   4.4495662e-03   2.5356774e-03  -4.1840587e-03
   2.9576118e-01   8.0322167e-01   4.5725891e+00   5.0517349e-03   2.3265575e-03  -4.9245641e-03
   2.9250082e-01   8.1501180e-01   4.5603541e+00   4.1757778e-03   1.5468632e-03  -4.5794379e-03
   3.2055430e-01   8.2237161e-01   4.5745046e+00   4.4863637e-03   2.1928792e-03  -4.6706040e-03
   3.0690335e-01   8.1407882e-01   4.5930583e+00   4.7252560e-03   2.3693546e-03  -4.4163470e-03
   2.9872548e-01   8.0837420e-01   4.6099678e+00   4.8442137e-03   2.1811625e-03  -4.5187308e-03
   2.7201870e-01   8.1621569e-01   4.6088162e+00   4.7838488e-03   1.6661459e-03  -4.0853617e-03
   2.8492463e-01   8.2129421e-01   4.5929061e+00   3.9887078e-03   2.1529501e-03  -4.5805317e-03
   2.9027975e-01   8.2465866e-01   4.6289462e+00   4.7224929e-03   2.4248515e-03  -3.8408744e-03
   2.9935090e-01   8.3373346e-01   4.6399753e+00   4.6250999e-03   2.0085759e-03  -4.9230806e-03
   2.9171373e-01   8.2982667e-01   4.6196554e+00   4.4260183e-03   2.5210483e-03  -4.4075392e-03
   2.9247375e-01   8.2263386e-01   4.5964450e+00   3.7282487e-03   2.0152803e-03  -4.6026348e-03
   2.9218777e-01   8.2034960e-01   4.6216887e+00   4.5082756e-03   2.4213429e-03  -4.2270874e-03
   2.8523882e-01   8.0616506e-01   4.6299356e+00   4.8435995e-03   1.8304052e-03  -4.3065080e-03
   2.9220606e-01   7.9915901e-01   4.6370766e+00   4.3837405e-03   1.9160740e-03  -4.2864002e-03
   3.0930621e-01   8.1941449e-01   4.6354117e+00   3.9249661e-03   1.5761936e-03  -4.6760109e-03
   2.9086912e-01   8.2360125e-01   4.6740400e+00   4.8247696e-03   1.7883204e-03  -4.3374488e-03
   2.8954446e-01   8.2761596e-01   4.6922796e+00   4.8318814e-03   2.0570042e-03  -4.0716220e-03
   3.0873188e-01   8.5138545e-01   4.6750513e+00   4.2204405e-03   1.8580201e-03  -4.5599376e-03
   2.7053040e-01   8.2885117e-01   4.6763037e+00   4.3341125e-03   1.4389258e-03  -4.2580084e-03
   2.7602946e-01   8.3850112e-01   4.7324279e+00   5.6188514e-03   1.7729251e-03  -4.4151681e-03
   2.8898024e-01   8.2286888e-01   4.7117033e+00   4.8044122e-03   2.0856432e-03  -4.3060324e-03
   2.9278733e-01   8.3463828e-01   4.7061967e+00   4.8959747e-03   2.2753800e-03  -4.3135101e-03
   2.7249244e-01   8.2333104e-01   4.6749871e+00   4.0664439e-03   1.9386191e-03  -4.0231177e-03
   2.8507825e-01   8.2453334e-01   4.7103769e+00   4.7054444e-03   1.4835342e-03  -4.2464586e-03
   2.7217355e-01   8.3654974e-01   4.7192625e+00   4.9163879e-03   1.6418213e-03  -3.9436615e-03
   2.7640084e-01   8.4855391e-01   4.7132578e+00   4.3896531e-03   1.9329190e-03  -4.0737703e-03
   2.8376602e-01   8.2290965e-01   4.7313193e+00   4.7289200e-03   1.9296076e-03  -4.3478757e-03
   2.9670177e-01   8.4754612e-01   4.7719457e+00   5.2517627e-03   2.4982743e-03  -4.3923377e-03
   2.7669095e-01   8.4924379e-01   4.7589133e+00   4.5865767e-03   1.2059348e-03  -4.5018995e-03
   2.8788653e-01   8.6111839e-01   4.7670800e+00   4.6814714e-03   1.9982190e-03  -4.4461144e-03
   2.9127779e-01   8.4740784e-01   4.7854577e+00   4.9356175e-03   2.0535067e-03  -4.2692274e-03
   2.8486278e-01   8.5397365e-01   4.8253397e+00   5.3607638e-03   2.1765154e-03  -4.1730234e-03
   2.3468454e-01   8.5592076e-01   4.7651362e+00   4.1331540e-03   4.8198993e-04  -3.6187547e-03
   1.8614110e-01   8.9453094e-01   4.8793275e+00   4.6132300e-03  -1.6925563e-03  -4.8107440e-03
   2.6167553e-01   8.8485083e-01   4.8877541e+00   4.7781925e-03   2.9760569e-03  -4.9171703e-03
   2.5281437e-01   8.5588244e-01   4.8702989e+00   4.3186113e-03   2.3391133e-03  -4.7213996e-03
   2.5776190e-01   8.8917523e-01   4.8770270e+00   4.6161736e-03   2.3641855e-03  -5.0898343e-03
   2.7962729e-01   9.4002322e-01   4.8516828e+00   4.9749136e-03   2.5867894e-03  -5.3971331e-03
   2.8106418e-01   9.1833301e-01   4.8455154e+00   5.3664160e-03   2.4948161e-03  -5.2369810e-03
   2.7330489e-01   9.2077285e-01   4.8992563e+00   5.4537562e-03   2.5065675e-03  -5.0656651e-03
   2.5312460e-01   9.1922989e-01   4.9070885e+00   4.7060686e-03   1.7523034e-03  -5.1885685e-03
   2.4643024e-01   9.2946260e-01   4.9184543e+00   5.0610030e-03   2.1837644e-03  -4.7162087e-03
   2.6974900e-01   9.0861711e-01   4.9693419e+00   5.0322673e-03   1.6391404e-03  -5.5313784e-03
   2.7899242e-01   9.3140126e-01   4.9800243e+00   5.7919984e-03   2.0509425e-03  -5.5579312e-03
   2.7359220e-01   9.0554854e-01   4.9483596e+00   4.6506965e-03   1.6032482e-03  -5.5966665e-03
   2.6705084e-01   9.1102090e-01   4.9670873e+00   4.8835192e-03   2.0073532e-03  -5.0963908e-03
   2.4738159e-01   9.1507111e-01   4.9676302e+00   4.7366042e-03   1.5465282e-03  -5.0308290e-03
   2.5897729e-01   9.3331651e-01   4.9767225e+00   4.7151532e-03   1.9823003e-03  -4.9819427e-03
   2.6877007e-01   9.3871161e-01   4.9680860e+00   4.5048716e-03   2.3381743e-03  -5.1565328e-03
   2.6133262e-01   9.4105413e-01   5.0105642e+00   4.8912380e-03   1.8011050e-03  -5.2437484e-03
   2.4434519e-01   9.3388274e-01   5.0296684e+00   5.2065219e-03   1.4869363e-03  -4.8222054e-03
   2.5434077e-01   9.0765811e-01   5.0043212e+00   4.6175260e-03   1.7945765e-03  -4.6687848e-03
   2.5955091e-01   9.4558148e-01   5.0015161e+00   4.6172526e-03   1.4048480e-03  -5.1380208e-03
   2.4271364e-01   9.3416129e-01   5.0500222e+00   4.5994342e-03   1.6783480e-03  -4.9058456e-03
