   0.0000000e+00   0.0000000e+00   7.6293771e-15   8.7231709e-18   1.7250963e-18  -1.5048310e-35
   2.8338285e-02   6.2389164e-02  -7.7596097e-02   2.0885206e-03  -3.7057981e-04  -6.1778794e-04
   1.0077473e-03   4.4249764e-02  -1.0099709e-01   1.7896409e-03  -1.3817125e-04  -1.3551753e-04
  -2.1651167e-02   4.3440315e-02  -1.3759737e-01   2.6868032e-03   8.3838325e-04   4.5250885e-05
   6.4311849e-03   8.1520471e-02  -1.8924183e-01   1.5109538e-03   5.6882729e-04  -1.4143383e-04
  -2.3443069e-02   4.6009013e-02  -9.1569953e-02   2.2932916e-03   3.9998102e-04   6.7848797e-04
   5.2278863e-03   1.8894303e-02   3.5746265e-02   1.1201633e-04  -4.5614472e-04  -1.5292921e-04
  -1.1852075e-02   3.3866004e-02   4.2024463e-02  -9.9478398e-04   2.0072460e-04   1.1125716e-04
  -8.7707119e-03   1.3020210e-02   1.9385369e-02  -7.5224952e-04  -4.5061665e-05  -1.0167336e-04
  -3.7311598e-02   2.6753368e-02   7.4983396e-02  -6.7023708e-04  -5.2411673e-05   2.9446877e-04
  -1.1964032e-02   3.6350395e-02   1.4163562e-02  -2.7221606e-03  -5.3018872e-04   1.3605388e-04
  -2.8188047e-02   4.9464670e-02   1.9683877e-02  -1.1222294e-03  -6.5786530e-05   8.7955855e-05
  -5.1499944e-02   3.9351010e-02   3.5250207e-02  -5.0334730e-04  -9.1949343e-04   3.1794401e-04
  -3.1639645e-02   2.4977411e-02   3.8983571e-03  -1.5455296e-03  -3.7052160e-04   1.0265839e-04
  -1.9533405e-02   3.9830817e-02   5.7671983e-02  -1.1328277e-03   5.0868050e-04  -1.7625073e-04
  -4.3823910e-02   4.0616862e-02  -2.0617800e-02  -2.7069769e-03  -2.8150016e-04   5.8030177e-04
  -1.1976211e-02   3.3888415e-02  -1.3840611e-02  -1.3491774e-03   4.0177738e-04  -4.1343502e-04
   2.8152164e-03   2.6276765e-02  -4.6289549e-02  -2.3337508e-03   1.4327391e-04  -2.9389065e-04
  -3.6757465e-02   4.2597973e-02  -1.4198935e-02  -1.6051305e-03  -1.4663788e-04   4.3307074e-04
  -5.0899771e-02   7.0580707e-02  -4.1541516e-02  -3.2721212e-03  -4.7940806e-04   6.0582981e-04
  -1.9238938e-02   4.5587518e-02  -7.9536207e-02  -3.3583331e-03  -4.7417248e-04  -1.4455183e-05
  -4.0893929e-02   2.0016701e-02  -9.7792393e-02  -3.3791600e-03  -2.3269291e-05   6.1978381e-04
  -2.8640048e-02   3.7202748e-02  -7.9455253e-02  -2.7404359e-03   5.8562201e-04  -9.4308826e-05
  -1.8166516e-02   9.8553361e-03  -8.3157636e-02  -2.6905686e-03   2.6948735e-04  -9.6083315e-05
  -1.8289930e-02   2.6400518e-02  -1.1852463e-01  -3.2637062e-03   2.1909138e-04   2.4694977e-04
  -5.7168053e-02   1.5419398e-02  -9.9259159e-02  -1.4523546e-03  -1.1992541e-03   5.1228465e-04
  -3.5407307e-02   3.7363858e-02  -1.1050959e-01  -3.1019341e-03  -4.8969037e-04   2.6129484e-04
  -4.7098582e-02   3.3921442e-03  -9.2453953e-02  -2.5276016e-03   9.5941971e-06   5.0124939e-04
  -2.2101021e-02   2.0044670e-02  -6.1450503e-02  -2.8392165e-03   6.8543754e-04   4.6238876e-04
  -3.3676128e-02   1.2853736e-02  -1.2000995e-01  -3.7700829e-03   1.7921155e-04   2.8087305e-04
  -6.0591644e-02   4.6213175e-02  -1.0797252e-01  -3.0571818e-03  -3.3587943e-04   6.2403053e-04
  -1.7870485e-02   2.9932031e-02  -1.0675969e-01  -2.8004381e-03   3.6228762e-04   4.4951221e-05
  -3.7887370e-02   4.3126713e-02  -3.4881385e-02  -2.4206123e-03   2.6142539e-04   1.8354027e-04
  -3.8377855e-02   1.2343590e-02  -9.9852935e-02  -3.4116343e-03  -3.7896193e-04   4.3937827e-04
  -5.7088927e-02  -7.8353562e-03  -7.0105166e-02  -2.6487281e-03   1.9000104e-04   5.0483581e-04
  -5.4634924e-02  -5.5244464e-03  -1.3169065e-01  -4.0625127e-03   8.5012213e-05   8.6484441e-04
  -7.2081266e-02  -1.1373385e-02  -7.6430964e-02  -3.6986535e-03  -9.1005189e-04   8.6322604e-04
  -4.5191658e-02   9.3749881e-03  -1.1102914e-01  -3.6948979e-03  -3.1577533e-04   2.6471326e-04
  -5.4899198e-02  -1.5793548e-02  -6.5329324e-02  -4.1351704e-03  -1.0795683e-03   1.7085674e-04
  -5.8750827e-02   1.1201960e-02  -8.4460426e-02  -3.4455673e-03  -6.2250869e-04   1.7423437e-04
  -4.7789431e-02  -8.9219700e-03  -9.7177283e-02  -3.8313655e-03  -6.1227015e-04  -2.4601695e-04
  -6.2467993e-02  -2.7592993e-02  -1.5011953e-01  -3.8242452e-03  -7.7553820e-04   3.5806649e-04
  -6.0534769e-02  -6.8475795e-04  -1.0378091e-01  -2.6533537e-03  -6.5154510e-04  -4.8307411e-05
  -7.5691532e-02   1.2253512e-02  -1.2262795e-01  -3.6298212e-03  -3.7511599e-04   2.9796243e-04
  -5.7942096e-02  -6.7923383e-04  -1.4130281e-01  -2.1696455e-03  -1.6363375e-04   3.3267357e-05
  -5.0239296e-02   2.7265117e-02  -1.2824780e-01  -3.4449160e-03  -3.9623689e-04  -2.7325645e-04
  -6.2537626e-02   5.5807703e-03  -1.3886443e-01  -2.5519428e-03   8.3732353e-04  -1.8258089e-04
  -6.3150481e-02   1.0513665e-02  -8.5766814e-02  -3.7402225e-03   7.3677858e-05   2.5336441e-04
  -5.3078888e-02   1.2149492e-02  -1.1812364e-01  -3.9125885e-03   2.1901429e-04   4.1777514e-04
  -5.1404712e-02  -4.4003800e-03  -1.0208926e-01  -3.6182783e-03   6.8991415e-04   4.7251232e-04
  -9.0756230e-02  -6.7301993e-03  -1.1349247e-01  -4.7381923e-03   1.9153991e-04   5.8147719e-04
  -2.7014005e-02  -1.0681675e-02  -1.3794873e-01  -4.3450639e-03   2.5461320e-04  -3.4025264e-04
  -4.3989975e-02   3.6260454e-02  -1.2356231e-01  -3.6977636e-03   4.2518751e-04  -3.6440548e-04
  -5.2725236e-02  -2.8236299e-02  -1.1729892e-01  -2.3148097e-03  -6.4488614e-04  -8.1663376e-04
  -7.1275486e-02   2.4700368e-02  -1.6468985e-01  -4.7670007e-03  -6.7510591e-04  -1.0659192e-04
  -7.4160904e-02   2.2383815e-02  -1.1720448e-01  -3.2028124e-03  -2.8893612e-04   3.0581082e-04
  -5.5299542e-02   2.8887643e-02  -1.3939239e-01  -3.8646635e-03   3.7890967e-04   9.4593722e-05
  -7.7572040e-02   1.9747206e-02  -1.5010485e-01  -3.8143703e-03   4.2491607e-04   2.9307884e-04
  -7.4928213e-02   1.5386345e-04  -1.3076917e-01  -3.4678390e-03  -5.3799431e-05  -3.3198341e-04
  -8.3898595e-02  -4.1216870e-03  -1.2390498e-01  -4.4611032e-03  -6.0583767e-04  -1.5160657e-05
  -9.7233155e-02   1.2436345e-02  -8.4217666e-02  -3.4342939e-03  -6.3988851e-04   2.8325754e-04
  -7.5063428e-02  -1.4962169e-02  -1.1792319e-01  -2.4301110e-03  -4.3663617e-04  -2.2725814e-05
  -7.3119287e-02   2.4420934e-02  -1.2467683e-01  -4.0510878e-03  -5.2830885e-04   2.2416718e-04
  -9.1587951e-02  -1.3545424e-02  -9.3515749e-02   1.1562817e-03  -2.2157729e-05  -3.6071570e-04
  -8.9363723e-02   3.0861373e-02  -8.1581069e-02  -4.2970791e-03  -1.2675906e-03   1.8465455e-04
  -1.0032273e-01   3.0133625e-02  -7.3180156e-02  -3.7413996e-03  -6.0442229e-04   3.9498963e-04
  -7.5397810e-02   4.0899416e-02  -8.0223079e-02  -4.5915733e-03  -1.0083432e-03   6.5357591e-05
  -1.0086751e-01   2.6922191e-02  -1.0685929e-01  -5.1923183e-03  -7.0693909e-04   5.4572809e-04
  -8.8083204e-02   2.6865438e-02  -1.0073416e-01  -4.7744147e-03  -5.1754108e-04   3.1787852e-04
  -9.3035435e-02   5.9540964e-02   1.5798704e-02  -4.1603340e-03  -4.1573242e-04   1.0413529e-04
  -8.1659304e-02   4.2301607e-02  -1.3287775e-02  -5.0988875e-03  -1.9727172e-04   5.4895955e-05
  -7.2637130e-02  -4.5975287e-04   5.3566788e-03  -5.0378733e-03  -4.9239973e-04   5.7493922e-04
  -6.8686930e-02   6.4196725e-02   6.6174881e-03  -4.8818948e-03   4.8130129e-05   1.2787181e-04
  -7.8308775e-02   3.9070570e-02   2.4173768e-02  -5.3521199e-03  -1.1214647e-03   2.9390234e-04
  -7.2273098e-02   3.1185775e-02  -3.1179851e-03  -5.2486538e-03  -5.1163556e-04   2.1348562e-05
  -6.2946572e-02   5.4446359e-02   8.3125314e-03  -4.9080116e-03  -8.2668662e-04  -4.1875277e-04
  -9.3479936e-02   5.5259726e-02  -3.8228905e-02  -5.2579487e-03  -4.2658654e-04   1.9730443e-04
  -1.3659403e-01   3.4747546e-02  -5.1992270e-02  -5.0503509e-03  -1.6090711e-03   5.6631275e-04
  -1.2518254e-01   7.2366776e-03  -5.1910052e-02  -5.9780496e-03  -2.2266106e-03  -1.4923493e-04
  -9.5954642e-02   2.1070941e-02  -3.8290865e-02  -6.0962337e-03  -1.3248194e-03  -1.1781239e-04
  -7.1233552e-02  -8.0983505e-03   6.1040319e-02  -5.8517821e-03  -2.0624851e-05   1.3456770e-04
  -2.9967711e-01  -7.6843134e-02  -1.9745612e-01  -1.0865488e-02  -4.1042846e-03  -7.5813581e-04
   1.8421422e-01  -1.6241349e-01   1.3682456e-02  -2.0018631e-02   1.4671016e-03   5.0405519e-03
  -1.0575856e-01  -7.6507596e-03  -3.9107876e-01  -3.3554110e-02   2.5720816e-03   1.8024907e-03
   3.1795213e-02   5.4056702e-02   3.3301860e-01  -3.6497906e-02   2.0928992e-03   6.2728178e-03
  -3.6260620e-03   1.0288023e-01   2.8442029e-01  -3.1784879e-02   2.8031936e-03   3.1494102e-03
  -1.7629313e-01   6.0790920e-02   1.3817995e-01  -3.0538652e-02  -2.1844377e-03   1.9655752e-03
  -1.5936247e-02   5.7091028e-02  -1.9252925e-01  -3.0694536e-02  -2.1469942e-03   3.3999766e-03
  -4.7823919e-02   1.0689501e-01   3.1564525e-01  -2.8133755e-02  -6.9605007e-04   1.6517139e-03
  -5.6384239e-02   1.1151131e-01   3.6462491e-01  -2.7469889e-02  -1.2110668e-03   2.2303511e-03
  -7.1815889e-02   1.4020362e-01   3.5948795e-01  -2.6560495e-02  -1.5495555e-03   1.3017131e-03
  -9.8685314e-02   1.0933083e-01   2.6111887e-01  -2.6425608e-02  -2.6165583e-03   1.2842796e-03
  -1.1181160e-01   8.6522148e-02   4.2045058e-01  -2.5320562e-02  -3.8721267e-03   1.2098501e-03
   3.6201762e-02  -9.6675153e-02   1.3040711e-01  -1.8828349e-02   4.7251507e-03  -1.0615956e-03
  -1.7640763e-02  -1.0054863e-02  -1.7027259e-02  -2.8817784e-02   8.4797677e-03   4.3411206e-03
   1.1401850e-02   1.7359916e-02   3.2559102e-02  -1.2259038e-02   4.9152952e-03   2.4915041e-04
   2.0739422e-03  -1.1836587e-04   1.4155157e-01  -1.4796164e-02   3.3957175e-03  -3.1939463e-04
  -1.6319371e-02   1.8174572e-02   1.5119000e-01  -1.4692355e-02   3.7722550e-03   4.5063078e-04
   7.3591430e-03   2.4458980e-02   2.7448597e-01  -1.3993049e-02   3.7369537e-03  -6.9821442e-05
  -8.9252087e-03  -3.4912405e-02   2.5665324e-01  -1.3761647e-02   3.0562717e-03  -2.5551895e-06
  -6.2618942e-03   6.0907128e-02   2.1730054e-01  -1.5641764e-02   3.5014175e-03   9.9100443e-05
  -3.2222250e-02   1.1991093e-02   1.4558224e-01  -1.6616825e-02   2.3317299e-03   1.1238418e-04
  -6.0337357e-02  -6.2907460e-02   1.4474802e-01  -1.8898066e-02   1.6862576e-03  -7.7348021e-05
  -9.3064075e-02   5.8592296e-02   2.1292912e-01  -2.1550242e-02   3.0835949e-03   1.4723398e-03
  -7.7289031e-02   1.9049621e-02   1.8000788e-01  -2.2264501e-02   3.0237903e-03   1.2543472e-03
  -6.8781156e-02   6.3960098e-02   2.5143059e-01  -2.0485018e-02   3.8677975e-03   9.6773168e-04
  -5.3932088e-02   6.3267558e-02   2.8587606e-01  -1.9776595e-02   3.2558398e-03   6.7769874e-04
  -4.7845087e-02   9.5492016e-02   2.8209852e-01  -1.9015532e-02   3.9349292e-03   8.2629921e-04
  -5.6069048e-02   7.2328661e-02   3.3174593e-01  -1.8848403e-02   3.2106909e-03   9.2959822e-04
  -1.5487038e-02   8.5577785e-02   3.3268227e-01  -1.9452481e-02   4.0665632e-03   5.4320039e-04
  -7.8641399e-02   6.5529924e-02   3.2283314e-01  -1.9457892e-02   3.0069127e-03   1.3352334e-03
  -5.8060752e-02   6.8165677e-02   3.4077106e-01  -1.9216301e-02   3.2497794e-03   7.8051662e-04
  -5.2926504e-02   8.7262665e-02   4.4172042e-01  -1.8140569e-02   2.9340257e-03   1.0392954e-03
  -5.2739947e-02   6.9269469e-02   3.6910586e-01  -1.9418795e-02   3.5975335e-03   1.1979975e-03
  -3.6973167e-02   8.6311127e-02   4.3958096e-01  -1.9110286e-02   3.3342208e-03   6.6318730e-04
  -4.9094575e-02   1.0722397e-01   3.9818787e-01  -1.8591491e-02   3.7520794e-03   5.4715879e-04
  -5.5984595e-02   9.7773267e-02   4.1611941e-01  -1.8539927e-02   3.3421062e-03   1.1591365e-03
  -4.0598386e-02   9.3237466e-02   4.1354005e-01  -1.8609375e-02   3.4021631e-03   6.4232761e-04
  -3.7344571e-02   1.0876233e-01   4.3316044e-01  -1.8625865e-02   3.4517434e-03   9.9426573e-04
  -3.2005378e-02   9.2123922e-02   4.4693321e-01  -1.8067636e-02   3.7423771e-03   9.6793047e-04
  -5.6010323e-02   8.7747719e-02   4.3732157e-01  -1.8982758e-02   3.6611023e-03   1.0727202e-03
  -2.9764217e-02   1.1098496e-01   4.2601185e-01  -1.8178457e-02   3.9557148e-03  -2.7558938e-05
  -5.0552018e-02   1.1381782e-01   4.2909520e-01  -1.8535165e-02   3.6386335e-03   7.9010767e-04
  -4.2454174e-02   1.2030860e-01   4.4357964e-01  -1.7218406e-02   3.9330070e-03   5.9194110e-04
  -5.2340401e-02   1.0020816e-01   4.4094006e-01  -1.6417904e-02   3.5039775e-03   1.1324354e-03
  -6.6582944e-02   1.4833180e-01   4.1279773e-01  -1.7280010e-02   2.4410031e-03   6.6646088e-04
  -1.2379286e-01   1.1312727e-01   1.2917874e-01  -1.4976594e-02   4.3892235e-03   1.3677056e-03
  -4.4487880e-02   1.3308308e-01   4.1611370e-01  -1.4523178e-02   4.3609070e-03   1.4328167e-03
  -3.4448485e-02   1.4193349e-01   3.9596709e-01  -1.4381278e-02   3.6109480e-03   9.8712756e-04
  -3.6703224e-02   1.4845819e-01   4.2608297e-01  -1.3609765e-02   3.1853299e-03   9.6082950e-04
  -4.1758387e-02   1.4236482e-01   4.5080604e-01  -1.3848213e-02   3.2038005e-03   8.6176867e-04
  -3.8189332e-02   1.4700361e-01   4.6758121e-01  -1.4298749e-02   2.8439897e-03   9.4540106e-04
  -1.9902635e-02   1.5836361e-01   4.7024270e-01  -1.5075610e-02   3.0618501e-03   8.7976954e-04
  -2.5394216e-02   1.5794215e-01   4.9143910e-01  -1.4803500e-02   2.5266876e-03   4.8919469e-04
  -4.2141194e-02   1.3830504e-01   4.9274512e-01  -1.5381494e-02   2.8024550e-03   1.1503439e-03
  -3.8041478e-02   1.6493550e-01   4.9997727e-01  -1.5295383e-02   2.8343133e-03   5.5784401e-04
  -4.4985528e-02   1.4522458e-01   5.6618127e-01  -1.6451423e-02   2.4431949e-03   4.9975542e-04
  -1.5913343e-02   1.5840854e-01   5.5531302e-01  -1.5146765e-02   2.8655928e-03   3.9729705e-04
  -5.0955423e-02   1.2766087e-01   6.3760721e-01  -1.5624910e-02   2.3504509e-03   9.5598245e-04
  -4.5685852e-02   1.2758561e-01   5.8022633e-01  -1.5516097e-02   2.5970713e-03   9.4284495e-04
  -3.6059703e-02   1.4939884e-01   5.7537788e-01  -1.5645892e-02   2.4114789e-03   1.0792494e-03
  -4.7128405e-02   1.4125675e-01   5.7565314e-01  -1.5034422e-02   2.5177883e-03   1.4103643e-03
  -4.9001533e-02   1.4580401e-01   5.7857847e-01  -1.3509167e-02   1.1601704e-03   2.4682046e-04
  -5.8582083e-02   1.5963690e-01   5.8416843e-01  -1.4448770e-02   1.3468286e-03   2.7022994e-04
  -3.1275000e-02   1.7104315e-01   5.9324813e-01  -1.4782492e-02   2.2336186e-03   3.1836005e-04
  -1.9565998e-02   1.6470850e-01   6.3144020e-01  -1.4661700e-02   2.3377761e-03   8.5685473e-05
  -6.9948244e-02   1.6374799e-01   6.4128123e-01  -1.6224752e-02   1.7676275e-03   6.1833003e-04
  -2.8626934e-02   1.6666188e-01   6.5685478e-01  -1.5036252e-02   1.7718983e-03   1.3999451e-04
  -4.6004102e-02   1.6068234e-01   6.7261443e-01  -1.5469097e-02   2.0397325e-03   2.7232618e-04
  -2.8863617e-02   1.5396065e-01   6.3192535e-01  -1.4094935e-02   1.9138226e-03   5.2773766e-04
  -1.6632092e-02   1.6601238e-01   6.5724999e-01  -1.4323558e-02   2.5031498e-03   1.8947531e-04
  -4.9553079e-02   1.7665347e-01   6.8270418e-01  -1.4819722e-02   2.1390078e-03   6.1806222e-04
  -2.4945244e-02   1.5736264e-01   6.4089817e-01  -1.6395187e-02   2.1419296e-03   1.7867167e-04
  -4.8504433e-02   1.8773523e-01   6.3175821e-01  -1.5880129e-02   2.2525551e-03   4.9658789e-04
  -2.7587218e-02   1.7822398e-01   6.8695441e-01  -1.5135267e-02   2.0780328e-03   2.3210468e-04
  -4.8490578e-02   1.9785114e-01   6.8934009e-01  -1.5418123e-02   1.3150182e-03   4.0790401e-04
  -3.2422300e-02   1.9439201e-01   7.0659420e-01  -1.5485946e-02   2.0460273e-03   5.9204479e-04
  -5.1129462e-02   1.7431010e-01   6.7875554e-01  -1.6255279e-02   1.7174976e-03   8.9054520e-04
  -2.2594330e-02   1.8496534e-01   7.2119908e-01  -1.7088894e-02   1.8452845e-03   4.0184462e-04
  -3.7223311e-02   1.8510833e-01   6.9700512e-01  -1.6228261e-02   2.0795330e-03   7.1113300e-04
  -5.4632354e-02   1.8068061e-01   7.1547352e-01  -1.6121922e-02   1.8813617e-03   1.1338058e-03
  -7.8303617e-02   1.7262621e-01   7.0973509e-01  -1.6459184e-02   6.1412174e-04   6.0045308e-04
  -3.2215122e-02   1.7302867e-01   7.1584674e-01  -1.5547262e-02   1.6144342e-03   2.6815510e-04
  -5.4714480e-02   1.7779831e-01   7.2962617e-01  -1.4913612e-02   1.6583086e-03   6.6277133e-04
  -3.7787073e-02   1.8511255e-01   7.3503538e-01  -1.7328605e-02   1.2868570e-03   4.1722710e-04
  -4.2831753e-02   1.7687202e-01   7.7673059e-01  -1.4541194e-02   1.4051096e-03   2.9746805e-04
  -4.0329740e-02   1.7904804e-01   7.3711271e-01  -1.6378039e-02   1.5414979e-03   4.4846564e-04
  -4.5089023e-02   1.9374000e-01   7.6956665e-01  -1.5633728e-02   1.6231237e-03   4.0512476e-04
  -5.0549108e-02   2.0040754e-01   7.4474546e-01  -1.6313232e-02   1.8634209e-03   4.9923330e-04
  -3.8066182e-02   1.9479329e-01   7.7359727e-01  -1.5867363e-02   7.7968002e-04   3.9932145e-04
  -4.8993892e-02   2.0240016e-01   7.7779316e-01  -1.6009997e-02   1.5549427e-03   8.4728718e-04
  -1.1776068e-02   1.9287926e-01   8.2349615e-01  -1.6230698e-02   1.5031185e-03   1.0023238e-04
  -4.8321531e-02   1.8898004e-01   7.6514826e-01  -1.5917365e-02   1.1269667e-03   4.0151482e-04
  -2.8091123e-02   2.0473226e-01   7.9700797e-01  -1.5104389e-02   1.6739579e-03   1.9150145e-04
  -2.4130053e-02   2.0535091e-01   7.8884167e-01  -1.5492692e-02   1.7726173e-03   3.7351198e-04
  -5.3877711e-02   1.8032682e-01   8.1942351e-01  -1.6572760e-02   9.1584787e-04   4.2237281e-04
  -3.8844401e-02   1.9082857e-01   8.1525329e-01  -1.5661688e-02   1.2534754e-03   3.7641432e-04
  -6.5573566e-02   1.9615179e-01   8.3536468e-01  -1.5560189e-02   1.6899251e-03   5.8626016e-04
  -1.5697360e-02   2.1230973e-01   8.4948537e-01  -1.5725717e-02   1.9596897e-03   6.9567606e-04
  -8.4160267e-03   2.0912225e-01   8.2177996e-01  -1.5913574e-02   2.2222760e-03   5.3648304e-04
  -2.8332831e-02   1.8504341e-01   9.0347394e-01  -1.6177890e-02   1.6741103e-03   7.1390736e-04
  -2.4155789e-02   1.9503096e-01   8.6239130e-01  -1.6245634e-02   1.7510500e-03   1.9362924e-04
  -2.5578477e-02   1.8696783e-01   8.4373777e-01  -1.6713826e-02   1.7559186e-03   4.9700533e-04
  -4.5675016e-02   1.9895895e-01   8.7174739e-01  -1.3308060e-02   8.4346397e-04   1.8624929e-04
  -4.5657788e-02   2.1215376e-01   8.3972315e-01  -1.5627887e-02   1.0938594e-03   7.5146948e-04
  -6.5180853e-02   1.5523771e-01   9.1489105e-01  -1.4046727e-02   3.0303786e-04   4.4821849e-04
  -5.2692997e-02   1.8173386e-01   8.8248403e-01  -1.5825411e-02   9.4504379e-04   8.1788176e-04
  -2.8112563e-02   2.2081224e-01   8.9245016e-01  -1.5797895e-02   1.1896977e-03   5.5096207e-04
  -4.7996237e-02   1.9012355e-01   9.5856657e-01  -1.5546608e-02   1.1236132e-03   6.0743844e-04
  -5.9285716e-02   1.8996353e-01   9.1030206e-01  -1.6243420e-02   1.0157095e-03   9.9040921e-04
  -4.2192526e-02   1.9942565e-01   9.5218151e-01  -1.4978186e-02   1.1678290e-03   5.8238598e-04
  -3.0064605e-02   1.9311022e-01   9.2312560e-01  -1.6173054e-02   1.3617267e-03   4.9169067e-04
  -6.1572636e-02   2.0593772e-01   9.7499986e-01  -1.5234032e-02   8.5832485e-04   1.0066219e-03
  -3.2659943e-02   1.8954932e-01   9.2421289e-01  -1.7067032e-02   8.3827245e-04   6.2122605e-04
  -4.6488499e-02   1.9386401e-01   9.8463866e-01  -1.5844746e-02   1.2504075e-03   3.1579449e-04
  -3.4372648e-02   1.9504865e-01   9.5396456e-01  -1.6200704e-02   1.1568465e-03   8.1310713e-04
  -4.9896946e-02   1.9676191e-01   9.9769946e-01  -1.5735102e-02   9.6218827e-04   7.5257621e-04
  -3.5452234e-02   1.8470500e-01   9.7103764e-01  -1.5758722e-02   1.3339180e-03   7.5018785e-04
  -5.3343761e-02   2.1271727e-01   1.0208612e+00  -1.5478045e-02   5.6964388e-04   9.3772730e-04
  -3.7721306e-02   2.2893215e-01   9.7210131e-01  -1.5380182e-02   1.9514498e-03   1.0638720e-03
  -3.5188597e-02   2.2302410e-01   1.0045041e+00  -1.5364220e-02   2.6760617e-03   1.3923696e-03
  -5.0019471e-02   1.8346120e-01   9.6821217e-01  -1.3266602e-02   7.0951597e-04   2.6801190e-04
  -6.0438383e-02   1.9771550e-01   1.0122366e+00  -1.5227042e-02   9.7532986e-04   8.3967622e-04
  -3.7212767e-02   2.0060868e-01   1.0079178e+00  -1.6681758e-02   6.4684934e-04  -3.5869041e-04
  -6.7081771e-02   2.4290255e-01   9.7246787e-01  -1.6349046e-02   8.8224860e-04   8.5724066e-04
  -6.2523275e-02   2.0970830e-01   1.0248984e+00  -1.7546620e-02   1.0480175e-04   3.7039860e-04
  -7.1616209e-02   2.5115406e-01   1.0336309e+00  -1.7496886e-02   2.8141033e-04   3.4722015e-04
  -5.1331676e-02   2.5153335e-01   1.0631520e+00  -1.7207768e-02   7.1362424e-04   5.8494602e-04
  -6.7547046e-02   2.4376852e-01   1.0830427e+00  -1.5757450e-02   1.1711875e-03   1.2683719e-03
  -6.6205876e-02   2.4370660e-01   1.0615899e+00  -1.7014495e-02  -1.8605981e-04   3.5194868e-04
  -4.7007019e-02   2.3299270e-01   1.0784739e+00  -1.6816925e-02   2.4438472e-04   4.4401929e-04
  -7.7394711e-02   2.5213123e-01   1.0849387e+00  -1.7317953e-02   3.8395968e-04   1.0688330e-03
  -2.3704590e-02   2.5642791e-01   1.1043814e+00  -1.5752367e-02   7.2621597e-04   5.4254522e-04
  -3.1423956e-02   2.4575994e-01   1.0652031e+00  -1.5815909e-02  -3.1544260e-04   1.9517977e-05
  -3.2856757e-02   2.2576048e-01   1.1094218e+00  -1.5435690e-02   1.8787131e-04   7.0900596e-04
  -3.8621034e-02   2.3779397e-01   1.1403525e+00  -1.5226966e-02  -6.5880630e-05   5.6063049e-04
  -2.6894371e-02   2.4055447e-01   1.0781833e+00  -1.6597119e-02   6.9604233e-04   3.6483538e-04
  -5.8923714e-02   2.4482201e-01   1.1287552e+00  -1.6011372e-02   2.2038377e-04   1.2710569e-03
  -4.1861620e-02   2.5393188e-01   1.1205519e+00  -1.8053387e-02  -2.4720390e-04   7.5413648e-04
  -4.0584282e-02   2.3567683e-01   1.1300061e+00  -1.7377216e-02   7.8359513e-04   1.0587024e-03
  -2.1833069e-02   2.6839850e-01   1.1233331e+00  -1.6387467e-02   8.8290148e-04   2.9521156e-04
  -3.1437915e-02   2.7890689e-01   1.1560470e+00  -1.6429970e-02   8.1090991e-04   9.7303243e-04
  -8.0085692e-03   2.3762024e-01   1.1508475e+00  -1.6345569e-02   8.7796490e-04   7.4288444e-04
  -1.2692053e-02   2.6738430e-01   1.1117420e+00  -1.6587305e-02   1.1231112e-03   8.4324141e-04
  -2.7773745e-02   2.6621793e-01   1.1228813e+00  -1.5962150e-02   1.5192033e-03   1.0276244e-03
  -2.5277123e-02   2.5712538e-01   1.1577012e+00  -1.6803470e-02   7.8984129e-04   9.5718890e-04
  -1.3623547e-02   2.5861435e-01   1.1579261e+00  -1.6552748e-02   1.1928549e-03   5.9573252e-04
  -1.8603133e-02   2.7268422e-01   1.1905316e+00  -1.5798775e-02   7.0380851e-04   8.0160866e-04
  -1.9511119e-02   2.8376642e-01   1.1225304e+00  -1.5895871e-02   9.7107767e-04   3.6756077e-04
  -2.4915308e-02   2.5387250e-01   1.1216512e+00  -1.7443627e-02   3.0413394e-05   7.2692336e-04
  -8.4712367e-04   2.6673692e-01   1.1937420e+00  -1.5122412e-02   1.5051003e-03   6.5694618e-04
  -5.2959362e-02   2.6585264e-01   1.0913643e+00  -1.7889071e-02  -2.9325556e-05   9.6300937e-04
  -2.4158191e-02   2.4469229e-01   1.2338471e+00  -1.3256056e-02   2.1043862e-03   4.0149117e-04
  -3.4152319e-03   2.7918724e-01   1.2623123e+00  -1.5562093e-02   2.5027634e-03   1.2153053e-03
  -1.4296560e-02   2.7367394e-01   1.2466880e+00  -1.6172092e-02   1.6244725e-03   8.8529087e-04
  -4.0571910e-03   2.8447964e-01   1.2626357e+00  -1.5551624e-02   2.3334058e-03   8.4899858e-04
  -9.9761993e-03   2.8162334e-01   1.2617258e+00  -1.5124613e-02   1.8063246e-03   1.0170822e-03
   2.2096101e-03   2.8837260e-01   1.2596977e+00  -1.5348194e-02   2.3074078e-03   7.1700752e-04
  -6.7769420e-03   2.9184352e-01   1.2634976e+00  -1.5367972e-02   1.5905057e-03   9.6636227e-04
  -3.2522279e-02   2.6254663e-01   1.2530004e+00  -1.5798920e-02   1.9038567e-03   1.1060089e-03
  -1.3071653e-02   2.8551564e-01   1.3188501e+00  -1.4416273e-02   1.5398214e-03   8.5047926e-04
   6.1983061e-03   2.6742010e-01   1.3314979e+00  -1.5530036e-02   1.3061909e-03   4.0683043e-04
   1.5752930e-02   2.7029590e-01   1.3095446e+00  -1.5650606e-02   1.9744215e-03   4.8658518e-04
  -1.2493728e-02   2.6130060e-01   1.3269657e+00  -1.6091511e-02   1.5242007e-03   4.9411846e-04
  -3.3229688e-02   2.6833336e-01   1.3541263e+00  -1.5030624e-02   1.6056905e-03   1.2314062e-03
  -1.5140602e-02   2.7715539e-01   1.3285362e+00  -1.5728010e-02   1.9168372e-03   8.8949872e-04
   2.0618986e-04   2.8519400e-01   1.3712813e+00  -1.5006117e-02   1.7052590e-03   5.5505895e-04
  -8.6439604e-03   3.0158857e-01   1.3522185e+00  -1.5659758e-02   1.9918689e-03   9.7248928e-04
   5.1956505e-03   2.7944806e-01   1.3609282e+00  -1.5261810e-02   1.2473917e-03   2.6102559e-04
   1.6117389e-02   2.9268325e-01   1.3825583e+00  -1.6012525e-02   1.8553814e-03   6.0604849e-04
  -9.3443568e-03   3.1183154e-01   1.3827305e+00  -1.5113855e-02   1.5345330e-03   3.8932209e-04
  -4.8377349e-03   2.8466144e-01   1.3891260e+00  -1.4852346e-02   4.6491269e-04   4.6230188e-04
  -1.8618840e-02   2.7693702e-01   1.3746181e+00  -1.5772383e-02   7.6098445e-04   7.2408248e-04
  -1.5579950e-02   2.7750326e-01   1.3979645e+00  -1.5291555e-02   5.3397310e-04   2.8968737e-04
  -4.0717296e-02   2.8095859e-01   1.3605131e+00  -1.3003145e-02   3.0266833e-04   4.5582490e-05
  -2.6987011e-02   2.9821864e-01   1.4140784e+00  -1.4304817e-02  -4.1254161e-04   6.8233619e-04
  -1.0375485e-02   2.8919579e-01   1.3913270e+00  -1.5580383e-02   6.7726710e-04   7.4051967e-04
  -1.7184809e-02   3.3030166e-01   1.4413328e+00  -1.4172598e-02   1.2722924e-03   4.0451509e-04
  -1.6011604e-02   2.9535614e-01   1.4679116e+00  -1.5374679e-02   3.3942101e-04   7.4822626e-04
  -2.6842810e-02   3.1978029e-01   1.4464465e+00  -1.5617676e-02   3.4811279e-04   8.4298338e-04
  -3.5010423e-03   3.2450870e-01   1.4711883e+00  -1.5391683e-02   8.6885218e-04   5.1362102e-04
   5.4562456e-03   3.4176807e-01   1.4467033e+00  -1.6315199e-02   4.9880946e-04   4.1254657e-04
  -2.2751675e-02   3.3369337e-01   1.4886724e+00  -1.6190011e-02   7.7290327e-04   8.3702513e-04
  -3.3798110e-02   3.0568327e-01   1.4963182e+00  -1.6882584e-02   9.1691903e-05   7.5867178e-04
  -2.8149502e-02   3.0003755e-01   1.5115542e+00  -1.5879456e-02   5.1393293e-04   7.2887661e-04
   1.1045111e-03   3.0574053e-01   1.5134612e+00  -1.5689738e-02   3.4369668e-04   2.0103893e-04
  -1.7359570e-02   3.1465549e-01   1.5139758e+00  -1.5812301e-02   4.8220460e-04   6.4289879e-04
  -1.1880929e-02   3.0629626e-01   1.5102222e+00  -1.6039212e-02   6.9250410e-04   3.3379952e-04
  -3.5738460e-02   3.1419828e-01   1.5302982e+00  -1.6222065e-02   1.4248264e-04   1.0258477e-03
  -1.5154973e-02   3.1682811e-01   1.5608213e+00  -1.6537279e-02  -2.5225312e-04   5.4402484e-04
  -3.4671711e-02   2.8901355e-01   1.5181274e+00  -1.6729502e-02   4.6370895e-04   1.0837318e-03
  -1.0009329e-03   2.8432733e-01   1.5409992e+00  -1.4060365e-02   1.2596407e-03   2.6830009e-04
   2.9845982e-03   3.0933985e-01   1.5825516e+00  -1.5936270e-02   1.0471422e-03   2.9103533e-04
   7.1412607e-03   3.3299909e-01   1.6018368e+00  -1.5739740e-02   1.4648955e-03   7.6139148e-05
   1.4731310e-02   3.4068488e-01   1.5958677e+00  -1.5706564e-02   9.7769533e-04   3.6444305e-04
  -2.2618806e-02   3.3041945e-01   1.5915786e+00  -1.5974476e-02   6.3991787e-04   7.6974132e-04
   5.9131035e-03   3.4014060e-01   1.6039211e+00  -1.6321432e-02   5.8060954e-04   7.1579989e-04
   5.8958177e-03   3.4553881e-01   1.6160188e+00  -1.5660486e-02   9.1996535e-04   4.3619939e-04
  -4.2123653e-03   3.1760754e-01   1.6687911e+00  -1.5766365e-02   9.6058502e-04   3.8536694e-04
  -5.9158435e-03   3.2310554e-01   1.6523010e+00  -1.5782092e-02   1.2307100e-03   4.6168274e-04
  -1.4310054e-02   3.2975387e-01   1.6406356e+00  -1.5795163e-02   1.0449548e-03   4.9438841e-04
   2.3816631e-03   3.0251746e-01   1.6691712e+00  -1.6106658e-02   6.3355951e-04  -1.6749439e-04
  -1.0780853e-02   3.3763856e-01   1.6565032e+00  -1.6504692e-02   6.1356011e-04   1.8656362e-04
  -1.6178912e-02   3.7700654e-01   1.7024458e+00  -1.5289845e-02   1.0210883e-03   5.7942215e-04
  -1.5026221e-02   3.1109135e-01   1.6705741e+00  -1.4333419e-02   9.3457943e-05   1.5643933e-04
  -7.3971198e-02   7.4232736e-02   1.6594764e+00  -1.6766756e-02   3.2641570e-04   2.1603268e-03
   2.0428601e-02   2.9176655e-01   1.7491467e+00  -1.4101036e-02   3.9179694e-04  -4.0696306e-04
  -4.8907539e-02   3.6188152e-01   1.7056441e+00  -1.5806748e-02   7.9122073e-04   9.0437328e-04
   1.3628520e-02   3.1907961e-01   1.7684315e+00  -1.3466952e-02   7.1674386e-04  -1.5592834e-04
  -5.6667712e-03   3.5313566e-01   1.7144366e+00  -1.5861053e-02   6.6024848e-04   5.1240365e-04
  -1.3188899e-03   3.4792689e-01   1.6937237e+00  -1.6667085e-02   9.0616195e-04   3.2493676e-04
   1.4871692e-02   3.5260518e-01   1.7633736e+00  -1.5660863e-02   1.2922006e-03   4.1921991e-04
  -1.9756687e-02   3.5685683e-01   1.8004285e+00  -1.4789049e-02   1.0323479e-03   9.8383841e-04
  -1.0571526e-02   3.4871532e-01   1.7813930e+00  -1.5577085e-02   1.1125658e-03   1.1636758e-03
   1.3775842e-02   3.6410696e-01   1.7733818e+00  -1.5420042e-02   1.1102566e-03  -4.5082110e-07
  -1.5310554e-02   3.6454857e-01   1.7708485e+00  -1.5653682e-02   1.0741495e-03   9.6484517e-04
   6.0778778e-03   3.5970340e-01   1.8190533e+00  -1.5362070e-02   1.0927095e-03   5.3336878e-04
   3.1602223e-03   3.7992928e-01   1.7871447e+00  -1.5995372e-02   7.3073628e-04   6.5299706e-04
  -2.6385278e-03   4.0423233e-01   1.7972898e+00  -1.5412419e-02   1.6491715e-03   8.0251216e-04
   5.6643711e-03   3.6336979e-01   1.8063877e+00  -1.5157780e-02   9.5437405e-04   1.1444171e-04
  -2.1083476e-02   3.6654226e-01   1.8741166e+00  -1.5540938e-02   6.9539396e-04   8.7081923e-04
  -1.8296278e-02   3.5691972e-01   1.8365938e+00  -1.6148255e-02   5.6619851e-04   8.7303509e-04
  -4.7055869e-02   3.2953961e-01   1.8287170e+00  -1.5782474e-02  -2.5694117e-04   9.3259078e-04
  -4.4283045e-02   3.4570574e-01   1.8667940e+00  -1.4813922e-02  -5.9791179e-04   1.3944306e-03
  -2.2292487e-02   3.5916670e-01   1.8466865e+00  -1.4689266e-02   4.1884366e-04   8.3541755e-04
  -4.0311157e-02   3.8357174e-01   1.8442643e+00  -1.4532519e-02  -1.0571353e-04   4.8540577e-04
   4.7150173e-03   3.6412632e-01   1.9042879e+00  -1.6624636e-02  -7.4561172e-04   2.7044835e-04
  -2.5128573e-02   3.7212904e-01   1.9008202e+00  -1.5790338e-02  -7.1322352e-04   1.0896479e-03
  -1.6505107e-02   3.6993025e-01   1.9119876e+00  -1.5849508e-02  -2.1394781e-05   1.2405479e-03
  -1.6237292e-02   3.8238045e-01   1.9224975e+00  -1.5851782e-02   3.9589556e-05   9.1788594e-04
  -2.4846891e-02   3.8804247e-01   1.9186156e+00  -1.5535826e-02  -1.7537650e-04   1.0815815e-03
   9.6186059e-03   3.8140119e-01   1.9204698e+00  -1.6229840e-02   1.4891636e-04   5.0688799e-04
  -3.6000572e-03   3.9053005e-01   1.9602759e+00  -1.5448693e-02   1.0810257e-04   7.8306511e-04
   2.1099614e-03   3.6712937e-01   1.9332888e+00  -1.5859830e-02   2.2841141e-04   8.9219203e-04
  -1.8087410e-02   3.6089661e-01   1.9571085e+00  -1.4678241e-02   7.9446126e-04   7.3175228e-04
   1.2846216e-02   3.8020087e-01   1.9724066e+00  -1.5395677e-02   4.0102224e-04   8.1828414e-04
   2.5915619e-02   3.7638431e-01   1.9915877e+00  -1.5095641e-02   7.7651405e-05   1.9717883e-04
   2.7529615e-02   3.6979968e-01   1.9723359e+00  -1.5751269e-02   8.1259962e-04   5.1456001e-04
   1.6377863e-02   3.7829780e-01   2.0010744e+00  -1.5789165e-02   2.7457286e-04   6.6373453e-04
   1.0411659e-02   3.4441593e-01   1.9886527e+00  -1.6292366e-02  -2.1516754e-04   7.8635035e-05
   2.9766843e-02   4.1267760e-01   2.1103083e+00  -1.3715434e-02   1.6424553e-03   3.7662522e-04
   4.4399951e-02   3.9375620e-01   2.0825036e+00  -1.5620423e-02   1.7124493e-03   5.1169245e-04
   3.7340856e-02   3.7881260e-01   2.0851824e+00  -1.6086503e-02   1.4252786e-03   1.6760355e-04
   2.1412043e-02   4.2139408e-01   2.1048154e+00  -1.5353364e-02   9.9849559e-04   2.7568099e-04
  -8.8269437e-04   4.0899434e-01   2.0870916e+00  -1.4400415e-02   5.3505307e-04   5.7254324e-04
  -5.0385963e-03   4.1325773e-01   2.0369432e+00  -1.5268964e-02   5.2582986e-04   7.9893561e-04
  -3.6862756e-02   3.8865401e-01   2.0533192e+00  -1.5873013e-02  -7.1936679e-04   4.0009408e-04
  -1.6328169e-02   3.9517369e-01   2.1305686e+00  -1.3657707e-02   4.1906843e-04   5.3308081e-04
  -2.0388364e-02   4.1553187e-01   2.1368113e+00  -1.4060310e-02   1.8491715e-04   6.4492246e-04
   1.6137959e-02   4.1152946e-01   2.1894970e+00  -1.4300946e-02   8.5300856e-04   7.1261570e-05
   2.4013733e-02   3.9197579e-01   2.1897076e+00  -1.4353976e-02   3.8279757e-04  -6.2768607e-05
  -9.5934996e-03   4.2498082e-01   2.1387884e+00  -1.4985768e-02   2.1926141e-04   6.0933375e-04
   6.3280090e-03   4.3994458e-01   2.1936518e+00  -1.4825274e-02   2.9376539e-04   8.1456466e-04
  -7.7376531e-03   4.2432725e-01   2.1567871e+00  -1.6739834e-02  -1.3609950e-04   5.0546775e-04
   1.9621544e-02   4.2214623e-01   2.1522853e+00  -1.5651279e-02   3.4744779e-04  -6.5562599e-05
   1.0930481e-02   4.2431707e-01   2.1930490e+00  -1.5074916e-02  -4.2333543e-05   4.2085767e-04
   2.1685821e-03   4.2836833e-01   2.1769963e+00  -1.5753967e-02   1.8078703e-04   6.0538031e-04
   8.6667775e-03   4.3149041e-01   2.2503917e+00  -1.4861688e-02  -3.1295354e-05   2.3563447e-04
  -4.2043462e-03   3.9650833e-01   2.2098616e+00  -1.5965472e-02  -3.4732744e-04   6.5810655e-04
   1.6850249e-03   4.0587496e-01   2.2216696e+00  -1.5579480e-02  -6.7620663e-05   7.2975528e-04
   2.4071377e-03   4.1352102e-01   2.2162177e+00  -1.6147529e-02  -6.5119493e-04   7.7991625e-04
   1.6218427e-03   3.8091659e-01   2.1966941e+00  -1.5804967e-02  -4.3840094e-04   8.2786886e-04
  -1.2060691e-03   3.8370400e-01   2.1795194e+00  -1.6378485e-02  -7.2968656e-04   8.6492421e-04
  -4.4035030e-02   4.0707968e-01   2.2805526e+00  -1.4521404e-02  -2.1008347e-03  -2.2597929e-04
  -2.4201658e-02   4.1331599e-01   2.2513094e+00  -1.6000992e-02  -1.2300359e-03   4.5683793e-04
   1.1624965e-02   4.1248757e-01   2.2640194e+00  -1.5479201e-02  -9.3410430e-04   6.8140335e-06
  -4.4898616e-02   4.4481139e-01   2.2751378e+00  -1.5379496e-02  -7.1142641e-04   1.3353774e-03
  -1.3474980e-02   4.1715068e-01   2.3123047e+00  -1.6568683e-02  -7.2334566e-04   8.8238264e-04
   1.9027630e-02   4.3648993e-01   2.3245706e+00  -1.5711611e-02  -6.2169058e-04   3.0305319e-04
   1.7594917e-02   4.3122305e-01   2.3331124e+00  -1.6414539e-02   3.9692494e-06   5.1815588e-04
   6.6201476e-03   4.2822580e-01   2.3153423e+00  -1.6231839e-02   9.1077695e-05   3.3820435e-04
   1.2827288e-02   4.3074766e-01   2.3517435e+00  -1.4975725e-02  -9.5990922e-05   1.8167131e-04
  -7.2379935e-03   3.8762649e-01   2.3492948e+00  -1.6210534e-02  -7.3391928e-05   9.8142526e-04
   5.5751755e-02   4.2412618e-01   2.3170806e+00  -1.5084975e-02   1.8920993e-03  -8.3071013e-05
   3.3031193e-02   4.5171183e-01   2.3242229e+00  -1.5561884e-02   4.3185544e-04   4.9333345e-04
   3.9096563e-02   4.3557833e-01   2.3251797e+00  -1.4440144e-02   1.2972644e-03   3.2839498e-04
   3.3286153e-02   4.2573193e-01   2.3966486e+00  -1.4895590e-02   2.1364091e-03   5.8885981e-04
   3.3489680e-02   4.5574530e-01   2.3809489e+00  -1.5077574e-02   6.9854471e-04   1.1804075e-03
  -4.3617807e-03   4.3531056e-01   2.3920809e+00  -1.4414989e-02   1.9538574e-04   1.5616855e-04
   2.3179154e-02   4.5676201e-01   2.4518454e+00  -1.4526056e-02   5.4326834e-04   3.3548131e-04
   4.6295739e-02   4.7125880e-01   2.4450368e+00  -1.5126606e-02   5.3634293e-04   1.7173792e-05
   6.4330417e-03   4.7125338e-01   2.4619520e+00  -1.4837316e-02   1.3162597e-04   8.0793213e-04
   2.3934714e-02   4.7433067e-01   2.4484619e+00  -1.4519580e-02   2.1225747e-04   5.0797943e-04
   1.6650583e-02   4.9086165e-01   2.4712627e+00  -1.4758366e-02   5.5408539e-04   6.9484258e-04
   9.5447332e-03   4.8044166e-01   2.4479774e+00  -1.5377099e-02   1.8932731e-04   6.9787291e-04
   1.5303337e-02   4.5938348e-01   2.4435855e+00  -1.5866608e-02   6.0698054e-04   8.1928067e-04
   3.9468141e-02   4.7418781e-01   2.4811380e+00  -1.5025589e-02   4.2972823e-04   4.4456221e-04
  -1.5033150e-02   4.6123581e-01   2.5733303e+00  -1.4407025e-02   2.5261566e-04   1.1624813e-03
   2.6878683e-02   4.7205726e-01   2.5167139e+00  -1.5551287e-02   1.3410961e-04   3.0117400e-04
  -1.6802654e-02   4.6011555e-01   2.5331211e+00  -1.5380927e-02   4.6550175e-04   1.5794544e-03
   1.4189670e-02   4.5912413e-01   2.5331740e+00  -1.5802106e-02   3.3506523e-04   6.8437254e-04
   2.8339365e-03   4.5790049e-01   2.5368385e+00  -1.5573190e-02   2.3182951e-04   7.6654257e-04
  -1.7978213e-03   4.7276377e-01   2.5234125e+00  -1.5540214e-02   6.7074408e-04   1.0052833e-03
   1.1417586e-02   4.7061802e-01   2.5234441e+00  -1.5695467e-02   7.0427055e-04   1.2162151e-03
  -8.3496435e-03   4.4959366e-01   2.5082668e+00  -1.6305307e-02  -4.9798250e-05   7.2680625e-04
   2.0291947e-02   4.6837730e-01   2.5169125e+00  -1.5706220e-02   3.5982511e-04   1.3512703e-03
   4.4112853e-02   4.6404466e-01   2.4989764e+00  -1.5235439e-02   1.6757303e-03   4.3468914e-04
   2.7834946e-02   4.5544708e-01   2.5504844e+00  -1.4889707e-02   8.9494948e-04   1.0546245e-03
   3.0334001e-02   4.7363265e-01   2.5845057e+00  -1.4799012e-02   8.3652051e-04   4.2522437e-04
   2.3970910e-02   4.7002073e-01   2.5583505e+00  -1.5574846e-02   3.6507469e-04   9.5301377e-04
   2.6953938e-02   5.1138696e-01   2.5590315e+00  -1.5319292e-02   4.6901148e-04   2.0299030e-04
   1.8901942e-02   4.9469349e-01   2.5773891e+00  -1.5126240e-02   9.1037423e-04   5.7334599e-04
   4.3578528e-02   4.8755986e-01   2.5818237e+00  -1.4853890e-02   6.4614795e-04   5.4828035e-04
   1.1893488e-02   5.0206961e-01   2.5734655e+00  -1.5294427e-02   1.0691583e-03   9.8650924e-04
   2.8832749e-02   4.6606358e-01   2.5922338e+00  -1.5138988e-02  -1.6936315e-04   3.3240643e-04
   2.5714398e-02   4.7387998e-01   2.5960465e+00  -1.5640464e-02   7.6666852e-04   6.6541499e-04
   1.9614750e-02   4.8078674e-01   2.6245348e+00  -1.5561588e-02   4.5934709e-04   9.5371414e-04
   3.0168754e-02   4.6441074e-01   2.6218740e+00  -1.5904858e-02   1.7304058e-04   7.4132425e-04
   7.2269221e-03   4.9416437e-01   2.6190497e+00  -1.6138360e-02   7.1550854e-04   1.5668146e-03
   3.2357013e-02   4.8654251e-01   2.6527928e+00  -1.5873025e-02   9.5772686e-06   8.3488892e-04
   2.7761415e-02   5.0172045e-01   2.6547235e+00  -1.5627982e-02   3.2054764e-04   1.0180702e-03
   1.1950760e-02   4.8882915e-01   2.6475878e+00  -1.5852602e-02   1.0530765e-03   1.3602145e-03
   2.4934741e-02   4.9011266e-01   2.6731936e+00  -1.5824291e-02   9.8886293e-04   1.0577241e-03
   2.8097604e-02   4.6974661e-01   2.6636104e+00  -1.5987350e-02   4.8478808e-04   8.7185432e-04
   3.2917133e-02   4.8665745e-01   2.6864745e+00  -1.5626994e-02   5.2848722e-05   5.7260625e-04
  -4.9096378e-03   4.8572791e-01   2.6907992e+00  -1.5983413e-02  -3.8863057e-04   1.5222605e-03
   3.8709409e-02   4.7360032e-01   2.7037286e+00  -1.5988424e-02   6.4654681e-04   1.1022003e-03
   4.2462369e-02   4.9200607e-01   2.6986693e+00  -1.5733104e-02   9.1382494e-04   9.7724015e-04
   2.1722627e-02   4.5639352e-01   2.7311397e+00  -1.5204558e-02   9.4128486e-04   1.3913777e-03
   2.6400971e-02   4.9622495e-01   2.7171058e+00  -1.5715435e-02   7.7628479e-04   9.0801717e-04
   1.0938373e-02   4.7632268e-01   2.7115162e+00  -1.6251126e-02   6.6070666e-04   1.0989623e-03
   5.0820054e-03   4.8285344e-01   2.7408809e+00  -1.5623801e-02   3.7806713e-04   1.2936899e-03
   2.6706402e-02   4.9978136e-01   2.7336135e+00  -1.5862187e-02   2.5669793e-04   9.3261084e-04
   4.4549624e-02   5.0450991e-01   2.7479370e+00  -1.5711225e-02   4.1758894e-04   1.4666324e-04
   3.6582815e-02   4.8032711e-01   2.7247986e+00  -1.6506028e-02  -1.8421382e-06   1.0521352e-03
   2.2621067e-02   4.7728205e-01   2.7672232e+00  -1.5615420e-02   4.1868673e-04   1.3526102e-03
   3.7393064e-02   4.8973387e-01   2.8192059e+00  -1.6472657e-02   5.1374641e-05   4.4511673e-04
   2.2962728e-02   4.7617610e-01   2.7795442e+00  -1.6193028e-02   4.2900758e-05   8.2908646e-04
   3.8504750e-02   4.8801124e-01   2.8275350e+00  -1.4985242e-02   9.4617763e-04   5.2482990e-04
   3.6955486e-02   4.9918616e-01   2.8088887e+00  -1.5914939e-02   1.0492827e-03   1.0851236e-03
  -3.4839038e-02   4.6912782e-01   2.6083033e+00  -1.7662873e-02  -1.1701462e-03   5.3595449e-04
  -1.1884427e-02   5.0863513e-01   2.7784861e+00  -1.5040741e-02  -5.0775008e-04  -3.2100117e-05
   6.4217857e-02   4.8672677e-01   2.8040690e+00  -1.5622838e-02   1.6520296e-03   8.4874165e-04
   7.1292677e-02   5.0306387e-01   2.8390288e+00  -1.5602231e-02   1.8104262e-03   8.7130996e-04
   6.2608055e-02   4.9227284e-01   2.8527938e+00  -1.6412423e-02   2.0297577e-03   7.0113049e-04
   6.8318428e-02   5.3317565e-01   2.9048418e+00  -1.5122899e-02   1.5597713e-03   4.4109007e-04
   6.5874908e-02   5.3914208e-01   2.8863905e+00  -1.5577242e-02   1.9646418e-03   4.7106494e-04
   5.6823029e-02   5.3009081e-01   2.8868945e+00  -1.6115335e-02   1.4853765e-03   7.5271091e-04
   4.6996182e-02   5.4797052e-01   2.9010391e+00  -1.6432159e-02   1.3112658e-03   5.9985562e-04
   4.5896071e-02   5.5229440e-01   2.9233242e+00  -1.5457623e-02   1.1991877e-03   8.2839442e-04
   4.5131492e-02   5.4521903e-01   2.9016584e+00  -1.6661029e-02   1.5762208e-03   1.1727647e-03
   6.6853122e-02   5.4947357e-01   2.9294352e+00  -1.5653974e-02   1.4927879e-03   5.5879614e-04
   6.5603650e-02   5.3178139e-01   2.9545872e+00  -1.5742911e-02   2.2329962e-03   7.6165630e-04
   7.8921586e-02   5.4587797e-01   2.9515690e+00  -1.5935166e-02   1.6826359e-03   6.2845370e-04
   4.3741899e-02   5.1858787e-01   2.9355370e+00  -1.6384618e-02   1.5981599e-03   1.1885699e-03
   5.1928231e-02   5.5375247e-01   2.9598559e+00  -1.5288896e-02   1.5748534e-03   8.4993287e-04
   4.2064959e-02   5.3819871e-01   2.9446776e+00  -1.5326790e-02   1.8890391e-03   1.0648729e-03
   6.0032876e-02   5.3190504e-01   2.9724321e+00  -1.5458675e-02   1.2926385e-03   5.2351792e-05
   7.5407419e-02   5.4076310e-01   2.9828960e+00  -1.5614567e-02   1.7456396e-03   4.6383507e-04
   7.6351701e-02   5.1747323e-01   2.9608487e+00  -1.6992396e-02   1.5210688e-03   6.8247650e-04
   5.7456657e-02   5.3946832e-01   3.0006195e+00  -1.5850189e-02   1.3521494e-03   6.7274075e-04
   4.5718086e-02   5.4240554e-01   3.0004538e+00  -1.6986476e-02   1.5147762e-03   1.2486134e-03
   9.5212003e-02   5.3041612e-01   3.0315337e+00  -1.5905351e-02   1.8367626e-03   5.5170456e-04
   5.6125239e-02   5.4104043e-01   3.0167815e+00  -1.6182227e-02   1.8224114e-03   7.9740991e-04
   7.9924315e-02   5.0944973e-01   2.9813533e+00  -1.7627843e-02   2.5060224e-03   9.0215832e-04
   6.9008523e-02   5.1787965e-01   3.0303487e+00  -1.6725751e-02   1.7694023e-03   8.5169988e-04
   7.5548708e-02   5.1348634e-01   3.0489009e+00  -1.6352814e-02   2.0222544e-03   5.5835515e-04
   5.6304498e-02   5.3661765e-01   3.0513249e+00  -1.5625490e-02   1.9256351e-03   8.7888659e-04
   6.8213521e-02   5.3468920e-01   3.0757741e+00  -1.5410394e-02   1.7875459e-03   4.3328990e-04
   1.7110487e-01   5.0832417e-01   3.2306942e+00  -1.8029239e-02   5.6419982e-03   1.3636088e-03
   7.8935953e-02   5.0491731e-01   3.1088861e+00  -1.8830462e-02   4.4642271e-03   1.5123997e-03
   1.0573797e-01   5.0567379e-01   3.1045204e+00  -1.7949826e-02   4.0448038e-03   1.1419006e-03
   9.5827181e-02   5.1933294e-01   3.1323355e+00  -1.7457715e-02   3.9447125e-03   1.0981595e-03
   6.4187242e-02   5.4577718e-01   3.1533251e+00  -1.6439653e-02   2.3682330e-03   6.4074121e-04
   7.8118154e-02   5.4780290e-01   3.1631515e+00  -1.6901719e-02   2.7606732e-03   6.1670853e-04
   6.7472943e-02   5.5356518e-01   3.2241470e+00  -1.6113358e-02   2.9934736e-03   1.1198714e-03
   8.2542836e-02   5.4871424e-01   3.2182696e+00  -1.7373759e-02   3.0172800e-03   8.2580589e-04
   6.0854798e-02   5.4658027e-01   3.2209229e+00  -1.6336518e-02   2.6098463e-03   9.7941843e-04
   8.2910597e-02   5.5643034e-01   3.1974810e+00  -1.5404707e-02   2.7969378e-03   5.4056024e-04
   7.0072136e-02   5.6749062e-01   3.2110160e+00  -1.6012522e-02   2.2896640e-03   5.4692791e-04
   7.7573075e-02   5.4877723e-01   3.2576956e+00  -1.5013812e-02   2.3843109e-03   5.6778387e-05
   5.7788762e-02   5.4690283e-01   3.2231864e+00  -1.6896856e-02   2.4086193e-03   6.3772601e-04
   5.6636462e-02   5.8418854e-01   3.2773061e+00  -1.6871789e-02   2.3228296e-03   6.6978096e-04
   5.4439270e-02   5.3323014e-01   3.2258206e+00  -1.6830425e-02   1.3639537e-03   6.9762230e-04
   8.4263611e-02   5.3508118e-01   3.2147608e+00  -1.5919108e-02   1.2910047e-03   2.7461600e-04
   7.8448649e-02   5.5461337e-01   3.2448517e+00  -1.5755794e-02   2.0343973e-03   6.7289269e-04
   8.6438159e-02   5.8379098e-01   3.2140972e+00  -1.6580180e-02   1.9459039e-03   4.7132407e-04
   6.0797596e-02   5.6288799e-01   3.2382115e+00  -1.6869901e-02   2.0126154e-03   9.4999359e-04
   8.8938522e-02   5.6607952e-01   3.2421272e+00  -1.7157492e-02   2.0282780e-03   9.3283516e-04
   1.9834879e-02   5.7033125e-01   3.3204238e+00  -1.5519511e-02   2.0876740e-04   5.7355204e-04
   6.7057433e-02   5.6121730e-01   3.2876533e+00  -1.7187006e-02   1.9218325e-04   2.0542937e-04
   4.9488522e-02   5.6457404e-01   3.2979932e+00  -1.6847268e-02   3.9980003e-04   1.0587990e-03
   4.1413524e-02   5.7736383e-01   3.3122637e+00  -1.7131116e-02   3.6988988e-04   1.0276206e-03
   4.5090506e-02   5.7815405e-01   3.2662129e+00  -1.7286804e-02   8.8639271e-04   5.5448475e-04
   5.6306526e-02   5.8835293e-01   3.3209813e+00  -1.6207615e-02   8.6594249e-04   3.1387072e-04
   6.5182887e-02   5.6616213e-01   3.3480502e+00  -1.8602068e-02  -7.9113151e-05   2.7414219e-04
   4.1818388e-02   5.6709131e-01   3.3111359e+00  -1.7391048e-02   7.6936769e-04   8.3743691e-04
   1.1825770e-01   5.4753644e-01   3.3661610e+00  -1.4912376e-02   2.2868346e-03   3.7856040e-04
   9.7974518e-02   5.6063390e-01   3.3437897e+00  -1.6744014e-02   1.7946990e-03   9.1443167e-04
   8.2972012e-02   5.6919749e-01   3.3863045e+00  -1.5952696e-02   1.8262897e-03   6.9220361e-04
   8.9349077e-02   5.6533801e-01   3.3298681e+00  -1.6766319e-02   1.6449197e-03   9.5687333e-04
   1.1733517e-01   5.8584722e-01   3.3484856e+00  -1.6010001e-02   2.1629286e-03  -1.8576111e-04
   8.7833782e-02   5.9412593e-01   3.3361174e+00  -1.6684108e-02   2.0240816e-03   6.0502962e-04
   8.5243145e-02   5.9185462e-01   3.3687535e+00  -1.6931625e-02   1.7256246e-03   1.0927034e-03
   5.6957122e-02   5.5200176e-01   3.3339367e+00  -1.6799628e-02   1.6278256e-03   1.2025377e-03
   1.0846406e-01   5.5289076e-01   3.3774620e+00  -1.6076280e-02   1.9848945e-03   5.5969401e-04
   8.6189989e-02   5.6999084e-01   3.3451283e+00  -1.7050052e-02   1.7661345e-03   5.4920793e-04
   9.6313202e-02   5.6597135e-01   3.3980120e+00  -1.5650442e-02   2.5673265e-03   8.2171192e-04
   9.1582900e-02   5.5043236e-01   3.3930020e+00  -1.6301343e-02   1.6613176e-03   7.6568102e-04
   7.8305107e-02   5.6218096e-01   3.3786502e+00  -1.6265217e-02   2.1116055e-03   1.2647947e-03
   7.9425966e-02   5.5546202e-01   3.3808666e+00  -1.6254268e-02   2.3946673e-03   1.1024892e-03
   9.4968008e-02   5.6279553e-01   3.4024661e+00  -1.7043099e-02   1.4655490e-03   8.3262325e-04
   8.1269123e-02   5.6631098e-01   3.4482505e+00  -1.5851407e-02   1.8124146e-03   8.0007967e-04
   8.1374784e-02   5.4805171e-01   3.4425008e+00  -1.6484375e-02   1.9451847e-03   1.2725854e-03
   5.1040718e-02   5.6159115e-01   3.4165411e+00  -1.6883530e-02   9.3611433e-04   9.7392151e-04
   9.2607509e-02   5.4775103e-01   3.4520846e+00  -1.6107775e-02   1.5904611e-03   1.1733352e-04
   7.5383455e-02   5.6418871e-01   3.4719221e+00  -1.5926722e-02   1.5252266e-03   1.2092913e-03
   8.2822531e-02   5.4569831e-01   3.4702770e+00  -1.6696686e-02   1.0531159e-03   1.0923596e-03
   8.9365356e-02   5.7117872e-01   3.5324336e+00  -1.5786405e-02   1.5922644e-03   3.3547920e-04
   6.4145057e-02   5.5024247e-01   3.4806642e+00  -1.6769768e-02   1.2478430e-03   9.9876686e-04
   7.0839635e-02   5.7534722e-01   3.4782448e+00  -1.6649686e-02   1.0748655e-03   8.5730920e-04
   7.5990251e-02   5.5010522e-01   3.5140845e+00  -1.6207804e-02   1.4502171e-03   9.1576961e-04
   6.4524944e-02   6.1348421e-01   3.5083043e+00  -1.6034574e-02   1.7731497e-03   1.1469235e-03
   9.9330748e-02   5.7174328e-01   3.5108071e+00  -1.5864793e-02   2.2795202e-03   7.5501413e-04
   9.4633109e-02   5.7505699e-01   3.5066716e+00  -1.6083430e-02   1.6754280e-03   2.1964010e-04
   5.8190910e-02   5.9517404e-01   3.5265269e+00  -1.5396294e-02   8.4600297e-04   9.9188376e-04
   6.0853680e-02   6.0262278e-01   3.5231943e+00  -1.5879320e-02   3.6457526e-04   7.9494280e-04
   7.2314161e-02   5.8363307e-01   3.5278846e+00  -1.6151102e-02   5.5326776e-04   2.9610152e-04
   4.6288660e-02   5.8655204e-01   3.5123132e+00  -1.6136549e-02   4.2613722e-04   1.1164076e-03
   6.4786633e-02   6.0570959e-01   3.6193501e+00  -1.4733744e-02   6.6386771e-04   6.7638441e-04
   8.6749494e-02   5.8626653e-01   3.5671765e+00  -1.6478908e-02   8.0128984e-04  -8.7719533e-05
   5.9526758e-02   5.6420419e-01   3.6052199e+00  -1.6154925e-02   4.3047457e-04   9.0465845e-04
   6.7240116e-02   5.7689515e-01   3.5739744e+00  -1.5937972e-02   4.9429562e-04   8.0000014e-04
   9.1441276e-02   6.0360522e-01   3.5688584e+00  -1.5930336e-02   1.2541540e-03   6.1526820e-04
   7.3319430e-02   6.1653604e-01   3.5645416e+00  -1.5589049e-02   7.9215895e-04   8.8892990e-04
   6.2357224e-02   6.0749823e-01   3.5798961e+00  -1.6225909e-02   1.6919456e-04   9.2931479e-04
   5.7146027e-02   6.0522261e-01   3.5991438e+00  -1.5728456e-02   5.9220720e-04   1.1902095e-03
   3.8436978e-02   5.9877641e-01   3.6857060e+00  -1.5660155e-02   6.6131917e-04   1.4180744e-03
   6.9982912e-02   6.1114939e-01   3.6611422e+00  -1.5641526e-02  -1.4954720e-04   1.6407275e-04
   6.0332380e-02   6.1493403e-01   3.6397689e+00  -1.5409399e-02   1.0417831e-03   1.2781479e-03
   6.7780687e-02   5.8998723e-01   3.6319144e+00  -1.6161823e-02   6.7550456e-04   6.4549144e-04
   7.3875640e-02   6.0307007e-01   3.6524598e+00  -1.5630717e-02   5.2720016e-04   3.6714883e-04
   7.8292563e-02   6.0211382e-01   3.6579094e+00  -1.6214231e-02   4.0236146e-04   3.6243654e-04
   6.5287868e-02   6.0939145e-01   3.6560287e+00  -1.6122220e-02   1.0707502e-03   7.6885481e-04
   7.5796853e-02   6.0114160e-01   3.6871258e+00  -1.5573995e-02   4.5770721e-04   5.9820354e-04
   5.8125509e-02   5.7601887e-01   3.6637406e+00  -1.6295926e-02   3.7692781e-04   8.6521160e-04
   6.9414628e-02   5.9672257e-01   3.6793190e+00  -1.5672683e-02   6.8037126e-04   9.2056652e-04
   7.2647457e-02   5.9498997e-01   3.6729716e+00  -1.6184035e-02   7.8268879e-04   8.8991135e-04
   9.2412075e-02   6.1804224e-01   3.6963591e+00  -1.5721314e-02   4.9279318e-04  -4.6453197e-05
   4.9363702e-02   5.9290497e-01   3.7520737e+00  -1.3874184e-02   1.2304046e-03   7.1143327e-04
   1.4402496e-01   5.7971962e-01   3.5705633e+00  -1.4967806e-02   6.3417352e-03   1.9474965e-03
   2.5974342e-01   4.2765264e-01   3.5538320e+00  -1.1989350e-02   5.6854707e-03   1.8460520e-03
   1.1722503e-01   5.2515400e-01   3.6441210e+00  -1.9615159e-02   5.0905288e-03   2.3799799e-03
   1.0050629e-01   5.5195994e-01   3.6768568e+00  -1.9131699e-02   3.7571277e-03   1.1945683e-03
   1.1407113e-01   5.7789567e-01   3.7028993e+00  -1.8732609e-02   3.6037055e-03   7.0862761e-04
   1.2127382e-01   6.0895916e-01   3.7659563e+00  -1.7260238e-02   4.1827282e-03   4.5098619e-04
   1.2796075e-01   6.1628414e-01   3.7858355e+00  -1.7547614e-02   4.3680784e-03   7.9988526e-04
   8.0919114e-02   6.3023379e-01   3.8294106e+00  -1.6641310e-02   4.0956298e-03   1.2508832e-03
   8.7701521e-02   6.3028534e-01   3.8475886e+00  -1.6687504e-02   3.1164562e-03   7.6847634e-04
   1.0280494e-01   6.2849142e-01   3.8033922e+00  -1.7829956e-02   2.9260771e-03   4.7470837e-04
   9.2396455e-02   6.4056178e-01   3.8288130e+00  -1.6997220e-02   3.4502123e-03   1.1211114e-03
   9.2307873e-02   6.3444849e-01   3.8741004e+00  -1.5957174e-02   3.3021992e-03   6.6804399e-04
   9.8628518e-02   6.2761137e-01   3.8537186e+00  -1.6544190e-02   3.7955947e-03   6.9108654e-04
   1.0254202e-01   6.7541938e-01   3.9094306e+00  -1.5377441e-02   3.4021179e-03   2.4413405e-04
   8.7751013e-02   6.8578966e-01   3.8728283e+00  -1.6238805e-02   3.5206878e-03   1.3006114e-03
   1.1845958e-01   6.4872371e-01   3.8691196e+00  -1.6292451e-02   3.8579805e-03   5.1444272e-04
   7.4697070e-02   6.1579606e-01   3.8859105e+00  -1.7928085e-02   2.7137942e-03   7.4392142e-04
   9.0733596e-02   6.6317984e-01   3.9068457e+00  -1.6133523e-02   3.6463510e-03   8.5357632e-04
   9.2059824e-02   6.6675683e-01   3.8625239e+00  -1.7306031e-02   2.9523739e-03   8.5405601e-04
   1.0340977e-01   6.7195233e-01   3.9224267e+00  -1.4888998e-02   4.3951275e-03   7.6583530e-04
   8.7065380e-02   6.6842550e-01   3.9262617e+00  -1.5371506e-02   3.7947619e-03   1.1163870e-03
   5.3153869e-02   6.3365545e-01   3.9429256e+00  -1.6157862e-02   2.0000205e-03   1.0461881e-03
   7.6653063e-02   6.7680025e-01   3.9676248e+00  -1.5051672e-02   1.9958424e-03   4.9505292e-04
   5.6252251e-02   6.6101777e-01   3.9340607e+00  -1.5242717e-02   1.8637584e-03   8.4288157e-04
   6.3894305e-02   6.2741130e-01   3.9329132e+00  -1.5847713e-02   2.0759234e-03   7.9455994e-04
   7.7196134e-02   6.4935940e-01   3.9643925e+00  -1.5354805e-02   2.2435729e-03   5.1317067e-04
   8.7287668e-02   6.5484252e-01   3.9431061e+00  -1.4698251e-02   2.4585784e-03   3.2692504e-04
   7.2969060e-02   6.7101396e-01   3.9346779e+00  -1.5521421e-02   2.4987319e-03   7.6807186e-04
   7.7139837e-02   6.5275158e-01   3.9483494e+00  -1.5325356e-02   2.2512028e-03   3.0187236e-04
   6.3991906e-02   6.3200718e-01   3.9757306e+00  -1.5096984e-02   2.3607335e-03   7.1809765e-04
   7.4595517e-02   6.6666108e-01   3.9809756e+00  -1.5028227e-02   2.0212297e-03   3.0533084e-04
   9.6486639e-02   6.6257890e-01   3.9784353e+00  -1.5259249e-02   2.4616934e-03   5.1817885e-04
   7.3527770e-02   6.5762996e-01   3.9885415e+00  -1.4934507e-02   2.3670469e-03   7.7751889e-04
   8.8979636e-02   6.7786474e-01   3.9821503e+00  -1.5193542e-02   2.8232589e-03   1.1281296e-04
   8.3831349e-02   6.8444820e-01   4.0160605e+00  -1.4860138e-02   2.6764101e-03   6.6689400e-04
   8.0568747e-02   6.7703421e-01   4.0173543e+00  -1.4583756e-02   2.9567998e-03   8.0704176e-04
   1.0855014e-01   6.3839174e-01   4.0448119e+00  -1.5872576e-02   2.6642312e-03   6.2382833e-04
   1.0543121e-01   6.7482010e-01   4.0187827e+00  -1.5976427e-02   2.8426005e-03   8.6603542e-04
   1.1051008e-01   6.7484710e-01   4.0271945e+00  -1.4941032e-02   3.1630520e-03   1.0740479e-03
   1.0628572e-01   6.8681945e-01   4.0825866e+00  -1.4420794e-02   2.6568527e-03   5.8586361e-04
   9.3614321e-02   5.8158925e-01   4.1094429e+00  -1.1815790e-02   3.6048554e-03   1.3426273e-03
   1.0498005e-01   6.8753878e-01   4.0826841e+00  -1.4592436e-02   2.2661977e-03   1.0157842e-03
   1.4081010e-01   7.1158489e-01   4.0751177e+00  -1.4435759e-02   3.2920330e-03   8.6827900e-04
   1.1862357e-01   6.9965965e-01   4.0439620e+00  -1.4818535e-02   3.2917731e-03   1.2078704e-03
   1.2383797e-01   7.1117958e-01   4.0410974e+00  -1.4527718e-02   2.2251216e-03   4.1245479e-04
   1.1357033e-01   6.9621463e-01   4.0348629e+00  -1.3637678e-02   2.5282171e-03   8.6042200e-04
   8.4158648e-02   6.8142918e-01   4.0532166e+00  -1.3946870e-02   1.8045830e-03   7.9472887e-04
   1.1722271e-01   6.9223248e-01   4.0646478e+00  -1.3208625e-02   2.5210610e-03   2.5238275e-04
   1.0860132e-01   6.7515488e-01   4.0498124e+00  -1.3685282e-02   2.5124660e-03   3.2862682e-04
   8.9129387e-02   6.8314862e-01   4.0789041e+00  -1.3473186e-02   2.8625736e-03   1.1917046e-03
   1.3069503e-01   6.8808889e-01   4.0556424e+00  -1.4185101e-02   2.6086752e-03   4.6229183e-04
   1.0509288e-01   6.7071300e-01   4.0427144e+00  -1.4926949e-02   2.5475076e-03   6.5075349e-04
   9.9470174e-02   6.7771933e-01   4.1021686e+00  -1.3965340e-02   2.4502346e-03   1.0604323e-03
   1.0913880e-01   7.0914815e-01   4.0827384e+00  -1.3881864e-02   2.1226254e-03   7.6112750e-04
   1.0919919e-01   6.7969186e-01   4.0922839e+00  -1.3875747e-02   1.9743817e-03   7.3559229e-04
   1.3704438e-01   6.8119039e-01   4.1143495e+00  -1.3443976e-02   2.6069978e-03   7.3990631e-04
   1.0753315e-01   6.6598681e-01   4.1292258e+00  -1.3591014e-02   2.5469064e-03   1.0374389e-03
   1.2456466e-01   6.7644834e-01   4.1332578e+00  -1.3540781e-02   2.5298434e-03   3.3027670e-04
   1.3865307e-01   6.9602094e-01   4.1269478e+00  -1.3936043e-02   2.3523594e-03   1.0047100e-04
   1.1825778e-01   7.1240166e-01   4.1362854e+00  -1.4067763e-02   2.3178970e-03   8.4103660e-04
   1.6975829e-02   7.0851665e-01   4.2101484e+00  -1.3959405e-02  -1.4078382e-03   1.2298978e-03
   8.3904666e-02   7.0879311e-01   4.1604259e+00  -1.5407249e-02  -7.3339286e-04   1.0206220e-03
   7.5063216e-02   7.0986179e-01   4.1454070e+00  -1.4602176e-02   3.5390868e-04   1.2318420e-03
   9.1495887e-02   7.2739127e-01   4.1474409e+00  -1.4389006e-02   1.1275015e-03   5.8729701e-04
   9.4180103e-02   7.0626837e-01   4.1632656e+00  -1.4145443e-02   9.1407418e-04   4.9939113e-04
   8.3672585e-02   7.2014583e-01   4.1597725e+00  -1.4366436e-02   7.3550957e-04   4.6227887e-04
   4.8844391e-02   6.6977324e-01   4.1767892e+00  -1.4533790e-02   5.5497788e-04   1.5121444e-03
   8.8574884e-02   7.0459651e-01   4.2172866e+00  -1.3997454e-02   4.0373433e-04   6.2491790e-04
   1.0877884e-01   6.2716255e-01   3.9427512e+00  -9.3089612e-03   5.8872166e-03   1.3320177e-03
   2.3818527e-01   5.5009517e-01   3.8172379e+00  -1.8174173e-02   6.3923393e-03   4.1471880e-03
  -1.5752233e-02   4.6598582e-01   4.1301148e+00  -2.2065648e-02  -2.3539536e-03  -1.7240757e-04
   3.0519031e-01   6.2466319e-01   4.2503060e+00  -3.1081855e-02   3.2512119e-03   3.1725814e-03
   1.1551290e-01   6.5826132e-01   4.4025728e+00  -2.8052125e-02   3.0403699e-03   2.7451359e-03
   1.4514640e-01   6.5783217e-01   4.4613671e+00  -2.7545295e-02   2.5664747e-03   1.4760855e-03
   1.0786173e-01   7.0287006e-01   4.4580111e+00  -2.7472087e-02   2.4182119e-03   1.9233824e-03
   1.2677292e-01   7.1755357e-01   4.5022085e+00  -2.6013090e-02   2.8728085e-03   1.6560762e-03
   1.3915387e-01   7.0586832e-01   4.4953839e+00  -2.6277953e-02   2.8209805e-03   1.6140396e-03
   1.1432547e-01   7.2559672e-01   4.5660319e+00  -2.6146378e-02   2.4578390e-03   2.0044650e-03
   1.2252824e-01   7.0254203e-01   4.5525359e+00  -2.6300711e-02   2.3247516e-03   1.3639085e-03
   1.0984066e-01   7.1883669e-01   4.5642156e+00  -2.6305404e-02   2.5453542e-03   1.8718448e-03
   1.0872259e-01   7.2024459e-01   4.5662461e+00  -2.5995535e-02   3.0990919e-03   2.0841361e-03
   1.0899308e-01   6.9469653e-01   4.5697278e+00  -2.6227022e-02   3.3025534e-03   2.0566877e-03
   1.2903784e-01   6.9813218e-01   4.5529444e+00  -2.6885473e-02   2.7640552e-03   9.2682339e-04
   1.2011112e-01   7.0547748e-01   4.6005758e+00  -2.6232824e-02   3.3324536e-03   1.5616198e-03
   1.2577071e-01   7.1881764e-01   4.5982530e+00  -2.5955577e-02   2.7620668e-03   1.4948999e-03
   1.0703899e-01   5.9562950e-01   4.6336338e+00  -2.4222262e-02   3.1731928e-03   1.7493299e-03
   1.0710553e-01   7.0630405e-01   4.6380496e+00  -2.5225123e-02   3.8510539e-03   1.7562592e-03
   1.1998951e-01   6.9574473e-01   4.6341959e+00  -2.5603475e-02   3.5026280e-03   1.1727258e-03
   1.2832802e-01   7.0811378e-01   4.6367212e+00  -2.5914697e-02   3.6109653e-03   1.5085406e-03
   1.4015703e-01   7.0226603e-01   4.6753591e+00  -2.5320923e-02   3.1632834e-03   1.1039480e-03
   1.3023305e-01   6.9724988e-01   4.6669694e+00  -2.5241811e-02   3.3634017e-03   1.4701762e-03
   1.1533208e-01   7.2540858e-01   4.6522060e+00  -2.5281006e-02   3.0429428e-03   1.2021286e-03
   1.0547505e-01   7.0515619e-01   4.6549652e+00  -2.5429746e-02   3.5187336e-03   1.6177390e-03
   1.0088039e-01   5.8240397e-01   3.6883733e+00  -1.9625079e-02   6.8877763e-03   1.5965177e-03
   1.5827383e-01   5.8652093e-01   3.3531840e+00   2.4414621e-02   6.2630230e-05   1.5568108e-03
  -2.7273772e-01   2.4180533e-01   4.3345551e+00  -5.8776712e-02  -2.3923974e-02   3.1827355e-03
   1.4094623e-01   4.0187498e-01   3.1897763e+00   1.1768699e-02   1.5181018e-03   1.5821635e-03
   2.0691293e-01   5.8446833e-01   4.0040408e+00  -7.9594906e-03   5.3463612e-03   1.8233782e-03
   2.0097937e-01   6.0314033e-01   4.0062094e+00  -7.4975806e-03   3.8648120e-03   8.7861215e-04
   1.9913437e-01   6.3889757e-01   4.0399133e+00  -6.7364892e-03   4.6292109e-03   5.7197592e-04
   2.0385231e-01   6.5190808e-01   4.1060949e+00  -5.7092493e-03   4.3198442e-03   7.1361018e-04
   2.0837811e-01   6.4135120e-01   4.0934552e+00  -6.3264801e-03   4.3383729e-03   5.7138698e-04
   1.9722599e-01   6.6368884e-01   4.1110046e+00  -6.2454050e-03   3.7663094e-03   3.7857039e-04
   2.0061078e-01   6.4992110e-01   4.1100311e+00  -6.2931713e-03   3.4881427e-03   2.5806104e-04
   1.9294187e-01   6.5217159e-01   4.1418291e+00  -6.1577548e-03   3.7137560e-03   7.8683556e-04
   1.9145202e-01   6.6118428e-01   4.1473802e+00  -5.8639936e-03   3.5858106e-03   3.0471283e-04
   1.8671646e-01   6.4973036e-01   4.1747781e+00  -5.8987617e-03   3.1867926e-03   2.7096999e-04
   1.9356957e-01   6.6820002e-01   4.1891421e+00  -6.0639979e-03   3.5259900e-03   4.5297636e-04
   1.9511659e-01   6.5784089e-01   4.2016724e+00  -5.8833992e-03   3.7813094e-03   5.7193692e-04
   1.9689812e-01   6.7896978e-01   4.2260272e+00  -6.0807224e-03   3.3543344e-03   1.4507567e-04
   1.8180070e-01   6.8237358e-01   4.2226769e+00  -5.9655899e-03   3.1945085e-03   9.4930715e-04
   1.8572079e-01   6.6846214e-01   4.2315752e+00  -5.9599264e-03   3.5571227e-03   6.4268642e-04
   1.5857727e-01   6.5704827e-01   4.2430802e+00  -5.1497740e-03   3.3017086e-03   8.9417360e-04
   1.8890285e-01   6.7378509e-01   4.2311854e+00  -6.3611438e-03   3.5154958e-03   3.1707410e-04
   1.8689185e-01   6.8033700e-01   4.2355962e+00  -6.2287370e-03   3.4085931e-03   6.2701652e-04
   1.6994180e-01   6.8099661e-01   4.2748660e+00  -6.5178301e-03   2.6870293e-03   1.8836832e-04
   1.7767025e-01   6.9851608e-01   4.3359842e+00  -5.0526826e-03   3.3280463e-03   6.2773533e-04
   1.6434647e-01   6.9116874e-01   4.3149878e+00  -6.1278940e-03   2.8384704e-03   3.1014190e-05
   1.7369382e-01   6.8072746e-01   4.3311610e+00  -5.6401653e-03   2.6379602e-03   9.5130153e-04
   1.5916755e-01   6.8052839e-01   4.3170119e+00  -6.5014658e-03   2.7075280e-03   1.2295029e-03
   1.6860513e-01   6.7874540e-01   4.3366388e+00  -5.8032333e-03   2.8467299e-03   5.6160642e-04
   1.6344877e-01   6.7842778e-01   4.3107479e+00  -6.2893876e-03   3.0385626e-03   8.3093688e-04
   1.8294145e-01   6.8871324e-01   4.3593825e+00  -5.8429341e-03   2.8072852e-03   2.6069118e-04
   1.8539588e-01   7.0605410e-01   4.3591084e+00  -5.6201346e-03   2.5989965e-03   5.2040811e-04
   1.8208331e-01   7.1380424e-01   4.3761777e+00  -5.4813844e-03   2.7938486e-03   4.2409227e-04
   1.6552471e-01   6.9634096e-01   4.3727128e+00  -5.4894267e-03   2.4483581e-03   6.1812824e-04
   1.9399091e-01   7.0373897e-01   4.3660191e+00  -5.4500842e-03   2.6138401e-03  -6.8622897e-04
   1.7892188e-01   7.0464211e-01   4.3739871e+00  -5.9207719e-03   3.1185515e-03   5.0487790e-04
   1.3242575e-01   7.2133192e-01   4.4875166e+00  -3.2404119e-03  -2.1220904e-04   4.4747701e-05
   1.7238515e-01   7.3771528e-01   4.4360740e+00  -7.0701229e-03   9.8129536e-04   6.2457392e-05
   1.4010004e-01   7.4014304e-01   4.4503763e+00  -7.2117628e-03   1.2626136e-03   9.5114150e-04
   1.6682770e-01   7.3768893e-01   4.4657201e+00  -7.5128731e-03   1.1057707e-03   2.8361213e-04
   1.5865356e-01   7.4476582e-01   4.4912302e+00  -7.5399239e-03   1.3095250e-03   3.8448101e-04
   1.7284695e-01   7.4072448e-01   4.4571465e+00  -8.6560370e-03   1.3315648e-03   1.8506868e-04
   1.6053266e-01   7.2426817e-01   4.4439032e+00  -8.6838682e-03   1.3913052e-03   5.2743897e-04
   1.5948532e-01   7.4349121e-01   4.5253318e+00  -7.6392628e-03   1.8647029e-03   1.1064690e-03
   1.6716245e-01   7.5919471e-01   4.4875340e+00  -8.1792287e-03   2.0207333e-03   9.0331211e-04
   1.7071245e-01   7.3737122e-01   4.4829935e+00  -9.0209117e-03   1.3967616e-03   4.1235413e-04
   1.5276766e-01   7.6777874e-01   4.5063712e+00  -8.0453039e-03   2.0527814e-03   1.0165845e-03
   1.6829919e-01   7.4122169e-01   4.5229575e+00  -7.6366345e-03   2.3185119e-03   4.6950033e-04
   1.3000758e-01   7.5174461e-01   4.5422702e+00  -6.8769275e-03   1.3608468e-03   1.0518496e-03
   1.8768507e-01   7.7605695e-01   4.5422877e+00  -7.8004729e-03   1.7010153e-03  -2.3249469e-04
   1.5296375e-01   7.5668293e-01   4.5355475e+00  -9.5520679e-03   9.9261205e-04   5.2023053e-04
   1.5118200e-01   7.3993825e-01   4.5423506e+00  -8.9384541e-03   1.3622205e-03   9.6446926e-04
   1.6037382e-01   7.6783297e-01   4.5562812e+00  -8.5981991e-03   1.1085027e-03   4.2756139e-04
   1.5423534e-01   7.7599318e-01   4.5515091e+00  -8.2415299e-03   1.5465694e-03   6.1795558e-04
   1.7046942e-01   7.5348977e-01   4.5731013e+00  -8.1153539e-03   1.0767416e-03   4.9689529e-04
   1.7611277e-01   7.7178635e-01   4.5655568e+00  -8.6177452e-03   1.0362908e-03  -9.4159184e-05
   1.5323939e-01   7.5524760e-01   4.5823170e+00  -9.3191569e-03   9.3929356e-04   5.7212969e-04
   1.4704546e-01   7.4736106e-01   4.5751816e+00  -8.7019564e-03   1.2036290e-03   8.3789289e-04
   1.4519376e-01   7.2090983e-01   4.5643628e+00  -9.1967679e-03   7.1027050e-04   8.4873441e-04
   1.3354216e-01   7.5968239e-01   4.6034086e+00  -8.1593789e-03   1.1530145e-03   1.1232004e-03
   1.4930099e-01   7.5336386e-01   4.5810575e+00  -8.9257712e-03   8.0352170e-04   5.6664331e-04
   1.4907665e-01   7.6092063e-01   4.6015822e+00  -8.8329162e-03   8.8134165e-04   8.0546405e-04
   1.3792759e-01   7.4116790e-01   4.6764762e+00  -1.0044262e-02  -2.3808158e-04   3.4841305e-04
   1.5142404e-01   7.6165022e-01   4.5929338e+00  -9.6061326e-03   9.7587011e-04   5.4903139e-04
   1.6202852e-01   7.5876073e-01   4.6427877e+00  -8.5487815e-03   8.5460221e-04   6.0130312e-04
   1.6754310e-01   7.3851825e-01   4.6433756e+00  -8.5678036e-03   8.7121699e-04   3.9235547e-04
   1.5816528e-01   7.5853948e-01   4.6331974e+00  -8.9496332e-03   1.1180423e-03   5.1931991e-04
   1.3309392e-01   7.6063465e-01   4.6349024e+00  -9.0215339e-03   8.4106394e-04   7.1809242e-04
