  -6.7106554e-15   0.0000000e+00   6.7893857e-15  -1.6152901e-19   1.9851375e-18  -7.7037198e-34
   2.9509888e-02   2.7542406e-02  -8.5410093e-02  -4.7538213e-04   5.3043069e-04  -2.9079945e-04
   4.8216441e-02   8.3274684e-03   6.9499414e-03   2.1382829e-03   1.1653254e-03  -1.0592622e-03
   4.4898276e-02   2.9960179e-02   9.7013767e-02  -4.4040201e-03   8.4944689e-05  -1.6541608e-04
   3.9813270e-02   2.8332380e-03  -4.1278421e-02  -2.6585400e-03   4.7276802e-04  -3.8446555e-04
   4.3215192e-02   1.1995653e-02  -9.6709425e-02  -1.4888006e-03   7.0012985e-04  -6.6783444e-04
   4.5180918e-02   1.2480745e-02  -5.1471730e-02   8.5650362e-04   7.9595269e-04  -7.0809993e-04
   4.4384268e-02   1.6999121e-02  -1.5655380e-01  -2.3340823e-03   5.9466927e-04  -5.8488453e-04
   4.8292906e-02  -7.1862372e-03  -1.2011567e-01   5.3789333e-04   1.3636037e-03  -7.8626033e-04
   6.2260651e-02   2.4167057e-02   1.1965435e-01  -1.1074965e-03   8.5376706e-04  -3.3322573e-04
   2.2396265e-02   2.3269039e-03   2.2771401e-01  -4.9880962e-03  -4.6101700e-04   1.3051542e-04
   1.6784141e-02  -4.6699960e-03   2.7838793e-01  -5.1162514e-03  -4.9273765e-04   6.5769530e-04
   4.7493898e-03  -5.8261835e-02   2.5326369e-01  -6.6344601e-03  -2.0541658e-04   7.0743741e-04
  -5.6860538e-03  -2.4858921e-02   2.1495610e-01  -7.0825371e-03  -5.5436236e-04   9.2497199e-04
   4.8895316e-03  -2.4109821e-02   2.7607304e-01  -6.5936249e-03   2.0179738e-04   6.5921897e-04
   1.4968405e-02  -3.6183326e-02   2.4973500e-01  -6.8427756e-03  -7.4047573e-05   4.8598734e-04
  -5.4534917e-03  -4.2732286e-02   2.6214511e-01  -6.8181497e-03  -6.7881806e-04   6.0135242e-04
  -2.5635327e-02  -3.0726117e-02   2.0892479e-01  -7.5932292e-03  -7.0218595e-04   1.2010094e-03
  -1.2991129e-02  -4.1555064e-02   2.7612043e-01  -6.2279302e-03  -4.3482241e-04   5.9097149e-04
  -2.4559210e-02  -6.6366186e-02   2.0430189e-01  -7.5203655e-03  -8.1072523e-04   1.0739190e-03
  -2.0400774e-02  -4.5469453e-02   2.4967623e-01  -6.6266458e-03  -3.4010318e-04   1.3107692e-03
  -6.6809947e-02  -6.4623190e-02   1.6935492e-01  -5.8835809e-03   8.5061794e-05   2.0282183e-03
   3.5449718e-02  -3.4489449e-01   1.2156150e-01   1.1642014e-02   7.5982632e-03   6.6738237e-05
   4.6783223e-02  -2.4621411e-01  -6.1022931e-01  -3.4125052e-03   4.9930436e-03  -5.3552858e-04
   3.5814448e-02  -3.1613096e-01   7.5065630e-01   4.4366127e-03   8.0776907e-03  -9.4182893e-04
  -2.5127868e-02  -1.3744148e-01   8.7758978e-01  -2.8077689e-02   2.0544752e-03   2.2773014e-03
  -4.1175107e-03  -6.8887714e-02   9.2907591e-01  -2.6549931e-02   5.0599576e-04   5.0685631e-04
  -4.9295009e-03  -9.3606654e-02   9.3795177e-01  -2.6729133e-02   1.2330733e-03   1.2858188e-03
  -3.0021295e-02  -9.0907163e-02   9.6506558e-01  -2.5747884e-02   9.6466050e-04   1.7063578e-03
  -1.9159118e-02  -8.7293133e-02   9.7829390e-01  -2.5650131e-02   3.3784088e-04   1.4180886e-03
  -1.7125999e-02  -7.8873960e-02   9.7866520e-01  -2.6158894e-02   1.1731917e-03   2.0203319e-03
  -2.9226481e-02  -7.3523017e-02   9.8814318e-01  -2.6632924e-02   7.7030505e-04   1.9284917e-03
  -3.1175283e-02  -6.8386212e-02   9.7986633e-01  -2.6994851e-02   1.2300187e-03   2.0353294e-03
  -9.7380895e-03  -8.3948333e-02   1.0096962e+00  -2.6529165e-02   1.0534817e-03   1.6591119e-03
  -4.0712599e-02  -6.3801968e-02   1.0498480e+00  -2.6507666e-02   7.2765901e-04   2.0105139e-03
  -3.4325275e-02  -8.7947700e-02   1.0260728e+00  -2.7371051e-02   9.0198195e-04   1.8360998e-03
  -3.4528778e-02  -7.3576676e-02   1.0619930e+00  -2.7312219e-02   6.0804666e-04   1.8691805e-03
  -5.4893547e-02  -7.6311324e-02   1.0582206e+00  -2.7016479e-02   6.8454266e-04   2.5290999e-03
  -4.7969729e-02  -8.2819078e-02   1.0662104e+00  -2.6809661e-02   5.8037847e-04   2.0779450e-03
  -3.8073229e-02  -9.0565568e-02   1.0598791e+00  -2.7038731e-02   3.3802064e-04   1.7514724e-03
  -4.9172369e-02  -7.8298346e-02   1.0584274e+00  -2.7160430e-02   3.1165420e-04   2.3298625e-03
  -5.1671350e-02  -9.0195120e-02   1.0731367e+00  -2.7478094e-02   1.5560014e-04   1.8132314e-03
  -5.1221254e-02  -7.5285213e-02   1.0516981e+00  -2.7914793e-02   6.2308643e-04   1.9437492e-03
  -4.7548569e-02  -8.5375451e-02   1.0451551e+00  -2.7733609e-02   1.6818698e-04   2.0645034e-03
  -4.8852914e-02  -7.9197794e-02   1.0499685e+00  -2.7638583e-02   3.9739738e-04   2.2621463e-03
  -5.2328591e-02  -8.5853434e-02   1.0550144e+00  -2.7567003e-02   3.6679555e-04   2.1144116e-03
  -5.6646486e-02  -8.0331226e-02   1.0575575e+00  -2.7448052e-02   6.7282410e-05   2.3850739e-03
  -8.3495600e-02  -8.8949346e-02   1.0445579e+00  -2.7697826e-02  -1.5491768e-04   2.8131906e-03
  -6.5140752e-02  -8.3368914e-02   1.0505879e+00  -2.7807808e-02  -2.6504551e-04   2.4536278e-03
  -4.7845521e-02  -6.4180012e-02   1.0758005e+00  -2.8492737e-02  -3.2685816e-04   1.8610367e-03
  -6.7861859e-02  -9.5069941e-02   1.0518660e+00  -2.8123953e-02  -2.8992729e-04   2.1848209e-03
  -6.8367107e-02  -9.2455159e-02   1.0619782e+00  -2.7753605e-02  -3.5372938e-04   2.3258040e-03
  -9.3642678e-02  -9.7404911e-02   1.0194833e+00  -2.6728235e-02  -9.0468486e-04   2.8141566e-03
  -8.7912781e-02  -7.3769615e-02   9.9952721e-01  -2.7389739e-02  -1.7808313e-03   2.0335648e-03
  -8.7828846e-02  -7.9359851e-02   9.9734493e-01  -2.7709447e-02  -1.9794412e-03   2.0662839e-03
  -8.5307556e-02  -7.2797951e-02   9.9707799e-01  -2.8447495e-02  -2.0077008e-03   2.4436048e-03
  -1.1021074e-01  -5.7369906e-02   1.0101421e+00  -2.7649332e-02  -2.4012304e-03   2.7712841e-03
  -1.0707668e-01  -7.5930224e-02   9.8965559e-01  -2.9195663e-02  -3.4713241e-03   2.5158792e-03
  -9.5694702e-02  -5.6022769e-02   1.0140348e+00  -2.8266934e-02  -2.6164277e-03   1.9677050e-03
  -1.2520896e-01  -7.3124619e-02   1.0499696e+00  -2.8106290e-02  -3.1689244e-03   2.9844638e-03
  -9.9671477e-02  -5.9210427e-02   9.7607518e-01  -2.9210869e-02  -2.7014160e-03   2.0438635e-03
  -1.0104847e-01  -6.1246297e-02   9.6590167e-01  -2.9057447e-02  -2.7425007e-03   2.8722180e-03
  -1.0549086e-01  -8.5532490e-02   1.0140452e+00  -2.8245450e-02  -2.2375192e-03   2.7291707e-03
  -1.0738161e-01  -6.6916229e-02   1.0144727e+00  -2.8205767e-02  -2.3329223e-03   2.2573743e-03
  -1.0435518e-01  -6.7405969e-02   1.0196130e+00  -2.8478360e-02  -2.9173320e-03   2.1456722e-03
  -1.0182888e-01  -6.6277684e-02   1.0230729e+00  -2.7547573e-02  -2.2673929e-03   2.1049466e-03
  -9.5563329e-02  -7.7427561e-02   1.0437832e+00  -2.8315607e-02  -2.5901987e-03   2.5484075e-03
  -8.6697603e-02  -7.8041225e-02   1.0167775e+00  -2.7955551e-02  -2.8885073e-03   2.0684722e-03
  -1.1190880e-01  -7.4502456e-02   1.0183161e+00  -2.8537432e-02  -3.3044601e-03   2.6267578e-03
  -1.1756992e-01  -1.3689132e-01   5.0717993e-01  -2.0819099e-02   6.3580851e-03   2.7569717e-03
  -7.8656776e-02  -3.2067546e-01  -3.5522689e-01  -2.1756717e-02   1.3549167e-02   1.2748885e-03
  -9.2163412e-02  -3.1682950e-01   6.1364582e-01  -3.6851912e-02   1.1807429e-02   2.7377033e-03
  -3.4083589e-02  -3.7041968e-01   6.6745093e-01  -1.4176660e-02   8.7703923e-03   1.7993061e-03
  -8.7364237e-02  -2.4496315e-01   5.2949958e-01  -2.5996828e-02   3.4168883e-03   2.9066815e-03
  -8.7782506e-02  -2.0681032e-01   5.7851738e-01  -2.7868055e-02   3.4112589e-03   2.8184052e-03
  -7.2524532e-02  -1.8108818e-01   6.2638666e-01  -2.7083629e-02   3.2361731e-03   2.1341175e-03
  -6.0273345e-02  -1.6061247e-01   6.3856048e-01  -2.6732543e-02   3.3104241e-03   2.0908059e-03
  -6.7165141e-02  -1.5559709e-01   6.3584042e-01  -2.6659583e-02   3.0197747e-03   2.0119667e-03
  -7.1367517e-02  -1.5220056e-01   6.3719200e-01  -2.6433286e-02   3.0813565e-03   1.7897532e-03
  -5.5734664e-02  -1.4340280e-01   6.4846426e-01  -2.6611322e-02   2.9516413e-03   1.6000175e-03
  -1.0804479e-01  -1.0229863e-01   5.3676037e-01  -2.5011144e-02  -4.2972230e-05   2.1880813e-03
  -1.3267109e-01  -2.5341897e-01   4.6697292e-01  -2.2234132e-02   9.8280461e-04   2.1724414e-03
  -9.6222528e-02  -3.0299201e-01   1.0644613e+00  -2.5732551e-02   6.6766050e-03   3.7292314e-03
  -1.5254452e-01  -1.6711335e-01   1.0166229e+00  -4.6838423e-02   4.8017528e-03   3.7607351e-03
  -1.5496184e-01  -1.9407957e-01   8.7479189e-01  -2.5050300e-02   5.1254723e-03   2.7417524e-03
  -1.7422983e-01  -1.1315442e-01   1.0859348e+00  -3.0551690e-02   1.9783547e-03   3.9937533e-03
  -1.7554333e-01  -4.0465335e-02   8.3999999e-01  -3.3388244e-02  -1.1798804e-03   2.7417378e-03
  -1.7144788e-01  -1.2629840e-01   8.9333262e-01  -2.3874051e-02   2.5581541e-03   3.4337244e-03
  -1.5332633e-01  -1.4053999e-01   1.1190768e+00  -3.2265112e-02  -8.0829480e-04   2.9119428e-03
  -1.4730645e-01  -6.5184718e-02   1.1159331e+00  -3.2700126e-02  -2.8527886e-03   3.2487575e-03
  -1.3674275e-01  -8.3106595e-02   1.0617906e+00  -3.5839854e-02   3.8300221e-04   2.9148212e-03
  -1.6078622e-01  -9.3117721e-02   1.1755508e+00  -3.2798584e-02  -5.6559477e-04   3.2120932e-03
  -1.3575748e-01  -1.0205575e-01   1.0996284e+00  -3.3759837e-02   3.6187196e-03   2.9817659e-03
  -1.5676912e-01  -1.0416373e-01   1.2097531e+00  -3.1745004e-02   3.3561231e-04   2.9320950e-03
  -1.3351193e-01  -7.6162234e-02   1.2055663e+00  -3.2787163e-02   3.6327716e-04   2.5495900e-03
  -1.3074634e-01  -6.6531430e-02   1.3048966e+00  -3.1967001e-02  -1.0578641e-03   2.3953655e-03
  -1.9849456e-01  -1.4394511e-01   1.0394215e+00  -2.7169105e-02   2.4513826e-04   3.6617709e-03
  -1.6916010e-01  -7.1461998e-02   9.7484194e-01  -2.6795474e-02   1.7700052e-03   3.6328715e-03
  -1.4056170e-01  -1.3293762e-01   9.0361207e-01  -2.4345990e-02   1.3083184e-03   3.2277481e-03
  -1.7265410e-01  -1.3280303e-01   9.2975482e-01  -2.2849746e-02   8.5828326e-04   3.3193727e-03
  -1.5389558e-01  -8.4069741e-02   1.0495098e+00  -2.5159233e-02   1.2269286e-03   2.8420258e-03
  -1.3716882e-01  -1.1438271e-01   1.1080046e+00  -2.7493252e-02   1.3095532e-03   2.6792473e-03
  -1.1515242e-01  -8.0652218e-02   9.9971096e-01  -2.6884916e-02   6.4492978e-04   2.3285862e-03
  -8.8264933e-02  -7.5375461e-02   1.0103760e+00  -2.6515011e-02   1.3305502e-03   1.9566953e-03
  -1.2773546e-01  -7.5215052e-02   1.0124140e+00  -2.6057358e-02   8.2955144e-04   2.4364802e-03
  -1.0788470e-01  -8.2456452e-02   1.0372851e+00  -2.5636365e-02   1.1593117e-03   1.9813474e-03
  -1.2233079e-01  -5.4734054e-02   1.0694481e+00  -2.6221935e-02   1.7545563e-03   2.5873554e-03
  -1.1443323e-01  -7.3972628e-02   1.0924508e+00  -2.5796331e-02   2.2728739e-03   2.4704759e-03
  -1.2746170e-01  -5.6633269e-02   9.8666607e-01  -2.7480577e-02   5.4122801e-04   2.6031512e-03
  -1.1734834e-01  -3.4344481e-02   7.5004458e-01  -3.0680619e-02   3.3926837e-03   2.5040600e-03
  -1.4871557e-01  -1.5154602e-01   8.0630773e-01  -1.8347723e-02   2.5349154e-03   2.6717259e-03
  -1.6375373e-01  -8.5746198e-02   7.3340840e-01  -2.0706560e-02   1.8707283e-03   2.7131835e-03
  -1.5557368e-01  -1.1781321e-01   7.7774269e-01  -1.9695863e-02   2.2880539e-03   2.6108904e-03
  -1.4566869e-01  -7.5323585e-02   7.9535763e-01  -1.9677374e-02   2.4884107e-03   2.3218549e-03
  -1.3780107e-01  -6.9656492e-02   7.7379300e-01  -2.0793976e-02   2.6645233e-03   2.2859672e-03
  -1.3933148e-01  -7.0175893e-02   7.8858224e-01  -2.0582369e-02   2.4262101e-03   2.3362243e-03
  -1.5773005e-01  -6.3676997e-02   8.1403546e-01  -1.9364468e-02   2.4888022e-03   2.5298545e-03
  -1.4724089e-01  -7.4754916e-02   8.0870008e-01  -2.0111811e-02   2.6904176e-03   2.7508706e-03
  -1.2737567e-01  -9.0581607e-02   8.2301744e-01  -1.9874839e-02   2.8652609e-03   2.3565465e-03
  -1.3815578e-01  -9.1139356e-02   8.2761711e-01  -2.0326282e-02   2.9386702e-03   1.9995751e-03
  -1.2208520e-01  -8.6894283e-02   8.3945750e-01  -1.9877182e-02   2.9426053e-03   2.1826126e-03
  -1.0873090e-01  -9.0530162e-02   1.0951159e+00  -2.1016326e-02   6.9084252e-03   2.5081437e-03
  -1.0685148e-01  -5.7105958e-02   1.0270019e+00  -2.4344169e-02   4.8628044e-03   1.9795831e-03
  -1.1819462e-01  -3.6713227e-02   9.8848831e-01  -2.4791105e-02   3.9887599e-03   2.4332233e-03
  -1.2430283e-01  -7.4057723e-02   9.9567721e-01  -2.3948209e-02   3.3963603e-03   2.3084201e-03
  -1.3065737e-01  -5.8433228e-02   9.8452639e-01  -2.3729640e-02   2.8771806e-03   2.4857595e-03
  -1.1358330e-01  -2.9952826e-02   1.0048593e+00  -2.3504584e-02   3.4734288e-03   1.8608421e-03
  -1.3373530e-01  -4.9609275e-02   9.8462122e-01  -2.3529928e-02   3.3019172e-03   2.4400574e-03
  -1.2839933e-01  -5.1242951e-02   1.0005478e+00  -2.3407802e-02   3.0954245e-03   2.5311886e-03
  -1.1642372e-01  -4.1252257e-02   1.0054544e+00  -2.3177929e-02   3.2478351e-03   2.1781071e-03
  -1.3555441e-01  -5.6671994e-02   1.0072218e+00  -2.3659963e-02   3.2429110e-03   2.1822047e-03
  -1.2242552e-01  -4.3462458e-02   1.0142581e+00  -2.3519681e-02   3.2704321e-03   2.1848676e-03
  -1.2196579e-01  -5.8881366e-02   1.0120358e+00  -2.3548710e-02   3.3729292e-03   2.2033996e-03
  -1.1105622e-01  -3.9592895e-02   1.0001402e+00  -2.4206018e-02   3.9962830e-03   2.4504256e-03
  -1.0550179e-01  -3.9838147e-02   1.0052278e+00  -2.3521073e-02   3.7069647e-03   1.9768683e-03
  -1.2615402e-01  -3.8217902e-02   1.0302473e+00  -2.3088612e-02   3.2972359e-03   1.9358330e-03
  -1.1908805e-01  -6.0535349e-02   1.0123112e+00  -2.4058391e-02   2.8780374e-03   2.2097890e-03
  -1.1826250e-01  -1.4894404e-02   1.0189787e+00  -2.3790245e-02   3.8640281e-03   2.3158080e-03
  -1.1663984e-01  -2.5823001e-02   1.0289309e+00  -2.4019156e-02   3.4719034e-03   1.6918556e-03
  -1.0959423e-01  -2.4739745e-02   1.0323695e+00  -2.3671761e-02   3.5981823e-03   1.7566423e-03
  -1.0575310e-01  -2.9702530e-02   1.0075647e+00  -2.3667113e-02   3.7715030e-03   1.9029170e-03
  -1.0768865e-01  -1.4828288e-02   1.0433703e+00  -2.2821874e-02   3.3845111e-03   1.8674973e-03
  -1.1682746e-01  -3.7310970e-02   1.0352251e+00  -2.3894410e-02   2.7720416e-03   1.8659623e-03
  -9.2925384e-02  -5.1229445e-02   9.8572487e-01  -2.2981377e-02   4.1963336e-03   1.7055316e-03
  -8.5792027e-02  -2.5969561e-02   9.4604075e-01  -2.3894316e-02   2.3197809e-03   1.3936885e-03
  -8.3282524e-02  -3.7312744e-02   1.0140191e+00  -2.3586485e-02   3.0808340e-03   1.3714586e-03
  -9.2503430e-02  -5.3496003e-02   1.0547725e+00  -2.2803169e-02   4.3297975e-03   2.0604798e-03
  -9.8943121e-02  -5.4472770e-02   1.0662002e+00  -2.3232562e-02   4.3730766e-03   2.0782825e-03
  -1.0544789e-01  -4.1720088e-02   1.0593435e+00  -2.3586553e-02   3.8815706e-03   1.9722747e-03
  -7.7957253e-02  -2.2861817e-02   1.1177033e+00  -2.1727519e-02   3.9959360e-03   1.2430855e-03
  -8.0926899e-02  -3.0454548e-02   1.0830002e+00  -2.2537527e-02   4.0730199e-03   1.5938559e-03
  -9.2738400e-02  -1.8157555e-02   1.1078115e+00  -2.2541963e-02   3.8624088e-03   1.6505785e-03
  -7.3783135e-02  -4.0262957e-02   1.0942415e+00  -2.2435797e-02   3.7437811e-03   1.3886595e-03
  -1.0008059e-01  -4.2663584e-03   1.0800142e+00  -2.3186288e-02   3.5308278e-03   1.7299219e-03
  -6.7188944e-02  -2.2598665e-02   1.0700925e+00  -2.2633332e-02   3.5247951e-03   1.1620192e-03
  -9.6520901e-02  -3.2876718e-03   1.0820150e+00  -2.3575294e-02   3.2395754e-03   1.6651037e-03
  -7.8875787e-02  -5.1979100e-02   1.0892020e+00  -2.3365801e-02   3.9624873e-03   1.4047873e-03
  -8.0304879e-02  -3.9154820e-02   1.1325650e+00  -2.2156478e-02   3.6706446e-03   1.6730585e-03
  -8.8282881e-02  -2.0567509e-02   1.1035568e+00  -2.2128657e-02   4.0731448e-03   1.7696315e-03
  -9.7672303e-02  -4.7338609e-02   1.0639864e+00  -2.4104136e-02   5.0323617e-03   2.2454008e-03
  -8.1518549e-02  -6.9426285e-02   1.0961140e+00  -2.4140626e-02   4.8222026e-03   1.9380270e-03
  -6.8129716e-02  -4.1591650e-02   1.1268755e+00  -2.3909788e-02   4.5132911e-03   1.4891971e-03
  -7.8256839e-02  -4.7825628e-02   1.1453614e+00  -2.3675663e-02   4.4847340e-03   1.8857096e-03
  -9.3218185e-02  -5.0590075e-02   1.1341988e+00  -2.3837979e-02   4.3529339e-03   2.2218062e-03
  -1.1910208e-01  -5.3832046e-02   1.1425728e+00  -2.3780203e-02   4.4513557e-03   2.8436696e-03
  -1.0829769e-01  -4.2625118e-02   1.1324247e+00  -2.4156440e-02   3.9903294e-03   2.4801430e-03
  -1.0064435e-01  -5.2577798e-02   1.1479195e+00  -2.4949516e-02   4.4044934e-03   2.0884995e-03
  -8.7683254e-02  -6.3796704e-02   1.1932771e+00  -2.4525544e-02   4.7110060e-03   1.9189037e-03
  -9.8903013e-02  -5.1837813e-02   1.2016377e+00  -2.3933917e-02   4.0857872e-03   1.8148919e-03
  -6.7809242e-02  -4.5491477e-02   1.1921002e+00  -2.4267554e-02   4.9377807e-03   2.0981567e-03
  -9.0204807e-02  -6.5912315e-02   1.1904704e+00  -2.4604637e-02   4.1717492e-03   2.2138194e-03
  -9.1342641e-02  -5.8107918e-02   1.2168046e+00  -2.4459355e-02   4.4678050e-03   2.2204692e-03
  -9.8825569e-02  -7.5003340e-02   1.1824062e+00  -2.4467978e-02   4.0765280e-03   2.2276360e-03
  -8.4594992e-02  -3.7772600e-02   1.2188262e+00  -2.4342512e-02   4.1420234e-03   1.5923385e-03
  -8.8293855e-02  -2.6888495e-02   1.2293479e+00  -2.4010653e-02   4.0172593e-03   1.6619348e-03
  -8.9146108e-02  -2.0140157e-02   1.2462412e+00  -2.3649795e-02   3.8219108e-03   1.9986842e-03
  -9.2036608e-02  -3.5862922e-02   1.2518654e+00  -2.4642389e-02   3.9552381e-03   2.2267896e-03
  -9.0354502e-02  -6.2752072e-02   1.2538783e+00  -2.4172053e-02   4.3350173e-03   2.1825635e-03
  -7.8433433e-02  -4.8661330e-02   1.2686917e+00  -2.4063731e-02   4.3118070e-03   1.8986971e-03
  -1.0156753e-01  -4.4405606e-02   1.2618894e+00  -2.4263046e-02   4.5034693e-03   2.4785148e-03
  -9.0975855e-02  -4.3671982e-02   1.2747510e+00  -2.3696815e-02   4.2223645e-03   2.0118204e-03
  -9.3312355e-02  -4.8894696e-02   1.2475087e+00  -2.4519447e-02   3.9939407e-03   2.1518457e-03
  -1.0877308e-01  -3.3721930e-02   1.2763301e+00  -2.4257518e-02   3.8789828e-03   2.1827098e-03
  -9.2356354e-02  -2.9847659e-02   1.2802012e+00  -2.4177235e-02   4.3124207e-03   2.3221518e-03
  -1.0293740e-01  -2.2997528e-02   1.2780318e+00  -2.4723178e-02   3.5920779e-03   1.7005803e-03
  -9.2552772e-02  -3.1615547e-02   1.3002654e+00  -2.4531771e-02   4.1706183e-03   2.1638165e-03
  -1.1447775e-01  -4.9573988e-02   1.3527362e+00  -2.6654399e-02   5.6353119e-03   2.8393456e-03
  -9.2632829e-02  -1.3806124e-01   1.5770742e+00  -2.6817739e-02   8.8552769e-03   3.2560637e-03
  -9.1878886e-02  -5.3268715e-02   1.2279375e+00  -3.0919253e-02   7.2720164e-03   3.1173625e-03
  -1.1656793e-01  -8.7905982e-02   1.1737917e+00  -2.0936210e-02   4.7868748e-03   2.7912132e-03
  -1.2249724e-01  -6.0375451e-02   1.2203780e+00  -2.1504317e-02   4.3916168e-03   2.7503901e-03
  -1.2039157e-01  -2.8713358e-02   1.2431649e+00  -2.0937615e-02   4.1657901e-03   2.6616692e-03
  -1.1399829e-01  -3.8034309e-03   1.2427613e+00  -2.0588883e-02   4.0783480e-03   2.4794637e-03
  -1.0590153e-01  -6.2204643e-03   1.2226639e+00  -2.0262042e-02   3.8675857e-03   2.2924721e-03
  -1.0505672e-01  -6.1855917e-02   1.2072667e+00  -2.1100184e-02   3.9702871e-03   2.3991882e-03
  -1.0468685e-01  -4.1770205e-02   1.2343793e+00  -2.0591549e-02   3.7559716e-03   2.5141916e-03
  -1.0347589e-01  -1.5534831e-02   1.2401085e+00  -2.1152493e-02   3.3373192e-03   2.6001060e-03
  -9.7918017e-02  -6.3264969e-03   1.2136426e+00  -2.1024873e-02   3.1078910e-03   1.7826539e-03
  -1.0994661e-01  -2.0388090e-02   1.2514161e+00  -2.0794777e-02   3.3355192e-03   2.3239687e-03
  -1.0038898e-01  -2.9069179e-02   1.2708084e+00  -2.0245127e-02   3.7167533e-03   2.4379121e-03
  -9.7531833e-02  -3.6503007e-02   1.2467108e+00  -2.1271733e-02   3.9315924e-03   2.2844736e-03
  -7.8210725e-02  -2.7385838e-02   1.3247388e+00  -1.9863038e-02   3.9804455e-03   1.6606588e-03
  -8.2065637e-02  -5.2103008e-02   1.4819631e+00  -2.0426181e-02   5.7186405e-03   1.8093499e-03
  -7.2646406e-02  -4.2374185e-02   1.3805394e+00  -2.5135753e-02   3.0708285e-03   1.6775210e-03
  -6.7076800e-02  -5.3496258e-02   1.3142756e+00  -2.3931912e-02   2.3103493e-03   1.2044595e-03
  -8.4721406e-02  -2.0549321e-02   1.3458648e+00  -2.2089467e-02   1.0174235e-03   1.6738983e-03
  -7.0794292e-02  -2.6551638e-02   1.3425405e+00  -2.2410782e-02   1.1523406e-03   1.4863096e-03
  -6.0274900e-02  -8.6653183e-03   1.3531860e+00  -2.2057250e-02   1.8269611e-03   1.3882674e-03
  -6.4277155e-02   1.5297621e-02   1.2700241e+00  -2.3161786e-02   3.2852160e-03   1.7995361e-03
  -8.5254606e-02   1.0169062e-02   1.4833465e+00  -2.0103282e-02   1.6183160e-03   1.9696811e-03
  -9.0784849e-02  -7.0120606e-03   1.6082706e+00  -2.7297201e-02   3.0936644e-03   2.3509991e-03
  -1.0776128e-01   7.7680011e-03   1.5665513e+00  -2.8243827e-02   1.2445950e-03   2.9898591e-03
  -1.0227323e-01   1.0237994e-03   1.6182214e+00  -2.7612527e-02   1.6901823e-03   2.4575422e-03
  -9.2971357e-02  -2.4524255e-02   1.6263995e+00  -2.8120383e-02   1.2653240e-03   2.4795018e-03
  -8.5428851e-02   2.1722274e-02   1.7221084e+00  -2.6698188e-02   1.0508176e-03   2.2934542e-03
  -7.9881558e-02   4.9043240e-02   1.7163516e+00  -2.7227786e-02   1.1697594e-03   1.9980449e-03
  -7.4397065e-02   2.6150324e-02   1.7219580e+00  -2.8063831e-02   9.9246914e-04   1.9689443e-03
  -8.2318046e-02   5.9480634e-03   1.7365433e+00  -2.7936755e-02   8.0491434e-04   2.0963907e-03
  -8.3746275e-02  -3.5962090e-03   1.7325232e+00  -2.7742934e-02   8.1605514e-04   2.1151972e-03
  -6.7419371e-02   3.0010885e-02   1.7835477e+00  -2.7516827e-02   1.2275199e-03   1.8586352e-03
  -7.9705255e-02   2.8209183e-02   1.7382917e+00  -2.8077945e-02   9.2975594e-04   2.0475200e-03
  -6.3248223e-02  -5.0049673e-03   1.6949663e+00  -2.9120769e-02   1.2093422e-03   1.6715533e-03
  -7.2711200e-02   1.1248597e-02   1.7266592e+00  -2.8032364e-02   8.3259322e-04   1.8900792e-03
  -6.8748696e-02  -1.1529318e-02   1.7265948e+00  -2.7567708e-02   8.0016945e-04   1.8239388e-03
  -7.2610449e-02  -2.2733007e-03   1.7089182e+00  -2.8209502e-02   9.8861316e-04   2.0385593e-03
  -7.5576805e-02  -7.7374509e-03   1.7040279e+00  -2.7732482e-02   6.7420649e-04   2.4101854e-03
  -7.6031923e-02  -9.3982741e-03   1.7080916e+00  -2.7949834e-02   8.1826326e-04   2.0427738e-03
  -6.0203229e-02  -6.2818881e-03   1.7405730e+00  -2.7482238e-02   6.6697683e-04   1.6658620e-03
  -4.6268309e-02  -2.6487274e-02   1.7320107e+00  -2.8134100e-02   5.1709270e-04   1.3700674e-03
  -6.2110335e-02   1.7138778e-02   1.7491859e+00  -2.7672935e-02   2.2843807e-04   1.6894710e-03
  -8.4351103e-02  -1.5172766e-02   1.7532825e+00  -2.8849827e-02  -2.9858285e-04   2.3404270e-03
  -6.3786519e-02  -1.2244262e-02   1.7346886e+00  -2.8852431e-02   1.7052040e-04   1.8139051e-03
  -9.1852767e-02   5.1335778e-03   1.7678286e+00  -2.8019588e-02  -1.9463043e-05   2.4694122e-03
  -5.5068468e-02  -7.0278691e-03   1.7759472e+00  -2.7838064e-02   2.0496617e-04   1.8278342e-03
  -8.8551675e-02   2.7174627e-02   1.7463350e+00  -2.9007340e-02  -4.8071940e-04   2.0624980e-03
  -7.2086222e-02   1.2882307e-02   1.7469486e+00  -2.8754766e-02  -9.4835916e-05   2.2865024e-03
  -4.5646603e-02   2.0473095e-02   1.7891141e+00  -2.7817898e-02   3.7440596e-04   2.0032907e-03
  -7.4074181e-02  -1.2243862e-02   1.7902367e+00  -2.8057444e-02   3.7151308e-04   1.7230794e-03
  -6.3602572e-02  -2.3272367e-03   1.7752335e+00  -2.8598691e-02   5.2447626e-04   2.1286014e-03
  -1.6444706e-01  -1.9281365e-02   1.4805869e+00  -3.3449303e-02   2.1639611e-03   4.3868467e-03
  -4.7885160e-02  -1.8430150e-01   7.4462413e-01  -3.8817204e-03   2.3555776e-03   1.0263478e-03
  -1.6552024e-01  -3.8209934e-01   8.9953381e-01   3.3450596e-03  -1.7839430e-03   1.6341624e-03
  -1.7316571e-01  -2.2226766e-01   1.0462794e+00  -2.0756044e-03  -5.2415432e-04   2.7965267e-03
  -1.5851288e-01  -1.2810120e-01   1.0879237e+00  -6.8850284e-03  -9.7921137e-04   3.2019900e-03
  -1.4820670e-01  -8.3493941e-02   1.1383947e+00  -7.7968616e-03  -1.2179092e-03   2.8022385e-03
  -1.4443135e-01  -6.3851216e-02   1.1145894e+00  -7.5843360e-03  -1.2878944e-03   2.9996856e-03
  -1.3359583e-01  -5.3159454e-02   1.0924767e+00  -7.5690349e-03  -2.0572990e-03   2.4655472e-03
  -1.2091501e-01  -4.2290185e-02   1.1006480e+00  -7.4296991e-03  -1.9115598e-03   2.3353984e-03
  -1.5486244e-01  -2.9737294e-02   1.1036407e+00  -7.7519075e-03  -1.9376963e-03   3.0000694e-03
  -1.2880622e-01  -4.0152522e-02   1.1116395e+00  -7.6523752e-03  -2.4798499e-03   2.4334099e-03
  -1.3175382e-01  -3.5185987e-02   1.1109129e+00  -7.2155078e-03  -1.9912012e-03   3.0528070e-03
  -1.4267665e-01  -3.0518653e-02   1.1289579e+00  -7.2636455e-03  -2.4163000e-03   3.0664259e-03
  -1.4204022e-01  -4.1259730e-02   1.1446781e+00  -7.0818120e-03  -2.4903653e-03   2.4839076e-03
  -1.9143412e-01  -2.0786222e-01   1.1719438e+00  -6.0227318e-03  -2.8630090e-03   3.4409409e-03
  -1.4165653e-01  -5.7299091e-02   1.1465614e+00  -7.2863953e-03  -2.5212328e-03   2.8935145e-03
  -1.1776245e-01  -9.6529743e-02   1.1726519e+00  -6.5000495e-03  -2.6835887e-03   2.3390346e-03
  -1.4134675e-01  -7.3283958e-02   1.2113715e+00  -6.4888336e-03  -2.6810777e-03   2.5733569e-03
  -1.3522888e-01  -6.3039291e-02   1.1656683e+00  -7.0609971e-03  -2.1671221e-03   3.1804739e-03
  -1.1855468e-01  -5.5908090e-02   1.1849371e+00  -6.6516223e-03  -2.4858649e-03   2.2899117e-03
  -1.3084441e-01  -6.0844563e-02   1.1909344e+00  -6.7683659e-03  -2.7219290e-03   2.5732275e-03
  -1.4406207e-01  -6.0135724e-02   1.2014465e+00  -6.7721686e-03  -2.6421436e-03   2.1698328e-03
  -1.4730907e-01  -7.2265791e-02   1.2064196e+00  -7.1679053e-03  -2.6333168e-03   2.9587328e-03
  -1.4000840e-01  -5.0352505e-02   1.2242931e+00  -6.7869552e-03  -2.4337386e-03   2.5665858e-03
  -1.4091556e-01  -4.7573058e-02   1.2387653e+00  -6.3702205e-03  -2.5280435e-03   2.7341295e-03
  -1.2442285e-01  -5.7787736e-02   1.2307787e+00  -6.9038247e-03  -2.3855490e-03   2.6445837e-03
  -1.3162992e-01  -4.4036641e-02   1.2055893e+00  -7.6126213e-03  -2.8493579e-03   2.2700605e-03
  -1.1813321e-01  -3.4972137e-02   1.2275433e+00  -7.1784428e-03  -2.9051943e-03   2.3836571e-03
  -1.2176620e-01  -6.9788835e-02   1.2292067e+00  -7.5028589e-03  -2.9799691e-03   2.4601200e-03
  -1.2982593e-01  -4.7026084e-02   1.2625589e+00  -6.6250009e-03  -2.7192670e-03   2.6835933e-03
  -1.3562155e-01  -5.8263142e-02   1.2677341e+00  -7.3362544e-03  -3.0184722e-03   2.5996550e-03
  -1.2643188e-01  -4.7968410e-02   1.3014759e+00  -6.3978055e-03  -2.5822091e-03   2.2557965e-03
  -1.2810657e-01  -7.2500570e-02   1.2879119e+00  -6.9547416e-03  -2.9790626e-03   2.0464231e-03
  -1.0461425e-01  -5.8130745e-02   1.2812710e+00  -7.3399495e-03  -2.4864492e-03   2.1193823e-03
  -1.1148851e-01  -5.4739507e-02   1.2862537e+00  -7.0713170e-03  -2.5273971e-03   2.1347601e-03
  -1.3634490e-01  -4.4493555e-02   1.3029770e+00  -6.4709022e-03  -2.7844070e-03   2.5861573e-03
  -1.1617503e-01  -2.1850579e-02   1.3198071e+00  -6.6876646e-03  -3.0275959e-03   2.0985753e-03
  -1.1112596e-01  -4.3662099e-02   1.3165957e+00  -7.3317078e-03  -2.6977005e-03   2.1137617e-03
  -1.1444916e-01  -4.9524414e-02   1.3158576e+00  -7.2907816e-03  -2.6661041e-03   2.5639941e-03
  -1.2278441e-01  -5.1550635e-02   1.3315778e+00  -7.2455144e-03  -2.7029988e-03   2.5275378e-03
  -1.1591966e-01  -4.8823594e-02   1.3363733e+00  -7.3734037e-03  -2.8209397e-03   2.1786876e-03
  -1.0397069e-01  -5.9372151e-02   1.3759574e+00  -6.8612646e-03  -3.0200220e-03   1.9295458e-03
  -1.1311332e-01  -5.2656160e-02   1.3705074e+00  -7.0254930e-03  -3.1295547e-03   2.1127679e-03
  -1.1451957e-01  -5.9798430e-02   1.3710444e+00  -7.0615191e-03  -2.7448304e-03   2.4021889e-03
  -1.2489983e-01  -5.3224362e-02   1.3743523e+00  -7.0003769e-03  -3.4286777e-03   2.2949750e-03
  -1.1885116e-01  -6.4678021e-02   1.3857001e+00  -6.9747725e-03  -3.0393612e-03   2.0659111e-03
  -1.0050042e-01  -2.9003720e-02   1.4082370e+00  -6.6191678e-03  -2.8917655e-03   2.2487535e-03
  -1.0317667e-01  -3.7209110e-02   1.3930753e+00  -6.7714937e-03  -2.4803476e-03   2.0184298e-03
  -1.1981893e-01  -1.6673280e-02   1.4001764e+00  -6.7169049e-03  -2.9882847e-03   2.4653794e-03
  -1.1590360e-01  -3.9877553e-02   1.3875923e+00  -7.5384823e-03  -3.1694625e-03   2.5154636e-03
  -9.6150877e-02  -2.4635997e-02   1.4148646e+00  -6.6375583e-03  -2.7084710e-03   2.2785807e-03
  -8.5814701e-02  -1.8037107e-02   1.4032207e+00  -7.1358189e-03  -2.8456854e-03   1.7181390e-03
  -1.0560668e-01  -5.9094020e-02   1.4158137e+00  -7.8275573e-03  -2.7326743e-03   2.5120871e-03
  -1.0250368e-01  -5.1608191e-02   1.4262412e+00  -7.4384034e-03  -3.1837596e-03   1.8774848e-03
  -1.2415989e-01  -5.2725171e-02   1.4398683e+00  -7.1518410e-03  -3.0542789e-03   2.1191659e-03
  -9.4738861e-02  -3.1153073e-02   1.4363873e+00  -7.7770579e-03  -2.5806433e-03   2.0052720e-03
  -1.0083170e-01  -3.4488486e-02   1.4451899e+00  -7.4398644e-03  -2.9827089e-03   1.9303812e-03
  -1.1833772e-01  -2.3304233e-02   1.4237602e+00  -8.5472920e-03  -2.7929966e-03   2.5024171e-03
  -1.1316056e-01  -2.3750972e-02   1.4689599e+00  -7.3028292e-03  -2.5269791e-03   2.4284056e-03
  -1.1295779e-01  -1.3704845e-02   1.4611627e+00  -7.5526250e-03  -2.9929854e-03   2.4022467e-03
  -1.1359168e-01  -3.9916084e-02   1.4657536e+00  -8.0397822e-03  -2.7475419e-03   2.5647342e-03
  -1.0907111e-01  -2.7583871e-02   1.4718827e+00  -7.7257705e-03  -3.1493177e-03   1.9888549e-03
  -9.4434258e-02  -2.4659479e-02   1.5136966e+00  -6.9627461e-03  -2.5659177e-03   2.1566345e-03
  -1.0003499e-01  -3.0326286e-02   1.5185673e+00  -7.1062843e-03  -2.6217563e-03   2.0812855e-03
  -7.6988262e-02  -2.2211848e-02   1.5150084e+00  -7.3290709e-03  -2.9374318e-03   1.4426857e-03
  -9.9379081e-02  -7.9712983e-03   1.5208090e+00  -7.3885342e-03  -2.8517887e-03   1.9479056e-03
  -8.7462856e-02  -1.5059850e-02   1.5427631e+00  -7.3741378e-03  -2.6567663e-03   1.4326162e-03
  -1.0283268e-01  -1.5064962e-02   1.5668417e+00  -7.2089151e-03  -2.6786532e-03   2.2231976e-03
  -9.9436591e-02  -4.6679165e-02   1.5594599e+00  -7.1186164e-03  -3.0490092e-03   2.2457307e-03
  -9.8700553e-02  -2.2718984e-02   1.5646215e+00  -7.4047500e-03  -2.8840598e-03   1.9129393e-03
  -9.8059664e-02  -3.0119128e-02   1.5574889e+00  -7.8040955e-03  -2.6456421e-03   2.0290910e-03
  -8.1763418e-02  -1.5845213e-02   1.5813144e+00  -7.5296504e-03  -2.5806275e-03   1.7020603e-03
  -9.7084092e-02  -3.0567059e-02   1.5625009e+00  -8.2752592e-03  -2.9475497e-03   1.5911329e-03
  -9.7277482e-02  -3.7187453e-02   1.6122256e+00  -8.3671497e-03  -3.3647255e-03   2.0959035e-03
  -9.9132696e-02  -6.4220483e-02   2.1277307e+00  -8.3337947e-03   3.8963082e-03   3.5803642e-03
  -6.3314894e-02  -7.1154923e-02   2.1039471e+00  -2.7389929e-02   9.2304597e-03   4.9837618e-03
  -7.0583795e-02  -3.6229821e-02   2.0388979e+00  -2.5117311e-02   4.3237462e-03   3.7881506e-03
  -5.1004348e-02  -1.3006512e-02   2.0562306e+00  -2.4752875e-02   3.8104086e-03   2.8492731e-03
  -3.7988760e-02  -1.1278382e-02   2.0973891e+00  -2.4476055e-02   3.5554700e-03   2.6751172e-03
  -3.8280049e-02  -4.2900802e-03   2.1450819e+00  -2.4220217e-02   3.9267597e-03   2.4739211e-03
  -4.9222987e-02  -4.0654331e-04   2.1300781e+00  -2.4467743e-02   3.5361044e-03   2.4551780e-03
  -3.5637769e-02   2.2461138e-02   2.1509342e+00  -2.2010243e-02   2.5226755e-03   2.1984930e-03
  -4.9763945e-02   9.9410341e-03   2.1335477e+00  -2.2691968e-02   1.6311081e-03   2.4530290e-03
  -4.3195280e-02   2.9407042e-02   2.2289583e+00  -2.1133647e-02   2.4100866e-03   1.8291101e-03
   4.8007883e-03   2.3154037e-02   2.4067210e+00  -2.6155232e-02   5.3841762e-03   2.7079923e-03
  -3.4953504e-02   1.0400770e-02   2.3615103e+00  -2.7155634e-02   3.1532008e-03   2.6046130e-03
  -2.9127686e-02   3.1152104e-02   2.3904886e+00  -2.6053773e-02   2.8748798e-03   2.7285389e-03
  -3.9075793e-02   4.8682702e-02   2.3776408e+00  -2.6223180e-02   2.4651181e-03   2.9304678e-03
  -2.3887534e-02   2.9003533e-02   2.3730183e+00  -2.6494549e-02   2.0802724e-03   2.3114609e-03
  -3.5635606e-02   3.2910252e-02   2.4096895e+00  -2.5696011e-02   2.6053538e-03   2.4258172e-03
  -1.4532015e-02   4.2696355e-02   2.5603877e+00  -2.2662943e-02   3.3654997e-03   2.0962492e-03
  -4.0506631e-02   5.8066894e-03   2.6697297e+00  -3.2599815e-02   3.1695068e-04   2.8413098e-03
  -4.9286141e-02   2.6373088e-02   2.5947492e+00  -3.1506518e-02  -4.3036824e-04   2.9429103e-03
  -3.9325409e-02   1.7800208e-02   2.6187322e+00  -3.1392025e-02  -7.6495833e-04   2.1663343e-03
  -5.3942114e-02   1.7146349e-02   2.6160086e+00  -3.1364339e-02  -8.5487756e-04   2.6575151e-03
  -4.6671695e-02   2.6063280e-02   2.5972512e+00  -3.1482665e-02  -4.5830612e-04   2.7862064e-03
  -6.3430725e-02   3.6171142e-02   2.5906322e+00  -3.1198878e-02  -7.5369506e-04   3.2756723e-03
  -4.3293167e-02   3.7929173e-02   2.6132326e+00  -3.0759946e-02  -1.0705911e-03   2.9793577e-03
  -1.3627432e-02   4.7695490e-03   2.7612957e+00  -3.3447271e-02   2.6547291e-03   3.1396603e-03
   2.1753451e-03  -3.2206393e-02   2.6858000e+00  -3.4165851e-02   5.4493777e-03   3.1964472e-03
  -3.0896605e-02  -6.8671297e-03   2.6826124e+00  -3.4036728e-02   2.6377094e-03   2.8313657e-03
  -1.8856117e-02   2.8937618e-02   2.6977379e+00  -3.2972309e-02   2.3650178e-03   2.7944572e-03
  -2.3351744e-02   4.0677541e-02   2.7044228e+00  -3.2160660e-02   1.6497159e-03   2.8487664e-03
  -4.0540811e-03   3.5574070e-02   2.7279828e+00  -3.3235647e-02   1.8147129e-03   2.4635633e-03
  -1.9075540e-02   1.3370356e-02   2.7019417e+00  -3.3112366e-02   1.6396181e-03   2.7565879e-03
  -3.4110228e-02   1.3528103e-02   2.7038612e+00  -3.3099815e-02   1.2941020e-03   2.6378647e-03
  -1.0408475e-02   1.2594462e-02   2.6965724e+00  -3.3093366e-02   2.1336389e-03   2.8485808e-03
  -1.7189413e-02   1.5683397e-02   2.7089080e+00  -3.2280656e-02   1.4817304e-03   2.4962712e-03
  -1.2783006e-02   1.9069601e-02   2.7227834e+00  -3.2217438e-02   8.5342018e-04   2.5089184e-03
  -1.3242217e-02   1.4096919e-02   2.7076425e+00  -3.3157034e-02   7.8527234e-04   2.1997398e-03
   2.8288180e-03   2.1465243e-02   2.7251959e+00  -3.2371878e-02   1.7947407e-03   2.1940064e-03
   9.8880571e-03   1.7137082e-02   2.7333347e+00  -3.2667369e-02   1.3430369e-03   2.0381056e-03
  -1.3290787e-02   1.1634398e-02   2.7385826e+00  -3.2450176e-02   1.2979036e-03   2.7467882e-03
  -2.0304424e-02   2.4211123e-02   2.7452337e+00  -3.2625366e-02   1.0077539e-03   2.7698957e-03
  -2.1579779e-02   2.7293167e-02   2.7417350e+00  -3.2141407e-02   9.1424312e-04   3.0526586e-03
  -1.4463867e-02   9.1777188e-03   2.7545574e+00  -3.2079222e-02   1.2735381e-03   2.4882863e-03
  -1.4819703e-02   9.6161367e-03   2.7835486e+00  -3.1524452e-02   1.0191962e-03   3.1144268e-03
  -2.6003406e-02   7.8627340e-03   2.7768717e+00  -3.2154491e-02   5.7249544e-04   2.9011668e-03
   6.6526187e-04   5.5271681e-03   2.8137861e+00  -3.1497955e-02   8.7490923e-04   2.3848146e-03
  -4.5479026e-02   1.0026696e-02   2.8060494e+00  -3.1502919e-02   1.0242916e-03   3.2052985e-03
  -1.5082086e-02   2.9145434e-02   2.8468812e+00  -3.0876866e-02   6.3534202e-04   2.2875835e-03
  -2.0798346e-03  -8.6774286e-03   2.8149440e+00  -3.1201124e-02   8.6280765e-04   2.5989250e-03
  -1.5298321e-02   3.7574683e-02   2.8247525e+00  -3.1174019e-02   7.4815818e-04   2.5665828e-03
  -1.0772620e-02   3.4999243e-02   2.8181897e+00  -3.1708344e-02   9.9140463e-05   2.2908761e-03
  -8.1044153e-03   3.7253300e-02   2.8425074e+00  -3.1487131e-02   7.8958532e-04   2.0710258e-03
  -1.0837371e-02  -2.1771742e-02   2.8931914e+00  -3.1449099e-02   5.9512899e-03   3.1453695e-03
  -4.1590708e-02   1.7032457e-02   2.8151741e+00  -3.1937073e-02   3.3055933e-03   3.4212653e-03
  -1.8144618e-02   1.6954208e-02   2.8160596e+00  -3.1382973e-02   2.3218012e-03   2.4721844e-03
  -2.2771416e-02   2.6693868e-02   2.8032655e+00  -3.0635250e-02   2.0804851e-03   2.7413512e-03
  -2.9100995e-02   5.6429848e-02   2.7910476e+00  -3.0855823e-02   1.6990059e-03   2.8533011e-03
  -2.6014226e-02   3.2421990e-02   2.8000179e+00  -3.0374694e-02   1.7440934e-03   2.5090932e-03
  -1.4145245e-03   2.7084998e-02   2.8234767e+00  -2.9996647e-02   2.0878201e-03   2.4255724e-03
  -2.8028022e-02   2.9466391e-02   2.8221046e+00  -2.9910980e-02   1.7906043e-03   2.7519437e-03
  -3.0686379e-02   3.8459773e-02   2.8220644e+00  -2.9843935e-02   1.3951576e-03   2.5802858e-03
  -1.7139078e-02   2.8810476e-02   2.8224412e+00  -2.9797247e-02   1.6649672e-03   2.5990338e-03
  -2.6861816e-02   3.1860601e-02   2.8426258e+00  -2.9778173e-02   1.6733477e-03   2.6055187e-03
  -3.2708444e-02   6.5216617e-03   2.8490615e+00  -2.9501652e-02   1.2116011e-03   2.4890605e-03
  -1.0747879e-02   2.0880114e-02   2.8652739e+00  -2.9315230e-02   1.2578618e-03   2.2196815e-03
  -6.7003970e-03   3.6429142e-02   2.8673951e+00  -2.8952825e-02   1.4658519e-03   2.2820552e-03
  -3.8786321e-03   1.7829676e-02   2.8600838e+00  -2.9527248e-02   1.4097007e-03   2.2125804e-03
  -3.1373441e-02   5.7704297e-02   2.8490281e+00  -2.9458438e-02   5.9727114e-04   2.9768276e-03
  -1.1516290e-02   1.3055883e-02   2.8392280e+00  -2.8714055e-02   1.1192557e-03   2.7228951e-03
   7.3258079e-03   1.4129844e-02   2.8259439e+00  -2.8208755e-02   8.3441085e-04   2.3295949e-03
  -1.1668520e-02   3.4698280e-02   2.7762164e+00  -2.8297550e-02   1.5045708e-03   2.4243111e-03
  -6.2547866e-03   5.2014367e-02   2.7318249e+00  -2.8539786e-02   3.4805893e-03   2.7396519e-03
   1.0777508e-02   3.8300666e-02   2.7819388e+00  -2.7454739e-02   2.1702419e-03   1.7303482e-03
   2.4351479e-03   3.0947818e-02   2.8381708e+00  -2.8882975e-02   1.4680216e-03   1.8110500e-03
  -6.7868269e-03   3.8303102e-02   2.8628984e+00  -2.8497298e-02   1.8951935e-03   2.0047838e-03
   5.1101450e-03   3.3941922e-02   2.8865384e+00  -2.8125032e-02   1.2843815e-03   1.7318449e-03
  -5.4431400e-04   5.4502296e-02   2.9162932e+00  -2.7795957e-02   1.7264826e-03   1.9257791e-03
  -1.3095024e-02  -1.4138767e-02   3.1340879e+00  -3.1409095e-02   4.8920954e-03   3.0699435e-03
   1.2734139e-02   1.5557530e-02   3.1500868e+00  -3.1192800e-02   5.6425248e-03   2.7573550e-03
  -4.2292516e-03  -6.4369093e-03   3.0914230e+00  -3.2105072e-02   3.2924313e-03   2.8049833e-03
  -7.7037923e-03  -5.8042675e-03   3.1091882e+00  -3.1043710e-02   3.3739305e-03   2.9972619e-03
   9.5269997e-03   1.3199599e-02   3.1289142e+00  -3.0571918e-02   3.5108651e-03   2.2108933e-03
  -3.0169292e-03   2.9962080e-02   3.0986399e+00  -3.0821905e-02   2.9089437e-03   3.1075457e-03
  -1.8121010e-02   2.4354305e-02   3.0853043e+00  -3.0827987e-02   2.6512973e-03   2.7832280e-03
   1.0297466e-02   3.0948310e-02   3.0862062e+00  -3.0887005e-02   2.3415432e-03   2.5091399e-03
  -1.8339403e-02   3.7822681e-02   3.0911635e+00  -3.0842885e-02   2.2785725e-03   2.6511197e-03
  -1.7783835e-02   2.9890449e-02   3.1256427e+00  -3.0077930e-02   2.0968543e-03   2.7686999e-03
   4.2062902e-05   5.7565067e-02   3.1154473e+00  -3.0330388e-02   2.3429802e-03   2.1893910e-03
   4.8693898e-03   4.1715170e-02   3.1081293e+00  -3.1452085e-02   1.4759738e-03   2.0614486e-03
  -8.4359494e-03   2.4317073e-02   3.0974387e+00  -3.0810429e-02   1.5978653e-03   2.4770025e-03
  -5.3315368e-04   4.2224101e-02   3.1279292e+00  -3.0116561e-02   1.7728928e-03   1.9673995e-03
  -1.8860757e-03   1.9527636e-02   3.1345056e+00  -3.0055345e-02   1.6769194e-03   2.4260846e-03
  -2.3967258e-03   4.4708283e-02   3.1008373e+00  -3.0902353e-02   1.8353981e-03   2.2500348e-03
   1.8445605e-03   6.8918493e-02   3.1126799e+00  -3.0493667e-02   1.6745169e-03   2.3966949e-03
  -1.2793412e-02   5.1989054e-02   3.1334317e+00  -3.0528317e-02   2.0204100e-03   2.5861647e-03
  -1.5158364e-02   3.6073440e-02   3.1303155e+00  -3.0418084e-02   1.4684762e-03   2.7027138e-03
   5.3795271e-03   3.6113073e-02   3.1425853e+00  -3.0158106e-02   1.2222894e-03   2.1230284e-03
   1.3188563e-04   4.1133532e-02   3.1457198e+00  -3.0406962e-02   1.2581246e-03   2.7502404e-03
  -2.6133386e-03   4.2132870e-02   3.1827130e+00  -2.9626446e-02   1.4869907e-03   2.3852934e-03
  -4.0605115e-03   1.6177055e-02   3.1534097e+00  -3.0597238e-02   1.0405644e-03   2.5813118e-03
  -2.2205078e-02   1.1229763e-02   3.1691166e+00  -3.0247627e-02   1.1125461e-03   2.6252237e-03
  -2.9276480e-02   1.4192596e-02   3.1940721e+00  -2.9390946e-02   9.1625060e-04   3.0930194e-03
  -8.9223079e-03   4.4251658e-02   3.1661357e+00  -3.0407229e-02   1.2930518e-03   2.8188778e-03
  -1.6033815e-02   1.5283717e-02   3.1735997e+00  -3.0041808e-02   6.4922905e-04   2.9866658e-03
  -3.6721473e-04   3.8560662e-02   3.1873037e+00  -3.0591093e-02   6.4749937e-04   2.6598009e-03
   3.6273273e-03   3.7851260e-02   3.2098565e+00  -3.0018757e-02   4.9138578e-04   1.9700186e-03
  -1.7951628e-02   1.3845198e-02   3.1980648e+00  -3.0656425e-02   7.2625167e-04   2.8356638e-03
  -8.1268817e-03   5.4806902e-02   3.2318735e+00  -2.9597559e-02   8.9868128e-04   2.4898680e-03
  -5.1809884e-03   2.4937857e-02   3.2714418e+00  -2.9675990e-02   1.0303575e-03   2.4038907e-03
  -1.3197521e-02  -1.2634235e-02   3.2558949e+00  -2.6843526e-02   5.5321101e-03   3.5849352e-03
   4.0617081e-03  -4.4145748e-02   3.4323716e+00  -3.2782227e-02   8.1916629e-03   4.3428577e-03
  -3.0155425e-03  -1.4499670e-02   3.2784009e+00  -3.2297102e-02   2.8848478e-03   2.7775905e-03
   4.6590062e-03   6.3996575e-03   3.3080539e+00  -3.1633271e-02   1.7858581e-03   2.6629525e-03
  -4.2507255e-03  -2.7283578e-04   3.2937981e+00  -3.0798085e-02   2.0625252e-03   3.0864833e-03
  -6.7248364e-03   3.0726521e-02   3.3124716e+00  -3.0386440e-02   1.7712912e-03   2.6020543e-03
  -8.9159110e-03   1.8732134e-02   3.2929123e+00  -3.1385172e-02   1.6994800e-03   3.0719078e-03
   7.8036073e-03   3.2994195e-02   3.2897371e+00  -3.1536517e-02   1.7636133e-03   2.6663557e-03
   1.9038180e-02   1.8700494e-02   3.3028268e+00  -3.1030910e-02   1.1701568e-03   2.3180502e-03
   2.7906948e-03   2.2384637e-02   3.3102974e+00  -3.0834982e-02   9.5106667e-04   2.5875685e-03
  -2.5113021e-03  -1.9159405e-03   3.3437514e+00  -3.0389186e-02   1.4409105e-03   2.5083369e-03
  -1.6758476e-02   1.7469502e-02   3.3250262e+00  -3.0682791e-02   5.7339725e-04   2.8012686e-03
   1.1426648e-02   1.7618267e-02   3.3296280e+00  -3.0754148e-02   7.9857725e-04   2.3803814e-03
  -7.9192470e-03   2.0234943e-02   3.2999348e+00  -3.1172181e-02   6.5142806e-04   3.0627156e-03
   6.3967351e-03   2.8225717e-02   3.3320548e+00  -3.0877231e-02   9.1872873e-04   2.3721893e-03
   7.7188623e-03   2.0707521e-02   3.3316718e+00  -3.0783919e-02   9.1387628e-04   2.5473472e-03
   2.5883486e-03   2.1761793e-02   3.3511434e+00  -2.9749498e-02   5.0890550e-04   2.2343704e-03
  -4.4110137e-03   3.1476135e-02   3.3618053e+00  -2.9818352e-02   8.7948487e-04   2.7378694e-03
   1.4967776e-03   6.1855670e-02   3.3195910e+00  -3.0665160e-02   1.0465116e-03   2.6562734e-03
  -1.6387368e-02   2.7379926e-02   3.4547620e+00  -2.8811091e-02   1.4122424e-03   3.0255003e-03
   2.0783237e-02   2.0146039e-02   3.3982645e+00  -3.0741965e-02   5.9468480e-03   2.5596452e-03
   1.9861311e-02   3.8437882e-02   3.2992207e+00  -3.0265067e-02   4.7778709e-03   2.6453664e-03
  -5.0727938e-02   7.8395532e-03   3.4452484e+00  -3.3541080e-02   1.3533261e-03   3.5387835e-03
  -1.4479823e-02   2.9919541e-02   3.4477632e+00  -3.1804758e-02  -4.4880043e-04   2.7178199e-03
  -2.7211362e-02   1.9536625e-02   3.4990449e+00  -3.0678760e-02   5.9657778e-04   3.4403022e-03
  -2.2387486e-02   2.7833208e-02   3.7443842e+00  -3.5095055e-02   1.4365015e-03   3.5548448e-03
  -3.4455733e-02   4.8183122e-02   3.6904377e+00  -3.7396381e-02   3.9350079e-04   3.6918920e-03
  -1.8083843e-02   2.6472216e-02   3.7066502e+00  -3.6469847e-02   8.5154257e-04   3.1937052e-03
  -3.3235396e-02  -1.9614788e-02   3.5723143e+00  -2.8255103e-02   3.5754593e-03   4.1612085e-03
  -1.0396389e-02   1.2907221e-02   3.3857229e+00  -2.8771192e-02   7.3873493e-03   3.8523058e-03
  -1.0328577e-02   3.7002973e-02   3.3697907e+00  -2.7708047e-02   6.0500651e-03   3.3963441e-03
  -1.5613985e-02   4.0512399e-02   3.3555928e+00  -2.7987409e-02   5.0352102e-03   3.2704361e-03
   3.4287415e-03   4.1499275e-02   3.4076942e+00  -2.6762970e-02   6.1931878e-03   3.1927303e-03
  -8.0725813e-03   3.6988363e-02   3.4062586e+00  -2.7115944e-02   6.0524671e-03   3.4329513e-03
   4.5129576e-04   4.2556284e-02   3.3883947e+00  -2.7307728e-02   5.7570755e-03   2.8219504e-03
   9.0532233e-03   3.3989926e-02   3.4375241e+00  -2.7383696e-02   5.8818803e-03   3.0928917e-03
   4.8246050e-03   4.7551304e-02   3.3937319e+00  -2.6863189e-02   5.4649737e-03   2.8937427e-03
  -3.7051386e-03   2.3597240e-02   3.4136732e+00  -2.5975425e-02   5.7562645e-03   3.3058521e-03
  -1.4666470e-02   6.4489329e-02   3.5626499e+00  -3.0531934e-02   6.5106266e-03   3.7652062e-03
   6.8665071e-03  -4.1256321e-02   3.6844057e+00  -2.7484970e-02   8.4780390e-03   3.8035588e-03
   1.9676648e-02  -2.7714196e-03   3.5934840e+00  -3.1635161e-02   5.6751128e-03   3.0573677e-03
   1.7725211e-02   2.2746420e-02   3.5969238e+00  -3.0640110e-02   4.7318769e-03   2.9857950e-03
   2.6745946e-02   3.9560050e-02   3.6160431e+00  -3.0764154e-02   5.0911830e-03   2.6749286e-03
   1.6259550e-02   5.4819104e-02   3.6158577e+00  -3.0022933e-02   4.9849035e-03   3.0288025e-03
  -1.0358237e-02   5.8509537e-02   3.5210950e+00  -2.9179655e-02   3.8308013e-03   3.2153837e-03
   1.6286848e-03   4.0974894e-02   3.5215726e+00  -2.8856274e-02   3.4873985e-03   2.6611792e-03
   9.7456721e-03   3.4966699e-02   3.5749532e+00  -2.7536487e-02   3.1970104e-03   2.7236967e-03
   2.9321474e-03   3.6018295e-02   3.5757026e+00  -2.7873426e-02   2.9375052e-03   2.7255655e-03
   9.7469944e-03   5.0436842e-02   3.5270763e+00  -2.8457174e-02   3.6805234e-03   2.7244610e-03
   7.2162598e-03   3.7822761e-02   3.5579151e+00  -2.8373586e-02   3.6507679e-03   3.1513262e-03
  -4.6531708e-03   3.5166233e-02   3.5575537e+00  -2.8651858e-02   2.6114230e-03   2.8002932e-03
   2.1750065e-04   3.4813089e-02   3.5609421e+00  -2.8290577e-02   3.0181827e-03   2.4229368e-03
   5.8807167e-03   4.5976957e-02   3.5903449e+00  -2.8073722e-02   3.2515129e-03   2.6928010e-03
  -4.4210941e-03   2.5141876e-02   3.5684844e+00  -2.8598478e-02   2.4374982e-03   2.7301600e-03
   1.2053493e-02   2.9222662e-02   3.5916888e+00  -2.7899798e-02   2.8884769e-03   2.6119463e-03
   1.3915243e-02   2.6781904e-02   3.5987352e+00  -2.8353466e-02   2.6880762e-03   2.5793546e-03
   1.4411499e-02   4.0944134e-02   3.6051681e+00  -2.7964189e-02   2.2352050e-03   2.1759081e-03
   2.2072039e-02   4.9046691e-02   3.6149271e+00  -2.7643259e-02   2.5563994e-03   2.4977171e-03
   8.4320270e-03   5.5163644e-02   3.6213367e+00  -2.7796614e-02   1.8753497e-03   2.1650075e-03
   6.7527061e-03   5.5878904e-02   3.6179879e+00  -2.8034619e-02   2.4084039e-03   2.5015739e-03
   8.7494863e-03   2.3426381e-02   3.6329315e+00  -2.8078527e-02   2.5029435e-03   2.7474249e-03
   8.3788516e-03   5.1717386e-02   3.6245683e+00  -2.7737750e-02   2.3349943e-03   2.8164161e-03
   1.0401053e-02   2.0071587e-02   3.6938883e+00  -2.8492031e-02   3.1356687e-03   2.5293827e-03
   1.1535661e-02   1.3785616e-02   3.7150026e+00  -2.9171305e-02   5.2807193e-03   3.0196439e-03
   2.4284975e-02   3.3407331e-02   3.7336092e+00  -2.8240311e-02   4.7226915e-03   2.4680167e-03
   2.6912166e-02   4.7376075e-02   3.7140918e+00  -2.8808065e-02   4.5140482e-03   2.3888517e-03
   3.5326255e-02   5.1203222e-02   3.6908679e+00  -2.8695512e-02   4.9869774e-03   2.4143894e-03
   2.2116857e-02   3.9289598e-02   3.6908530e+00  -2.8976261e-02   4.4796338e-03   2.8839241e-03
   3.8894392e-02   6.7260391e-02   3.6936610e+00  -2.8823901e-02   4.1803993e-03   2.5023094e-03
   2.0841990e-02   6.7829433e-02   3.6653530e+00  -2.9393734e-02   3.7367607e-03   2.8589771e-03
   2.0209925e-02   3.5281442e-02   3.7241788e+00  -2.8345480e-02   3.8108821e-03   2.3117919e-03
   1.0026690e-02   4.4776411e-02   3.7369886e+00  -2.8602050e-02   3.2174305e-03   2.7484468e-03
   2.8700347e-02   2.6167472e-02   3.7524683e+00  -2.9561889e-02   6.0392558e-03   2.9421440e-03
   2.2458344e-02   1.7212383e-02   3.7634013e+00  -2.9026935e-02   4.9131592e-03   2.4817931e-03
   3.5955119e-02   6.8124153e-03   3.7874505e+00  -2.8422782e-02   4.6645879e-03   2.7578749e-03
  -4.0374032e-03   3.5647154e-02   3.7624488e+00  -2.9380217e-02   4.1454275e-03   3.3158561e-03
   1.4836745e-02  -3.7754080e-02   3.9001743e+00  -2.8861599e-02   6.6702007e-03   3.7330178e-03
  -8.8416774e-03  -5.4556553e-02   3.9124867e+00  -2.8839166e-02   7.2644826e-03   4.5189960e-03
  -3.6647831e-02  -4.8366717e-03   3.7489245e+00  -2.9772267e-02   2.7773011e-03   4.2014476e-03
   3.1392033e-03   3.4755447e-02   3.8148912e+00  -2.8902673e-02   2.2829552e-03   3.1429731e-03
  -4.2742616e-03   2.0576249e-02   3.8122275e+00  -2.9218074e-02   1.4406836e-03   2.8853224e-03
  -2.3917441e-02   5.2104822e-03   3.7949729e+00  -2.9801195e-02   1.5688679e-03   3.6315173e-03
  -1.4204568e-02   2.7891036e-02   3.7992928e+00  -2.9007976e-02   1.4331671e-03   3.1229905e-03
   1.4516410e-03   1.8467747e-02   3.8198117e+00  -2.8341209e-02   1.3721485e-03   2.7807625e-03
  -3.2046302e-03   3.0602238e-02   3.7990655e+00  -2.8373471e-02   1.5752539e-03   2.9017617e-03
  -4.9453741e-03   3.5580833e-02   3.8089358e+00  -2.8636291e-02   1.1151075e-03   2.9324594e-03
  -1.1946711e-02   4.1422900e-02   3.8523946e+00  -2.7510354e-02   1.2314436e-03   3.1070669e-03
  -8.8634682e-03   3.4116808e-02   3.8513778e+00  -2.7696187e-02   1.3811170e-03   3.3291902e-03
   1.7477908e-02   2.7397360e-02   3.9586315e+00  -2.8207197e-02   2.5873936e-03   3.2535584e-03
   2.3956311e-02   2.0127950e-02   4.0164977e+00  -2.9668449e-02   4.5935320e-03   2.9056262e-03
   1.5715943e-02   1.7039343e-04   3.9960402e+00  -3.0400328e-02   3.9790906e-03   3.0186142e-03
   3.0984203e-02   2.0211924e-02   3.9954644e+00  -3.0111581e-02   3.6433817e-03   2.8816090e-03
   1.5416536e-02   4.0871789e-02   3.9577022e+00  -3.0388787e-02   3.5518182e-03   3.2833410e-03
   1.8810674e-02   4.1462998e-02   3.9520148e+00  -2.9544133e-02   3.3784881e-03   2.5656346e-03
   2.0481572e-02   4.8243778e-02   3.9706479e+00  -2.8807851e-02   2.7482597e-03   2.5032854e-03
  -2.4671574e-03   2.5161711e-02   3.9587330e+00  -2.9348371e-02   2.6260902e-03   3.3117871e-03
   1.1929710e-02   4.7116105e-02   3.9539342e+00  -2.9719033e-02   2.3857381e-03   2.9832695e-03
   2.7349915e-02   3.2764326e-02   3.9571350e+00  -2.9657580e-02   2.4368870e-03   2.1586099e-03
   1.5923981e-02   3.2114026e-02   3.9857460e+00  -2.8764387e-02   2.2221859e-03   2.7431548e-03
   1.0125062e-02   4.3980486e-02   3.9889557e+00  -2.8458251e-02   2.0521325e-03   2.8027659e-03
   2.4042989e-02   5.6122756e-02   3.9920883e+00  -2.8618924e-02   1.6834416e-03   2.0752159e-03
  -1.2986135e-02   3.4106680e-02   4.0162748e+00  -2.8810973e-02   2.3013342e-04   2.9781733e-03
   5.6196768e-03   1.8575540e-02   4.0233530e+00  -2.8393965e-02   6.2844190e-04   2.7847780e-03
  -2.6608894e-03  -3.4677695e-03   4.0211915e+00  -2.8359287e-02   3.2729596e-03   3.2362929e-03
   1.4250718e-02   5.0659368e-03   4.0358125e+00  -2.8906177e-02   2.5478353e-03   2.5526490e-03
   6.3859072e-03   1.5640934e-02   4.0401350e+00  -2.8351073e-02   2.5333903e-03   3.1536363e-03
   1.5631753e-02   2.8460772e-02   4.0208263e+00  -2.8634933e-02   2.2587083e-03   2.5830285e-03
   1.4624243e-02   3.3565020e-02   4.0002732e+00  -2.8822901e-02   2.1703120e-03   2.5258010e-03
  -2.5136793e-04   3.1853429e-02   3.9796177e+00  -2.8968165e-02   1.6204905e-03   3.0032764e-03
   2.8351987e-03   3.1120925e-02   4.0317002e+00  -2.8264534e-02   1.4781623e-03   3.1034919e-03
   1.4039478e-03   2.0411619e-02   4.0264477e+00  -2.8917324e-02   1.3139046e-03   2.9367620e-03
   2.4116486e-02   1.7663017e-02   4.0795843e+00  -2.8018738e-02   1.7358653e-03   2.4435530e-03
  -3.5755480e-03   7.3152997e-03   4.0706464e+00  -2.8225051e-02   1.3274516e-03   2.9347148e-03
   1.0844375e-02   9.0252076e-03   4.0638331e+00  -2.8924967e-02   1.5467672e-03   2.7279328e-03
  -9.4592893e-04   1.5862550e-02   4.0804125e+00  -2.8316003e-02   1.1066461e-03   3.1870839e-03
   1.3852878e-02   2.5400421e-02   4.0953583e+00  -2.8243113e-02   1.4895197e-03   2.6461110e-03
   3.7451605e-03   2.8309854e-02   4.0912260e+00  -2.8349860e-02   1.5011367e-03   2.5965928e-03
   1.0914188e-02   3.6936985e-02   4.0979356e+00  -2.8475668e-02   1.6988370e-03   2.9113048e-03
   2.3784008e-02   2.6470636e-02   4.0973808e+00  -2.8379088e-02   1.1584532e-03   2.5796330e-03
  -9.1854890e-03   1.6390056e-02   4.1120376e+00  -2.8223847e-02   6.6857398e-04   2.9479961e-03
   1.8570935e-02   4.6054809e-02   4.0955323e+00  -2.8878595e-02   9.0608989e-04   2.9141924e-03
   4.2575777e-03   4.2921676e-02   4.1255555e+00  -2.8394146e-02   9.9031504e-04   2.8689010e-03
   1.6353282e-02   3.4861948e-02   4.1140924e+00  -2.8526623e-02   7.4137460e-04   2.4690128e-03
   1.6811051e-02   5.3515405e-02   4.1284774e+00  -2.7997763e-02   1.0638623e-03   2.6268987e-03
   2.6650255e-03   1.6389465e-02   4.1379908e+00  -2.8452643e-02   4.1719937e-04   2.8244328e-03
  -1.8087461e-02  -3.9118298e-02   4.2463444e+00  -2.8426689e-02   2.6520977e-03   3.8888621e-03
   2.9140229e-02  -3.7025088e-02   4.2514371e+00  -2.7678889e-02   7.4444246e-03   4.3180511e-03
   4.1154890e-02   3.7020227e-04   4.1941642e+00  -3.0280283e-02   4.3013507e-03   2.8044279e-03
   3.7243437e-02   1.5120008e-02   4.1887749e+00  -3.0177345e-02   3.7203581e-03   3.1914920e-03
   3.8014294e-02   5.2612328e-03   4.2348462e+00  -2.8246860e-02   3.6160479e-03   2.3411983e-03
   1.7168434e-02   2.5010092e-02   4.2208268e+00  -2.7743299e-02   3.0212175e-03   2.6709458e-03
   1.4801102e-02   2.6252876e-02   4.1924259e+00  -2.9388917e-02   2.7455431e-03   2.7875955e-03
  -5.0847986e-03   4.1710364e-02   4.2062254e+00  -2.8698030e-02   2.7955554e-03   3.2969452e-03
   1.9507522e-02   3.4897123e-02   4.2201383e+00  -2.8557748e-02   2.3507646e-03   2.6216708e-03
   7.5062227e-03   4.0053715e-02   4.2323037e+00  -2.8564038e-02   2.6215782e-03   3.0571833e-03
   7.2158715e-03   4.9784619e-02   4.2320779e+00  -2.7716106e-02   1.4279977e-03   2.3956409e-03
   4.7520682e-04   2.6045279e-02   4.2367018e+00  -2.7963244e-02   1.0179226e-03   2.7503327e-03
   6.9126024e-03   6.0402291e-02   4.2279275e+00  -2.7782009e-02   1.1474036e-03   2.3345131e-03
  -3.8729427e-02   7.3406971e-02   3.8830637e+00  -3.1878728e-02   1.1046503e-03   4.2109109e-03
   4.1173813e-02  -1.1366229e-01   3.7000195e+00  -2.3799922e-02   7.6836447e-03   3.5844800e-03
  -4.0116094e-02  -3.1210537e-01   2.9730829e+00   8.2843307e-03   1.4046012e-03   2.3123389e-03
  -1.2149154e-01  -4.9461063e-01   3.0110948e+00   7.9463991e-03  -7.9684596e-04   2.9083450e-03
  -2.8982250e-02  -5.5776226e-02   3.9217043e+00  -9.6928440e-03   2.1067488e-03  -7.1935116e-05
  -3.2717905e-02  -4.9365276e-02   4.0010407e+00  -2.2809830e-02  -6.4917848e-04   2.2998888e-03
  -3.0404158e-03  -2.4816726e-02   4.0929092e+00  -2.2866464e-02  -7.2378270e-04   1.9069870e-03
  -4.0357263e-04  -9.6434213e-03   4.1450862e+00  -2.2911577e-02  -5.9206260e-04   1.5064795e-03
   6.0313254e-03   2.1226328e-02   4.1206357e+00  -2.3459828e-02  -9.7690961e-04   1.5239749e-03
   5.9360822e-04   2.7136875e-02   4.1381352e+00  -2.2705387e-02  -7.8390536e-04   2.0610253e-03
   1.3232812e-02   2.7288630e-02   4.1287895e+00  -2.2585201e-02  -1.3743310e-03   1.4037301e-03
  -9.9934276e-03   3.0760949e-02   4.1391239e+00  -2.2507525e-02  -1.7025264e-03   1.9770320e-03
   8.5434710e-03   3.7428127e-02   4.1821080e+00  -2.1772540e-02  -1.8058654e-03   1.5881002e-03
   1.2411672e-02   3.1036204e-02   4.1755627e+00  -2.1743109e-02  -1.5692518e-03   1.5775177e-03
   4.4102383e-03   3.6324097e-02   4.1771543e+00  -2.1623650e-02  -1.7188841e-03   1.6029018e-03
   4.3608639e-04   3.8437541e-02   4.1666731e+00  -2.2296935e-02  -1.9466645e-03   1.5204021e-03
   6.9534196e-03   4.6461726e-02   4.2068888e+00  -2.1784964e-02  -1.8409329e-03   1.5286738e-03
   9.9352167e-03   4.7081806e-02   4.1992773e+00  -2.2125289e-02  -2.0692865e-03   1.5387070e-03
   4.6717918e-03   5.6352069e-02   4.2237466e+00  -2.1537543e-02  -1.8605401e-03   1.4977520e-03
  -6.7118948e-04   3.9975924e-02   4.2313841e+00  -2.1603890e-02  -2.1317555e-03   2.0290210e-03
   3.4145426e-03   5.1859804e-02   4.2388959e+00  -2.1877760e-02  -2.4688066e-03   1.2155783e-03
   1.0243464e-02   7.1363950e-02   4.2740444e+00  -2.0865225e-02  -2.3157824e-03   1.4867746e-03
  -1.9853073e-02  -4.0204390e-02   4.2533324e+00  -2.1682716e-02  -2.0505007e-03   2.3877687e-03
   4.1317459e-02   5.5656680e-02   4.2731487e+00  -2.1919746e-02  -1.9052224e-03   1.0341003e-03
   1.0757768e-02   6.0916619e-02   4.2691491e+00  -2.2161375e-02  -2.1429990e-03   1.5563874e-03
   1.5067971e-02   4.8283721e-02   4.2866445e+00  -2.1634474e-02  -1.8529738e-03   1.7341022e-03
   3.1921792e-02   3.3983065e-02   4.2663768e+00  -2.2519484e-02  -2.5221073e-03   1.1238412e-03
   1.3029145e-02   4.1794691e-02   4.2913173e+00  -2.1978966e-02  -2.3667650e-03   1.3839726e-03
   1.9542351e-02   4.7148232e-02   4.2899019e+00  -2.1660792e-02  -2.1573288e-03   1.2065298e-03
   1.2695562e-02   6.8925792e-02   4.2826372e+00  -2.1889095e-02  -2.0603701e-03   1.6060757e-03
   2.3493251e-02   3.8848253e-02   4.3151477e+00  -2.2399748e-02  -1.7324984e-03   9.5327849e-04
   2.6918334e-02   3.2841069e-02   4.3333752e+00  -2.1406012e-02  -1.6837474e-03   9.9958257e-04
   3.7486515e-02   5.2957914e-02   4.3387423e+00  -2.2044478e-02  -2.2076970e-03   8.7265291e-04
   5.3712150e-02   3.8709886e-02   4.3643793e+00  -2.1482456e-02  -1.7116481e-03   9.5799137e-04
   3.3007620e-02   7.8480938e-02   4.3285463e+00  -2.2281375e-02  -2.0841647e-03   1.2107707e-03
   3.7198545e-02   3.2361808e-02   4.4036633e+00  -2.1064144e-02  -1.4397175e-03   1.3958846e-03
   3.2042779e-02   3.1466351e-02   4.3784277e+00  -2.1880660e-02  -1.3731096e-03   1.1255576e-03
   5.4903256e-02   6.4020293e-02   4.5069216e+00  -2.4434743e-02   1.4649186e-03   7.0335365e-04
   2.8988754e-02   6.0767692e-02   4.4823278e+00  -2.4642496e-02   2.6064639e-04   1.6616403e-03
   5.5159568e-02   7.7001013e-02   4.4998908e+00  -2.4594900e-02  -2.2150213e-04   1.1219562e-03
   2.0629791e-02   6.1033340e-02   4.5093153e+00  -2.4059813e-02  -1.7936104e-04   1.6866678e-03
   4.3345376e-02   7.3117710e-02   4.4976754e+00  -2.5854642e-02  -1.1178122e-03   8.2270003e-04
   6.3763256e-02   7.2601358e-02   4.5078610e+00  -2.5259170e-02  -2.3741654e-04   1.0879443e-03
   2.9491114e-02  -7.2018790e-03   4.5240982e+00  -2.4887661e-02  -1.4962518e-05   2.0763089e-03
   5.7218962e-02   6.1652793e-02   4.5267889e+00  -2.5234908e-02  -4.4936963e-04   1.3031812e-03
   5.6809093e-02   7.6017266e-02   4.5406501e+00  -2.5061233e-02  -2.3304875e-04   1.2263680e-03
   4.1681127e-02   8.8863888e-02   4.5628437e+00  -2.4513966e-02  -7.0247421e-04   1.5548751e-03
   4.3961305e-02   8.1047244e-02   4.5819023e+00  -2.4448078e-02  -7.9300682e-04   1.3090802e-03
   4.3405538e-02   6.4911540e-02   4.5798404e+00  -2.4235344e-02  -6.7660042e-04   1.3903349e-03
   4.1354892e-02   9.1737071e-02   4.5775266e+00  -2.4344983e-02  -7.8280140e-04   1.4621134e-03
   4.4218296e-02   9.2730148e-02   4.5883218e+00  -2.4910204e-02  -1.0009267e-03   1.1581847e-03
   8.6900180e-02   7.9095126e-02   4.6111950e+00  -2.4206291e-02   3.0164465e-03   1.0364180e-03
   6.9367366e-02   5.0686228e-02   4.5772618e+00  -2.6251228e-02   2.1487439e-03   1.3760985e-03
   7.2475972e-02   7.7006005e-02   4.6145234e+00  -2.4442879e-02   1.9505115e-03   1.2938924e-03
   5.0178438e-02   4.7927151e-02   4.6854991e+00  -2.4442604e-02   2.6163110e-03   1.5572353e-03
   5.6748511e-02   6.1678679e-02   4.6580332e+00  -2.5068010e-02   7.6115158e-04   9.4187114e-04
   4.5585314e-02   6.0767607e-02   4.6234907e+00  -2.5246586e-02   7.9586152e-04   1.5532174e-03
   4.7767548e-02   5.9869961e-02   4.6403462e+00  -2.4585563e-02   3.6836329e-04   1.3340922e-03
   4.8522771e-02   6.6107917e-02   4.6790389e+00  -2.3537991e-02   2.2616671e-04   1.5060866e-03
   4.5303452e-02   7.4552702e-02   4.6484854e+00  -2.3935239e-02  -1.2974703e-05   1.6204049e-03
   4.2414333e-02   8.4139797e-02   4.6429671e+00  -2.3776201e-02  -6.8784269e-05   1.7282554e-03
   5.4789163e-02   6.5321980e-02   4.6532689e+00  -2.4132266e-02   4.1985561e-04   1.6020134e-03
   5.0264480e-02   6.5748649e-02   4.6827710e+00  -2.3043333e-02  -3.4747596e-04   1.4942569e-03
   4.5969379e-02   6.4430502e-02   4.6724870e+00  -2.4210495e-02  -1.5281595e-04   1.7562311e-03
   4.2985056e-02   7.3266716e-02   4.6468741e+00  -2.4335298e-02   8.9433394e-05   1.8841319e-03
   4.4323382e-02   6.3056173e-02   4.6850938e+00  -2.3783012e-02  -1.1358018e-04   1.5577878e-03
   4.6560464e-02   6.3013962e-02   4.6880458e+00  -2.3974889e-02   1.8769250e-04   1.9524564e-03
   6.0037124e-02   8.5028440e-02   4.7097530e+00  -2.3873635e-02  -2.4229709e-05   1.1884054e-03
   6.3892020e-02   6.7277489e-02   4.7303256e+00  -2.3333169e-02   1.7826545e-04   1.3572836e-03
   4.5519319e-02   6.5912156e-02   4.7312859e+00  -2.3589758e-02   1.2048386e-04   1.7293083e-03
   4.6626046e-02   5.0111630e-02   4.7159639e+00  -2.3975062e-02  -1.6703378e-04   1.8963838e-03
   4.7067054e-02   2.6711107e-02   4.7870956e+00  -2.5243254e-02   1.8111638e-03   1.9231578e-03
   4.3784619e-02   7.8388036e-02   4.7657485e+00  -2.4696712e-02   1.2049091e-03   1.7359914e-03
   6.0227438e-02   6.9502067e-02   4.8028947e+00  -2.3693060e-02   1.2455597e-03   1.6374369e-03
   5.2354043e-02   6.7069477e-02   4.7863662e+00  -2.3663721e-02   9.5852410e-04   1.7725094e-03
   4.0170498e-02   6.8378903e-02   4.7978784e+00  -2.4235959e-02   5.0587036e-04   1.9011358e-03
   6.0467873e-02   5.1895116e-02   4.8079090e+00  -2.3811605e-02   1.0937364e-03   1.6672716e-03
   3.4628862e-02   7.4503034e-02   4.7966509e+00  -2.4153841e-02   3.9800222e-04   1.5960285e-03
   5.2382772e-02   6.1333607e-02   4.8073887e+00  -2.3848923e-02   6.3332162e-04   1.5273123e-03
   4.3764071e-02   7.9852089e-02   4.7922171e+00  -2.4025565e-02   1.4682433e-04   1.5737652e-03
   4.6531112e-02   5.7464203e-02   4.8221634e+00  -2.3652441e-02   2.3278736e-04   1.8766420e-03
   7.1130480e-02   6.5230839e-02   4.8167353e+00  -2.4118644e-02   7.7576296e-04   1.5373693e-03
   5.6473784e-02   1.1804733e-01   4.8158853e+00  -2.4020379e-02   3.7768794e-04   1.2051750e-03
   5.7406125e-02   8.6561616e-02   4.8461205e+00  -2.3344115e-02   2.4439186e-04   1.3971111e-03
   5.6191734e-02   8.1979317e-02   4.8391587e+00  -2.4519159e-02   2.2649751e-04   1.4350543e-03
   4.2159038e-02   6.9675540e-02   4.8704267e+00  -2.3466835e-02   5.5989338e-04   1.8935218e-03
   3.0316669e-02   7.6137066e-02   4.8599716e+00  -2.3975330e-02   2.1915613e-04   1.5806687e-03
   4.2697516e-02   6.9994165e-02   4.8523517e+00  -2.4249933e-02   1.0855579e-04   1.5494619e-03
   5.6803619e-02   7.7758966e-02   4.8744894e+00  -2.3855507e-02   3.8174657e-05   1.2587645e-03
   7.2406921e-02   8.0556997e-02   4.8726556e+00  -2.3988984e-02   1.3687915e-04   9.2618483e-04
   5.1643801e-02   8.7109476e-02   4.8971647e+00  -2.3708358e-02   8.0618285e-04   1.3079326e-03
   5.0325902e-02   9.3960592e-02   4.9003578e+00  -2.3454324e-02   1.7414613e-04   1.5033064e-03
   5.2589096e-02   7.4711320e-02   4.9030993e+00  -2.3897693e-02   1.1642618e-04   1.3823584e-03
   6.4587821e-02   7.2037935e-02   4.9399836e+00  -2.3798441e-02   6.6987479e-04   1.4130518e-03
   4.5337127e-02   5.0147073e-02   4.9145968e+00  -2.4441117e-02   3.8626194e-04   1.9523799e-03
   6.3080005e-02   7.6543046e-02   4.9406388e+00  -2.3515608e-02   3.0720009e-04   1.3866600e-03
   5.1011336e-02   5.6398910e-02   4.9464783e+00  -2.3728869e-02   5.8249137e-04   1.8278112e-03
   5.6648456e-02   6.7026574e-02   4.9492475e+00  -2.3925172e-02   5.6701090e-04   1.5269059e-03
   5.0043099e-02   6.9607442e-02   4.9785861e+00  -2.3248284e-02   5.2641589e-04   1.8585649e-03
   7.4027703e-02   6.8469226e-02   4.9711249e+00  -2.3710757e-02   3.6109731e-04   1.2347616e-03
   5.3415023e-02   7.4800962e-02   4.9594171e+00  -2.4091325e-02   5.3329973e-04   1.6452627e-03
   6.0884906e-02   5.6435675e-02   4.9156199e+00  -2.6484794e-02   3.2735883e-03   1.8089563e-03
   4.6224650e-03   6.6961323e-02   4.7767980e+00  -2.2346438e-02  -1.6106946e-03   1.6191757e-03
   3.2911878e-02   5.0426187e-02   4.8122614e+00  -2.5240996e-02  -4.8044217e-03   1.0976214e-03
   4.9067766e-02   6.4668643e-02   4.8705181e+00  -2.5157586e-02  -4.2637369e-03   1.0130670e-03
   5.6328052e-02   8.8812713e-02   4.8055614e+00  -2.5469736e-02  -2.2032878e-03   1.0726093e-03
   5.9243374e-02   9.6901619e-02   4.8967187e+00  -2.3651356e-02  -2.6106260e-03   1.0970692e-03
   4.8872593e-02   1.0342930e-01   4.9508111e+00  -2.4573497e-02  -2.9079287e-03   1.2493036e-03
   4.7435736e-02   9.2927496e-02   4.9770286e+00  -2.4696614e-02  -2.9204563e-03   1.1798582e-03
   3.9883676e-02   9.5960891e-02   4.9931613e+00  -2.4327403e-02  -3.0659692e-03   1.2140227e-03
   5.3655999e-02   9.0864640e-02   4.9980366e+00  -2.4470701e-02  -2.6762215e-03   1.1495543e-03
   3.1142961e-02   9.7067929e-02   5.0187826e+00  -2.4764399e-02  -2.7771496e-03   1.3832244e-03
   4.7985868e-02   1.2392366e-01   5.0289303e+00  -2.4289672e-02  -2.4946069e-03   1.0580485e-03
   5.8291513e-02   1.0296732e-01   5.1363963e+00  -2.5685958e-02  -3.1876903e-03   7.6375108e-04
   1.9480557e-02   8.2793625e-02   5.1622414e+00  -2.4455515e-02  -2.8815240e-03   1.6302651e-03
   3.4097000e-02   1.0491064e-01   5.1705261e+00  -2.4691503e-02  -2.8428782e-03   1.6856172e-03
   3.8767879e-02   7.5508265e-02   5.1651437e+00  -2.6672186e-02  -2.8775680e-03   1.4090224e-03
   2.2731521e-02   9.9483749e-02   5.1646000e+00  -2.5215642e-02  -3.0867014e-03   1.9382715e-03
   2.0578580e-03   8.1190716e-02   5.1729527e+00  -2.5959879e-02  -2.6569134e-03   1.9576660e-03
  -1.6411660e-02   8.4281409e-02   5.1375746e+00  -2.8325023e-02  -2.8121714e-05   3.1832335e-03
  -9.7670521e-03   5.8087831e-02   5.2749394e+00  -2.8127496e-02  -2.8106501e-03   2.3190042e-03
