   0.0000000e+00   0.0000000e+00   0.0000000e+00   0.0000000e+00   0.0000000e+00   0.0000000e+00
  -1.8696780e-02  -6.4251363e-03   3.7425377e-02   1.1115254e-03  -2.0125384e-05   6.1253927e-04
  -1.0875055e-02   1.6226563e-02   5.5730938e-02  -1.3552585e-04  -5.9392795e-04   2.5876314e-04
  -1.9775331e-02   2.9777591e-03   1.0932067e-01   1.2553961e-03  -1.0779634e-03   4.7505875e-04
   7.9775044e-04   1.5286770e-03   8.0369945e-02   6.7449820e-04  -3.7055816e-04   2.3750296e-04
  -3.6271193e-02   3.0476841e-02   1.9872725e-02   6.0073732e-04  -5.7303155e-04   4.1961869e-04
  -2.2158379e-02   1.0531313e-02  -2.6410200e-02   3.6373477e-04  -2.9011171e-04   6.8915266e-04
  -1.6731166e-02   7.7084146e-03  -6.1841583e-02   5.3030268e-04  -1.2771029e-05   1.9824186e-04
  -3.5564552e-02   1.6117347e-02  -4.1274019e-02   1.1121670e-03  -2.4688373e-04   8.6843501e-04
  -2.5832639e-02   3.8014269e-04  -3.3244246e-02   1.8004751e-04  -1.4752807e-04   5.6138860e-04
  -2.2035081e-02   1.5442230e-02  -2.3171930e-02   1.5907455e-04   1.1358356e-05   2.0966473e-04
  -2.4471387e-02  -1.3708454e-02  -4.8034558e-02   1.8448823e-04  -8.5483992e-04   5.5938586e-05
  -1.5184152e-02  -2.0722171e-02  -3.3143737e-02   1.1651525e-03   2.1894525e-04   5.3457303e-04
  -1.5194607e-02  -1.0953603e-02   5.2621082e-03   9.0203340e-04  -5.1367941e-04   2.3709267e-04
  -2.9830645e-02  -1.7900748e-02   5.4082985e-03  -6.0551311e-05   1.9611312e-04   5.1860070e-04
  -1.7162305e-02   7.9793408e-03   4.7593730e-02   1.1729714e-03  -8.8564881e-04   1.4421367e-04
  -4.1028431e-02  -1.5268618e-02   5.3552889e-03   2.0449920e-04  -1.1030084e-03   2.7531078e-04
  -3.4385902e-02   1.5254158e-02  -4.4029005e-02   1.1385184e-03  -4.8423005e-04   5.1711205e-05
  -2.7704972e-02   2.3785924e-03  -9.3090897e-02   2.1943834e-04  -4.7282931e-04   2.7537857e-04
  -2.7949364e-02   2.1136846e-03  -8.4012120e-02   6.5008358e-04  -1.0415578e-04   2.8686685e-04
  -3.5236443e-02   9.3226031e-03  -4.6969715e-02   4.9212991e-04  -4.6415345e-04   6.1441362e-04
  -3.8905316e-02  -2.2563520e-02  -2.7252733e-02   2.6564512e-04  -8.1077067e-04   7.5273017e-04
  -2.7743897e-02  -1.7751867e-02  -5.5177273e-04   1.2288629e-04  -1.4681508e-04   3.3231579e-04
  -4.4632346e-02  -2.2020584e-02   4.0289436e-02   6.2650038e-04  -3.6492512e-04   5.8095116e-04
  -2.1106910e-02   1.4462990e-02  -2.5439873e-02  -8.6835285e-05  -1.7544840e-04   9.3194517e-05
  -6.1552164e-02  -1.9576108e-02  -6.4589369e-02   1.7748278e-04  -8.1492053e-04   7.4848842e-04
  -3.8665524e-02  -3.8754317e-02  -5.6096748e-02   6.0076954e-04  -5.3144625e-04   5.9752172e-04
  -4.0713626e-02   6.8176065e-03  -7.4832033e-02   7.4246240e-04   1.1635336e-05   7.2632380e-04
  -4.4848227e-02  -8.7032456e-04  -8.7999468e-02   1.5726326e-04  -6.1793568e-04   5.1944141e-04
  -5.0008376e-02   1.4909065e-02  -5.8821236e-02   1.5974109e-04  -5.4403186e-04   5.6901666e-04
  -5.3090841e-02   1.3516754e-03  -3.7812098e-02  -8.4701622e-05  -1.0797562e-03   7.8749462e-04
  -3.8472454e-02  -6.7143572e-03   3.9603927e-03   3.4695150e-04  -6.2718468e-05   6.7733393e-04
  -4.6583399e-02  -3.8808191e-02   4.5969991e-02   4.8809985e-04  -2.3227655e-04   4.8709163e-04
  -5.9126783e-02  -2.2118317e-02   1.6851710e-02   7.0357162e-04  -4.0139925e-04   1.2354860e-03
  -5.2858331e-02  -6.2592811e-03  -7.9174481e-02   1.3650156e-04   5.7094122e-05   5.5691711e-04
  -3.3978744e-02  -1.8655473e-02  -8.5177564e-02   1.6334384e-04  -3.7101495e-04   1.2333591e-04
  -5.3566708e-02  -2.2346694e-02  -1.7377505e-02   1.0397221e-03  -5.7962006e-04   2.3010183e-04
  -3.8495385e-02  -3.6129636e-02   1.5424000e-02   1.2475630e-03  -3.4628807e-04   2.0410709e-05
  -5.3487602e-02  -1.8639419e-02  -4.6208039e-02   8.5620915e-04  -6.9592339e-04   8.7291888e-04
  -4.5884363e-02  -2.6420167e-02  -8.6621393e-02   5.3384085e-04  -5.1870212e-04   2.4338236e-04
  -3.9384860e-02  -5.2704621e-02  -5.7315026e-02   9.2475906e-04  -1.3617869e-04   4.2088080e-04
  -6.0159726e-02  -3.8961184e-02  -1.3726953e-02   3.1121108e-04  -2.9718861e-04   6.4900025e-04
  -5.3905277e-02   1.2559539e-03  -6.5454353e-02   5.8747535e-05  -9.1936609e-04   3.1825390e-04
  -6.2006392e-02  -9.9339591e-03  -5.3045139e-02   7.6398406e-04  -4.4208419e-04   7.9994752e-04
  -5.4417075e-02  -6.2740364e-03  -4.3390211e-02   1.2504925e-03   4.6671842e-05   3.1594952e-04
  -6.5421941e-02  -9.1180176e-03  -5.9407800e-02   3.5932641e-04  -6.4890177e-04   9.3548157e-04
  -4.6790007e-02  -4.5434751e-02  -3.0926513e-02   4.0630955e-04   5.2683247e-05   5.4163367e-04
  -3.9955479e-02  -4.4799329e-02   8.0135738e-05   5.9062106e-04  -6.1838287e-04   1.6089141e-04
  -6.4275922e-02  -1.8281712e-02   4.0865949e-02   6.0610267e-04  -7.5784693e-04   8.3791967e-04
  -3.9333161e-02  -2.8864315e-02   8.0179041e-02   1.0241939e-03  -4.4597971e-04   1.3870187e-04
  -5.3779781e-02  -1.2585552e-02   4.6375616e-02   2.9410114e-04   2.8002764e-04   7.1470984e-04
  -4.5564934e-02  -8.3294071e-04  -4.4720628e-02  -3.1794090e-04  -5.9638348e-04   1.5406313e-04
  -5.7515428e-02  -1.2833889e-02  -5.8112642e-02   6.8275216e-04  -2.6499665e-04   3.9685164e-04
  -6.1897962e-02  -3.2205161e-02  -6.4409941e-02   9.4974836e-04  -5.9063803e-04   5.9161632e-04
  -7.4190831e-02  -1.0447369e-02  -3.1429338e-02   1.8758440e-04  -4.3919654e-04   8.6592485e-04
  -4.9403849e-02  -1.2168251e-02   8.9069044e-03  -2.4718092e-05  -4.4627046e-04   8.8427007e-05
  -5.6537006e-02  -3.1640249e-02   4.4169357e-02   1.8078645e-04  -5.1821069e-04   4.6359023e-04
  -6.0495235e-02  -1.8180812e-02   5.9674865e-02   1.5780826e-04  -2.2434356e-04   6.7382523e-04
  -5.2050260e-02  -4.7228418e-02   8.9706136e-02   2.9614490e-04  -4.1449972e-04   2.3583557e-04
  -4.6882818e-02  -3.5099479e-02   1.1192085e-01   3.3448965e-04  -5.2107898e-04   2.2098592e-04
  -5.7443037e-02  -2.2682893e-02   1.5529734e-01   1.1946659e-03  -4.1482702e-04   3.4531638e-04
  -6.0035432e-02  -3.3782221e-02   1.3817515e-01   1.2889961e-03  -4.0589605e-04   7.5982343e-04
  -6.6076289e-02  -8.3901599e-03   1.4747304e-01   3.6820582e-04  -8.2961816e-04   5.8207427e-04
  -5.2391888e-02   2.2452252e-02   5.3258064e-02   2.3116907e-04  -2.7060851e-04   1.2416858e-05
  -8.2218335e-02  -8.1910228e-03   2.5232186e-02   1.0603274e-03  -1.3393942e-03   5.5171779e-04
  -7.6387154e-02  -1.8583544e-02   3.9640559e-02   9.6687533e-04  -5.9605163e-04   7.3380199e-04
  -6.3863491e-02  -9.6035357e-03   4.2831210e-02   5.5159502e-04  -8.4867816e-04   5.1181950e-04
  -7.0471931e-02   5.2234289e-03   5.3307490e-02   6.3280693e-04  -6.2188448e-04   7.3623299e-04
  -6.8923240e-02  -1.5033224e-02   8.5611972e-02   5.2309657e-04  -8.7830196e-04   4.0054905e-04
  -6.9653520e-02  -2.0083567e-02   1.1424488e-01   1.1693811e-03  -5.7487344e-04   6.5387634e-04
  -7.4859426e-02  -2.1275118e-02   1.5234397e-01   1.0623031e-03  -5.3481580e-04   6.6482698e-04
  -6.0095876e-02  -5.6312813e-03   1.4732590e-01   2.8508566e-04  -3.7187621e-04   6.4533208e-04
  -3.8933783e-02  -2.4873240e-02   1.7658974e-01   1.0900707e-03  -3.7897487e-04   1.2543049e-04
  -4.9947466e-02   4.4422239e-03   1.3125848e-01   4.9693105e-04  -7.1881085e-04   3.6083538e-04
  -4.7765708e-02  -4.0116210e-03   1.0358533e-01   1.5179100e-03  -1.4151500e-04   2.1858998e-04
  -5.8826579e-02   3.1091924e-04   7.4524408e-02   4.9331685e-04   1.1903339e-05   8.6968410e-04
  -6.7679210e-02   3.2905104e-02   1.0307991e-01   4.5006110e-04  -5.2809321e-04   6.6527848e-04
  -6.5857172e-02  -1.3139997e-03   7.9084553e-02   3.4104346e-04  -8.4292356e-04  -4.4808330e-05
  -9.6214919e-02   3.9655702e-03   7.7596983e-02   6.7900792e-04  -1.1388740e-03   1.1449042e-03
  -6.3842891e-02   9.8776067e-03   9.5313367e-02   5.7371503e-04  -4.5784105e-04   3.7822402e-04
  -6.4399052e-02   3.7164311e-02   1.7634952e-01   1.3540681e-03  -3.2873689e-04   6.2421510e-04
  -7.2315633e-02  -7.8437285e-03   1.5767239e-01   5.9792045e-04  -8.3359078e-04   6.5558343e-04
  -5.6483882e-02   1.0636088e-02   1.2614237e-01   8.0926010e-04  -6.7273985e-04   4.2239265e-04
  -7.7050929e-02  -4.4867649e-03   1.0150737e-01   9.2787596e-04  -6.8127078e-04   7.5809010e-04
  -6.4078030e-02  -3.1558360e-02   1.2517247e-01   5.1578132e-04  -3.6190180e-04   8.9913012e-04
  -5.7043017e-02   7.4057153e-04   1.8637139e-01   1.1392792e-03  -6.3007865e-04   6.2398429e-04
  -5.6421818e-02   3.0681713e-03   2.2540238e-01   1.5746845e-03  -4.5949542e-04   8.7550829e-04
  -5.6310378e-02  -1.9556197e-02   2.3914595e-01   4.0898849e-04   9.2243260e-05   1.0653234e-03
  -6.9194195e-02  -1.1979325e-02   2.6474366e-01   1.2922485e-03  -7.2136939e-04   6.0860465e-04
  -7.1089357e-02   3.0319517e-02   2.3031468e-01   3.6788737e-04  -1.4514117e-03   7.5459544e-04
  -6.0255627e-02   2.4908829e-02   1.6271231e-01   6.6767808e-04  -5.3007433e-04   4.1960947e-04
  -6.9337305e-02   2.5050629e-03   1.2348101e-01   7.3662830e-04  -8.9479870e-04   5.9791702e-04
  -5.5356669e-02  -1.7989383e-03   1.6785279e-01   1.2870294e-03  -5.8795408e-04   1.6552503e-04
  -7.0645593e-02   5.3336217e-03   2.1637046e-01   9.4924908e-04  -7.2868337e-04   7.1767235e-04
  -4.1585150e-02   8.6101387e-03   2.4273024e-01   4.4927391e-04  -5.6668085e-04   3.7158461e-04
  -6.1314478e-02  -1.0472061e-02   2.8923540e-01   8.6284037e-04  -4.6916276e-04   6.7676458e-04
  -6.6850720e-02  -7.6296572e-03   2.9816578e-01   1.4349732e-04  -8.6727700e-04   8.8868829e-04
  -7.4530484e-02   1.6256786e-02   3.4121422e-01   1.0858817e-03  -4.4391854e-04   9.2366680e-04
  -7.7380168e-02   1.2197301e-02   3.4196627e-01   7.1517593e-04  -5.4055574e-04   7.1291040e-04
  -6.0567198e-02   8.0459494e-04   3.4842941e-01   1.2505377e-03  -6.0434173e-04   3.2153618e-04
  -6.1323044e-02   5.7776047e-02   3.5712679e-01   1.0778585e-03  -2.9533252e-04   1.8533627e-04
  -4.1507342e-02   3.0822141e-02   3.3741222e-01   5.2675293e-04  -1.2962864e-04   2.5557281e-04
  -5.6401779e-02   2.6377152e-02   2.6348740e-01   5.0174795e-04  -1.0378050e-03   3.0133055e-04
  -4.7443443e-02   4.4447821e-02   2.2200011e-01   9.6571512e-04  -5.5619428e-04   3.5211118e-06
  -5.7737299e-02   3.0451601e-02   2.4539868e-01   1.3445897e-03  -9.5830868e-04   2.7972397e-05
  -7.3480713e-02   2.2244072e-02   2.7328327e-01   8.2956252e-04  -9.6040974e-04   8.7979768e-05
  -7.7044762e-02   1.5918321e-02   3.1549893e-01   7.2738417e-04  -6.2541213e-04   6.9022641e-04
  -7.1573907e-02   2.0374830e-02   3.4288186e-01   6.8766228e-04  -5.2884857e-04   8.5652784e-04
  -5.7044588e-02   2.0075889e-02   3.8344964e-01   8.6912781e-04  -9.2601888e-04   6.5744872e-04
  -6.3771368e-02   1.2316156e-02   3.9902874e-01   5.1853148e-04  -4.7170050e-04   2.6895085e-04
  -6.8040325e-02   3.0155690e-02   4.4412857e-01   1.0511021e-03  -2.1982729e-04   4.8566412e-04
  -4.8889099e-02   1.9675040e-02   4.4911724e-01   1.7327315e-03  -4.1473698e-04   6.1693730e-04
  -5.5359977e-02   5.0527321e-02   3.9403852e-01   1.0608750e-03  -1.3674476e-03   1.4258545e-04
  -5.1858817e-02   4.4732650e-02   3.2383055e-01   9.2241905e-04  -1.0491890e-03  -1.5491845e-04
  -5.9241925e-02   5.9967557e-02   3.1843057e-01   3.4002446e-04  -9.7011454e-04   1.1569645e-04
  -9.3768052e-02   4.4787410e-02   3.0431902e-01   4.8259125e-04  -5.4511900e-04   1.2473236e-03
  -6.9150325e-02   7.8269737e-02   3.2880497e-01   5.9896687e-04  -9.3292519e-04   6.2021434e-04
  -6.6737877e-02   7.2665469e-02   3.2535515e-01   4.5002183e-04  -3.8497769e-04   6.7232375e-04
  -6.2592287e-02   5.5005575e-02   3.3694707e-01   2.0824556e-04  -9.5890966e-04   2.9009270e-04
  -4.3493616e-02   5.1933758e-02   3.6834576e-01   2.2806714e-04  -3.1932222e-04   4.7261474e-04
  -8.3475718e-02   5.4374348e-02   4.0829479e-01  -2.4874094e-04  -2.0720803e-04   1.1151286e-03
  -6.0148299e-02   3.6942574e-02   4.8386385e-01   8.1541197e-04  -6.4692169e-04   5.7155185e-04
  -4.5014389e-02   5.0016147e-02   4.8419840e-01   2.2707654e-04  -6.4387414e-04   5.1801050e-05
  -4.3670801e-02   4.9489214e-02   5.3713011e-01   1.1275506e-03  -3.3790180e-04   4.7240222e-04
  -4.8384918e-02   5.1776091e-02   5.4303030e-01   7.3372883e-04  -8.1475105e-04   3.4859553e-04
  -7.9080509e-02   9.0927146e-02   4.7753447e-01   4.0894463e-04  -4.5257788e-04   6.1258574e-04
  -8.0544035e-02   6.4749447e-02   4.0374006e-01   3.6038711e-04  -1.0430224e-03   4.7607405e-04
  -7.0493317e-02   6.0903287e-02   4.2933363e-01   1.2930064e-03  -1.3691402e-04   3.9361835e-04
  -7.1067115e-02   6.5037652e-02   4.6512038e-01   7.8925466e-04  -8.2622530e-04   4.8395315e-04
  -5.5677826e-02   4.0691447e-02   5.1298842e-01   8.6832601e-04  -7.5744708e-04   5.5980432e-04
  -5.7604227e-02   2.7705293e-02   5.5893305e-01   1.1443305e-03  -9.4890306e-04   5.7249530e-04
  -5.4676162e-02   5.7588233e-02   5.7621879e-01   4.5964943e-04  -1.2265376e-04   7.5046192e-04
  -7.1219377e-02   5.6831261e-02   5.9806684e-01   6.3171424e-04  -7.4542286e-04   3.6742075e-04
  -5.1366532e-02   6.4263885e-02   6.2268308e-01   1.5346581e-03  -6.7345399e-05   4.2141627e-04
  -3.0372282e-02   6.7432420e-02   6.3089052e-01   6.9122741e-04  -5.8478314e-04   2.0563401e-04
  -5.1445996e-02   8.0948377e-02   5.5331821e-01  -5.3448065e-05   5.6124352e-05   5.0270213e-04
  -5.2751443e-02   8.1910013e-02   5.0132351e-01   7.9938898e-04  -6.9282430e-04  -3.2612360e-04
  -8.2384837e-02   8.5943914e-02   5.0354728e-01   8.0144245e-04  -5.9060502e-04   8.2603462e-04
  -7.7669997e-02   6.8488276e-02   5.2567777e-01   1.3492549e-03  -1.0147751e-03   4.5489059e-04
  -7.3873253e-02   8.3720791e-02   5.4434131e-01   4.7044844e-04  -4.9459202e-04   5.3348802e-04
  -6.2293480e-02   8.1071740e-02   5.5669498e-01   7.9643020e-04  -1.0687987e-03  -1.2701288e-05
  -5.7660543e-02   8.3882451e-02   6.0403304e-01   1.3400109e-03   1.5130127e-05   2.2804276e-04
  -6.1963007e-02   7.6099859e-02   6.4497460e-01   7.0482937e-04  -1.1859861e-03   3.8280689e-04
  -6.5295385e-02   1.0465342e-01   6.6673904e-01   1.0284650e-03  -9.9457917e-04   6.1380327e-04
  -5.7064100e-02   1.0507528e-01   7.1725565e-01   1.0263687e-03  -4.7613162e-05   3.6137032e-04
  -6.9086391e-02   7.9186366e-02   6.3353632e-01   1.8534728e-04  -2.9043017e-04   5.1845215e-04
  -6.1979249e-02   7.5221058e-02   5.8227126e-01   8.6610254e-04  -3.5241179e-04   1.8268710e-04
  -4.8686735e-02   7.1714451e-02   6.0419372e-01   9.2580966e-04  -4.0766962e-04   1.9125230e-04
  -6.4106707e-02   8.1339741e-02   6.1714656e-01   4.9455123e-04  -1.0661562e-03   2.9768354e-04
  -5.8925256e-02   8.0974775e-02   6.6355720e-01   5.4306251e-04  -4.8224788e-04   9.4021332e-04
  -5.0277988e-02   1.0152005e-01   7.3727373e-01   1.6015724e-03  -9.2892397e-04   8.4803677e-05
  -7.0041424e-02   1.1996509e-01   7.0312575e-01   1.3241665e-03  -5.9487337e-04   1.5968084e-04
  -6.8940298e-02   1.0247253e-01   6.1927756e-01  -9.7820972e-05  -2.7074664e-04   9.7694892e-04
  -6.2610871e-02   8.3106639e-02   6.4899331e-01   9.4842702e-04  -3.6594807e-04   4.8317082e-04
  -5.7239888e-02   1.1076335e-01   6.7864928e-01   1.1341308e-03  -1.8045791e-04   5.1262382e-04
  -4.8293879e-02   9.6263691e-02   7.1183470e-01   5.9252890e-04  -8.0223741e-04   2.2694774e-04
  -6.2130480e-02   1.0437101e-01   7.6522787e-01   6.7622163e-04  -7.6632073e-04   2.8917251e-04
  -5.6602302e-02   1.0895035e-01   7.7025107e-01   4.8886784e-04  -1.1913279e-03   2.7394565e-04
  -5.9565907e-02   1.0213468e-01   7.4073319e-01   5.9580482e-04  -9.1152681e-04   4.9199721e-04
  -5.1815684e-02   1.1417800e-01   6.6706246e-01   4.7151191e-04  -7.5758835e-04   4.1184224e-04
  -5.4548477e-02   8.8166404e-02   6.7089929e-01   9.0578278e-04  -7.8339655e-04   4.3613325e-04
  -5.9577258e-02   8.3326889e-02   7.0502136e-01   6.9243507e-04  -1.0404052e-03   8.5599345e-04
  -4.7825009e-02   1.1892253e-01   7.5785474e-01   7.7206584e-04  -1.6658205e-04   3.3344260e-04
  -4.9773014e-02   9.1105921e-02   8.0917432e-01   7.4474059e-04  -7.6396941e-04   6.3269721e-04
  -4.7947174e-02   9.5727159e-02   8.4219966e-01   5.3121482e-04  -6.9303966e-04   4.5932311e-04
  -3.6376458e-02   9.5777055e-02   8.7267866e-01   2.3148644e-04  -3.0416497e-04   3.8805790e-05
  -2.6458487e-02   1.1818569e-01   8.8164749e-01   7.1793823e-04  -5.2660036e-04  -6.9639959e-05
  -1.9663591e-02   1.1065675e-01   9.0492041e-01   5.1299936e-04  -2.7702879e-04   4.0532891e-04
  -3.1915957e-02   1.1799790e-01   8.5864610e-01   9.8428375e-05  -9.3253356e-04   3.7650890e-04
  -3.7678031e-02   9.7930252e-02   8.0302239e-01   6.4686198e-04  -6.6762038e-04   4.0132177e-04
  -2.2108911e-02   9.7650724e-02   7.9390733e-01   1.2766279e-03  -5.6099958e-04   2.8315354e-04
  -3.1828262e-02   1.2055613e-01   8.2134542e-01   1.1905966e-03  -2.6332206e-04   7.2465911e-04
  -2.2293255e-02   1.0666309e-01   7.9755334e-01   6.4473752e-04  -3.6989209e-04  -1.2845327e-05
  -4.1048366e-02   1.0602039e-01   8.3631907e-01   1.5336516e-03  -4.2844398e-05   6.5993886e-04
  -1.9394005e-02   1.1393743e-01   8.9620182e-01   1.7148233e-03  -1.0657108e-03  -1.0993088e-04
  -4.4007768e-02   1.1746075e-01   9.0521164e-01   4.5220732e-04  -1.0670733e-03   4.0122739e-04
  -3.1971591e-02   1.0777453e-01   9.5588599e-01   6.7823466e-04  -6.5239837e-04   1.8985758e-04
  -9.8844319e-03   1.0448921e-01   9.7072888e-01   3.6662621e-04  -1.7649476e-04   2.7261107e-04
  -3.6699724e-02   1.0727359e-01   9.9984814e-01   7.1952776e-04  -9.8306830e-04   6.0564992e-04
  -3.5448537e-02   9.7414042e-02   1.0148218e+00   7.8882010e-04  -8.2455269e-04   6.4009466e-04
  -1.4238613e-02   1.2136205e-01   1.0121674e+00   5.1768719e-04  -4.5939241e-04   5.6339024e-05
  -1.6071419e-02   1.2049862e-01   9.6331153e-01  -1.2094711e-05  -4.4728383e-04   2.1460899e-04
  -3.8110584e-02   1.2550475e-01   8.7731088e-01   1.3608545e-03  -5.9772052e-04   6.5059557e-04
  -3.1504724e-02   9.4162889e-02   8.8017511e-01   6.5015368e-04  -7.3400044e-04   5.7692351e-04
  -2.8603047e-02   1.1945413e-01   8.6441572e-01   1.1569893e-04  -4.2936042e-04   7.5479495e-04
  -1.2175621e-02   1.1647519e-01   8.7456748e-01   8.3149396e-04  -3.7675945e-04   3.9182887e-04
  -8.3959887e-03   1.0605282e-01   9.3106678e-01   4.9237566e-04  -6.0856973e-04   2.9259613e-04
  -6.2779740e-03   1.3233298e-01   9.4426275e-01  -5.5873018e-04   4.9294317e-05   6.2934843e-04
   1.1253601e-02   1.5529084e-01   1.0057610e+00   9.3003966e-04   1.9643216e-04   1.3612799e-04
   2.1591332e-02   1.4289927e-01   9.3233994e-01  -7.4289539e-04   7.3220504e-04   9.5487846e-05
   6.1504581e-03   1.5550334e-01   9.3868713e-01   2.2391397e-04   3.1227715e-04   1.1643826e-04
   5.5635464e-03   1.2899882e-01   9.6541332e-01   7.5775652e-04  -1.6704987e-04   3.2118191e-04
  -1.4733043e-03   1.4253372e-01   1.0266569e+00   6.9162675e-04   7.1003729e-04   2.0794064e-04
  -2.1169882e-02   1.4029355e-01   1.0898991e+00   5.0467924e-04   1.8296411e-04   4.1505952e-04
   2.5556820e-03   1.4680593e-01   1.1130983e+00   3.6423502e-04   6.9883144e-04   2.9738547e-04
   2.7117269e-02   1.5043798e-01   1.1354327e+00   1.6283058e-04   8.4269654e-04  -2.5334618e-04
  -1.9894078e-03   1.4815960e-01   1.0693144e+00  -4.6647918e-04   7.5705550e-04   5.9146797e-04
  -1.0921578e-02   1.0712684e-01   1.0187751e+00   2.6839534e-05   1.0011334e-03   9.9996117e-04
   1.5260454e-02   1.3834499e-01   1.0227726e+00  -2.8088988e-04   1.4773805e-03   3.6229360e-04
   1.1630720e-02   1.4335971e-01   1.0383698e+00  -2.9740599e-04   7.7487891e-04   1.5188584e-05
  -9.5875841e-03   1.1202327e-01   1.0479500e+00  -2.5698614e-04   6.2898624e-04   8.2374041e-04
   3.5964655e-03   1.0791143e-01   1.0731638e+00  -1.5747628e-05   2.4684139e-04   2.3286015e-04
  -1.3549109e-02   1.2292077e-01   1.1286101e+00   7.0374589e-04   5.3476250e-04   7.6238274e-04
   5.7650307e-04   1.2538073e-01   1.1523868e+00   1.6139122e-04   2.3487695e-04  -1.2708124e-04
  -8.5328134e-03   1.0545672e-01   1.2112423e+00   5.4654887e-04   1.1123831e-03   4.8303736e-04
   1.0961784e-02   1.1694653e-01   1.2483548e+00   3.8240453e-04   1.0838204e-03   5.0027708e-04
   3.5164651e-02   1.1711514e-01   1.2331799e+00  -1.8362404e-04   1.8030126e-03   1.9030198e-04
   1.6459188e-02   1.5076438e-01   1.2055641e+00   9.7395439e-05   5.8605449e-04  -2.5439443e-07
   1.2224338e-02   1.1653474e-01   1.1904840e+00  -1.9307297e-04   1.4765134e-03   6.8053548e-04
   9.0987872e-03   1.2365428e-01   1.2442751e+00   4.2524279e-04   1.0222215e-03  -4.8773300e-05
   3.8511891e-02   1.6535522e-01   1.2899089e+00   1.0802621e-03   1.4392712e-03   5.3176882e-05
   2.8096802e-02   1.4589277e-01   1.2437127e+00  -2.5475807e-04   9.0675370e-04   4.5023077e-05
   9.1123064e-03   1.4750584e-01   1.2287771e+00   1.5349000e-04   7.6137842e-04  -7.6247281e-05
   5.8388426e-03   1.5902865e-01   1.2647114e+00  -6.3625441e-05   7.5460050e-04  -5.0561188e-05
   1.9594989e-02   1.6389147e-01   1.2974415e+00  -2.5565129e-04   1.6802951e-03  -2.0562354e-05
  -1.1464203e-03   1.7064616e-01   1.2778672e+00   1.0544075e-04   1.2881755e-03   2.9299344e-04
   1.6509202e-02   1.6166950e-01   1.2736277e+00  -1.3960233e-04   1.1864150e-03   1.5540251e-04
   2.7693201e-02   1.6649069e-01   1.3099860e+00  -1.7937613e-04   1.5143521e-03   1.7996075e-05
   1.9176249e-02   1.6151329e-01   1.3284006e+00  -2.9181006e-04   1.3944000e-03  -1.6775196e-04
  -1.1768954e-03   1.5686426e-01   1.3135253e+00  -1.2621762e-04   1.6644506e-03   5.0042050e-04
  -3.7466139e-03   1.8562170e-01   1.2978772e+00  -7.7207629e-06   1.0769828e-03   1.5874982e-04
   1.8577390e-02   1.6385118e-01   1.3124596e+00  -9.8569853e-05   1.3516252e-03   2.6939606e-04
   2.0737724e-02   1.6095469e-01   1.3075941e+00   6.4907515e-04   1.4072172e-03  -7.3264210e-06
   1.5824110e-03   1.4781256e-01   1.3364962e+00   2.8738473e-04   1.6041315e-03   5.6575627e-04
   2.2464841e-02   1.5949624e-01   1.3848303e+00   7.4090042e-04   1.6312335e-03  -2.1509856e-05
   5.0590944e-04   1.4646039e-01   1.4294421e+00  -1.9580848e-05   9.1723821e-04   3.3379899e-04
   1.9070330e-02   1.5246360e-01   1.4754098e+00   5.4386129e-04   1.6916530e-03   3.3132783e-04
   2.2200655e-02   1.5449670e-01   1.4864036e+00  -1.1414457e-04   1.3153350e-03  -2.3320595e-04
   1.6803061e-02   1.1321157e-01   1.5278697e+00   3.4430421e-04   1.4137339e-03   4.5412042e-04
   3.4837849e-02   1.1963159e-01   1.5052796e+00  -1.6544581e-04   1.6158812e-03  -3.3504893e-04
   1.7057945e-02   1.6101223e-01   1.5421016e+00   4.5726201e-04   1.7879203e-03   7.6195630e-05
   2.7107148e-02   1.6282302e-01   1.5272876e+00   2.2851612e-04   1.1681776e-03  -1.5141292e-04
   1.8451126e-02   1.6797626e-01   1.5084841e+00  -1.1980654e-04   1.7625218e-03  -3.4048906e-04
   3.0052829e-05   1.7364698e-01   1.4394568e+00  -8.5464643e-05   1.3731652e-03   9.1124567e-05
   2.3064402e-02   1.7469021e-01   1.4124977e+00   4.4485284e-04   1.2774180e-03  -2.5039244e-04
   2.9148158e-02   1.6513555e-01   1.4387877e+00   7.9434222e-04   1.1781495e-03  -6.5721214e-04
   1.6456248e-02   1.8998804e-01   1.4717148e+00   1.0606206e-03   1.3851149e-03  -2.2533887e-04
   6.0217463e-03   1.5588243e-01   1.5332418e+00   4.2845066e-04   8.4355922e-04   3.0612228e-04
   1.1968772e-02   1.8284874e-01   1.5658903e+00   9.6865130e-04   1.8626154e-03   2.2104880e-04
   1.7858716e-02   2.1022090e-01   1.5295142e+00   8.7902926e-04   1.8454552e-03  -6.4041431e-05
   1.1864455e-02   1.9086182e-01   1.4978158e+00   3.0945084e-04   1.5868579e-03   5.3304128e-05
   1.7829831e-02   1.7586233e-01   1.5411769e+00   6.9369408e-04   1.8645889e-03  -1.0215975e-04
   2.3059561e-02   1.9490104e-01   1.5833512e+00   7.1022601e-04   1.8615060e-03  -9.6573255e-06
   2.1220166e-02   1.9472697e-01   1.6372208e+00   1.2725812e-03   1.5312378e-03   1.1555770e-04
   1.5437789e-02   1.9354093e-01   1.6577958e+00   7.8438865e-04   1.7375515e-03  -1.3303204e-04
   2.9812471e-02   1.6625216e-01   1.6678578e+00   2.2190588e-04   2.1775232e-03   2.8653795e-04
  -5.3896302e-04   1.5411549e-01   1.6998319e+00   8.9002718e-04   1.3518929e-03   1.5231075e-04
   1.8409074e-02   1.7537746e-01   1.7016484e+00   8.2672995e-04   1.6162883e-03  -1.6330029e-04
   1.5274333e-02   2.0828949e-01   1.6632319e+00   8.1847403e-04   1.3148517e-03  -3.0845219e-04
   4.9918032e-03   1.9153081e-01   1.5913083e+00   5.1248869e-04   8.7573585e-04  -3.9418424e-04
   1.0782336e-02   1.6457040e-01   1.5743561e+00   5.8619833e-04   1.0473323e-03  -2.9383757e-04
   5.2930061e-03   1.6450604e-01   1.5835070e+00   4.1978615e-04   1.3008548e-03   3.6182065e-04
   1.9765191e-02   1.8189833e-01   1.6548389e+00   1.0774846e-03   1.6617530e-03  -1.8130002e-04
   2.1147480e-02   2.1158612e-01   1.6591166e+00   1.2370340e-03   1.1810087e-03  -4.6255217e-04
   8.0209309e-03   1.8887063e-01   1.6431577e+00   1.0935252e-03   1.0894223e-03   3.7834886e-05
   7.0641379e-03   2.0056584e-01   1.6431346e+00   1.2285580e-03   1.4650682e-03   1.8996913e-04
   1.1479088e-02   1.7445543e-01   1.6257788e+00   9.1498473e-04   1.2839899e-03  -2.5308624e-04
   1.3053804e-02   1.7631133e-01   1.6638957e+00   1.2396437e-03   1.1334983e-03   4.8881690e-05
   1.9168694e-02   1.7703285e-01   1.7114729e+00   1.0301222e-03   1.1452786e-03  -2.1620628e-04
  -1.9914463e-02   1.8405711e-01   1.7734444e+00   1.6498103e-03   1.0633311e-03   8.5382291e-04
  -4.0980048e-04   1.7646619e-01   1.7756922e+00   7.4084917e-04   1.2319440e-03   7.1104802e-04
   8.7344292e-03   2.1221588e-01   1.7857180e+00   7.3986090e-04   1.6197538e-03   1.7996619e-05
  -9.5437587e-03   1.9347522e-01   1.7252589e+00   8.2397298e-04   1.1711630e-03   6.0960777e-05
  -8.5205060e-03   1.8818756e-01   1.7327034e+00   9.4029949e-04   9.4001909e-04   1.6348651e-04
  -2.0514963e-02   1.8406368e-01   1.7842235e+00   1.5837737e-03   1.0380506e-03   5.0310356e-04
   8.5044337e-03   1.9308291e-01   1.8014687e+00   1.0821124e-03   1.5412244e-03   1.8508826e-04
  -1.5903815e-03   2.0008455e-01   1.8517777e+00   6.3841606e-04   8.2930132e-04   1.0578484e-04
  -3.4072786e-04   2.2207865e-01   1.8361603e+00   1.0239811e-03   1.0031332e-03  -1.5855682e-04
   4.7953438e-03   2.1761901e-01   1.7684071e+00   5.7902201e-05   1.1885604e-03  -3.6321774e-06
   6.2779468e-03   2.1006106e-01   1.7587005e+00   9.2860860e-04   9.8755925e-04  -2.8235377e-04
  -1.0844539e-02   2.0367673e-01   1.7859035e+00   1.1597566e-03   7.8678751e-04   2.3855430e-04
   8.8551052e-03   2.2077451e-01   1.8239555e+00   3.2769786e-04   1.1711077e-03  -2.3557722e-04
  -5.9181098e-03   1.9814022e-01   1.8816814e+00   5.5133066e-04   1.3437726e-03   5.8052857e-04
   2.9947930e-03   1.9900998e-01   1.9175934e+00   5.5139595e-04   1.2509850e-03   2.2978543e-04
   1.2297917e-03   2.2100895e-01   1.9284484e+00   9.8612738e-04   1.1030226e-03   8.7661624e-05
  -9.5866714e-03   2.1151473e-01   1.8577710e+00   4.2612648e-04   9.2201276e-04  -8.2399989e-05
   5.4537623e-03   2.0951950e-01   1.8326653e+00   7.5166474e-04   9.2086495e-04   2.5174494e-05
   6.0221340e-03   1.8470636e-01   1.8210978e+00   1.0928025e-03   7.1524917e-04  -1.9038332e-04
   2.5397599e-02   1.9962156e-01   1.8273263e+00   5.1681208e-04   6.8831727e-04  -5.9580484e-04
   1.7059685e-02   1.9390143e-01   1.8802893e+00   5.8350753e-04   1.2412966e-03  -1.8953633e-04
   5.1175032e-03   2.4782981e-01   1.9003539e+00   7.2104760e-05   1.1286616e-03  -7.7537545e-05
   2.2830995e-02   2.2075946e-01   1.9026264e+00   5.0895245e-05   1.0577615e-03  -5.5833484e-04
   8.0521688e-03   2.1153327e-01   1.9393681e+00   3.7469304e-04   5.8220019e-04   3.1756449e-05
  -2.3671711e-03   2.0189347e-01   1.9703102e+00   8.0028805e-04   1.2118753e-03  -6.3363568e-06
   1.6290914e-02   2.2003485e-01   2.0081532e+00   5.3395948e-04   8.7447309e-04  -2.7405729e-04
   3.9087255e-03   2.2376247e-01   2.0392600e+00   3.7875267e-04   6.2575658e-04  -6.1301978e-05
   5.1989359e-03   1.9936456e-01   2.1152779e+00   1.6287085e-03   2.5138809e-03  -5.0739920e-05
  -5.2674236e-03   2.2520757e-01   2.1281363e+00   8.3930572e-04   2.1558501e-03   4.2882859e-04
  -4.5702395e-03   2.2329468e-01   2.0542167e+00   1.2015747e-03   1.8588877e-03   1.1812075e-04
   4.7565527e-03   2.0448242e-01   1.9975169e+00   1.1438128e-03   1.6728886e-03  -2.7722523e-04
   1.0372818e-02   1.9134398e-01   1.9859119e+00   8.3379846e-04   1.2505118e-03  -2.1408382e-04
   1.3575601e-02   2.1180524e-01   1.9887871e+00   4.1734747e-04   1.2083098e-03  -3.4893198e-04
   2.6212669e-03   2.0412944e-01   2.0721071e+00   1.2182941e-03   7.6932672e-04  -1.2084095e-04
  -6.3998334e-03   2.0493297e-01   2.1223728e+00   8.0473464e-04   1.0682404e-03   3.6575299e-04
   1.9059013e-02   2.0068636e-01   2.1418585e+00   9.1700207e-04   1.4200265e-03   3.1128948e-04
  -4.8671199e-03   1.9426283e-01   2.1746920e+00   6.4510455e-04   3.4729048e-04   1.9523000e-04
   7.3488962e-03   1.8681315e-01   2.1964911e+00   5.8655101e-04   1.3186991e-03   1.8663842e-04
   2.4725294e-02   1.9096041e-01   2.1879644e+00   3.6199957e-04   1.0610692e-03  -3.5273806e-04
   1.1819389e-02   2.0998742e-01   2.1958913e+00   5.4351037e-04   1.2927279e-03  -8.8993509e-05
   1.7386544e-02   2.2830770e-01   2.2061809e+00   6.4890930e-04   6.5047334e-04  -2.7255198e-04
   2.9227590e-03   2.1867809e-01   2.2162493e+00   1.0860792e-03   1.2033304e-03   1.5079639e-04
  -4.9000680e-03   2.3406972e-01   2.1667821e+00   1.8243247e-04   1.0837702e-03  -4.3777907e-04
   1.6019224e-02   2.2972671e-01   2.1235485e+00   5.4578738e-04   1.2249207e-03  -3.3362877e-04
   5.9071981e-03   2.2537964e-01   2.0990950e+00   5.0328936e-04   1.0791389e-03  -4.5100421e-05
   9.1782022e-03   2.4310286e-01   2.1006483e+00   6.7144187e-04   1.5411741e-03  -4.5832296e-04
   1.5770811e-02   2.3204152e-01   2.0928440e+00   5.3632308e-04   1.1833295e-03  -7.7054798e-04
  -1.3168548e-02   2.3814779e-01   2.1330485e+00   5.3504389e-04   2.1769514e-04  -4.1245467e-06
  -3.8361225e-03   2.2322500e-01   2.1822763e+00   9.2822964e-04   9.7095799e-04   3.6189694e-04
  -7.7345832e-03   2.3075785e-01   2.2576714e+00   1.1275150e-03   1.0970541e-03   1.2799057e-04
   2.0563343e-02   2.4816894e-01   2.2621206e+00   8.9673777e-04   1.0701737e-03  -4.0710873e-04
   3.1011420e-03   2.4369399e-01   2.2107413e+00   8.3701492e-04   1.2515563e-03   1.6881706e-04
   2.2593023e-02   2.2627275e-01   2.2091331e+00   5.5646465e-04   1.5139327e-03  -3.2008669e-04
   1.4194468e-02   2.2506037e-01   2.2471476e+00   1.0107466e-03   1.6738115e-03   4.7964546e-05
   5.7069476e-03   2.3724106e-01   2.2686472e+00   7.5960913e-04   9.0140705e-04   1.1533162e-04
   1.7696332e-02   2.3981460e-01   2.2695407e+00   1.3851473e-03   1.5866733e-03  -1.4087209e-04
   2.8220423e-02   2.3962889e-01   2.2221118e+00   8.3022798e-04   1.5945074e-03  -3.7210015e-04
   7.6743621e-03   2.5406156e-01   2.2426321e+00   9.0307661e-04   1.2774874e-03  -2.3230244e-04
   1.3733207e-02   2.3609677e-01   2.2834716e+00   1.0353847e-03   2.0045377e-03   4.0896951e-06
   6.9092259e-03   2.6436566e-01   2.3267763e+00   1.2312960e-03   1.9765812e-03   3.1804425e-04
   3.3726130e-02   2.3504214e-01   2.3828669e+00   2.2777581e-03   2.1738103e-03  -4.7262889e-04
   2.6729700e-02   2.6115727e-01   2.3816327e+00   1.6677496e-03   2.0180794e-03  -4.1009302e-04
   2.1806893e-02   2.4666579e-01   2.3269737e+00   1.8362150e-03   1.8002011e-03  -2.3737151e-04
   3.4003512e-02   2.2503973e-01   2.2967336e+00   2.0857253e-03   2.3641365e-03  -3.2288802e-04
   1.9264046e-02   2.4269380e-01   2.3269087e+00   2.7025310e-03   2.0807831e-03  -2.5633167e-04
   2.9096566e-02   2.1879957e-01   2.3632390e+00   1.9742991e-03   2.1960984e-03  -3.2297028e-04
   4.1188886e-02   2.3179053e-01   2.4074282e+00   1.9183900e-03   2.1754639e-03  -3.0190273e-04
   3.1909338e-02   2.1912577e-01   2.4245070e+00   1.8204886e-03   2.1380895e-03   1.7356338e-04
   1.4259094e-02   2.0852688e-01   2.4707075e+00   1.3515348e-03   2.1229839e-03   2.0878085e-08
   3.0549131e-02   2.1030267e-01   2.5027154e+00   2.1850632e-03   2.0519859e-03  -2.4849154e-04
   4.3097470e-02   2.1719473e-01   2.5264130e+00   2.1738465e-03   2.5512925e-03  -3.3071205e-04
   3.6902280e-02   2.2134661e-01   2.5280617e+00   2.1721888e-03   2.6069211e-03  -5.0513263e-04
   3.9410920e-02   2.4904398e-01   2.4977888e+00   1.1311565e-03   2.7442159e-03  -2.7146582e-04
   4.3845418e-02   2.7055449e-01   2.4346553e+00   1.6326899e-03   2.8017224e-03  -8.3645075e-04
   2.6696120e-02   2.3078999e-01   2.4248133e+00   2.3582724e-03   2.1205883e-03  -6.0407154e-04
   5.7044440e-02   2.5109555e-01   2.4664574e+00   3.0629075e-03   2.2827051e-03  -1.0848476e-03
   3.7414800e-02   2.4159439e-01   2.5126571e+00   2.5688914e-03   2.4004534e-03  -6.4462813e-04
   2.8294905e-02   2.4389752e-01   2.5751354e+00   2.6396671e-03   3.2534842e-03   6.6013561e-05
   4.2224592e-02   2.3490352e-01   2.5950188e+00   2.5397278e-03   3.1240660e-03  -4.2413926e-04
   4.4958460e-02   2.5346109e-01   2.5993207e+00   1.9904977e-03   3.1027241e-03  -4.9581184e-04
   3.2112102e-02   2.7632494e-01   2.5359450e+00   1.8013577e-03   3.0799450e-03  -4.6368881e-04
   2.3063826e-02   2.7773919e-01   2.5088719e+00   2.2559052e-03   2.7273958e-03  -4.3782594e-04
   3.0147780e-02   2.3233956e-01   2.5187676e+00   2.7276875e-03   2.7176462e-03  -5.0524892e-04
   2.9431115e-02   2.4893478e-01   2.5186867e+00   2.1002735e-03   2.6239969e-03  -4.4195222e-04
   3.0771538e-02   2.1944155e-01   2.5442301e+00   2.1760637e-03   2.8039397e-03  -4.2761216e-04
   4.3893350e-02   2.6419782e-01   2.5496487e+00   2.1302259e-03   2.7689097e-03  -7.6959040e-04
   4.5728444e-02   2.5599817e-01   2.5476744e+00   2.5136335e-03   2.6196789e-03  -6.8130112e-04
   5.1188532e-02   2.3776000e-01   2.5538253e+00   1.9678156e-03   3.1126766e-03  -4.7398624e-04
   3.9877736e-02   2.5618410e-01   2.6062119e+00   2.0552693e-03   2.9143317e-03  -2.9800401e-04
   5.0639653e-02   2.4782724e-01   2.6834587e+00   2.8184920e-03   2.7202253e-03  -2.3156688e-04
   3.6403285e-02   2.2687677e-01   2.7217702e+00   2.7218515e-03   3.0815880e-03  -2.9228349e-04
   4.5255761e-02   2.6946705e-01   2.6797619e+00   1.9310367e-03   2.9142790e-03  -7.5192759e-04
   5.1607375e-02   2.6307658e-01   2.6231045e+00   1.4290149e-03   2.9253523e-03  -6.9724763e-04
   4.3059541e-02   2.6015208e-01   2.6283843e+00   1.8586787e-03   3.4774300e-03  -3.8625450e-04
   6.1359374e-02   2.6198649e-01   2.6603691e+00   2.0342905e-03   3.2611538e-03  -7.1280141e-04
   7.5529647e-02   2.6421401e-01   2.6730452e+00   2.5897989e-03   3.8342652e-03  -7.5361838e-04
   5.1638231e-02   2.7476725e-01   2.6807583e+00   1.9519673e-03   3.3247548e-03  -3.5145809e-04
   5.6642806e-02   2.6879911e-01   2.7347803e+00   1.6957191e-03   3.1447286e-03  -4.5806572e-04
   6.3429828e-02   2.4988796e-01   2.7829568e+00   1.4096186e-03   2.9607785e-03  -7.5821847e-04
   7.9408825e-02   2.4452553e-01   2.8216325e+00   1.5985673e-03   3.4587833e-03  -1.0841241e-03
   5.9708136e-02   2.4953513e-01   2.8642626e+00   2.0734310e-03   3.5233577e-03  -1.0330444e-03
   5.2253498e-02   2.6627046e-01   2.8702228e+00   1.8277435e-03   3.4905074e-03  -8.4052292e-04
   7.1024114e-02   2.8379437e-01   2.8383860e+00   1.6897567e-03   3.5625246e-03  -9.3640740e-04
   5.5134668e-02   2.7368784e-01   2.7941729e+00   2.0760409e-03   3.5844437e-03  -4.3991338e-04
   7.2235993e-02   2.7158037e-01   2.7831779e+00   2.3289880e-03   3.2655331e-03  -6.0418093e-04
   6.2200748e-02   2.7395760e-01   2.8269386e+00   2.7683900e-03   3.2376632e-03  -5.1184662e-04
   7.6362416e-02   2.9096106e-01   2.8923105e+00   2.4916277e-03   3.9477126e-03  -5.1185144e-04
   7.1485057e-02   2.6335041e-01   2.9259322e+00   2.2815321e-03   3.7854858e-03  -7.2817049e-04
   7.5263503e-02   2.6627673e-01   2.9574672e+00   1.7953227e-03   3.2804276e-03  -6.6640939e-04
   7.0607921e-02   2.4545857e-01   2.9666475e+00   1.4326296e-03   3.4382227e-03  -2.5523600e-04
   7.5398424e-02   2.3973371e-01   2.9607092e+00   1.1959946e-03   3.7963856e-03  -3.4222068e-04
   8.0519524e-02   2.8984684e-01   2.9774694e+00   1.7809123e-03   3.7865530e-03  -9.6306760e-04
   5.3363637e-02   2.8926525e-01   2.9245787e+00   2.0867832e-03   3.1750577e-03  -9.0323023e-04
   7.7072979e-02   2.6934147e-01   2.8819287e+00   2.4922779e-03   4.0258250e-03  -6.0483091e-04
   5.4721290e-02   2.7011375e-01   2.9160147e+00   2.4640541e-03   3.6971379e-03   2.4455281e-04
   3.9018804e-02   2.6104580e-01   2.9607700e+00   2.7486440e-03   3.6561340e-03   1.4112535e-04
   7.9502327e-02   2.8255908e-01   3.0315414e+00   2.5965841e-03   3.2898614e-03  -5.4255499e-04
   7.4911975e-02   2.6913393e-01   3.0489931e+00   2.2631138e-03   3.6696467e-03  -2.2750496e-04
   5.4869136e-02   2.3375258e-01   3.0546070e+00   1.8779716e-03   3.7336654e-03  -1.7136882e-04
   7.7860735e-02   2.5135264e-01   3.0989351e+00   2.3348501e-03   3.8623116e-03   1.0921276e-04
   6.8305075e-02   2.6491355e-01   3.1147949e+00   1.9594221e-03   3.9887551e-03  -3.8252738e-04
   7.2171074e-02   2.8553287e-01   3.0774066e+00   1.4396986e-03   4.4547649e-03   3.7373966e-05
   7.3544578e-02   2.9095753e-01   3.0208039e+00   1.6100091e-03   4.4422389e-03  -2.2212214e-04
   6.9519246e-02   2.8317017e-01   2.9983530e+00   2.4014744e-03   4.3742232e-03  -5.7302680e-04
   6.8589565e-02   2.9373821e-01   3.0380890e+00   2.8216742e-03   3.9851302e-03  -7.8244984e-04
   5.8497146e-02   2.8667668e-01   3.0774441e+00   2.4107578e-03   4.3215344e-03  -1.4065934e-04
   6.4926461e-02   2.6859406e-01   3.1502961e+00   2.6299352e-03   3.9721896e-03  -3.8482517e-04
   7.1293358e-02   2.8156749e-01   3.1254966e+00   1.1602798e-03   4.6638670e-03  -3.2409313e-04
   6.4399022e-02   2.9312099e-01   3.1081779e+00   1.9056934e-03   4.1588320e-03  -4.3759461e-04
   7.4870782e-02   2.7523812e-01   3.1118458e+00   1.8539280e-03   4.6150662e-03  -2.6622583e-04
   6.4813447e-02   2.8242031e-01   3.1514490e+00   2.0021469e-03   4.3202878e-03  -3.7532285e-04
   6.6995792e-02   2.7606017e-01   3.1952080e+00   1.3065605e-03   3.9396959e-03  -2.4938623e-04
   4.8547492e-02   2.7457159e-01   3.2359960e+00   1.5620341e-03   4.7425477e-03   3.7522706e-04
   7.3946128e-02   2.7792406e-01   3.3132585e+00   2.1897250e-03   4.9340546e-03  -6.4653118e-04
   8.1609751e-02   2.8127220e-01   3.2863070e+00   1.9304792e-03   5.1157888e-03  -6.4766434e-04
   6.9123169e-02   3.0522723e-01   3.2064247e+00   9.8254310e-04   5.6470881e-03  -4.9322561e-04
   7.9703121e-02   2.4195646e-01   3.1919587e+00   9.7323232e-04   4.6054367e-03  -8.2458894e-04
   6.5600555e-02   2.6507035e-01   3.2393318e+00   1.2079440e-03   4.4637506e-03  -8.1784079e-04
   7.1582994e-02   2.6725672e-01   3.3089161e+00   1.2628012e-03   4.8238931e-03  -8.0906742e-04
   8.1387415e-02   2.8683491e-01   3.3990773e+00   1.2386103e-03   5.8198042e-03  -7.7651869e-04
   4.9830218e-02   3.0595852e-01   3.3501908e+00   5.8260617e-04   5.3421846e-03  -1.6978490e-04
   6.1299365e-02   2.7480685e-01   3.3341692e+00   1.0676268e-03   5.4770375e-03  -3.9808595e-04
   7.0204909e-02   2.9900926e-01   3.3137145e+00   7.8873754e-04   6.0102781e-03  -6.7756159e-04
   6.1291475e-02   2.9666579e-01   3.3494171e+00   1.3261025e-03   6.3680979e-03  -4.2035134e-04
   6.1190031e-02   2.6108446e-01   3.3613372e+00   4.8375285e-04   6.3250418e-03  -2.3043149e-04
   7.6651070e-02   3.0869283e-01   3.3856618e+00   7.9415010e-04   6.5764711e-03  -7.1406330e-04
   7.1974621e-02   3.0662592e-01   3.4177368e+00   1.3415495e-03   5.9168616e-03  -1.0009191e-03
   6.7047979e-02   2.8703165e-01   3.4565748e+00  -1.8417174e-04   6.2580162e-03  -5.5461533e-04
   7.4980376e-02   2.8451050e-01   3.5304933e+00   4.4875324e-04   6.9677074e-03  -5.7707278e-04
   5.9026670e-02   3.0889276e-01   3.5886531e+00  -3.7331692e-04   7.0025744e-03  -1.9112463e-04
   7.7591491e-02   3.1098150e-01   3.5306023e+00  -6.4623235e-04   7.4265239e-03  -1.4132668e-03
   7.1018434e-02   2.9705607e-01   3.5017693e+00  -1.3363288e-04   7.1272479e-03  -1.1381231e-03
   8.3941935e-02   3.1195411e-01   3.4706848e+00  -8.5712789e-04   7.1877608e-03  -9.8784436e-04
   6.6715703e-02   2.9087337e-01   3.5279737e+00  -4.4556058e-04   7.7914850e-03  -5.2283790e-04
   5.7243057e-02   2.9561227e-01   3.5704152e+00  -1.0887329e-03   6.9508199e-03  -7.2696877e-04
   7.9355720e-02   3.0913232e-01   3.6530938e+00  -1.3123547e-03   8.1425358e-03  -8.5998288e-04
   5.4294480e-02   2.8172504e-01   3.6590384e+00  -1.0763433e-03   7.6814117e-03  -7.3399665e-04
   9.4272623e-02   3.0377642e-01   3.6386142e+00   3.7696759e-05   7.7932219e-03  -1.3801345e-03
   6.6878837e-02   2.9493582e-01   3.6132610e+00  -8.8812212e-04   7.5058756e-03  -6.1887143e-04
   6.2210435e-02   2.8476546e-01   3.6522639e+00  -1.1216448e-03   7.2057689e-03  -6.5354479e-04
   5.9156372e-02   3.0277163e-01   3.7216113e+00  -2.4205221e-04   7.5322926e-03  -9.2223940e-04
   6.0713820e-02   2.9822457e-01   3.7370944e+00  -1.5866520e-03   7.8405334e-03  -5.0287154e-04
   7.4048298e-02   3.3306455e-01   3.6893206e+00  -1.5730169e-03   7.7893506e-03  -1.2823694e-03
   7.2851522e-02   3.0614730e-01   3.6736853e+00  -8.0033547e-04   7.6681990e-03  -9.8163247e-04
   7.2424227e-02   2.9130362e-01   3.6880326e+00  -7.0027450e-04   7.0302051e-03  -7.9112943e-04
   6.6638222e-02   2.8754372e-01   3.7132223e+00  -3.0659447e-04   6.9910015e-03  -5.2831212e-04
   6.5086667e-02   2.8352785e-01   3.7876155e+00   1.5276314e-04   7.5916450e-03  -6.9236029e-04
   8.8009943e-02   2.9032620e-01   3.8117263e+00  -1.1494536e-03   8.0726906e-03  -5.8824897e-04
   8.1956347e-02   2.9339673e-01   3.8732693e+00  -4.2570557e-04   8.0775424e-03  -9.9929767e-04
   9.6862070e-02   2.9703014e-01   3.8669756e+00  -8.0334994e-04   7.6185642e-03  -1.0033248e-03
   7.8290017e-02   3.2111072e-01   3.8093389e+00  -8.8270335e-04   7.7372464e-03  -8.4972677e-04
   7.4116937e-02   2.9696861e-01   3.7647411e+00  -1.0993632e-03   7.5028163e-03  -7.3684367e-04
   6.7932827e-02   2.7195792e-01   3.8116023e+00   3.4103440e-04   7.0767434e-03  -7.4453093e-04
   8.7965522e-02   3.0250940e-01   3.8408870e+00   2.0927504e-04   6.6656665e-03  -1.2130433e-03
   7.4269525e-02   3.1372828e-01   3.8536064e+00  -6.1155463e-04   7.3472471e-03  -8.9748617e-04
   6.4066495e-02   2.9067189e-01   3.9294906e+00  -1.0711040e-03   7.9553068e-03  -4.0331517e-04
   8.8289185e-02   3.1352207e-01   3.9279453e+00  -1.3154030e-03   8.1118828e-03  -1.1710449e-03
   7.4089022e-02   3.1319396e-01   3.9009477e+00  -1.8550830e-05   7.2157936e-03  -7.0541135e-04
   7.1473952e-02   3.1191554e-01   3.9073157e+00   1.1350178e-05   6.8644105e-03  -1.0253774e-03
   6.1074198e-02   2.9986813e-01   3.9373006e+00  -3.8417948e-05   6.8742420e-03  -7.9975725e-04
   5.5910697e-02   3.0707093e-01   3.9424986e+00  -7.4640402e-04   7.9721878e-03   3.6740159e-04
   7.2980304e-02   3.0310144e-01   3.9601267e+00   1.4292953e-04   7.1679028e-03  -4.5802819e-04
   6.8266343e-02   3.1063546e-01   3.8628121e+00  -3.0091188e-04   7.2284908e-03  -5.2402793e-04
   9.2182980e-02   3.0602645e-01   3.8576743e+00   5.0942590e-04   6.8597625e-03  -1.0160149e-03
   7.0008669e-02   3.0760386e-01   3.8810339e+00   2.5700135e-04   6.9123719e-03  -3.1668436e-04
   6.6031778e-02   2.8726785e-01   3.9317020e+00   4.8492460e-05   6.8510868e-03  -3.2819333e-04
   6.9743936e-02   2.9803333e-01   3.9691225e+00  -3.8495073e-04   6.7610041e-03   4.3251742e-05
   9.6867850e-02   2.8363677e-01   3.9983729e+00   2.3325577e-04   7.3105187e-03  -1.3066665e-03
   8.9646086e-02   3.0857736e-01   4.0011746e+00   5.5711807e-04   7.7028148e-03  -5.5832844e-04
   7.4668397e-02   3.1268404e-01   3.8976290e+00  -4.2473316e-04   7.1100945e-03  -8.2355744e-04
   6.7855998e-02   3.0599605e-01   3.8870413e+00   3.6570967e-04   6.6048706e-03  -2.9983508e-04
   8.8319059e-02   2.9820783e-01   3.8890931e+00  -1.5513728e-04   6.6927692e-03  -5.5077552e-04
   1.0689522e-01   3.1848289e-01   3.9241376e+00  -2.0334648e-04   6.4094389e-03  -9.8480597e-04
   8.9679185e-02   3.1771133e-01   3.9690804e+00  -5.8377989e-04   6.7366235e-03  -2.2046692e-04
   7.1891487e-02   3.0913902e-01   4.0026474e+00  -8.4765215e-04   6.5123360e-03   7.0873757e-05
   6.8263681e-02   2.9464792e-01   4.0497314e+00  -6.7436131e-04   6.9025862e-03  -4.8789379e-04
   9.0817344e-02   3.1943615e-01   4.0623807e+00  -1.1851315e-04   6.6636811e-03  -7.2388044e-04
   9.1077147e-02   3.2815594e-01   3.9802079e+00  -1.2867699e-04   6.1960727e-03  -7.3367165e-04
   9.3492517e-02   3.0389170e-01   3.9466516e+00  -1.0088860e-03   6.6283307e-03  -8.6147522e-04
   7.7013402e-02   3.0299870e-01   3.9904123e+00   1.4298868e-04   6.0247915e-03  -5.9929703e-04
   6.3459278e-02   3.5125014e-01   4.0019501e+00   3.4956476e-05   6.5548878e-03   1.9398367e-04
   9.1852133e-02   3.1638382e-01   3.9828969e+00  -1.7152692e-05   6.3424763e-03  -5.8607179e-04
   8.5745975e-02   3.0673669e-01   3.9882553e+00   5.6293466e-04   6.2860241e-03  -7.6352331e-04
   8.6424488e-02   2.7594196e-01   3.9783898e+00   5.1861647e-04   6.4876413e-03  -5.0725899e-04
   9.4042969e-02   2.8495418e-01   3.9834775e+00  -8.2307031e-05   6.2777464e-03  -4.7612918e-04
   7.8918949e-02   2.9193294e-01   4.0381930e+00   8.1544680e-04   5.8430886e-03   8.0998718e-05
   9.0625826e-02   2.9166038e-01   4.0810816e+00   4.4141251e-04   5.7988710e-03  -2.2138874e-04
   9.4348789e-02   2.8615764e-01   4.1403893e+00   5.9298827e-04   6.5265253e-03  -4.9251849e-05
   1.1309142e-01   2.9949493e-01   4.1784620e+00   1.6745002e-04   6.1583023e-03  -4.6857932e-04
   1.1239604e-01   2.7099845e-01   4.1950099e+00  -1.8365151e-04   6.5263596e-03  -7.8424988e-05
   9.4161960e-02   2.9534051e-01   4.2156412e+00  -1.0263313e-04   6.1999997e-03  -4.1728667e-05
   1.1559908e-01   3.0185778e-01   4.1912165e+00   5.5197356e-04   7.3604459e-03  -5.5763079e-04
   1.0923183e-01   3.3331770e-01   4.2045391e+00   9.0473634e-04   6.0017396e-03  -6.1188778e-04
   9.5376618e-02   3.2588559e-01   4.1301317e+00   7.9572253e-04   6.5517715e-03  -3.5320389e-04
   8.6625190e-02   3.0831336e-01   4.0942752e+00   1.0599210e-03   5.4974632e-03  -5.1493737e-04
   1.0034705e-01   3.2652178e-01   4.0820065e+00   9.8962085e-04   6.4645490e-03  -5.1203813e-04
   1.0870991e-01   3.2292815e-01   4.1114725e+00   5.9500949e-04   6.1084289e-03  -2.2827203e-04
   9.5215169e-02   3.4708899e-01   4.1575805e+00   5.6858722e-04   5.3063632e-03  -4.6786304e-04
   1.1379594e-01   3.2888608e-01   4.2033490e+00   4.1728713e-05   6.0210650e-03  -7.0065731e-04
   9.3943108e-02   3.1694834e-01   4.2667568e+00   6.8227875e-04   6.2739276e-03  -7.4297889e-04
   1.1396566e-01   3.4699759e-01   4.2762272e+00   4.2016520e-04   6.4590359e-03  -8.3453837e-04
   1.0155977e-01   3.5509443e-01   4.2026381e+00   2.5789160e-04   6.5285019e-03  -6.5770884e-04
   1.0633552e-01   3.1243752e-01   4.1897932e+00   8.2050216e-04   6.8723491e-03  -3.5947253e-04
   1.1809415e-01   2.8256470e-01   4.2090862e+00   7.1918897e-04   6.4465689e-03  -8.9234396e-04
   1.0453250e-01   2.9463300e-01   4.2603930e+00   8.5564114e-04   6.3666953e-03  -2.4275160e-04
   1.0600379e-01   3.1575988e-01   4.3305215e+00   1.5561648e-03   7.0039859e-03  -1.0502236e-05
   9.4465775e-02   3.1379823e-01   4.4131541e+00  -5.0707669e-05   7.4959210e-03  -1.6932359e-04
   1.0430358e-01   3.4470849e-01   4.4108240e+00   1.2732001e-03   6.8588263e-03  -3.8309523e-04
   1.0006564e-01   3.2856155e-01   4.3118139e+00   2.5447172e-04   7.0510133e-03  -9.8861646e-05
   1.0312582e-01   3.2206175e-01   4.3160201e+00   5.7758319e-04   6.3356405e-03  -6.2174258e-04
   1.1013553e-01   3.2110368e-01   4.3485572e+00   8.5373797e-04   6.2854857e-03  -2.9072950e-04
   1.0364058e-01   3.2585167e-01   4.4175401e+00   6.5448274e-05   6.2635496e-03  -2.3373164e-04
   1.0332566e-01   3.2499151e-01   4.4737601e+00   9.3710011e-05   7.4661089e-03  -6.0676398e-05
   1.1474802e-01   2.9588939e-01   4.4878635e+00   6.3959499e-04   7.3072208e-03  -4.6278120e-04
   1.4618393e-01   3.2233198e-01   4.4211940e+00   4.0836003e-04   7.6674551e-03  -1.0094368e-03
   1.1955026e-01   3.0732413e-01   4.3886392e+00  -1.7198366e-04   7.1106547e-03  -4.6966538e-04
   1.0859264e-01   3.2999257e-01   4.4193839e+00  -3.0727963e-04   7.3124138e-03  -1.6746241e-04
   1.2279227e-01   3.3732842e-01   4.4281023e+00  -1.5614905e-04   7.0435959e-03  -9.7180448e-04
   1.1712542e-01   3.2170717e-01   4.4472362e+00   5.0507380e-04   7.4422356e-03  -1.0845420e-04
   1.0571638e-01   3.4348817e-01   4.5459901e+00   5.2646043e-04   7.5304770e-03  -2.9208575e-04
   1.2097827e-01   3.1437052e-01   4.5723938e+00  -2.7547190e-04   7.7901497e-03  -4.8301078e-04
   1.1848585e-01   3.3648024e-01   4.5446272e+00   3.8334988e-04   7.9749399e-03  -7.8337012e-04
   1.3436238e-01   3.4854301e-01   4.4918147e+00   2.6073572e-04   8.3103464e-03  -5.3804659e-04
   1.1810149e-01   3.2329106e-01   4.4921247e+00  -7.6096127e-05   8.4768652e-03  -8.8610974e-04
   1.2264519e-01   3.0933429e-01   4.5177402e+00   1.7365923e-04   8.4846197e-03  -5.5965758e-04
   1.1941086e-01   3.3667421e-01   4.4829591e+00  -8.8024637e-04   8.2517345e-03  -1.2993306e-03
   1.2470070e-01   3.1435894e-01   4.5126121e+00  -5.5658844e-04   8.6220208e-03  -1.1164482e-03
   1.4509247e-01   3.3468365e-01   4.5314037e+00  -3.3191240e-05   8.9755576e-03  -1.7254164e-03
   1.5472640e-01   3.3645914e-01   4.5112105e+00  -8.7697587e-04   8.6786541e-03  -1.5950175e-03
   1.4932801e-01   3.1798407e-01   4.4984242e+00  -6.5000828e-04   9.7861930e-03  -1.0640254e-03
   1.5346679e-01   3.3817880e-01   4.5530197e+00  -4.0472045e-05   9.0343257e-03  -1.7836728e-03
   1.3918055e-01   3.3110868e-01   4.5239185e+00  -8.1961173e-04   9.0562705e-03  -1.1386453e-03
   1.5784761e-01   3.2453901e-01   4.5196989e+00  -9.8021002e-04   8.5945162e-03  -1.6260750e-03
   1.7926064e-01   3.4883596e-01   4.5455512e+00  -6.9938141e-04   9.1236245e-03  -2.0158820e-03
   1.6418620e-01   3.4590225e-01   4.5423205e+00  -1.1835677e-03   7.9321887e-03  -1.7859428e-03
   1.6398868e-01   3.4338427e-01   4.5517307e+00  -1.0196686e-03   7.9091108e-03  -2.0459824e-03
   1.5899572e-01   3.2432277e-01   4.5634851e+00  -1.2619978e-03   8.4987076e-03  -1.1466853e-03
   1.5753276e-01   3.2471789e-01   4.5882278e+00  -1.1317966e-03   8.1146921e-03  -1.5694845e-03
   1.5757579e-01   3.2513010e-01   4.5997797e+00  -1.2482470e-03   7.7691230e-03  -1.3549598e-03
   1.7542780e-01   3.4518892e-01   4.5926947e+00  -1.5880586e-03   8.1749009e-03  -1.8842312e-03
   1.7921153e-01   3.2678231e-01   4.6002681e+00  -1.3918234e-03   8.2796008e-03  -1.7466552e-03
   1.9062695e-01   3.3622114e-01   4.6081486e+00  -1.6585005e-03   7.9327660e-03  -1.9209575e-03
   1.6719733e-01   3.1977997e-01   4.6286434e+00  -1.3175357e-03   7.6970741e-03  -1.0868684e-03
   1.8814282e-01   3.1066918e-01   4.6172483e+00  -1.4277986e-03   8.1461006e-03  -2.2667464e-03
   1.7296904e-01   3.1623721e-01   4.6478932e+00  -4.1587580e-04   7.5773049e-03  -1.7856138e-03
   1.6006681e-01   2.9456235e-01   4.6295364e+00  -8.9792520e-04   6.9949539e-03  -1.1333683e-03
   1.6525163e-01   3.0451147e-01   4.6794029e+00  -2.2931126e-04   7.4946464e-03  -1.2766431e-03
   1.7309559e-01   3.2698823e-01   4.6779166e+00  -1.2215989e-03   7.3512349e-03  -1.5247519e-03
   1.6880439e-01   3.2545346e-01   4.6888312e+00  -6.1922999e-04   7.6112680e-03  -1.5875868e-03
   1.6013520e-01   2.9080155e-01   4.6779882e+00  -8.0887076e-04   7.2057562e-03  -1.6390959e-03
   1.7947508e-01   2.9148116e-01   4.7082688e+00  -4.4020774e-04   6.9880239e-03  -1.9041359e-03
   1.5866452e-01   2.9063899e-01   4.7271728e+00  -4.4540221e-04   6.8361266e-03  -1.6080319e-03
   1.6971238e-01   3.0014714e-01   4.7454087e+00  -6.6788445e-04   6.5246244e-03  -2.2801768e-03
   1.5569745e-01   3.2276238e-01   4.7270460e+00  -3.0400542e-04   6.8189440e-03  -1.7288712e-03
   1.6029184e-01   3.2597680e-01   4.7196711e+00  -4.9268285e-04   6.6987700e-03  -2.2971883e-03
   1.3246121e-01   3.2786965e-01   4.7075200e+00  -8.9786680e-04   6.1356317e-03  -1.9593757e-03
   1.5827377e-01   3.3097344e-01   4.7192763e+00  -1.5584047e-04   6.3175154e-03  -2.5544400e-03
   1.4935708e-01   3.1414910e-01   4.7240226e+00  -5.9104750e-04   6.5576840e-03  -1.5719447e-03
   1.5242676e-01   3.2178981e-01   4.7164702e+00  -7.0712692e-04   6.2507985e-03  -2.3360708e-03
   1.5842532e-01   3.1483278e-01   4.7219788e+00  -1.1005011e-03   6.3798388e-03  -1.9475229e-03
   1.5363363e-01   3.3053210e-01   4.7354305e+00  -1.0202338e-03   5.4495534e-03  -2.0673875e-03
   1.3670937e-01   3.4010282e-01   4.7558833e+00  -1.1641690e-03   6.0154706e-03  -1.7686601e-03
   1.3779769e-01   3.2868882e-01   4.7632358e+00  -3.2532566e-04   6.3012134e-03  -1.5114556e-03
   1.5178144e-01   3.2321526e-01   4.7729300e+00  -6.9403494e-04   5.8427560e-03  -2.1037541e-03
   1.5449715e-01   3.2906472e-01   4.8244690e+00   5.4285794e-05   6.0667704e-03  -1.5992357e-03
   1.3451004e-01   3.3830617e-01   4.8385091e+00  -1.0009456e-03   5.3032371e-03  -1.3007964e-03
   1.2598140e-01   3.7372559e-01   4.8195140e+00  -1.0584722e-03   5.7469748e-03  -1.1979237e-03
   1.4261926e-01   3.2382740e-01   4.7854688e+00  -1.4325743e-03   5.7657115e-03  -1.4307842e-03
   1.3021666e-01   3.4441114e-01   4.8133329e+00  -1.1646569e-03   6.0277200e-03  -1.5661152e-03
   1.3486598e-01   3.2089566e-01   4.8151479e+00  -8.1771602e-04   5.7006082e-03  -1.9834085e-03
   1.3002530e-01   3.3490871e-01   4.8124080e+00  -1.4305780e-03   5.3843611e-03  -2.0187234e-03
   1.1142918e-01   3.1751505e-01   4.8171912e+00  -9.0763655e-04   6.1408198e-03  -1.3820081e-03
   1.3531423e-01   3.3474837e-01   4.8395867e+00  -2.1675434e-03   5.5418857e-03  -2.2074437e-03
   1.3369167e-01   3.1417841e-01   4.8517003e+00  -1.0980876e-03   6.2499878e-03  -2.0060410e-03
   9.9751880e-02   3.2794601e-01   4.8638546e+00  -1.2790781e-03   5.3486455e-03  -1.5179403e-03
   1.1589716e-01   3.3072831e-01   4.8785389e+00  -9.5600555e-04   5.2935052e-03  -1.8208168e-03
   1.1847082e-01   3.3351115e-01   4.8796369e+00  -1.3580958e-03   5.7883212e-03  -1.6467375e-03
   9.7166411e-02   3.0658726e-01   4.8739575e+00  -1.6541477e-03   5.1196519e-03  -1.2119373e-03
   9.4658832e-02   3.1199662e-01   4.8746012e+00  -2.1345526e-03   4.9482410e-03  -1.2186111e-03
   1.0096023e-01   3.0146094e-01   4.8935497e+00  -2.0269000e-03   4.3804728e-03  -1.4589930e-03
   9.8516518e-02   3.4339553e-01   4.8899202e+00  -2.0226211e-03   5.2652380e-03  -1.3558124e-03
   9.4335355e-02   3.0432569e-01   4.9081049e+00  -1.7415111e-03   5.2009631e-03  -1.4414462e-03
   9.4125364e-02   3.3875264e-01   4.9413706e+00  -2.2273474e-03   4.5685168e-03  -1.7790975e-03
   9.5901179e-02   3.2679165e-01   4.9567897e+00  -1.4412229e-03   4.5748381e-03  -1.5026528e-03
   1.0521980e-01   3.0608870e-01   4.9335468e+00  -2.4398300e-03   4.7214832e-03  -2.1585549e-03
   1.0852245e-01   3.1470976e-01   4.9508358e+00  -2.2504713e-03   5.1475179e-03  -1.6893380e-03
   1.2461215e-01   3.2747176e-01   4.9673863e+00  -2.1222672e-03   4.9754145e-03  -2.1873054e-03
   1.1066850e-01   3.2992923e-01   4.9785288e+00  -1.8117495e-03   4.9834346e-03  -1.9536452e-03
   9.7179955e-02   3.3800801e-01   4.9914844e+00  -1.5932340e-03   4.0523501e-03  -1.9468240e-03
   1.1604292e-01   3.2346227e-01   4.9837671e+00  -2.4354778e-03   4.8292015e-03  -2.0890775e-03
   1.1355068e-01   3.5056038e-01   5.0083194e+00  -1.7812079e-03   4.9193375e-03  -2.1539148e-03
   1.1417095e-01   3.3223697e-01   4.9842805e+00  -2.2727926e-03   4.4960293e-03  -2.3424250e-03
   1.2305024e-01   3.1378467e-01   5.0150231e+00  -2.5324284e-03   4.9274251e-03  -2.2608895e-03
   1.2051093e-01   3.3732138e-01   5.0472818e+00  -1.6642287e-03   4.9230090e-03  -2.4338519e-03
   1.2456750e-01   3.5563398e-01   5.0375752e+00  -1.4640271e-03   4.8382449e-03  -2.6363379e-03
   1.3412505e-01   3.3863092e-01   5.0335834e+00  -1.7607229e-03   4.9460231e-03  -2.8529212e-03
   1.1253505e-01   3.5104043e-01   5.0401878e+00  -1.9117658e-03   5.0705768e-03  -2.1369938e-03
   1.5431598e-01   3.2878488e-01   5.0357326e+00  -1.8098931e-03   5.3926215e-03  -3.7694102e-03
   1.2426267e-01   3.3686086e-01   5.0151889e+00  -2.0423542e-03   4.8389104e-03  -2.3284150e-03
   1.1828731e-01   3.3799443e-01   5.0455483e+00  -1.8099295e-03   5.3613462e-03  -1.9828616e-03
   1.2846474e-01   3.5012114e-01   5.0474517e+00  -1.5981545e-03   5.0650506e-03  -2.8238549e-03
   1.2280843e-01   3.4289104e-01   5.0675015e+00  -1.4293438e-03   4.4976788e-03  -2.6633983e-03
   1.1047441e-01   3.2717578e-01   5.0476283e+00  -2.6075478e-03   5.0354578e-03  -1.8748130e-03
   1.1130805e-01   3.2886384e-01   5.0923958e+00  -1.8010106e-03   5.0227604e-03  -2.4687086e-03
   1.2434789e-01   3.4430798e-01   5.1010960e+00  -2.1470713e-03   5.3480982e-03  -2.5175953e-03
   1.1240549e-01   3.5416192e-01   5.1055950e+00  -1.3748517e-03   5.1693513e-03  -2.2174476e-03
   1.2283529e-01   3.5560641e-01   5.1324472e+00  -1.1623142e-03   4.7571861e-03  -2.5994598e-03
   1.2240002e-01   3.3908720e-01   5.1348602e+00  -1.5728058e-03   5.4158606e-03  -2.3631801e-03
   1.2192242e-01   3.2475391e-01   5.1524668e+00  -2.3620876e-03   5.4087157e-03  -2.5530928e-03
   1.2618741e-01   3.3731253e-01   5.1714359e+00  -1.5721150e-03   5.1597072e-03  -2.5412075e-03
   1.3853944e-01   3.3050841e-01   5.1847251e+00  -1.7995646e-03   6.0811631e-03  -2.6825187e-03
   1.2123706e-01   3.5039928e-01   5.1690855e+00  -2.1185389e-03   5.9886538e-03  -2.1504184e-03
   1.2611594e-01   3.4459755e-01   5.1881168e+00  -1.8958315e-03   6.0656914e-03  -2.6925003e-03
   1.2883210e-01   3.3902499e-01   5.1957069e+00  -1.9708605e-03   5.9956323e-03  -2.9284160e-03
   1.3725931e-01   3.2997416e-01   5.1904627e+00  -2.9991539e-03   6.0966701e-03  -3.0137185e-03
   1.2074417e-01   3.2927647e-01   5.2351207e+00  -1.7840323e-03   5.0868527e-03  -2.3931821e-03
   1.4106266e-01   3.4178360e-01   5.2437873e+00  -2.1090259e-03   6.6054289e-03  -2.7652752e-03
   1.2253484e-01   3.2852848e-01   5.2313295e+00  -2.3798849e-03   6.0623524e-03  -2.4365396e-03
   1.2280454e-01   3.5115861e-01   5.2689315e+00  -1.2496178e-03   5.3070289e-03  -2.4785773e-03
   1.1995710e-01   3.2498525e-01   5.2805225e+00  -2.7906923e-03   6.0062807e-03  -2.2646531e-03
   1.4239898e-01   3.2918676e-01   5.2668653e+00  -1.9791806e-03   5.9506954e-03  -2.9341421e-03
   1.0337138e-01   3.1670349e-01   5.2873247e+00  -2.2660659e-03   5.9830471e-03  -1.8814882e-03
   1.1833645e-01   3.2979416e-01   5.3175692e+00  -2.4841696e-03   6.2162638e-03  -2.0151434e-03
   1.1084818e-01   3.4016399e-01   5.3685468e+00  -9.1068012e-04   6.0456449e-03  -2.2544201e-03
   1.3099714e-01   3.4214179e-01   5.3513881e+00  -1.9809750e-03   5.8594817e-03  -2.5901662e-03
   1.4894193e-01   3.2687745e-01   5.3285729e+00  -2.0758353e-03   6.9031334e-03  -2.6180257e-03
   1.3333433e-01   3.1795505e-01   5.3412082e+00  -2.3711953e-03   6.6551742e-03  -2.4683578e-03
   1.2639957e-01   3.4937202e-01   5.3495611e+00  -1.4528347e-03   6.3344604e-03  -2.4370520e-03
   1.2238585e-01   3.4829776e-01   5.3503486e+00  -2.5630822e-03   6.4284395e-03  -1.8715853e-03
   1.3642270e-01   3.4778194e-01   5.3948741e+00  -1.9622457e-03   6.4316036e-03  -2.9138604e-03
   1.0924196e-01   3.2398581e-01   5.4061229e+00  -1.6089169e-03   6.5882774e-03  -2.1336167e-03
   1.2674299e-01   3.1470337e-01   5.4116465e+00  -2.2150300e-03   6.2711032e-03  -2.6406117e-03
   1.1720011e-01   3.3871196e-01   5.3940558e+00  -2.4591491e-03   5.5258606e-03  -2.5833228e-03
   1.1792184e-01   3.2805202e-01   5.4474967e+00  -1.2938649e-03   6.1407627e-03  -2.3619779e-03
   1.3305330e-01   3.1722812e-01   5.4214502e+00  -3.1656878e-03   6.1658960e-03  -2.4668360e-03
   1.3505384e-01   3.3887195e-01   5.4501179e+00  -1.5203735e-03   6.3585802e-03  -2.2170181e-03
   1.2451987e-01   3.3682906e-01   5.4563961e+00  -1.5171588e-03   5.9798052e-03  -2.0977910e-03
   1.3173345e-01   3.3855420e-01   5.4648868e+00  -2.7910198e-03   6.4929197e-03  -2.7980371e-03
   1.3727981e-01   3.5126373e-01   5.5150498e+00  -1.2574522e-03   6.4660183e-03  -2.5613409e-03
   1.3615151e-01   3.2400387e-01   5.4704739e+00  -2.8694319e-03   6.3080157e-03  -2.7265177e-03
   1.3316680e-01   3.3685912e-01   5.4991184e+00  -1.6367954e-03   6.6966900e-03  -2.3344683e-03
   1.2567652e-01   3.5355110e-01   5.4859186e+00  -2.1657140e-03   6.5086790e-03  -2.2911536e-03
   1.2481726e-01   3.2534350e-01   5.5038198e+00  -2.3014668e-03   6.1790413e-03  -2.3933169e-03
   1.1478877e-01   3.2261498e-01   5.5572527e+00  -1.1322011e-03   6.2135420e-03  -2.1707473e-03
   1.0341218e-01   3.2891343e-01   5.5637752e+00  -2.4920344e-03   6.2142042e-03  -2.2378045e-03
   1.4004834e-01   3.3770962e-01   5.5897393e+00  -1.8622861e-03   6.3102627e-03  -2.8185262e-03
   1.2462725e-01   3.2581134e-01   5.5808891e+00  -1.9569548e-03   6.0452967e-03  -2.3093135e-03
   1.0523734e-01   3.2989402e-01   5.5733301e+00  -1.2279464e-03   6.0679706e-03  -1.9473256e-03
   1.2067790e-01   3.4725473e-01   5.5584028e+00  -2.3075354e-03   6.3164179e-03  -2.2604506e-03
   1.1593787e-01   3.4872367e-01   5.5737489e+00  -2.1976558e-03   5.7393787e-03  -2.2654773e-03
   1.1425176e-01   3.4473311e-01   5.5927886e+00  -2.4012890e-03   5.6442017e-03  -2.3322656e-03
   1.2026850e-01   3.1923244e-01   5.5877651e+00  -2.5000986e-03   5.7040346e-03  -2.4020686e-03
   1.1230610e-01   3.3362885e-01   5.6175510e+00  -2.1697539e-03   5.9525930e-03  -1.7610438e-03
   1.1082573e-01   3.3284965e-01   5.6170150e+00  -2.0519501e-03   5.6322212e-03  -1.9887501e-03
   1.2128734e-01   3.5674809e-01   5.6405026e+00  -2.1214692e-03   5.4872388e-03  -2.3246605e-03
   8.6839018e-02   3.2710576e-01   5.6699285e+00  -1.8529864e-03   5.2961453e-03  -1.5524521e-03
   8.2030434e-02   3.5998349e-01   5.7125331e+00  -8.7978701e-04   5.2056384e-03  -2.0731121e-03
   9.5589725e-02   3.4740310e-01   5.7260537e+00  -1.7055195e-03   5.5630727e-03  -1.4758564e-03
   1.1271582e-01   3.4798020e-01   5.7100054e+00  -1.8151191e-03   5.8350707e-03  -1.9128500e-03
   1.1357807e-01   3.5084419e-01   5.7002760e+00  -2.5991977e-03   5.8407158e-03  -2.0870434e-03
   8.6980458e-02   3.3476922e-01   5.7325941e+00  -2.2050815e-03   5.6450319e-03  -1.2125030e-03
   9.6780853e-02   3.4303297e-01   5.7357439e+00  -1.7035068e-03   5.7970172e-03  -1.3368356e-03
   1.0738902e-01   3.1172942e-01   5.7132117e+00  -3.2563592e-03   6.3025912e-03  -1.7586447e-03
   1.2318515e-01   3.3695673e-01   5.7279364e+00  -2.5260540e-03   6.1605313e-03  -1.8735343e-03
   1.2460657e-01   3.3899451e-01   5.7495842e+00  -2.3654551e-03   6.0014034e-03  -2.0282862e-03
   1.1550996e-01   2.6986314e-01   5.7556648e+00  -2.6736551e-03   5.9999921e-03  -1.5200115e-03
   1.0869555e-01   3.5011521e-01   5.7740663e+00  -1.9683427e-03   5.8711894e-03  -2.0552504e-03
   1.1203332e-01   3.3950785e-01   5.7907652e+00  -1.5685086e-03   5.8616414e-03  -2.2167473e-03
   8.8624677e-02   3.1438711e-01   5.8034648e+00  -1.8220922e-03   6.2955401e-03  -1.3040670e-03
   1.1088198e-01   3.2469176e-01   5.8480213e+00  -2.3704062e-03   5.7178824e-03  -2.1197156e-03
   1.4296320e-01   3.4590303e-01   5.8677613e+00  -1.6642561e-03   6.5741078e-03  -2.7573596e-03
   1.1139665e-01   3.5165272e-01   5.8575483e+00  -1.9391308e-03   6.5723757e-03  -1.6144627e-03
   1.0330062e-01   3.5281282e-01   5.8038004e+00  -2.4215604e-03   6.1644974e-03  -1.7117261e-03
   1.0391063e-01   3.3350565e-01   5.8035464e+00  -2.6694131e-03   5.6222732e-03  -1.5746521e-03
   1.1153230e-01   3.6408202e-01   5.8319370e+00  -1.3846940e-03   6.4373374e-03  -1.9149877e-03
   1.2680771e-01   3.3436479e-01   5.8222419e+00  -2.0164331e-03   5.8107790e-03  -2.2352385e-03
   1.0580004e-01   3.5218764e-01   5.8464623e+00  -1.9968351e-03   5.9569640e-03  -1.9146975e-03
   1.0731206e-01   3.4916061e-01   5.8371634e+00  -1.7339018e-03   5.6971372e-03  -1.9024332e-03
   1.0377404e-01   3.2267451e-01   5.8503660e+00  -2.1361177e-03   5.9571441e-03  -1.5556601e-03
   1.3524331e-01   3.3532194e-01   5.8619572e+00  -1.9121675e-03   5.9871128e-03  -2.2430532e-03
   1.0044372e-01   3.1943343e-01   5.8910061e+00  -2.2027387e-03   5.3209103e-03  -1.7720103e-03
   1.1085653e-01   3.2641577e-01   5.9311339e+00  -1.5337648e-03   5.8104080e-03  -2.0202642e-03
   1.1503586e-01   3.7629266e-01   5.9133806e+00  -1.0664577e-03   6.1449082e-03  -1.8646783e-03
   1.3684392e-01   3.3788608e-01   5.8975439e+00  -1.7393502e-03   6.2593839e-03  -2.0118246e-03
   1.0558383e-01   3.3988414e-01   5.9298960e+00  -1.7166380e-03   5.6285585e-03  -1.9516905e-03
   1.0404116e-01   3.3578035e-01   5.9593978e+00  -2.0791733e-03   5.7538230e-03  -1.6367870e-03
   1.0877918e-01   3.1419363e-01   5.9849747e+00  -2.3876955e-03   5.6827419e-03  -1.4823537e-03
   1.1306251e-01   3.4804185e-01   5.9624013e+00  -1.7435222e-03   5.9490728e-03  -1.9261194e-03
   1.3335047e-01   3.6272205e-01   5.9406140e+00  -2.0312561e-03   6.3691603e-03  -2.1093189e-03
   1.1182977e-01   3.2549757e-01   5.9546964e+00  -1.9041678e-03   6.0105041e-03  -1.6079335e-03
   1.1694063e-01   3.3994994e-01   5.9694893e+00  -1.6980434e-03   5.6569274e-03  -1.5319120e-03
   1.2476868e-01   3.3080557e-01   5.9745022e+00  -1.4434596e-03   5.8900657e-03  -2.3660291e-03
   1.3524562e-01   3.5332411e-01   5.9628771e+00  -1.7996453e-03   6.0896074e-03  -2.3289807e-03
   1.1522826e-01   3.5460560e-01   5.9821230e+00  -1.4584794e-03   5.7637854e-03  -1.6653909e-03
   1.1012172e-01   3.5818354e-01   5.9688312e+00  -2.3409613e-03   5.6486266e-03  -1.5902071e-03
   1.2752098e-01   3.7027058e-01   6.0192243e+00  -1.2726259e-03   5.6063029e-03  -2.0943875e-03
   1.2583218e-01   3.6368286e-01   5.9750497e+00  -1.8755268e-03   6.0236424e-03  -1.7534375e-03
   1.0769733e-01   3.6719289e-01   5.9926483e+00  -1.7078693e-03   5.7059295e-03  -1.8861278e-03
   9.9745622e-02   3.3586130e-01   6.0255464e+00  -1.1529281e-03   5.7701823e-03  -1.3125402e-03
   1.0259317e-01   3.3181746e-01   6.0544104e+00  -1.9646842e-03   6.0836584e-03  -1.1728389e-03
   1.2944674e-01   3.6375963e-01   6.0498726e+00  -1.4690109e-03   6.0925811e-03  -2.0272658e-03
