  -7.5519990e-15   0.0000000e+00   6.6032446e-15   6.4277154e-19  -8.8452905e-18   0.0000000e+00
   1.8305723e-02  -1.3461317e-02  -1.2391166e-02  -3.8098001e-04   5.4258384e-04  -1.1780996e-04
   1.6020525e-02  -1.3092210e-02  -4.8683676e-03  -9.0068590e-04   4.5761804e-04  -3.5104689e-05
   2.9104434e-03  -2.0330887e-02  -1.8237721e-02  -7.9456209e-04   5.8339531e-04   2.2868995e-04
  -1.5040251e-03  -1.7293654e-02  -2.0125213e-02  -8.1414192e-04   5.1592518e-04   2.2136898e-04
   1.7679506e-02  -1.4897573e-02  -2.2523067e-02  -4.5963724e-04   4.3940866e-04  -3.4401013e-04
   1.3991346e-02  -7.4192712e-03  -4.9949864e-02  -1.1738648e-03  -1.3309775e-04  -3.0205878e-04
   5.3622705e-04  -7.4219722e-03  -3.9694406e-02  -9.4122004e-04   4.1706630e-04   2.7315729e-04
   2.1962015e-02   1.6032070e-02  -4.6908389e-02  -7.9817124e-04   2.0404994e-04  -2.7234647e-04
   4.3258318e-03   7.2892254e-03  -4.3116280e-02  -8.9092683e-05  -4.2202414e-04  -2.1623673e-04
   3.7553601e-03  -1.7647634e-02  -2.1281231e-02   4.2911627e-04   7.1043127e-05  -1.3714679e-04
   1.6037980e-02  -3.4332807e-02  -6.3274181e-02  -8.9369702e-04   4.8715326e-04  -1.1377587e-04
   1.5410928e-02  -3.0182253e-02  -5.7950787e-02  -5.8937004e-04   5.3108115e-04  -2.5881121e-04
   2.2131486e-03  -3.3833599e-02  -4.3107752e-02  -2.1493094e-04   2.2826522e-04   9.1069216e-05
   6.6406328e-03  -2.8088608e-02  -6.7876720e-02  -1.1575283e-03   7.5392604e-04   1.1761252e-04
  -3.8708440e-03  -7.6088082e-03  -8.3087569e-02  -1.0717898e-03  -1.3660237e-04   2.2552962e-04
   7.9855276e-04  -1.4003858e-02  -7.4621852e-02  -7.8580015e-04   3.4655932e-04   1.0071237e-04
  -4.6884786e-03  -2.8672194e-03  -5.8688030e-02  -3.3218044e-04   2.6940748e-04   1.8601384e-05
   2.8890104e-06  -1.7846027e-02  -3.9785799e-02   6.0028714e-04   3.9748050e-04  -1.0017369e-04
  -5.7577750e-03  -2.4082703e-02  -6.2779312e-02   1.1146210e-04  -3.9607677e-04   2.1626727e-04
  -4.6998311e-03  -2.2841902e-02  -3.1440083e-02   6.5867702e-04   1.8201486e-04   3.5092901e-05
   3.2423932e-03  -3.1226997e-02  -4.1844644e-02   3.2108015e-05  -1.2218128e-04  -4.2144416e-05
  -2.6382181e-03  -4.0772675e-02  -4.3287443e-02   3.7421195e-04  -5.1757836e-05  -1.7004297e-05
  -6.7886793e-03  -5.1241289e-02  -5.0234545e-02  -5.9465132e-04  -8.2447512e-05  -1.2031830e-04
  -6.8978006e-03  -4.3457735e-02  -6.1700173e-02  -5.6850553e-04   2.7698216e-04   1.6382712e-04
   5.6387068e-03  -5.4518149e-02  -4.4074979e-02  -7.1458288e-04   1.8829293e-05  -5.6245358e-04
  -2.4332827e-03  -3.8359028e-02  -7.0252570e-02  -1.1980971e-03   3.6988343e-04  -2.8353828e-04
   1.5850858e-03  -5.1353747e-02  -5.7039787e-02  -3.7915092e-04   6.9739644e-04  -2.2124304e-04
  -9.9906227e-03  -2.1185035e-02  -4.1281310e-02  -4.2732123e-04  -1.0701258e-04  -8.8045643e-05
  -6.2685209e-03  -2.1519176e-02  -7.7358357e-02  -6.2537258e-04   8.6769765e-05  -2.2164092e-04
  -2.0397543e-02  -3.1043921e-02  -4.3567895e-02  -6.3362859e-06  -6.8041852e-05  -7.7170837e-05
  -2.4915362e-02  -4.7258682e-02  -4.4056394e-02   4.2396543e-04   2.7278940e-04   2.4122501e-04
  -1.4657081e-02  -6.0779602e-02  -2.7288170e-02   3.6814750e-04   4.9616330e-05  -1.3428625e-04
  -2.8017125e-02  -4.4295580e-02  -2.6979004e-02   5.3798472e-04   1.2401952e-04  -1.2063742e-05
  -8.3349041e-03  -5.3114183e-02  -3.2539886e-02  -1.4468919e-05   1.6696043e-04  -2.4174601e-04
  -1.9482617e-02  -6.5773614e-02  -4.6112079e-02  -2.1101199e-04   4.4814082e-04  -2.0689886e-04
  -1.4442676e-02  -4.3271628e-02  -5.6135924e-02  -7.5391202e-04  -3.5516907e-04  -2.5291070e-04
  -1.9883387e-02  -7.6199141e-02  -4.9788696e-02  -6.1489593e-04  -4.6788327e-04  -4.3860429e-04
  -1.5819621e-02  -2.2973842e-02  -5.1869369e-02  -2.7160230e-04  -4.2928213e-04  -2.2981433e-04
  -3.8482648e-02  -3.9382295e-02  -5.4211559e-02   1.8292391e-05  -1.4293220e-04   3.9766649e-04
  -3.7676061e-02  -4.1757405e-02  -2.8563223e-02   3.8245772e-04  -1.5832313e-04   1.6354174e-05
  -3.3841910e-02  -3.7562283e-02  -4.2864060e-02  -7.1302464e-04   2.0679624e-04   2.6816715e-04
  -2.4742878e-02  -6.1388688e-02  -5.4487265e-02  -2.1743207e-05  -3.2228945e-04   5.7689961e-05
  -1.4112423e-02  -4.0321808e-02  -8.4973799e-02  -8.4010803e-04  -3.7675175e-04  -1.1396211e-04
  -3.4360915e-02  -4.5576066e-02  -7.7086781e-02  -4.4945434e-04  -4.4885801e-04  -2.3016870e-04
  -4.1593415e-02  -3.8765949e-02  -1.9880296e-02   7.3724177e-04  -2.5099658e-04   5.9512803e-04
  -4.8965945e-02  -6.1137096e-02  -2.0596510e-02   3.7193397e-04  -4.7845429e-04   1.4626826e-04
  -4.2220024e-02  -4.3400086e-02  -4.3899762e-02  -8.6884300e-04  -2.6897161e-04  -2.4751727e-04
  -5.0953627e-02  -5.2940827e-02  -5.5109524e-02  -1.1134651e-03  -3.3911994e-04  -3.4521793e-05
  -3.6415723e-02  -3.9400112e-02  -1.5328193e-02   6.2385738e-04   2.8060083e-04   1.1105186e-04
  -3.2911001e-02  -5.8056245e-02  -3.5770490e-02  -7.0235642e-04   2.0719658e-04  -1.8950522e-04
  -4.1131279e-02  -5.4184436e-02  -4.5079127e-02  -6.9142441e-04   2.3772045e-04  -1.6652044e-05
  -4.4357249e-02  -3.5071133e-02  -3.2818323e-02   2.7147521e-05  -1.4542028e-04   1.6701603e-04
  -4.9227637e-02  -1.9292610e-02  -1.8893140e-02   2.1607038e-04  -2.7534447e-04   3.5011472e-04
  -4.3237166e-02  -5.0878954e-02  -6.5089506e-03   4.9397440e-04  -9.8515544e-05   2.7940946e-04
  -4.7091459e-02  -7.7489882e-02  -2.6096010e-02  -2.8897463e-04  -1.2300036e-05  -1.2750405e-04
  -3.9683645e-02  -3.7866534e-02  -4.2150013e-02  -8.5740056e-04  -5.0209746e-05   8.7703140e-06
  -4.5091563e-02  -5.6004743e-02  -3.3667295e-02  -3.0539066e-04  -2.3286510e-04  -1.6760801e-04
  -6.3019366e-02  -4.8238742e-02  -2.4880492e-02  -2.6154927e-04  -8.6537523e-04   7.5285317e-05
  -5.3069962e-02  -8.2695228e-02  -1.9084185e-02  -3.5243488e-04  -8.7270240e-05  -1.0705907e-04
  -3.6594483e-02  -4.0309210e-02  -1.8348137e-02  -4.6723197e-04  -3.7071740e-04  -4.6101813e-04
  -5.1081799e-02  -5.2374028e-02  -1.4883467e-02  -3.9508792e-05  -6.3646837e-04  -3.4986156e-04
  -5.1268389e-02  -3.0684859e-02  -8.8813320e-03  -1.2969474e-04  -5.9955517e-04  -2.8757862e-04
  -5.6391066e-02  -5.9091115e-02   1.5787990e-02   3.8984805e-04  -4.3534866e-04   4.7715089e-05
  -6.3589706e-02  -6.2335790e-02   4.9746739e-02   6.7673416e-04  -2.5912183e-04   3.6767101e-04
  -4.1369250e-02  -7.3836745e-02   1.6401470e-02  -7.2813589e-04  -2.7321035e-04  -5.0920150e-04
  -4.6671727e-02  -5.6269506e-02   4.7638931e-03  -1.0409459e-03  -7.7866056e-04   8.5880801e-05
  -6.7096220e-02  -5.1422674e-02   3.3511355e-02   1.4226096e-04  -4.6602663e-04   1.1277602e-04
  -5.1108284e-02  -7.1721609e-02   4.5628469e-02   1.1353452e-04   7.9199383e-07  -6.2260490e-05
  -6.0213187e-02  -6.3866008e-02   4.9358446e-02  -3.3980743e-04  -1.0907995e-04  -5.3027565e-05
  -6.3518042e-02  -3.7360013e-02   5.3438209e-02   3.0710865e-04  -7.9948851e-04  -4.8198688e-04
  -7.1763289e-02  -5.9055205e-02   5.7841816e-02   8.3176907e-05  -3.2265367e-04   4.4521367e-04
  -6.6861005e-02  -5.4746829e-02   3.4529059e-02  -1.0355764e-03  -5.6103805e-04  -1.8008932e-04
  -4.9738098e-02  -4.1493428e-02   3.4888371e-02  -5.8633141e-04  -1.0204678e-04  -2.0131481e-04
  -8.0339657e-02  -4.0829027e-02   5.3127969e-02   5.0635552e-04  -6.8160541e-04   3.7706862e-04
  -7.7461811e-02  -6.9557575e-02   4.5434882e-02  -4.4647462e-04   1.3537487e-04   3.9567758e-04
  -6.7096198e-02  -5.3785360e-02   2.1488370e-02  -9.3754737e-04   4.8989277e-04   1.7058662e-05
  -7.8934270e-02  -1.6505487e-02   3.9645561e-02  -8.0449889e-04  -2.1686448e-04   2.3011343e-04
  -6.3416897e-02  -4.2020991e-02   6.1872061e-02   1.9587278e-04  -6.1475128e-04  -3.2479463e-04
  -7.2572939e-02  -4.1503065e-02   8.8022597e-02   6.3389377e-04   2.3163970e-04   4.1929563e-04
  -7.3489684e-02  -3.0028416e-02   8.7409012e-02  -2.7144769e-04  -1.0039012e-04   6.6851355e-05
  -5.6000721e-02  -2.3702645e-02   7.0902843e-02  -9.2274152e-04  -1.3575860e-04   2.0578430e-04
  -7.1079970e-02  -5.3000278e-02   7.7154898e-02  -2.2758026e-04  -4.3377019e-04  -4.3959162e-05
  -8.3262408e-02  -5.8030953e-02   8.8876511e-02  -6.1557604e-05   6.9545138e-05   4.4703180e-04
  -7.0823354e-02  -3.9446514e-02   7.6847766e-02  -4.3713242e-04  -1.6822191e-04   3.6762370e-04
  -7.7914670e-02  -4.1694383e-02   6.2012348e-02  -6.2076396e-04  -1.5058413e-04   2.6190454e-05
  -7.0361474e-02  -4.3165186e-02   1.0730527e-01   2.8478694e-04  -8.1937517e-04  -1.5316554e-05
  -8.3124027e-02  -5.2791865e-02   1.1087257e-01   3.0935231e-04  -8.2289129e-04   1.7948554e-04
  -7.3615933e-02  -5.8270969e-02   9.9647562e-02  -3.7250343e-04   1.7697098e-04  -6.4402360e-05
  -7.2485232e-02  -4.7943843e-02   1.0341754e-01  -3.6297786e-04  -3.5641768e-04   1.3916101e-04
  -6.3037897e-02  -3.3869450e-02   9.9575962e-02  -1.2281737e-03  -4.2427955e-04  -3.0411467e-04
  -7.2237680e-02  -3.0362775e-02   1.1329205e-01  -7.2198392e-04  -4.7107430e-04  -4.8452342e-05
  -7.4719820e-02  -1.8270532e-02   1.4358794e-01   5.1544643e-04  -3.6115283e-04  -1.2097361e-04
  -8.0605809e-02  -4.6492971e-02   1.5409231e-01   2.3124888e-04  -8.9177148e-05   3.9925825e-04
  -6.3964772e-02  -3.2092428e-02   1.2560162e-01  -1.1076889e-04   6.6443433e-06  -1.7237109e-04
  -8.0361565e-02  -2.0996203e-02   1.4027844e-01   1.1126284e-05  -5.3381941e-04  -5.2199685e-04
  -9.6925903e-02  -4.1512633e-02   1.5412801e-01  -4.1123082e-06  -1.9387937e-04   1.5469832e-04
  -6.0836013e-02  -3.4624456e-02   1.1637122e-01  -1.4518648e-03  -1.0583086e-04  -1.4442497e-04
  -8.0389122e-02  -5.6527363e-02   1.5903861e-01  -2.2590374e-04  -1.8534218e-04   2.5697567e-04
  -8.6895077e-02  -6.3401071e-02   1.5398621e-01  -1.3452181e-04   1.2687318e-04   3.2436410e-04
  -7.9515643e-02   1.2479876e-02   1.4117094e-01  -7.5832720e-04   8.9371232e-05  -8.6624354e-05
  -1.0811138e-01  -2.2984530e-02   1.7266697e-01   8.0223551e-04  -5.0078127e-04   6.1711062e-04
  -1.0449499e-01  -2.8975495e-02   1.6858673e-01  -3.4020155e-04   1.7703101e-04   2.8728865e-04
  -8.0311095e-02  -3.6270515e-02   1.1999795e-01  -1.8628022e-03  -1.3302258e-04   2.4340325e-05
  -8.2355650e-02  -2.5302812e-02   1.5506521e-01  -7.0640501e-04  -4.8429497e-04   9.3671159e-05
  -9.7979175e-02  -3.4936292e-02   1.6298342e-01  -8.1262520e-05   7.6826942e-05   3.4259791e-04
  -7.8520265e-02  -3.6745164e-02   1.6685596e-01  -1.0275575e-03  -2.5108505e-04  -3.7488392e-04
  -8.6612788e-02  -3.6527084e-02   1.6284898e-01  -9.0706305e-04   2.8971882e-04   2.2915218e-04
  -1.0561571e-01  -5.3761859e-03   1.7595485e-01  -7.4162481e-04  -1.6377159e-04   1.0904426e-04
  -9.4791667e-02  -2.7711874e-02   2.2315535e-01   8.9401447e-04  -6.5431458e-04   4.6419416e-04
  -9.3377077e-02  -2.4530207e-02   1.9359166e-01  -3.0904268e-04  -4.2320791e-04  -7.3452064e-05
  -9.7350594e-02  -3.9064594e-02   2.0749467e-01  -5.0483959e-04  -6.0777706e-05   2.5402830e-04
  -9.9754252e-02  -2.4480799e-02   1.9779472e-01  -1.3224517e-03   2.5729413e-04   3.3014087e-04
  -9.3494401e-02  -5.8147182e-02   2.4049563e-01   9.1820367e-05   9.6260250e-05   2.3779833e-04
  -1.0537321e-01  -5.6234905e-02   2.1889019e-01  -7.4455573e-04  -2.6631410e-04  -6.5781731e-05
  -8.7869690e-02  -2.2209934e-02   2.4380034e-01   3.1114422e-04  -2.6895530e-04   1.4696987e-04
  -1.0664435e-01  -2.9266319e-02   2.5301341e-01   3.6271369e-04  -5.5573595e-04   3.0165811e-04
  -9.6621887e-02  -5.0636043e-02   2.4999546e-01  -1.6226706e-04  -1.4820715e-04   1.6714779e-04
  -9.2825390e-02  -7.1045511e-03   2.4774842e-01  -7.0289948e-04  -1.5252204e-04  -2.8096597e-04
  -1.1558304e-01  -1.3303410e-02   2.5832474e-01   2.3875676e-04  -4.0384460e-04   4.6664817e-04
  -9.2356484e-02  -3.0977825e-02   2.6680304e-01  -5.8741453e-04  -9.3488586e-04  -4.3340266e-05
  -9.9574779e-02  -2.7550344e-02   2.7006791e-01  -5.8311676e-04  -3.2430621e-04   3.4258942e-04
  -1.0030510e-01  -1.2088750e-02   2.6322423e-01  -4.3500471e-04  -3.9600991e-04   2.0337756e-04
  -1.0685075e-01  -1.3429218e-02   2.9485220e-01   7.8163058e-04  -5.9481580e-04   1.8240891e-04
  -9.6602111e-02  -3.5385998e-02   2.7773776e-01  -8.6270568e-04  -2.3848730e-04   3.6275636e-04
  -1.0090293e-01  -1.8545655e-02   2.9141122e-01  -3.0713189e-04  -6.2039227e-04   1.6273889e-04
  -9.8171796e-02  -1.5751088e-02   2.9931267e-01  -3.7115160e-05  -4.5920508e-04   1.5650406e-05
  -1.0422458e-01  -1.8458702e-02   2.8054390e-01  -9.0764181e-04  -3.3574207e-04   3.4358683e-04
  -9.3967154e-02  -4.4024612e-03   3.0150585e-01  -3.2044035e-04  -7.3298569e-04  -3.4950067e-05
  -1.0392010e-01  -9.9547837e-03   3.1987873e-01   3.7950061e-04  -9.4986170e-04   1.8817147e-04
  -1.1843279e-01  -2.2287568e-02   3.2269139e-01  -2.9882999e-04  -6.6299445e-04   1.6249043e-04
  -9.8488851e-02  -4.4384346e-02   3.5047651e-01  -7.4737086e-05  -1.9356116e-04   1.5567806e-04
  -1.1167229e-01  -4.3596917e-03   3.4732471e-01  -5.8811024e-04  -5.9928733e-04   7.4567459e-05
  -1.1430179e-01  -2.2392054e-02   3.4677554e-01   1.6933220e-04  -3.0949338e-04   5.5805094e-04
  -1.2143243e-01  -3.5308984e-02   3.4097599e-01  -1.6773242e-05  -4.3236996e-04   3.0584151e-04
  -1.0993405e-01  -1.3742124e-02   3.5462305e-01  -3.7387787e-04  -3.9949518e-04  -4.9812597e-05
  -1.0162537e-01  -9.5251641e-04   3.5012021e-01  -5.6930101e-04  -2.6150753e-04   1.0912611e-04
  -1.2777078e-01   1.7320852e-03   3.9203162e-01   6.7729886e-04  -8.0541015e-04   4.8715661e-04
  -1.1886336e-01  -2.5666491e-03   3.7036599e-01   4.5362148e-05  -7.6790257e-04  -9.6180517e-05
  -1.2666613e-01  -9.5402288e-03   3.8439220e-01  -5.0561227e-04  -4.7205657e-04   3.0384423e-04
  -1.1056032e-01  -1.2023756e-02   3.6645568e-01  -1.2548831e-03  -5.5710431e-04   3.5958961e-04
  -1.1338185e-01  -2.0842406e-02   3.9254922e-01  -6.8343009e-04  -7.0042312e-04   1.6106888e-04
  -1.1124685e-01  -2.4949438e-02   3.8970816e-01  -7.2566618e-04  -1.5588858e-04  -6.4379155e-05
  -1.1867583e-01   1.5177681e-02   3.9181916e-01  -9.0695146e-04   3.3974656e-05   5.7781310e-04
  -1.2002198e-01  -2.4176892e-03   4.3272915e-01   6.4953861e-04   6.1118018e-05   3.7026453e-04
  -1.2777492e-01  -3.1100741e-02   4.2444992e-01  -2.7711270e-04  -1.5704247e-04   4.6940932e-04
  -1.2684606e-01  -1.0887565e-02   4.1990500e-01  -3.4938695e-04   5.3926936e-04   3.1916986e-04
  -1.0057099e-01  -4.8026223e-03   4.0328662e-01  -9.4143068e-04   4.9189589e-06   1.3539941e-04
  -1.1924028e-01  -1.3791677e-02   4.4019320e-01   1.7374104e-04  -3.7432275e-04   2.7004970e-04
  -1.1737203e-01  -1.1131528e-02   4.2990003e-01  -5.7132339e-04  -6.2310909e-05   4.0230939e-04
  -1.2282908e-01   2.4359248e-02   4.5386824e-01   4.8007652e-04  -1.5983717e-04   5.7435019e-04
  -1.1568031e-01   9.2922313e-03   4.9254600e-01   8.3770008e-04  -2.7199850e-04  -9.9318195e-05
  -1.2606525e-01  -5.9360658e-03   4.8559650e-01  -8.9921032e-05  -3.1619283e-04  -5.3814617e-07
  -1.2704612e-01  -6.0620235e-03   4.7872742e-01  -6.4878340e-04  -6.6804141e-05   1.6517399e-04
  -1.2090775e-01  -2.3249721e-02   4.5685687e-01  -4.7679700e-04   1.1895951e-04   5.9604351e-06
  -1.3327666e-01   8.8838614e-03   4.4471930e-01  -6.4895371e-04   1.4161677e-05   2.9933035e-04
  -1.2105696e-01  -3.6728748e-03   4.9946639e-01   4.4439050e-04  -9.6054888e-05   4.9415231e-04
  -1.2722000e-01  -1.0723080e-02   4.8532069e-01  -7.5812007e-04  -3.0273064e-04  -1.5143049e-04
  -1.2666367e-01   8.9557449e-03   5.0505749e-01  -2.7717633e-04   3.6950670e-05   4.5569283e-04
  -1.2547877e-01  -1.8227397e-02   4.8169606e-01  -1.9240869e-04  -8.4471555e-05   3.3129711e-04
  -1.2463550e-01  -2.6592046e-03   4.8590232e-01  -1.4322378e-03  -3.4011334e-04   2.3201789e-04
  -1.0787976e-01  -6.4258793e-03   5.4402881e-01   1.0926866e-03  -5.8849853e-04  -5.8221725e-05
  -1.1544853e-01  -1.4200002e-03   5.1569961e-01  -7.5589391e-04  -2.2257801e-04   1.0992429e-04
  -1.3186600e-01   6.8381111e-03   5.3363816e-01  -9.2247853e-04  -5.7705684e-04   4.1717393e-04
  -1.3117471e-01   1.4981215e-02   5.3786520e-01  -8.9758300e-05  -7.7156365e-04   4.6388957e-04
  -1.2467799e-01   1.8756309e-02   5.0944745e-01  -7.5654459e-04  -1.6714861e-04   1.1472726e-04
  -1.2931046e-01   2.1958170e-02   5.3311658e-01   6.3019521e-05  -4.3511235e-04   3.5689435e-04
  -1.4262224e-01   2.7372745e-02   5.4811534e-01  -1.2976594e-04   9.5172905e-05   5.3182176e-04
  -1.1748838e-01   1.0709778e-02   5.2911899e-01  -8.6723189e-04  -1.3950938e-04  -1.3236474e-04
  -1.2182312e-01   7.8031393e-03   5.5208779e-01  -8.2662448e-04   3.7747440e-05   6.7581000e-05
  -1.3376174e-01   3.5504709e-02   5.6515008e-01   2.3190869e-04  -4.9605263e-04  -3.2556187e-05
  -1.2161659e-01   3.1423593e-02   5.7289343e-01   4.3149007e-04  -3.9508680e-04   4.0499453e-05
  -1.3996476e-01   2.9892205e-02   5.7670140e-01  -4.4618913e-04  -2.0467931e-04   1.4628841e-04
  -1.2461281e-01   3.2338439e-02   5.8846810e-01  -4.4796735e-05  -4.0049128e-04   1.3141525e-04
  -1.2621479e-01   2.9893422e-02   5.7452548e-01  -3.2932472e-04  -4.0214283e-04   7.8302122e-05
  -1.3444128e-01   1.5385509e-02   6.1713953e-01   6.7470744e-04  -2.6423242e-04   5.2698480e-04
  -1.4383676e-01   6.1334338e-03   5.8356671e-01  -7.8374488e-04  -4.0909156e-04   4.5287397e-04
  -1.3214784e-01   1.8995955e-02   5.6997550e-01  -9.4194849e-04  -1.9822457e-05   3.8812829e-04
  -1.4870331e-01   3.3242529e-02   6.1020901e-01   4.1790483e-05  -4.7945660e-04   8.4301088e-04
  -1.3817917e-01   4.1762979e-02   6.2722066e-01   9.6553558e-04  -5.0462424e-04   3.3176174e-04
  -1.1868114e-01   2.5419320e-02   6.5089579e-01   4.5550625e-04  -6.2957737e-05   1.4061462e-04
  -1.4116268e-01   3.9565722e-02   6.4154209e-01  -1.6377500e-04  -1.0426103e-04   2.5973176e-04
  -1.2039271e-01   1.9047296e-02   6.4543988e-01  -6.1236087e-04  -2.2097168e-04   9.8801197e-05
  -1.4299160e-01   3.3628732e-02   6.6444807e-01   6.6775065e-04  -5.5421574e-04   3.3518765e-04
  -1.4354373e-01   4.9315915e-02   6.6590544e-01  -3.3711325e-04  -3.9538707e-04   1.7845624e-04
  -1.3447171e-01   1.2315199e-02   6.7442122e-01  -3.1816279e-04  -1.0370213e-04   7.2660853e-04
  -1.3824415e-01   4.1769164e-02   6.5746236e-01  -9.4731859e-04  -6.0442084e-05   3.2078590e-04
  -1.4015053e-01   3.0285542e-02   7.0054686e-01   6.6423495e-04  -1.4911283e-04   1.5723663e-04
  -1.3952651e-01   2.7838193e-02   6.9623038e-01  -7.4835169e-04  -3.3045173e-04   3.6416786e-04
  -1.4147041e-01   3.3912349e-02   6.9881608e-01  -2.6365674e-04  -3.8443505e-05   2.7239788e-04
  -1.4391725e-01   5.3790833e-02   7.0629591e-01  -3.7309289e-04  -4.9091293e-04   3.9697519e-04
  -1.4084849e-01   4.2923956e-02   7.4667512e-01   7.9506638e-04  -3.7947545e-04   5.9767502e-04
  -1.3091250e-01   5.6225830e-02   7.3262853e-01  -4.4972737e-04  -3.8464728e-04   2.8346218e-04
  -1.3713408e-01   2.8060749e-02   7.2000840e-01  -3.6718162e-04  -1.8723350e-04   1.7437697e-04
  -1.5016456e-01   6.0709288e-02   7.4504638e-01   6.8565410e-04  -4.4053411e-04   4.1252556e-04
  -1.6430839e-01   4.0331475e-02   7.7066365e-01   7.8478667e-04  -3.3093442e-04   5.9117176e-04
  -1.2914020e-01   4.5277091e-02   7.2147702e-01  -1.3911084e-03  -3.0651889e-05   1.0107722e-04
  -1.2910357e-01   3.5980712e-02   7.5472294e-01  -2.1184825e-04  -9.8999999e-05  -2.8652421e-04
  -1.4275409e-01   7.1582430e-02   7.9045768e-01   6.5773819e-04  -9.8025020e-04   2.0834864e-04
  -1.3793201e-01   7.5758298e-02   7.9486545e-01  -1.6899914e-04  -3.5377125e-04   2.7896114e-04
  -1.5481443e-01   5.2051925e-02   8.0957146e-01   4.0236186e-04  -6.9216756e-04   3.7076059e-04
  -1.6007250e-01   5.3625233e-02   7.9133284e-01   8.2855957e-04  -6.6336917e-04   7.3041478e-04
  -1.4936924e-01   4.1123660e-02   7.9332443e-01  -3.5069277e-04  -4.4989535e-04   1.7971165e-04
  -1.5498994e-01   5.3191621e-02   8.1212842e-01  -2.6350088e-04  -8.8021761e-04   1.8878972e-04
  -1.5191190e-01   5.0178680e-02   7.9551621e-01  -4.7803332e-04  -7.0723601e-04   3.2308901e-04
  -1.5681899e-01   6.9239506e-02   8.3204655e-01   6.7391323e-04  -1.0191513e-04   8.0367627e-04
  -1.6075535e-01   5.3176774e-02   8.2972331e-01  -6.0288329e-04  -6.2563957e-05   5.3781619e-05
  -1.4470217e-01   4.8864492e-02   8.3171975e-01   5.2251156e-05  -2.2586023e-04   8.5957349e-05
  -1.4685698e-01   2.6186202e-02   8.6224755e-01   8.3415464e-04  -6.5086124e-04   2.3949327e-04
  -1.4334503e-01   6.2582788e-02   8.5469390e-01  -3.6556073e-04  -5.4241511e-04   1.8638994e-05
  -1.5119872e-01   4.0489774e-02   8.5047855e-01   1.3717280e-04  -4.0403621e-04   1.2467327e-04
  -1.5733743e-01   7.2405860e-02   8.4113859e-01   3.3101776e-04  -5.3764064e-04   7.4959243e-04
  -1.4727805e-01   4.9111465e-02   8.7999341e-01   4.5333466e-04  -1.6830322e-04   3.4965137e-04
  -1.5015418e-01   5.5863959e-02   8.6329253e-01  -7.9715762e-05  -7.2971238e-04   2.2812505e-04
  -1.4597467e-01   6.3947960e-02   8.8784188e-01   2.8593477e-04  -5.0248196e-04   2.4653400e-04
  -1.5580346e-01   7.7852127e-02   8.9994744e-01  -2.0476877e-04  -1.1077804e-03  -6.9143581e-06
  -1.6355678e-01   7.6988403e-02   9.0120959e-01  -3.0774468e-04  -6.8853404e-04   4.3208553e-04
  -1.4425345e-01   6.8989057e-02   9.1469040e-01   2.7555296e-04  -3.2653227e-04  -9.5975263e-05
  -1.6665265e-01   7.0047890e-02   9.3318178e-01   5.8614640e-04  -8.9215682e-04   5.0204338e-04
  -1.5008001e-01   5.8117407e-02   9.4333078e-01   2.9389141e-04  -2.5171536e-04   6.9314534e-05
  -1.4914444e-01   8.2859121e-02   9.3683470e-01   9.4870453e-05  -1.8939151e-04   2.7971922e-04
  -1.5003239e-01   7.7939467e-02   9.3151213e-01  -1.2493190e-04  -8.1802608e-04  -5.3230746e-05
  -1.7080276e-01   7.6931180e-02   9.7048634e-01   5.9331950e-04  -2.1579720e-04   1.3324980e-04
  -1.5708562e-01   6.5624654e-02   9.5181082e-01  -5.2871395e-04  -6.7307594e-04   1.0293689e-04
  -1.6558034e-01   8.7336649e-02   9.6094681e-01  -1.8448829e-04  -9.0834318e-04   3.7245969e-04
  -1.5847152e-01   7.6867670e-02   1.0015886e+00   8.0302679e-04  -6.4884703e-04   1.2165116e-04
  -1.5951865e-01   8.9232457e-02   9.7133496e-01  -3.8195596e-04  -3.0258944e-04   3.2116817e-04
  -1.5633174e-01   7.4837109e-02   9.6867855e-01  -4.6695296e-04  -5.6789945e-04   2.6179857e-04
  -1.7180778e-01   8.7473819e-02   1.0195435e+00   7.6070994e-04  -4.0687188e-04   3.5950369e-04
  -1.7162975e-01   8.0972160e-02   1.0130449e+00  -4.7970279e-04  -4.3589057e-04   4.9674810e-04
  -1.6985573e-01   8.5555473e-02   1.0166323e+00   2.6622603e-04  -3.2372692e-04   4.1208034e-04
  -1.6554964e-01   9.0222328e-02   1.0342115e+00   4.6575281e-04  -3.9935321e-04   4.8747080e-04
  -1.7605819e-01   1.0025773e-01   1.0256355e+00  -4.3188610e-04  -3.4727013e-04   4.2056571e-04
  -1.4292738e-01   9.5946927e-02   1.0532706e+00   1.1665778e-03  -4.5667667e-04   1.6775215e-04
  -1.5054408e-01   8.5162383e-02   1.0634316e+00   3.0391655e-04  -6.3508767e-04   3.0762599e-05
  -1.5380416e-01   8.8822950e-02   1.0252406e+00  -5.7243019e-04  -9.4819515e-04   4.0049340e-04
  -1.6701979e-01   7.6385840e-02   1.0780178e+00   1.1147779e-03  -8.4099483e-04   2.2784710e-04
  -1.3317969e-01   9.9544379e-02   1.0794924e+00  -2.5941411e-04  -2.3735060e-04  -4.6766811e-04
  -1.5871304e-01   1.0113493e-01   1.0516201e+00  -3.2809019e-06  -4.8245507e-04  -7.2148107e-05
  -1.5642096e-01   7.9876759e-02   1.0917636e+00   1.8095139e-05  -8.4796461e-04   2.5005616e-05
  -1.6083507e-01   7.0471451e-02   1.0709888e+00  -5.0050939e-04  -7.5382584e-04   5.5204427e-04
  -1.6470053e-01   9.6813831e-02   1.1146929e+00   9.2404030e-04  -1.0458324e-03   2.8954277e-04
  -1.5423537e-01   8.7375070e-02   1.1011572e+00  -2.4365743e-04  -4.2469963e-04  -2.0453794e-04
  -1.6552945e-01   9.7067676e-02   1.0824588e+00  -5.0188604e-04  -5.2946548e-04   5.5207895e-04
  -1.7293198e-01   8.8669600e-02   1.1304147e+00   7.4986397e-04  -7.7097010e-04   5.6180778e-04
  -1.4450809e-01   6.7910600e-02   1.1085256e+00  -1.1685992e-04  -3.7100833e-04  -9.9583812e-07
  -1.5043446e-01   9.0233428e-02   1.1345276e+00   9.6332471e-04  -6.6833422e-04  -2.3947941e-05
  -1.6100074e-01   9.4546837e-02   1.1348250e+00  -3.2538733e-04  -5.6379047e-04   4.0733342e-04
  -1.8035901e-01   8.5670564e-02   1.1429616e+00  -2.0980246e-04  -1.5596709e-03   3.4481001e-04
  -1.8056192e-01   9.3469894e-02   1.1679784e+00   5.0266177e-04  -7.4199103e-04   4.7435910e-04
  -1.5324723e-01   7.8023635e-02   1.1235211e+00  -1.3218759e-03  -2.4950502e-04  -3.8333318e-04
  -1.7308307e-01   1.0484184e-01   1.1970136e+00   1.7704440e-03  -7.1046429e-04   2.2716088e-04
  -1.6255312e-01   8.4914982e-02   1.1872304e+00   2.3619554e-04  -9.8768327e-04   1.5142329e-04
  -1.5889464e-01   8.6287114e-02   1.1628680e+00  -5.8492897e-04  -9.0640357e-04   5.1206896e-05
  -1.6960316e-01   7.5716544e-02   1.2016067e+00   5.5096650e-04  -4.5551482e-04  -3.0946804e-04
  -1.5513638e-01   1.2199518e-01   1.1574794e+00  -5.6663121e-04  -1.0391902e-03   1.1669155e-04
  -1.7942276e-01   1.0381466e-01   1.2112438e+00   7.0780923e-04  -9.9825180e-04   4.3745279e-04
  -1.7533896e-01   8.5442483e-02   1.1944916e+00  -5.6173965e-04  -6.6080693e-04   1.1780871e-04
  -1.6322530e-01   1.1738485e-01   1.2390143e+00   1.6658967e-03  -7.4350806e-04   2.1664028e-04
  -1.6710126e-01   9.8115626e-02   1.1995282e+00  -9.6088890e-04  -6.1370994e-04  -1.5530024e-05
  -1.7170454e-01   1.1354537e-01   1.2746479e+00   1.9833205e-03  -7.3475653e-04   9.9065710e-04
  -1.5371539e-01   9.9712158e-02   1.1955099e+00  -1.5240791e-03  -1.2477417e-03  -1.2910473e-04
  -1.7114777e-01   9.9427335e-02   1.1691326e+00  -2.5926009e-03  -7.1530708e-04   3.2861765e-04
  -1.6955363e-01   8.9083005e-02   1.1853426e+00  -2.2143071e-03  -5.7252931e-04   5.4483629e-04
  -1.7724145e-01   7.9804854e-02   1.2115570e+00  -9.8875775e-04  -8.7573454e-04   6.7731765e-04
  -1.6828454e-01   8.1905781e-02   1.2358762e+00   4.1279113e-04  -4.3505619e-04   5.1915129e-04
  -1.8234443e-01   3.8928389e-02   1.2389846e+00  -7.8505672e-04  -3.8693952e-04   1.0511275e-03
  -1.6700067e-01   4.8370838e-02   1.2070138e+00  -2.6230892e-03  -3.3543279e-04   1.4830985e-04
  -1.7119655e-01   9.6236425e-02   1.2062221e+00  -9.3345111e-04  -2.7413922e-04   6.3257205e-04
  -1.7754939e-01   4.3006088e-02   1.2905017e+00   3.6457086e-03  -3.2729286e-04   1.3113020e-03
  -1.5744810e-01   9.5291940e-03   1.2321763e+00   2.9213415e-05   2.9748687e-04   5.7903116e-04
  -1.5373489e-01   8.8999905e-02   1.2476030e+00   2.1591177e-03  -2.1029762e-04   4.4015107e-04
  -1.5175531e-01   4.9038229e-02   1.2598393e+00   2.1957832e-03   1.9873010e-04   4.7515833e-04
  -1.4474658e-01   6.2626883e-02   1.2105164e+00   2.9983363e-04  -3.7474173e-05   2.1414187e-04
  -1.4088316e-01   7.0964312e-02   1.2603211e+00   1.6915832e-03   5.6463894e-05   1.7239438e-04
  -1.5019703e-01   4.5487394e-02   1.2141121e+00  -1.8055022e-04   6.6703564e-04   5.4129925e-04
  -1.4968830e-01   1.4433948e-02   1.2565570e+00   1.2074999e-03   6.5928334e-04   8.9323885e-04
  -1.4049780e-01   5.2743242e-02   1.2422935e+00   2.5574173e-04   1.0207380e-03   7.3649825e-04
  -1.6790871e-01  -1.0447547e-02   1.2873635e+00  -5.3450605e-04   9.1943285e-04   4.5672190e-04
  -1.5883595e-01   2.6238916e-03   1.3244078e+00   8.8222928e-04  -7.1423118e-06   7.3081314e-04
  -1.7372822e-01  -4.1067188e-03   1.3598486e+00  -1.5085266e-04   9.3631836e-04   9.0283707e-04
  -1.7392282e-01   2.7954488e-02   1.3818555e+00  -7.2367654e-05   7.6733159e-04   1.1294342e-03
  -1.7427695e-01   3.2978695e-02   1.3910764e+00  -1.6690146e-04   3.8335669e-04   1.3696384e-03
  -1.6301959e-01   3.5908944e-02   1.4240974e+00  -1.8186564e-04   8.1003453e-04   5.7272934e-04
  -1.6897299e-01   2.8100945e-02   1.4493917e+00  -1.1672690e-04   6.0193159e-04   5.7148873e-04
  -1.7877696e-01   3.8560664e-02   1.4604372e+00  -7.9267925e-05   7.7030026e-04   7.8705819e-04
  -1.6669894e-01   4.7525609e-02   1.4806080e+00   1.1554204e-04   3.8666219e-04   7.6982329e-04
  -1.6209969e-01   4.0553356e-02   1.4532633e+00  -7.3440521e-04   9.9297721e-04   8.1069980e-04
  -1.8429812e-01   4.2421445e-02   1.4853623e+00  -1.2126644e-04   6.6954184e-04   1.1408564e-03
  -1.5992956e-01   3.4047126e-02   1.4944361e+00  -6.5589604e-04   6.5160255e-04   4.6573991e-04
  -1.8357407e-01   3.2481859e-02   1.5014270e+00  -1.2337687e-03   2.4564750e-04   8.3995198e-04
  -1.6794525e-01   4.7865834e-02   1.5030681e+00  -8.4489660e-04   6.5906849e-04   5.6696787e-04
  -1.5998441e-01   3.7864322e-02   1.5248652e+00  -9.6189638e-04   6.8659583e-04   6.5107517e-04
  -1.6805300e-01   4.5881208e-02   1.5269727e+00  -7.3168913e-04   9.2480652e-04   8.8535248e-04
  -1.5841427e-01   2.2033668e-02   1.5540637e+00  -6.5817793e-04   8.6713819e-04   4.8751060e-04
  -1.5878863e-01   5.4538302e-02   1.5685479e+00  -8.9895342e-04   8.5082655e-04   5.2082734e-04
  -1.5863077e-01   2.8618594e-02   1.5721088e+00  -7.7232141e-04   1.0223022e-03   8.3793960e-04
  -1.7176275e-01   4.5730949e-02   1.5856073e+00  -1.0615458e-03   7.0376632e-04   8.4000393e-04
  -1.6548663e-01   2.1950689e-02   1.5824803e+00  -1.6242717e-03   1.4096149e-03   5.8168955e-04
  -1.6902158e-01   3.9398514e-02   1.6078989e+00  -1.3587095e-03   1.1305761e-03   1.0184720e-03
  -1.6577569e-01   4.1834548e-02   1.6288387e+00  -1.0467707e-03   1.2031761e-03   8.6996576e-04
  -1.6319187e-01   5.9589431e-02   1.6348907e+00  -1.1282854e-03   1.3414629e-03   6.3391351e-04
  -1.5357907e-01   3.5335217e-02   1.6585721e+00  -1.3475213e-03   1.0860317e-03   5.1499253e-04
  -1.6620815e-01   3.7689996e-02   1.6542166e+00  -1.2326769e-03   1.3786827e-03   9.5954888e-04
  -1.6241674e-01   5.1014315e-02   1.6461320e+00  -1.9676116e-03   1.2274140e-03   7.1420308e-04
  -1.6184639e-01   4.8651463e-02   1.6818868e+00  -1.3909004e-03   1.1013408e-03   6.6394937e-04
  -1.8126542e-01   3.8920111e-02   1.7105758e+00  -1.1390047e-03   6.5047575e-04   1.2165422e-03
  -1.5741344e-01   3.0992053e-02   1.7126117e+00  -1.5872042e-03   8.5843790e-04   7.0069012e-04
  -1.9009020e-01   2.6795793e-02   1.7002907e+00  -1.4918178e-03   9.0177877e-04   1.2885717e-03
  -1.6606333e-01   3.6197968e-02   1.6807470e+00  -1.8675765e-03   8.3058279e-04   4.6425784e-04
  -1.6552307e-01   3.8299451e-02   1.6914212e+00  -1.3189964e-03   4.9482006e-04   7.2361036e-04
  -2.0488693e-01  -9.6584740e-03   1.5952727e+00  -2.3179459e-03   4.8163293e-04   1.2078193e-03
  -2.0448079e-01   3.1882226e-02   1.6175440e+00  -1.0709387e-03   6.1426356e-04   1.0515743e-03
  -2.1675638e-01   1.2956561e-02   1.6436379e+00  -7.0159829e-04   3.1731313e-04   9.7548027e-04
  -2.0961740e-01   1.2718844e-02   1.6560756e+00  -1.1273018e-03   4.3560731e-04   1.2089982e-03
  -2.1054072e-01   1.1597917e-02   1.6750080e+00  -1.1062346e-03   1.2854957e-04   1.0719294e-03
  -2.1488249e-01   1.7537104e-02   1.6679310e+00  -1.2291517e-03   9.9684792e-05   1.1776395e-03
  -2.0803624e-01   1.2044842e-02   1.7143527e+00  -6.4166391e-04   4.8329680e-04   1.5449374e-03
  -2.3543955e-01   1.5298363e-02   1.7030177e+00  -7.0614457e-04   2.5010003e-04   1.4279173e-03
  -2.2770592e-01   1.4446341e-02   1.6983410e+00  -1.4411898e-03   8.3692129e-04   1.7614293e-03
  -2.2420289e-01   2.2758940e-02   1.6981284e+00  -1.2437190e-03   7.1994649e-04   1.5062730e-03
  -2.3549580e-01   2.7474193e-02   1.7174941e+00  -1.2195265e-03   7.7428219e-04   1.7701197e-03
  -2.1548516e-01   5.2270839e-03   1.7243958e+00  -1.1723856e-03   5.1443395e-04   1.5546391e-03
  -2.0709513e-01   1.5227618e-02   1.7170473e+00  -1.3910539e-03   9.7995135e-04   1.5039648e-03
  -2.1885122e-01   1.4231618e-02   1.7191423e+00  -1.4507260e-03   1.1100006e-03   1.3769529e-03
  -1.9904378e-01  -3.4576506e-03   1.7050204e+00  -1.4694084e-03   8.3550598e-04   1.1210843e-03
  -2.3700072e-01  -4.0696553e-03   1.7339470e+00  -1.1606812e-03   5.4131661e-04   1.5759613e-03
  -2.0991919e-01   1.1950512e-03   1.7262463e+00  -1.4783485e-03   1.1107180e-03   9.7848992e-04
  -2.0855150e-01   4.6113279e-03   1.7304430e+00  -1.9355585e-03   1.0780996e-03   9.5491030e-04
  -2.1265157e-01   4.6772679e-03   1.7556846e+00  -1.7153932e-03   1.6557844e-03   1.4303527e-03
  -2.0214522e-01   1.6691551e-02   1.7647652e+00  -1.5032509e-03   1.8094697e-03   1.1130970e-03
  -2.2930656e-01   9.4825264e-03   1.7874171e+00  -1.1084945e-03   4.6875547e-04   1.0897631e-03
  -2.2779308e-01   1.1034197e-02   1.7744675e+00  -8.9255403e-04   7.7311603e-04   1.0773851e-03
  -2.2348421e-01   2.7186021e-02   1.7654910e+00  -1.5931193e-03   8.1492994e-04   1.5414722e-03
  -2.1334607e-01  -3.6242151e-03   1.7824199e+00  -1.4868301e-03   8.7235349e-04   1.4510586e-03
  -2.2019168e-01   4.5207734e-03   1.7685208e+00  -1.4895489e-03   9.5881896e-04   1.2605793e-03
  -2.0170140e-01   3.0979576e-02   1.7870641e+00  -1.6166127e-03   1.2637617e-03   7.7244352e-04
  -2.0046844e-01   1.7698391e-02   1.7848440e+00  -1.6752313e-03   1.4191867e-03   1.1016495e-03
  -2.2958961e-01   1.9667682e-02   1.8232609e+00  -1.3685087e-03   5.4827551e-04   1.5007234e-03
  -2.2300318e-01   2.3136478e-02   1.8139117e+00  -9.8057626e-04   7.5381331e-04   1.4594365e-03
  -2.1710102e-01   2.6476187e-02   1.8251916e+00  -1.2774056e-03   1.0467746e-03   1.3254848e-03
  -2.2336915e-01  -2.4433550e-03   1.7360979e+00  -3.3094138e-03   9.9572092e-04   9.9893564e-04
  -2.1467490e-01   1.6056098e-02   1.7679666e+00  -7.6540935e-04   1.7355477e-03   9.5131615e-04
  -2.2961724e-01   1.6667491e-02   1.8058744e+00  -1.0712773e-03   8.4806803e-04   1.2517962e-03
  -2.1590495e-01   1.3487959e-02   1.8265320e+00  -5.5506627e-04   7.1586370e-04   9.7642546e-04
  -2.2420876e-01   6.3264053e-03   1.8003487e+00  -1.5431630e-03   8.5153947e-04   1.2207478e-03
  -2.4155098e-01   2.2819256e-02   1.8417923e+00  -1.1307826e-03   6.5098512e-04   1.4532893e-03
  -2.2842581e-01   4.3577240e-02   1.8303878e+00  -1.6183280e-03   2.3722055e-04   6.5340066e-04
  -2.0749023e-01   5.1173177e-02   1.8555224e+00  -8.3003581e-04   4.5402175e-04   2.6531822e-04
  -2.1754704e-01   3.7270225e-02   1.8373972e+00  -1.3355812e-03   8.1480805e-04   1.0678967e-03
  -2.1254709e-01   5.8105109e-03   1.8433234e+00  -1.8845950e-03   9.5618116e-04   1.1752501e-03
  -2.2316987e-01   4.8993468e-02   1.8616102e+00  -1.3172539e-03   1.0468084e-03   8.9559749e-04
  -2.2285206e-01   2.8334904e-02   1.8822761e+00  -8.0226804e-04   4.0946521e-04   8.3909456e-04
  -2.3131259e-01   3.8210259e-02   1.8845390e+00  -1.0719012e-03   9.6349398e-04   1.1009704e-03
  -2.3073377e-01   4.2053326e-02   1.9017018e+00  -1.2566957e-03   1.2190368e-04   8.3261347e-04
  -2.3023012e-01   4.0892187e-02   1.9193574e+00  -1.1966778e-03   1.6987783e-04   8.0945874e-04
  -2.3271526e-01   2.7084445e-02   1.9261843e+00  -8.0793107e-04   2.8885650e-04   1.0858833e-03
  -2.1716285e-01   3.7829832e-02   1.9289369e+00  -1.8441372e-03   4.3411433e-04   5.9567266e-04
  -2.0862473e-01   3.9451430e-02   1.9499794e+00  -1.0222472e-03   6.7758908e-04   8.0272707e-04
  -2.3411215e-01   3.5775179e-02   1.9543322e+00  -5.3302026e-04   1.6277783e-04   1.0440358e-03
  -2.3008486e-01   4.2758944e-02   1.9455916e+00  -1.8332999e-03   5.9126052e-04   8.6213217e-04
  -2.2625206e-01   3.9982171e-02   1.9496937e+00  -1.6113948e-03   2.9562160e-04   9.1041910e-04
  -2.4907116e-01   3.5394325e-02   1.9869903e+00  -1.0933717e-03   2.6513002e-04   1.1079010e-03
  -2.2581866e-01   6.8639374e-02   1.9898427e+00  -1.3596198e-03   5.4955848e-04   9.1593724e-04
  -2.2116871e-01   5.8814713e-02   1.9858442e+00  -1.3224829e-03   6.4368936e-04   4.0127569e-04
  -2.5028264e-01  -5.9693205e-03   1.9443779e+00  -1.9551878e-03   6.3492640e-04   1.4383939e-03
  -2.5444226e-01   4.8823870e-02   1.9387448e+00  -1.2902013e-03   2.9347602e-04   1.2960534e-03
  -2.3575226e-01   5.3955262e-02   1.9467333e+00  -1.5906456e-03   3.3162590e-04   2.8713989e-04
  -2.3566832e-01   5.0768154e-02   1.9922815e+00  -7.3487049e-04   1.0012222e-04   6.8691196e-04
  -2.3357989e-01   3.3792540e-02   1.9644950e+00  -1.7138970e-03  -1.7295366e-04   7.3016462e-04
  -2.4324939e-01   2.6681198e-02   1.9884417e+00  -1.3980345e-03  -9.6365727e-05   9.1453090e-04
  -2.4516163e-01   5.0701023e-02   1.9866793e+00  -1.4148350e-03  -1.8887136e-04   1.0577999e-03
  -2.5309684e-01   4.9031443e-02   1.9951070e+00  -1.6781249e-03  -1.2066435e-03   4.4951162e-04
  -2.3086100e-01   5.4588994e-02   2.0241919e+00  -1.0710498e-03  -8.7596906e-04   7.9321200e-05
  -2.1830865e-01   2.9555911e-02   2.0153660e+00  -1.3253862e-03  -7.1577009e-05   4.2298026e-05
  -2.4482523e-01   2.4764499e-02   2.0315528e+00  -7.4119469e-04  -2.3975978e-04   6.6057763e-04
  -2.3236369e-01   4.9131173e-02   2.0421143e+00  -1.5718259e-03  -4.8879130e-04   2.8259006e-04
  -2.3155433e-01   2.8168584e-02   2.0302795e+00  -1.8474111e-03   5.9114437e-05   5.4258156e-04
  -2.5243370e-01   5.3984286e-02   2.0630564e+00  -1.3470693e-03  -2.9156794e-04   1.0325140e-03
  -2.6175963e-01   4.7955261e-02   2.0730469e+00  -1.9811665e-03  -7.7660303e-04   8.7148599e-04
  -2.5922612e-01  -6.5585424e-03   1.9141872e+00  -2.7325976e-03  -8.2125578e-04   3.7552340e-04
  -2.4180221e-01  -2.4134407e-02   1.9104780e+00  -1.4065146e-03  -1.6568897e-03  -2.9462058e-04
  -2.4425799e-01  -3.7032148e-02   1.8907353e+00  -1.2609587e-03  -1.7358087e-03   1.7569820e-04
  -2.6582080e-01  -1.7807849e-02   1.9312327e+00  -1.0025329e-03  -1.4606291e-03   3.7640335e-04
  -2.5261135e-01  -3.3216515e-02   1.9571846e+00  -6.8828249e-04  -1.1613216e-03   2.1793666e-04
  -2.6089255e-01  -1.2275532e-02   1.9487679e+00  -1.0365527e-03  -1.5229979e-03   1.6158473e-04
  -2.3397676e-01  -5.1762438e-02   1.9293158e+00  -2.6158432e-03  -2.4600193e-04  -9.0407604e-04
  -2.7059637e-01  -1.1664224e-02   1.9316295e+00  -6.4493030e-04  -1.5222104e-03   8.8794108e-04
  -2.7568366e-01  -2.1880466e-02   1.9650883e+00  -7.3915523e-04  -1.8882203e-03   4.9747533e-04
  -2.6261903e-01  -6.7918451e-03   1.9783177e+00  -1.2121496e-03  -1.5105465e-03   7.3419047e-04
  -2.6391308e-01   5.9201592e-04   2.0097601e+00  -8.9107382e-04  -1.4940906e-03   1.9015069e-04
  -2.5744171e-01  -2.4971911e-02   2.0048910e+00  -1.0017204e-03  -1.2931420e-03  -2.9805989e-05
  -2.3092230e-01  -4.6671323e-03   2.0143796e+00  -1.8222199e-03  -1.4522270e-03  -7.3611170e-04
  -2.4887297e-01  -2.9391676e-02   2.0003745e+00  -2.3441238e-03  -1.7963124e-03  -5.7621003e-04
  -2.4469722e-01  -3.4873124e-02   1.6772000e+00  -7.4847781e-03  -1.0934702e-03  -1.0857770e-03
  -2.9143920e-01  -1.4819985e-01   1.6645112e+00   2.1081381e-03   3.8068486e-04  -2.6292259e-04
  -2.6999073e-01  -1.2181301e-01   1.7866528e+00   1.6045643e-03  -2.3796599e-04  -6.6757372e-04
  -2.7222470e-01  -9.4164664e-02   1.7903616e+00   7.1867271e-04  -6.3142237e-04  -6.7050055e-04
  -2.7240182e-01  -6.9648371e-02   1.7944035e+00   7.4693607e-05  -1.0047983e-03  -4.6033294e-04
  -2.8346576e-01  -1.0098591e-01   1.8144676e+00   1.7603322e-04  -1.2163597e-03  -1.0454075e-03
  -2.6695357e-01  -7.2522223e-02   1.8251926e+00  -1.2443723e-04  -1.2661323e-03  -8.8644096e-04
  -2.8296905e-01  -1.1909071e-01   1.8321197e+00  -5.5816111e-05  -1.2217328e-03  -2.8591384e-04
  -2.6018114e-01  -7.0817406e-02   1.8313918e+00  -2.4737662e-04  -1.0567084e-03  -1.1825035e-03
  -2.8288221e-01  -9.1178229e-02   1.8458570e+00   9.2733682e-05  -6.9511215e-04  -8.5955029e-04
  -2.8072283e-01  -1.0082724e-01   1.8609066e+00  -7.5596087e-04  -1.2905367e-03  -9.2363449e-04
  -3.0398608e-01  -1.5435546e-01   1.9235278e+00  -3.4806611e-03   2.7244812e-03  -6.7338385e-04
  -2.6100304e-01  -1.1123713e-01   1.9469744e+00   1.0453107e-04   2.0563693e-05  -9.5814047e-04
  -3.0167054e-01  -1.2531274e-01   1.6737429e+00  -2.4609881e-03   1.3271437e-03  -9.4699026e-04
  -2.8644788e-01  -1.3102461e-01   1.8881979e+00   6.6102150e-04  -3.6390255e-04  -1.1466216e-03
  -3.6597585e-01  -2.1369016e-01   1.7224385e+00   6.1441697e-03   1.8696269e-04   6.0970776e-05
  -2.8990484e-01  -1.0401313e-01   1.5600466e+00  -4.6352533e-03   1.9119582e-03  -2.4554250e-03
  -3.4461955e-01  -1.9257849e-01   1.1631479e+00   7.8295220e-03   8.4457284e-04  -1.2166294e-03
  -3.4157303e-01  -2.1046288e-01   1.5025712e+00   5.3286205e-03  -3.0462552e-04  -7.5299586e-04
  -3.5965597e-01  -2.3057551e-01   1.3522122e+00   2.6521042e-03   8.7369560e-04  -1.0106051e-03
  -3.3139886e-01  -2.4360491e-01   1.5585623e+00   5.4807884e-03  -4.5313187e-04  -9.7470372e-04
  -3.2800512e-01  -2.8435507e-01   1.6567699e+00   4.7432477e-03   7.7484565e-04  -1.3011734e-03
  -3.2847070e-01  -2.5988434e-01   1.6452563e+00   5.0321539e-03  -2.8389374e-04  -6.7212475e-04
  -3.2688947e-01  -2.7072057e-01   1.7390566e+00   4.8376408e-03   1.0140107e-03  -1.1344333e-03
  -3.4790468e-01  -2.7446967e-01   1.6447640e+00   3.4097128e-03  -6.1814387e-04  -3.7603228e-04
  -3.2628252e-01  -2.9632153e-01   1.7449366e+00   2.4949929e-03   9.2558404e-04  -1.1903912e-03
  -3.2163125e-01  -2.6359725e-01   1.7073630e+00   3.1309383e-03  -3.3343393e-04  -5.8281987e-04
  -3.0832782e-01  -2.4763692e-01   1.7283839e+00   3.5554138e-03  -1.2833249e-04  -1.2920150e-03
  -3.1684053e-01  -2.6647459e-01   1.7343847e+00   3.0875165e-03  -5.6138002e-04  -1.0472270e-03
  -3.0113583e-01  -2.3762392e-01   1.7226073e+00   2.7932710e-03   5.2745470e-05  -8.1927255e-04
  -3.0348591e-01  -2.3637918e-01   1.7449796e+00   3.0838643e-03  -2.9877236e-04  -1.2922141e-03
  -3.4939688e-01  -2.4945461e-01   1.7712788e+00   8.4327225e-04   1.4166276e-03  -8.1862943e-04
  -3.1479508e-01  -2.1261651e-01   1.7721548e+00   2.7824852e-03  -3.8797153e-05  -1.0594051e-03
  -3.0368607e-01  -2.3966291e-01   1.8114740e+00   3.9126524e-03  -2.5095825e-04  -9.6530116e-04
  -3.0343848e-01  -2.3301415e-01   1.7916007e+00   2.5930695e-03  -9.7308927e-04  -9.4326977e-04
  -2.8974471e-01  -2.2817196e-01   1.7992769e+00   2.9916780e-03  -1.5900374e-04  -1.0936360e-03
  -3.1199099e-01  -2.3225964e-01   1.7942773e+00   2.7621792e-03  -4.3538845e-04  -7.8104843e-04
  -3.1162040e-01  -2.2975186e-01   1.8252476e+00   3.0328814e-03  -3.8994782e-04  -7.3155278e-04
  -3.0958513e-01  -2.6345203e-01   1.8742099e+00   3.9808869e-03   5.2120568e-04  -8.7460317e-04
  -3.1305575e-01  -2.5913719e-01   1.8287014e+00   2.5738960e-03  -2.3546742e-04  -7.7739319e-04
  -3.2885214e-01  -2.5138716e-01   1.8376292e+00   2.9633046e-03  -1.5882855e-04  -4.4435345e-04
  -3.1766944e-01  -2.5037435e-01   1.8408868e+00   2.8689407e-03   1.2386644e-04  -8.8513381e-04
  -3.0893144e-01  -2.0728350e-01   1.8451208e+00   2.5765169e-03  -3.8245305e-04  -8.7327096e-04
  -3.1227839e-01  -2.6497288e-01   1.9609648e+00   2.7455493e-03   6.6858182e-04  -1.0747679e-03
  -3.2770045e-01  -2.3435793e-01   1.8879444e+00   2.7583648e-03  -3.5192645e-04  -3.0816869e-04
  -3.3326255e-01  -2.0421034e-01   1.9093131e+00   3.4311097e-03  -4.3247436e-04  -9.0370607e-04
  -3.3864870e-01  -2.3445732e-01   1.8955340e+00   2.5774085e-03  -5.9238772e-04  -2.8944971e-04
  -3.0963835e-01  -2.4809680e-01   1.9721800e+00   3.6528904e-03  -2.5027986e-04  -1.1805243e-03
  -3.4808892e-01  -2.9739956e-01   1.9784566e+00   2.1444393e-03   9.8963332e-04  -1.2165079e-03
  -3.2364381e-01  -2.5471420e-01   1.9655072e+00   2.5878125e-03  -3.3610736e-04  -5.9261806e-04
  -3.0644093e-01  -2.5852095e-01   1.9758641e+00   1.9860108e-03  -2.5789340e-04  -1.0293637e-03
  -3.1370739e-01  -2.4974492e-01   2.0072936e+00   1.7829583e-03   1.2483343e-03  -9.4617205e-04
  -3.0684796e-01  -2.5587415e-01   1.9738771e+00   2.4715906e-03  -4.4307395e-04  -8.0164922e-04
  -3.3412690e-01  -2.4366466e-01   1.9894468e+00   2.3752973e-03  -1.9092006e-04  -4.4937740e-05
  -3.2242381e-01  -2.6240809e-01   2.0073551e+00   2.6705129e-03  -1.4811434e-04  -6.0563688e-04
  -3.2162566e-01  -2.4036903e-01   2.0387313e+00   1.9286014e-03   4.4493944e-04  -1.2419640e-03
  -3.5189728e-01  -2.4082143e-01   2.0519781e+00   8.9055247e-04   5.2032964e-04  -5.6834613e-04
  -3.3554613e-01  -2.3360013e-01   2.0680545e+00   2.5521224e-03  -9.8763921e-04  -5.4594412e-04
  -3.1798517e-01  -2.3376782e-01   2.0657515e+00   2.1906058e-03   1.0994696e-04  -4.3796392e-04
  -3.3621712e-01  -2.5559937e-01   2.1104937e+00   3.1056286e-03  -6.5884025e-05  -2.0907150e-04
  -3.4037546e-01  -2.4862430e-01   2.0994818e+00   2.7955320e-03  -4.7065934e-04  -5.2807416e-05
  -3.2957274e-01  -2.8315278e-01   2.0671089e+00   1.7064719e-04   1.0441021e-03  -6.6799072e-04
  -3.2173298e-01  -2.6397645e-01   2.1277596e+00   2.2830856e-03  -2.1100532e-04  -6.6423335e-04
  -3.5616825e-01  -2.6798236e-01   2.1925875e+00   3.1448050e-03   1.7255401e-04  -5.9150235e-04
  -3.1862358e-01  -2.3836134e-01   1.9711790e+00  -7.3010542e-04  -1.5373379e-03  -8.5780786e-04
  -4.8528412e-01  -2.6744530e-01   2.1089571e+00   5.3248035e-03   5.7508674e-04   1.8325234e-03
  -4.3521622e-01  -2.4924504e-01   2.1640909e+00   5.3588722e-03  -1.0613454e-03   1.4497250e-03
  -4.0467342e-01  -2.4689162e-01   2.1373134e+00   5.2070237e-03  -1.7334761e-03   2.1056337e-04
  -4.0976517e-01  -2.7416344e-01   2.1735876e+00   5.7368281e-03  -1.6974067e-03   6.8589536e-04
  -4.2441233e-01  -2.4044060e-01   2.1727101e+00   5.0569822e-03  -2.2337695e-03   1.0271433e-03
  -4.1092469e-01  -2.1543416e-01   2.2047771e+00   5.2523485e-03  -2.2169622e-03   3.7248873e-04
  -4.1482413e-01  -2.2858336e-01   2.2110988e+00   5.4252418e-03  -2.3608463e-03   7.8326524e-04
  -4.0813978e-01  -2.0934060e-01   2.2082260e+00   4.8055116e-03  -2.0831606e-03   4.3186052e-04
  -4.1034069e-01  -2.2921991e-01   2.2191154e+00   5.3979673e-03  -2.2349840e-03   3.6251174e-04
  -4.1506265e-01  -2.2340865e-01   2.2162428e+00   4.5997291e-03  -2.2659469e-03   2.4941877e-04
  -4.1857681e-01  -2.2598025e-01   2.2464552e+00   5.8735692e-03  -2.0431539e-03   5.4742040e-04
  -4.0191549e-01  -2.0995165e-01   2.2613480e+00   5.8241699e-03  -2.0755792e-03   2.2641440e-04
  -4.0852700e-01  -2.1236595e-01   2.2222947e+00   4.5509610e-03  -2.0786484e-03   1.6358002e-04
  -4.1352100e-01  -2.1273962e-01   2.2631167e+00   5.8275150e-03  -2.0796062e-03   4.5765452e-04
  -4.0932496e-01  -2.2391878e-01   2.2537553e+00   5.3530146e-03  -2.5800006e-03   1.5844736e-04
  -4.0815518e-01  -2.2996551e-01   2.2291495e+00   4.4179025e-03  -2.0013994e-03   4.2878801e-04
  -4.2406895e-01  -2.0808490e-01   2.2484783e+00   4.5290211e-03  -2.1368787e-03   7.6734858e-04
  -4.1556268e-01  -2.2996392e-01   2.2725785e+00   5.2471178e-03  -1.4657317e-03   4.0138066e-04
  -4.1454680e-01  -2.2136277e-01   2.2937118e+00   5.3099461e-03  -2.2387001e-03   2.2977732e-04
  -3.9161004e-01  -2.0867519e-01   2.2919445e+00   4.5441267e-03  -2.0913107e-03  -2.0752099e-04
  -4.0205815e-01  -2.2035956e-01   2.2788515e+00   4.5451300e-03  -1.9977543e-03   1.4948625e-05
  -4.0191722e-01  -2.1887736e-01   2.3083153e+00   5.1636461e-03  -1.3810490e-03  -1.3633193e-05
  -4.2017668e-01  -2.4987260e-01   2.3058689e+00   4.7959237e-03  -2.1357806e-03   2.7139673e-04
  -4.7398253e-01  -2.4811650e-01   2.3475636e+00   6.4911519e-04  -1.4413052e-03   3.4669687e-04
  -4.3476708e-01  -1.7943115e-01   2.4091825e+00   5.8325419e-03  -1.3833432e-03  -8.8792192e-05
  -4.2706485e-01  -1.8799569e-01   2.3714468e+00   6.4493157e-03  -3.4072579e-03   1.3580694e-04
  -4.0929864e-01  -1.9752401e-01   2.3402044e+00   5.3807192e-03  -2.3252079e-03   1.7904442e-04
  -4.2495784e-01  -2.1090239e-01   2.3688840e+00   4.8707343e-03  -2.8962527e-03  -1.1409809e-04
  -4.3065210e-01  -1.9613908e-01   2.4142596e+00   5.7955713e-03  -3.0111972e-03   1.7217476e-04
  -4.4241591e-01  -1.5606258e-01   2.4014433e+00   5.6231168e-03  -2.9723279e-03   2.2138164e-04
  -4.3194886e-01  -1.8634497e-01   2.4210748e+00   5.8391541e-03  -2.6949906e-03   7.0746305e-05
  -4.2484450e-01  -1.8403497e-01   2.4096171e+00   5.0848459e-03  -2.2621853e-03   4.9082217e-04
  -4.3030018e-01  -1.5019448e-01   2.4481546e+00   5.9846280e-03  -3.2297553e-03  -8.8194968e-06
  -4.1739510e-01  -1.6322444e-01   2.4277983e+00   5.4025504e-03  -2.3020261e-03   1.5647959e-05
  -4.3958836e-01  -1.7224045e-01   2.4325947e+00   4.9957313e-03  -2.5173691e-03   4.1468213e-06
  -4.1427619e-01  -1.9055681e-01   2.4519234e+00   5.4153962e-03  -2.3396790e-03  -1.5262525e-04
  -4.2117700e-01  -1.7506240e-01   2.4728265e+00   5.6739289e-03  -2.5620366e-03  -1.6846653e-04
  -4.3085393e-01  -1.8750701e-01   2.4761721e+00   4.8398927e-03  -2.3825893e-03  -8.6779677e-05
  -4.2727132e-01  -1.9595324e-01   2.4914127e+00   5.4307602e-03  -2.3523202e-03   7.6551510e-06
  -4.2057078e-01  -1.6876401e-01   2.4888077e+00   4.5873556e-03  -2.7922272e-03   1.6188853e-04
  -4.2219872e-01  -1.6444383e-01   2.5040162e+00   5.5190884e-03  -2.4349996e-03  -1.8575983e-04
  -4.1927911e-01  -1.5506331e-01   2.5059413e+00   4.9681658e-03  -2.4909106e-03  -2.7798999e-04
  -4.3557520e-01  -1.6358565e-01   2.5152432e+00   4.4791737e-03  -2.5223113e-03   2.1761742e-04
  -4.2419854e-01  -1.5996160e-01   2.5208922e+00   5.0439010e-03  -2.0300816e-03   2.7678678e-05
  -4.3194885e-01  -1.8430566e-01   2.5439998e+00   5.4668371e-03  -2.7654402e-03   7.7001191e-05
  -4.2529442e-01  -1.7540462e-01   2.5290394e+00   4.6970062e-03  -2.3930248e-03  -1.2881706e-04
  -4.3249290e-01  -1.6991240e-01   2.5342957e+00   4.2220494e-03  -2.0379593e-03  -2.9664266e-04
  -4.3900888e-01  -1.5685578e-01   2.5478754e+00   4.4207551e-03  -2.0374203e-03  -1.8613005e-04
  -4.3785233e-01  -1.7614896e-01   2.5596347e+00   4.3285548e-03  -2.8474730e-03   3.3147629e-05
  -4.3833855e-01  -1.6592632e-01   2.6028884e+00   5.7382055e-03  -2.1938135e-03   1.5592715e-05
  -4.2632085e-01  -1.8774662e-01   2.5890969e+00   5.0237397e-03  -2.4188266e-03  -5.0055960e-04
  -4.4096398e-01  -1.8609439e-01   2.5954720e+00   5.1080126e-03  -1.9856843e-03   4.2755283e-05
  -4.3528858e-01  -1.9139876e-01   2.5816502e+00   3.9432386e-03  -2.1165159e-03   7.9733253e-05
  -4.4612709e-01  -1.7663475e-01   2.6328031e+00   3.4969544e-03  -2.8647373e-03   1.9085235e-04
  -4.4194080e-01  -1.7413308e-01   2.6536880e+00   4.2359294e-03  -2.0212441e-03   1.2931079e-04
  -4.3831844e-01  -1.9960550e-01   2.6726929e+00   4.5173436e-03  -1.6253127e-03  -9.3028038e-05
  -4.5258142e-01  -1.5871904e-01   2.6605861e+00   4.1557063e-03  -2.5990013e-03   1.2645619e-04
  -4.4836654e-01  -1.7233649e-01   2.6726725e+00   3.9038012e-03  -2.2184898e-03  -6.1385406e-05
  -4.3826735e-01  -1.7459348e-01   2.6885689e+00   4.1449205e-03  -2.2452126e-03  -5.6212421e-05
  -4.5199948e-01  -1.7227689e-01   2.6969525e+00   3.7526142e-03  -2.1034335e-03   4.7750627e-05
  -4.4588424e-01  -1.8214538e-01   2.7063603e+00   4.3398666e-03  -2.4723270e-03   9.1620395e-05
  -4.4894640e-01  -1.8684070e-01   2.7184648e+00   4.5389196e-03  -2.2070725e-03  -1.9103018e-04
  -5.0672237e-01  -2.2038215e-01   2.8522787e+00   4.0840294e-03  -5.9805667e-04  -2.7222580e-04
  -4.7733248e-01  -1.3617775e-01   2.7899676e+00   2.9682955e-03  -1.8588368e-03  -5.3473260e-04
  -5.1529584e-01  -2.3658527e-01   2.8654390e+00   1.8664311e-03  -4.7768155e-04   3.8646579e-04
  -4.6343306e-01  -1.8086173e-01   2.8724858e+00   3.3922045e-03  -1.3006385e-03  -4.1221220e-04
  -5.0637794e-01  -1.9287707e-01   2.9189382e+00   3.0876736e-03  -4.3794580e-04   1.5509424e-04
  -4.8405471e-01  -2.0074674e-01   2.9321997e+00   3.6797106e-03  -1.9969734e-03  -1.8997141e-04
  -4.9877752e-01  -2.0985730e-01   2.9648573e+00   2.5449025e-03  -9.4765717e-04  -2.0046970e-04
  -4.9257616e-01  -2.5443003e-01   2.9747683e+00   2.5849842e-03  -6.0882046e-04   1.0326145e-04
  -4.9242322e-01  -2.0723342e-01   2.9913284e+00   3.0849085e-03  -1.4422435e-03  -1.6821934e-04
  -4.7774354e-01  -2.3092557e-01   2.9975426e+00   3.2445567e-03  -1.4635433e-03  -4.9141143e-04
  -5.2608607e-01  -1.9812895e-01   3.0027034e+00   2.5230551e-03  -6.7583633e-04   1.3136012e-04
  -4.9170643e-01  -2.0185004e-01   3.0204881e+00   3.1731460e-03  -9.9128999e-04   1.2642465e-04
  -4.9024480e-01  -2.0664809e-01   3.0185871e+00   3.2038195e-03  -1.2581423e-03   1.8542680e-04
  -5.0477572e-01  -2.0630501e-01   3.0368282e+00   3.3273827e-03  -1.1491725e-03   2.6577837e-04
  -5.0460537e-01  -1.9065401e-01   3.0388207e+00   2.7263859e-03  -6.7433588e-04   4.6621679e-04
  -4.9219584e-01  -1.8621660e-01   3.0176149e+00   3.2125037e-03  -1.0602298e-03   1.8600099e-04
  -4.9896640e-01  -1.8987756e-01   3.0226655e+00   3.6838766e-03  -1.1797163e-03   3.2191139e-04
  -5.0354672e-01  -1.9921070e-01   3.0514000e+00   3.7432101e-03  -1.3510947e-03   3.6058911e-04
  -4.9399097e-01  -1.8490389e-01   3.0535359e+00   3.0222049e-03  -8.4490335e-04   4.4340195e-05
  -5.0896820e-01  -1.8355397e-01   3.0547544e+00   2.3352155e-03  -1.4045234e-03   3.9505903e-04
  -5.0104163e-01  -1.7641927e-01   3.0473334e+00   2.5160225e-03  -1.1231983e-03   2.8266686e-04
  -5.0008762e-01  -1.8896738e-01   3.0705185e+00   2.9196560e-03  -1.0939168e-03  -4.1904400e-05
  -5.0313297e-01  -1.6243000e-01   3.0827730e+00   2.7704577e-03  -1.0163184e-03   1.3596754e-06
  -4.9379112e-01  -2.0378357e-01   3.0854187e+00   2.3768770e-03  -6.0384760e-04  -6.0333172e-04
  -5.1468188e-01  -1.8617345e-01   3.0594542e+00   3.1861570e-03  -1.1038920e-03   5.8732692e-05
  -4.9673684e-01  -1.5824421e-01   3.1021934e+00   3.6930989e-03  -1.2140911e-03  -9.8441620e-05
  -5.5495704e-01  -1.7369112e-01   3.1695022e+00   5.4096729e-03   5.8110725e-04   2.2653104e-04
  -5.3915064e-01  -1.4402963e-01   3.1873858e+00   3.8356927e-03  -1.9615373e-06  -4.3902524e-04
  -5.2457215e-01  -1.6471368e-01   3.1476718e+00   4.1231528e-03  -1.3864133e-03   1.2783449e-04
  -5.3656825e-01  -1.6060139e-01   3.2244217e+00   4.2807169e-03  -7.2000210e-04  -2.3910311e-05
  -5.1185489e-01  -1.4609812e-01   3.2081270e+00   3.3132037e-03  -1.0811972e-03  -8.7339679e-04
  -5.4485299e-01  -1.5597347e-01   3.2296710e+00   2.4934689e-03  -6.1382372e-04  -1.4410747e-04
  -5.3223916e-01  -1.5484813e-01   3.2134639e+00   2.3432863e-03   3.0630771e-04  -3.9334760e-04
  -5.3901671e-01  -1.1889787e-01   3.2441073e+00   3.0034758e-03  -9.9912873e-04  -6.5106033e-05
  -5.4502756e-01  -1.6259891e-01   3.2386379e+00   3.1217611e-03  -1.1727553e-03  -1.1005376e-04
  -5.3258736e-01  -1.4397698e-01   3.2568823e+00   2.9624223e-03  -5.2102389e-04  -3.8581182e-04
  -5.5216600e-01  -1.2823992e-01   3.2540443e+00   2.5079661e-03  -1.1610155e-03   1.9299839e-04
  -5.2639619e-01  -1.3463371e-01   3.2503178e+00   2.4577605e-03  -1.2972238e-03  -3.2538669e-04
  -5.3929197e-01  -1.2220006e-01   3.2674917e+00   4.2352265e-03   1.3612766e-04  -8.4025539e-04
  -5.4897737e-01  -1.4179063e-01   3.2722219e+00   3.0099915e-03  -1.1203250e-03  -2.2722815e-04
  -5.5182527e-01  -1.3709359e-01   3.2592463e+00   3.3291150e-03  -5.7646525e-04  -2.2239779e-04
  -5.3007377e-01  -1.2913772e-01   3.2743065e+00   3.4571022e-03  -5.9065041e-04  -5.9851820e-04
  -5.2845375e-01  -1.3904923e-01   3.2737992e+00   2.3622474e-03  -1.3019682e-03  -6.3961813e-04
  -5.2909860e-01  -1.2875464e-01   3.2416855e+00   3.2825095e-03  -4.7030535e-04  -4.6505431e-04
  -5.4898050e-01  -9.6831986e-02   3.2579080e+00   3.1486376e-03  -1.2390307e-03  -1.5154093e-04
  -5.3159372e-01  -1.2755850e-01   3.2469662e+00   3.5434047e-03  -1.1779994e-03  -6.3063763e-04
  -5.4334930e-01  -8.9384959e-02   3.2927208e+00   3.8464683e-03  -5.9215903e-04   1.0538738e-04
  -5.3786049e-01  -8.3952021e-02   3.2828016e+00   3.9808349e-03  -1.1392883e-03  -3.7297519e-04
  -5.2209792e-01  -7.6429264e-02   3.2517383e+00   3.8680832e-03  -1.1951513e-03  -4.6673207e-04
  -5.7178201e-01  -1.0124241e-01   3.2907296e+00   3.4296454e-03  -3.5896860e-04   3.3920753e-04
  -5.5022845e-01  -1.0833994e-01   3.3461629e+00   4.8659044e-03  -8.4515321e-04  -3.1979853e-04
  -4.9382189e-01  -4.4372518e-02   2.6515158e+00   4.6578555e-03   2.1866346e-03  -5.7690198e-04
  -5.3435299e-01  -1.6677857e-02   3.0564405e+00   7.1842078e-03  -2.9036425e-04   1.9230783e-04
  -5.6386603e-01  -6.1077489e-02   3.1118661e+00   6.6301927e-03  -1.9285355e-03   8.2673409e-04
  -5.6283732e-01  -6.7211785e-02   3.0933812e+00   4.6565609e-03  -2.0959132e-03   2.1568247e-04
  -5.3854404e-01  -5.7178218e-02   3.1979377e+00   6.6775031e-03  -1.0621248e-03  -3.8853610e-04
  -5.6306213e-01  -7.3945049e-02   3.2043676e+00   4.5754514e-03  -1.0116431e-03   7.8625505e-06
  -5.6533456e-01  -4.1208879e-02   3.2173534e+00   4.2871678e-03  -1.5179887e-03  -8.7027855e-05
  -5.7968008e-01  -8.8786054e-02   3.2285417e+00   4.3753050e-03  -7.3913961e-04   1.4836567e-04
  -5.6587977e-01  -4.4018262e-02   3.2512452e+00   4.4687350e-03  -1.8458376e-03  -3.0392494e-06
  -5.6330976e-01  -6.8154483e-02   3.2697519e+00   4.4731963e-03  -1.7618125e-03  -1.8952602e-04
  -5.8264748e-01  -6.8350860e-02   3.3061405e+00   3.5632132e-03  -1.3355759e-03   1.0159790e-04
  -5.5684252e-01  -3.5095353e-02   3.2478135e+00   3.9714587e-03  -1.5130871e-03  -3.0702124e-04
  -5.5646718e-01  -6.3585072e-02   3.2636959e+00   4.3414932e-03  -1.3678560e-03  -3.8455268e-04
  -5.5843450e-01  -4.8723098e-02   3.3369291e+00   5.7811166e-03  -1.0209764e-03  -2.1483846e-04
  -5.5375164e-01  -1.4408904e-02   3.2983367e+00   4.9641977e-03  -1.3771178e-03  -2.0527647e-04
  -5.6672710e-01  -4.9015713e-02   3.3017241e+00   4.4887003e-03  -2.1948536e-03   2.0690048e-04
  -5.5158320e-01  -4.4852973e-02   3.3089969e+00   4.7109506e-03  -1.8932200e-03  -1.0385084e-03
  -5.6577696e-01  -2.8887514e-02   3.3271676e+00   4.4299282e-03  -1.3828306e-03  -1.5923158e-04
  -5.5989845e-01  -2.4424225e-02   3.3201082e+00   4.5412149e-03  -1.5430024e-03   7.1014908e-05
  -5.6636084e-01  -2.7793019e-02   3.3242252e+00   4.3095899e-03  -1.2926829e-03  -1.3428037e-04
  -5.6612619e-01  -3.4012392e-02   3.3413886e+00   4.5278632e-03  -1.6525940e-03   1.0573312e-04
  -5.5349368e-01  -6.3921133e-02   3.3222424e+00   3.2011390e-03  -1.1547001e-03  -8.6183190e-04
  -5.5619223e-01  -9.0150861e-03   3.3672763e+00   5.0708127e-03  -8.3705564e-04  -2.1418776e-04
  -5.7568301e-01  -4.3270777e-02   3.3682557e+00   1.2845329e-03  -5.6161656e-04  -6.6478916e-04
  -5.8256199e-01  -1.4791178e-02   3.3792668e+00   3.6887139e-03  -1.3196084e-03  -1.8565244e-05
  -5.8053820e-01  -2.1183470e-02   3.4105197e+00   4.0600593e-03  -1.5300091e-03  -2.2764898e-04
  -6.0594618e-01  -3.4528226e-02   3.4286717e+00   4.3752604e-03  -1.3610730e-03   3.2205233e-04
  -5.9270474e-01  -2.9044599e-02   3.3075268e+00  -5.0412529e-04  -3.4530159e-04  -1.4201057e-04
  -5.6635789e-01   2.9163515e-02   3.2293491e+00   7.6661460e-03   1.6774010e-03   1.0441744e-03
  -5.9296743e-01   9.1380249e-03   3.3836200e+00   5.6998395e-03  -9.6698273e-04   5.3138928e-04
  -6.1319390e-01  -1.0855984e-03   3.4018138e+00   5.5683052e-03  -1.9232456e-03   8.0967332e-04
  -6.0496358e-01  -1.2193537e-02   3.4174829e+00   4.1917362e-03  -6.7362912e-04   4.9657411e-04
  -6.1527811e-01  -1.4237171e-02   3.4524662e+00   4.3128190e-03  -1.5040154e-03   7.4293929e-04
  -5.9131310e-01  -1.6195492e-02   3.4863083e+00   4.7648491e-03  -9.1216842e-04   1.6392668e-05
  -5.9372845e-01  -7.8414676e-03   3.4993847e+00   4.5880990e-03  -1.1625166e-03  -5.9080802e-04
  -6.0672570e-01  -1.2604428e-02   3.4905509e+00   3.0149334e-03  -5.7838405e-04  -1.1514093e-04
  -6.1406497e-01   9.1052433e-03   3.5208568e+00   4.3343829e-03  -9.4714971e-04   3.7004917e-04
  -6.0175217e-01  -4.6340723e-02   3.5517909e+00   4.2986928e-03  -7.1773610e-04  -1.0433134e-04
  -5.8533806e-01   5.1036590e-03   3.5422394e+00   4.8680746e-03  -1.1512342e-03  -3.8898261e-04
  -6.0315385e-01   6.3195323e-03   3.5151259e+00   3.5749412e-03  -1.6336307e-03  -3.1167664e-05
  -6.0187021e-01   4.6479396e-03   3.5552968e+00   4.6984915e-03  -7.6977775e-04  -2.1772490e-04
  -5.8905984e-01   1.6804974e-02   3.5477499e+00   4.8694490e-03  -1.1954091e-03  -4.0750015e-04
  -6.0044129e-01  -5.4046099e-03   3.5504330e+00   4.4101978e-03  -1.5398123e-03  -2.7413420e-04
  -6.0665863e-01  -5.9119548e-02   3.6761893e+00   3.8108383e-03   3.9854801e-04   1.7161822e-04
  -6.1686350e-01   7.1103045e-03   3.6287356e+00   4.1682377e-03  -1.0374063e-03   1.9353323e-05
  -6.1246095e-01  -2.5479527e-02   3.6012695e+00   2.3871628e-03  -6.7712980e-04  -3.1658067e-04
  -6.1132788e-01  -2.5580597e-02   3.6177072e+00   3.7905927e-03  -5.5310512e-04   2.2862475e-04
  -6.4476584e-01  -6.4831761e-03   3.6645204e+00   4.5686440e-03  -3.6501666e-04   5.4059312e-04
  -6.0262853e-01  -1.2425243e-02   3.6450692e+00   4.3924989e-03  -8.8528541e-04  -4.3401049e-04
  -6.1571436e-01  -6.0830728e-03   3.6392585e+00   3.5511858e-03  -7.4900795e-04   1.0904395e-04
  -6.0729694e-01  -3.9667711e-03   3.6816556e+00   4.1249991e-03  -3.2521142e-04  -6.0776097e-04
  -6.1494731e-01  -2.7045197e-02   3.6934815e+00   3.8793045e-03  -5.0772598e-04   1.1306112e-04
  -6.1854132e-01  -2.3980069e-02   3.6816923e+00   2.7613511e-03  -4.8319704e-04  -7.0165697e-05
  -6.2580993e-01  -6.4284283e-02   3.6774174e+00   2.7164487e-03  -5.4279160e-04   1.0890519e-04
  -6.1997315e-01  -3.3216885e-02   3.6890387e+00   2.5530883e-03  -1.0987483e-03  -3.0539062e-04
  -6.1923604e-01  -3.9176222e-02   3.6837408e+00   3.4830462e-03  -3.2477646e-04  -6.5182229e-05
  -6.0570712e-01  -3.1634786e-02   3.7045749e+00   3.3659797e-03  -1.0005566e-03   2.1622573e-04
  -6.2043877e-01  -3.9174491e-02   3.7395043e+00   3.1376453e-03  -6.8385056e-04   3.7569466e-04
  -6.2123116e-01  -2.7032463e-02   3.7562083e+00   3.6582511e-03  -8.4123772e-04   1.7993792e-04
  -6.1583020e-01  -2.3011927e-02   3.7677734e+00   5.2900301e-03   2.4705125e-04   1.0361355e-04
  -6.1591513e-01   1.4805397e-03   3.7599724e+00   3.7240558e-03  -8.8961848e-04   1.8032557e-04
  -6.2248998e-01  -4.9629073e-02   3.7664011e+00   3.5513726e-03  -8.7312931e-04   1.9322979e-04
  -6.3142141e-01   9.8070021e-04   3.7443240e+00   4.0863619e-03  -7.5313233e-04   1.1756819e-04
  -6.0155382e-01  -8.5128737e-03   3.7450123e+00   3.1742728e-03  -8.6336834e-04  -2.9840842e-04
  -6.0322915e-01  -2.9009091e-02   3.7695846e+00   3.7504772e-03  -7.0730111e-04  -3.3241703e-04
  -6.4184595e-01  -4.7054175e-02   3.8286121e+00   5.3490697e-03   5.1186735e-04   4.9650171e-04
  -6.2633284e-01   1.5498211e-02   3.7989478e+00   3.9825662e-03  -5.0619725e-04   3.4872830e-04
  -6.4616371e-01  -4.7974419e-03   3.7740740e+00   3.9162810e-03  -1.0201472e-03   8.6924681e-04
  -6.1857587e-01  -7.4852204e-02   3.7617826e+00   4.2290584e-03   6.2198860e-04   7.5050103e-05
  -6.3892275e-01  -4.8582171e-02   3.8027825e+00   4.1191009e-03  -7.4036475e-04   8.5607448e-04
  -6.3551475e-01  -1.5319315e-02   3.7851635e+00   2.9876466e-03  -8.1212162e-04   4.3171924e-04
  -6.4418472e-01  -7.7371476e-03   3.8090439e+00   4.3927147e-03   8.8290114e-05   9.6988269e-04
  -6.3701992e-01  -8.5217305e-03   3.8395288e+00   4.3877741e-03  -6.5979913e-04   7.0986625e-04
  -6.3772165e-01  -1.2783053e-02   3.8372009e+00   4.4765734e-03  -6.0090781e-04   6.9093531e-04
  -6.2626393e-01  -2.6403591e-02   3.8150813e+00   2.9645961e-03   2.3047843e-04   1.9509272e-04
  -5.7864076e-01   1.8347486e-02   3.4719792e+00   9.4611009e-03   3.2134986e-03   1.7468032e-04
  -6.2646344e-01   3.1185824e-02   3.7404383e+00   6.7270670e-03   2.4022896e-05   5.7795850e-04
  -6.2073261e-01   1.7572524e-02   3.7652442e+00   5.4468922e-03  -7.4592242e-04   4.7720480e-04
  -6.4138149e-01   6.6836032e-03   3.8103906e+00   6.3114345e-03  -9.1777824e-04   5.3998655e-04
  -6.2962879e-01   1.2699880e-02   3.8169451e+00   5.3772220e-03  -8.1181639e-04   2.0057352e-04
  -6.2764090e-01   9.4350680e-03   3.8414559e+00   6.1066450e-03  -5.5477345e-04   6.9854604e-04
  -6.1536323e-01   1.2429608e-02   3.8436731e+00   5.4844338e-03  -2.7309673e-04   3.9327015e-04
  -6.2995518e-01   3.8915065e-02   3.8267624e+00   5.5250733e-03  -1.0090761e-04   9.4875029e-04
  -6.1935515e-01   4.2259260e-02   3.8449348e+00   5.6464738e-03  -6.7114103e-04   1.5748826e-04
  -6.2807106e-01   3.7437372e-02   3.8438562e+00   5.5758715e-03  -2.4764289e-04   6.6475175e-04
  -6.0445421e-01   3.6184714e-02   3.8417486e+00   5.3882942e-03   1.6927238e-04   3.0747680e-05
  -6.2717342e-01   5.0525421e-02   3.8403328e+00   5.7578253e-03  -6.4890442e-04   2.9722127e-04
  -6.0527538e-01   4.3667446e-02   3.8484055e+00   5.9487654e-03  -5.7922076e-04  -3.4950251e-04
  -6.1762959e-01   4.4316446e-02   3.8511443e+00   5.1373555e-03   6.3969077e-06   3.4241742e-04
  -6.0889675e-01  -2.7020661e-02   3.9949523e+00   5.1380192e-03   1.4674390e-03  -4.6648134e-04
  -6.2691338e-01   4.5476947e-02   3.8862431e+00   3.9734275e-03  -4.7422237e-04   2.8702375e-04
  -6.3263720e-01   2.9141685e-02   3.9042761e+00   4.8508853e-03  -9.1459275e-05   5.1874752e-04
  -6.2660916e-01   3.6903179e-02   3.9621644e+00   6.7802955e-03  -3.5104806e-04   4.1679191e-05
  -6.1866759e-01   2.5037989e-02   3.9009393e+00   5.1917559e-03  -2.5816229e-04   2.2757780e-04
  -6.2054548e-01   2.7739670e-02   3.9014490e+00   5.2246808e-03   3.5028969e-04   4.9292575e-04
  -6.2557969e-01   3.8963762e-02   3.9346036e+00   5.6652803e-03  -3.5019263e-04   1.4761217e-05
  -6.1551067e-01   5.9641153e-02   3.9226641e+00   5.2432764e-03  -2.0195302e-05   8.3200922e-06
  -6.2625328e-01   4.5736836e-02   3.9383348e+00   5.2186898e-03  -1.3435998e-04   3.2522506e-04
  -6.0718754e-01   4.8678083e-02   3.9251616e+00   4.9073405e-03  -3.9510640e-04  -1.1185914e-04
  -6.3177543e-01   6.6581164e-02   3.9355399e+00   5.6298857e-03  -7.0349883e-05   4.3466306e-04
  -6.4756227e-01   1.1235486e-01   4.0413122e+00   7.9082486e-03  -2.7879122e-04   9.4232317e-04
  -6.1360195e-01   5.1414059e-02   3.9434321e+00   5.6790913e-03  -5.6728954e-04   5.9005106e-05
  -6.3629354e-01   1.9567264e-02   3.9565560e+00   5.3015636e-03  -4.5049726e-04   6.4860445e-04
  -6.1315010e-01   3.2246764e-01   3.8976113e+00   3.6723164e-03  -1.0291404e-03  -7.8268105e-04
  -6.0979728e-01   4.8731957e-02   3.9754066e+00   5.8222439e-03  -3.9951753e-04   1.5269032e-04
  -6.0642075e-01   5.7688134e-02   3.9713818e+00   5.8041673e-03  -3.5135982e-04   5.7577430e-04
  -6.1046666e-01   7.5703829e-02   3.9756759e+00   5.8539973e-03  -3.1745932e-04   1.6754741e-04
  -6.1502405e-01   7.2760353e-02   3.9844002e+00   5.8921115e-03  -4.9027587e-04   4.0856971e-04
