   0.0000000e+00   0.0000000e+00   0.0000000e+00   0.0000000e+00   0.0000000e+00   0.0000000e+00
  -8.1130470e-04   3.1200320e-02  -4.0738711e-02  -6.7233173e-05   2.4290781e-04   1.0236851e-04
   1.6726853e-02  -6.9592535e-03  -5.6849068e-02  -8.0682378e-04   9.1485627e-05  -6.6879979e-04
  -1.1710718e-02   1.8310815e-02  -2.4119031e-02   2.5554101e-05   5.7790399e-04   1.0552301e-04
  -4.9060336e-04   8.4605882e-03  -2.4062260e-02   1.3790480e-04   2.4008396e-04  -5.3388343e-05
  -7.4788669e-03   7.0743987e-04  -8.5710464e-02  -6.9488838e-04   5.1145902e-04   9.0479048e-05
  -6.2604318e-03  -1.2625796e-02  -7.0950618e-02  -2.3012908e-04   1.0649429e-04  -1.6020822e-04
   1.8050345e-03   4.3313151e-03  -7.4193651e-02  -5.3453761e-04   5.7845794e-04  -1.5629206e-04
  -6.7977063e-03  -3.1991234e-02  -1.0629767e-01  -1.2816848e-03   3.2295956e-04   1.0387643e-04
  -1.0820992e-02  -3.4797366e-02  -4.1163938e-02   6.8210235e-04   3.9349598e-04  -1.9654766e-04
  -1.4885988e-02  -2.7804896e-02  -4.5442293e-02   3.3230299e-04   2.5611238e-04   1.2945316e-04
  -1.7988228e-02  -2.2508821e-02  -5.7430697e-02  -8.5244889e-05   5.3867710e-04   1.0153737e-04
  -2.7145658e-02  -5.1486803e-02  -3.5520930e-02   7.8331579e-04  -3.5993472e-04   6.7016519e-04
   7.3102623e-03  -7.2178920e-02  -5.2212109e-02   3.2305120e-04   5.2816743e-04  -3.7670218e-04
  -2.1554631e-02   3.0471805e-01  -1.3463242e-01  -9.5709676e-04   1.1463468e-03   2.4135865e-05
  -2.7632118e-02  -4.7313220e-02  -1.0844280e-01  -2.7946893e-04   3.2267547e-04  -1.1282144e-04
   1.8491654e-02  -1.4536349e-02  -1.0743928e-01   2.5870532e-04   1.1464783e-03  -1.6312510e-04
  -2.4646649e-02  -4.0687467e-02  -1.0210048e-01   1.1007096e-04   3.3072487e-04   3.2890522e-04
  -5.2593643e-03  -3.2494600e-02  -1.0647996e-01  -3.1810320e-04   5.3222197e-04  -6.8607376e-04
   5.7586802e-04  -8.8949966e-02  -6.1120590e-02   7.2669749e-04   4.9110519e-04  -5.3415309e-04
  -1.9696483e-02  -4.5335125e-02  -7.0048249e-02   1.1372592e-04  -1.2542323e-04  -1.3656720e-04
  -1.8149923e-02  -4.7525468e-02  -3.1942384e-02   1.3128181e-03   1.2523243e-03  -9.6527616e-05
  -9.5423957e-03  -8.1497218e-02  -4.4518912e-02   1.1070467e-03   1.6310093e-04   5.6002072e-05
  -2.2151606e-02  -4.6374639e-02  -1.0473360e-01   9.7554726e-05   5.4762774e-04  -1.0876528e-04
  -1.4587488e-03  -4.7950410e-02  -1.0679238e-01   2.8535737e-04   8.7324802e-04  -9.2717980e-04
  -2.8853978e-02  -4.9917072e-02  -1.3056924e-01  -2.8599724e-05   2.0187989e-05   3.4539558e-06
  -2.3516364e-02  -4.6279880e-02  -1.3074451e-01  -4.8284380e-04  -2.0980596e-04  -1.1023600e-05
  -3.2843967e-02  -2.7239229e-02  -9.7905579e-02  -9.9239802e-06   5.3816697e-04  -3.9072768e-04
  -2.8150210e-02  -4.5245492e-02  -1.2299867e-01  -2.3959018e-04   3.0513863e-04  -4.1244793e-04
  -4.2134133e-02  -3.9207029e-02  -1.2721687e-01  -1.3123636e-04   2.2731474e-04   4.7708601e-04
  -1.3067377e-02  -6.1005126e-02  -1.4235623e-01  -1.1776520e-04   5.0175092e-04  -1.9915593e-04
   7.1555885e-03  -5.5907835e-02  -1.4699219e-01  -2.7424337e-04   4.6586894e-04  -9.4842516e-04
   8.0628416e-03  -5.9571100e-02  -9.6379888e-02   2.5408890e-04   5.2687385e-04  -8.9040186e-04
  -2.6550890e-02  -9.0673614e-03  -1.4587080e-01  -5.9711178e-04  -2.0352749e-04  -2.7086652e-04
  -2.5876241e-02  -8.1174161e-02  -9.8471420e-02  -5.5236478e-05   5.8770700e-04  -3.6786878e-04
  -4.2443983e-02  -5.9554371e-02  -7.1752254e-02   2.8890899e-04   7.6378686e-04  -1.2912094e-05
  -2.2651985e-02  -7.1128831e-02  -8.7560427e-02   1.5237382e-04   7.8532454e-04  -4.8243341e-04
  -6.7569905e-02  -9.9071276e-02  -8.7080392e-02   6.4642920e-04   5.9815556e-04   3.8053619e-04
  -5.5912445e-02  -5.0045288e-02  -5.7627653e-02   1.4898762e-03  -1.1395488e-06   3.1633380e-04
  -3.7735527e-02  -4.9538161e-02  -3.1434864e-02   9.9601128e-04   7.1370497e-05  -6.9846476e-04
  -1.8137764e-02  -1.9816606e-02  -8.1258424e-02   2.3267708e-04   2.4161835e-04  -6.6879880e-04
  -2.1920730e-02  -6.4027895e-02  -7.8032980e-02   5.2223375e-04   8.1236613e-05  -5.5579242e-04
  -2.0447055e-02  -5.6151302e-02  -9.9211610e-02  -3.1079765e-04   3.1549144e-04  -3.5665129e-04
  -2.5350195e-02  -7.5786953e-02  -4.2126798e-02   1.0887380e-03  -1.3980719e-04  -6.7628893e-04
  -5.8004115e-02  -5.7076193e-02  -1.1138004e-01  -6.7382991e-04   2.1866882e-05  -1.2801564e-04
  -6.3395832e-02  -4.2070442e-02  -7.8398203e-02   4.2568468e-04   9.2336090e-04  -1.2256995e-05
  -4.5762888e-02  -6.2460513e-02  -1.0172474e-01   3.9019254e-05   7.3572027e-04  -1.4886160e-04
  -4.9580855e-02  -2.2749811e-02  -1.0685731e-01  -2.8795341e-04   7.6921395e-04  -3.2914726e-05
  -3.3767288e-02  -5.2698092e-02  -9.5942238e-02  -3.8623973e-04   2.0413388e-04  -7.2271685e-04
  -2.7130072e-02  -6.0259023e-02  -8.3621650e-02   3.4590514e-04   1.7318358e-04  -9.4529413e-04
  -7.2059565e-03  -4.7699882e-02  -5.6430015e-02   8.3424836e-04   3.4388881e-04  -9.9056225e-04
  -3.6454245e-02  -5.4558872e-02  -6.2065806e-02   7.0383695e-04   9.7388455e-04  -1.3971701e-04
  -4.7867559e-02  -2.7178861e-02  -9.3910456e-02  -5.0425333e-05   9.7583811e-05  -7.8119328e-05
  -3.3266268e-02  -4.0776077e-02  -8.5117999e-02   1.1608820e-04   8.2052445e-04  -8.0670005e-04
  -6.3401578e-02  -3.1077728e-02  -1.0924833e-01  -2.4599504e-04   7.2762910e-04  -3.8563251e-04
  -5.1580121e-02  -3.7813384e-02  -8.4679626e-02   1.9062989e-04   1.0199269e-06  -4.6959880e-04
  -7.9239897e-02  -6.0856779e-02  -6.7520735e-02   1.5997909e-04   7.3162639e-04   1.1170049e-04
  -6.8123957e-02  -9.5153823e-02  -9.8324830e-02  -2.2958177e-04   2.4079123e-04  -3.9614653e-04
  -4.3980390e-02  -7.5555958e-02  -1.1012215e-01   1.2599744e-04   8.6172301e-04  -5.7524121e-04
  -9.3588629e-02  -8.7667163e-02  -8.7286364e-02   2.0897912e-04  -7.4925599e-05   4.5395275e-04
  -5.1474414e-02  -8.0479236e-02  -4.8930565e-02   1.3434179e-03   6.0712301e-04  -5.6244507e-04
  -7.7388805e-02  -5.8712999e-02  -4.6878517e-02   1.0147234e-03   2.7984067e-04   1.6876364e-04
  -7.6187812e-02  -8.0801378e-02  -4.8759135e-02   4.6939272e-05   2.3012562e-04  -9.5821452e-05
  -5.5840762e-02  -6.9727072e-02  -5.1144753e-02   3.8336572e-04   1.1042811e-05  -7.0241689e-04
  -7.5025320e-02  -3.3652677e-02  -2.4017420e-02   4.1307882e-04   4.6351365e-04  -3.2432344e-04
  -6.1619257e-02  -2.7527914e-02  -3.8472775e-02   3.0854600e-04   2.5879777e-04  -1.0220006e-03
  -7.1812012e-02  -2.0955355e-02   2.2376916e-02   1.0624550e-03   5.8428804e-04  -1.6407451e-04
  -5.6718622e-02  -3.5741607e-02  -1.4965796e-02   4.6900238e-04  -7.1412961e-05  -1.0802648e-03
  -6.7674447e-02  -2.5489706e-02  -1.4300439e-02   5.2740525e-04   5.7651887e-04  -5.9204434e-04
  -7.4147808e-02  -5.2614948e-02  -2.9849987e-02  -3.5116843e-04   3.4326341e-04   7.8552237e-05
  -5.4029359e-02  -3.2446576e-02   1.7988361e-02   6.3127091e-04   1.0603279e-04  -7.4317840e-04
  -7.9824892e-02  -2.7295051e-02  -2.9792759e-02  -3.1711834e-04   3.1351039e-04  -8.2804021e-05
  -5.4546366e-02  -6.0922671e-02  -1.7467879e-02   3.3666614e-04  -1.4584559e-04  -4.2545955e-04
  -9.2420453e-02  -5.6848356e-02  -2.6780458e-02   8.4210541e-04   6.2563609e-04  -2.9160867e-04
  -6.8414086e-02  -5.1312866e-02  -5.4731684e-03   3.8985735e-04   8.5082161e-04  -4.2472608e-04
  -9.2322702e-02  -5.4827389e-02   4.2344808e-02   1.3357671e-03   7.2832329e-04   2.1582922e-04
  -6.6729197e-02  -4.6063831e-02   4.0316098e-02   9.7397968e-04   6.7023722e-04  -5.1160608e-04
  -5.5710694e-02  -8.6923322e-03   2.8870196e-02   4.1451620e-04   5.9880384e-04  -3.4660859e-04
  -7.8755374e-02  -2.5052127e-02   3.3923707e-03   4.7205553e-04  -6.1713567e-05  -5.5288047e-04
  -7.9821933e-02  -7.8912619e-02  -4.2790968e-03   2.8220790e-04  -4.6991867e-04  -4.8705195e-04
  -8.7287196e-02  -2.9845526e-02   2.9678079e-02   7.2612967e-04  -4.4490478e-05  -3.3429485e-04
  -7.5338528e-02  -2.9753927e-02   3.6732121e-02   5.0927475e-04   3.0385214e-04  -7.7835114e-04
  -6.6263025e-02  -1.7478755e-02   6.7846824e-02   1.4769102e-03   4.9195233e-04  -4.2983834e-04
  -8.7121634e-02  -4.3507441e-02   1.5497006e-03  -3.5095025e-04   3.9838651e-04  -5.6165642e-04
  -4.8895542e-02  -9.7131903e-03   2.1322613e-02   6.4904541e-04   6.0582937e-04  -1.0155876e-03
  -8.6710717e-02  -9.7900576e-02   1.2605668e-02   7.9334977e-04  -5.1103129e-04  -4.0564298e-04
  -7.8154536e-02  -8.2021056e-02   4.3782674e-02   1.0554554e-03  -5.2501970e-04  -1.6626488e-04
  -9.0703666e-02  -7.2303670e-02   7.3361761e-02   6.3857408e-04  -3.0389322e-04  -2.9496245e-04
  -7.9437386e-02  -2.2035989e-02   1.0214489e-01   1.4778143e-03   5.8393995e-04  -4.6005284e-04
  -9.7889963e-02  -4.2382464e-02   1.2495930e-01   1.0109417e-03   2.0302559e-04  -2.0094338e-04
  -6.7244446e-02  -3.2431654e-02   9.8309641e-02   4.2892229e-04   2.0772677e-04  -6.1190852e-04
  -1.0824390e-01  -4.6063621e-02   9.1219355e-02   5.3212054e-04   2.3370416e-04   9.1953048e-05
  -9.5522899e-02  -1.3267766e-02   1.1351187e-01   8.1866751e-04   6.5996858e-04  -3.8238867e-04
  -4.8972241e-02  -5.7389045e-03   1.7203250e-01   2.0442386e-03   1.0547993e-03  -1.3333974e-03
  -7.9403476e-02  -1.5839377e-02   1.1722197e-01   9.8289262e-05   2.4166163e-04  -2.7246010e-04
  -1.0517039e-01   5.4578640e-03   1.5158617e-01   1.4491914e-03   1.0141169e-03  -5.3506171e-04
  -7.9682542e-02  -1.1825230e-02   9.5637961e-02  -1.0275529e-04  -2.3394902e-04  -8.4096698e-04
  -8.1750256e-02  -1.6354805e-02   8.5153006e-02   3.0364827e-04   8.4773958e-04  -7.0450688e-04
  -8.9224947e-02  -3.2936413e-02   1.3074010e-01   1.0944884e-03  -3.6829336e-05  -5.9241655e-04
  -1.1242670e-01  -5.0402783e-02   1.3909042e-01   6.7063230e-04   1.7976196e-04  -3.7710897e-04
  -1.0302430e-01   2.0878509e-02   1.3356314e-01   9.7335113e-04   2.7519290e-04  -4.4341713e-04
  -1.2863309e-01  -2.3633609e-02   1.3117536e-01   1.0458030e-03   9.7298130e-04   3.0154777e-04
  -1.1774482e-01  -6.6979469e-02   1.6193006e-01   1.2743403e-03   3.4133792e-04   6.1527380e-04
  -8.5335530e-02  -1.5773668e-02   2.0202115e-01   8.3704037e-04   1.1941649e-04  -1.0097505e-03
  -1.0334009e-01   8.2480675e-03   1.5998920e-01   1.4489838e-04   8.7734970e-04   3.4111196e-05
  -1.0915067e-01  -9.9227224e-03   1.3996505e-01   3.6819521e-04   5.8272026e-05  -3.4001257e-04
  -1.0704482e-01  -4.8148400e-02   1.1184314e-01  -3.6736899e-04   8.6057981e-05  -2.2825955e-04
  -1.0381789e-01  -5.4407370e-02   1.5839558e-01   6.6724876e-04   9.1116011e-04   8.2105159e-05
  -8.1870812e-02  -6.7234265e-03   1.7615853e-01   4.4026776e-04   5.6006764e-04  -5.3593611e-04
  -1.1113950e-01  -1.4886050e-02   2.2418101e-01   9.0575025e-04   4.8260703e-04   6.9923829e-05
  -8.1979915e-02   1.0484357e-02   1.8837040e-01   7.9435452e-05   2.1595754e-05  -5.4269013e-04
  -1.2826147e-01   2.6710678e-02   2.5337430e-01   1.1325423e-03   3.8524465e-04  -2.9053316e-04
  -1.2526377e-01   2.8356639e-02   2.9554391e-01   1.4438523e-03   6.6011108e-04   5.0473717e-04
  -6.2979182e-02   2.6898799e-02   2.1920376e-01   4.6952146e-04   8.3447445e-04  -1.2257010e-03
  -1.1447008e-01   1.7218305e-02   2.1028110e-01   2.4065583e-04   7.1370309e-04  -1.7786898e-04
  -1.2636807e-01   6.4862342e-02   2.3667353e-01  -7.8075178e-05   3.0414362e-04   1.2691908e-04
  -1.2434161e-01   9.1573942e-02   2.4111480e-01  -2.0914714e-04   3.4041398e-04  -7.6246501e-05
  -1.0031891e-01   1.1443001e-02   2.0404483e-01  -2.6762093e-05  -1.3335669e-04  -5.1852687e-04
  -1.0630587e-01   3.5687854e-02   1.7908513e-01  -3.9510820e-04  -3.0614725e-04  -4.5511192e-04
  -1.1030338e-01   3.9059830e-03   2.2680881e-01   8.9733795e-04   8.1429421e-05  -4.1494750e-04
  -1.2567329e-01   2.0635456e-02   3.0402062e-01   8.1982298e-04   4.5440461e-04   3.3357315e-04
  -1.3061965e-01   3.1656665e-02   3.2188813e-01   8.3126240e-04   6.5073801e-04   1.2114832e-04
  -1.3607834e-01   6.6820148e-03   2.6428971e-01   7.8339046e-04  -1.8619325e-04   2.7248688e-04
  -1.2055259e-01   4.7847669e-04   2.4227537e-01   7.8422098e-05   6.4794903e-04   2.1958016e-05
  -1.5672777e-01  -1.1610469e-03   2.5572362e-01   7.5116760e-04  -2.8531092e-04   6.7721995e-04
  -1.1756271e-01   1.1895645e-02   3.0172268e-01   1.0901887e-03   7.5644921e-04  -5.5060886e-04
  -1.2682044e-01   3.4598937e-02   2.7139926e-01   7.9099433e-04   6.0830707e-04   1.5803943e-04
  -1.4079531e-01   4.8131466e-02   2.7385238e-01   5.4998412e-04  -1.6967018e-04   2.1306554e-04
  -1.0498784e-01   2.3909330e-02   3.2798725e-01   1.1838153e-03  -2.1122976e-04  -5.0198247e-04
  -1.3094245e-01   1.0446462e-05   3.2689641e-01   1.1681588e-03   5.4839545e-04   2.0526342e-04
  -1.1230736e-01   6.0736943e-02   3.2278150e-01   1.4374215e-03   2.4226611e-04  -3.8745865e-04
  -1.2151857e-01  -2.2234868e-02   3.0494976e-01   8.1560896e-04   7.7862811e-04   6.4835502e-05
  -1.2840179e-01  -2.0286965e-03   2.8972556e-01   3.9307949e-04  -1.3124785e-04   4.6080390e-05
  -1.0979267e-01   1.1562885e-02   3.2049390e-01   1.1414560e-03   1.0600575e-03  -3.1275595e-04
  -1.4989205e-01   1.5065127e-02   3.2187896e-01   4.8908443e-04   9.3272445e-04   4.7256823e-04
  -1.2118392e-01  -7.8835654e-03   3.5120414e-01   1.9721536e-03   1.8127790e-04  -4.7320032e-04
  -8.6592664e-02   5.9320549e-02   3.6053429e-01   1.6166621e-03   1.1858415e-03  -6.3146757e-04
  -1.0142819e-01   5.2636763e-02   3.6728159e-01   8.6850766e-04   4.0774449e-04  -7.0482872e-04
  -1.3778778e-01   7.7656459e-02   4.3421068e-01   1.4788298e-03   1.1914751e-03   6.4737227e-04
  -1.5022236e-01   7.4217783e-02   4.8894255e-01   1.3646163e-03   3.1969648e-04   1.8814710e-04
  -1.3504430e-01   6.2097343e-02   4.4395460e-01   1.2348676e-03  -1.3966303e-04  -1.7604329e-04
  -1.0025037e-01   3.7983639e-02   3.7529393e-01   3.9468031e-04   2.8402735e-04  -5.3535968e-04
  -1.2433341e-01   7.8132437e-02   4.1860402e-01   1.1535870e-03   3.5710502e-04  -1.7980602e-04
  -1.0711865e-01   2.7310382e-02   3.9901339e-01   8.6831176e-04   4.7941098e-04  -9.8751474e-04
  -1.2383347e-01  -2.2071600e-02   3.3443573e-01  -7.2085916e-04  -9.4662467e-05  -3.4778951e-04
  -1.1557449e-01  -1.2034831e-03   3.7680255e-01   9.0881193e-04  -3.5480962e-04  -6.4419340e-04
  -1.5946019e-01   1.6270658e-02   4.1747065e-01   1.1962352e-03   2.9304509e-04   5.0210726e-04
  -1.2989773e-01   5.2005203e-02   3.9806188e-01   2.3426047e-04  -1.9273923e-04  -7.9644669e-05
  -1.5069511e-01   4.4430600e-02   4.0130441e-01   8.4164828e-04   3.3278896e-04  -1.0326866e-04
  -1.4257374e-01   1.9455807e-02   4.6142300e-01   1.3937722e-03   8.9338400e-04   3.7520072e-04
  -1.2696540e-01   6.4106051e-02   4.8999872e-01   9.7714381e-04   7.8314345e-04  -3.5299292e-04
  -1.4274006e-01   8.0577236e-02   5.5152310e-01   1.8966180e-03   8.4213362e-04   3.6495906e-04
  -1.2975159e-01   5.9555600e-02   4.7386056e-01   3.8691545e-04   5.7096305e-04   3.2797383e-05
  -8.7788551e-02   1.2930933e-02   4.7626418e-01   7.4796119e-04   1.5090539e-04  -5.6263189e-04
  -1.4529997e-01   4.6000569e-02   4.9039737e-01   1.1235965e-03   1.1407538e-03   1.6168585e-04
  -1.1686036e-01   5.6206974e-02   4.3568997e-01  -4.8402686e-04   1.2162603e-04  -5.2929874e-04
  -1.0569576e-01   7.1906589e-02   4.9781967e-01   1.5095150e-03  -5.6034462e-05  -7.8247891e-04
  -1.1705300e-01   4.9489599e-02   4.6720058e-01  -1.4050131e-04   1.0011726e-04  -4.8475517e-04
  -1.1554040e-01   7.4439264e-02   5.1908822e-01   1.5077115e-03   1.6120962e-04  -8.0116269e-04
  -1.2286493e-01   4.6451186e-02   4.5758536e-01  -1.8886628e-04   6.5102799e-04  -1.0665703e-04
  -1.3894476e-01   3.8175465e-02   4.7650503e-01   8.6011683e-05   6.4874189e-04   3.6394306e-04
  -1.2439208e-01   4.9438957e-02   5.8522403e-01   1.8782581e-03   2.0252071e-04   8.9430567e-05
  -1.3111818e-01   1.0333196e-01   5.9294928e-01   5.1380312e-04   3.7632786e-04  -4.4573832e-04
  -1.3484673e-01   7.0276003e-02   6.7330172e-01   2.3726082e-03   1.5601944e-04   1.1085846e-04
  -1.3613729e-01   9.2812021e-02   5.5374143e-01   4.1939901e-04   4.6379563e-04  -4.5382875e-05
  -1.3120483e-01   7.7932857e-02   5.3557526e-01   9.7112057e-04   8.2147215e-05   1.0493908e-04
  -1.3740108e-01   7.1041820e-02   5.2316741e-01   8.1152100e-05  -5.9793716e-05   1.7897775e-04
  -1.2882556e-01  -9.1288235e-03   5.1439744e-01   3.5084923e-04   1.9119341e-04  -1.6546217e-05
  -1.0879050e-01   2.9066133e-02   5.1546165e-01   4.7262899e-04   2.0711256e-04  -3.8446088e-04
  -1.4993020e-01   4.5256520e-02   5.5284280e-01   7.5484476e-04   8.4410174e-04   1.0950116e-03
  -1.5300381e-01   8.9876025e-02   6.4870070e-01   2.0463067e-03   3.6950725e-04   5.0588401e-04
  -1.1500584e-01   1.0330925e-01   5.9557750e-01   5.2153568e-04  -5.9185452e-04  -4.8674619e-04
  -1.3223186e-01   1.0273817e-01   5.9255562e-01   8.6889266e-04   2.3967508e-04   2.9617070e-05
  -1.1941287e-01   9.9177219e-02   5.7626610e-01   3.0302284e-04   3.3532222e-05  -4.8963619e-04
  -1.3932886e-01   7.1322956e-02   5.7712912e-01   2.7225716e-04   4.2959549e-04   5.1805610e-05
  -1.2829954e-01   6.1153210e-02   6.0005504e-01   3.6551224e-04   6.4515313e-04  -1.7694814e-04
  -1.1470590e-01   5.1810922e-02   6.6478718e-01   1.9693066e-03   7.6819545e-05  -7.7905305e-04
  -9.5863457e-02   7.9757479e-02   6.4280571e-01   9.7694734e-04   4.9764263e-04  -3.3451334e-04
  -1.3341807e-01   8.9081717e-02   6.0559819e-01   6.8309322e-05   3.6398501e-04   9.5923886e-05
  -1.0349665e-01   1.0763586e-01   6.2731900e-01   5.9573544e-04   8.6785311e-04  -6.0544340e-04
  -1.1810546e-01   1.0425414e-01   6.1669559e-01  -4.7927980e-04   2.8199279e-04  -4.6751443e-04
  -1.3967026e-01   9.8973229e-02   5.9681789e-01   4.5644411e-05   1.0255968e-05   1.0289604e-04
  -1.2680521e-01   8.0728191e-02   6.5961771e-01   1.2085099e-03   4.7748299e-04   1.6090356e-04
  -1.4414142e-01   5.0762926e-02   6.6309856e-01   8.8720657e-05  -2.0622382e-04   3.6684351e-04
  -1.5775826e-01   9.7637771e-02   7.5569254e-01   1.5437939e-03   4.1642056e-04   3.6845615e-04
  -1.3086501e-01   1.0877555e-01   8.3979282e-01   2.5327799e-03   1.1041519e-03   1.9322716e-04
  -1.4411778e-01   1.3341987e-01   8.5159847e-01   2.2899508e-03   5.1660932e-04  -2.7349907e-04
  -1.2915479e-01   1.0135915e-01   7.4167108e-01   7.5991870e-04   4.0594344e-04  -5.6094561e-05
  -1.0333315e-01   1.1340201e-01   6.8297377e-01  -5.2076725e-04   6.6399547e-05  -9.8390687e-04
  -1.4100268e-01   1.0958331e-01   7.6142167e-01   1.6226596e-03   8.2048674e-04   2.3323114e-04
  -1.1573807e-01   1.1971957e-01   7.8803022e-01   1.1912145e-03   2.6859739e-04  -4.8798368e-04
  -1.0799253e-01   7.1560085e-02   7.1714225e-01   2.2635378e-05   2.9498809e-04  -3.4845640e-04
  -1.2542090e-01   9.9334111e-02   7.2857946e-01   7.9350947e-04   7.3486837e-04  -2.3169449e-04
  -1.0719080e-01   1.3387539e-01   7.7643068e-01   1.5629737e-03   1.6889577e-05  -4.4226109e-04
  -1.3303702e-01   1.2143717e-01   7.7128686e-01   5.8863492e-04   1.1456116e-04   1.9871033e-04
  -9.9773978e-02   1.2472899e-01   7.4466441e-01   6.9937620e-04   4.4611287e-04  -7.0236650e-04
  -1.1732856e-01   9.6270246e-02   7.7127483e-01   6.6436564e-04   4.7878315e-04   1.2654183e-04
  -1.3742902e-01   1.5074230e-01   8.0319791e-01   7.9565000e-04   5.8906741e-04   3.1169660e-05
  -1.2240479e-01   1.1597740e-01   8.3867284e-01   1.4231926e-03  -2.0140508e-04  -5.5712796e-04
  -1.2264737e-01   1.2248982e-01   8.5856655e-01   8.8783504e-04   8.4353630e-04  -4.8959555e-04
  -1.5552685e-01   1.6156243e-01   8.9928947e-01   1.3660086e-03   2.4896449e-04   1.9471803e-04
  -1.1838102e-01   1.0454786e-01   8.1717066e-01   6.7002194e-05   1.0098770e-04  -7.9189052e-05
  -1.0236178e-01   1.0668084e-01   7.9169667e-01   5.9925245e-04   5.4782698e-04  -3.5519988e-04
  -1.1298431e-01   9.0015777e-02   8.5377936e-01   2.1456809e-03   4.4492353e-04  -3.1123008e-04
  -1.0289484e-01   7.3506947e-02   8.5853688e-01   1.6298114e-03   7.7501710e-04  -2.0757020e-06
  -1.4822727e-01   1.0250126e-01   8.8738666e-01   1.0118219e-03   7.5238816e-04   9.2892586e-04
  -1.2137678e-01   1.2995990e-01   9.5550123e-01   2.1305540e-03   1.4624182e-04   1.8986802e-05
  -1.2191740e-01   1.5641744e-01   8.6659493e-01   8.3664374e-04   5.8241144e-04  -1.5610606e-04
  -1.0600627e-01   1.4406108e-01   8.6641561e-01   1.1418637e-03   9.0076154e-05  -5.1194485e-04
  -1.2204728e-01   1.1718313e-01   8.2990799e-01   3.1431277e-04   7.9696795e-04   9.8583474e-05
  -1.1530691e-01   1.7021792e-01   9.0681807e-01   1.3359630e-03   3.3148619e-04  -2.2591302e-04
  -1.2746682e-01   1.4061239e-01   8.4710170e-01   5.1121865e-05   2.6395785e-04  -9.7545536e-04
  -1.7308290e-01   1.3093818e-01   8.2850815e-01  -9.4554973e-04  -1.7203048e-04   5.2993199e-04
  -1.2496545e-01   1.4166169e-01   9.0523858e-01   1.6096314e-03   2.3143172e-04  -3.5039956e-04
  -1.5326467e-01   1.4236139e-01   9.6674115e-01   1.5400434e-03   4.9466903e-04   7.3680693e-04
  -1.1655606e-01   1.7158482e-01   9.5348099e-01   6.6847869e-04   8.6137455e-04  -1.0148976e-04
  -9.4572172e-02   1.5375781e-01   9.2236477e-01   1.2298871e-03   4.4210603e-04  -7.2936519e-04
  -1.1934676e-01   1.7106579e-01   9.4864843e-01   5.3587038e-04   5.1577371e-04  -1.5390484e-04
  -1.2138013e-01   1.6848263e-01   9.5729907e-01   7.8048574e-04   1.7857933e-04  -3.3222402e-04
  -1.3711257e-01   1.3529167e-01   9.6859163e-01   1.2712233e-03   5.4267781e-04   3.9839475e-04
  -9.7435305e-02   1.3695779e-01   9.7407428e-01   4.3907689e-04   1.3617240e-04  -7.0138341e-04
  -1.2162932e-01   1.3602589e-01   9.7993871e-01   1.1382801e-03   7.1410989e-04  -1.5524938e-04
  -1.1458399e-01   1.3680221e-01   9.9695488e-01   1.1166871e-03  -5.5570215e-06  -3.9336923e-04
  -1.2335888e-01   1.6532221e-01   1.0150030e+00   8.7104021e-04   1.0114921e-03   1.7269841e-04
  -1.1431794e-01   1.4984920e-01   1.0867967e+00   1.4077889e-03   1.0446530e-03   3.5938169e-05
  -1.0890316e-01   1.6959605e-01   1.0333237e+00   9.7230194e-04   3.4095296e-04  -4.3232024e-04
  -1.1835549e-01   1.8077652e-01   1.0107910e+00   3.0317327e-04   6.6829001e-04  -1.5676022e-05
  -9.7755067e-02   1.6676776e-01   1.0419399e+00   5.0566443e-04   9.3323012e-04  -6.9694946e-04
  -1.1980370e-01   2.0069840e-01   1.0179392e+00   5.5507901e-04   4.5290127e-04   2.8458021e-04
  -1.0074250e-01   1.1797965e-01   1.0130015e+00   6.5407011e-04   6.4036036e-04  -5.8602150e-04
  -1.3706032e-01   1.4423066e-01   9.9639626e-01   3.2290010e-04  -4.8201539e-04  -2.5130885e-05
  -1.0593681e-01   1.6594185e-01   1.0609903e+00   1.6824601e-03   7.4254702e-04  -4.1253693e-04
  -1.2461923e-01   1.9588927e-01   1.1196783e+00   1.3495131e-03   7.5708771e-04  -1.1096210e-04
  -1.1088245e-01   1.8684389e-01   1.0846759e+00   7.8647589e-04   1.2946981e-03  -5.0388378e-04
  -1.4231620e-01   1.9208106e-01   1.0744457e+00   8.5821128e-04   7.5933131e-04   3.9268013e-04
  -1.2996144e-01   1.7930246e-01   1.1361132e+00   5.9166543e-04   5.1105328e-04   3.4407724e-04
  -1.3349142e-01   2.1008868e-01   1.1616689e+00   3.0312200e-04   7.9302425e-04   4.4869976e-04
  -1.2851255e-01   2.1198233e-01   1.2469183e+00   1.9808569e-03   7.3488681e-04   3.4015185e-04
  -1.2792744e-01   2.0852769e-01   1.1349155e+00   1.2037411e-04   3.3951924e-04  -4.7455009e-04
  -9.4787575e-02   1.7975381e-01   1.1024054e+00   1.5650172e-04   1.0047630e-03  -1.5703760e-04
  -1.2453642e-01   1.8229663e-01   1.0927835e+00  -6.5801237e-04  -3.1828568e-04  -3.5909109e-04
  -1.2129799e-01   2.3075745e-01   1.0573252e+00  -1.2203290e-03   5.4107800e-04   7.8887067e-05
  -1.1601944e-01   2.0408799e-01   1.1571880e+00   9.2165884e-04   1.0419021e-03  -3.0488618e-04
  -8.9011704e-02   2.4843965e-01   1.1161298e+00  -4.2589875e-05   1.0431777e-03  -4.3482554e-04
  -1.2263978e-01   1.5438418e-01   1.1539027e+00   9.5775120e-04   5.5129623e-05   2.3272126e-04
  -1.1692463e-01   1.8235312e-01   1.1491601e+00   1.2893272e-04   3.0885440e-04  -7.8011375e-05
  -1.1501801e-01   1.9244539e-01   1.1643984e+00   8.1165088e-04   5.6346637e-04   2.0794740e-04
  -1.2538109e-01   2.1344411e-01   1.1813113e+00   4.6306328e-04   9.0789508e-05   1.7838087e-04
  -1.2311935e-01   1.5344277e-01   1.1738103e+00   9.6213754e-04   6.7806316e-04   2.6790532e-04
  -1.2351521e-01   2.2790848e-01   1.2085086e+00   8.1281050e-04   2.4926827e-04  -1.0885401e-04
  -1.1699408e-01   2.2638650e-01   1.2511953e+00   9.6126745e-04   1.4144029e-03  -6.6895824e-05
  -1.1480128e-01   2.3820302e-01   1.2248557e+00   2.9077348e-04   9.9499826e-04   1.3363914e-04
  -1.1523146e-01   2.0933753e-01   1.1647050e+00  -3.8499764e-04   8.6147755e-04  -1.2665883e-04
  -1.1202619e-01   2.1364454e-01   1.1914165e+00   1.2390488e-03   8.3775537e-04  -6.5602560e-04
  -9.3514120e-02   1.6560910e-01   1.1542125e+00  -4.6980031e-04   1.0790046e-03  -1.9468571e-04
  -9.7357753e-02   1.7231818e-01   1.1905919e+00  -8.1672116e-05   1.0199016e-03  -3.4897705e-04
  -1.1488682e-01   1.5956356e-01   1.2622804e+00   1.1656895e-03   4.2808001e-04  -2.9484922e-04
  -1.3015842e-01   2.0472888e-01   1.2903373e+00   1.0080628e-03  -1.6783538e-04   4.7935285e-04
  -1.1608647e-01   2.3021426e-01   1.2233060e+00  -7.1352562e-04   1.2042705e-04  -3.5243201e-04
  -9.5925751e-02   2.2378167e-01   1.2694573e+00   2.2318077e-04   1.3224838e-03  -7.8556053e-04
  -1.2440761e-01   2.5475826e-01   1.3272298e+00   8.9466669e-04  -3.8310554e-04  -2.2173040e-04
  -1.0214708e-01   2.8277785e-01   1.2919850e+00   9.1725156e-06   1.0212276e-03  -2.2773534e-05
  -8.5903115e-02   2.2671979e-01   1.3004428e+00   6.4325752e-04   5.8011882e-04  -6.7631692e-04
  -1.3428715e-01   2.2363813e-01   1.3203743e+00   5.9751740e-04  -2.2109715e-04   3.9728402e-04
  -9.5753568e-02   2.3744595e-01   1.3606806e+00   1.0152415e-03   1.4129174e-03  -6.5107387e-05
  -1.2629734e-01   2.6328486e-01   1.3786982e+00   8.6209742e-04   1.2092697e-03   3.9041671e-04
  -8.2636152e-02   2.7702135e-01   1.3516994e+00   7.6527537e-04   1.0869282e-03  -8.4411790e-04
  -1.0023274e-01   2.7275290e-01   1.3361074e+00   5.6891247e-04   1.3128148e-03  -6.3773596e-04
  -9.8682540e-02   2.3247150e-01   1.3493186e+00   2.7568075e-04   2.6656105e-05  -3.0783169e-04
  -1.1987886e-01   2.6263527e-01   1.3215174e+00  -3.7432375e-04   5.1930780e-04   1.4657338e-04
  -9.9876825e-02   2.5481331e-01   1.3378638e+00   3.5360787e-04   6.3133351e-04  -6.7553891e-04
  -1.0626660e-01   2.3909682e-01   1.3581414e+00   4.2628116e-04   8.0893119e-05  -1.5948932e-04
  -1.3581028e-01   2.5347977e-01   1.3588786e+00   1.1034814e-04   6.1771901e-04   5.6441125e-04
  -1.1509381e-01   2.5110488e-01   1.4454452e+00   1.1348873e-03   1.7008163e-03  -1.5804187e-04
  -1.1126932e-01   3.0711490e-01   1.4751817e+00   1.0526860e-03   9.6061913e-04   2.1584017e-04
  -9.6469297e-02   2.6936729e-01   1.4248461e+00   4.5069612e-04   1.2604320e-03  -3.0968240e-05
  -1.2369978e-01   2.5150882e-01   1.3999837e+00   1.1618220e-04   9.4923651e-06  -4.3704735e-05
  -1.0221834e-01   2.5780553e-01   1.3768599e+00  -1.9048101e-04   1.0734651e-03  -3.0609732e-04
  -1.0920364e-01   2.7868744e-01   1.4726920e+00   1.7158601e-03   1.1061544e-03  -1.9591177e-04
  -1.0261891e-01   3.0249733e-01   1.4918445e+00   9.9758409e-04   1.1982467e-03  -5.0639978e-04
  -8.2609627e-02   2.9014036e-01   1.4175508e+00  -5.4929866e-05   1.1078362e-03  -7.2999662e-04
  -8.9515531e-02   3.0024189e-01   1.4757232e+00   1.4348856e-03   5.0180670e-04  -4.3433033e-04
  -1.0395400e-01   2.7557632e-01   1.4968903e+00   9.5140657e-04   5.4790028e-04  -1.3711023e-04
  -1.3832434e-01   1.2673566e-01   1.4983747e+00   2.1822949e-03   4.5690627e-04   6.7299620e-04
  -1.2634543e-01   2.6267152e-01   1.4263480e+00  -2.7510027e-04   6.4954066e-04   9.6762316e-05
  -1.0550978e-01   2.9309839e-01   1.4540484e+00   5.2049148e-04   4.7695327e-04  -5.9421850e-04
  -1.2131249e-01   2.6351809e-01   1.4912795e+00   9.9902735e-04   7.6910107e-04   1.1450539e-04
  -1.2572257e-01   2.7597843e-01   1.5290719e+00   7.4047121e-04   6.2162916e-04  -2.4600738e-04
  -1.2217756e-01   3.1297593e-01   1.5626880e+00   8.2323368e-04   1.0668231e-03   2.4446429e-04
  -1.3305591e-01   3.0584513e-01   1.5127314e+00   2.3376449e-05   3.0288017e-05   3.2573520e-04
  -1.4618599e-01   2.7600867e-01   1.5507332e+00   1.7075186e-03   4.9434980e-04   5.4867557e-04
  -1.3018424e-01   2.9275345e-01   1.6385629e+00   1.8057003e-03   7.4290707e-04   5.3537645e-04
  -1.0262070e-01   3.2869357e-01   1.6269291e+00   6.4043891e-04   1.3199961e-03  -3.3708227e-04
  -9.7755932e-02   3.0113223e-01   1.6647534e+00   1.7226483e-03   1.6781474e-03  -2.6919283e-04
  -1.2940735e-01   3.0233337e-01   1.7045183e+00   1.1609576e-03   7.0493433e-04   4.9683071e-04
  -1.0115135e-01   3.1419485e-01   1.6710278e+00   1.3860617e-03   9.2634213e-04   6.6554332e-05
  -1.0135487e-01   2.7030722e-01   1.5727846e+00  -1.1968714e-04   5.8828313e-04  -1.5821832e-04
  -9.1320233e-02   2.8982748e-01   1.5140548e+00  -4.5982832e-04   1.3484066e-03  -3.3501240e-04
  -9.8892495e-02   3.1215095e-01   1.5528651e+00   9.4748950e-04   6.4668040e-04  -1.2340858e-07
  -1.2407522e-01   3.0377597e-01   1.5706187e+00   1.9902827e-04   1.5310679e-04   4.1800714e-04
  -9.9210219e-02   3.3121855e-01   1.5571227e+00   2.2543683e-05   1.2111061e-03   1.3784017e-04
  -8.7108432e-02   3.3705155e-01   1.6166356e+00   1.0770246e-03   2.9341574e-04  -8.1479072e-05
  -1.0329603e-01   3.7229274e-01   1.6572869e+00   1.0229425e-03   1.0150854e-03   6.8807404e-06
  -1.1931533e-01   2.8493331e-01   1.6115966e+00  -7.0113166e-04   3.6560810e-04  -3.1372723e-04
  -6.4791332e-02   3.1077850e-01   1.6184664e+00   7.9026775e-04   1.0035872e-03  -5.3334526e-04
  -7.5199082e-02   2.7309360e-01   1.5169210e+00  -1.3608256e-03   4.7949696e-04  -7.6564083e-04
  -1.2733947e-01   2.4863672e-01   1.5846767e+00  -2.3137652e-04   5.2892251e-04   1.3648759e-04
  -1.2622301e-01   2.8946021e-01   1.6238228e+00   2.6980715e-04   4.7750020e-04   3.3905278e-04
  -8.2489829e-02   3.1903208e-01   1.6040444e+00  -4.7824563e-04   7.7517136e-04  -7.9867401e-04
  -7.9840731e-02   2.9484939e-01   1.6288949e+00   2.7493060e-04   5.2638696e-04  -7.4030966e-04
  -1.0760191e-01   3.1588972e-01   1.6628422e+00   4.7449143e-04   5.0078846e-05   2.6016104e-04
  -1.0340120e-01   3.2096895e-01   1.6339151e+00  -2.9264892e-04   1.2789000e-03   1.0354437e-04
  -1.0765461e-01   3.1049101e-01   1.7047733e+00   1.1259162e-03   1.0226626e-03  -2.8366409e-04
  -9.8774819e-02   3.3103921e-01   1.6600858e+00   6.4319499e-05   7.2843640e-04   4.5810297e-04
  -8.0935522e-02   3.3570220e-01   1.6455348e+00  -7.7478136e-04   8.0937906e-04  -3.1936081e-04
  -9.6608813e-02   3.3396101e-01   1.6529654e+00  -1.8301509e-04   6.1138045e-04   9.3224213e-05
  -1.0085923e-01   3.0172258e-01   1.6434047e+00  -8.1534839e-04   5.6151224e-04   2.0311729e-04
  -7.1253063e-02   2.9622745e-01   1.7008802e+00   6.0597945e-05   7.6011755e-04  -6.8392208e-04
  -9.6407077e-02   3.1190565e-01   1.7185966e+00   6.9937396e-04   5.1515411e-04  -3.8872981e-05
  -1.1117961e-01   2.9848660e-01   1.7269545e+00   1.1019134e-04   8.8757097e-04   1.3404412e-04
  -1.0153378e-01   3.1743678e-01   1.7795711e+00   8.8337171e-04   3.5898863e-04   1.9796024e-04
  -7.5704530e-02   2.8025267e-01   1.7674257e+00   7.4550411e-04   1.3473460e-03  -1.0934760e-04
  -1.1345661e-01   3.4608267e-01   1.7457330e+00  -2.4698844e-05   9.6742749e-04   3.0854268e-04
  -1.1134687e-01   3.4025978e-01   1.7407344e+00  -1.6036045e-04   5.7984902e-04   2.2109323e-04
  -8.2875340e-02   3.2086947e-01   1.7153268e+00  -1.2756185e-03   2.7838355e-04  -1.7232007e-04
  -9.0117899e-02   3.9407914e-01   1.8032152e+00   4.5498292e-04   1.1558421e-03   7.1522020e-05
  -1.0654183e-01   3.6253992e-01   1.8858978e+00   1.3792384e-03   7.5166305e-04   2.2973074e-04
  -1.2291012e-01   3.7506856e-01   1.8388485e+00   3.2444590e-04   6.9664285e-04   5.0622511e-04
  -7.1570422e-02   3.4199782e-01   1.8217629e+00   1.2314562e-03   3.7873259e-04  -8.6961027e-04
  -1.1854577e-01   3.0969439e-01   1.7465550e+00  -7.8613636e-04   4.1890328e-04   9.6762710e-04
  -8.4826415e-02   3.3388941e-01   1.7855599e+00   9.5465414e-04   6.4934543e-04  -3.7438746e-04
  -1.0543377e-01   2.7569718e-01   1.7980428e+00   5.5374881e-04   9.0513638e-04  -6.3465937e-05
  -8.2980539e-02   2.9526963e-01   1.8521638e+00   9.4421730e-04   6.0382580e-04  -3.5525576e-04
  -8.0028817e-02   3.6850095e-01   1.8737123e+00   3.5293761e-04   1.1135441e-03  -1.0653154e-04
  -1.0539149e-01   3.4512820e-01   1.8412458e+00   2.9310183e-04   4.7926672e-04  -3.4579003e-04
  -1.0225911e-01   3.3957896e-01   1.8251839e+00   4.8034232e-04   3.5357468e-04  -1.3543585e-04
  -9.8429386e-02   3.6900946e-01   1.8536146e+00   3.3810027e-04   4.7913753e-04   2.3017681e-04
  -1.5045991e-01   2.4323259e-01   1.9505371e+00   9.7376901e-04   3.3599254e-04   9.4883037e-04
  -9.7712446e-02   3.8690877e-01   1.9060767e+00  -2.9379659e-04   8.9253647e-04   1.6189991e-04
  -1.0527107e-01   3.8799977e-01   1.9012245e+00   6.2015789e-04   2.6332006e-04  -8.6104531e-05
  -8.4343338e-02   3.9299605e-01   1.8878437e+00   1.7614272e-05   1.3026811e-03  -1.1063418e-04
  -7.8589728e-02   3.3721093e-01   1.8657707e+00   8.9255599e-05   2.3641933e-04  -3.1020320e-04
  -6.2603106e-02   3.6509969e-01   1.9276105e+00   1.0260763e-03   7.7934494e-04  -7.1332285e-04
  -7.4576358e-02   4.1349621e-01   1.9005932e+00  -1.7451041e-04   1.0734860e-03  -4.4987492e-04
  -6.7692695e-02   3.8923231e-01   1.9004850e+00   3.6369490e-05   1.8957560e-04  -5.1593124e-04
  -1.2056475e-01   3.5757598e-01   1.8866038e+00  -2.5663065e-04   9.6361096e-04   6.5702209e-04
  -9.5137952e-02   3.8927182e-01   1.8515510e+00  -6.5187775e-04   6.7430474e-04   4.2646854e-04
  -9.0818763e-02   3.6477054e-01   1.9046679e+00   9.4556399e-05   1.0344867e-03   3.2957843e-04
  -1.1059714e-01   3.7312376e-01   1.8855962e+00  -9.2048066e-04   6.7570520e-04   3.0203639e-04
  -1.1012701e-01   3.6014411e-01   1.8851025e+00  -9.2937626e-04   5.1662031e-04   1.1971586e-04
  -1.0448273e-01   3.4811481e-01   1.9350466e+00   5.8609822e-04   3.9806441e-04   2.8413485e-04
  -1.3632249e-01  -1.1877325e-01   1.9949911e+00   7.0965763e-04  -2.6986447e-06   1.7508609e-03
  -7.1140494e-02   3.9691017e-01   1.9533151e+00   1.9951924e-04   1.3485359e-03  -2.8978652e-04
  -9.2930489e-02   3.8308698e-01   1.9535653e+00   2.1122801e-04   5.9960798e-04   7.9674351e-05
  -8.5922075e-02   3.6450602e-01   1.9553866e+00   2.3142622e-05   1.2748073e-04  -1.3047525e-04
  -9.6875620e-02   3.8247294e-01   1.9534650e+00  -2.6390920e-04   3.7517516e-04   2.4133497e-04
  -8.3303033e-02   3.9916374e-01   2.0126893e+00   7.8819805e-04   2.2708433e-04   2.0521269e-04
  -8.1917880e-02   4.1411336e-01   1.9704475e+00  -1.1255149e-03   9.3747453e-05  -2.3224430e-04
  -1.0127652e-01   3.9440665e-01   1.9807662e+00  -5.2451086e-04   1.0579071e-03   2.6955503e-04
  -7.2004393e-02   3.9247032e-01   1.9999474e+00   4.7722238e-05   8.5646733e-04   1.7872808e-04
  -1.0007021e-01   4.0409969e-01   2.0013577e+00  -2.9596400e-04   6.3007125e-04   1.3107327e-04
  -8.5659744e-02   4.2845723e-01   2.0011660e+00  -3.4423643e-04   7.1694202e-04  -4.7923889e-05
  -8.8697448e-02   3.9118662e-01   2.0508085e+00  -1.3588680e-04   6.7027592e-04   5.4317060e-04
  -7.9743525e-02   4.0541736e-01   2.0452963e+00  -3.6926895e-04   1.0804281e-03   4.4157967e-06
  -9.0098854e-02   3.5547168e-01   2.0735616e+00   8.2110416e-04   7.2896890e-04  -2.7555087e-04
  -6.9486392e-02   3.4371618e-01   2.0676180e+00   5.1701916e-04   1.5574499e-03  -1.8842290e-04
  -1.1416622e-01   3.4705843e-01   2.0621360e+00   9.2841896e-05  -3.2664804e-05   2.9607269e-04
  -7.7664827e-02   4.1279640e-01   2.1262441e+00   5.6571537e-04   1.0168982e-03   2.0886205e-05
  -1.0171141e-01   4.1571943e-01   2.0823965e+00  -8.2977651e-04   3.1751051e-04   2.1175708e-04
  -1.0530038e-01   4.5691675e-01   2.1211715e+00  -2.3307322e-04   1.1579623e-03   4.5457046e-04
  -7.5243332e-02   4.5523889e-01   2.1146262e+00  -8.8453522e-04   7.2473928e-04  -6.5858522e-04
  -7.4785947e-02   4.1233906e-01   2.1507402e+00  -4.0297873e-05   5.8847847e-04  -4.2921548e-04
  -8.6574831e-02   4.4543734e-01   2.2340641e+00   1.1046688e-03   6.1481014e-04   1.2081709e-04
  -9.1390698e-02   4.5627075e-01   2.1448835e+00   1.7207700e-04   1.1784631e-03   3.6924296e-05
  -1.1061016e-01   4.0043689e-01   2.1173920e+00  -2.1323360e-04   2.1282090e-04   6.0269482e-04
  -9.3460170e-02   4.1268689e-01   2.1531483e+00   4.0550442e-04   1.9774237e-04   1.5670012e-04
  -8.4478795e-02   4.3200247e-01   2.2196014e+00   9.5899017e-04   6.8871632e-04  -6.5436756e-06
  -1.2758907e-01   4.3879526e-01   2.2810341e+00   1.0161841e-03   2.1279293e-04   5.7708387e-04
  -8.4144891e-02   4.3067911e-01   2.2671504e+00   7.1840280e-04   7.1341879e-04  -4.2937040e-04
  -9.1479304e-02   4.3714297e-01   2.2111761e+00   8.3642900e-04   1.1840247e-03   4.1988623e-04
  -7.8013197e-02   4.0121812e-01   2.1702377e+00   1.1651587e-04   4.7968351e-04  -6.5519537e-04
  -7.7430611e-02   3.9376166e-01   2.2339548e+00   1.0532785e-03   1.2872152e-03  -1.2565464e-05
  -9.4760938e-02   4.1604899e-01   2.2456800e+00   2.6690956e-04   6.1686214e-04   3.1604967e-04
  -7.8912610e-02   4.6642794e-01   2.2359070e+00   1.9891529e-04   7.7359463e-04   3.3837164e-05
  -9.7080654e-02   4.9577761e-01   2.2276903e+00   1.2070237e-05   4.9667341e-04   1.8391168e-04
  -6.7003185e-02   4.8533532e-01   2.2139340e+00  -5.3567394e-04   9.8805819e-04  -3.4097576e-04
  -8.2202056e-02   4.3813592e-01   2.1996522e+00  -2.2599752e-04   5.0142673e-04   5.2499882e-04
  -1.0757180e-01   4.4232329e-01   2.1867782e+00  -6.5168404e-04   6.5754865e-04   1.8773036e-04
  -9.5111751e-02   3.7591963e-01   2.2224274e+00  -5.1554835e-04   6.2354302e-04   3.8725882e-05
  -1.1624637e-01   4.5395378e-01   2.3316366e+00   5.0479660e-04   1.2374031e-03   9.6366871e-04
  -6.8433547e-02   5.0665658e-01   2.3629182e+00   1.2687817e-03   1.3243505e-03  -3.4043291e-04
  -9.5117099e-02   4.3175131e-01   2.2657122e+00  -9.0037694e-05  -7.9620742e-05   4.4315411e-05
  -7.7731143e-02   4.1864169e-01   2.2370701e+00  -5.1168708e-04   5.0553831e-04  -1.4267424e-04
  -7.1108219e-02   4.5557306e-01   2.2559480e+00   4.8676686e-04   4.5264384e-04  -1.0021394e-04
  -9.0602583e-02   4.0311456e-01   2.2564497e+00  -8.5890350e-04   9.5265817e-04   3.6043007e-04
  -9.7357092e-02   4.6454342e-01   2.3234634e+00   4.0693390e-04   1.2094369e-03   3.7584693e-04
  -5.5824156e-02   4.7827714e-01   2.3189886e+00   2.7515291e-04   5.4531269e-04  -6.9924425e-04
  -8.3065779e-02   4.2706100e-01   2.2674348e+00  -6.5862195e-04   5.7002865e-04   1.4201037e-04
  -9.8252694e-02   4.3205556e-01   2.2636240e+00  -1.5568948e-04  -7.1368210e-06  -8.9309888e-05
  -9.5339885e-02   4.0693655e-01   2.2343706e+00  -1.2126943e-03   3.0278994e-04   4.5530877e-04
  -8.2684643e-02   4.2337095e-01   2.3094992e+00   4.9580696e-04   3.5815230e-04  -1.2054085e-04
  -7.2548058e-02   3.7889770e-01   2.2814789e+00  -3.6156817e-04   6.9914510e-04  -4.7447261e-05
  -6.4681656e-02   4.1871278e-01   2.2638137e+00  -2.9944088e-04   9.9600485e-04   4.8743391e-05
  -7.8067586e-02   4.1571813e-01   2.3488744e+00   6.4548292e-04   4.7416047e-04   1.3440239e-04
  -6.7416917e-02   4.4798207e-01   2.3100228e+00  -7.9111513e-04   4.6193802e-04  -4.1763123e-04
  -9.1157500e-02   4.6092184e-01   2.3798698e+00   4.8221999e-04   4.2982462e-04   2.9287829e-04
  -7.0864003e-02   4.4493728e-01   2.3398336e+00  -5.3148137e-04   3.3615275e-04  -2.1297536e-04
  -7.3062613e-02   4.8478328e-01   2.3375452e+00  -3.3598798e-04   1.0808644e-03   3.3220677e-04
  -6.2825238e-02   4.8110467e-01   2.3563467e+00  -3.5018267e-04   7.0176544e-04  -2.2017660e-04
  -5.8299663e-02   4.6011799e-01   2.3620655e+00  -1.0458775e-04   3.0335552e-04  -1.0507955e-04
  -7.6705991e-02   4.4078731e-01   2.3495979e+00  -2.8250149e-04   9.2705775e-04   2.7425311e-04
  -5.9613509e-02   4.3937996e-01   2.3594352e+00  -7.6194861e-04   7.3215813e-05  -3.7429492e-04
  -7.1696291e-02   4.6528724e-01   2.3826035e+00  -4.1091413e-04   4.3828290e-04  -1.3588783e-04
  -9.2188470e-02   4.6636394e-01   2.3423395e+00  -9.7841410e-04   7.4519033e-04   9.4785109e-04
  -6.8974586e-02   4.6086255e-01   2.3624415e+00  -7.4772011e-04   4.9692819e-04  -2.4481149e-04
  -6.8086539e-02   4.6005729e-01   2.3635571e+00  -8.5582287e-04   5.4542735e-04  -1.4074564e-04
  -8.0687788e-02   4.7585266e-01   2.3963549e+00  -2.8532892e-04   6.2805480e-04   2.2996784e-04
  -7.7234288e-02   4.5116373e-01   2.4046459e+00  -7.4729381e-05   8.5548917e-04   4.7921023e-04
  -7.3311593e-02   4.3988434e-01   2.4401358e+00   2.4615551e-04   7.2349524e-04   5.3499971e-05
  -7.6846376e-02   4.7336015e-01   2.4595894e+00   3.7339230e-04   8.2172613e-04   2.7270703e-04
  -1.0408917e-01   4.7647763e-01   2.4386132e+00  -6.5128884e-04   3.5759085e-04   4.9177151e-04
  -5.1478573e-02   4.6607964e-01   2.4611047e+00   1.4534375e-04   4.6541588e-04  -5.9021422e-04
  -8.8043714e-02   4.7345098e-01   2.4170801e+00  -1.3579825e-03   1.1502593e-03   5.3766739e-04
  -4.8521761e-02   4.7043162e-01   2.4590415e+00   2.2166103e-04   4.1487493e-04   4.8341423e-05
  -6.5592575e-02   4.6791258e-01   2.4470268e+00  -4.7611934e-04   3.3538443e-04   1.1924699e-04
  -8.6951424e-02   4.8924162e-01   2.5034099e+00   5.7522671e-04   1.0234578e-04   5.8291593e-05
  -9.3736469e-02   4.9047937e-01   2.5131492e+00  -4.5979255e-05   1.5649157e-04   2.7649333e-05
  -1.0480870e-01   4.1067044e-01   2.5182072e+00  -6.1078194e-04  -9.1376476e-08   3.6705156e-04
  -6.1464450e-02   5.0760155e-01   2.5705150e+00   4.0103299e-04   8.2162559e-04  -2.4680944e-04
  -7.2553410e-02   4.6823472e-01   2.4767616e+00  -9.4774022e-04   5.2791464e-04   1.0047883e-04
  -8.2464585e-02   4.7981948e-01   2.5506704e+00   1.2557563e-03   3.5326225e-04   4.5956621e-04
  -8.5116607e-02   4.9513715e-01   2.5012926e+00  -8.9328817e-04  -2.0435820e-04   9.4010240e-05
  -7.1346418e-02   4.9173956e-01   2.5234387e+00  -2.7076737e-04   1.4146273e-03  -7.7900220e-05
  -6.8782717e-02   5.0911155e-01   2.5649830e+00   1.6603242e-04   6.7903304e-05  -2.1801378e-04
  -8.9127597e-02   4.7908517e-01   2.5777197e+00   5.6841109e-04   6.6548156e-04   2.2100600e-04
  -8.7560179e-02   4.8696037e-01   2.5499582e+00  -4.4566798e-04   6.0423950e-04  -9.9686731e-06
  -6.1122854e-02   5.0805921e-01   2.5790424e+00  -4.8044045e-04   6.8852734e-05   2.8320208e-05
  -9.2877539e-02   5.1468235e-01   2.6018531e+00  -6.1724963e-05   9.5811778e-04   7.5207575e-05
  -9.5528060e-02   5.4080588e-01   2.6409091e+00   7.8238972e-04   7.9285904e-04   1.8888332e-04
  -1.2154604e-01   5.3193009e-01   2.6614985e+00   4.1181037e-04   2.2758367e-04   9.5798191e-04
  -5.8832741e-02   4.8502364e-01   2.5851041e+00  -9.1855495e-04   9.9531973e-05  -4.1329530e-04
  -9.2619945e-02   4.9302101e-01   2.5548251e+00  -1.1648827e-03   8.7478317e-04   4.2114572e-04
  -6.8518305e-02   5.0220576e-01   2.6164192e+00   1.3074344e-04   2.8512629e-04  -2.4737030e-04
  -7.1566216e-02   5.0255561e-01   2.6050748e+00  -5.1495408e-04   1.8094609e-04  -2.8236758e-04
  -8.3297165e-02   5.0234556e-01   2.6231747e+00   5.1984895e-05  -1.8627586e-05   1.2931409e-04
  -8.4634854e-02   4.7242434e-01   2.5731216e+00  -5.8124595e-04   5.7052520e-04   5.4771835e-05
  -7.7771041e-02   4.9330408e-01   2.5981562e+00   3.2184849e-04  -4.9892849e-05  -4.0903865e-05
  -7.7581470e-02   5.0596869e-01   2.6004402e+00  -6.2252116e-04   2.5045903e-04   3.7306786e-04
  -5.4194536e-02   5.1496722e-01   2.6044844e+00  -7.0507577e-04   3.5632608e-04  -1.8749107e-04
  -6.0122356e-02   5.0247094e-01   2.6280469e+00  -7.8242433e-04   7.4545905e-04  -4.3222466e-04
  -9.1197855e-02   5.5703589e-01   2.6571123e+00   5.3482717e-05   3.2135889e-04   5.2801933e-04
  -7.7032618e-02   5.0092839e-01   2.6370322e+00  -5.9209853e-04   6.3221578e-05   3.2849143e-04
  -6.6782947e-02   5.2862821e-01   2.6542464e+00  -8.1038349e-04   6.3782752e-04   3.6042066e-04
  -7.4123645e-02   5.2886108e-01   2.6617783e+00  -2.2140769e-04   6.9798415e-04   2.5867440e-04
  -7.2826151e-02   5.0187650e-01   2.6718979e+00  -2.9133812e-04   7.7493593e-04   5.2819436e-04
  -9.3824122e-02   4.9950072e-01   2.6561697e+00  -7.6521568e-04  -1.8883069e-04   6.9371237e-04
  -7.8455402e-02   4.9044889e-01   2.6671205e+00  -9.9641522e-04   1.3264261e-04   2.1709466e-04
  -5.0065808e-02   5.0464930e-01   2.6412586e+00  -1.0395270e-03  -1.1004839e-04  -4.7798369e-04
  -5.0301980e-02   5.2699713e-01   2.7099830e+00  -1.2938362e-04   3.4883767e-04  -2.7491057e-04
  -7.9819467e-02   5.8314637e-01   2.7628959e+00   6.1440741e-04   3.1984937e-04  -4.1407587e-04
  -7.4860168e-02   5.2775529e-01   2.7561987e+00  -3.1236100e-05   2.4536207e-04   1.5662701e-05
  -9.2823503e-02   4.9649316e-01   2.7538816e+00   1.1431300e-04   1.8226156e-04   4.6823513e-04
  -7.0149039e-02   4.9583286e-01   2.7002423e+00  -7.1483517e-04   6.0416456e-04   1.8867906e-05
  -5.7609999e-02   4.9963673e-01   2.7584913e+00   4.4046263e-04   5.7287881e-04   6.5179916e-05
  -7.8613054e-02   5.3326787e-01   2.7326076e+00  -1.0397903e-03   6.8232596e-04   9.9071620e-05
  -7.5288964e-02   5.2399420e-01   2.8470785e+00   1.4065025e-03   8.2669565e-04   2.5760993e-04
  -8.3591388e-02   5.6463161e-01   2.8581083e+00   6.6353107e-05   5.2473068e-04   9.2794347e-05
  -7.4974575e-02   5.7093215e-01   2.8159192e+00  -2.7313217e-05  -1.4619063e-06   1.6056341e-04
  -9.6384013e-02   5.9398177e-01   2.8073438e+00  -1.0404702e-04   2.9228195e-04   2.3800960e-04
  -7.4566601e-02   5.5113297e-01   2.8225350e+00   2.1304063e-04   1.6570497e-04   1.9471221e-04
  -6.9650529e-02   5.6835913e-01   2.8055445e+00  -5.0173530e-04   6.1430714e-04  -1.6167913e-04
  -6.8949312e-02   5.7175626e-01   2.8358653e+00   3.5292240e-05  -7.9520239e-05  -1.1476899e-04
  -6.7031391e-02   5.8298273e-01   2.7988417e+00  -2.6462917e-04   2.3648708e-04   1.6343342e-04
  -5.9180321e-02   5.4708930e-01   2.8138272e+00  -3.0929095e-04   1.3620932e-04   1.0811695e-04
  -8.2571322e-02   5.7002118e-01   2.8045431e+00  -5.9754457e-04  -1.8351065e-05   1.4251287e-05
  -7.4075253e-02   5.4187416e-01   2.8384196e+00   1.0330305e-04  -2.8045591e-04   3.0668380e-05
  -7.2126770e-02   5.5471808e-01   2.8702238e+00   8.2990621e-04   7.0364563e-04   5.9546956e-04
  -7.7440219e-02   5.4878509e-01   2.9428428e+00   9.8400165e-04   4.9744185e-05   1.6753307e-04
  -7.2980080e-02   5.6016706e-01   2.9516271e+00   2.0273516e-04   6.6397604e-04   3.9243972e-04
  -9.9045034e-02   5.4242278e-01   2.9795105e+00  -3.0358216e-05   1.1719219e-03   9.3973628e-04
  -5.7990178e-02   5.2897175e-01   2.9944188e+00   3.3512191e-04   2.0073320e-04  -2.1715887e-04
  -9.6270881e-02   5.7100917e-01   2.8865403e+00  -5.6592964e-04  -1.5241765e-06   3.1735411e-04
  -8.2639953e-02   5.5970577e-01   2.8702062e+00  -4.1958557e-04   7.9195432e-04   4.4884625e-04
  -7.3938197e-02   5.6098835e-01   2.8940609e+00  -7.2515773e-05   1.6732977e-04   4.0854705e-04
  -7.0828665e-02   5.4107794e-01   2.8711114e+00  -7.8323061e-04   4.7308438e-05   5.3036913e-04
  -6.2704919e-02   5.9353237e-01   2.9275486e+00   1.4901534e-04   3.6224890e-04   1.8062830e-04
  -9.1658819e-02   5.3636525e-01   2.8960040e+00  -8.0697124e-04   5.2326707e-04   2.3815310e-04
  -6.3518329e-02   5.5198193e-01   2.9904516e+00   9.0485551e-04   8.1444424e-04   9.2001250e-05
  -6.9308643e-02   5.7723660e-01   3.0248970e+00   3.3998715e-04  -1.0251639e-04   1.3368579e-04
  -8.1890992e-02   6.0370336e-01   2.9845764e+00  -2.4056889e-05   2.8519910e-04   4.8452648e-04
  -7.7648421e-02   5.5794585e-01   2.9098643e+00  -6.7552780e-04  -1.2410123e-04   4.9670289e-04
  -6.1430038e-02   5.7153869e-01   2.8982140e+00  -9.9369194e-04  -5.5138723e-04  -5.9943641e-04
  -5.2757405e-02   5.6978608e-01   2.9409380e+00  -3.3618732e-04   4.2845274e-04  -1.5105899e-04
  -4.8808183e-02   5.9639916e-01   2.9397554e+00  -9.9674228e-04  -6.7023403e-05   7.2270337e-05
  -4.7335747e-02   5.6469747e-01   2.9253133e+00  -1.0637978e-03   1.7108910e-04  -1.2698048e-04
  -6.3161954e-02   5.4248775e-01   2.9226732e+00  -7.1501233e-04  -9.7106616e-05   2.6008764e-04
  -8.7199864e-02   5.5391703e-01   2.9203847e+00  -9.4366884e-04  -3.4749223e-04   4.1634429e-04
  -5.7350720e-02   5.6865754e-01   2.9789603e+00  -1.2963701e-04   7.3300601e-04   1.4552343e-04
  -5.8803720e-02   5.5008505e-01   2.9331834e+00  -1.4700451e-03   3.9257294e-04   2.7475240e-04
  -6.7725180e-02   5.3481659e-01   2.9463490e+00  -1.5703881e-03   4.7592998e-04   3.3482137e-04
  -1.9857187e-02   5.9443296e-01   2.9820419e+00  -2.7399454e-04  -2.0288901e-04  -6.1874635e-04
  -6.1906808e-02   5.6530375e-01   2.9650598e+00  -9.5100218e-04   9.4366832e-05   1.9160458e-04
  -5.3396346e-02   5.9252482e-01   2.9682767e+00  -7.1450470e-04   1.9138693e-04   4.5426444e-05
  -7.8615073e-02   6.0031697e-01   2.9767463e+00  -9.7975371e-04   2.7632125e-04   4.1611429e-04
  -5.8031538e-02   5.7318719e-01   2.9881581e+00  -1.1576830e-03   3.6685674e-04   2.8493427e-04
  -4.2489325e-02   6.0100323e-01   3.0162047e+00  -5.2977328e-04   5.0003215e-04  -2.4226792e-04
  -5.2328449e-02   5.8730107e-01   2.9813665e+00  -1.7205712e-03   3.6331838e-04   1.4202980e-04
  -7.9556360e-02   5.8616117e-01   3.0106896e+00  -6.1976294e-04  -3.7251616e-04   5.0789318e-04
  -6.9174122e-02   6.0463300e-01   3.0334732e+00  -7.7257477e-04   5.1542699e-05   1.7665866e-04
  -9.0481542e-02   6.0611320e-01   3.0278100e+00  -1.1207078e-03  -1.5562518e-05   7.2575014e-04
  -5.2291165e-02   5.6142895e-01   3.0674206e+00  -5.0811181e-04  -2.2457097e-04  -6.2533202e-04
  -6.9053016e-02   5.7748414e-01   3.0168164e+00  -1.3825331e-03   2.6561087e-04   6.5665061e-04
  -7.2019208e-02   5.5259843e-01   3.0422471e+00  -4.7428670e-04  -3.3285479e-04   2.1396993e-05
  -5.0670110e-02   5.8017410e-01   3.0198054e+00  -1.4104042e-03   2.0214810e-04   2.9099448e-05
  -3.8975055e-02   5.7350223e-01   3.0720564e+00  -6.9628213e-04   5.2714131e-04   2.6729526e-04
  -5.6424430e-02   6.2319526e-01   3.0968720e+00  -7.8970186e-04   1.9680444e-04   2.5126950e-05
  -4.7617450e-02   6.3931529e-01   3.1189071e+00  -7.1106168e-04   4.3681041e-04  -3.0777734e-05
  -7.3439702e-02   5.8681473e-01   3.0910415e+00  -8.3660398e-04  -2.4385661e-05   3.3943686e-04
  -7.4219242e-02   5.8957213e-01   3.1021905e+00  -7.3660525e-04   1.1761959e-04   7.8684077e-05
  -5.2020253e-02   5.8983947e-01   3.1524633e+00  -6.6846311e-04   4.3936715e-04  -6.3089627e-04
  -7.3852054e-02   5.8628751e-01   3.1592313e+00  -9.0127174e-04   7.7394540e-04   8.9319791e-04
  -7.2536288e-02   5.3785807e-01   3.1424368e+00  -1.0558699e-03   9.4803508e-04   6.6535810e-04
  -8.2136074e-02   6.0191247e-01   3.2587016e+00   7.7818446e-04   3.4073622e-04   5.0764611e-04
  -1.0361455e-01   6.3860294e-01   3.2312480e+00   1.3825587e-04   1.5181924e-04   7.4477786e-04
  -3.7038176e-02   6.1660692e-01   3.1521212e+00  -1.1268258e-03   2.4996387e-04  -4.5994918e-04
  -6.6380539e-02   6.2614546e-01   3.1791268e+00  -7.3690201e-04   4.3840027e-04   3.3169198e-04
  -3.2301640e-02   5.8264181e-01   3.1598014e+00  -1.1230429e-03   9.0263724e-04  -2.7901115e-04
  -9.2341570e-02   5.6624062e-01   3.1918336e+00  -3.9003325e-04   4.3953459e-04   2.0463175e-04
  -5.6979612e-02   6.0266487e-01   3.2764431e+00  -1.3038755e-04   5.3048787e-04  -1.0198161e-04
  -5.7746093e-02   6.0164105e-01   3.2956784e+00  -7.0327848e-05   2.6344318e-04   1.0488839e-05
  -3.3332398e-02   6.4576577e-01   3.3479651e+00   4.3248141e-06   1.0273662e-03  -5.9358308e-04
  -6.8100925e-02   6.3583345e-01   3.2589992e+00  -1.2567070e-03   1.5759623e-04   2.4245399e-05
  -4.2831302e-02   6.2828362e-01   3.2125623e+00  -6.2362180e-04   8.2930038e-05  -2.0817704e-04
  -5.1799645e-02   6.2938087e-01   3.2159745e+00  -4.9565892e-04   1.1249691e-04   2.1189304e-04
  -4.1023146e-02   6.4659882e-01   3.2229473e+00  -1.1965113e-03  -5.5476787e-05  -1.1845815e-04
  -3.8838287e-02   6.3793347e-01   3.2274355e+00  -9.9603648e-04   9.4757255e-04  -1.6600416e-04
  -7.4662798e-02   6.5273420e-01   3.2241662e+00  -1.1262524e-03   2.4175833e-05   4.9431356e-04
  -4.6728481e-02   6.6281376e-01   3.2398814e+00  -8.7391630e-04   3.0500583e-05  -3.5264859e-04
  -8.7088673e-02   6.1332579e-01   3.2885101e+00  -7.8015354e-04   5.7160405e-05   7.7417107e-04
  -5.0810816e-02   6.7164266e-01   3.3170496e+00  -6.1838953e-04   1.0647107e-03   4.0262897e-05
  -8.1173896e-02   6.4326097e-01   3.3892849e+00   8.9583005e-05   3.9169663e-04   3.3237771e-04
  -6.8416090e-02   6.9092686e-01   3.3686565e+00  -3.3305887e-04   1.8930830e-04   2.0201313e-04
  -7.8692968e-02   6.2121020e-01   3.2932004e+00  -1.2535754e-03  -1.3816207e-04   7.3024119e-04
  -7.3341926e-02   6.3521943e-01   3.2654386e+00  -1.4557515e-03  -6.3028361e-04   2.5131891e-04
  -3.3854433e-02   6.4449391e-01   3.2711926e+00  -9.9295087e-04  -1.6857500e-04  -4.2734322e-04
  -6.0765904e-02   6.3342455e-01   3.2986464e+00  -1.0531136e-03  -1.7241289e-04   2.7303381e-04
  -9.4227940e-02   6.1057976e-01   3.3431106e+00   3.2530626e-04   9.3375152e-06   8.7712469e-04
  -9.6837151e-02   6.3139115e-01   3.3511059e+00  -6.1528890e-04  -1.6330817e-04   8.9863958e-04
  -7.3688647e-02   6.8559360e-01   3.3993930e+00  -3.9581921e-04   4.6169457e-04  -1.8705011e-04
  -8.7473221e-02   6.4136837e-01   3.4771866e+00   9.2723860e-04  -5.1539067e-04   3.1397446e-04
  -6.8624388e-02   6.6379364e-01   3.3712266e+00  -1.1312776e-03   4.3620213e-04   2.3827800e-04
  -8.0005177e-02   6.5681248e-01   3.3284141e+00  -6.9544156e-04  -3.0700530e-04   3.3265593e-04
  -6.9115053e-02   6.1383001e-01   3.3195844e+00  -9.2472626e-04   9.4628511e-05   1.1457263e-04
  -4.8507112e-02   6.4043567e-01   3.2899944e+00  -1.6781723e-03  -7.9270605e-05  -2.4939181e-04
  -7.6387233e-02   6.3462557e-01   3.3404743e+00  -5.7158752e-04  -2.5192369e-04   3.2159766e-04
  -5.6447618e-02   6.2872607e-01   3.3128317e+00  -1.6465831e-03  -3.6526872e-04   3.0400383e-05
  -6.9773502e-02   6.2059750e-01   3.3378669e+00  -3.9930861e-04  -8.6648167e-04  -2.8818593e-04
  -6.8980596e-02   6.1522857e-01   3.3390194e+00  -1.1115113e-03  -4.5539721e-05   2.5309880e-04
  -6.6498736e-02   6.2403137e-01   3.3248286e+00  -1.7016632e-03  -3.8520951e-04   1.2458259e-04
  -7.9226449e-02   6.6154739e-01   3.3465995e+00  -9.4331844e-04  -6.0601696e-04   7.8901664e-04
  -6.6175329e-02   6.2434790e-01   3.3750103e+00  -1.2246191e-03  -6.1219522e-04   4.1978632e-04
  -7.0604678e-02   6.5363771e-01   3.3791159e+00  -1.0552624e-03  -1.2331903e-04   8.8045202e-04
  -3.0098265e-02   6.1325268e-01   3.3349758e+00  -1.6813025e-03  -3.2333944e-04  -4.6710460e-04
  -6.3072561e-02   6.0919476e-01   3.3397530e+00  -1.0571321e-03   4.8590172e-04   3.7523387e-04
  -6.8756473e-02   6.2377422e-01   3.3915913e+00  -1.0133930e-03  -9.2002358e-04   2.5042701e-04
  -2.8983508e-02   6.5044090e-01   3.3903955e+00  -1.2986555e-03   4.6670734e-04  -2.1052866e-04
  -3.1617971e-02   6.5451203e-01   3.4093736e+00  -1.1252401e-03  -2.3177998e-04  -4.0481698e-04
  -5.3829443e-02   6.6462419e-01   3.3726952e+00  -2.2420959e-03  -2.8027462e-04  -2.9702311e-05
  -4.1674402e-02   6.8980567e-01   3.4504702e+00  -3.9477626e-04   4.9120628e-04  -6.9929417e-05
  -4.1009338e-02   6.6227410e-01   3.4057404e+00  -1.5209895e-03  -7.4699162e-05  -4.7558883e-04
  -6.2666588e-02   6.6929719e-01   3.4731563e+00  -2.0679865e-04  -3.7355931e-05  -1.8893924e-06
  -7.6020857e-02   6.1354083e-01   3.4564386e+00  -1.2296129e-03  -4.0370360e-04   3.8561533e-04
  -6.0028034e-02   6.4881702e-01   3.4415938e+00  -1.3238865e-03  -1.9967975e-04  -2.9555390e-05
  -5.9298571e-02   6.4051017e-01   3.4557095e+00  -5.3002486e-04  -6.6190610e-04  -6.0749617e-05
  -6.0194723e-02   6.2907364e-01   3.4348927e+00  -1.3838043e-03   6.1761627e-05  -1.1483125e-04
  -7.4332386e-02   6.8537587e-01   3.4856830e+00  -7.5435778e-04  -2.0643086e-04   5.1144529e-04
  -6.0639643e-02   6.8632879e-01   3.4716283e+00  -1.9221980e-03  -1.0173384e-03   4.4391133e-04
  -5.4551355e-02   6.9996090e-01   3.5793732e+00   2.0341464e-04  -7.4525972e-04   1.6841772e-04
  -6.2285885e-02   6.9423633e-01   3.5911347e+00  -2.6351880e-04   9.6191073e-05   3.4167768e-04
  -7.6642342e-02   7.2599918e-01   3.6610634e+00   7.9593789e-04   3.0183527e-04   4.3834877e-04
  -6.6424229e-02   7.0322982e-01   3.5866196e+00  -4.8203821e-04  -5.0091399e-04  -1.5910578e-05
  -5.0484331e-02   6.8717289e-01   3.5275925e+00  -1.2062813e-03   1.8060596e-04   1.2155169e-04
  -4.7678427e-02   6.7114162e-01   3.6036109e+00  -2.9348278e-04   4.1421875e-04   1.7407426e-05
  -5.2603994e-02   7.0058319e-01   3.6457418e+00  -3.6015843e-04   4.3374048e-04  -4.5904653e-05
  -6.9684302e-02   6.7745161e-01   3.7276843e+00   7.7438774e-04   3.5960488e-04   6.2879582e-04
  -7.2729039e-02   7.3460805e-01   3.6752750e+00  -7.1776878e-04   1.8459389e-04   6.6797110e-05
  -7.1533245e-02   6.8905421e-01   3.5836641e+00  -1.2198912e-03   8.1800790e-05   5.8096787e-04
  -5.9059146e-02   6.8240306e-01   3.5909832e+00  -7.9106471e-04  -7.4624492e-04   4.8877013e-05
  -4.9673403e-02   6.4517956e-01   3.5525090e+00  -1.0760001e-03  -5.1655787e-04  -2.1420768e-04
  -9.4716319e-02   6.8316808e-01   3.5983236e+00  -6.5323904e-04  -6.1610042e-05   1.3137535e-03
  -6.4120375e-02   7.2441416e-01   3.7251352e+00   9.1964195e-04   3.7580524e-04   4.6251177e-05
  -9.7809295e-02   6.9587129e-01   3.7337152e+00   5.0581319e-04  -1.6617747e-04   5.6191808e-04
  -4.7980339e-02   7.1437136e-01   3.6045406e+00  -1.7680676e-03  -5.0729866e-05   9.7416035e-05
  -7.8388097e-02   7.0598559e-01   3.5811286e+00  -1.3962045e-03  -1.0874076e-03   2.8409216e-04
  -7.1128571e-02   7.2551886e-01   3.5821397e+00  -1.7439186e-03  -4.9546619e-04   4.2711565e-04
  -3.5807400e-02   7.0122623e-01   3.6461462e+00  -6.1746740e-04  -1.3041290e-05  -3.3528024e-04
  -6.7633953e-02   7.4152867e-01   3.6371625e+00  -1.5765038e-03  -7.1485712e-04   2.1857841e-04
  -3.0618505e-02   6.8953757e-01   3.6184483e+00  -1.2760458e-03  -2.6137993e-04  -3.5242260e-04
  -7.8121175e-02   6.8680971e-01   3.6459724e+00  -4.2074473e-04  -3.6069127e-04   2.4891480e-04
  -8.5653608e-02   7.0970746e-01   3.6299030e+00  -1.5904703e-03  -5.4076855e-04   6.0213101e-04
  -5.6011833e-02   7.5260138e-01   3.6440205e+00  -1.0279933e-03  -1.2706341e-04   9.4453695e-04
  -9.0030909e-02   7.0365025e-01   3.6415142e+00  -1.3237167e-03  -1.0659254e-03   8.3593600e-04
  -5.3640631e-02   7.2264327e-01   3.6756410e+00  -9.5575462e-04  -1.6903838e-04   1.5160185e-04
  -5.4089299e-02   7.1577055e-01   3.7516357e+00  -3.7602359e-04  -1.3545084e-04   9.9312503e-05
  -7.6410375e-02   7.3807999e-01   3.7603545e+00  -8.1739597e-04   7.1822682e-04   4.1581003e-04
  -6.6684333e-02   7.4144266e-01   3.8368759e+00   3.1155594e-04   1.9397707e-04   1.4456792e-04
  -7.3020925e-02   7.5747700e-01   3.8209522e+00  -4.5144012e-04  -6.5523240e-05   5.9743293e-04
  -5.2215078e-02   7.3351403e-01   3.7251385e+00  -1.1131242e-03   3.4590324e-04   7.1148780e-05
  -2.3595540e-02   6.8291130e-01   3.6516277e+00  -2.3541059e-03  -3.1487038e-04  -7.2663969e-04
  -5.8806092e-02   6.8997571e-01   3.6867052e+00  -9.6944514e-04  -4.5512139e-04   3.9834099e-04
  -8.0643515e-02   7.2955124e-01   3.6828935e+00  -1.4419319e-03  -5.2950329e-04   5.3769039e-04
  -7.1628669e-02   7.1382667e-01   3.7160663e+00  -9.4100310e-04  -1.2451837e-04   6.3150418e-04
  -4.0637780e-02   7.1267716e-01   3.7138398e+00  -1.1398836e-03  -3.4966665e-04  -1.3462964e-04
  -4.8663804e-02   7.1993985e-01   3.6872125e+00  -2.0881997e-03  -2.4525303e-04   1.8856707e-04
  -4.1364151e-02   6.9822958e-01   3.7132410e+00  -1.3877115e-03  -2.9276264e-04  -3.8974067e-04
  -3.7813406e-02   7.0027243e-01   3.7228014e+00  -1.6674759e-03  -4.8639922e-04  -3.3320920e-04
  -3.3986966e-02   7.3197997e-01   3.7286912e+00  -1.2240536e-03  -4.3550902e-04  -5.1401876e-04
  -3.8838506e-02   7.2660198e-01   3.7771929e+00  -1.2343844e-04   7.2112951e-05   1.2737947e-04
  -4.7699873e-02   7.3368755e-01   3.7233294e+00  -1.8098253e-03  -7.8241067e-04   3.8618920e-04
  -4.5347129e-02   7.2104015e-01   3.7848974e+00  -6.7982799e-04   8.8607527e-05   1.5946335e-04
  -4.0581904e-02   7.2026450e-01   3.7387523e+00  -2.3528762e-03  -5.8656714e-04  -2.0261709e-05
  -3.0091178e-02   7.1365906e-01   3.7418374e+00  -1.4757547e-03   1.7709840e-04  -3.8801618e-04
  -5.5412171e-02   7.0045228e-01   3.7781476e+00  -1.0828281e-03  -1.1456635e-03  -9.9764569e-05
  -7.2953747e-02   6.8748083e-01   3.7503911e+00  -2.2432318e-03  -7.5693614e-04   6.3820786e-04
  -5.9764835e-02   6.9540337e-01   3.7513963e+00  -1.5890360e-03  -6.7385972e-04   2.4189931e-04
  -4.8357390e-02   7.1030330e-01   3.7352504e+00  -2.2443423e-03  -5.0391298e-04  -1.6585550e-04
  -2.4874244e-02   7.3896401e-01   3.7983299e+00  -5.8969543e-04  -1.6928689e-04  -3.0082356e-04
  -4.9122724e-02   7.1825504e-01   3.8003890e+00  -1.5753049e-03   3.9147680e-06   3.3539927e-04
  -6.6091945e-02   7.2208270e-01   3.8077257e+00  -2.1610776e-03  -6.0710858e-04   4.6937000e-04
  -6.1760849e-02   7.0709712e-01   3.8221463e+00  -1.1084348e-03   3.0983883e-04   5.1251890e-04
  -5.4638393e-02   7.1238248e-01   3.8045415e+00  -1.8305520e-03   3.9012419e-04   4.0569448e-04
  -4.1261040e-02   7.4422599e-01   3.8220775e+00  -1.2872048e-03   1.6863460e-04  -1.9443792e-05
  -3.1946204e-02   7.6227433e-01   3.8344951e+00  -1.6628012e-03  -2.3222227e-04  -5.9669444e-04
  -7.6806412e-02   7.2317483e-01   3.8266662e+00  -1.7973863e-03  -1.5726087e-04   8.5124225e-04
  -4.7787405e-02   7.1795166e-01   3.8427483e+00  -1.5019822e-03  -2.7973351e-04   1.5122769e-04
  -7.5769267e-02   7.0911536e-01   3.9030186e+00  -7.2157005e-04  -4.0188765e-04   5.3177593e-04
  -5.7690142e-02   7.5922734e-01   3.9594082e+00  -1.0609016e-04  -2.1751650e-04   4.8138273e-04
  -3.4353297e-02   7.5710612e-01   3.9602517e+00   9.9670010e-05   3.9188211e-04  -3.4639605e-04
  -5.1841934e-02   7.2783501e-01   3.9176873e+00  -1.3196303e-03   8.6455120e-05  -2.8224914e-04
  -6.0785580e-02   7.5447554e-01   3.9519078e+00  -7.0995633e-04  -2.7268868e-04   2.8496349e-04
  -5.0653611e-02   7.8048019e-01   3.9384427e+00  -1.3230894e-03   2.1710334e-04   2.7637472e-04
  -4.7325782e-02   7.4652430e-01   3.9579834e+00  -7.2300134e-04  -4.5493651e-04  -5.5235142e-05
  -5.4133341e-02   7.3559665e-01   4.0055671e+00  -5.1205961e-04  -7.8973993e-04   1.5075420e-04
  -6.6793007e-02   7.6734659e-01   4.0789360e+00   3.2834267e-04   4.1714326e-04   4.8010842e-04
  -6.1176673e-02   7.7991298e-01   4.1018643e+00   5.9333829e-04  -3.5903809e-06   5.0122784e-04
  -8.4266646e-02   7.5814045e-01   3.9722451e+00  -1.4200765e-03  -4.5157278e-04   8.6046844e-04
  -3.4465163e-02   7.4336562e-01   3.9741520e+00  -5.1916130e-04   1.1069228e-05  -9.1738278e-05
  -7.3069211e-02   7.2612986e-01   3.9768261e+00  -7.1737302e-04  -2.4659383e-04   5.2404693e-04
  -7.5685504e-02   7.5224250e-01   4.0117608e+00  -8.4982126e-04  -5.6208139e-04   4.2508747e-04
  -3.6154231e-02   7.6735921e-01   3.9517858e+00  -1.7955362e-03  -7.4031514e-05  -1.7050409e-04
  -4.9927792e-02   7.8136393e-01   4.0186850e+00  -2.1586058e-04  -2.7402764e-04  -4.3720511e-05
  -6.8120713e-02   7.6658696e-01   3.9704085e+00  -1.4744021e-03  -6.2093169e-05   2.9112683e-05
  -6.0379870e-02   7.7135446e-01   3.9992945e+00  -8.1615042e-04  -2.2532285e-05   7.3984017e-04
  -8.1052597e-02   7.8087988e-01   4.0452301e+00  -5.3730211e-04   3.4026133e-05   3.4546027e-04
  -5.5942321e-02   7.5101308e-01   4.0150198e+00  -1.2515088e-03  -2.0672462e-04   3.0221824e-04
  -4.5099379e-02   7.6053809e-01   4.0296750e+00  -9.4658373e-04  -9.0877199e-04  -3.2530574e-04
  -5.6470926e-02   7.5148689e-01   3.9760624e+00  -1.9476726e-03  -1.0751607e-03  -2.6332986e-04
  -4.8801761e-02   7.3775446e-01   4.0028884e+00  -1.1353879e-03  -4.4664294e-04  -6.4918485e-06
  -4.6361179e-02   7.6420456e-01   3.9877295e+00  -1.6070643e-03  -6.3877137e-04  -1.8415189e-04
  -6.5704766e-02   7.3538883e-01   4.0044248e+00  -7.9851053e-04  -5.6121774e-04   3.3107080e-04
  -6.3299581e-02   7.4053766e-01   4.0299246e+00  -1.0241703e-03  -6.4233094e-04   5.3880620e-04
  -7.5890678e-02   7.6941730e-01   4.0657458e+00  -4.2005888e-04  -6.4513426e-04   4.8585983e-04
  -4.8695895e-02   7.4976934e-01   4.0180366e+00  -1.7351985e-03  -4.5017550e-04   8.3761394e-05
  -4.8872582e-02   7.8488128e-01   4.0189646e+00  -1.5210740e-03  -5.8145523e-04  -6.4546090e-05
  -4.0640791e-02   7.3049309e-01   4.0326010e+00  -1.4885625e-03  -2.7872154e-04  -6.0574595e-05
  -3.8920191e-02   7.4242237e-01   4.0210134e+00  -1.7271728e-03  -2.3668567e-04  -3.2430689e-04
  -1.8569685e-02   7.5027741e-01   4.0090546e+00  -1.8837081e-03  -4.5543080e-04  -4.7992514e-05
  -5.7710670e-02   7.3862355e-01   4.0048937e+00  -2.5987605e-03  -8.7233978e-04   1.6448804e-04
  -1.6634458e-02   7.8638607e-01   4.0633634e+00  -1.4453699e-03  -3.9864769e-04  -7.6586716e-04
  -6.2981387e-02   7.8492815e-01   4.0396307e+00  -2.3950769e-03  -5.9505065e-04   9.9570603e-04
  -3.5020634e-02   7.8269294e-01   4.0811931e+00  -1.2099354e-03  -5.2398785e-05  -2.4729361e-04
  -5.2974060e-02   7.5215353e-01   4.0882843e+00  -1.4812328e-03  -1.3073823e-03   9.6022627e-05
  -1.6834753e-02   8.2032334e-01   4.0540976e+00  -2.0302720e-03  -5.7690322e-04  -5.5270866e-04
  -1.2592212e-02   7.8701305e-01   4.0953802e+00  -1.5374742e-03  -7.1634663e-05  -2.2277831e-04
  -6.0559808e-02   7.9016180e-01   4.1084258e+00  -1.4363984e-03  -4.2488242e-04   1.1530549e-04
  -3.7697713e-02   7.6676448e-01   4.1242873e+00  -7.0580925e-04  -3.8766313e-04  -3.6551566e-04
  -4.8254928e-02   7.6553312e-01   4.1228318e+00  -1.2557643e-03  -9.4275144e-04  -1.6144308e-04
  -4.5446179e-02   7.5597598e-01   4.1328829e+00  -1.1387195e-03   4.7725049e-04   1.8079466e-04
  -5.1335629e-02   8.0336037e-01   4.1150453e+00  -1.7991464e-03  -6.7613499e-04   4.6009712e-04
  -5.6775464e-02   7.5877239e-01   4.1228667e+00  -1.3465861e-03  -2.4308575e-04   2.0864060e-04
