  -6.4022286e-15   0.0000000e+00   7.3312028e-15   5.3808971e-18   1.7138030e-18  -7.7037198e-34
   1.4644456e-02  -2.5876681e-02  -2.5962904e-02  -3.2989176e-04  -2.9431579e-04  -2.9086238e-04
   6.5206207e-03  -3.3755198e-02  -1.5560771e-02   2.1630802e-04   2.3161903e-04   5.6380713e-05
   1.6662582e-02  -4.8961179e-04   1.8072925e-03   5.2460288e-04   2.6414218e-05  -5.9785387e-04
  -3.3068159e-03  -2.2870731e-02  -5.3831245e-02  -3.5781518e-04   3.5997102e-04   6.5302270e-04
  -5.0354666e-05  -3.2655121e-02  -4.4050187e-02  -5.2477182e-04  -2.6096588e-04  -3.8773493e-04
   1.4049805e-03  -3.4247019e-02  -3.6688864e-02  -3.0759488e-04  -3.1742972e-04  -3.3363336e-04
   8.4216512e-04  -2.4756474e-02  -7.2080149e-02  -7.9038328e-04   4.2074956e-04  -1.5028827e-05
   8.4706757e-03  -4.7688370e-02  -5.1625776e-02  -5.4157399e-04   1.1728950e-04  -4.5877806e-04
   2.0763502e-02  -3.9103522e-02  -5.3766866e-02  -7.3052805e-04  -2.2218234e-04  -7.3759392e-04
   1.5712275e-03  -3.3498048e-02  -8.4902059e-02  -6.9281464e-04  -9.9043085e-05   1.4938469e-04
  -3.4414724e-03  -5.6533183e-02  -6.2749247e-02  -7.2631666e-04  -7.9264310e-05  -1.1555049e-04
  -1.0028755e-02  -5.5976606e-02  -8.4074224e-02  -1.1753009e-03  -9.2570304e-05   1.9876516e-04
   1.4591697e-02  -4.2249846e-02  -1.0931081e-01  -7.8528593e-04   1.3278676e-04   8.3257962e-05
   4.6891444e-03  -5.3679648e-02  -9.3030072e-02  -6.6016883e-04   1.2133808e-05  -6.8148547e-04
  -2.0508751e-02  -4.8606271e-02  -8.3608833e-02  -2.1435585e-04  -7.3255263e-04  -2.5093824e-05
   2.2002686e-03  -4.2251455e-02  -1.0559043e-01  -9.9891433e-04  -6.4536987e-04  -5.2466655e-04
  -1.9127500e-03  -2.8796062e-02  -9.2810446e-02  -4.0847057e-04  -8.7567583e-05  -8.1545902e-04
  -1.6489116e-02  -4.1864514e-02  -1.0121235e-01  -6.3819019e-04   1.1357889e-04  -2.2762307e-04
  -1.5393134e-02  -4.6508689e-02  -9.2274521e-02  -2.6365830e-04  -5.0456934e-05  -7.8888906e-06
  -1.9787173e-02  -5.9795193e-02  -1.2042115e-01  -1.0638979e-03   3.1176702e-04  -6.6481490e-05
  -2.0759636e-02  -7.1701495e-02  -1.2704517e-01  -1.4225345e-03   1.9781505e-04   2.2684714e-05
  -1.8058180e-02  -5.5926318e-02  -1.0220362e-01  -8.8262302e-04  -4.7380663e-04  -2.2829540e-04
  -3.2898903e-02  -7.1837521e-02  -1.0069322e-01  -9.7866511e-04  -1.2263489e-04  -1.2533853e-04
  -1.9555779e-02  -7.4783427e-02  -1.1469726e-01  -8.3781966e-04   2.6209359e-04  -6.9612707e-04
  -3.0745787e-02  -6.9680631e-02  -9.2253826e-02  -6.2196693e-04   4.8768574e-04  -8.7145202e-05
  -3.4774680e-02  -5.6745640e-02  -7.8111333e-02  -1.2444416e-05   9.7144442e-05  -3.1208768e-04
  -3.0118304e-02  -8.0153831e-02  -9.7584029e-02  -4.5937135e-04   3.3682458e-05  -3.2400523e-04
  -3.6307102e-02  -7.0789916e-02  -8.0706098e-02  -5.1429727e-04  -1.9093592e-04  -4.0524544e-04
  -2.2501636e-02  -5.7727738e-02  -1.0883920e-01  -1.2774436e-03  -2.9522449e-04  -6.8907883e-04
  -3.0754373e-02  -6.0598306e-02  -1.0227707e-01  -1.1292671e-03  -5.2481142e-04  -4.2332547e-04
  -2.7376395e-02  -7.2053374e-02  -7.9827756e-02  -8.4538004e-04   1.7608877e-05  -1.5001030e-04
  -4.9444073e-02  -6.6600841e-02  -9.3738059e-02  -9.9461680e-04   2.9127126e-04   2.7149762e-04
  -5.1768005e-02  -9.8385519e-02  -4.5751994e-02   6.5896779e-05   1.4261678e-04  -8.1147898e-05
  -2.8135445e-02  -8.9253737e-02  -7.7144282e-02  -9.5079994e-04   3.3469105e-04  -3.3721342e-04
  -3.6377784e-02  -6.7581410e-02  -8.8672403e-02  -7.0936792e-04   1.7662186e-04  -4.9492406e-04
  -5.7431148e-02  -8.5175070e-02  -6.8960195e-02  -4.7747809e-04   1.9850337e-04   2.0286558e-04
  -4.8696694e-02  -7.8744178e-02  -6.7285568e-02  -4.7291996e-04   3.4231510e-04  -3.5404997e-04
  -5.2505065e-02  -8.0682017e-02  -7.8927404e-02  -1.0109957e-03  -1.0955495e-04  -2.3371540e-05
  -4.7243542e-02  -6.9933939e-02  -8.2953182e-02  -1.1222735e-03   2.5687409e-04  -5.5989182e-04
  -5.3179286e-02  -9.8668600e-02  -5.9143146e-02  -5.2576006e-04   7.7533056e-05  -3.7821575e-04
  -6.2087636e-02  -7.2844098e-02  -3.8501453e-02   8.4847181e-05   1.4728812e-04  -3.6767793e-04
  -4.1947094e-02  -1.0107882e-01  -2.0621577e-02   1.0670283e-04   2.6932071e-04  -6.3554548e-04
  -4.9565249e-02  -8.5703556e-02  -3.8041615e-02  -1.7143932e-04   7.4420123e-05  -3.6540968e-04
  -5.1640328e-02  -8.9355097e-02  -3.6674258e-02  -3.9103889e-04   5.5544692e-04  -5.7176970e-04
  -7.0136629e-02  -9.9986468e-02  -1.6889255e-02  -5.4759079e-04  -2.6384357e-04  -1.3361268e-04
  -6.4481663e-02  -1.0276428e-01  -1.9897447e-02  -4.3036008e-04   2.2802319e-04  -6.6977990e-04
  -6.1027882e-02  -9.8726928e-02  -5.3103204e-03  -4.0633783e-04  -3.2877295e-05  -3.9470148e-04
  -6.7086749e-02  -1.0687144e-01   1.2625007e-02   2.6228636e-04  -3.8214175e-04  -4.9584262e-04
  -7.6932400e-02  -1.3128913e-01  -4.1320235e-03  -1.9231191e-05   5.7154380e-04  -8.4002471e-05
  -7.8766910e-02  -1.0210893e-01  -1.6810919e-02  -6.8197693e-04   6.4564377e-04   2.5149927e-04
  -7.6385918e-02  -1.1871905e-01  -2.6366518e-02  -7.5730731e-04  -1.3311313e-04  -2.7271827e-04
  -7.1610497e-02  -1.0866536e-01  -8.1248578e-03   2.2553387e-04   1.1572581e-03  -2.5365831e-04
  -7.8076005e-02  -1.0837780e-01  -9.2801229e-03  -4.6840246e-04  -4.5783052e-04  -6.6394766e-04
  -5.9909492e-02  -1.1210366e-01  -2.1297511e-03  -4.0528542e-04   2.9509586e-04  -7.5882572e-04
  -6.3700232e-02  -9.4430769e-02   3.4771705e-02   2.4083766e-04   3.5404772e-04  -4.7998632e-04
  -7.0548152e-02  -1.0607052e-01  -1.9854724e-03  -3.3691026e-04   2.3895501e-04  -4.8847384e-04
  -7.4086093e-02  -1.2180288e-01   1.8266304e-02  -4.2335013e-04   9.6386364e-05  -5.1074740e-04
  -4.9720477e-02  -9.1395278e-02   1.0751015e-02  -4.4307605e-04   4.6191330e-04  -8.4961265e-04
  -7.5514140e-02  -1.1873785e-01   5.6648413e-02   4.2875110e-04  -1.6372771e-04  -1.4831654e-04
  -1.1530943e-01  -1.2353384e-01   6.9440383e-02   2.0536854e-04   1.1916527e-04   5.8533051e-04
  -7.4878196e-02  -1.0562081e-01   6.7520641e-02   3.2677718e-04   6.9835389e-04  -5.5600721e-04
  -7.5814840e-02  -1.2356915e-01   3.8116891e-02  -3.0479349e-04  -6.0579661e-07  -9.3369966e-04
  -5.2417119e-02  -9.2792129e-02   3.5558521e-02  -6.7006020e-04   4.6375625e-04  -1.2597034e-03
  -8.7445704e-02  -1.1778894e-01   4.9984923e-02  -1.0201623e-04   7.0144349e-04   1.8007527e-04
  -8.0187573e-02  -1.0888851e-01   6.1556452e-02   6.9185409e-05   1.3542089e-04  -3.7250073e-04
  -8.0102899e-02  -9.5990453e-02   5.1356720e-02  -3.7231945e-04   1.1940202e-04  -6.2130765e-05
  -7.7292269e-02  -1.0928241e-01   6.8830559e-02  -2.8802828e-05  -1.3718784e-04  -7.8475050e-04
  -9.7785097e-02  -9.5539001e-02   4.7165555e-02  -7.1087963e-04   4.3370587e-04   1.3725531e-04
  -7.5242193e-02  -1.1306952e-01   7.3304305e-02  -1.7712705e-04   3.1639427e-04  -5.0504540e-04
  -6.2031615e-02  -1.5246529e-01   9.8615238e-02   1.1613994e-04   8.9879221e-04  -1.1777058e-03
  -1.0000981e-01  -1.5008837e-01   1.0794560e-01  -2.9366648e-04   1.6172012e-04  -5.8777850e-04
  -9.0385670e-02  -1.0319413e-01   1.0292884e-01  -1.6110368e-04   7.8717029e-05  -2.4896180e-04
  -8.0350428e-02  -1.3353498e-01   8.1992428e-02  -8.8150145e-04  -5.3855749e-06  -6.5344322e-04
  -9.5576275e-02  -1.1401444e-01   1.5282628e-01   3.7139895e-04   3.1909829e-04  -4.4945949e-04
  -1.0537268e-01  -1.2070977e-01   1.4016969e-01   3.8823476e-04   3.8742684e-04  -2.5666153e-04
  -7.6969677e-02  -9.5820125e-02   1.6313475e-01   3.6672135e-04   5.8541537e-04  -1.1651394e-03
  -7.9032057e-02  -1.1784353e-01   1.3678467e-01   1.0407097e-04   6.4948480e-04  -1.1560460e-03
  -1.0895296e-01  -1.2904074e-01   1.1404895e-01  -7.5337890e-04   6.8977228e-04  -5.2328951e-05
  -1.0464541e-01  -1.1443257e-01   1.5476892e-01  -5.6089322e-05   4.6193311e-04  -1.0922073e-04
  -1.0599033e-01  -8.6951943e-02   1.3935337e-01  -4.3693037e-04   5.8386742e-04  -1.4866049e-04
  -7.6930842e-02  -8.1887835e-02   1.3557523e-01  -5.0684504e-04   4.8838856e-04  -9.4129530e-04
  -1.0737892e-01  -9.3607835e-02   1.3969919e-01  -5.9931741e-04   3.6406119e-04  -3.4525929e-04
  -8.8786917e-02  -9.6865523e-02   1.7157554e-01  -7.2607237e-05   4.4799150e-04  -6.8698195e-04
  -7.4846580e-02  -9.1460041e-02   1.5160892e-01  -1.9859314e-04   2.0672876e-04  -1.0032668e-03
  -8.9575415e-02  -8.4636928e-02   1.9583372e-01   5.3682423e-04   6.7928786e-04  -3.7103152e-04
  -9.6872299e-02  -1.2412254e-01   1.7181290e-01  -9.4680107e-04   3.6242452e-04  -2.7939819e-04
  -7.0319952e-02  -1.1204137e-01   2.2925846e-01   8.3164296e-04   8.7092174e-04  -1.0713542e-03
  -7.9791334e-02  -1.1280729e-01   1.8116837e-01  -1.7872668e-04   7.8811229e-04  -5.5393771e-04
  -9.1642540e-02  -9.0871070e-02   1.8428639e-01  -4.7965189e-04   3.3800018e-04  -4.5710144e-04
  -1.0146973e-01  -8.8957014e-02   2.1173550e-01   6.0142450e-04   9.5390998e-04  -2.7980248e-04
  -1.0847494e-01  -1.1814213e-01   2.0330517e-01  -3.5928037e-04   6.6721145e-04  -3.9958718e-04
  -1.1741223e-01  -1.1444071e-01   2.4176156e-01   4.4041516e-04   1.0106771e-03  -5.1608560e-04
  -1.0907955e-01  -1.1094049e-01   2.6814032e-01   6.3646005e-04  -2.2984661e-04  -6.7683359e-04
  -1.0296937e-01  -1.0439855e-01   2.2130786e-01  -4.7074243e-04   6.0933600e-04  -3.7024369e-04
  -1.0596453e-01  -1.0433682e-01   2.3873225e-01  -4.8113089e-04   6.6976026e-04  -8.1210875e-04
  -1.0697151e-01  -9.6695963e-02   2.7519448e-01   2.2358038e-04   1.0577397e-03  -4.1784800e-04
  -1.0921553e-01  -8.2398140e-02   2.7416930e-01   2.1988233e-04   6.8765459e-04  -6.6256118e-04
  -1.1129221e-01  -8.3037025e-02   2.6496121e-01   8.1008937e-05   1.2995962e-03  -2.7941001e-04
  -1.1502379e-01  -7.9751372e-02   2.7999868e-01  -1.6204764e-04   5.7600899e-04  -2.2714893e-04
  -7.2563127e-02  -7.6786145e-02   2.5554132e-01  -5.0339495e-04   6.6515901e-04  -1.1462624e-03
  -1.0824669e-01  -8.8531044e-02   2.7992800e-01  -2.7433293e-04   5.4154792e-04  -2.8491310e-04
  -9.9208555e-02  -8.1804392e-02   3.0553471e-01  -4.6940624e-05   5.8720291e-04  -6.7379101e-04
  -1.1886465e-01  -8.3640936e-02   3.3276031e-01   6.5335147e-04   4.5896439e-04  -7.0944482e-04
  -8.4804860e-02  -9.6294249e-02   3.3023855e-01   1.8531860e-04   1.1020074e-03  -1.3424856e-03
  -9.7144963e-02  -8.3576142e-02   3.1421102e-01  -2.1649255e-04   1.3771277e-03  -8.7460410e-04
  -7.7992313e-02  -1.3133299e-01   3.4869725e-01   2.9591428e-04   1.0693829e-03  -1.0176447e-03
  -1.1853136e-01  -1.0376043e-01   3.6771934e-01   3.7936831e-04   1.2273060e-03  -5.1614694e-04
  -1.0062466e-01  -7.6907030e-02   3.5427224e-01   3.4441199e-04   1.2877053e-03  -6.3887611e-04
  -1.1172696e-01  -6.2586021e-02   3.3058751e-01  -4.1543162e-04   3.0456462e-04  -3.9172421e-04
  -9.1204357e-02  -6.8777919e-02   3.7230489e-01   3.1290505e-04   7.1704112e-04  -9.2424718e-04
  -1.1230736e-01  -9.4245697e-02   3.8478980e-01   6.0563846e-05   9.6829995e-04  -1.1560979e-03
  -9.2625369e-02  -9.7408768e-02   3.9218172e-01   1.3942373e-04   5.7557945e-04  -1.0583313e-03
  -1.1003847e-01  -7.0680229e-02   4.1506865e-01  -8.8509917e-05   1.4248988e-04  -1.2796942e-03
  -1.0114160e-01  -8.0782633e-02   4.1583517e-01   2.2151757e-04   6.4074252e-04  -6.1054263e-04
  -8.7487372e-02  -7.9542322e-02   4.1760865e-01  -1.5134725e-04   7.1506136e-04  -1.2857220e-03
  -9.9595598e-02  -6.7077804e-02   4.3525723e-01   6.3607702e-04   1.0774400e-03  -1.0851150e-03
  -1.2752740e-01  -6.9837658e-02   4.4155662e-01   3.0961686e-04   1.1164735e-03  -8.7025840e-05
  -8.6712985e-02  -5.8918793e-02   4.4138489e-01   3.4490531e-04   1.1510780e-03  -1.2863543e-03
  -9.2054134e-02  -5.9637714e-02   4.2865924e-01  -2.0622891e-04   1.4581798e-03  -8.8125176e-04
  -1.0246546e-01  -6.7055044e-02   4.6426821e-01   5.2721654e-04   6.3832872e-04  -4.5984165e-04
  -8.1424068e-02  -5.9270621e-02   4.6924416e-01   2.8599316e-04   6.5779804e-04  -1.3595489e-03
  -8.6278278e-02  -4.7991514e-02   4.4827174e-01   5.9521529e-05   7.4322417e-04  -1.1822579e-03
  -9.1849122e-02  -9.0857523e-02   4.7446440e-01   3.1606023e-04   9.6473985e-04  -1.0427252e-03
  -9.9175971e-02  -5.5980805e-02   4.6876829e-01  -1.4614467e-04   1.1180075e-03  -6.6435786e-04
  -9.0157192e-02  -7.7013754e-02   4.7384627e-01   3.6640115e-05   8.7400664e-04  -1.1075532e-03
  -9.3739187e-02  -3.7514358e-02   4.9957999e-01   2.7422977e-04   6.0553738e-04  -8.6622243e-04
  -1.0474002e-01  -5.1640449e-02   5.0414595e-01  -3.8235413e-05   3.5982747e-04  -8.7512081e-04
  -8.1905800e-02  -7.9688624e-02   5.4834037e-01   9.5711859e-04   1.1742703e-03  -1.0214007e-03
  -8.2920882e-02  -3.8430109e-02   5.3710125e-01   3.1325580e-04   5.4660992e-05  -1.4470991e-03
  -1.1133575e-01  -2.6683396e-02   5.3819138e-01   6.1212031e-04   6.1363090e-04  -5.9132402e-04
  -1.0937319e-01  -6.4568074e-02   5.1886186e-01  -2.7145317e-04   4.0960475e-04  -1.0704744e-03
  -1.0845741e-01  -2.8274984e-02   5.2646480e-01  -1.0478380e-04   4.6825303e-04  -8.7288420e-04
  -8.9374031e-02  -4.3772199e-02   5.5447620e-01   2.0127674e-04   5.8887852e-04  -1.1931509e-03
  -8.9792227e-02  -2.3333428e-02   5.8093667e-01   2.2165823e-04   7.0341693e-04  -1.3218469e-03
  -8.0112573e-02  -3.0462416e-02   5.7729767e-01   5.2081860e-04   7.2814213e-04  -9.9167892e-04
  -1.0124272e-01  -3.6714303e-02   5.7968576e-01   2.0886119e-04   1.0721124e-03  -1.1430057e-03
  -1.0365159e-01  -6.5739004e-02   5.8985157e-01   3.8987502e-04   7.3806042e-04  -9.8754754e-04
  -1.1149064e-01  -6.2302760e-02   6.1843367e-01   4.8048941e-04   6.6617544e-04  -9.0537404e-04
  -1.1677996e-01  -3.2269471e-02   6.3731111e-01   9.1401771e-04   5.5892836e-04  -6.6550057e-04
  -8.0832335e-02  -1.3576177e-02   6.5844289e-01   1.1289648e-03   5.9271094e-04  -1.3811845e-03
  -9.5516256e-02   1.8778482e-03   6.4666430e-01   3.4989612e-04   9.5467261e-04  -7.1597990e-04
  -1.0889408e-01  -4.1116723e-02   6.4130026e-01   1.1999722e-04   1.3148991e-04  -7.2123770e-04
  -1.1418004e-01  -2.7427229e-02   6.6458264e-01   6.8743256e-04   5.2477475e-04  -9.3234929e-04
  -9.8337131e-02  -1.7382597e-02   6.8310184e-01   6.6972414e-04   9.0124044e-04  -9.3619398e-04
  -8.6871220e-02  -1.8612055e-02   7.0348560e-01   1.2916997e-03   2.8437929e-04  -9.3209917e-04
  -8.0863978e-02  -1.6988053e-02   7.1768874e-01   1.0631377e-03   4.5858589e-04  -1.4620779e-03
  -1.3295815e-01  -1.5895973e-02   7.3265035e-01   8.4270451e-04   9.7462528e-04  -2.4802598e-04
  -1.1547021e-01  -1.3749399e-02   7.3547101e-01   1.2275735e-03   6.5660575e-04  -6.6765576e-04
  -8.6697135e-02  -9.8552775e-03   7.3710099e-01   1.1740625e-03   9.5860418e-04  -1.5752814e-03
  -8.2769464e-02  -6.8632969e-05   7.1983901e-01   5.6233849e-04   1.1900194e-03  -1.4686593e-03
  -1.0703482e-01  -9.2053463e-03   7.4835708e-01   9.1752832e-04   2.7973921e-04  -8.6145960e-04
  -1.0401140e-01  -8.4054051e-03   7.4182410e-01   4.7970562e-04   1.1392007e-03  -1.0141144e-03
  -1.1042752e-01   2.5540438e-03   7.6017082e-01   7.6514850e-04   1.3045390e-03  -2.9691451e-04
  -1.1233811e-01   1.5360825e-02   7.5606517e-01   3.8908076e-04   7.1068006e-04  -9.0721871e-04
  -1.0566155e-01  -1.8475109e-02   7.8561202e-01   5.9055165e-04   8.2956268e-04  -1.1213804e-03
  -9.9473236e-02   2.9048744e-02   7.9869745e-01   1.0612597e-03   7.2683236e-04  -9.0472146e-04
  -1.0720687e-01   1.1340773e-02   8.0305164e-01   1.4589460e-03   1.2909330e-03  -5.8864509e-04
  -9.7687797e-02   1.1562255e-02   7.7808199e-01   3.6707816e-04   1.0997475e-03  -1.1683617e-03
  -1.0885000e-01  -3.5367208e-03   8.2855646e-01   1.1116614e-03   2.6637503e-04  -9.3200478e-04
  -1.1928233e-01   3.9832332e-02   8.2398153e-01   1.0421295e-03   6.8677123e-04  -2.1606047e-04
  -1.1951965e-01   1.8919083e-02   8.1898959e-01   5.0706995e-04   1.2797198e-03  -6.9913319e-04
  -8.8267154e-02   1.1895897e-02   8.4037730e-01   1.0923743e-03   1.0108644e-03  -1.1852270e-03
  -9.4656991e-02   2.3043296e-02   8.3367832e-01   1.1924454e-03   9.1281774e-04  -8.7955421e-04
  -8.4692799e-02  -2.4669804e-03   8.1199586e-01   4.6049198e-04   1.0636552e-03  -9.8313208e-04
  -9.7878960e-02   1.9553923e-02   8.6034221e-01   9.6531437e-04   9.1895115e-05  -1.1352982e-03
  -1.2321177e-01   9.9326193e-03   8.3502743e-01   4.1825896e-04   1.1221433e-03  -1.2383345e-04
  -8.7379611e-02   2.7196720e-02   8.6982603e-01   8.9655106e-04   6.8466263e-04  -1.4807266e-03
  -1.2121379e-01   7.6844103e-04   8.7895190e-01   2.6883241e-04   6.0422575e-04  -5.5291223e-04
  -9.2736727e-02   6.2735696e-03   8.9846032e-01   9.8611890e-04   3.9221789e-04  -1.1168445e-03
  -9.1330446e-02  -6.3890833e-03   9.1853029e-01   1.2873434e-03   7.9333595e-04  -1.5018856e-03
  -1.0357814e-01   1.7921820e-03   9.0640541e-01   1.9931964e-04   4.9140549e-04  -4.1013486e-04
  -9.2773859e-02   4.0511646e-02   9.1655942e-01   8.6708987e-04   7.6632206e-04  -8.2929553e-04
  -9.7720381e-02   3.4445249e-02   9.0525993e-01   5.9651180e-05   3.8163716e-04  -9.6870092e-04
  -9.1114711e-02   3.6433704e-02   9.2081831e-01   1.4828291e-04   9.2939609e-04  -1.1338372e-03
  -1.4230914e-01   5.7539751e-02   9.7006361e-01   1.0185642e-03   7.7607277e-04   3.3232210e-05
  -8.7634437e-02   4.7064725e-02   9.6529683e-01   7.9230812e-04   8.0003851e-04  -1.1826207e-03
  -9.3424350e-02   6.3369986e-02   9.5170715e-01   7.7244297e-04   1.2996724e-03  -1.3285111e-03
  -1.2169477e-01   5.3532389e-02   9.8056296e-01   3.7164482e-04   7.1923973e-04  -4.5517263e-04
  -9.5326898e-02   4.2988644e-02   1.0134578e+00   8.6230562e-04   1.4882055e-04  -1.2426266e-03
  -9.2650542e-02   3.6460491e-02   1.0162782e+00   5.8018570e-04   8.3519311e-04  -1.5207129e-03
  -1.1451645e-01   4.9534239e-02   1.0406628e+00   8.0331913e-04   1.0198335e-03  -6.2123024e-04
  -1.2088507e-01   2.9822291e-02   1.0396511e+00   8.8640420e-04   5.1554864e-04  -1.0515695e-03
  -9.7481765e-02   6.1967117e-02   1.0775877e+00   1.7333575e-03   1.3264336e-03  -6.7266876e-04
  -1.0752776e-01   4.0500496e-02   1.0749220e+00   1.2289713e-03   7.9075492e-04  -8.9620252e-04
  -8.7824340e-02   6.0338448e-02   1.0874476e+00   1.4136767e-03   1.3997858e-03  -1.3903763e-03
  -1.1575641e-01   7.8569149e-02   1.0166810e+00   2.6156395e-06   1.2640019e-04  -7.2641763e-04
  -1.0774393e-01   7.0606208e-02   1.0525694e+00   3.5561876e-04   9.9453258e-04  -6.9506093e-04
  -7.9218778e-02   6.3620176e-02   1.0489643e+00   2.0730126e-04   1.0741932e-03  -1.1325454e-03
  -1.1835686e-01  -9.8445737e-02   1.0502632e+00  -2.1391318e-04   5.2239429e-04  -1.1338303e-03
  -9.2068953e-02   6.6312472e-02   1.1160326e+00   9.3763452e-04   7.1561453e-04  -7.6265674e-04
  -1.0909430e-01   7.5144533e-02   1.0822455e+00   6.5791432e-05   4.3214239e-04  -8.7456075e-04
  -7.2066288e-02   6.2711800e-02   1.1009463e+00   5.3959325e-04   1.0617560e-03  -1.0843768e-03
  -1.0724589e-01   4.1199336e-02   1.1307260e+00   4.4188412e-04   3.7477989e-04  -8.8342969e-04
  -1.0223928e-01   6.7846379e-02   1.1460499e+00   1.0383827e-03   3.6649554e-04  -1.1245642e-03
  -9.0325405e-02   8.8879404e-02   1.1534698e+00   6.5104650e-04   7.0737190e-04  -1.0754556e-03
  -1.1160023e-01   5.5041389e-02   1.1349019e+00  -2.4314566e-04  -2.1613054e-05  -8.8973683e-04
  -1.2577383e-01   1.0024499e-01   1.1814338e+00   1.4292450e-03   5.4546394e-04  -3.4275905e-04
  -1.0924956e-01   5.4121342e-02   1.2109046e+00   1.2166256e-03   9.0751653e-04  -2.6987687e-04
  -9.4793242e-02   7.7631294e-02   1.2060787e+00   6.3686322e-04   8.5556266e-04  -1.0921786e-03
  -8.1335046e-02   7.7823847e-02   1.1742798e+00  -4.5488176e-06   5.9524136e-04  -5.7778581e-04
  -9.0200365e-02   7.5673208e-02   1.1923525e+00   7.5366693e-04   8.7982837e-04  -7.5260136e-04
  -8.0248204e-02   7.1232010e-02   1.2219145e+00   1.4583812e-03   8.6501151e-04  -8.2234107e-04
  -9.6346574e-02   9.2858593e-02   1.1877504e+00   5.7518783e-04   4.9745408e-04  -6.6024604e-04
  -1.0702550e-01   1.0153615e-01   1.2271547e+00   8.1943193e-04   9.2053185e-04  -7.2928852e-04
  -8.9247678e-02   9.8955737e-02   1.2188407e+00   7.2507373e-04   6.1913012e-04  -1.0922771e-03
  -1.1784272e-01   1.2415806e-01   1.2301043e+00   5.3770506e-04   9.7353739e-04  -1.0238366e-04
  -7.5376604e-02   1.0387650e-01   1.2314923e+00   4.3179831e-04   1.4223917e-03  -1.3265617e-03
  -1.1845654e-01   9.4313453e-02   1.2612288e+00   6.7408172e-04   4.2435076e-04  -3.7781249e-04
  -1.0680306e-01   9.7644031e-02   1.2946771e+00   9.7966655e-04   9.1049102e-04  -6.2167442e-04
  -9.5077683e-02   1.2636783e-01   1.3265273e+00   7.6783587e-04   1.1365384e-03  -1.4118301e-03
  -1.0493534e-01   1.0281936e-01   1.2917399e+00   7.1641175e-04   1.0995466e-03  -8.5735536e-04
  -1.1059675e-01   9.2760059e-02   1.3162881e+00   1.4329128e-03   7.0493240e-04  -7.0229159e-04
  -9.4174901e-02   8.6487217e-02   1.3165428e+00   8.1998082e-04   5.7839817e-04  -8.8315637e-04
  -1.1014144e-01   8.1886437e-02   1.3035764e+00   3.5189612e-04   1.1633063e-03  -5.8827766e-04
  -1.1270608e-01   1.1369165e-01   1.3219574e+00   5.7095402e-04   7.5361330e-04  -4.3844809e-04
  -1.0280262e-01   1.2160177e-01   1.3211442e+00  -1.6997242e-04   8.9734175e-04  -6.9630326e-04
  -1.1082657e-01   1.1651465e-01   1.3508879e+00   4.9780466e-04   6.5778327e-04  -6.3357469e-04
  -8.2440612e-02   1.0714750e-01   1.3304608e+00   7.6834868e-05   1.4962619e-03  -1.1905328e-03
  -8.3240512e-02   1.1365688e-01   1.3486627e+00   6.1564214e-04   1.5619748e-03  -1.1769904e-03
  -1.1167952e-01   1.2606166e-01   1.3802816e+00   8.1797764e-04   8.8007119e-04  -6.3726104e-04
  -1.1168284e-01   8.8132243e-02   1.4068099e+00   7.5270354e-04   1.3355989e-03  -7.4936163e-04
  -1.1121990e-01   7.6593113e-02   1.4261070e+00   9.3200570e-04   1.2848383e-03  -4.2362724e-04
  -1.0499109e-01   1.2359084e-01   1.4640023e+00   1.4736973e-03   1.3075324e-03  -2.4127749e-04
  -1.2216850e-01   1.1765837e-01   1.4947925e+00   1.1560211e-03   1.1563035e-03  -3.9390938e-04
  -1.1959221e-01   1.1296180e-01   1.4912587e+00   1.2490017e-03   1.1544151e-03  -3.2261231e-04
  -8.5824022e-02   1.0725145e-01   1.4421495e+00   3.7146327e-04   1.3065601e-03  -9.8904274e-04
  -9.5396036e-02   1.3438568e-01   1.4677306e+00   5.9333396e-04   1.1509722e-03  -9.0325552e-04
  -9.3529232e-02   1.3854762e-01   1.4859076e+00   1.2704962e-03   9.1822331e-04  -1.0822905e-03
  -8.2043601e-02   1.2385593e-01   1.4568977e+00   2.6112151e-04   9.7079675e-04  -1.0500645e-03
  -9.3653353e-02   1.6343608e-01   1.4610456e+00   2.2113598e-04   1.0318655e-03  -1.0423315e-03
  -9.1660306e-02   1.2602220e-01   1.5013633e+00   1.1413669e-03   1.5628981e-03  -7.9915649e-04
  -8.8142430e-02   1.3433211e-01   1.5259785e+00   1.2612616e-03   1.0953864e-03  -1.2248361e-03
  -9.6949993e-02   1.5312363e-01   1.4927267e+00   3.3515219e-04   1.1679530e-03  -9.2735818e-04
  -1.0392089e-01   1.5587852e-01   1.5156088e+00   7.8687907e-04   1.1222314e-03  -7.4388179e-04
  -1.0649132e-01   1.9607936e-01   1.4939923e+00   2.0034968e-04   9.8586290e-04  -6.7972138e-04
  -8.4621037e-02   1.9982013e-01   1.5429323e+00   1.1468321e-03   1.2423848e-03  -7.9352224e-04
  -8.1799132e-02   1.7355561e-01   1.5488868e+00   1.3569299e-03   1.4983171e-03  -8.8107806e-04
  -1.0022689e-01   1.1821709e-01   1.5336529e+00   6.3945285e-04   1.5237805e-03  -9.9391857e-04
  -9.7101414e-02   1.4486462e-01   1.5743892e+00   1.4218024e-03   1.6531120e-03  -7.8342219e-04
  -1.0071519e-01   1.3528429e-01   1.5620877e+00   1.0176570e-03   1.2606284e-03  -4.3734377e-04
  -8.5151533e-02   1.3865980e-01   1.5582996e+00   8.7539076e-04   1.4832931e-03  -2.3567201e-04
  -8.2680166e-02   1.5130336e-01   1.5810531e+00   8.2640033e-04   1.2464403e-03  -1.0578908e-03
  -8.5796812e-02   1.7263393e-01   1.6014383e+00   8.4221076e-04   1.4596513e-03  -1.3932947e-03
  -9.9151256e-02   1.6602791e-01   1.5813807e+00   1.0014538e-03   9.6146028e-04  -1.0741647e-03
  -9.4525740e-02   1.4362519e-01   1.6045270e+00   7.4675922e-04   1.8355613e-03  -8.4929297e-04
  -1.0223631e-01   1.2214610e-01   1.6488436e+00   1.1034537e-03   6.0416934e-04  -7.0898424e-04
  -1.0467109e-01   1.6088355e-01   1.6969350e+00   1.3922868e-03   1.5201700e-03  -7.3828235e-04
  -1.0239685e-01   1.4667801e-01   1.7362850e+00   1.3589275e-03   1.5733727e-03  -7.0688691e-04
  -1.0402952e-01   1.3736292e-01   1.7363924e+00   1.7404905e-03   1.5967401e-03  -5.7964828e-04
  -8.9653691e-02   1.7229111e-01   1.6736632e+00   1.0815316e-03   1.2544812e-03  -5.2683304e-04
  -9.0990159e-02   1.7967370e-01   1.6873896e+00   1.1914750e-03   1.9674563e-03  -9.1168657e-04
  -7.7849674e-02   1.6580162e-01   1.6884281e+00   7.3808756e-04   1.4491076e-03  -9.8291589e-04
  -9.7703152e-02   1.5784574e-01   1.7386810e+00   1.4739097e-03   1.7725756e-03  -3.2091383e-04
  -9.6530985e-02   1.8317353e-01   1.7738469e+00   1.9377175e-03   1.1288022e-03  -8.9459218e-04
  -7.6961776e-02   1.8156656e-01   1.6929874e+00   5.4629658e-04   1.6317530e-03  -6.9117894e-04
  -6.8744448e-02   1.7417768e-01   1.7038521e+00   8.4711071e-04   1.7150844e-03  -1.3629023e-03
  -6.7366777e-02   1.9505957e-01   1.7214311e+00   9.8579446e-04   1.9829598e-03  -8.9389076e-04
  -9.0891195e-02   2.0818842e-01   1.7471533e+00   6.7017788e-04   1.5534362e-03  -8.3906987e-04
  -8.3192815e-02   1.8088750e-01   1.7125573e+00   3.6317905e-04   1.3938357e-03  -9.2796860e-04
  -1.1384373e-01   1.9100496e-01   1.7494311e+00   1.0856019e-03   7.0486500e-04  -1.9135277e-04
  -7.0911340e-02   1.7204820e-01   1.7796485e+00   1.2084644e-03   1.6516031e-03  -1.1124332e-03
  -7.9026753e-02   1.7415265e-01   1.7759697e+00   6.9887071e-04   1.0328370e-03  -9.4567354e-04
  -6.2960208e-02   1.8222843e-01   1.7365590e+00   8.2211292e-05   1.5208036e-03  -1.3487859e-03
  -1.0415647e-01   1.3276763e-01   1.7908241e+00   1.0541824e-03   1.7135380e-03  -1.6214791e-04
  -1.0547076e-01   1.5034482e-01   1.8208814e+00   1.4857702e-03   1.2369471e-03  -2.2353569e-04
  -1.0222235e-01   1.9778757e-01   1.9167953e+00   2.3688140e-03   1.3019895e-03  -8.6858437e-04
  -1.0454591e-01   2.0382418e-01   1.9242479e+00   1.9714198e-03   1.5489198e-03  -2.5971423e-04
  -8.5134714e-02   2.0047892e-01   1.8738288e+00   7.9350018e-04   1.2119978e-03  -1.0383112e-03
  -7.2173871e-02   2.1395917e-01   1.8636528e+00   1.1089235e-03   1.8074749e-03  -1.0250588e-03
  -7.4039335e-02   2.0241828e-01   1.8865436e+00   1.6029820e-03   1.8622685e-03  -9.4394890e-04
  -8.2064117e-02   1.8996689e-01   1.8975810e+00   1.7273404e-03   1.7679713e-03  -6.7392543e-04
  -6.9115627e-02   2.2364982e-01   1.8954046e+00   1.5039861e-03   1.9302838e-03  -6.4808810e-04
  -8.6110939e-02   2.1734209e-01   1.8998370e+00   1.3267829e-03   1.3340568e-03  -7.0560461e-04
  -7.7096502e-02   2.2111372e-01   1.9113256e+00   1.4619233e-03   8.3800376e-04  -8.3387870e-04
  -5.5274913e-02   2.2549985e-01   1.8927850e+00   6.4886862e-04   1.1324412e-03  -1.5954120e-03
  -1.0293525e-01   2.1500928e-01   1.9057629e+00   1.2738115e-03   1.5630580e-03  -3.3287006e-04
  -6.4812053e-02   2.6306035e-01   1.8957377e+00   9.6517229e-04   1.0819217e-03  -9.1927146e-04
  -6.3628627e-02   2.2322401e-01   1.9222915e+00   1.5495525e-03   1.4616248e-03  -1.3009266e-03
  -6.8409538e-02   1.8851426e-01   1.9732758e+00   2.2536892e-03   1.5198754e-03  -1.0138697e-03
  -9.8595976e-02   2.3469084e-01   2.0142651e+00   2.2640040e-03   1.5913738e-03  -2.3470671e-04
  -7.0961407e-02   2.4262081e-01   2.0152946e+00   1.6254438e-03   1.0235690e-03  -1.4614644e-03
  -7.1328411e-02   2.2675175e-01   1.9935628e+00   1.7245527e-03   1.7126333e-03  -8.7731754e-04
  -5.6546863e-02   2.4791751e-01   1.9887000e+00   1.3563938e-03   1.3808989e-03  -7.5630081e-04
  -7.9194756e-02   2.3313444e-01   2.0200897e+00   1.5334624e-03   1.3917028e-03  -7.5610466e-04
  -8.7646716e-02   2.1482177e-01   2.0301518e+00   9.5081337e-04   1.2917876e-03  -3.7885498e-04
  -9.0694065e-02   2.1949113e-01   2.0333263e+00   1.2030539e-03   1.5580113e-03  -4.9742873e-04
  -7.8933809e-02   2.1083482e-01   2.0354831e+00   1.4508658e-03   1.7569195e-03  -7.0262491e-04
  -7.2449874e-02   2.2823488e-01   2.0746906e+00   1.9356550e-03   1.8790388e-03  -7.2106771e-04
  -6.5336909e-02   2.5161708e-01   2.0336067e+00   1.1125766e-03   1.6925956e-03  -9.4659709e-04
  -6.9273797e-02   2.1914109e-01   2.0289371e+00   8.3973921e-04   1.7330678e-03  -5.2529151e-04
  -5.4331023e-02   2.2933198e-01   2.0726111e+00   1.4882496e-03   1.7906964e-03  -1.7950481e-03
  -7.9090581e-02   2.2713837e-01   2.0829977e+00   1.2680066e-03   1.6501997e-03  -6.8785972e-04
  -6.3051610e-02   1.9038607e-01   2.0168925e+00   8.5414208e-04   1.3562229e-03  -6.3109000e-04
  -5.9214907e-02   2.2220625e-01   2.0762128e+00   1.8513864e-03   1.5678850e-03  -9.7383690e-04
  -8.4530082e-02   2.5099709e-01   2.1541045e+00   2.2682201e-03   1.6670410e-03  -2.9403054e-04
  -6.5349434e-02   2.1398537e-01   2.2007416e+00   2.0671237e-03   1.5993348e-03  -7.4273035e-04
  -8.0249625e-02   2.5531545e-01   2.1273318e+00   3.7382251e-04   1.5535074e-03  -3.1392182e-04
  -6.5686759e-02   2.3628063e-01   2.1300068e+00   1.3964371e-03   1.4517551e-03  -8.9951569e-04
  -7.5451552e-02   2.5865915e-01   2.1178039e+00   8.6517765e-04   1.6422357e-03  -5.7780690e-04
  -3.3881648e-02   2.7019524e-01   2.1560048e+00   8.8367722e-04   1.4657212e-03  -1.4344620e-03
  -7.3145604e-02   2.3264531e-01   2.1317315e+00   3.5823284e-04   2.0383629e-03  -5.5105392e-04
  -8.4808072e-02   2.3905787e-01   2.1999483e+00   1.8370137e-03   1.5758731e-03  -8.5830800e-04
  -5.7526276e-02   2.6844303e-01   2.2000757e+00   2.0019861e-03   1.4270191e-03  -1.2058056e-03
  -8.5637869e-02   2.5770957e-01   2.1879820e+00   1.8532815e-03   1.6565396e-03  -6.2467506e-04
  -7.0933884e-02   2.6123307e-01   2.2116028e+00   2.0395799e-03   1.9587666e-03  -7.9592377e-04
  -7.4819181e-02   2.6470279e-01   2.2279195e+00   1.8469539e-03   1.3393593e-03  -6.0528235e-04
  -6.4580031e-02   2.9049870e-01   2.2866026e+00   2.1986937e-03   1.6385861e-03  -1.1634282e-03
  -5.9963730e-02   3.0925060e-01   2.3351094e+00   2.8340665e-03   1.7555614e-03  -1.3336639e-03
  -7.9817147e-02   3.0444634e-01   2.3211557e+00   2.6096466e-03   1.8716504e-03  -8.6660767e-04
  -6.5571143e-02   2.6263637e-01   2.2873112e+00   2.1101418e-03   1.2860070e-03  -1.3338015e-03
  -7.9343639e-02   2.8769316e-01   2.2980434e+00   2.4341215e-03   1.6498272e-03  -5.5172128e-04
  -6.3937102e-02   2.9928734e-01   2.2863033e+00   2.0580847e-03   1.1394079e-03  -8.4250242e-04
  -9.0128376e-02   2.9254243e-01   2.2670860e+00   1.1276481e-03   1.5555468e-03  -7.6178540e-04
  -9.2239408e-02   2.9629115e-01   2.2977479e+00   1.8048711e-03   1.4037722e-03  -6.9988936e-04
  -7.4957933e-02   3.0785006e-01   2.2935537e+00   1.5354797e-03   2.0895058e-03  -8.4372794e-04
  -6.9829116e-02   2.9383650e-01   2.3207817e+00   1.9554298e-03   1.1150999e-03  -1.2704686e-03
  -7.4061458e-02   2.7831745e-01   2.3225594e+00   1.8833753e-03   1.7157041e-03  -1.0018432e-03
  -8.3115816e-02   2.7815853e-01   2.3488192e+00   2.1000260e-03   1.3857828e-03  -5.1937428e-05
  -8.1048119e-02   2.9261234e-01   2.3691212e+00   2.3593165e-03   1.9440740e-03  -3.5754607e-04
  -7.3987351e-02   3.0217416e-01   2.4082803e+00   2.3599575e-03   1.2725063e-03  -9.1277386e-04
  -8.3370012e-02   2.8542131e-01   2.3850105e+00   2.0215128e-03   1.5369286e-03  -1.0098073e-03
  -7.4157089e-02   3.2512612e-01   2.3799494e+00   1.7367785e-03   1.2335669e-03  -1.3414885e-03
  -6.3545019e-02   3.1373288e-01   2.3895281e+00   1.8200196e-03   1.2729743e-03  -1.0372800e-03
  -4.1810671e-02   2.8902634e-01   2.4294850e+00   2.4086717e-03   2.0900777e-03  -1.5261157e-03
  -7.8308375e-02   3.1785413e-01   2.4710969e+00   2.6638451e-03   1.6833917e-03  -8.1889236e-04
  -4.5061863e-02   2.8687455e-01   2.4530041e+00   2.5136158e-03   9.2510129e-04  -1.2389410e-03
  -7.1576415e-02   2.5364501e-01   2.4545831e+00   2.6371464e-03   1.5513174e-03  -4.2250333e-04
  -6.7970808e-02   2.9822694e-01   2.4324437e+00   2.1984155e-03   1.7348446e-03  -7.6682787e-04
  -6.8197206e-02   3.0376570e-01   2.4797812e+00   2.4798608e-03   1.4587539e-03  -7.5690666e-04
  -8.2157894e-02   3.2941029e-01   2.5041240e+00   2.5364531e-03   2.0018267e-03  -6.0798845e-04
  -8.8015889e-02   3.1978087e-01   2.4786932e+00   2.0144755e-03   1.6088375e-03  -8.4445610e-04
  -8.5730106e-02   3.0089014e-01   2.5006108e+00   2.8596404e-03   1.3850596e-03  -6.3474508e-04
  -7.0124043e-02   3.1389195e-01   2.5178841e+00   2.5576501e-03   1.4797670e-03  -1.3214663e-03
  -6.4049458e-02   2.9841756e-01   2.4859126e+00   1.8902703e-03   1.8616131e-03  -1.1206061e-03
  -7.1394643e-02   3.1100805e-01   2.5252033e+00   2.3028395e-03   1.5608735e-03  -9.9302687e-04
  -9.5220602e-02   3.0593645e-01   2.5468990e+00   2.3211856e-03   1.0562178e-03  -4.9374875e-04
  -5.9512283e-02   2.9614718e-01   2.5730044e+00   3.3042975e-03   1.8999590e-03  -8.3636273e-04
  -6.7189070e-02   3.1450021e-01   2.5404181e+00   2.0366943e-03   1.4878209e-03  -9.5696472e-04
  -5.3032782e-02   3.6912420e-01   2.5506609e+00   2.1474720e-03   1.6153803e-03  -1.1469881e-03
  -6.5411109e-02   2.9986888e-01   2.5556844e+00   2.2877839e-03   1.3054300e-03  -1.2291661e-03
  -6.0922663e-02   3.3764758e-01   2.5744198e+00   2.3514181e-03   1.5149638e-03  -9.0689166e-04
  -6.4829954e-02   3.2192121e-01   2.5925551e+00   2.2996407e-03   1.7912056e-03  -7.2333894e-04
  -9.1000118e-02   3.2286856e-01   2.5996632e+00   1.9129427e-03   1.3256868e-03  -4.2820941e-04
  -7.8887315e-02   3.4126959e-01   2.6321877e+00   2.6661474e-03   1.4468867e-03  -4.2503555e-04
  -5.5648370e-02   3.4705091e-01   2.6131030e+00   2.1650935e-03   1.8880211e-03  -7.9628765e-04
  -5.7433213e-02   3.3054542e-01   2.6303779e+00   2.0378148e-03   2.0966678e-03  -1.0725062e-03
  -9.7153874e-02   3.2468882e-01   2.6461858e+00   2.1877837e-03   1.5777564e-03   1.4012596e-04
  -6.6737884e-02   3.2696176e-01   2.6540193e+00   1.9600934e-03   1.4311332e-03  -1.0688914e-03
  -7.6888853e-02   3.2452466e-01   2.6433770e+00   1.9141273e-03   1.8201465e-03  -7.3185095e-04
  -6.7965150e-02   3.1997584e-01   2.6521046e+00   2.4123505e-03   1.8705998e-03  -1.2721350e-03
  -7.7775735e-02   3.1593050e-01   2.6853556e+00   2.1759212e-03   2.0436538e-03  -4.3483085e-04
  -4.4456364e-02   3.3389184e-01   2.6846925e+00   2.4635516e-03   2.1586922e-03  -1.1982488e-03
  -2.8960564e-02   3.4346777e-01   2.6916570e+00   2.6327200e-03   1.9523735e-03  -1.2950113e-03
  -4.2561814e-02   3.3908976e-01   2.6717862e+00   1.8096400e-03   1.6408233e-03  -1.3348704e-03
  -5.3055504e-02   3.2960296e-01   2.6901828e+00   1.9031194e-03   1.2333827e-03  -7.7516295e-04
  -4.7846016e-02   2.9737550e-01   2.7102112e+00   2.2162572e-03   1.1240218e-03  -5.5960512e-04
  -4.8735500e-02   3.1574669e-01   2.7167324e+00   1.5243493e-03   1.0308385e-03  -1.0513036e-03
  -1.7020160e-02   2.7600021e-01   2.5903494e+00   8.5062337e-06   1.3300220e-03  -1.3415941e-04
  -7.4476066e-02   2.3837034e-01   2.6141684e+00  -6.1588391e-04   1.3634905e-03   4.5521012e-04
  -6.5468121e-02   2.4749795e-01   2.6336295e+00  -4.8817439e-04   1.0090853e-03  -1.1542626e-04
  -3.0196017e-02   2.6269578e-01   2.6421190e+00  -4.0872761e-04   1.2554742e-03  -6.2814455e-04
  -3.6781118e-02   2.7034204e-01   2.6701350e+00   1.9619143e-04   1.4048882e-03  -5.1835141e-04
  -1.9618831e-03   2.9945027e-01   2.6641706e+00   9.3905417e-05   1.5254880e-03  -1.4256273e-03
  -4.9159228e-02   2.7069752e-01   2.6881383e+00   1.3474763e-04   1.6125689e-03  -5.4965332e-04
  -2.5396358e-02   2.6847526e-01   2.7191174e+00   1.4631120e-04   1.7747203e-03  -6.4934107e-04
  -3.2480614e-02   2.7471358e-01   2.7174676e+00   5.0670694e-05   1.5512121e-03  -9.1944007e-05
  -2.7660644e-02   2.8745655e-01   2.7322310e+00   1.5159800e-04   1.3331639e-03  -1.0646404e-03
  -3.7709612e-02   2.7862533e-01   2.7730951e+00   6.5411362e-04   1.1519368e-03  -8.5802474e-04
  -5.7093332e-02   2.5496810e-01   2.7480921e+00  -2.5971474e-04   1.3658218e-03  -1.4957274e-04
  -3.4215637e-02   2.8095991e-01   2.7536050e+00  -1.3228557e-05   1.0385873e-03  -9.2625325e-04
  -2.3485960e-02   2.8746468e-01   2.7629845e+00   3.3038743e-04   1.8745684e-03  -5.9396022e-04
  -4.7228749e-02   2.7637924e-01   2.7617500e+00  -2.3515458e-04   1.7370045e-03  -5.1751855e-04
  -6.7252353e-02   3.0086465e-01   2.8206933e+00   9.0418288e-04   1.1072412e-03  -3.2660441e-04
  -3.9302266e-02   3.1006343e-01   2.8182671e+00   9.8478540e-04   1.5567779e-03  -7.4281408e-04
  -2.3407766e-02   2.9714722e-01   2.8076891e+00   6.8928928e-04   1.2493515e-03  -6.3030519e-04
  -3.4646708e-02   2.8203179e-01   2.8149445e+00   4.5859349e-04   1.5911712e-03   7.7777924e-05
   1.9131231e-03   2.8103386e-01   2.8035640e+00   3.0663645e-04   2.2242036e-03  -7.8423394e-04
  -4.6215393e-02   2.7562046e-01   2.8087928e+00   3.1510174e-04   8.8436122e-04  -1.6378937e-04
  -1.6366811e-02   2.4375994e-01   2.8257982e+00   5.7922135e-04   1.6336004e-03  -6.6955379e-04
  -6.1238656e-02   2.6043318e-01   2.8560794e+00   2.8451272e-04   6.5195725e-04  -3.4449663e-04
  -2.3079965e-02   2.4233049e-01   2.8499792e+00   4.6372613e-04   1.4010004e-03  -7.4531838e-04
  -2.3069400e-02   2.5133967e-01   2.8533791e+00   3.1163093e-04   1.4919162e-03  -5.2677828e-04
  -4.2502683e-02   2.7577859e-01   2.8590265e+00   6.0663451e-04   1.5206684e-03  -1.5166290e-04
  -4.8626075e-02   2.8173291e-01   2.9004460e+00   1.1127913e-03   1.4376771e-03  -7.2295843e-04
  -5.2063608e-02   2.7633881e-01   2.8819633e+00   2.1063381e-04   1.3853702e-03  -3.4470600e-04
  -3.4153440e-02   2.8287971e-01   2.9229132e+00   5.1058305e-04   1.6440758e-03  -6.6210002e-04
  -3.0065958e-02   3.0498210e-01   2.9601716e+00   1.5568251e-03   1.6790868e-03  -7.1844291e-04
  -6.3119390e-02   2.8891932e-01   2.9584167e+00   1.0791099e-03   1.4035880e-03  -2.6424976e-04
  -8.7905384e-02   3.1775102e-01   2.9590181e+00   7.1059588e-04   1.1943468e-03  -3.6018005e-04
  -6.3956912e-02   3.1133836e-01   2.9932094e+00   1.3154161e-03   9.0654735e-04  -5.1620558e-04
  -4.8802529e-02   3.1328759e-01   3.0147064e+00   1.9573390e-03   1.3435745e-03  -7.9210105e-04
  -4.9038220e-02   3.1111133e-01   2.9881203e+00   6.5938409e-04   1.7334362e-03  -7.8894180e-04
  -6.4964197e-02   2.8560132e-01   3.0441836e+00   2.0528077e-03   1.3743338e-03  -4.2207646e-04
  -6.8912403e-02   3.0222617e-01   3.0478165e+00   1.6401863e-03   1.3380155e-03  -5.3506386e-04
  -5.2399615e-02   3.3465366e-01   3.0381165e+00   1.5020023e-03   1.5609484e-03  -1.8419693e-04
  -3.9572300e-02   3.1085138e-01   2.9966734e+00   5.2120458e-04   1.7584401e-03   4.5995867e-04
  -5.2585352e-02   2.7381200e-01   2.9872163e+00   1.1845722e-04   8.7472337e-04  -2.5990530e-04
  -6.0686499e-02   2.8240975e-01   3.0380557e+00   6.8710397e-04   9.3669341e-04  -2.0606498e-04
  -4.9313862e-02   3.0275128e-01   3.0535390e+00   1.0903092e-03   9.2484244e-04  -6.6151984e-04
  -5.0383689e-02   3.0065572e-01   3.0627591e+00   9.9524265e-04   1.0472725e-03  -7.6447136e-04
  -4.6547063e-02   3.1234345e-01   3.0843162e+00   2.0423259e-03   1.5252414e-03  -2.6663055e-04
  -4.5656674e-02   3.1746485e-01   3.1112493e+00   1.7885829e-03   1.0364324e-03  -9.3558913e-04
  -4.0272782e-02   3.2816690e-01   3.1613445e+00   2.5705199e-03   1.5037142e-03  -4.5615912e-04
  -8.2406358e-02   3.1407850e-01   3.1262050e+00   1.6612092e-03   8.0965798e-04  -5.1023597e-04
  -4.5619729e-02   3.3096099e-01   3.1236769e+00   1.8025250e-03   1.6246958e-03  -8.9680281e-04
  -5.2347001e-02   3.4385051e-01   3.1525783e+00   2.1748184e-03   1.4755924e-03  -8.4669931e-04
  -3.6785515e-02   3.2891313e-01   3.1705626e+00   2.2759986e-03   1.6154437e-03  -7.6831930e-04
  -6.3160839e-02   3.1668594e-01   3.1707479e+00   1.7449490e-03   1.0958439e-03  -3.1730952e-04
  -5.3291421e-02   2.8920674e-01   3.1789343e+00   1.5741177e-03   8.8775620e-04  -7.7575394e-04
  -4.9562061e-02   3.3447477e-01   3.2139554e+00   2.5218599e-03   1.4559601e-03  -6.3944197e-04
  -6.2029448e-02   3.2592644e-01   3.1891180e+00   1.6643623e-03   1.0769847e-03  -7.8273581e-04
  -5.3159157e-02   3.4644080e-01   3.1969128e+00   2.0937114e-03   9.2898418e-04  -8.2780257e-04
  -5.5778941e-02   3.1696438e-01   3.2132042e+00   1.6076363e-03   1.7800362e-03  -5.9190177e-04
  -5.3261098e-02   3.2138424e-01   3.2318574e+00   1.7316566e-03   1.2899811e-03  -1.2360599e-03
  -7.2468503e-02   3.3626652e-01   3.2232712e+00   1.4108531e-03   1.2761936e-03  -1.6303150e-04
  -5.3961956e-02   3.3602361e-01   3.2056597e+00   1.5830021e-03   1.1676778e-03  -9.5517140e-04
  -7.5309890e-02   3.4265609e-01   3.2300993e+00   1.7778916e-03   1.2296146e-03  -4.1716328e-04
  -4.6634013e-02   3.5602338e-01   3.2436988e+00   1.6420710e-03   1.4573376e-03  -1.2195644e-03
  -4.1393898e-02   3.6807706e-01   3.2579212e+00   1.8587991e-03   1.4957667e-03  -1.3532111e-03
  -2.3194999e-02   3.6317211e-01   3.3032799e+00   2.2078523e-03   1.5463842e-03  -1.6934141e-03
  -2.5786238e-02   3.4590493e-01   3.3011886e+00   2.4998876e-03   1.4533119e-03  -1.5804566e-03
  -6.8046723e-02   3.3037390e-01   3.3422995e+00   2.5982895e-03   9.2199852e-04  -1.0562212e-03
  -4.0948073e-02   3.4479379e-01   3.2968036e+00   1.6509184e-03   9.4084134e-04  -1.1759871e-03
  -5.8075661e-02   3.3846015e-01   3.3174015e+00   2.1254441e-03   1.4338659e-03  -1.0364029e-03
  -5.0153330e-02   3.5860717e-01   3.3652333e+00   2.9170042e-03   1.4810699e-03  -1.0707625e-03
  -5.2178535e-02   3.6876369e-01   3.3124788e+00   1.7488145e-03   1.2694899e-03  -1.1680595e-03
  -5.1607032e-02   3.4506869e-01   3.3322182e+00   1.6759300e-03   1.0516469e-03  -9.7377976e-04
  -2.4145773e-02   3.7585248e-01   3.3419261e+00   2.1320738e-03   1.4193701e-03  -1.5733057e-03
  -3.6476843e-02   3.8778047e-01   3.3735033e+00   2.4544764e-03   1.1303981e-03  -1.0306508e-03
  -2.5958907e-02   3.9278305e-01   3.3504839e+00   2.1153922e-03   1.2537926e-03  -1.4961855e-03
  -2.4769303e-02   3.4738400e-01   3.3682204e+00   2.1908149e-03   1.4973257e-03  -1.4267127e-03
  -3.8636284e-02   3.4194640e-01   3.3751381e+00   2.0649049e-03   1.3904882e-03  -1.0752726e-03
  -4.4252399e-02   3.6821403e-01   3.3766823e+00   1.9028961e-03   1.1944149e-03  -1.0716124e-03
  -4.9255270e-02   3.5562914e-01   3.4242227e+00   2.6053926e-03   1.4028262e-03  -1.2062379e-03
  -3.8094000e-02   3.5906107e-01   3.4153942e+00   1.9663935e-03   1.4292333e-03  -1.2885973e-03
  -6.5723592e-02   3.5462464e-01   3.4081582e+00   2.0180145e-03   1.6260606e-03  -1.1186846e-03
  -5.7020011e-02   3.7834021e-01   3.4196361e+00   1.9253536e-03   1.0792363e-03  -6.2125107e-04
  -4.9548126e-02   3.7113387e-01   3.4398869e+00   1.7238184e-03   1.3687930e-03  -8.4500062e-04
  -4.7868034e-02   4.0398233e-01   3.4427752e+00   1.8443081e-03   6.5222186e-04  -1.0451617e-03
  -2.4101660e-02   4.0223090e-01   3.4470453e+00   2.0855956e-03   1.1734875e-03  -1.3488114e-03
  -1.0813523e-02   3.6412371e-01   3.4537951e+00   1.7848304e-03   1.0176717e-03  -2.0090307e-03
  -4.2080509e-02   3.4894736e-01   3.4916042e+00   2.1792940e-03   1.5996726e-03  -9.5484427e-04
  -2.6304084e-02   4.1353994e-01   3.4752211e+00   2.4301376e-03   1.4511607e-03  -1.4753644e-03
  -2.4712978e-02   4.0533750e-01   3.4970722e+00   2.4929856e-03   1.2794969e-03  -1.5739290e-03
  -2.4874564e-02   3.9514782e-01   3.4945733e+00   2.2208605e-03   1.8488159e-03  -1.0665752e-03
  -3.2375939e-02   3.8607359e-01   3.4294101e+00   2.0947958e-03   1.7941341e-03  -1.7287111e-03
   5.6540689e-03   4.4449670e-01   3.3148897e+00   3.2092964e-03   2.6949090e-03  -2.5588439e-03
   3.0542208e-02   4.3955266e-01   3.2697955e+00   4.6741900e-03   3.0799588e-03  -3.2843077e-03
   4.1677562e-02   4.0951632e-01   3.2446134e+00   4.8946063e-03   3.4842644e-03  -3.4429277e-03
   5.1591358e-02   4.1932400e-01   3.1868287e+00   4.7262500e-03   3.8057198e-03  -3.6631770e-03
   5.6801738e-02   4.0040759e-01   3.2117767e+00   5.0980540e-03   3.6250021e-03  -3.7370027e-03
   6.0735468e-02   4.0349164e-01   3.1297477e+00   6.6134060e-03   4.7246352e-03  -3.6284997e-03
   7.0967723e-02   4.4231697e-01   3.3056063e+00   8.3467621e-03   3.8959440e-03  -3.7834426e-03
   6.1045724e-02   4.5003033e-01   3.2861785e+00   6.9640413e-03   4.3162265e-03  -2.6464265e-03
   9.8043354e-02   4.3598781e-01   3.3210322e+00   6.8031981e-03   3.8732957e-03  -3.5403290e-03
   8.1213286e-02   4.1577155e-01   3.3258577e+00   6.1606329e-03   4.1523476e-03  -2.7004408e-03
   9.0569256e-02   4.2820435e-01   3.3510535e+00   6.6729824e-03   4.1877493e-03  -3.5767464e-03
   8.5764898e-02   4.1097585e-01   3.3585986e+00   6.9575831e-03   4.7339989e-03  -3.0424839e-03
   6.7995617e-02   4.4705743e-01   3.2468024e+00   7.4028065e-03   4.9917178e-03  -3.0016061e-03
   7.1827367e-02   4.1037308e-01   3.2169035e+00   6.2751296e-03   4.5126966e-03  -3.1828413e-03
   1.1404665e-01   3.7481841e-01   3.0190648e+00   6.2337406e-03   5.4935920e-03  -4.3065634e-03
   9.1940471e-02   4.1103781e-01   3.2289147e+00   8.0893543e-03   5.1051858e-03  -3.8131894e-03
   7.9131514e-02   4.0123451e-01   3.2589761e+00   7.0074956e-03   4.4842944e-03  -3.7178835e-03
   6.2270458e-02   3.6480513e-01   3.0280001e+00   4.2858932e-03   4.8113793e-03  -2.7865150e-03
   8.3464582e-02   3.8720420e-01   3.1598790e+00   5.3673670e-03   4.8109263e-03  -3.4201826e-03
   9.0993947e-02   4.2723992e-01   3.2249717e+00   7.3599758e-03   5.2446488e-03  -3.7021002e-03
   7.3550190e-02   4.2104484e-01   3.1990526e+00   7.1362934e-03   4.2273957e-03  -3.1406833e-03
   7.7048157e-02   4.3681688e-01   3.2047244e+00   6.8419125e-03   5.3159026e-03  -3.1055849e-03
   8.8873772e-02   3.7546399e-01   3.1517826e+00   5.9953607e-03   5.2320570e-03  -3.2890406e-03
   1.1309279e-01   4.0603294e-01   3.1997724e+00   5.6454878e-03   4.0673477e-03  -4.0325676e-03
   8.6757667e-02   4.2883144e-01   3.2955177e+00   7.9974510e-03   5.0512092e-03  -3.6521439e-03
   7.8214832e-02   4.0937431e-01   3.2277903e+00   7.0566448e-03   4.7913201e-03  -3.6462033e-03
   7.5824560e-02   4.3645950e-01   3.3566573e+00   7.3392012e-03   4.6783252e-03  -3.1669102e-03
   7.3210508e-02   4.0576923e-01   3.2874843e+00   5.4721922e-03   4.0482566e-03  -3.3898424e-03
   8.9421050e-02   4.4200625e-01   3.2805859e+00   7.2030844e-03   4.6811990e-03  -3.8180319e-03
   6.7454963e-02   4.4710987e-01   3.3660614e+00   7.2172181e-03   4.6614113e-03  -3.1579512e-03
   6.8367366e-02   3.8048100e-01   2.9925806e+00   3.7019680e-03   5.2413512e-03  -2.7104112e-03
   8.4490504e-02   4.7264403e-01   3.3560739e+00   7.4008302e-03   4.9824644e-03  -3.2561111e-03
   4.6153729e-02   4.2348608e-01   3.2014390e+00   3.9249186e-03   3.7757336e-03  -2.6174625e-03
  -9.7493729e-03   5.8314663e-01   3.3175338e+00   7.8697791e-03   4.0133318e-03  -1.7658891e-03
   7.1116657e-02   4.6816139e-01   3.3149369e+00   5.5236053e-03   3.6100166e-03  -3.3713347e-03
   9.1300779e-02   4.8991114e-01   3.3203122e+00   7.0795467e-03   4.5805730e-03  -3.8614580e-03
   8.9486780e-02   4.7062007e-01   3.3673390e+00   5.7109155e-03   3.8955505e-03  -3.4449733e-03
   8.7030622e-02   4.5571526e-01   3.3097832e+00   6.9093415e-03   4.3803747e-03  -3.2460925e-03
   8.1525148e-02   4.5834118e-01   3.3347582e+00   5.1733230e-03   4.5419577e-03  -3.0647535e-03
   1.0333134e-01   4.3622956e-01   3.3949841e+00   6.4551493e-03   4.6613946e-03  -3.8337167e-03
   9.1463035e-02   4.7796201e-01   3.3844945e+00   6.0659983e-03   4.7883478e-03  -3.3042555e-03
   9.1693525e-02   4.7758231e-01   3.4574519e+00   6.5875941e-03   4.4912515e-03  -3.7122645e-03
   8.6198608e-02   5.0402656e-01   3.4187934e+00   6.3342068e-03   4.4362989e-03  -2.9095995e-03
   8.3573590e-02   4.9979988e-01   3.3950488e+00   6.3079016e-03   5.0145241e-03  -3.3553957e-03
   6.3613783e-02   4.8610981e-01   3.4307914e+00   7.3913044e-03   4.4668436e-03  -2.7649101e-03
   9.4852577e-02   4.6390762e-01   3.3570241e+00   6.5660191e-03   4.6721258e-03  -3.4708741e-03
   7.6765312e-02   4.9557494e-01   3.4608310e+00   6.4718146e-03   4.1659951e-03  -3.2268262e-03
   4.9716542e-02   5.0939774e-01   3.5139682e+00   6.2433136e-03   3.7633178e-03  -3.2353322e-03
   8.2700915e-02   4.6179694e-01   3.4540303e+00   5.9750627e-03   4.1459698e-03  -3.2251995e-03
   7.4492130e-02   4.9915862e-01   3.4646427e+00   6.3184202e-03   4.4522954e-03  -3.1006380e-03
   9.6196981e-02   5.1989602e-01   3.5089216e+00   6.7862892e-03   4.0673149e-03  -3.6677780e-03
   7.5389239e-02   5.5205969e-01   3.5758054e+00   7.5259333e-03   3.6698780e-03  -3.4080306e-03
   7.8675652e-02   5.2193909e-01   3.5700920e+00   6.9979633e-03   4.0002081e-03  -3.2936886e-03
   7.8518523e-02   5.5816360e-01   3.5778905e+00   6.9167091e-03   3.6320668e-03  -3.7212992e-03
   7.4774986e-02   5.0546458e-01   3.6168593e+00   6.8588671e-03   3.8591038e-03  -3.5719982e-03
   6.7077673e-02   5.3550912e-01   3.5946157e+00   6.9899947e-03   4.3002205e-03  -3.2342138e-03
   7.4451906e-02   5.3825849e-01   3.6170352e+00   7.3454287e-03   4.6080967e-03  -2.6245255e-03
   9.7465521e-02   5.6426598e-01   3.6462786e+00   6.8712679e-03   3.9104140e-03  -3.6377442e-03
   5.7856522e-02   5.6139707e-01   3.6668113e+00   6.5097977e-03   3.1412787e-03  -3.3001217e-03
   6.7299904e-02   5.4235324e-01   3.6671605e+00   6.5194046e-03   3.8077931e-03  -3.3157244e-03
   6.8683509e-02   5.8499220e-01   3.7260136e+00   7.7453744e-03   3.4803716e-03  -3.1005449e-03
   5.1032527e-02   5.5118855e-01   3.6865604e+00   6.4494270e-03   3.6798163e-03  -3.0706542e-03
   5.6817695e-02   5.6573375e-01   3.6911837e+00   6.9758846e-03   4.1316095e-03  -3.3275471e-03
   8.5456463e-02   5.5646212e-01   3.7208892e+00   6.9264474e-03   3.6061928e-03  -3.6894389e-03
   6.9961871e-02   5.5487633e-01   3.6689825e+00   6.6931843e-03   3.2898803e-03  -3.5840724e-03
   5.0125685e-02   5.5389409e-01   3.6766051e+00   7.3203949e-03   3.6811045e-03  -2.8888356e-03
   4.5535315e-02   5.3091307e-01   3.7161481e+00   7.1134346e-03   4.3213899e-03  -2.7143741e-03
   8.1332177e-02   5.3282281e-01   3.6973660e+00   6.8227034e-03   4.8310407e-03  -3.1965155e-03
   8.4161972e-02   5.4712452e-01   3.7294814e+00   6.5643660e-03   4.0503045e-03  -3.5781463e-03
   6.3385520e-02   5.6866675e-01   3.6899909e+00   6.9934634e-03   3.9559503e-03  -2.9559534e-03
   7.0788620e-02   5.4631946e-01   3.7404754e+00   6.9398082e-03   3.8163230e-03  -3.1804210e-03
   8.1203487e-02   5.4928379e-01   3.7770936e+00   7.0722069e-03   3.8409031e-03  -3.7969584e-03
   9.3714522e-02   5.7170979e-01   3.7943150e+00   6.2197260e-03   3.6990037e-03  -3.5326992e-03
   7.7697596e-02   5.6200440e-01   3.8538076e+00   6.8626258e-03   3.5090705e-03  -2.8165050e-03
   6.7839355e-02   5.6264306e-01   3.8732769e+00   6.3115865e-03   3.7949845e-03  -2.0216257e-03
   6.5532504e-02   5.6284971e-01   3.8752246e+00   6.1245614e-03   3.1986569e-03  -2.7781531e-03
   8.8218771e-02   5.7712881e-01   3.9043354e+00   6.4519446e-03   2.5797499e-03  -3.6322433e-03
   9.3949134e-02   5.6113300e-01   3.9005767e+00   5.8114912e-03   2.9415635e-03  -3.8320762e-03
   6.6878353e-02   5.6952709e-01   3.9026511e+00   6.1006150e-03   3.5876217e-03  -2.4959192e-03
   6.3506414e-02   5.7863949e-01   3.9193788e+00   5.8353800e-03   3.5055941e-03  -2.5567967e-03
   7.0190434e-02   5.6372899e-01   3.9070397e+00   5.5747034e-03   3.4833504e-03  -2.7724044e-03
   5.3006146e-02   5.3878580e-01   3.8963697e+00   4.4735203e-03   3.1387005e-03  -2.6959868e-03
   4.0540858e-02   5.0800411e-01   3.9257053e+00   4.8379919e-03   2.8580440e-03  -1.8254596e-03
   6.8977998e-02   5.2988740e-01   3.9790073e+00   5.5375592e-03   3.1217393e-03  -2.9814364e-03
   8.8504067e-02   5.2007704e-01   3.9819323e+00   5.3092739e-03   3.8491271e-03  -2.8425375e-03
   5.0004536e-02   5.2339922e-01   3.9294168e+00   3.9407289e-03   3.5112969e-03  -2.1576377e-03
   7.4964262e-02   5.3065566e-01   3.9479907e+00   4.1211767e-03   3.5281380e-03  -2.8755461e-03
   6.2963181e-02   5.2936140e-01   3.9565840e+00   4.3636348e-03   3.5620237e-03  -2.3950765e-03
   6.9678914e-02   5.5255294e-01   4.0024070e+00   5.3868880e-03   3.3532698e-03  -2.5756942e-03
   5.0377705e-02   5.5902183e-01   3.9988494e+00   4.8077163e-03   3.5771835e-03  -2.4319599e-03
   7.2847541e-02   5.6948760e-01   4.0064991e+00   4.4987879e-03   3.1925719e-03  -3.0528642e-03
   6.7461006e-02   5.8611431e-01   3.9942590e+00   4.1858221e-03   2.5539614e-03  -2.7867816e-03
   6.1007248e-02   5.5175624e-01   4.0020480e+00   3.9447539e-03   3.8915234e-03  -2.3791166e-03
   6.4297562e-02   5.8114778e-01   4.0393647e+00   4.7656114e-03   2.6984023e-03  -2.7238756e-03
   7.0642687e-02   5.3269088e-01   4.0183140e+00   4.2011038e-03   3.4967172e-03  -2.5180398e-03
   4.9165273e-02   5.3640052e-01   4.0332286e+00   4.2566727e-03   3.3752716e-03  -2.1879626e-03
   4.5883611e-02   5.4984057e-01   4.0475466e+00   4.2225598e-03   3.4108449e-03  -1.5247540e-03
   5.6057778e-02   5.2714410e-01   4.0493484e+00   4.1569678e-03   3.0785348e-03  -2.0607228e-03
   8.6358679e-02   5.4467470e-01   4.0613007e+00   4.7810055e-03   3.4455224e-03  -3.0135382e-03
   6.6290442e-02   5.1516008e-01   4.0628894e+00   4.4504658e-03   2.9467637e-03  -2.3758762e-03
   5.8557581e-02   5.3650916e-01   4.0858908e+00   4.9709030e-03   3.2125861e-03  -2.5740923e-03
   5.7527556e-02   5.3152219e-01   4.0877330e+00   4.0432960e-03   2.6105300e-03  -1.9819835e-03
   3.8801408e-02   5.5418878e-01   4.0975004e+00   4.3051219e-03   2.5280304e-03  -2.0519730e-03
   6.8984003e-02   5.3867882e-01   4.0701199e+00   3.9573286e-03   3.2702613e-03  -2.1818871e-03
   6.6171822e-02   5.5649846e-01   4.0682341e+00   3.8340467e-03   3.0484433e-03  -2.3942975e-03
   6.0002506e-02   5.5493010e-01   4.0736914e+00   4.1398502e-03   2.6564164e-03  -2.4854062e-03
   5.5147721e-02   5.1012756e-01   4.1073198e+00   4.3480750e-03   2.7302918e-03  -2.4678603e-03
   5.2469878e-02   5.3359612e-01   4.1316573e+00   5.0669760e-03   3.0428541e-03  -1.9520275e-03
   6.5977653e-02   5.2565815e-01   4.0974800e+00   4.0818748e-03   2.6667937e-03  -2.7931747e-03
   8.8097892e-02   5.3036398e-01   4.1348701e+00   4.9658762e-03   3.4346662e-03  -2.5519081e-03
   5.9012724e-02   5.6769425e-01   4.1496828e+00   5.1838126e-03   2.6246061e-03  -2.3784065e-03
   3.7320955e-02   5.8355570e-01   4.1621622e+00   4.9019937e-03   3.0769380e-03  -2.0318602e-03
   4.3944421e-02   5.7619191e-01   4.1751170e+00   4.8751953e-03   2.6692435e-03  -1.9274984e-03
   6.0815030e-02   5.4549064e-01   4.1708366e+00   4.8198442e-03   2.9303851e-03  -2.2940438e-03
   4.1259551e-02   5.2439863e-01   4.2097872e+00   5.0394956e-03   2.9115359e-03  -1.9649532e-03
   5.7964792e-02   5.3717655e-01   4.1915932e+00   4.6856607e-03   2.8661910e-03  -2.5358462e-03
   6.0785282e-02   5.3227891e-01   4.1723630e+00   4.2763159e-03   3.1197111e-03  -2.2504366e-03
   4.9103677e-02   5.7008987e-01   4.2263076e+00   4.3733800e-03   2.7450292e-03  -1.8706195e-03
   6.5517320e-02   5.5339611e-01   4.2054085e+00   4.2696671e-03   2.5641319e-03  -2.3180348e-03
   6.2091623e-02   5.9765900e-01   4.2013926e+00   4.0979320e-03   3.2054011e-03  -2.3348390e-03
   6.1499522e-02   6.0279667e-01   4.2074960e+00   4.0677795e-03   2.7945839e-03  -2.5757887e-03
   6.8529958e-02   5.4979959e-01   4.1844778e+00   3.9194409e-03   2.5397740e-03  -2.4062222e-03
   5.3990374e-02   5.8798040e-01   4.2208789e+00   4.4825766e-03   3.0056514e-03  -1.8962986e-03
   6.2005486e-02   5.8768999e-01   4.2255381e+00   3.9847155e-03   2.5244794e-03  -2.5030804e-03
   6.1666866e-02   5.9185863e-01   4.2310508e+00   4.0059870e-03   2.8869581e-03  -2.1163901e-03
   6.7211576e-02   5.5680990e-01   4.2577802e+00   4.2341020e-03   2.1488519e-03  -2.8255514e-03
   7.4632116e-02   5.6400216e-01   4.2753582e+00   4.4194645e-03   3.0889739e-03  -2.3496852e-03
   4.9794078e-02   5.9533570e-01   4.2720735e+00   4.7662904e-03   3.0186179e-03  -2.4490432e-03
   6.6344516e-02   5.8447164e-01   4.2872693e+00   4.7633504e-03   3.3400931e-03  -2.0850872e-03
   7.5085819e-02   6.0022878e-01   4.2559270e+00   3.8459253e-03   3.4501775e-03  -2.4332963e-03
   5.3674746e-02   5.7811890e-01   4.2969876e+00   4.7929180e-03   3.2615768e-03  -1.9966163e-03
   7.5396862e-02   5.8415201e-01   4.3090630e+00   4.4921102e-03   3.0808099e-03  -2.5912636e-03
   5.8246727e-02   6.2311619e-01   4.3516068e+00   5.1089138e-03   3.0882604e-03  -2.0087561e-03
   7.2596096e-02   6.2721351e-01   4.3372371e+00   5.2853121e-03   3.1686707e-03  -2.6517671e-03
   6.0623551e-02   6.0398365e-01   4.3290434e+00   5.0372015e-03   2.8055328e-03  -2.5676759e-03
   6.7624575e-02   6.3436918e-01   4.3316378e+00   4.7337180e-03   3.3810208e-03  -2.5666167e-03
   7.8234893e-02   6.0632562e-01   4.3541626e+00   4.6121314e-03   3.0456683e-03  -2.7474841e-03
   4.8360736e-02   5.9296915e-01   4.3654807e+00   4.5215940e-03   3.1744426e-03  -2.0748387e-03
   6.4225144e-02   6.1345809e-01   4.3511886e+00   4.4035068e-03   3.5550004e-03  -1.8372016e-03
   6.7809662e-02   5.8999852e-01   4.3815190e+00   5.3603409e-03   3.4779918e-03  -2.0195908e-03
   7.2669250e-02   6.0730373e-01   4.3864570e+00   4.9658777e-03   3.4832494e-03  -1.8384802e-03
   4.9723988e-02   6.3507437e-01   4.3975390e+00   4.7815457e-03   3.0900198e-03  -2.0093184e-03
   5.6862809e-02   5.9796947e-01   4.3858082e+00   4.4083888e-03   3.4759722e-03  -1.8569243e-03
   5.9905558e-02   6.1115887e-01   4.3737505e+00   3.5233172e-03   2.7135258e-03  -1.8747732e-03
   7.6317465e-02   6.1792260e-01   4.3901862e+00   4.4767999e-03   2.9691994e-03  -2.6217238e-03
   8.9810472e-02   6.2462660e-01   4.4474791e+00   5.3988593e-03   3.4597515e-03  -2.4537645e-03
   6.6158004e-02   6.2959695e-01   4.4300057e+00   4.6726864e-03   3.3953818e-03  -2.3303533e-03
   6.3619362e-02   6.0070034e-01   4.4486596e+00   5.1865619e-03   3.2374012e-03  -2.4241568e-03
   7.5354474e-02   6.2213901e-01   4.4501362e+00   4.9231889e-03   2.7948890e-03  -1.9605855e-03
   7.3347974e-02   6.2918955e-01   4.4843808e+00   5.1685685e-03   3.6981471e-03  -2.1797542e-03
   6.8810552e-02   6.1157172e-01   4.4765624e+00   4.2660489e-03   2.9632341e-03  -1.7441858e-03
   6.9466632e-02   6.2013471e-01   4.4686916e+00   4.5073546e-03   3.3259243e-03  -2.4403584e-03
   5.3087809e-02   6.6348970e-01   4.4888368e+00   4.6403742e-03   2.2522831e-03  -2.0793053e-03
   7.0715959e-02   6.5192656e-01   4.5003433e+00   4.8826637e-03   3.6576136e-03  -2.0798045e-03
   7.0531476e-02   6.1072150e-01   4.4896250e+00   4.1685845e-03   3.0389200e-03  -2.2786266e-03
   7.4199357e-02   6.0142499e-01   4.4383828e+00   3.3131196e-03   3.0939429e-03  -2.4429289e-03
   5.7727852e-02   6.1079888e-01   4.5312646e+00   5.0143228e-03   3.0971172e-03  -1.6061048e-03
   6.2701683e-02   5.9687391e-01   4.5139492e+00   4.0669429e-03   2.6513615e-03  -2.3708857e-03
   8.6010430e-02   5.9588713e-01   4.5218100e+00   4.2992735e-03   3.7892595e-03  -1.8502989e-03
   5.9997854e-02   6.0706880e-01   4.5398383e+00   4.0006865e-03   3.0079420e-03  -1.9073670e-03
   6.2131546e-02   6.4429578e-01   4.5527889e+00   3.7389635e-03   2.7245144e-03  -2.4051236e-03
   7.2655452e-02   6.1319997e-01   4.5503495e+00   4.3042475e-03   2.8548086e-03  -2.6115704e-03
   7.1847328e-02   6.3682272e-01   4.5666383e+00   4.1641804e-03   2.9145011e-03  -2.0013735e-03
   7.1899343e-02   6.1303096e-01   4.5137365e+00   3.2249637e-03   2.9331970e-03  -2.2217260e-03
   7.6454684e-02   6.0837927e-01   4.5201463e+00   3.2698949e-03   3.3440340e-03  -2.4200362e-03
   5.9261995e-02   5.9690636e-01   4.5413107e+00   3.9882970e-03   3.4684418e-03  -1.9086108e-03
   6.0896728e-02   6.0148439e-01   4.5087355e+00   3.6075836e-03   3.0401723e-03  -1.5494258e-03
   9.3166861e-02   5.9182778e-01   4.5083512e+00   3.1718576e-03   3.1312710e-03  -2.1418372e-03
   7.9964952e-02   5.9247345e-01   4.5803853e+00   4.0340475e-03   3.1047207e-03  -2.0203088e-03
   4.5957483e-02   6.0422742e-01   4.6406295e+00   4.6753258e-03   2.8400989e-03  -1.7649321e-03
   5.2394150e-02   6.0356048e-01   4.5835018e+00   3.2299272e-03   2.3241220e-03  -1.5634346e-03
   7.1636110e-02   6.0200366e-01   4.5139834e+00   2.4258733e-03   3.0318322e-03  -2.0099044e-03
   4.7624214e-02   6.0947826e-01   4.5356331e+00   2.9674289e-03   2.4639283e-03  -1.5131006e-03
   6.6609473e-02   6.2462024e-01   4.5657411e+00   3.5520315e-03   2.7469459e-03  -1.8674235e-03
   7.4252754e-02   5.8953093e-01   4.5583302e+00   3.3194371e-03   3.3077490e-03  -1.8041387e-03
   9.6198392e-02   5.8838969e-01   4.5806583e+00   4.2864426e-03   3.2931197e-03  -2.7729908e-03
   5.8401859e-02   6.0588041e-01   4.5910732e+00   3.5022033e-03   2.7453109e-03  -1.7210019e-03
   5.4368280e-02   6.2005189e-01   4.5825801e+00   3.3219715e-03   2.7292728e-03  -1.7826411e-03
   8.7847232e-02   6.4138175e-01   4.5815821e+00   3.3075990e-03   2.9959332e-03  -2.6084981e-03
   5.3977507e-02   6.1149746e-01   4.5960156e+00   2.9750421e-03   2.6753685e-03  -1.9120427e-03
   7.8076668e-02   6.1013735e-01   4.6235865e+00   3.5224922e-03   2.8765337e-03  -2.0711876e-03
   4.2706283e-02   5.7442678e-01   4.6148549e+00   3.2052998e-03   2.8795080e-03  -1.0975486e-03
   6.5150917e-02   5.6614283e-01   4.6035881e+00   3.5660150e-03   3.0219889e-03  -1.7715886e-03
   6.2755517e-02   5.9478718e-01   4.5999815e+00   3.0372606e-03   2.8279443e-03  -1.9388202e-03
   8.8479282e-02   6.1092027e-01   4.6475497e+00   3.8249444e-03   3.5391793e-03  -2.1938748e-03
   6.2593811e-02   6.0298440e-01   4.6306137e+00   3.2040428e-03   2.6834095e-03  -2.1160916e-03
   4.7790486e-02   6.4562115e-01   4.6408703e+00   2.8177640e-03   2.9247821e-03  -1.5701105e-03
   6.9846520e-02   6.1778047e-01   4.6156571e+00   2.3509321e-03   2.7705898e-03  -2.2966641e-03
   8.2447896e-02   5.9987433e-01   4.6326980e+00   2.5086969e-03   2.4336870e-03  -2.0137907e-03
   7.5875461e-02   5.7331780e-01   4.6323153e+00   2.6567999e-03   3.2653108e-03  -2.3006556e-03
   6.1406107e-02   6.1057563e-01   4.7139255e+00   3.5961819e-03   3.0360039e-03  -1.9647859e-03
   6.8689666e-02   6.0944012e-01   4.6997241e+00   3.5841298e-03   3.0479581e-03  -1.7013614e-03
   6.9035412e-02   6.3149097e-01   4.7088502e+00   3.6787011e-03   2.9667503e-03  -2.1415726e-03
   6.7837250e-02   6.0567395e-01   4.6838630e+00   2.5297970e-03   3.0436714e-03  -1.5908106e-03
   8.3995389e-02   6.3183725e-01   4.7111419e+00   3.7410209e-03   3.0351469e-03  -2.0627892e-03
   8.2016431e-02   6.2743029e-01   4.6744506e+00   3.3527161e-03   3.1054710e-03  -1.9817580e-03
   7.5308178e-02   6.2724999e-01   4.6627549e+00   3.1422237e-03   3.3987526e-03  -1.7780419e-03
   7.7084182e-02   6.1930206e-01   4.6883258e+00   3.6529718e-03   3.1571069e-03  -1.5697282e-03
   6.8099131e-02   6.0785445e-01   4.6969794e+00   3.0726724e-03   2.4373656e-03  -1.5766834e-03
   5.2420947e-02   5.9156797e-01   4.7061054e+00   3.4147963e-03   2.6252644e-03  -1.6917255e-03
   7.4539780e-02   5.9115238e-01   4.7060620e+00   3.0260571e-03   2.9086309e-03  -1.7788899e-03
   4.7900616e-02   6.2812570e-01   4.7254689e+00   3.3936294e-03   1.8660212e-03  -1.6665551e-03
   5.7329119e-02   6.4363881e-01   4.7602500e+00   3.2505444e-03   2.8035759e-03  -1.3959276e-03
   5.5205468e-02   6.0999628e-01   4.7587019e+00   3.1416989e-03   2.7706418e-03  -1.6515520e-03
   5.5003725e-02   5.8869277e-01   4.7679905e+00   3.4408720e-03   2.8878532e-03  -1.8421529e-03
   3.8864921e-02   6.5973923e-01   4.7918144e+00   3.4287124e-03   2.6257924e-03  -1.5878860e-03
   5.5306074e-02   6.3003664e-01   4.7733174e+00   3.0691920e-03   3.7190628e-03  -1.7255830e-03
   7.6013245e-02   6.1995979e-01   4.7382508e+00   2.4365989e-03   2.8569720e-03  -2.5015164e-03
   7.8862974e-02   6.2375458e-01   4.7485391e+00   3.3685978e-03   2.7203500e-03  -2.3427517e-03
   7.8985727e-02   5.8476831e-01   4.8018247e+00   3.4815951e-03   2.7060916e-03  -2.1744854e-03
   5.5502974e-02   6.1984429e-01   4.8374292e+00   3.8494284e-03   3.1353932e-03  -1.4364289e-03
   8.8946280e-02   6.1343604e-01   4.8010755e+00   2.8995174e-03   2.8013156e-03  -2.1700559e-03
   9.2777070e-02   6.4132732e-01   4.8515901e+00   3.7018546e-03   2.9947832e-03  -2.4389651e-03
   6.3206283e-02   6.0568523e-01   4.8110671e+00   2.7256050e-03   2.8485386e-03  -1.6923803e-03
   6.4787046e-02   6.1246123e-01   4.8019780e+00   2.4096121e-03   2.8988355e-03  -1.8551758e-03
   7.9615853e-02   6.6001958e-01   4.7893237e+00   2.7458758e-03   2.7083489e-03  -2.1357742e-03
   6.8223519e-02   6.4654356e-01   4.7821129e+00   2.3937342e-03   2.3399601e-03  -2.1585869e-03
   1.0159494e-01   6.9780312e-01   4.8035241e+00   3.3426223e-03   2.8711774e-03  -2.0954014e-03
   9.4781250e-02   6.5131158e-01   4.7970203e+00   2.4455991e-03   2.9580685e-03  -2.2452254e-03
   9.0320425e-02   6.2878682e-01   4.8145445e+00   2.3518100e-03   2.9877765e-03  -1.9417096e-03
   8.2640912e-02   6.6418805e-01   4.8279748e+00   2.9769264e-03   3.0881112e-03  -2.1709997e-03
   7.3952448e-02   6.2056043e-01   4.8284559e+00   2.6996265e-03   2.8122343e-03  -2.0291240e-03
   8.5234941e-02   6.2064342e-01   4.8556068e+00   2.7343800e-03   2.5246172e-03  -2.3158416e-03
   6.7699317e-02   6.6360463e-01   4.8573474e+00   2.5324500e-03   2.9762942e-03  -1.6524224e-03
   7.4895376e-02   6.4156599e-01   4.8607396e+00   2.5539441e-03   2.7114895e-03  -1.8367519e-03
   7.4007816e-02   6.2146964e-01   4.8270553e+00   2.5372614e-03   2.5708044e-03  -2.0824627e-03
   7.6136903e-02   5.9081775e-01   4.8356847e+00   2.7258955e-03   2.9550721e-03  -1.7241107e-03
   8.4564547e-02   6.3028122e-01   4.9408556e+00   3.9640182e-03   2.7920945e-03  -2.7923450e-03
   6.4395186e-02   6.3205641e-01   4.9756894e+00   3.8748164e-03   2.7571156e-03  -2.0838286e-03
   7.5043111e-02   6.4146472e-01   4.9790711e+00   3.5769050e-03   2.7785789e-03  -1.6956191e-03
   6.5887411e-02   6.4004081e-01   4.9112233e+00   2.8315607e-03   2.7681333e-03  -1.6932801e-03
   7.1774670e-02   6.3542002e-01   4.9364181e+00   3.6922901e-03   3.3819182e-03  -2.0059643e-03
   9.2410774e-02   6.2169547e-01   4.9167957e+00   2.6796754e-03   2.5918002e-03  -2.0789719e-03
