   0.0000000e+00   0.0000000e+00   6.1997937e-15   1.0901899e-17   1.6231013e-18  -1.7694886e-35
   4.3885097e-03   9.7847113e-03   3.2054846e-02   1.2369613e-04  -3.2528902e-04  -5.7240676e-04
  -5.0123535e-03  -1.2496263e-02   2.1639220e-01   1.0165257e-03  -5.9343235e-04  -5.9881568e-04
   1.2664685e-02   2.0890834e-02   1.5339749e-01   8.2217526e-04  -6.2724549e-04  -8.3397540e-04
  -1.8925387e-02  -8.0983462e-03   2.7997119e-01  -7.1278087e-04  -1.6643910e-03  -6.4227237e-04
   1.4222213e-03   3.4646955e-02   2.0213952e-01   1.3390449e-03  -9.5334910e-04  -3.4922409e-04
  -3.1667992e-02   3.8637544e-02   1.0246506e-01  -5.1320983e-04  -2.2533467e-03  -5.1706075e-04
  -7.6476400e-02  -2.8017529e-01  -3.2203871e-01   1.7056520e-02  -4.1558252e-03  -6.1300385e-04
   3.8342301e-02  -4.4203521e-01  -1.0327345e+00  -5.1503618e-03   3.3215805e-03   2.4505666e-03
   1.1658329e-01  -6.4590074e-01  -1.0427309e+00   2.5380143e-02  -2.2836242e-03   2.7578125e-03
   3.6650500e-02  -1.4584527e-01  -1.5132948e-01   3.7072198e-03   3.2361045e-03   1.0807062e-03
  -2.6707511e-02  -7.5476633e-02  -1.1659566e-01   2.7317881e-04   1.8650918e-03   9.1823555e-04
  -2.5249725e-02  -3.0250397e-02  -7.3564889e-02   5.0145279e-04   1.7779764e-03   2.4708942e-04
  -1.2263354e-02  -3.6491680e-02  -4.9328937e-02   1.0877708e-03   1.8535164e-03  -7.6997696e-05
  -4.3732062e-02  -3.2646633e-02  -3.4372920e-02   1.3128531e-03   1.7120699e-03   1.9038155e-04
  -1.7632003e-02  -4.1155551e-02  -1.1375366e-01  -2.7533961e-04   2.0187189e-03  -2.5560418e-04
   7.5576635e-03  -1.3762933e-02  -7.2927564e-02   1.6577645e-03   2.2414600e-03  -5.3666813e-04
  -4.6819404e-02  -2.4378601e-02   4.3579680e-02   1.9134675e-03   1.0720852e-03   1.7258148e-04
  -3.3788376e-02  -1.4080341e-02  -2.2028178e-02   1.5273086e-03   1.4913007e-03   2.0288074e-05
  -3.5305999e-02  -2.4418792e-02   2.4509905e-02   1.5824174e-03   1.2011611e-03  -1.0008622e-04
  -7.2210592e-02  -4.2748644e-02  -2.0399649e-01  -1.7369834e-03   3.2140373e-05   9.7110470e-04
   5.1124780e-02  -4.3570508e-01  -1.3782494e+00  -1.1715282e-03  -2.8662487e-03   8.0895818e-05
   5.9933882e-02  -5.1371125e-01  -5.9560928e-01   3.2077051e-02  -3.5236878e-03   1.4409041e-03
  -3.1523003e-02  -1.4694017e-01  -2.6445176e-01   8.9923292e-03  -3.9550955e-03   4.2465093e-05
  -2.5979281e-02  -7.0417433e-02  -2.7331216e-01   5.9595345e-03  -3.8730712e-03  -1.0051451e-03
  -2.2792510e-02  -6.9429073e-02  -2.1830702e-01   6.3782632e-03  -2.5782274e-03  -1.0052112e-03
  -1.6529443e-02  -5.0434713e-02  -1.9686895e-01   6.1885433e-03  -3.2262633e-03  -7.4605804e-04
  -4.3208032e-02  -8.8664879e-02  -1.9115693e-01   5.2151834e-03  -3.5241157e-03  -3.8103265e-04
  -3.6494941e-02  -7.6368414e-02  -1.8385863e-01   5.2398383e-03  -3.6101270e-03  -9.5235805e-04
  -2.9288800e-02  -6.3058792e-02  -2.1513081e-01   5.5085377e-03  -3.4721694e-03  -9.9144301e-04
  -4.3311335e-02  -7.5130037e-02  -1.3803595e-01   5.8590241e-03  -3.1724270e-03  -5.5398194e-04
  -4.5402271e-02  -8.1123386e-02  -2.0066312e-01   5.6647553e-03  -3.4702227e-03  -8.8700163e-04
  -4.4811618e-02  -5.7347306e-02  -1.7867956e-01   6.0213428e-03  -3.6811853e-03  -8.9506719e-04
  -4.6037523e-02  -4.6550638e-02  -1.6356594e-01   6.2253059e-03  -3.8847540e-03  -1.1880626e-03
  -3.8720912e-02  -4.7202616e-02  -2.0300188e-01   5.5841088e-03  -3.4524548e-03  -7.3610655e-04
  -3.2121033e-02  -5.1082583e-02  -1.7584230e-01   5.8088702e-03  -3.1127583e-03  -9.2333065e-04
  -3.3882069e-02  -6.0428131e-02  -1.7701563e-01   6.1298945e-03  -2.9255430e-03  -8.7978057e-04
  -2.7409884e-02  -5.8756541e-02  -2.0770307e-01   5.4877553e-03  -3.4979293e-03  -1.3541078e-03
  -4.4920809e-02  -4.8457131e-02  -1.6044298e-01   5.8337340e-03  -3.6520350e-03  -1.1623074e-03
  -5.4709000e-02  -5.8512199e-02  -1.8952653e-01   5.0745340e-03  -3.3609718e-03  -7.4016267e-04
  -5.8770320e-02  -4.7687801e-02  -1.9728820e-01   5.8422616e-03  -2.7351222e-03  -6.0504891e-04
  -6.3299440e-02  -7.9407269e-02  -2.7907829e-01   4.3932877e-03  -2.9213481e-03  -9.2607210e-04
  -5.3139216e-02  -6.4953377e-02  -2.2023829e-01   6.0332275e-03  -2.8280747e-03  -9.9179760e-04
  -6.6278172e-02  -8.1923644e-02  -2.8574637e-01   5.4420928e-03  -3.3341647e-03  -1.0995157e-03
  -7.6252742e-02  -9.1257972e-02  -3.0291857e-01   6.9752848e-03  -3.7894419e-03  -6.0308165e-04
  -5.1750133e-02  -6.6868608e-02  -3.0015889e-01   7.4253816e-03  -3.0777116e-03  -1.4464990e-03
  -4.0602117e-02  -6.2268839e-02  -3.4360412e-01   6.7901478e-03  -2.8927269e-03  -1.4712434e-03
  -3.5305018e-02  -8.7547149e-02  -2.7433766e-01   6.4370440e-03  -2.9591648e-03  -1.5605892e-03
  -5.2255907e-02  -5.9255170e-02  -2.6436140e-01   5.5607333e-03  -3.3222668e-03  -9.8342880e-04
  -7.6934907e-02  -6.4086188e-02  -2.2009639e-01   5.8478261e-03  -3.0389623e-03  -5.6040291e-04
  -7.3490902e-02  -4.3023397e-02  -1.6820615e-01   5.9852773e-03  -3.6235865e-03  -7.2756538e-04
  -3.8253186e-02  -7.2845458e-02  -1.6236924e-01   6.4463821e-03  -3.3414041e-03  -1.6405779e-03
  -4.6317932e-02  -4.6438426e-02  -1.9707829e-01   5.9819604e-03  -2.6383568e-03  -1.3967616e-03
  -6.0009016e-02  -4.8450538e-02  -1.8774409e-01   5.6776127e-03  -3.0151661e-03  -8.2792353e-04
  -4.5694563e-02  -6.1822598e-02  -1.6654325e-01   6.1038462e-03  -2.7659394e-03  -9.0062453e-04
  -5.3447886e-02  -1.2724038e-02  -1.7322677e-01   6.3323870e-03  -2.9990771e-03  -1.2029478e-03
  -5.0608661e-02  -4.9814742e-02  -1.8818391e-01   5.0513699e-03  -2.9791870e-03  -1.1270705e-03
  -6.0069216e-02  -4.1399004e-02  -1.5482274e-01   6.1636725e-03  -3.1670084e-03  -9.7453407e-04
  -5.4665616e-02  -6.0693905e-02  -1.9098526e-01   4.7864568e-03  -2.6338430e-03  -8.3049624e-04
  -6.0302521e-02  -7.8776453e-02  -2.0465153e-01   5.9083372e-03  -3.3062185e-03  -1.1636689e-03
  -5.2467079e-02  -6.0753547e-02  -1.7820031e-01   6.2079370e-03  -3.0612177e-03  -1.3325723e-03
  -5.5781339e-02  -5.2275206e-02  -1.8583636e-01   5.5470786e-03  -2.7866294e-03  -1.3072671e-03
  -5.6196547e-02  -5.6255071e-02  -1.6052555e-01   5.2072868e-03  -3.0422716e-03  -1.1352616e-03
  -9.6632817e-02  -1.4509979e-02  -1.9966905e-01   5.1350691e-03  -3.2242526e-03  -7.4227274e-05
  -9.1138715e-02  -9.4409440e-02  -2.0952722e-01   5.1290585e-03  -3.9135405e-03  -2.7718996e-04
  -1.0980574e-01  -1.0789998e-01  -1.9340556e-01   4.2581338e-03  -3.4096632e-03   2.6374160e-04
  -1.0675935e-01  -1.0324434e-01  -2.1653430e-01   4.6346561e-03  -1.7257183e-03  -8.4827646e-04
  -1.1262919e-01  -8.6551793e-02  -1.8467011e-01   5.3617309e-03  -1.7826509e-03  -7.8028644e-04
  -1.2150069e-01  -7.2036350e-02  -1.6977136e-01   3.0813852e-03  -3.5588145e-03  -1.8200663e-06
  -1.3144006e-01  -8.6512684e-02  -1.9478135e-01   3.6324200e-03  -2.8776662e-03  -1.4658871e-04
  -1.0227197e-01  -9.0204155e-02  -1.4306936e-01   4.6982013e-03  -2.7726549e-03  -9.8711973e-04
  -1.5361982e-01  -6.3413021e-02  -7.2599685e-02   4.3124946e-03  -4.3164108e-03  -3.4666905e-04
  -1.0615670e-01  -8.6067110e-02  -1.3793278e-01   2.8943554e-03  -2.8811711e-03  -8.0495273e-04
  -1.1919597e-01  -4.2060766e-02  -1.7680748e-01   3.8773690e-03  -2.6006427e-03  -6.6127963e-04
  -1.0684933e-01  -9.0205523e-02  -6.8993113e-02   3.0115282e-03  -2.7514245e-03  -5.3742422e-05
  -7.8828705e-02  -6.9671690e-02  -4.5676807e-02   3.2682051e-03  -2.0423320e-03  -8.4578840e-04
  -6.9109067e-02  -2.7518721e-02   1.1737033e-02   4.7501506e-03  -2.1617698e-03  -1.3254806e-03
  -9.3050392e-02  -2.3091953e-02   2.4925147e-03   4.0560077e-03  -2.0470225e-03  -3.9698892e-04
  -8.3876028e-02  -6.2477648e-02  -1.3273471e-02   2.3501928e-03  -2.0780833e-03  -5.6806667e-04
  -7.8116245e-02  -3.5416852e-02  -4.1255149e-02   3.3423335e-03  -1.8567768e-03  -8.9422567e-04
  -1.0695773e-01  -6.7330619e-02  -3.9551173e-02   2.7536845e-03  -2.3392631e-03   2.1594406e-04
  -8.0146423e-02  -8.6699549e-02  -4.4006133e-02   3.6982445e-03  -1.4713401e-03  -3.9007082e-04
  -9.2243794e-02  -8.1219117e-02  -5.3609126e-02   3.6357957e-03  -1.7678859e-03  -5.0713992e-04
  -6.9395864e-02  -4.1329809e-02  -2.4960931e-02   3.4337787e-03  -1.6325998e-03  -6.5962875e-04
  -9.3893299e-02  -5.2860618e-02  -4.9468172e-02   4.3919848e-03  -1.7604008e-03  -1.5960253e-03
  -9.8619531e-02  -3.5124912e-02  -4.1417546e-02   3.9423662e-03  -1.5022348e-03  -1.3444303e-03
  -8.7228396e-02  -8.2183376e-03   2.9509324e-02   3.5932882e-03  -1.7503532e-03  -1.0173473e-03
  -8.6913707e-02  -4.0825887e-02  -1.1591746e-02   3.9459299e-03  -1.7859840e-03  -1.3310345e-03
  -1.0553768e-01  -2.2992219e-02   3.3515925e-02   4.0967861e-03  -2.1411485e-03  -9.9280671e-04
  -9.9361028e-02  -4.3277276e-02  -8.6744304e-03   4.1716868e-03  -2.0686131e-03  -8.1093921e-04
  -6.1804240e-02  -2.3667671e-02  -1.9252690e-03   4.3044901e-03  -1.3499917e-03  -1.0300574e-03
  -8.4148736e-02  -3.6277377e-02  -1.3232059e-02   3.5659458e-03  -7.4763887e-04  -9.1386123e-04
  -8.1317425e-02  -2.9020543e-02  -6.9862660e-02   2.9643343e-03  -1.5698237e-03  -1.0004786e-03
  -8.1347141e-02  -3.3278507e-02  -2.8748746e-02   3.6883105e-03  -1.3110434e-03  -1.2740903e-03
  -1.1943303e-01  -4.4353355e-02  -1.2510611e-02   3.3802941e-03  -2.2481744e-03  -5.1266116e-04
  -1.4748379e-01  -6.4343375e-02  -1.0180700e-01   1.1661656e-03  -4.2378469e-03  -7.4419989e-04
  -1.0138548e-01  -5.5529003e-02  -3.4184444e-02   3.1419035e-03  -2.3993566e-03  -1.1632698e-03
  -1.2280205e-01   3.3519004e-03  -6.1504338e-02   1.8193803e-03  -2.8801366e-03  -8.0684215e-04
  -8.3258438e-02  -1.6567335e-02   7.6934295e-03   3.9167824e-03  -9.6264699e-04  -1.4364957e-03
  -9.1883105e-02   1.0306932e-03   8.6541008e-03   3.0838796e-03  -1.4559059e-03  -1.2322189e-03
  -8.0015974e-02   8.8853218e-03   4.8116581e-02   3.1214737e-03  -1.7052510e-03  -1.0109864e-03
  -1.1140966e-01  -2.0212902e-02  -6.0376684e-03   2.9653046e-03  -2.1226604e-03  -8.4503880e-04
  -1.0622909e-01   2.7045259e-03  -2.8398652e-02   2.3620466e-03  -1.0414286e-03  -4.4687879e-04
  -9.9670078e-02  -1.4498293e-02   1.0635530e-02   2.5297351e-03  -1.3014752e-03  -6.0749213e-04
  -1.0523502e-01   4.0646479e-03   3.1053726e-02   2.7280753e-03  -1.2420243e-03  -2.5261411e-04
  -9.7291367e-02   1.4350047e-02   3.5098969e-02   3.5594605e-03  -1.5419228e-03  -3.5830835e-04
  -1.0239239e-01  -2.0188284e-02  -9.7923253e-03   2.3450716e-03  -2.1679945e-03  -5.8676311e-04
  -9.2293920e-02  -2.2652322e-02   3.0129698e-02   3.0239942e-03  -1.3812000e-03  -5.8703627e-04
  -8.4329961e-02  -7.4279689e-03   2.6631165e-02   2.7764934e-03  -1.1094219e-03  -8.6325988e-04
  -8.4382555e-02  -1.9902167e-02  -4.8175055e-02   1.1630718e-03  -1.7331309e-03  -3.1016754e-04
  -1.2114944e-01  -9.1075655e-03   2.8056667e-02   7.3954676e-04  -3.2800388e-03   3.1021516e-04
  -8.0257488e-02  -2.7894021e-03   3.0457192e-02   2.0665684e-03  -1.1390766e-03  -6.7324465e-04
  -9.7070877e-02  -6.5535137e-03   7.2104711e-02   2.8377015e-03  -1.6610480e-03  -8.6002716e-04
  -8.8563417e-02   6.4196977e-03   1.2132540e-01   3.4318777e-03  -1.2439072e-03  -8.9746863e-04
  -8.9526819e-02   2.0178143e-02   1.3695589e-01   3.2185893e-03  -1.0517056e-03  -3.9277867e-04
  -8.7048888e-02  -3.2014230e-03   1.7330848e-01   1.8813402e-03  -1.8150300e-03  -6.1077178e-04
  -8.1402765e-02   3.4384296e-02   1.3835316e-01   2.6559203e-03  -7.3469257e-04   1.4941029e-04
  -9.1457684e-02   1.9809349e-02   1.9164126e-01   2.7066384e-03  -1.6562505e-03  -4.0903855e-04
  -1.2152462e-01  -9.1318817e-03   1.4946180e-01   2.0756992e-03  -2.1662280e-03   5.8501900e-05
  -8.9651987e-02   1.2347878e-03   1.4244033e-01   2.4591697e-03  -1.3680740e-03  -2.8922087e-04
  -8.4942210e-02  -6.6815368e-03   1.6918362e-01   2.0216545e-03  -1.0442041e-03  -5.3253855e-04
  -1.3064084e-01   1.3182358e-02   1.2661903e-01   1.2706421e-03  -1.8962827e-03   5.4563895e-04
  -9.7712675e-02  -1.1659051e-02   1.3177730e-01   2.5653790e-03  -1.4499513e-03  -5.2720734e-04
  -1.1456057e-01   3.7823846e-03   1.6114538e-01   2.9811445e-03  -1.6155841e-03  -3.6795852e-04
  -1.1434379e-01   3.0664554e-02   1.7383116e-01   2.0822229e-03  -1.8968380e-03   9.9967058e-05
  -1.0300726e-01  -4.6608707e-04   1.7730142e-01   1.6209307e-03  -1.3247723e-03  -1.0621790e-05
  -9.1160030e-02  -7.2057466e-03   1.8135777e-01   2.1380469e-03  -1.1799740e-03  -5.3993287e-04
  -1.1008471e-01   5.3151976e-02   2.4255824e-01   3.4221103e-03  -1.0604941e-03   3.0453729e-05
  -9.9955135e-02  -4.8131201e-03   1.7703300e-01   1.7094176e-03  -2.6031806e-03  -5.4447756e-04
  -1.1940416e-01  -1.8852524e-02   1.9171485e-01   1.3787492e-03  -1.1611685e-03  -9.2057495e-05
  -9.5383158e-02   2.0408213e-02   1.8981751e-01   2.1363603e-03  -1.1150765e-03  -2.4811452e-04
  -8.4833528e-02   3.1386640e-02   2.2026824e-01   2.8407905e-03  -1.0570957e-03  -5.2490736e-04
  -9.5207965e-02   8.1916647e-03   1.5642181e-01   1.6780022e-03  -1.3141201e-03  -2.1106791e-04
  -1.0833038e-01   3.1819036e-02   1.8266258e-01   2.9647715e-03  -2.3061914e-03   1.6147005e-04
  -8.5814977e-02   1.8882787e-02   1.8326455e-01   2.1675706e-03  -8.2242269e-04  -6.8625219e-04
  -1.1680117e-01  -2.0011717e-02   1.5686303e-01   3.5124112e-03  -8.8522027e-04   2.1011026e-04
  -1.2088559e-01   2.7772397e-03   1.7203294e-01   1.9745020e-03  -5.8884532e-04   1.2333914e-04
  -9.3885549e-02   1.6048009e-02   2.1077827e-01   2.7644573e-03  -1.6944802e-04   2.3125830e-04
  -8.5563204e-02   1.5425805e-02   2.2076438e-01   2.2945490e-03  -4.8190594e-04  -3.6203135e-04
  -1.1002337e-01   2.2308234e-02   2.0905227e-01   7.9083145e-04  -6.2355731e-04   3.8664001e-04
  -9.1043077e-02   5.1114292e-02   2.3055472e-01   2.0721466e-03  -1.1148612e-03  -3.8426136e-04
  -9.5860082e-02   2.5567777e-02   2.7744992e-01   3.0008527e-03  -1.0434320e-03  -2.4469079e-04
  -8.1936233e-02   4.7151083e-02   2.7693347e-01   2.8728718e-03  -1.2733099e-03  -5.8580984e-04
  -8.4472277e-02   2.7453154e-02   2.3385622e-01   1.7679133e-03  -1.0008730e-03  -2.0839784e-04
  -9.4664221e-02   3.8043547e-02   3.4247171e-01   2.7998787e-03  -1.0563819e-03   3.5392433e-06
  -9.2340061e-02   2.8800050e-02   2.7608581e-01   2.4155431e-03  -1.1246603e-03  -1.8594536e-04
  -8.4210780e-02   4.6844947e-02   2.9553322e-01   2.9097343e-03  -1.1376499e-03  -2.1317175e-04
  -1.0414081e-01   2.6953518e-02   2.3582006e-01   1.3526537e-03  -1.3462120e-03   3.6512936e-04
  -1.0674963e-01   2.5223177e-02   2.4028105e-01   1.7005194e-03  -1.6187455e-03  -2.2713159e-04
  -1.1178724e-01   2.0580518e-02   3.1328644e-01   2.4350933e-03  -1.1804930e-03  -1.0116474e-04
  -1.2010806e-01   4.3308807e-02   3.1769248e-01   1.5288690e-03  -1.7167001e-03  -7.0116441e-05
  -1.2178883e-01   5.3907404e-02   3.2767374e-01   1.9165620e-03  -1.4986178e-03   4.2681860e-05
  -1.2521166e-01   4.3105675e-02   3.3653720e-01   2.0155810e-03  -1.6837013e-03   6.1613794e-04
  -1.0701890e-01   3.4026774e-02   2.8804644e-01   1.3730814e-03  -1.3810768e-03   1.0278386e-04
  -9.6443319e-02   4.9488163e-02   2.9900914e-01   1.3837923e-03  -1.4095227e-03  -1.6586952e-05
  -8.2854414e-02   2.6652071e-02   3.3746200e-01   1.9376884e-03  -1.2400061e-03  -3.6765627e-05
  -9.2854495e-02   2.5491076e-02   3.2133046e-01   1.6977229e-03  -1.5430632e-03  -4.0650743e-04
  -7.7358077e-02   3.3212337e-02   2.4299990e-01   5.7131677e-04  -1.3350918e-03  -1.9841676e-04
  -9.3321886e-02   4.9425459e-02   3.4714050e-01   4.3165560e-04  -3.0873410e-03  -1.0497250e-03
  -1.0950005e-01   2.1448960e-02   3.5315916e-01   1.7031728e-03  -1.7467552e-03  -3.7173512e-04
  -8.8958292e-02   1.0592723e-02   3.1858153e-01   1.0803421e-03  -1.8255259e-03  -7.3955144e-04
  -7.9401487e-02   5.7489203e-02   3.7242116e-01   2.3654685e-03  -1.3254437e-03  -9.7859000e-04
  -7.2364336e-02   7.1863817e-02   4.1873055e-01   2.4332553e-03  -1.1746707e-03  -9.5971619e-04
  -6.0701859e-02   4.8988760e-02   4.1870434e-01   2.3083878e-03  -1.4751097e-03  -1.1947382e-03
  -8.2212895e-02   6.8291536e-02   4.2758831e-01   2.7540511e-03  -1.3084677e-03  -7.9188825e-04
  -8.3638659e-02   2.6623888e-02   3.8699755e-01   1.9917489e-03  -2.9297506e-03  -1.0336244e-03
  -5.4639458e-02   4.5214472e-02   3.6565085e-01   1.7241521e-03  -1.3255788e-03  -1.1946671e-03
  -9.3838011e-02   7.3096709e-02   4.2521542e-01   2.3321774e-03  -1.4142679e-03  -3.9094043e-04
  -8.6784995e-02   6.7983630e-02   4.1239394e-01   2.1369909e-03  -1.5128313e-03  -5.0371905e-04
  -7.8731372e-02   9.4368265e-02   4.4765740e-01   1.9534981e-03  -1.4543482e-03  -6.6005320e-04
  -1.2564785e-01   6.3729461e-02   4.0850802e-01   2.1111414e-03  -1.8413280e-03   1.6962000e-04
  -1.1867169e-01   7.3099739e-02   4.0478411e-01   1.8502571e-03  -2.0466588e-03   4.2673035e-04
  -9.9587624e-02   4.7876108e-02   4.4178451e-01   1.6528572e-03  -1.6274082e-03  -7.3582453e-04
  -9.0474834e-02   6.0720576e-02   4.4291704e-01   1.9679951e-03  -1.5873012e-03  -5.4752086e-04
  -9.2574448e-02   6.8076347e-02   5.4191902e-01   2.2609284e-03  -1.9478005e-03  -2.2920082e-04
  -1.2400613e-01   5.0754303e-02   4.6334542e-01   8.4725928e-04  -2.1378053e-03   5.1332451e-04
  -1.0263507e-01   5.7833303e-02   4.6700516e-01   1.4675670e-03  -1.7097814e-03  -2.4724581e-04
  -1.1067988e-01   7.0023626e-02   5.4981605e-01   1.5592858e-03  -2.1963003e-03   1.9238773e-04
  -9.2966215e-02   9.6360471e-02   5.3145325e-01   1.8480601e-03  -1.6505079e-03   6.5027078e-06
  -1.0790942e-01   7.9663135e-02   5.4995640e-01   2.1884993e-03  -2.0008627e-03  -6.6526947e-05
  -9.7948106e-02   9.6288357e-02   5.3223489e-01   1.9024562e-03  -2.0718875e-03  -1.8028704e-04
  -1.1067856e-01   7.0463318e-02   5.5648989e-01   6.0880169e-04  -2.4451128e-03   1.7981618e-04
  -1.1362478e-01   1.0211933e-01   5.5040277e-01   1.5352508e-03  -2.6899601e-03   3.7105733e-05
  -7.5641174e-02   7.3190442e-02   5.1777015e-01   1.8607431e-03  -1.1467017e-03  -4.7981840e-04
  -9.7125207e-02   5.7616585e-02   5.2431118e-01   1.4845548e-03  -1.3170074e-03  -2.7194076e-05
  -5.9816162e-02   5.7041262e-02   5.4058291e-01   3.1176977e-03  -9.4279134e-04  -1.4813566e-03
  -7.9961202e-02   6.5983957e-02   5.4189549e-01   1.8822486e-03  -1.8154271e-03  -5.4399887e-04
  -6.7689502e-02   8.8801304e-02   5.3268444e-01   1.5680644e-03  -1.1647855e-03  -5.1602121e-04
  -9.8190060e-02   9.5204272e-02   5.1910660e-01   1.1591700e-03  -1.0682768e-03   6.6571752e-05
  -7.7151379e-02   7.7998407e-02   5.0905628e-01   2.6330131e-03  -1.7019445e-03  -7.1263645e-04
  -8.7866213e-02   9.5155280e-02   5.6497527e-01   2.2987985e-03  -5.0988340e-04  -1.5138854e-04
  -8.7297788e-02   9.5503027e-02   6.2078905e-01   2.2646371e-03  -1.2015864e-03  -1.0468562e-03
  -8.1397742e-02   1.0199878e-01   5.8647810e-01   1.6044066e-03  -1.4029986e-03  -7.6902947e-04
  -7.8001162e-02   1.1193072e-01   6.1268352e-01   2.2779437e-03  -1.7884002e-03  -5.0720984e-04
  -7.0487360e-02   1.1980563e-01   5.9103131e-01   1.5100687e-03  -1.7002136e-03  -5.2729172e-04
  -9.0235224e-02   1.2054973e-01   5.4314450e-01   1.3683749e-03  -2.2718700e-03  -2.7586477e-04
  -6.9239928e-02   1.1455204e-01   5.5847774e-01   2.0120221e-03  -2.1082215e-03  -7.5193778e-04
  -7.0676355e-02   1.0730039e-01   5.7866738e-01   1.3954715e-03  -1.4601757e-03  -4.1024777e-04
  -1.0200506e-01   9.6849416e-02   5.9563458e-01   1.1217985e-03  -1.4761571e-03   8.5302570e-05
  -1.1129146e-01   1.1179986e-01   6.2146998e-01   1.4490910e-03  -1.8089643e-03   2.5360272e-04
  -1.1328170e-01   7.8135681e-02   6.1713018e-01   9.1547035e-04  -3.2901678e-03   3.8156483e-04
  -1.0302358e-01   2.1719695e-02   6.3486746e-01   1.5840634e-03  -2.1645066e-03   6.5737110e-05
  -9.1474164e-02   5.7266502e-02   6.7493711e-01   1.4232118e-03  -2.2798588e-03   1.3275450e-04
  -1.0430309e-01   6.4044229e-02   7.0032588e-01   1.2401148e-03  -2.4447317e-03  -8.6508036e-05
  -1.0574778e-01   9.9042102e-02   7.1173823e-01   7.0889923e-04  -1.8049743e-03   3.5785930e-04
  -8.0471319e-02   8.6962527e-02   7.0641302e-01   1.1542939e-03  -2.2630915e-03  -1.9731312e-04
  -8.6908172e-02   9.1431478e-02   7.2016968e-01   8.7631664e-04  -1.7736253e-03   2.5474435e-04
  -8.6446559e-02   8.9166222e-02   7.0132436e-01   1.2266731e-03  -2.3368270e-03   7.7743509e-05
  -1.0030452e-01   1.0515433e-01   7.8785771e-01   7.7753847e-04  -3.8975341e-03   3.8376729e-04
  -1.2803762e-01   9.0311417e-02   7.5706843e-01   9.8011623e-04  -2.9377656e-03   6.1090283e-04
  -9.4520493e-02   1.0271657e-01   7.5858490e-01   1.8998625e-03  -1.9825794e-03  -3.1799802e-04
  -8.1838895e-02   1.1998298e-01   7.7169154e-01   1.7607805e-03  -2.5595982e-03  -3.1696449e-04
  -1.0274339e-01   8.9112802e-02   7.6351217e-01   2.2685255e-03  -3.1120045e-03  -3.3303270e-04
  -9.3646435e-02   1.2886569e-01   7.2044625e-01   1.3885577e-03  -1.6936917e-03  -3.4092898e-04
  -9.5735075e-02   1.2052050e-01   7.5485773e-01   1.6662383e-03  -2.4846033e-03  -2.2053300e-04
  -9.9975232e-02   1.3405705e-01   7.6887777e-01   2.1558487e-03  -2.0130057e-03   1.6933088e-05
  -8.5549433e-02   1.2469720e-01   7.7430922e-01   1.7611816e-03  -2.4803490e-03  -9.7445424e-05
  -7.9079864e-02   1.0933526e-01   7.8743159e-01   1.8923753e-03  -2.6178536e-03  -2.4833089e-04
  -9.1098228e-02   1.2217083e-01   7.7458469e-01   1.0269227e-03  -2.5337004e-03  -3.2167930e-04
  -7.8745111e-02   1.1118892e-01   7.2039235e-01   1.0700734e-03  -2.3704478e-03  -4.4148239e-04
  -5.3547213e-02   1.0837546e-01   6.8351052e-01   1.0208536e-03  -2.2349980e-03  -9.3586868e-04
  -5.4928854e-02   9.8112852e-02   6.4355832e-01   1.8121071e-03  -1.9278212e-03  -9.5817612e-04
  -4.5699019e-02   1.2204557e-01   6.0946455e-01   1.2394080e-03  -1.1608202e-03  -9.0408478e-04
  -4.2757438e-02   1.2350574e-01   7.0728731e-01   2.2730255e-03  -9.9775949e-04  -1.0301566e-03
  -4.7974800e-02   1.1846259e-01   7.5267377e-01   1.8316713e-03  -1.7099196e-03  -9.9079914e-04
  -8.2701263e-02   1.3232515e-01   8.3387802e-01   2.0337156e-03  -2.1346720e-03  -2.6743048e-04
  -7.5505800e-02   1.1547134e-01   8.2780731e-01   1.4509764e-03  -2.5177639e-03  -8.2656907e-05
  -1.1311026e-01   1.3515820e-01   8.7924862e-01   9.8970922e-04  -2.9224008e-03  -1.4438003e-04
  -5.5860942e-02   1.5647557e-01   8.8849951e-01   1.6816033e-03  -1.7559158e-03  -7.4965863e-04
  -7.7022909e-02   1.0834675e-01   9.3267232e-01   2.2661086e-03  -2.8862550e-03  -7.6194863e-04
  -6.9589097e-02   1.3028047e-01   8.8715398e-01   2.8687816e-03  -1.3581780e-03  -3.9609841e-05
  -7.1849649e-02   1.5740233e-01   9.5187356e-01   1.8552113e-03  -2.3079430e-03  -5.9918326e-04
  -6.1149484e-02   1.4700333e-01   9.7991659e-01   3.1002436e-03  -2.3736638e-03  -8.1145899e-04
  -8.9948605e-02   1.3598108e-01   9.1952849e-01   1.3658160e-03  -2.4897351e-03  -5.1587090e-04
  -7.5068343e-02   1.4425973e-01   9.3455044e-01   1.7652382e-03  -2.0481484e-03  -5.1531666e-04
  -6.2178866e-02   1.4645943e-01   9.5271734e-01   1.5957828e-03  -2.4038122e-03  -7.9937300e-04
  -7.5930226e-02   1.3916473e-01   9.4917520e-01   1.3565080e-03  -2.2264698e-03  -8.5029341e-04
  -7.5694791e-02   1.5359506e-01   9.3286664e-01   1.6818611e-03  -2.3198824e-03  -5.2968014e-04
  -9.6285561e-02   1.7461188e-01   9.8365701e-01   1.4186718e-03  -2.8332106e-03  -2.7942787e-04
  -9.8058990e-02   1.6847425e-01   9.2945556e-01   5.8009529e-04  -1.4615884e-03   5.4851746e-04
  -7.7506520e-02   1.8339630e-01   9.8307058e-01   1.3689767e-03  -2.1081524e-03  -8.4739737e-04
  -7.8324660e-02   1.4767729e-01   9.8316550e-01   9.4022713e-04  -2.0160193e-03  -5.0828853e-04
  -6.9765501e-02   1.5639662e-01   9.9527194e-01   1.6907693e-03  -2.2563469e-03  -5.7162883e-04
  -1.0594026e-01   1.5670406e-01   1.0291143e+00   5.9421896e-04  -3.0098863e-03  -1.1448235e-04
  -5.4013859e-02   1.6773084e-01   1.0591097e+00   2.2469474e-03  -2.1149126e-03  -4.5584420e-04
  -5.5347000e-02   1.5300694e-01   1.0297963e+00   1.7780189e-03  -2.5114206e-03  -2.0951393e-04
  -1.2523509e-01   1.3951923e-01   1.0122892e+00   8.0890378e-04  -3.3440044e-03   1.1117236e-04
  -1.1288719e-01   1.5252925e-01   1.0055759e+00   1.7359008e-03  -3.1085503e-03  -3.6782977e-04
  -1.1695804e-01   1.5024514e-01   1.1213149e+00   2.2318862e-03  -3.6492269e-03   5.1924992e-04
  -1.0445900e-01   1.7170641e-01   1.0255820e+00   4.4399369e-04  -2.9090061e-03   3.3147378e-04
  -7.7925282e-02   1.4048377e-01   1.0183061e+00   1.3190892e-03  -1.7972054e-03  -4.0946439e-04
  -8.7949588e-02   1.5677121e-01   1.0444268e+00   2.5034912e-04  -2.5387344e-03   3.6516686e-04
  -8.0056164e-02   1.4540931e-01   1.0497862e+00   1.3641030e-03  -1.7995660e-03  -3.1141193e-04
  -6.3697512e-02   1.6705011e-01   1.0986690e+00   1.3123698e-03  -1.7075411e-03  -1.2146808e-04
  -6.5302081e-02   1.6658580e-01   1.0695707e+00   1.4752356e-03  -1.7860232e-03  -5.3901006e-04
  -8.5528174e-02   1.6786208e-01   1.0468223e+00   9.8232320e-04  -2.1976569e-03  -2.9444351e-04
  -6.4159842e-02   1.6919701e-01   1.0493907e+00   1.8586005e-03  -2.3785115e-03  -3.5355657e-04
  -7.4905561e-02   1.4454394e-01   1.0540823e+00   7.7667812e-04  -3.2006818e-03  -5.7118169e-05
  -7.2895996e-02   1.7081793e-01   1.0451511e+00   1.4217852e-03  -2.1128234e-03  -9.0123790e-06
  -1.1213801e-01   1.3136773e-01   1.0560285e+00   5.2722228e-05  -2.3482933e-03   3.3407277e-04
  -7.3435423e-02   1.6365198e-01   1.0994938e+00   1.4129161e-03  -1.5394244e-03  -3.7060435e-04
  -9.4901362e-02   1.6379368e-01   1.1270195e+00   1.7011535e-03  -2.1004869e-03   4.6744144e-04
  -6.6573331e-02   1.6570582e-01   1.1034972e+00   9.2077324e-04  -2.0808133e-03  -3.3094660e-05
  -7.7081705e-02   1.7149254e-01   1.1515118e+00   1.8900584e-03  -2.2466499e-03   6.5760820e-05
  -8.5057101e-02   1.7846743e-01   1.1531345e+00   6.5935313e-04  -2.4756940e-03   4.2737160e-05
  -8.4613973e-02   1.6777522e-01   1.1251514e+00   2.1426071e-03  -2.1078042e-03   1.8528377e-04
  -6.9694145e-02   1.8452887e-01   1.1183413e+00   1.4426123e-03  -1.6006463e-03  -1.1629797e-04
  -6.6405609e-02   1.9204254e-01   1.1804132e+00   1.3042262e-03  -1.7313548e-03  -2.3320271e-04
  -5.7159041e-02   1.8441566e-01   1.1414565e+00   1.2040517e-03  -1.7662066e-03  -4.2788167e-04
  -7.8204979e-02   1.9628838e-01   1.1818467e+00   1.7604779e-03  -1.7703792e-03   1.8278682e-04
  -4.5306607e-02   2.0108044e-01   1.1645452e+00   4.1726416e-04  -2.4246535e-03  -3.8332369e-04
  -8.6393965e-02   1.7851157e-01   1.2279409e+00   1.8525628e-03  -2.9929393e-03  -5.7904358e-04
  -7.2297486e-02   2.0423204e-01   1.2072745e+00   1.8307049e-03  -1.8218776e-03  -1.9854071e-04
  -5.9125683e-02   2.0086920e-01   1.2541926e+00   2.1630948e-03  -1.8257970e-03  -6.9359230e-04
  -7.7275372e-02   2.1318791e-01   1.2236579e+00   1.9576019e-03  -2.1712613e-03  -3.8759568e-04
  -7.4069049e-02   2.1598913e-01   1.2226465e+00   1.6638883e-03  -2.3724245e-03  -4.2867262e-04
  -6.8241605e-02   2.0314201e-01   1.2356558e+00   1.1659752e-03  -2.7854487e-03  -5.7682064e-04
  -6.3215230e-02   2.0633427e-01   1.2236376e+00   1.3331537e-03  -2.0680478e-03  -4.6958642e-04
  -9.7532412e-02   2.4949887e-01   1.2966438e+00   1.5331965e-03  -2.5459487e-03  -2.2277165e-04
  -8.6212263e-02   2.2343048e-01   1.2699076e+00   1.2163882e-03  -2.3289836e-03  -4.2278774e-04
  -9.3632192e-02   2.1004398e-01   1.3040199e+00   1.6338130e-03  -2.2069083e-03  -5.3959945e-04
  -8.0685963e-02   2.2907813e-01   1.3137325e+00   1.9559677e-03  -1.6508525e-03  -2.8388959e-04
  -8.9562189e-02   2.0837251e-01   1.3705270e+00   7.7321442e-04  -2.4451631e-03  -5.1227900e-04
  -7.4294352e-02   2.1466269e-01   1.3371002e+00   1.2804049e-03  -1.9245121e-03  -1.1816490e-04
  -7.0708082e-02   2.3465297e-01   1.3851642e+00   2.3027778e-03  -2.4300115e-03  -1.6574680e-04
  -5.9421803e-02   2.1706732e-01   1.3537377e+00   5.5193643e-04  -1.9245677e-03  -4.9008792e-04
  -6.4068344e-02   2.2863702e-01   1.3787688e+00   1.5592349e-03  -1.9899800e-03  -4.3100638e-04
  -5.2306355e-02   2.3431374e-01   1.3860556e+00   2.0397018e-03  -1.9203328e-03  -5.2376361e-04
  -6.3625959e-02   2.3317203e-01   1.3713057e+00   1.0774454e-03  -2.3442293e-03  -5.7646744e-04
  -7.4247511e-02   2.4898111e-01   1.3656452e+00   1.3437399e-03  -2.1644426e-03   8.3656151e-05
  -4.7249103e-02   2.3431930e-01   1.3841390e+00   1.1375470e-03  -2.3644849e-03  -4.4543751e-04
  -5.8762851e-02   2.4498048e-01   1.4192096e+00   2.0406733e-03  -2.6682453e-03  -5.9940086e-04
  -6.4740633e-02   2.2328876e-01   1.3906562e+00   1.4749148e-03  -2.3873040e-03  -6.5060439e-04
  -5.9078528e-02   2.1590278e-01   1.4235935e+00   1.6297222e-03  -2.2393538e-03  -4.3964352e-04
  -5.4767218e-02   2.5285148e-01   1.3610431e+00   1.0653648e-03  -2.4197082e-03  -5.3511819e-04
  -6.1487085e-02   2.3787381e-01   1.3895591e+00   2.0137309e-03  -2.0437603e-03  -6.9437306e-04
  -5.5067801e-02   2.3739668e-01   1.4683936e+00   2.6483607e-03  -1.9366088e-03  -2.9466873e-04
  -4.9403980e-02   2.3349553e-01   1.4059923e+00   1.0506400e-03  -1.7438236e-03  -3.7619688e-04
  -5.7344793e-02   2.2621295e-01   1.4361883e+00   1.4041351e-03  -2.4485175e-03  -1.6397881e-04
  -5.1788598e-02   2.3688592e-01   1.4286653e+00   1.1414767e-03  -2.0781852e-03  -6.0716059e-04
  -6.2245012e-02   2.1211112e-01   1.4338021e+00   1.0870780e-03  -2.2307660e-03  -2.9251857e-04
  -6.5791469e-02   2.2157738e-01   1.4413611e+00   1.2040688e-03  -2.3356622e-03  -2.4005313e-04
  -9.9109259e-02   2.4149570e-01   1.4806525e+00   1.6646728e-04  -4.1809502e-03   1.8929343e-04
  -7.0405704e-02   2.0977503e-01   1.4328577e+00   5.2958902e-04  -2.7815145e-03   2.9600183e-05
  -6.9918889e-02   2.1742079e-01   1.4298393e+00   1.2757662e-03  -2.2537290e-03   1.1648845e-04
  -6.7142616e-02   2.2885375e-01   1.4642260e+00   1.1070717e-03  -2.2163560e-03  -2.3760879e-04
  -7.6120964e-02   2.5154927e-01   1.4929065e+00   1.0160308e-03  -2.4251845e-03   2.5829444e-04
  -8.4883652e-02   2.5666018e-01   1.5361028e+00   1.9841660e-03  -2.2329128e-03   2.7992833e-04
  -7.3523163e-02   2.3862600e-01   1.4816786e+00   6.7362767e-04  -2.1208112e-03  -1.7044545e-04
  -8.8710588e-02   2.3560325e-01   1.5461246e+00   3.1747647e-03  -2.8374267e-03   1.2405265e-03
  -8.6563733e-02   2.4436310e-01   1.5693451e+00   1.7873942e-04  -3.8392319e-03   6.1115639e-04
  -9.6468798e-02   2.3481609e-01   1.5488119e+00  -5.2718636e-04  -2.6167398e-03   2.1389419e-04
  -7.7330745e-02   2.5146885e-01   1.5842895e+00   1.0885119e-03  -1.4755319e-03  -5.1759873e-05
  -8.8808262e-02   2.5421847e-01   1.6258238e+00   1.4354479e-03  -1.7374516e-03   1.9429152e-05
  -8.9609056e-02   2.5535557e-01   1.5956187e+00   6.1157498e-06  -1.9869004e-03  -2.4938961e-04
  -6.8597701e-02   2.6698092e-01   1.6308608e+00   5.0888242e-04  -2.0783944e-03  -3.5707191e-04
  -8.5772227e-02   2.6797801e-01   1.6414737e+00   9.4796403e-04  -1.8668907e-03  -3.6735431e-05
  -9.7068524e-02   2.8812208e-01   1.7018654e+00   8.0779384e-04  -2.4296008e-03   5.8693973e-05
  -7.7405007e-02   2.5921561e-01   1.7087724e+00   7.6448210e-04  -2.5016692e-03  -4.1404797e-04
  -8.2903661e-02   2.8883711e-01   1.6687563e+00   5.4283441e-04  -2.4179891e-03  -4.0940036e-04
  -8.0401452e-02   2.6623816e-01   1.6945176e+00   1.2040776e-03  -2.2617537e-03  -4.7458160e-04
  -9.7691421e-02   3.1199055e-01   1.6972077e+00   1.4826596e-03  -2.5342315e-03   7.3130353e-05
  -8.6050107e-02   2.8519290e-01   1.7120139e+00   1.3595086e-03  -2.3307513e-03   6.0262682e-05
  -6.6311296e-02   3.0763774e-01   1.7687403e+00   2.1429310e-03  -2.2088635e-03  -7.6695216e-05
  -6.3877436e-02   2.8330060e-01   1.7380807e+00   5.5097816e-04  -2.4219116e-03  -4.8443323e-04
  -7.9626312e-02   2.9454657e-01   1.7631240e+00   7.6296189e-04  -2.2747244e-03   1.7617308e-04
  -1.7964420e-02   2.6028005e-01   1.6955782e+00   1.3431212e-03  -1.5844046e-03  -7.6327149e-04
  -3.5652657e-02   2.8469434e-01   1.7149912e+00   1.5798126e-03  -1.7206577e-03  -5.1552791e-04
  -6.0493797e-02   2.7801854e-01   1.8077952e+00   1.8341467e-03  -2.3516346e-03  -4.3228382e-04
  -5.5515899e-02   2.5702861e-01   1.7331382e+00   1.4497512e-04  -2.7403306e-03  -6.0515727e-04
  -9.6517231e-02   2.7839792e-01   1.7875850e+00   1.3896485e-03  -2.9251588e-03   1.2854517e-04
  -6.8064371e-02   2.9256347e-01   1.7580877e+00   1.2882128e-03  -1.6807573e-03  -2.3517427e-04
  -5.5030658e-02   2.8763664e-01   1.7511584e+00   7.2733314e-04  -1.9566695e-03  -3.0096922e-04
  -4.2239020e-02   3.1332790e-01   1.7585271e+00   1.2315170e-03  -1.3073127e-03  -1.4380555e-04
  -4.3049551e-02   2.8363048e-01   1.8042995e+00   2.4343847e-05  -1.8432333e-03  -5.0785210e-04
  -4.8079225e-02   2.8907201e-01   1.8034160e+00  -4.1966794e-04  -2.0790873e-03  -5.9169562e-04
  -4.2853394e-02   2.9160562e-01   1.8037511e+00   1.6199784e-04  -2.4041272e-03  -5.2796239e-04
  -3.9657932e-02   3.0043957e-01   1.8146145e+00   1.0419196e-03  -1.6980366e-03  -7.2204475e-04
  -3.4028858e-02   3.0881365e-01   1.8373216e+00   1.0287835e-03  -1.7863761e-03  -6.9881169e-04
  -7.6119657e-02   3.1609932e-01   1.8687175e+00   8.3907265e-04  -3.0539130e-03  -2.2305525e-04
  -5.5604578e-02   2.9444867e-01   1.8482250e+00   1.4270936e-03  -2.5756370e-03  -2.7305832e-04
  -5.6580742e-02   3.0463877e-01   1.9161802e+00   9.6812704e-04  -2.2925145e-03  -3.6739120e-04
  -4.0782395e-02   3.4341701e-01   1.8520864e+00   9.3937407e-04  -1.8588499e-03  -4.7943704e-04
  -4.5044941e-02   3.4067286e-01   1.9037280e+00   1.5618545e-03  -2.1638748e-03  -3.2596260e-04
  -4.0871860e-02   3.4055245e-01   1.8793254e+00   3.4834181e-05  -1.9923272e-03  -1.6789388e-04
  -5.5268083e-02   3.3398877e-01   1.8813358e+00   1.1091843e-03  -1.6693629e-03   1.4997017e-04
  -2.9146971e-02   3.2981168e-01   1.9294916e+00   9.7039568e-04  -1.9905745e-03  -7.1608249e-04
  -4.1583011e-02   3.3199305e-01   1.9034127e+00   1.2428932e-03  -1.8183506e-03  -1.5096434e-04
  -3.6395780e-02   3.1100367e-01   1.9457694e+00   1.2377888e-03  -2.2278474e-03  -4.5461938e-04
  -4.0260387e-02   3.2061123e-01   1.9241203e+00   1.4225169e-03  -2.1535315e-03  -7.7853037e-04
  -5.0108673e-02   3.1408442e-01   1.8811085e+00   5.0227135e-04  -2.3619956e-03  -2.8991916e-04
  -2.9939995e-02   2.9354920e-01   1.8674198e+00   9.4360354e-04  -1.6579785e-03  -4.0948453e-04
  -4.4451200e-02   3.1803657e-01   1.9700139e+00   8.5718045e-04  -2.0498575e-03  -1.9559218e-04
   4.9031424e-03   3.0727480e-01   1.8839530e+00   1.0917673e-03  -2.3868871e-03  -1.1236161e-03
  -7.1083621e-02   3.0801234e-01   2.0139141e+00   4.6736867e-04  -3.6777516e-03   1.8303119e-04
  -4.9244479e-02   3.1004124e-01   1.9622281e+00  -1.8267581e-04  -1.6579626e-03   2.0843583e-04
  -3.2809703e-02   3.1797648e-01   2.0114002e+00   8.7857348e-04  -1.7026294e-03  -2.6190278e-04
  -5.6472333e-02   3.3923394e-01   1.9928244e+00   5.9237114e-04  -1.2187583e-03   2.6360690e-04
  -3.4003685e-02   3.2774637e-01   2.0118879e+00   7.4551196e-04  -1.7378069e-03  -8.8690827e-04
  -3.6078707e-02   3.4489098e-01   2.0290111e+00   7.0893701e-04  -1.1356379e-03  -3.4460736e-04
  -2.8864238e-02   3.5771800e-01   2.0559731e+00   1.4085408e-03  -1.3577050e-03  -1.5265826e-04
  -5.0010845e-02   3.6007617e-01   2.0588488e+00   2.7646677e-04  -2.2763033e-03  -3.8119969e-04
  -4.2240250e-02   3.6865374e-01   2.0521765e+00   6.1783794e-04  -1.7138347e-03  -9.8467091e-05
  -1.9421581e-02   3.5357518e-01   2.0708582e+00   1.7409533e-03  -1.3500273e-03  -1.0737320e-03
  -4.5016691e-03   3.5697711e-01   2.0972325e+00   1.3312882e-03  -8.9532057e-04  -5.5439470e-04
   4.7306533e-03   3.7635768e-01   2.1510687e+00   1.4064868e-03  -1.4224905e-03  -7.9817289e-04
  -2.6567964e-02   3.7024589e-01   2.1769892e+00   1.6325640e-03  -1.5756993e-03   1.6081000e-04
  -1.8764499e-02   3.7718802e-01   2.2241780e+00   2.5376761e-03  -1.3778963e-03  -4.7196664e-04
  -3.5093935e-02   3.8038519e-01   2.1674806e+00   1.0320465e-03  -1.2611119e-03  -4.2233741e-05
  -3.3508005e-02   3.5283013e-01   2.1439927e+00   4.4694982e-04  -1.6363161e-03  -3.1018992e-04
  -1.8814635e-02   3.7062725e-01   2.1452142e+00   1.1388095e-03  -1.2841469e-03  -4.7372351e-04
  -2.0124190e-02   3.7097867e-01   2.2339667e+00   1.4593408e-03  -1.2718247e-03  -6.2951882e-04
  -3.5323928e-02   3.8168385e-01   2.1692964e+00  -1.2360934e-03  -2.7385861e-03  -2.3461395e-04
  -3.3930384e-02   3.5696192e-01   2.1552335e+00   1.5958169e-04  -1.6769286e-03   1.0995210e-04
  -7.7098992e-03   3.6821740e-01   2.2146307e+00   1.6395167e-03  -1.1746015e-03  -2.4407833e-04
  -1.3698759e-02   3.6670735e-01   2.1764703e+00   6.1889961e-04  -1.1811683e-03  -6.3080653e-04
  -2.6326369e-02   3.8144334e-01   2.1792041e+00   8.1731977e-04  -1.1755844e-03  -2.7861532e-04
  -9.5962612e-03   3.7350721e-01   2.1506687e+00   4.8770519e-04  -1.1038459e-03  -4.6103539e-04
  -3.4415443e-02   3.9049249e-01   2.2702226e+00   1.8593124e-03  -1.3358248e-03  -2.6592974e-04
  -7.5779061e-03   3.7410579e-01   2.1876209e+00   4.5049168e-04  -1.3742657e-03  -2.2007272e-04
  -1.8437616e-02   3.9864235e-01   2.3071324e+00   1.8748449e-03  -6.9351987e-04  -3.0306936e-04
  -3.0725277e-02   3.8345571e-01   2.2311316e+00   2.4619678e-04  -1.4075636e-03  -3.7263970e-04
  -5.0144822e-02   3.9801448e-01   2.2842286e+00   1.2040726e-03  -1.3382688e-03   2.5273485e-04
  -2.7159482e-02   3.7503891e-01   2.2793240e+00   1.9699647e-03  -1.2921164e-03  -6.3067366e-04
  -1.2632650e-02   4.0379157e-01   2.2697382e+00   1.0506434e-03  -1.4413110e-03  -3.4495740e-04
  -1.6068007e-02   4.0873186e-01   2.2662584e+00   1.4812275e-03  -1.3739353e-03  -2.8945425e-04
  -1.3319117e-02   3.8687665e-01   2.3492294e+00   1.5709982e-03  -1.1381974e-03  -1.4836006e-04
  -6.5192903e-03   4.0579659e-01   2.3574059e+00   2.7109114e-03  -1.7126059e-03  -3.0295358e-04
  -9.7494915e-03   4.0315990e-01   2.3153187e+00   1.4754298e-03  -1.6123736e-03  -6.4918739e-04
  -2.1833396e-02   4.1261909e-01   2.3423164e+00   2.1678953e-03  -1.4244658e-03  -5.0064197e-04
  -3.5647837e-02   4.0840293e-01   2.2991889e+00   1.6893868e-03  -1.6371339e-03   2.7213030e-04
  -2.3585433e-02   4.0976336e-01   2.3547184e+00   9.2830755e-04  -1.6771059e-03  -5.6440466e-04
  -1.9723979e-02   4.0632381e-01   2.3385325e+00   1.2430680e-03  -1.3772352e-03  -2.3292676e-04
  -1.0781004e-02   4.2093446e-01   2.3392400e+00   1.4271655e-03  -1.5850639e-03  -4.9586000e-05
  -3.6587079e-02   4.1107204e-01   2.3680181e+00   1.4576613e-03  -2.7038665e-03   2.7148449e-05
  -8.3589235e-02   2.4215301e-01   1.7360764e+00   6.9820782e-03  -4.8011987e-03   5.3504464e-04
   1.3404810e-01  -1.9258874e-01   7.0529432e-01   1.8568344e-02  -2.7154098e-03  -3.3795432e-04
   1.1171922e-01   1.1035773e-01   2.0965942e+00   2.8299686e-02  -5.1584159e-03   3.9976811e-04
  -6.5050613e-03   3.8653856e-01   2.3227843e+00   1.0137413e-03  -3.1271998e-03   7.3687990e-04
   4.5858805e-03   4.0243957e-01   2.3436739e+00   4.4970965e-05  -2.6581721e-03   3.0037751e-04
  -2.5884622e-02   4.0093199e-01   2.3305899e+00   6.9635588e-05  -3.3944094e-03   5.3932191e-04
   2.8253090e-03   4.3342802e-01   2.4213877e+00   3.8468514e-04  -2.7554124e-03  -6.9306119e-04
  -6.1785652e-03   4.2739835e-01   2.4610456e+00   2.9739214e-04  -2.9302997e-03  -4.6006857e-04
  -6.1084493e-03   4.4352053e-01   2.5077332e+00   7.0367973e-04  -2.6176625e-03  -2.4540060e-04
  -2.7621291e-03   4.6911226e-01   2.5262120e+00   9.7865694e-04  -2.9356619e-03  -1.4002645e-04
  -4.8366938e-03   4.8125679e-01   2.5471521e+00   1.7113369e-03  -2.9126623e-03   1.7978595e-04
  -3.1191627e-02   4.2528204e-01   2.5137564e+00  -4.7826350e-04  -3.4549624e-03   4.4974892e-04
  -2.6763280e-02   4.4282245e-01   2.5276118e+00   3.7443892e-04  -3.2303247e-03   3.1881183e-04
  -2.1417224e-02   4.3797253e-01   2.5844439e+00   6.2687784e-04  -3.3572085e-03   2.3894742e-04
  -2.3616296e-02   4.6728239e-01   2.5928080e+00   8.4453146e-04  -3.2612002e-03   2.9022445e-04
  -2.2807353e-02   4.4338607e-01   2.6003070e+00  -5.9895777e-05  -3.3630397e-03   2.7764859e-04
  -1.8526723e-02   4.6128825e-01   2.6349365e+00   1.4203311e-03  -3.2205568e-03  -1.0749513e-04
  -2.4526967e-02   4.5721736e-01   2.6187007e+00   8.2001276e-04  -3.1482726e-03   3.0120062e-04
  -1.6613691e-02   4.6308198e-01   2.6078200e+00   3.0106316e-04  -2.8764069e-03   2.7208936e-04
  -2.1769806e-02   4.8729496e-01   2.5814326e+00  -7.4152847e-05  -3.2436077e-03   1.9578286e-04
  -7.0340219e-02   4.3031186e-01   2.6118923e+00   6.6541930e-04  -4.4749888e-03   2.9841005e-04
  -4.2036041e-02   4.7555229e-01   2.6171230e+00   9.2654616e-04  -2.8473287e-03   3.1196161e-04
  -2.5198229e-02   4.7877661e-01   2.6173687e+00   1.2598600e-03  -2.4861178e-03  -1.4847301e-04
  -4.3969366e-02   4.8334220e-01   2.6259514e+00   1.3041253e-03  -2.7512695e-03   3.6830828e-04
  -1.4243677e-02   4.6220714e-01   2.6162833e+00   1.0667615e-03  -2.4221638e-03  -9.2936653e-05
  -4.0349922e-02   4.7612641e-01   2.6118852e+00   8.3329064e-04  -2.5462657e-03   3.0543268e-04
  -3.7858479e-02   4.8241695e-01   2.6506535e+00   1.2502917e-03  -2.4879836e-03   2.4738362e-04
  -3.3963213e-02   4.8478233e-01   2.6430353e+00   9.8167372e-04  -2.4346589e-03   2.6952219e-04
   8.7236386e-02   3.3659682e-01   2.0029135e+00   1.0587747e-02  -2.2060929e-03   1.2878737e-04
   4.0799732e-01   4.7114224e-01   3.7998823e+00   4.2401442e-02  -1.0072252e-02  -2.6284573e-03
   1.7837334e-01   3.6933588e-01   4.5922285e+00  -1.3983228e-02  -1.3382930e-02   1.5336501e-03
   6.3914597e-02   2.1848979e-01   2.4297914e+00  -4.4674365e-02  -1.4291691e-02   5.6466012e-03
   9.4781832e-02   4.0094476e-01   2.9704021e+00   8.0471628e-03  -8.9328189e-03  -1.1541348e-03
   5.0226938e-02   5.0488174e-01   3.1171760e+00  -1.6393815e-02  -7.3066422e-03  -1.6556825e-04
   2.3916371e-02   4.9747104e-01   3.2448120e+00  -1.3256183e-02  -7.0298670e-03  -1.4109627e-04
   1.2893274e-02   5.1337399e-01   3.2852669e+00  -1.3039876e-02  -7.0559722e-03  -1.2627107e-05
  -1.4707281e-03   5.3788043e-01   3.3035546e+00  -1.2518278e-02  -7.1054967e-03   1.5732460e-04
   4.1271456e-02   5.3246537e-01   3.3270461e+00  -1.1851747e-02  -6.6222272e-03  -1.3176444e-04
   1.5982360e-03   5.4000815e-01   3.2880793e+00  -1.2260468e-02  -7.3429195e-03  -5.9531508e-05
   4.7829679e-02   5.2633789e-01   3.2838686e+00  -1.1993142e-02  -6.7150620e-03  -7.6076563e-04
   2.1819216e-02   5.3296325e-01   3.2877182e+00  -1.2161401e-02  -6.5070470e-03  -1.3753353e-04
   1.8142990e-02   4.7953069e-01   3.2952718e+00  -1.2248668e-02  -7.7064821e-03  -3.8488888e-04
   9.9250830e-03   4.8129251e-01   3.2552062e+00  -1.2432491e-02  -7.6085449e-03  -1.3860278e-04
   2.4122213e-02   5.0135353e-01   3.2972988e+00  -1.1333452e-02  -6.4524732e-03   6.9029362e-05
   3.3803838e-02   5.2488096e-01   3.3105160e+00  -1.0732005e-02  -5.9957678e-03   1.8527204e-04
   2.0651105e-02   4.5100984e-01   3.2811123e+00  -1.1394894e-02  -4.2279003e-03   1.4602562e-03
   4.3887990e-03   4.5564729e-01   3.0640668e+00   4.5253653e-03  -1.1953197e-03   2.4678590e-04
   6.0045993e-02   3.9266109e-01   2.3234653e+00  -1.3424541e-02  -2.8668975e-03   7.3970147e-04
  -3.6112539e-02   4.3188329e-01   2.9466734e+00   6.7795351e-03  -2.5104466e-03   6.6185107e-04
   8.6353150e-03   4.7846316e-01   2.9154561e+00  -2.7119913e-04  -1.3651845e-04   1.2872518e-04
  -2.1128409e-02   4.8293285e-01   2.8973832e+00  -2.5881297e-03  -1.4456560e-05   6.2958629e-04
  -7.9804815e-03   4.8769707e-01   2.9491557e+00  -1.8465184e-03   2.9533151e-04   2.5978947e-04
  -2.2261139e-02   5.0355765e-01   2.9398726e+00  -2.0688929e-03   1.8286779e-04   7.5398650e-04
  -1.4780702e-02   5.1001625e-01   2.9374607e+00  -2.0332699e-03   1.8783726e-04   7.4977169e-04
  -2.1471878e-02   5.2527662e-01   2.9393919e+00  -1.8362118e-03   1.3027199e-05   7.0935466e-04
  -1.9185110e-02   5.0508869e-01   2.9370811e+00  -2.1395980e-03  -3.4713965e-05   7.3927412e-04
  -1.3763750e-02   4.9942906e-01   2.9445916e+00  -2.1381978e-03  -8.7540918e-05   4.4784457e-04
  -4.8080144e-02   5.0824816e-01   2.9690736e+00  -1.6152343e-03   6.1828109e-05   1.1677172e-03
  -3.2535410e-02   5.1331288e-01   2.9685389e+00  -1.6210151e-03   2.4038813e-04   8.8155049e-04
  -3.0354207e-02   5.1171564e-01   2.9756994e+00  -2.2500447e-03  -1.8255637e-04   7.5037460e-04
  -4.5008457e-02   5.1057383e-01   2.9770742e+00  -2.1507259e-03  -3.8827592e-06   9.6942399e-04
  -2.7998035e-02   5.2084897e-01   3.0002259e+00  -1.7265114e-03  -2.1223552e-05   6.2137775e-04
  -3.5058540e-02   5.2166515e-01   3.0091939e+00  -1.6970426e-03  -2.6690424e-04   9.1356542e-04
  -3.8536609e-02   5.2088251e-01   3.0323730e+00  -1.0985684e-03  -4.3432432e-04   4.6742050e-04
  -1.5679379e-02   5.4688368e-01   3.0402376e+00  -1.1383399e-03   3.3619431e-04   6.8242837e-04
  -2.4456870e-02   5.1763302e-01   3.0300727e+00  -1.5785145e-03   1.0046164e-04   5.6385417e-04
  -2.5107125e-02   5.3150524e-01   3.0441372e+00  -1.3319845e-03  -2.6179391e-04   5.3412139e-04
  -1.2367157e-02   5.4386313e-01   3.0420207e+00  -1.2493574e-03   3.9857044e-05   1.7131272e-04
  -2.2360607e-02   5.6305886e-01   3.1201389e+00  -5.8187825e-04   3.3348893e-05   7.3190898e-04
  -4.2338545e-02   5.6139547e-01   3.0811112e+00  -1.6718814e-03  -5.2100437e-04   7.5770864e-04
  -1.8740120e-02   5.4586631e-01   3.1003415e+00  -1.4049478e-03   1.7680129e-04   4.4157172e-04
  -3.8796984e-02   5.5969080e-01   3.1090823e+00  -1.1936579e-03  -1.7032671e-04   6.9192112e-04
  -2.7711784e-02   5.7082652e-01   3.1402403e+00  -6.7314387e-04  -1.9496925e-04   3.1587082e-04
  -1.4152158e-02   5.6020671e-01   3.1187956e+00  -9.8388609e-04  -1.2412648e-05   5.2836103e-04
   1.2908747e-03   5.6316490e-01   3.1414736e+00  -1.4209867e-03   1.0138528e-04   2.5574006e-04
  -2.7848505e-02   5.6349290e-01   3.1445184e+00  -1.2043597e-03  -9.6430685e-05   6.9173203e-04
  -2.6082881e-02   5.7147890e-01   3.1670608e+00  -8.0848261e-04   6.6027920e-05   7.5266701e-04
  -5.2865434e-02   5.6162781e-01   3.1631934e+00  -1.9023402e-03  -9.7469393e-04   1.0483566e-03
  -1.6820756e-02   5.6688959e-01   3.1844899e+00  -9.2772416e-04  -1.0866811e-04   7.7206144e-04
  -4.9934312e-02   5.4325915e-01   3.2341780e+00  -1.1046078e-03  -1.1362396e-03   6.2943500e-04
  -7.1314530e-02   5.2362438e-01   3.2625927e+00  -1.5905095e-03  -3.1054095e-03   7.7323258e-04
  -3.0125325e-02   5.4275706e-01   3.1632023e+00  -1.7360283e-03  -2.1732644e-03   6.7211762e-06
  -3.8965771e-02   5.5304687e-01   3.0460083e+00  -9.2629803e-04  -8.6575571e-04   2.6093906e-04
   4.4228439e-03   5.5059486e-01   3.0438464e+00  -7.4510017e-04  -2.3521091e-04  -3.6515913e-04
  -2.8956722e-02   5.6362996e-01   3.1644624e+00  -5.6827177e-04  -7.0346864e-04   2.5533924e-04
  -2.7137307e-02   5.8697373e-01   3.1693706e+00  -1.4360994e-03  -8.7448290e-04   3.4230603e-06
  -1.2710880e-02   5.7737055e-01   3.1843422e+00  -8.4314830e-04  -5.6255390e-04  -4.1281809e-05
  -3.5748325e-02   5.6081502e-01   3.1998312e+00  -2.6792490e-04  -8.4123169e-04   4.0724212e-04
  -3.2154670e-02   5.9895209e-01   3.3168952e+00  -1.4119499e-03  -1.8954775e-03  -7.7318230e-05
  -5.0058492e-02   6.0471854e-01   3.3118731e+00  -1.1496484e-03  -2.1890620e-03  -9.8921337e-05
  -3.1900835e-02   5.8135419e-01   3.3402031e+00  -2.5606607e-03  -2.3877360e-03  -3.6401231e-04
  -2.2485042e-02   5.8905631e-01   3.3173887e+00  -1.1899811e-03  -8.5072653e-04  -3.5105047e-05
  -3.1092890e-03   6.1285038e-01   3.3510866e+00  -2.2964931e-04  -7.8801023e-04  -2.4997952e-04
  -4.2361725e-02   5.7520023e-01   3.3577163e+00  -2.9831534e-03  -1.6906205e-03   1.3976794e-04
  -5.1529050e-02   5.7833820e-01   3.3266352e+00  -1.4053095e-03  -1.6543225e-03   7.7401688e-05
  -1.1019726e-02   5.7524653e-01   3.3542527e+00  -1.4325486e-03  -3.7098775e-04  -1.9259087e-05
  -8.3409310e-03   5.5787774e-01   3.3520857e+00  -1.3552450e-03  -1.0545296e-03  -2.1412904e-04
   3.3579164e-03   5.7051632e-01   3.3463956e+00  -1.2979421e-03  -4.5889807e-04  -2.0736201e-04
  -1.1872831e-02   5.9197049e-01   3.3602102e+00  -7.7370686e-04  -4.9556096e-04   7.0995534e-06
  -1.3863573e-02   5.8840470e-01   3.3788387e+00  -1.1972206e-03  -7.5451034e-04  -2.6375143e-05
  -2.2514998e-02   5.8541030e-01   3.3727985e+00  -1.6698232e-03  -1.0228225e-03   1.0714373e-04
  -3.8618745e-02   5.7434801e-01   3.3740133e+00  -1.3378307e-03  -1.6197365e-03   1.6018675e-04
  -2.5511035e-02   5.0784350e-01   3.0548297e+00  -6.5757246e-03  -3.4737898e-03   6.3317603e-04
  -4.7576055e-02   3.5230446e-01   2.6345366e+00   6.7495167e-03  -5.2495410e-03  -1.0949897e-04
   1.0040841e-01   8.4507238e-02   2.1845486e+00   4.0845151e-03  -4.3425540e-03   2.3356235e-04
   2.7684627e-02   3.7656331e-01   2.9530876e+00   9.7035937e-03  -8.3242907e-03   1.2265603e-03
   6.8267971e-02   6.2912587e-01   3.0841081e+00   4.5786152e-03  -6.8337460e-03  -1.2447643e-03
   4.4809979e-03   4.8086226e-01   3.2198177e+00   4.5329212e-03  -6.7600049e-03   9.0011663e-04
  -1.0369446e-02   4.9396683e-01   3.2773589e+00   3.2272943e-03  -6.7784054e-03   9.2875175e-04
  -2.4300429e-02   5.2777314e-01   3.2912308e+00   3.1699069e-03  -6.4842079e-03   9.5618527e-04
  -1.7081901e-02   5.4202626e-01   3.3288341e+00   2.6626425e-03  -6.5564564e-03   9.9870600e-04
  -3.9345984e-03   5.3910542e-01   3.4034309e+00   2.3049615e-03  -6.0628990e-03   3.0328820e-04
  -1.3671079e-02   5.6299175e-01   3.3754343e+00   7.0407618e-04  -5.8947030e-03   3.7654447e-04
  -2.1793098e-03   5.5952825e-01   3.4283246e+00   1.6731632e-03  -5.3804682e-03   1.6672315e-04
  -1.3464509e-02   5.7557719e-01   3.4358501e+00   8.2428551e-04  -5.5964512e-03   5.4732942e-04
  -2.1893083e-02   5.9669680e-01   3.4272876e+00   6.1524230e-04  -5.7373843e-03   4.7560393e-04
  -1.6080579e-02   5.9150174e-01   3.4472617e+00   2.2309037e-04  -5.4646404e-03   5.6136986e-04
  -5.0125059e-03   5.6910429e-01   3.4598223e+00   2.4648040e-04  -5.1939976e-03  -2.4112935e-05
  -7.6199832e-03   5.9890478e-01   3.5097443e+00   9.7399985e-04  -5.1305382e-03   5.0159472e-04
  -2.6803081e-03   5.8237914e-01   3.4927666e+00   1.3466488e-03  -4.8406493e-03   2.9888283e-04
  -3.3309189e-03   5.7967865e-01   3.5107698e+00   1.1734116e-03  -5.4744904e-03   1.3126827e-05
  -1.0355746e-02   5.7622926e-01   3.5249028e+00   1.1464171e-03  -5.0141840e-03   3.3642505e-04
  -5.5093812e-03   5.9597011e-01   3.5369342e+00   4.0002002e-04  -5.3500474e-03   1.2592642e-04
  -1.7776586e-02   5.9214387e-01   3.5399116e+00   7.1578339e-04  -5.3415973e-03   2.1303145e-04
  -1.1294779e-03   5.9734108e-01   3.5624550e+00   1.0480651e-03  -5.1201620e-03   4.5347936e-04
   5.0428074e-03   5.9272282e-01   3.5672534e+00   7.6566970e-04  -4.9727406e-03  -5.4621698e-05
   1.8829031e-04   5.8687577e-01   3.5712124e+00   1.1229616e-03  -5.0471670e-03  -1.4283621e-04
   1.0041374e-02   6.0331066e-01   3.5713069e+00   6.8244684e-04  -4.6753140e-03   4.1289183e-04
   5.6504172e-04   5.8952173e-01   3.5720930e+00   8.0239180e-04  -5.3381854e-03   2.7615915e-05
  -1.6008271e-02   6.0178041e-01   3.5638236e+00   7.2982597e-04  -4.7982475e-03   3.0396175e-04
  -1.0808069e-02   6.1471866e-01   3.6607251e+00   1.2958034e-03  -5.1972662e-03  -1.9022401e-04
  -1.6143255e-02   5.9877797e-01   3.6297873e+00  -1.1716825e-03  -7.0314374e-03  -3.2314484e-04
  -1.4314835e-02   6.1961442e-01   3.6259783e+00   3.6149641e-04  -6.0344303e-03   7.6455354e-05
  -3.6036352e-02   6.0697997e-01   3.6456259e+00  -2.0387138e-05  -5.6075987e-03   6.8139711e-04
  -1.4420633e-02   6.1178301e-01   3.6712978e+00   4.7392358e-04  -5.3883715e-03   3.9329112e-05
  -1.3569018e-02   6.3616152e-01   3.7136463e+00   5.9738363e-04  -5.3197250e-03  -1.3767531e-05
  -2.2524219e-02   6.2755064e-01   3.6657460e+00   7.2665345e-04  -4.9044007e-03   5.0070752e-04
  -2.4438758e-02   6.4562074e-01   3.6962524e+00   1.0132173e-03  -4.7347882e-03   4.3901038e-04
  -4.2296649e-03   6.2724871e-01   3.6649876e+00  -2.1063289e-04  -5.1831382e-03  -1.7724797e-04
  -1.4404267e-02   6.3898263e-01   3.6714985e+00   5.7442798e-04  -4.9108967e-03   1.6950162e-04
   4.4570762e-03   6.1245900e-01   3.6678549e+00   2.6277619e-04  -4.7492491e-03  -4.5411684e-04
  -6.8587564e-03   6.2576956e-01   3.6793206e+00   6.0009117e-04  -4.7040125e-03  -1.7691201e-04
   1.7984440e-02   6.1508386e-01   3.6712660e+00  -3.7321017e-05  -4.3468200e-03  -4.5235638e-04
   4.0714794e-04   6.3740389e-01   3.7030458e+00   5.9677080e-04  -4.8705453e-03  -4.4499323e-04
  -1.6789469e-02   6.1708463e-01   3.7201316e+00   1.3502187e-04  -5.0824522e-03  -5.8713221e-05
   1.0076351e-02   6.1879942e-01   3.7130640e+00   2.5853315e-04  -4.8060404e-03  -2.7225416e-04
  -1.2862870e-02   6.1759175e-01   3.7958557e+00   2.9831517e-04  -5.4924233e-03  -2.4720686e-05
  -1.5278369e-02   6.2197291e-01   3.7158473e+00  -7.6869444e-04  -4.9129274e-03  -1.2292417e-04
  -1.0035625e-02   6.3833893e-01   3.7849999e+00   6.2267847e-04  -5.0811263e-03  -2.8062223e-04
  -2.8003199e-02   6.1434079e-01   3.7304278e+00  -1.0029025e-03  -5.6104073e-03   1.0109500e-05
  -3.1080425e-03   6.5084543e-01   3.7503550e+00   3.5961163e-04  -5.2665628e-03  -2.1625692e-04
  -2.1487303e-03   6.4435508e-01   3.7543162e+00   2.8018749e-04  -4.7598518e-03  -1.9747757e-04
   1.5936575e-02   6.2844735e-01   3.7532343e+00  -2.9196694e-04  -4.8613942e-03  -4.9419297e-04
  -3.3344171e-03   6.3924107e-01   3.7690013e+00   3.9661823e-04  -4.8400404e-03  -1.4365712e-04
  -1.5759364e-02   6.3135310e-01   3.7660641e+00   1.1472494e-04  -4.9192358e-03  -4.4194069e-05
  -5.9176299e-03   6.2876527e-01   3.8508133e+00   2.1695020e-04  -5.1316353e-03  -1.3620622e-04
  -2.0711899e-02   6.2439831e-01   3.9097538e+00   1.1399556e-03  -8.4058196e-03  -4.8975018e-04
   9.7921543e-03   6.3740394e-01   3.8763295e+00  -2.5450299e-03  -5.9148587e-03  -5.5137611e-05
  -2.2499989e-03   6.2080833e-01   3.8884655e+00  -3.9608283e-03  -5.1671064e-03   1.2078791e-04
   2.0742990e-02   6.3938488e-01   3.9061132e+00  -1.9225308e-03  -3.3571156e-03   1.0368852e-04
   1.0025042e-02   6.6114486e-01   3.9338513e+00  -1.4568888e-03  -2.8329466e-03   3.1870410e-05
   2.2444629e-02   6.6899026e-01   3.9374960e+00  -9.5477941e-04  -2.3964433e-03  -1.3863915e-04
   1.4282565e-02   6.6839243e-01   3.9605927e+00  -6.5831877e-04  -2.6098562e-03  -5.5889072e-04
   1.3125173e-02   6.7212077e-01   3.9225289e+00  -1.2199994e-03  -2.6553245e-03  -7.3876258e-05
  -4.9117614e-03   6.5213575e-01   3.9164971e+00  -1.7859824e-03  -3.2593044e-03  -9.6214933e-05
   1.8141157e-02   6.5701209e-01   3.9594780e+00  -1.2044033e-03  -2.7396396e-03  -6.4819564e-04
   2.0565039e-02   6.8722516e-01   3.9614621e+00  -1.0346149e-03  -2.5881660e-03  -4.7942568e-04
  -4.6473413e-03   6.7720984e-01   3.9447416e+00  -1.8833444e-03  -2.6028211e-03   1.2506085e-04
   2.6903282e-02   6.7312559e-01   3.9946142e+00  -1.1783200e-03  -2.7191910e-03  -5.9562040e-04
   2.0597502e-02   6.5231433e-01   4.0715776e+00  -1.2207061e-03  -2.3384650e-03   1.3124307e-03
   1.4683711e-02   6.1663577e-01   4.0003353e+00  -2.2667473e-03  -3.3124796e-03   4.4303570e-04
   1.5118425e-02   6.6680749e-01   3.9787070e+00  -2.0197771e-03  -2.2235155e-03   4.3495269e-04
   6.0056781e-03   6.9028090e-01   4.0161284e+00  -1.2996149e-03  -2.0073919e-03   6.1055444e-04
   2.4801052e-02   6.7575128e-01   3.9987778e+00  -1.0525786e-03  -1.4705079e-03  -1.6436388e-04
   4.1732711e-03   6.7513357e-01   3.9970784e+00  -1.5809839e-03  -2.0121233e-03   3.4039115e-04
  -6.4647309e-02   6.8488152e-01   4.0441185e+00  -1.4983189e-03  -4.8137498e-03   2.5837677e-04
  -3.6196707e-02   6.3906265e-01   4.0532806e+00  -3.6303541e-03  -5.7008408e-03   3.2644443e-05
  -6.3776312e-03   6.7956338e-01   4.1375428e+00  -1.4064293e-04  -3.7074788e-03  -2.6872140e-04
  -1.2877236e-02   6.8071230e-01   4.0709723e+00  -2.0025633e-03  -3.1156701e-03  -2.7125137e-04
  -1.4639522e-03   6.8107161e-01   4.1061129e+00  -8.7172104e-04  -2.7124852e-03   1.0128313e-05
   3.5900679e-03   6.9465280e-01   4.1468209e+00   1.3321326e-05  -1.9121023e-03  -7.0547584e-05
  -7.9563773e-03   6.8766362e-01   4.0863147e+00  -1.6010248e-03  -2.2559732e-03  -4.6433029e-06
  -8.1995126e-03   7.0955487e-01   4.1358472e+00  -3.4874284e-04  -2.2762947e-03  -2.8684186e-04
   9.3909162e-03   6.9262148e-01   4.1418726e+00  -9.2812881e-04  -2.2625537e-03   2.5080760e-05
  -3.6258769e-03   7.0841095e-01   4.1619158e+00  -5.6606205e-04  -3.0606309e-03   8.2965274e-05
  -1.4602539e-01   4.1330159e-01   3.4174645e+00  -6.6789584e-03  -3.1219494e-03   2.7707201e-03
  -2.3054158e-02   2.7650269e-01   3.1815407e+00   2.9335379e-02  -8.7640685e-04   6.2040390e-04
   1.3963109e-01   1.9188455e-01   3.2841551e+00   2.9114712e-02  -1.1398429e-03   2.6431045e-03
   3.7360261e-02   5.6824743e-01   3.7437621e+00   5.0124872e-03  -3.1099088e-03   8.2168876e-04
   2.1357418e-02   5.8328650e-01   3.8609522e+00   3.4722985e-03  -3.1929861e-03   6.1747366e-04
   1.5017639e-02   6.3912861e-01   3.9509698e+00   3.4761138e-03  -2.6741570e-03   6.1871101e-04
   1.4852875e-02   6.3658219e-01   3.9651613e+00   2.8719228e-03  -2.5781605e-03   6.8157311e-04
   2.7071107e-02   6.6302142e-01   3.9380537e+00   2.2833730e-03  -3.0793215e-03   2.0106127e-04
   2.0869472e-02   6.7172047e-01   3.9583635e+00   2.2476925e-03  -2.8414914e-03   6.8030768e-05
   1.6460595e-05   6.7789132e-01   4.0184802e+00   3.1357312e-03  -3.3983921e-03   1.1296715e-03
  -2.4522302e-03   6.5577912e-01   4.0519787e+00   3.9659344e-04  -3.2748018e-03   2.9202247e-04
   7.6496282e-03   6.4300780e-01   4.0942164e+00   3.4433181e-05  -2.6706584e-03   5.4562612e-04
  -8.8312711e-03   6.5205189e-01   4.0987964e+00   2.6200866e-04  -2.4483346e-03   5.2346472e-04
   3.2777650e-03   6.5482612e-01   4.1623372e+00   9.8142678e-04  -2.3722821e-03   6.5787168e-04
   4.2128712e-03   6.6924675e-01   4.1367835e+00   4.9164312e-04  -2.5473406e-03   4.5918014e-04
  -1.0604854e-02   6.6790994e-01   4.1456427e+00   7.3285466e-04  -2.4983733e-03   7.0701987e-04
   7.7569376e-03   6.6842973e-01   4.1443570e+00   6.9015236e-04  -2.0161226e-03   3.5308312e-04
   5.3023831e-03   6.7276139e-01   4.1435145e+00   7.7554078e-04  -2.0949808e-03   3.7632147e-04
  -1.4099329e-02   6.8078879e-01   4.1672763e+00   1.2487855e-03  -2.0657121e-03   7.7486643e-04
   1.9060171e-02   6.8611169e-01   4.1528241e+00   8.0022188e-04  -2.3979351e-03  -5.9247804e-06
   1.9547981e-02   7.0230286e-01   4.1760894e+00   1.2944490e-03  -1.9485659e-03   3.4842249e-04
   1.5122675e-02   6.7907178e-01   4.1787891e+00   7.4409335e-04  -2.0270250e-03   2.5085866e-04
   4.3209787e-03   7.0786774e-01   4.1831888e+00   7.4269779e-04  -2.0563586e-03   4.4742189e-04
   3.9035150e-03   7.3481022e-01   4.2123092e+00   1.5176018e-03  -2.3301493e-03  -1.0376783e-05
  -2.1644009e-02   7.0122604e-01   4.1934076e+00   3.7367747e-04  -3.5077681e-03   9.5398624e-05
  -8.1707126e-03   7.1905838e-01   4.1935927e+00   1.1724074e-03  -2.5825248e-03   1.3141221e-04
  -5.3549116e-03   7.1694288e-01   4.1753067e+00   4.7461901e-04  -2.6800814e-03   3.4163766e-05
  -2.1705995e-02   7.1154687e-01   4.1941997e+00   8.5353750e-04  -2.3820763e-03   2.1791205e-04
  -2.8468611e-03   7.3839574e-01   4.2052852e+00   8.2076949e-04  -2.1250972e-03   2.7563727e-04
  -6.4354527e-04   7.2175877e-01   4.2133564e+00   4.6090780e-04  -2.4660062e-03   3.3863693e-04
   1.5419203e-02   7.2285287e-01   4.2375476e+00   8.3867114e-04  -2.1794605e-03  -2.2991376e-04
   6.9251255e-03   7.1999748e-01   4.2955285e+00   1.6870482e-03  -2.1889085e-03  -2.9328546e-04
  -6.7593941e-03   7.0309705e-01   4.3037271e+00  -4.8681083e-04  -2.6903716e-03   7.4413202e-04
   3.3558377e-02   7.4012724e-01   4.2759832e+00   9.2057616e-04  -1.4747189e-03  -6.7199499e-05
   2.4813143e-02   7.1430957e-01   4.3198919e+00   7.7150550e-04  -1.8440564e-03   1.3442939e-04
   2.6204612e-02   7.4487360e-01   4.2905699e+00   8.0032080e-04  -1.5114903e-03   2.7558633e-04
   5.1444116e-02   7.5162517e-01   4.2989032e+00   9.7068260e-04  -1.2778539e-03  -2.9568914e-04
   1.3468448e-02   7.2371483e-01   4.3194897e+00   1.0371275e-03  -1.6649683e-03   3.7623502e-04
   3.6554806e-02   7.4990468e-01   4.2929916e+00   9.9315733e-04  -2.1271187e-03  -4.1661401e-04
   2.8214912e-02   7.3941182e-01   4.3822029e+00   1.3945879e-03  -2.0143187e-03  -1.8284441e-04
   4.0037771e-02   7.2051504e-01   4.3208974e+00   6.5541519e-04  -9.3422510e-04  -2.8110588e-04
   2.5017328e-02   7.1359853e-01   4.2998384e+00   6.2325739e-04  -1.3552398e-03   9.8184361e-05
   2.4471594e-02   7.1640231e-01   4.3101878e+00   6.8915107e-04  -1.6180467e-03  -1.8663985e-04
   1.8439588e-02   7.3133508e-01   4.3484739e+00   1.1688993e-03  -1.4750134e-03   1.3805679e-04
   1.5627636e-02   7.2844086e-01   4.3613074e+00   5.6493226e-04  -2.0233440e-03  -2.6638317e-05
   3.4047395e-02   7.2314553e-01   4.3520782e+00   1.1053540e-03  -1.4304890e-03  -1.6611533e-04
   2.3955882e-02   7.2136986e-01   4.3688189e+00   1.2207116e-03  -1.6091622e-03   6.6177022e-07
   1.9427485e-02   7.2935951e-01   4.3951557e+00   1.6758499e-03  -1.9941852e-03  -2.8386796e-04
   5.5206298e-02   6.8917984e-01   4.3095252e+00  -7.7787970e-04  -1.8658235e-03   4.5516263e-04
   1.4439886e-03   7.0925555e-01   4.3769477e+00   1.1760409e-03  -1.1609765e-03   8.9483561e-04
   1.9515061e-02   7.2762940e-01   4.3873125e+00   1.1378268e-03  -1.3945071e-03   2.1180572e-04
   2.4526894e-02   7.2757508e-01   4.3924625e+00   7.8547531e-04  -1.2668729e-03   5.8227142e-05
   4.1813700e-02   7.6160569e-01   4.3816042e+00   1.6880088e-03  -7.0401386e-04  -3.4001791e-04
   1.6471323e-03   7.5593148e-01   4.4058624e+00   1.2274292e-03  -1.3002284e-03   2.0922715e-04
   1.4510697e-02   7.3699396e-01   4.3978076e+00   1.3585512e-03  -1.1774046e-03   1.8936649e-06
   3.6818225e-02   7.4481902e-01   4.4285869e+00   1.7907080e-03  -1.0476129e-03  -8.4601025e-05
   2.1635433e-02   6.9719576e-01   4.4191481e+00   4.9177197e-04  -1.9670540e-03  -2.4953465e-04
   1.3248434e-02   7.2316898e-01   4.5115183e+00   5.4466065e-04  -2.2606724e-03   6.6631274e-05
   1.1455599e-02   7.3180792e-01   4.4777495e+00   4.4243932e-04  -1.7398758e-03  -6.7524948e-05
   1.3729536e-02   7.3762392e-01   4.4985218e+00  -8.4729850e-04  -1.9576199e-03  -1.5986469e-04
  -2.7481474e-03   7.4978174e-01   4.4854969e+00   6.0960293e-04  -1.1205568e-03   1.2536846e-04
   4.0891219e-02   7.5069783e-01   4.5438182e+00   1.0428105e-03  -1.1058274e-03  -5.2294064e-04
   2.7721036e-02   7.5169724e-01   4.5001971e+00   3.9641995e-04  -1.2264262e-03  -2.4300957e-05
  -1.8578850e-02   7.4680376e-01   4.4981354e+00  -6.5857255e-05  -1.4750914e-03   5.7293932e-04
   2.7426050e-02   7.6130393e-01   4.5387215e+00   6.4403346e-04  -9.9317632e-04  -2.5261362e-04
   2.5294970e-02   7.8264960e-01   4.5790435e+00   1.3645865e-03  -1.3619129e-03  -3.2344797e-04
   1.6923789e-03   7.4472484e-01   4.5707688e+00  -2.9376127e-05  -2.1440029e-03  -2.3565520e-04
   1.8744250e-02   7.6918923e-01   4.5766223e+00   1.3060100e-03  -1.7717520e-03  -2.9313450e-04
   2.2612378e-02   7.4055317e-01   4.5715980e+00   1.0370894e-04  -1.9068921e-03   1.4846751e-04
   1.5378581e-02   7.7511141e-01   4.5577753e+00   8.8132031e-04  -1.4685691e-03   1.0349440e-04
   3.4899372e-02   7.6231504e-01   4.5922903e+00   1.0984796e-03  -1.1593009e-03  -1.1676761e-04
   2.6111992e-02   7.6278569e-01   4.6031777e+00   9.8984263e-04  -1.6057909e-03  -1.6842999e-05
   2.8099502e-02   7.5929339e-01   4.6300891e+00   7.6673726e-04  -1.2812499e-03   3.9608285e-05
   1.1525663e-02   7.6434312e-01   4.5885895e+00   7.3187668e-04  -1.3074720e-03   1.1695444e-04
   1.0515065e-02   7.6570562e-01   4.6190425e+00   1.2554576e-03  -1.1239191e-03   9.0740475e-05
  -4.7636101e-04   7.5913780e-01   4.6580965e+00   8.2414071e-04  -2.8140791e-03  -8.0525826e-05
  -2.5241048e-02   7.5851097e-01   4.6274445e+00   1.2213841e-03  -2.9817653e-03  -6.4943113e-06
   2.1450166e-03   7.4774512e-01   4.6759163e+00   9.7291201e-04  -2.8659208e-03  -1.5783009e-04
  -4.9238675e-03   7.6573663e-01   4.6349869e+00   1.4839687e-03  -2.1786663e-03   4.3518006e-05
   3.0433363e-03   7.6020503e-01   4.6150646e+00   1.4304637e-03  -2.2218174e-03  -3.9833801e-05
   1.1267522e-02   8.0284419e-01   4.7605981e+00   3.4169798e-03  -1.6783017e-03  -6.1507301e-07
   5.7433066e-03   7.9103065e-01   4.6636516e+00   9.6266749e-04  -2.0625065e-03   4.3260324e-05
   1.9434834e-02   8.0355547e-01   4.6537411e+00   1.4646751e-03  -1.4948357e-03  -1.5154586e-04
   1.0116534e-02   7.9748083e-01   4.6744868e+00   1.7305977e-03  -2.0480598e-03  -1.9185456e-04
   7.9330595e-03   7.8057491e-01   4.6745926e+00   1.6652980e-03  -1.6029164e-03   1.5536772e-05
   3.1996558e-03   7.8880769e-01   4.6851392e+00   1.1194012e-03  -2.2031453e-03   1.4096807e-04
   1.1832773e-02   7.8634635e-01   4.7141538e+00   1.7176235e-03  -1.6985472e-03  -6.2494424e-05
   1.4235483e-02   7.8097090e-01   4.6856886e+00   9.0001227e-04  -1.9767253e-03   5.3718182e-05
   6.8696135e-03   7.7257170e-01   4.7103036e+00   1.2420135e-03  -2.3760265e-03  -2.2769943e-04
   1.6025487e-02   7.9178005e-01   4.7249683e+00   2.3600241e-04  -1.8844363e-03   1.5190574e-04
   1.1446615e-02   7.6833825e-01   4.6691488e+00   2.1367297e-03  -1.3949788e-03   9.7320850e-04
  -1.1477258e-03   7.2229987e-01   4.6941299e+00   2.1282801e-04  -3.6068848e-03   2.0596906e-04
  -2.1435244e-02   7.5278387e-01   4.7123680e+00   1.2596336e-03  -2.0465569e-03   5.0730518e-04
  -1.9735384e-02   7.2637695e-01   4.7001168e+00   7.8091867e-04  -1.6197739e-03   1.2679883e-03
   6.6780523e-03   7.5055507e-01   4.6779701e+00   3.3856508e-04  -1.9657338e-03   5.6323497e-04
  -5.8488106e-03   7.6389693e-01   4.7017380e+00   1.4086278e-03  -1.8391097e-03   6.6896725e-04
   4.9742271e-03   7.6274696e-01   4.7357151e+00   1.7716172e-03  -1.7082050e-03   2.0330714e-04
  -6.3970696e-03   7.7707508e-01   4.7776124e+00   1.6705623e-03  -1.7005096e-03   3.2352654e-04
   2.6019099e-03   7.6701319e-01   4.7691321e+00   1.3740392e-03  -1.8421321e-03   2.2725559e-04
  -5.3518620e-02   7.4680993e-01   4.7690166e+00  -1.5303241e-04  -2.9903876e-03   7.5365411e-04
