   0.0000000e+00   7.3267188e-15   0.0000000e+00   0.0000000e+00   0.0000000e+00  -2.4014374e-18
   1.3929763e-02  -6.7098457e-03   9.6460466e-03   3.9324455e-04  -7.7271660e-05  -4.6939321e-04
   1.8852712e-02  -3.9913002e-03   1.9774589e-02   4.3684903e-04  -9.2006071e-05  -6.6819042e-04
   1.4683014e-02  -1.3300966e-02   2.5698329e-02   4.1064034e-04  -1.6926386e-04  -2.6673420e-04
   1.6527827e-02   4.3274312e-03   7.9677998e-03   2.8898123e-04  -1.6456277e-04  -4.7850609e-04
   2.1778735e-02   3.8938293e-03  -1.5435304e-02   4.3749488e-05  -3.4946372e-05  -2.8308624e-04
   1.6829258e-02   4.8449530e-03  -1.3988894e-02  -4.6297446e-04   2.4162770e-04  -1.9618961e-05
   2.3282116e-02   5.9259768e-04  -1.3015631e-02  -3.3054878e-05   3.7600377e-04  -8.7502085e-05
   1.4703179e-02   5.2832185e-04  -1.4110812e-02   1.7719978e-04   3.7735552e-05  -1.4521273e-04
   2.9031177e-02  -6.9425704e-03  -2.4011141e-02  -1.9114662e-04  -2.0658340e-04  -2.5609708e-04
   6.2306122e-03  -5.4861225e-03  -1.5792224e-02  -8.9750999e-05  -4.1144876e-04   2.2979569e-04
  -4.2047004e-02  -9.3318554e-03  -4.8383585e-02  -1.7942665e-03   4.1500034e-04   4.8159244e-04
  -1.4833693e-03  -3.6218139e-02  -1.7867777e-02   2.9779999e-04   8.2130397e-04  -4.0704599e-04
   1.9091519e-03  -3.7069822e-02  -7.6630646e-03   5.3245234e-04   7.3805063e-04  -3.7719341e-04
   4.7181999e-04  -4.0056631e-02  -1.2027060e-02   2.3106614e-04   5.1743579e-04  -7.0677219e-05
   9.1043931e-03  -1.7560305e-02   1.9483126e-02   7.7482997e-04   3.7367860e-04  -3.6799061e-04
   7.3612536e-03  -4.2210843e-04  -2.1378299e-02   9.4997901e-05   2.5052611e-04  -4.1068811e-04
   3.3308482e-02   5.6357674e-03  -3.6755303e-02  -4.9670841e-04   5.4974187e-04  -4.8889941e-04
   2.8605539e-02  -1.6427547e-02  -4.8697183e-02  -6.9695578e-04   4.9264493e-04  -4.3469749e-04
   5.2594294e-03  -1.6210396e-02  -2.9899140e-02   2.3076680e-05   2.8178794e-04  -3.1145082e-04
   7.1823160e-03   8.3290304e-04  -9.0631434e-03   3.8552275e-04   2.6699515e-04  -2.1562317e-04
   3.3204671e-03  -1.0324133e-01  -4.7580045e-02  -5.7070525e-04   1.0142850e-04  -3.2761237e-04
   2.2281485e-02   2.3920119e-04  -2.3772003e-02  -2.5295324e-04   3.0695178e-04  -5.8566177e-04
   1.9148106e-02   2.3418321e-03  -5.6448188e-03   4.1544015e-05   2.2784760e-04  -3.1310899e-04
   7.3306181e-03   8.5759075e-03  -1.6767144e-02   2.1114119e-04   2.0114371e-04   5.4379407e-05
   1.3728305e-02   1.2097206e-02  -4.8916482e-02  -5.8652180e-04   4.3717074e-04  -2.1242114e-04
   1.0466353e-02   1.3596688e-02  -2.5356551e-02  -2.9992818e-04   9.8456036e-04   2.7009848e-05
   1.1228541e-02   2.0015104e-03  -3.8296496e-02  -5.2393099e-04   5.4117902e-04  -1.0376161e-04
   2.5972374e-02  -3.4347437e-03  -2.3774535e-02  -3.2910720e-04   4.0862095e-04  -4.1145074e-04
   1.4458613e-02   1.3397536e-02  -5.9885988e-03   2.7620952e-04   2.3705078e-04  -2.1046800e-04
   1.4610659e-02  -8.4152437e-03  -3.3563832e-03   1.5830893e-04   4.9540682e-04  -3.8649734e-04
   1.8924353e-02  -2.0175082e-02  -1.4499587e-02  -3.2662436e-05   7.1060139e-04  -3.8211376e-04
   1.1809190e-02  -1.1024860e-02  -1.8689806e-03   2.5354990e-04   5.3621950e-04  -1.3566545e-05
   4.1002384e-04  -1.0839369e-02  -2.5110037e-02  -4.6522564e-04   2.8081431e-04  -1.7746372e-04
  -5.8670808e-04  -1.7949670e-03  -1.0407782e-02  -6.7924005e-05   5.1488636e-04  -6.4548527e-05
   1.0282221e-02   4.5008779e-05  -2.9536930e-02  -2.3860962e-04   1.4361183e-04  -6.7698126e-04
   1.0432189e-02  -2.7771266e-02  -1.9544771e-02  -2.8036592e-04   4.3567581e-04  -1.5496663e-04
  -1.8633904e-03   9.1813347e-03  -6.0175881e-03  -8.1963454e-05   2.8224639e-04   5.3528114e-05
   1.8331795e-02  -7.5831464e-03  -9.2267903e-03  -2.8099758e-04   3.2463169e-04  -2.8965652e-04
   8.6499907e-04  -1.7396060e-02   1.0406117e-02   1.3585445e-04   6.2264783e-04  -3.0248220e-04
   3.7453448e-03  -4.1065571e-03  -2.3795036e-02  -6.8474396e-04   2.8419571e-04  -3.8824176e-04
   1.3750063e-03  -5.9842431e-03  -7.4953435e-03  -6.2134061e-05   1.5942761e-04  -4.2021519e-04
  -7.3705360e-04   1.0150506e-02  -1.3150444e-02  -6.2975688e-05   3.4801952e-04  -2.4640882e-04
  -1.6130471e-02   2.4075729e-02  -1.9436029e-02  -2.6674557e-04   9.3554123e-05  -6.3761868e-05
   4.0498134e-03   4.7166971e-03   2.8059389e-02   4.7878579e-04   1.9672120e-04  -3.2451775e-04
   1.3114996e-02  -4.5525802e-02   6.7441973e-03   2.0455781e-04  -6.1528792e-04  -2.0281177e-03
  -7.1884177e-03  -8.2685942e-05  -1.1903378e-02  -3.4471807e-04   7.8406649e-05  -1.2814346e-04
  -3.9848964e-03  -2.8545922e-03   1.8388924e-02   2.4671228e-04   2.9970239e-04  -3.6203849e-04
  -1.9889308e-02  -1.4042108e-02   2.8727605e-03  -4.8918495e-06   2.0644242e-04  -1.7216106e-04
  -3.3416667e-02  -6.4567283e-02   3.3469476e-02   2.2345481e-03   2.4091590e-03  -2.0479554e-03
   2.9678303e-02  -2.8736249e-02  -1.3283980e-02   3.7084699e-03   3.7959108e-03  -1.6672128e-03
  -1.4993735e-01  -1.0872618e-01  -2.9095704e-01  -3.9326373e-04  -8.1635340e-04  -1.6451184e-03
  -2.6462596e-01  -3.4433846e-01  -5.3315922e-01   9.7883934e-03   5.9855251e-03  -5.4601615e-03
  -2.6816850e-02  -1.4694100e-01  -6.1707513e-02   4.1057599e-03   2.2573250e-03  -7.1750736e-04
  -2.3780022e-02  -1.2251560e-01  -5.1996724e-02   2.7493364e-03   1.1514278e-04  -9.0339977e-04
  -2.8450086e-02  -8.2161385e-02  -2.3066209e-02   2.7084850e-03   2.6740673e-04  -1.1389493e-03
  -2.1718355e-02  -7.2691466e-02  -6.1123920e-03   3.4136264e-03   2.6799707e-04  -1.3405836e-03
  -4.3713798e-02  -7.5305216e-02  -6.6728985e-02   2.5400320e-03   3.1062882e-04  -8.0581153e-04
  -4.9846306e-02  -8.4224947e-02  -8.6321349e-02   2.7381080e-03  -6.4964042e-05  -1.2407110e-03
  -4.5325030e-02  -7.7243667e-02  -8.5850841e-02   2.3007890e-03  -1.6757101e-04  -1.0164754e-03
  -4.2373242e-02  -7.7411907e-02  -4.0188690e-02   2.4964339e-03  -2.0083074e-04  -1.0094942e-03
  -3.8145751e-02  -6.7738727e-02  -6.0558299e-02   1.4236672e-03  -3.2905361e-04  -6.5332385e-04
  -3.1962384e-02  -6.1849362e-02  -1.2580895e-02   2.1082400e-03   1.0373110e-05  -1.3185256e-03
  -3.4456895e-02  -4.5095203e-02  -7.2111743e-03   1.8724334e-03   5.1007321e-05  -8.4417427e-04
  -2.4943459e-02  -3.8996942e-02   4.7534024e-03   1.6726068e-03   1.7273866e-05  -8.8286323e-04
  -2.1556966e-02  -3.1345397e-02   6.0499933e-03   1.1440068e-03  -1.6303975e-04  -6.8399930e-04
  -2.4478734e-02  -3.1959908e-02   3.5774297e-02   1.9622279e-03  -1.8984878e-04  -1.2116176e-03
  -3.4661431e-02  -5.2263025e-02   2.8615668e-02   1.3160215e-03  -2.6430965e-05  -4.2051032e-04
  -2.1084352e-02  -1.4919395e-02   3.3280471e-02   9.2890578e-04   2.0819713e-04  -6.4796919e-04
  -2.5823676e-02  -2.9129222e-02   5.6011467e-02   1.4368651e-03   7.9529195e-05  -5.8173348e-04
  -2.9400777e-02  -1.3660004e-02   4.5763107e-02   8.5308513e-04  -6.5941812e-05  -5.9993622e-04
  -1.9053810e-02   4.2534047e-02   1.8849786e-02   2.5696757e-05  -4.3663501e-04  -1.5032104e-03
  -1.7317163e-02  -5.8982868e-03   7.6526636e-02   1.2278328e-03  -1.3895890e-04  -4.9319439e-04
  -1.9322217e-02  -3.4186019e-03   8.2601722e-02   7.4321382e-04   9.7723476e-05  -5.5846989e-04
  -3.3419920e-02   2.0306550e-03   8.8995603e-02   1.3149012e-03   1.5759955e-04  -7.8912791e-04
  -1.7573723e-02   6.5177653e-03   9.8024700e-02   1.3633015e-03  -1.8045517e-04  -7.1652522e-04
  -5.6150888e-02  -2.3182366e-02   9.1910633e-02   4.2019953e-05  -4.9028845e-05  -2.8745068e-04
  -2.3789362e-01  -3.3876112e-02  -2.6512072e-01  -4.4057278e-03   1.9841870e-03   1.5258350e-03
  -4.4247113e-01  -4.5718348e-01  -5.1726591e-01   1.4688573e-02   2.1787886e-03  -3.6033417e-03
  -1.7937637e-01  -3.3614500e-01  -1.6333254e-01   9.7484311e-03   5.6807226e-03  -2.1975704e-03
  -6.9390588e-02  -1.6133916e-01   5.0492328e-02   1.4617757e-03   2.7510042e-03  -1.2872454e-04
  -3.7087975e-02  -1.0568168e-01   7.0238534e-02  -6.6425727e-04   6.2414013e-04  -6.0663736e-04
  -4.1928313e-02  -6.7961392e-02   1.0843782e-01  -6.1460716e-04   5.0501575e-04   1.7381122e-04
  -5.1729959e-02  -2.9361545e-02   1.3840043e-01  -1.5950580e-04   4.0864247e-04  -1.3868857e-04
  -4.0285482e-02  -7.7774227e-02   1.3112027e-01  -9.7335328e-04   1.7170963e-05  -3.4132675e-04
  -4.3304492e-02  -7.6329653e-03   1.3497483e-01  -7.3816086e-04   7.8234263e-05  -1.6149191e-04
  -4.8444284e-02   1.2911186e-02   1.6328937e-01  -6.8452370e-04  -1.7481750e-04  -4.0666305e-04
  -4.9659798e-02  -1.8610869e-03   2.0804651e-01  -6.6854040e-04   5.0993689e-05  -4.3588659e-05
  -3.9962291e-02   3.5007865e-02   1.9344390e-01  -9.0720291e-04   3.3630045e-05   1.3850027e-04
  -5.5436805e-02   3.3355085e-02   1.9239914e-01  -8.4817622e-04   7.6908266e-04   4.7345380e-04
  -3.9584161e-02   3.6237238e-02   2.3979118e-01   1.1458802e-04   4.9268648e-04  -1.6967075e-04
  -3.9962728e-02   3.3389222e-02   1.9739161e-01  -1.3619737e-03   2.5460699e-04  -1.8388972e-04
  -4.6205038e-02   4.9203175e-02   2.6709615e-01  -5.5565832e-04   7.0250145e-04   2.2400472e-04
  -4.8919319e-02   3.5362059e-02   2.5142969e-01  -7.8744147e-04   8.9909376e-05   3.2221890e-05
  -2.9183710e-02   2.9884634e-02   2.5838345e-01  -9.1621913e-04   4.5137914e-04   1.6031020e-05
  -3.6901391e-02   3.8940245e-02   2.8602005e-01  -5.0108516e-04   5.9962065e-05   2.8253635e-04
  -3.2557589e-02   3.6375811e-02   2.8176725e-01  -7.6910152e-04   3.6921079e-05  -3.9911434e-05
  -3.3368029e-02   7.0597066e-02   2.6843413e-01  -1.0637267e-03   4.5559439e-04   2.2622251e-04
  -5.4162083e-02   3.7987073e-02   2.8083275e-01  -7.3616721e-04  -1.4844906e-04   1.7736340e-04
  -3.2579991e-02   5.0261658e-02   2.9274288e-01  -7.4019478e-04   4.2797359e-04   1.5413985e-04
  -3.8211046e-02   5.3544024e-02   3.2621845e-01  -1.5293163e-03  -7.0531818e-06  -5.1967471e-05
  -3.7885749e-02   3.8781018e-02   3.1523011e-01  -1.0951348e-03   1.7424735e-04   6.8278310e-05
  -4.1976284e-02   5.4300659e-02   3.1571875e-01  -1.0939738e-03  -5.2891567e-06  -1.5501999e-06
  -3.6118234e-02   5.0171283e-02   3.2950072e-01  -1.0035942e-03   4.1972089e-04   1.9998782e-04
  -2.6534506e-02   6.0548232e-02   3.2533369e-01  -7.2053898e-04   6.8252110e-05  -1.7778916e-04
  -3.0506192e-02   7.6522401e-02   3.3780531e-01  -6.1167790e-04   3.5760017e-04   1.5165210e-04
  -4.4102601e-02   6.9040504e-02   3.3220369e-01  -1.5138366e-03   7.0665303e-05   1.7264168e-05
  -3.4324987e-02   8.9175964e-02   3.4343872e-01  -7.1412562e-04   2.8355288e-04   8.3722668e-05
  -2.4372974e-02   9.3291224e-02   3.5250933e-01  -1.0564511e-03   2.8341261e-04  -2.2191247e-04
  -3.6210588e-02   7.4310326e-02   3.6187802e-01  -5.7175905e-04   3.0155893e-04  -1.6521204e-04
  -3.7051003e-02   6.9590362e-02   3.4698675e-01  -1.4555414e-03   5.3152917e-04   5.2170277e-06
  -4.3417754e-02   8.4989842e-02   3.6863206e-01  -1.1555357e-03  -2.3557108e-04   1.5837153e-04
  -1.4458431e-01   1.2985800e-02   1.9323482e-01  -2.0524124e-03   1.2728067e-03  -1.6552881e-04
  -1.1498194e-01  -6.1310932e-02   2.5004687e-01   1.9536726e-03   9.2595405e-04  -4.0612535e-05
  -1.1800656e-01  -4.5757877e-02   2.2637756e-01   8.6871733e-04   4.4581936e-04   4.7007853e-04
  -1.0824261e-01   1.2704754e-03   2.9581785e-01   1.7982588e-03   3.7291555e-04   3.8811888e-04
  -8.4187128e-02  -7.4528333e-03   3.1368170e-01   8.1868729e-04   6.7015700e-04   3.2670986e-04
  -8.2923737e-02   2.9531436e-02   3.3337729e-01   4.4527914e-04   7.1274819e-04   4.9075733e-04
  -7.6121046e-02   2.3446890e-02   3.3974756e-01   4.4130221e-04   5.6585664e-04  -2.0390705e-04
  -1.0502921e-01   1.7147159e-02   3.3416588e-01  -2.4859842e-04   6.9678559e-04   8.6674103e-04
  -7.8802863e-02  -1.2809356e-01   3.5998172e-01  -7.9988813e-04   9.8215637e-06  -3.5630874e-04
  -8.0368009e-02   4.2881217e-02   3.6056482e-01  -7.4993226e-04   5.8500505e-04   7.7570967e-04
  -6.6520755e-02   4.2786145e-02   3.6509390e-01  -1.0107199e-03   2.7213409e-04   6.6106048e-04
  -8.1993507e-02   5.2994970e-02   3.7771610e-01  -7.8954842e-04   2.7103791e-04   1.0066509e-03
  -6.1251839e-02   5.2348680e-02   4.2390201e-01   5.0185459e-05  -4.9887215e-06   5.7619215e-04
  -5.6452134e-02   3.3290647e-02   4.3301407e-01  -2.9740437e-04   1.3339622e-04   6.3337414e-04
  -6.1348437e-02   5.7941054e-02   4.1606560e-01  -6.2698318e-04   4.4243852e-04   7.8128732e-04
  -6.1288893e-02   5.2752016e-02   4.1149620e-01  -9.0074988e-04   2.5192304e-04   7.6472192e-04
  -8.1011083e-02   4.5258239e-02   4.3208025e-01  -3.6606592e-04   2.3861721e-04   4.8735897e-04
  -5.7421631e-02   5.4356787e-02   4.3469438e-01  -8.4936978e-04   1.3689166e-04   2.8210353e-04
  -6.9317910e-02   6.3418325e-02   4.2555134e-01  -1.1517109e-03   2.7313649e-04   9.2266867e-04
  -7.1862021e-02   7.3800146e-02   4.6742009e-01  -8.4998686e-04   5.0706387e-04   9.9707241e-04
  -7.2577067e-02   7.5426342e-02   4.4471359e-01  -1.3129845e-03   3.2494737e-04   7.0684143e-04
  -6.9478974e-02   7.8844154e-02   4.6074967e-01  -3.1417911e-04   2.6986895e-04   6.8822052e-04
  -8.5721797e-02   8.4963492e-02   4.6769030e-01  -3.5617206e-04   2.6710460e-04   1.1068345e-03
  -7.3212792e-02   9.0815087e-02   4.5120186e-01  -9.0663495e-04   3.0371355e-04   6.8860984e-04
  -7.1791633e-02   7.8169397e-02   4.7395826e-01  -4.0226547e-04   5.8928138e-05   3.3895961e-04
  -8.7841841e-02   8.2001596e-02   5.0019422e-01  -5.0818960e-05  -6.2510340e-05   1.0596252e-03
  -7.0515573e-02   8.0085866e-02   5.0017080e-01  -8.2707197e-04   2.8771007e-05   5.1325799e-04
  -5.5790794e-02   9.6755945e-02   5.4738640e-01   1.9590947e-04   1.8665598e-04   4.4640727e-04
  -5.6399671e-02   1.3064111e-01   5.2012653e-01   2.0037551e-04  -3.7956826e-04  -6.8063893e-04
  -5.9400439e-02   6.9854067e-02   5.2850978e-01  -7.5077782e-04   2.4890896e-04   6.4344655e-04
  -6.4786690e-02   6.6418278e-02   5.4151361e-01  -2.2407507e-04  -1.6621719e-04   3.0874646e-04
  -6.9537179e-02   8.1452058e-02   5.3414672e-01  -4.5635138e-04  -2.7712321e-04   4.6781027e-04
  -5.0077753e-02   9.5644291e-02   5.1683902e-01  -1.4530765e-03   1.9842767e-04   5.7396286e-04
  -4.9180280e-02   7.6835593e-02   5.4148113e-01  -8.0009396e-04   2.2815225e-06   1.6418811e-04
  -5.4813677e-02   9.4853946e-02   5.5406525e-01  -5.5925381e-04   3.2103318e-04   2.1183910e-04
  -4.6483735e-02   7.2523709e-02   5.4907229e-01  -1.1967253e-03   2.6631183e-04   5.0603800e-04
  -1.5350546e-01  -1.8790314e-03   5.3957890e-01   1.7221921e-03   1.2515734e-03  -4.5794366e-04
  -1.8156386e-01  -1.7674481e-01   2.5543973e-01   8.2750039e-03   3.5990474e-03  -1.1249733e-03
  -2.6489878e-01  -2.9782070e-01   2.1743741e-01   1.2633372e-02   2.8309873e-03  -3.7437358e-03
  -4.9849600e-02  -1.6560372e-02   4.7483888e-01   3.1020515e-03   1.4513454e-03  -6.4173235e-04
  -5.1389605e-02   3.9739610e-02   5.0816921e-01   1.5483073e-03   7.0617582e-04  -2.5636831e-04
  -4.9421890e-02   5.4568641e-02   5.3313589e-01   1.2297701e-03   3.5016238e-04  -2.8155296e-04
  -4.9858089e-02   5.3967386e-02   5.6851454e-01   1.1097861e-03   4.9847117e-04  -1.1891571e-04
  -5.9006022e-02   2.6699112e-02   5.7760927e-01   7.7608600e-04   2.4513145e-04   2.7886641e-04
  -4.2831345e-02   7.9508729e-02   5.9166151e-01   6.8299636e-04   2.6700592e-04  -4.4316365e-05
  -2.8525536e-02   8.6098357e-02   6.0479618e-01   5.1987112e-04   3.4755837e-04  -4.9278236e-04
  -3.5016657e-02   8.3041773e-02   5.7700481e-01  -1.5483639e-04   3.1955499e-04  -2.7438433e-04
  -4.4263664e-02   6.6673602e-02   6.0179437e-01   3.7189880e-04  -1.5950541e-04  -4.5561977e-04
  -4.3181254e-02   8.6523408e-02   6.2712511e-01   6.4504046e-04  -1.3929915e-04  -1.4339642e-04
  -6.4838238e-02   3.0940621e-02   6.5238372e-01   1.2929568e-03  -1.6362300e-04  -7.1413605e-05
  -3.7288573e-02   1.2108573e-01   6.3607609e-01  -4.5133859e-04   3.9357339e-05  -2.6810523e-04
  -3.1262875e-02   1.1862908e-01   6.7087837e-01  -1.6993236e-04  -5.4063778e-04  -1.4284478e-04
  -2.6666273e-02   1.1928522e-01   6.6234671e-01  -3.1634893e-04  -2.6767959e-04  -3.8702942e-04
  -4.1867509e-02   1.1758691e-01   6.9690685e-01   1.9672752e-04   5.4587232e-06   2.4048527e-06
  -7.1151387e-02  -2.1954767e-01   6.3269479e-01  -3.0929689e-03  -8.3828289e-04  -4.5121707e-04
  -4.6187419e-02   1.3811975e-01   6.8505162e-01  -1.0376590e-03  -2.2320293e-04   9.6987401e-05
  -3.6483500e-02   1.3651285e-01   7.0919870e-01  -8.8070451e-04  -3.4806349e-04  -1.8608450e-05
  -2.8051178e-02   1.3852530e-01   7.2095280e-01  -7.7163687e-04   2.4291637e-04  -2.2623364e-04
  -3.8323705e-02   1.3716023e-01   7.3924325e-01  -1.1035905e-04  -5.0336415e-05  -2.7276190e-04
  -3.5650823e-02   1.4343960e-01   7.3307269e-01  -6.6473460e-04  -4.7435944e-04  -5.0220179e-05
  -3.5117985e-02   1.4451513e-01   7.4461574e-01  -6.8998131e-04  -1.9356979e-04   4.9581376e-05
  -3.8298042e-02   1.3085681e-01   7.6967306e-01  -1.1701472e-04  -1.8748155e-04   1.4993283e-04
  -2.5969102e-02   1.3406972e-01   7.6318081e-01  -3.8571330e-04  -1.3312291e-04  -1.0892606e-04
  -3.0475574e-02   1.3681424e-01   7.7453247e-01  -4.6927399e-04  -1.6134270e-04  -2.0933201e-04
  -3.5052002e-02   1.5908226e-01   7.7826088e-01  -6.1773209e-04  -4.0529701e-04  -9.3075177e-05
  -2.0549714e-02   1.4756378e-01   7.8237416e-01  -6.2916934e-04  -2.2464882e-04  -1.5195579e-05
  -2.3171582e-02   1.6158340e-01   7.7474643e-01  -6.2833231e-04  -9.1393088e-05   6.7486414e-06
  -1.6666562e-02   1.6748610e-01   7.8123283e-01  -9.7185183e-04  -3.0529392e-04  -1.4506911e-04
  -2.9493274e-02   1.5438798e-01   8.0859334e-01  -4.5152427e-04  -3.8586702e-04   9.2074539e-05
  -1.8169700e-02   1.6167197e-01   8.0851954e-01  -1.0865732e-03  -4.7639606e-04  -2.7918897e-04
  -1.8000938e-02   1.6149883e-01   8.1776692e-01  -1.0446920e-03  -2.7141983e-04  -7.5377276e-05
  -2.3278278e-02   1.5253307e-01   8.2433451e-01  -4.6001479e-04  -6.4581087e-04  -1.8278794e-04
  -3.1628838e-02   1.4485473e-01   8.1697101e-01  -9.5952794e-04  -3.7408705e-04  -6.5013943e-05
  -2.1546844e-02   1.7812435e-01   8.5232012e-01   4.1798108e-06  -3.4325940e-04  -8.5230675e-05
  -3.0736721e-02   1.6519465e-01   8.4939939e-01  -4.7157592e-04   8.5571365e-05   1.1174903e-04
  -2.3838318e-02   1.6618162e-01   8.4232541e-01  -9.5590062e-04  -4.4445273e-04  -1.5503786e-04
  -2.8861053e-02   1.7542667e-01   8.7608267e-01  -2.6924337e-05  -1.5326789e-04   1.6012760e-04
  -2.6271463e-02   1.7680386e-01   8.8752082e-01   2.5671197e-04  -2.0963736e-04  -1.2006200e-04
  -2.3309862e-02   1.6292371e-01   8.7414231e-01  -6.2915981e-04  -2.7102402e-04  -1.5228430e-04
  -1.5998525e-02   1.6068896e-01   9.3830707e-01  -2.1585763e-04  -1.9545582e-04   2.3580992e-04
  -2.3955774e-02   1.6325048e-01   9.2016280e-01  -7.6935902e-04  -1.4098323e-04  -2.0344606e-04
  -7.7050959e-02   1.2172831e-01   9.0992353e-01   1.1805146e-03   6.8633080e-04  -1.6599882e-03
  -4.8965027e-02   1.4367169e-01   9.0917118e-01  -6.4759639e-04  -5.5086212e-04   2.3947536e-04
  -3.8700986e-02   1.4554612e-01   9.1455784e-01  -1.9243813e-04  -3.9821343e-04   2.3971156e-04
  -3.1659885e-02   1.7235200e-01   9.6989102e-01   4.7374091e-04  -2.5340592e-04  -5.4036056e-05
  -3.6232598e-02   1.7675389e-01   9.6167811e-01  -2.5483682e-04  -3.2547509e-04   2.8382906e-05
  -2.5025992e-02   1.8898620e-01   9.8092493e-01  -9.6268962e-05  -6.3962590e-04   5.5143617e-05
  -4.8515621e-02   1.7057950e-01   9.5061473e-01  -5.9806901e-04  -6.3474278e-04   2.1234240e-04
  -1.8213071e-02   1.8194133e-01   9.6952450e-01  -2.0211250e-05  -2.0002160e-04  -1.3941509e-04
  -2.8163684e-02   1.6699612e-01   9.9167426e-01  -1.1281723e-04  -5.4311813e-04  -7.6550419e-05
  -3.0510887e-02   1.7247578e-01   9.8798310e-01  -3.6242666e-05  -5.1573800e-04   7.4340675e-05
  -3.7003352e-02   1.9597759e-01   9.7620336e-01  -5.1491123e-04  -4.2089814e-04  -4.8405018e-05
  -3.9059253e-02   1.7525811e-01   1.0056260e+00  -1.0656531e-03  -1.0434228e-03  -1.9785212e-04
  -4.3423862e-02   1.8180363e-01   1.0126503e+00  -4.1495825e-04  -5.8228707e-04  -1.7676301e-04
  -3.7514384e-02   1.9526275e-01   1.0346889e+00  -4.1222565e-04  -4.6693347e-04   2.9843308e-04
  -3.0465181e-02   2.1676153e-01   1.0407655e+00  -9.5009382e-04  -1.7553131e-04   1.4209543e-04
  -3.3471735e-02   2.0948147e-01   1.0376236e+00  -9.4339198e-04  -3.9482542e-04  -1.3118982e-04
  -2.3958898e-02   2.0896522e-01   1.0554713e+00  -6.0240536e-04  -4.8980034e-04  -2.9058885e-04
  -3.6509374e-02   2.1586284e-01   1.0686766e+00  -1.0481315e-03  -2.1525634e-05   2.9571093e-04
  -2.6318982e-02   2.2541996e-01   1.0913059e+00  -5.4095601e-04   1.3918482e-04   1.0010354e-04
  -2.9000341e-02   1.7113471e-01   1.0807108e+00  -9.4875822e-04  -4.2019147e-04   1.7673977e-04
  -2.2568955e-02   2.2821829e-01   1.1269937e+00   5.1036669e-05  -1.1458004e-04   6.3494376e-05
  -2.0096482e-02   2.1833099e-01   1.0974595e+00  -8.8707145e-04  -2.4894578e-04  -2.4611657e-04
  -2.5785273e-02   2.2225868e-01   1.1143311e+00  -5.9809610e-04  -3.2348028e-04   2.0853687e-04
  -3.2681836e-02   2.0944691e-01   1.1114629e+00  -1.2872638e-03  -3.8348129e-04   2.5995626e-04
  -3.9326162e-02   1.9889815e-01   1.1151106e+00  -4.4662561e-04  -1.9975027e-04   1.2989155e-04
  -3.4980713e-02   1.9357895e-01   1.1222771e+00  -2.8568091e-04  -3.1805391e-04  -4.1224323e-04
  -4.3201694e-02   1.6725388e-01   1.1502262e+00  -6.3647631e-04  -2.4424872e-04   6.3290467e-05
  -1.6743309e-02   2.0003491e-01   1.1895628e+00  -2.7430187e-04  -3.5959099e-05  -9.2770502e-05
  -1.2528051e-02   2.0863941e-01   1.1758325e+00  -3.8356556e-04  -2.0661885e-04  -1.4086303e-05
  -1.7177756e-02   1.7872842e-01   1.1907752e+00  -4.3065441e-04  -1.0181361e-03  -8.5311308e-04
  -1.5181368e-02   2.3044140e-01   1.1934277e+00  -4.4751722e-04  -7.1258065e-05  -3.3862655e-05
  -2.2423696e-02   2.2089074e-01   1.2102824e+00  -5.5388226e-04   5.8321991e-05   1.8549476e-04
  -1.7284739e-02   2.1768171e-01   1.1856846e+00  -1.2780358e-03  -2.6326434e-04  -7.2671187e-05
  -4.8898580e-02   5.0271014e-01   1.2031554e+00  -4.9419980e-04  -7.8749000e-04   3.9680391e-04
  -1.0548400e-02   2.2071906e-01   1.2208530e+00  -9.9704514e-04  -2.5753164e-04  -4.9721137e-05
  -2.2649179e-02   1.9804475e-01   1.2007409e+00  -1.1656117e-03  -4.9980801e-04  -8.5623140e-05
  -1.5634904e-02   1.9738971e-01   1.2081929e+00  -6.4731622e-04  -1.0674179e-03  -5.9948893e-04
  -1.7261775e-02   2.1345445e-01   1.2433078e+00  -3.8906368e-04  -5.4981278e-04  -2.1294581e-04
  -3.4031618e-02   1.9980540e-01   1.2276085e+00  -1.3591782e-03  -8.0573610e-04  -5.0280664e-05
  -3.9408442e-03   2.2084891e-01   1.2519345e+00  -7.7601954e-04  -7.7834898e-04  -2.1204389e-04
  -8.3133988e-03   2.1529637e-01   1.2724508e+00  -7.0627859e-04  -7.0373188e-04  -2.6533559e-04
  -1.5158307e-02   2.2255845e-01   1.2852795e+00  -7.2404633e-04  -5.7474709e-04  -1.6551261e-04
  -2.4430917e-02   2.8422669e-01   1.2664374e+00  -1.3559967e-03  -5.5014572e-04   2.9781927e-04
  -3.8938622e-03   2.2053314e-01   1.2940711e+00  -1.1064350e-03  -5.0595980e-04  -2.3513582e-05
  -7.6427814e-03   2.3112307e-01   1.3045682e+00  -7.9429894e-04  -6.7403839e-04  -2.5858432e-04
  -5.1401436e-03   2.0160184e-01   1.3036655e+00  -9.8839898e-04  -1.1730514e-03  -4.5148286e-04
  -1.6391561e-02   2.1146530e-01   1.3255072e+00  -4.4706012e-04  -1.1612281e-03  -2.2769074e-04
  -2.7867277e-02   2.4156882e-01   1.3295629e+00  -1.0579182e-03  -5.9744738e-04   1.3372793e-05
  -2.2932120e-02   2.2316425e-01   1.3532243e+00  -9.5878153e-04  -7.9448618e-04   2.6980954e-04
  -1.7720709e-02   2.5330544e-01   1.3418562e+00  -1.2940583e-03  -6.5926111e-04   2.5471283e-04
  -2.1446030e-03   2.5251397e-01   1.3798323e+00  -8.4699586e-04  -6.8983594e-04  -3.1037904e-05
  -4.9177442e-03   2.3871226e-01   1.3840079e+00  -9.5842918e-04  -4.5101469e-04  -5.2622024e-05
  -1.6007589e-02   2.5514139e-01   1.4005702e+00  -7.6012430e-04  -4.2259763e-04  -2.1590480e-04
  -1.1153278e-05   2.5498664e-01   1.3849843e+00  -1.4153292e-03  -5.2349404e-04  -3.5416195e-04
  -1.0141400e-02   2.3578442e-01   1.4031552e+00  -1.1349084e-03  -6.2242937e-04  -8.2135432e-05
  -5.5843325e-04   2.6457734e-01   1.4080534e+00  -1.4836313e-03  -4.1521826e-04  -1.2715194e-04
  -1.8853887e-02   2.5059982e-01   1.4207003e+00  -1.4516619e-03  -5.2435234e-04   4.0867516e-04
  -1.1745373e-02   2.5434160e-01   1.4272486e+00  -1.2382254e-03  -6.1686518e-04   1.3048269e-04
  -6.1551310e-02   2.4800458e-01   1.3992484e+00  -7.4112458e-04   2.2303117e-04  -5.2532509e-04
  -3.1866759e-01   4.8797667e-02   1.0351393e+00   2.8950793e-03   9.4109892e-04  -5.6230371e-04
  -1.7294256e-01   1.0308336e-01   1.3042870e+00   3.8839270e-03  -7.7023037e-04  -1.5036984e-03
  -5.5538064e-02   9.8880314e-02   1.4187406e+00   2.9684135e-03   4.8649810e-04  -8.9132100e-04
  -3.7702081e-02   1.3352249e-01   1.3591904e+00   4.4581313e-04   5.3454291e-04  -1.5862873e-03
  -2.5493612e-02   2.0052418e-01   1.4448691e+00  -9.7953919e-04  -3.4854576e-04   3.3572876e-04
  -2.9137875e-02   2.0340434e-01   1.4615589e+00  -1.4207729e-03  -6.6504989e-04   2.7212104e-04
  -4.4691648e-02   2.2192613e-01   1.4739690e+00  -9.8862899e-04  -3.4540547e-04   8.6986300e-04
  -3.4599831e-02   2.3896066e-01   1.5029700e+00  -9.0914922e-04  -4.1526459e-04   5.9898755e-04
  -1.8662580e-02   2.2223436e-01   1.5077605e+00  -1.0398343e-03  -3.9749741e-04   1.9367066e-04
  -8.1928239e-02   2.0772222e-01   1.3935839e+00   1.3958663e-03   8.7828747e-04  -8.7792857e-04
  -8.9851517e-02   1.8249948e-01   1.4197241e+00  -2.7259569e-04   3.5927371e-04  -2.8660677e-04
  -7.6286031e-02   1.7722320e-01   1.4494727e+00  -9.5639558e-05   4.1290253e-04  -2.7159069e-04
  -5.3730777e-02   1.8851198e-01   1.4912129e+00  -4.7766622e-05   4.8732689e-04  -4.2677340e-04
  -5.4732212e-02   1.6895264e-01   1.4957749e+00  -4.4207946e-04   6.1379592e-04  -1.4589485e-04
  -4.8719983e-02   2.3557915e-01   1.5040960e+00  -6.2087924e-04   2.3146411e-04  -2.7359657e-04
  -6.2667623e-02   9.8449947e-02   1.4872405e+00  -2.7086048e-03   7.8811712e-05   3.9369913e-04
  -5.3269627e-02   1.2786750e-01   1.5291301e+00  -1.2306246e-03   2.3102354e-04   1.5146459e-04
  -4.8755502e-02   2.3115317e-01   1.5424466e+00  -1.4320723e-03  -1.7059600e-04   2.0911774e-04
  -3.4236964e-02   2.3985259e-01   1.5722156e+00  -1.5020893e-03  -2.6452170e-04  -5.5617310e-06
  -2.5553192e-02   2.4376303e-01   1.5754482e+00  -1.2244106e-03  -3.4177141e-04  -5.9196198e-05
  -3.0387674e-02   2.5283978e-01   1.5898671e+00  -1.3146397e-03  -1.1504099e-04   9.6179738e-05
  -3.1402581e-02   2.5765483e-01   1.5858701e+00  -1.8808714e-03  -3.7749667e-04   9.7494070e-05
  -2.8387733e-02   2.5953822e-01   1.5874398e+00  -2.3584957e-03  -3.8532147e-04   1.3105305e-04
  -3.3941379e-02   2.6697423e-01   1.6182706e+00  -2.1838664e-03  -8.0184015e-05  -1.7195413e-05
  -2.4433869e-02   2.6923513e-01   1.6427760e+00  -1.9610708e-03  -2.7976286e-04   1.4044597e-04
  -1.4332884e-02   2.7682515e-01   1.6644277e+00  -1.6982177e-03  -3.0601842e-04   1.1384136e-05
  -1.9559275e-02   2.8299947e-01   1.6753341e+00  -1.4166997e-03  -2.5468728e-04   3.0223142e-05
  -2.0060392e-02   2.7931984e-01   1.6664119e+00  -1.7442857e-03  -4.7101093e-04  -7.8572304e-05
  -2.0193863e-02   2.7899069e-01   1.6665677e+00  -2.0923216e-03  -2.1656556e-04   9.5689754e-05
  -2.7048285e-02   2.8042061e-01   1.7012335e+00  -1.3853358e-03  -4.0481695e-04   3.1567892e-04
  -2.1571139e-02   2.7779393e-01   1.6839362e+00  -1.8754686e-03  -5.5733639e-04   1.5669793e-04
  -3.9187391e-03   3.0311994e-01   1.7135321e+00  -1.6437021e-03  -2.5391685e-04   1.1711468e-04
  -1.9018499e-02   2.9446213e-01   1.7086371e+00  -1.6941823e-03  -4.2192223e-04   1.5265105e-04
  -1.8145401e-02   2.9265972e-01   1.7226548e+00  -1.9463761e-03  -4.8712913e-04  -2.3575347e-05
  -2.3261106e-02   2.0014636e-01   1.7052135e+00  -2.5287305e-03  -2.8987478e-04   2.5625053e-04
  -2.7150536e-02   2.9647508e-01   1.7459332e+00  -2.0870861e-03  -7.5812578e-04   4.1064865e-04
  -9.6848355e-03   3.0084670e-01   1.7842621e+00  -1.8165857e-03  -1.6217673e-04   3.3948893e-04
  -1.5724440e-02   3.0090223e-01   1.7740584e+00  -1.9854818e-03  -4.4447052e-04   8.2906174e-05
  -1.2561760e-02   3.0713502e-01   1.8050719e+00  -1.5677139e-03  -3.5302455e-04   2.4009776e-04
   1.8630882e-03   3.1555101e-01   1.7999150e+00  -2.0523888e-03  -6.0121707e-04  -2.0491582e-05
  -1.2765387e-02   3.1757792e-01   1.8126624e+00  -1.9708307e-03  -5.6049783e-04   1.6426467e-04
  -1.6935815e-02   3.3088025e-01   1.8100616e+00  -2.1889236e-03  -7.1842129e-04   2.7196813e-04
  -7.1753818e-03   3.2808729e-01   1.8168256e+00  -2.5151843e-03  -5.5996718e-04  -8.9221768e-05
  -7.1643228e-03   3.2463423e-01   1.8485096e+00  -1.7209125e-03  -5.0215554e-04  -2.6707656e-05
  -7.6916041e-03   3.3545219e-01   1.8543970e+00  -1.6721894e-03  -2.5255296e-04   5.8352455e-04
  -1.5519915e-02   3.2805082e-01   1.8478450e+00  -2.0732213e-03  -8.3246283e-04   1.9939765e-04
  -8.9026005e-03   3.2407781e-01   1.8694417e+00  -1.7182723e-03  -4.8233301e-04   2.6494060e-04
  -7.1342427e-03   3.2689432e-01   1.8917918e+00  -1.6648611e-03  -6.2900294e-04   1.6890778e-04
  -7.9631573e-03   2.7107724e-01   1.8978402e+00  -1.4794708e-03  -7.3590221e-04   2.9320322e-04
   6.6821795e-03   3.2757902e-01   1.9175588e+00  -1.3217457e-03  -3.9651078e-04   4.9948901e-04
  -9.7769108e-03   3.4517954e-01   1.9020940e+00  -2.4944158e-03  -7.3627252e-04   1.0302546e-04
   4.9486271e-03   3.2134286e-01   1.9448806e+00  -1.8621715e-03  -8.2167605e-04   3.4463057e-04
   1.3319336e-03   3.2967811e-01   1.9189477e+00  -2.3216318e-03  -5.3120506e-04   5.8619709e-04
   1.6896161e-03   3.2425260e-01   1.9386836e+00  -1.7605374e-03  -6.6113716e-04   2.1000349e-04
  -3.7976221e-03   3.3429508e-01   1.9493207e+00  -1.8779718e-03  -7.3763425e-04   1.3698048e-04
  -9.0370988e-03   3.0757766e-01   1.9558173e+00  -1.3706991e-03  -5.2440129e-04   3.7483312e-04
   9.5852635e-03   3.2389488e-01   1.9728238e+00  -1.4218316e-03  -8.9395615e-04   2.0555839e-04
  -1.4070324e-02   3.2894173e-01   1.9811004e+00  -1.2172336e-03  -6.9314707e-04   6.0062094e-04
  -1.8012802e-02   3.1751565e-01   2.0003177e+00  -1.2361903e-03  -1.0167526e-03   5.8244468e-04
   5.0958542e-03   3.3140585e-01   2.0047014e+00  -1.6179130e-03  -6.7564922e-04   3.0188456e-04
  -1.4477567e-03   3.4202122e-01   2.0305687e+00  -1.1231419e-03  -8.3901836e-04   3.5310718e-04
  -9.4674859e-03   3.5175439e-01   1.9987256e+00  -1.9917830e-03  -1.0339963e-03   3.0422369e-04
   4.7189183e-03   3.4745778e-01   2.0292460e+00  -1.7262826e-03  -9.2851808e-04   2.1580942e-04
   5.8220491e-03   3.3706964e-01   2.0246914e+00  -2.1223582e-03  -7.7975116e-04   5.4604409e-05
   1.9023571e-02   3.5885464e-01   2.0615838e+00  -1.4807291e-03  -5.9791721e-04   2.7298026e-04
  -1.5595344e-02   3.1196389e-01   2.0748525e+00  -1.0379575e-03  -9.2158282e-04  -1.1117895e-04
  -5.5103919e-03   3.3732481e-01   2.0771056e+00  -1.1756787e-03  -4.9664412e-04   4.6197484e-05
  -1.5093574e-02   3.2336828e-01   2.1024024e+00  -1.6244562e-03  -5.3142384e-04   5.3995581e-04
  -7.2134511e-03   1.8003302e-01   2.0860726e+00  -2.2736577e-03  -4.6974675e-04   7.7033300e-04
   9.1720852e-03   3.5480405e-01   2.1328126e+00  -4.9257360e-04  -4.9258061e-04   2.3286526e-04
  -4.0794255e-03   3.6730801e-01   2.1310167e+00  -5.8750238e-04  -7.9402342e-04   6.5828249e-05
  -7.1843273e-03   3.6347864e-01   2.1378871e+00  -8.1280433e-04  -8.5481527e-04   5.0958895e-04
   5.3618809e-03   3.6261000e-01   2.1328676e+00  -1.5194758e-03  -7.4566911e-04   4.9855880e-05
  -1.4603911e-02   3.7456517e-01   2.1617225e+00  -1.0953610e-03  -5.5731304e-04   6.6409224e-04
  -8.9423832e-04   3.7329934e-01   2.1481851e+00  -1.8266186e-03  -8.6717561e-04   3.4653968e-04
   6.7890437e-03   3.8165743e-01   2.1912583e+00  -9.4861790e-04  -6.2095363e-04   1.7572712e-04
   1.0731447e-02   2.9095754e-01   2.1990563e+00  -1.6781302e-03  -9.8730462e-04   3.4801795e-04
  -5.5163491e-03   3.3032864e-01   2.1801785e+00  -1.2292987e-03  -9.6522153e-04   4.3716947e-04
   2.3136622e-02   3.4835485e-01   2.2422843e+00  -3.5863679e-04  -8.1888395e-04   1.7839396e-04
   1.1370407e-02   3.5936694e-01   2.2379775e+00  -6.3486737e-04  -8.6638439e-04   1.4697326e-04
   3.9669998e-03   3.6678842e-01   2.2297926e+00  -4.5718007e-04  -6.8327209e-04   5.8574713e-04
   1.0766632e-02   3.6482306e-01   2.2144603e+00  -1.0051131e-03  -8.5112731e-04   1.9401027e-04
  -4.3860853e-03   4.7247079e-01   2.2706772e+00  -7.1030202e-04  -2.9649878e-04   5.9413574e-04
   6.2494360e-03   3.4560900e-01   2.2583697e+00  -1.3112496e-03  -6.3211642e-04   4.5062365e-04
   2.2268619e-02   3.7229772e-01   2.2807720e+00  -1.4766322e-03  -4.0631730e-04   8.3348033e-05
   1.5922043e-02   3.7356681e-01   2.3028284e+00  -4.9366111e-04  -4.9654741e-04   3.1864581e-04
   1.5448982e-02   3.6583597e-01   2.3089132e+00  -1.3770450e-03  -5.9315481e-04   1.5778993e-04
   1.4868588e-02   3.7906018e-01   2.3035026e+00  -1.2956553e-03  -5.3853376e-04   2.5850052e-04
   1.5650348e-02   3.7551165e-01   2.3173349e+00  -8.6080215e-04  -5.1424161e-04   1.3395547e-04
   1.5433283e-02   3.7068826e-01   2.3050900e+00  -1.9314283e-03  -8.8682164e-04   1.7850872e-04
   2.0128918e-02   3.6347477e-01   2.3216176e+00  -1.7486145e-03  -4.0371532e-04   4.0481404e-04
  -1.1125925e-02   3.6101981e-01   2.3532315e+00   2.7396558e-04   1.9864754e-04  -3.3631821e-04
  -2.8982480e-01   2.7529745e-01   1.9027824e+00  -4.0145982e-03   5.1803707e-04   9.4138107e-04
  -2.1329901e-01   1.3573380e-01   1.9210203e+00   9.3981362e-03   3.6214496e-03  -4.0048279e-03
  -8.3904436e-02   9.5808675e-02   2.0909582e+00   6.7062227e-03   1.6924958e-04  -1.8670786e-03
   1.1322989e-02   2.4112358e-01   2.1966820e+00   6.7889958e-04   2.8621519e-04  -3.3818689e-04
   2.4429602e-02   2.8278935e-01   2.2290626e+00  -4.3909902e-04  -7.3222313e-04  -2.9979789e-04
   2.5142326e-02   3.1848165e-01   2.2793074e+00  -5.1055603e-04  -1.2230196e-03   1.9587374e-04
   3.0221149e-02   3.2288129e-01   2.3224769e+00   2.2956619e-04  -9.7039697e-04  -1.2840487e-04
   2.6763247e-02   3.4585524e-01   2.3676732e+00   2.4895667e-04  -8.2816625e-04   3.3964351e-04
   3.1670787e-02   3.5236397e-01   2.3498059e+00  -4.8664371e-05  -1.2798800e-03   7.6351646e-05
   2.8854288e-02   3.0291034e-01   2.3552502e+00  -4.1533197e-04  -1.5812068e-03  -2.0120079e-04
   2.5968082e-02   3.5294660e-01   2.3744894e+00   1.5575481e-04  -1.4106141e-03  -1.7179040e-04
   5.1713436e-02   3.5904182e-01   2.3797718e+00  -2.3712350e-04  -1.0788857e-03  -4.3818653e-04
   4.6080856e-02   3.4923705e-01   2.3962408e+00  -2.5206122e-04  -1.6963785e-03  -6.2051737e-05
   2.5558971e-02   3.5812109e-01   2.3925065e+00  -1.5919556e-03  -1.7445094e-03   3.6240727e-04
   4.5863740e-02   3.7095144e-01   2.4152263e+00  -2.7364361e-04  -1.1517231e-03  -1.8489755e-04
   2.6512511e-02   3.8156814e-01   2.4386768e+00  -4.7271524e-04  -9.8723792e-04  -1.7447179e-04
   3.0990517e-02   3.7493335e-01   2.4597031e+00   1.4669563e-04  -1.1952296e-03  -3.2891966e-04
   1.6329314e-02   3.7261164e-01   2.4522664e+00  -4.5971414e-04  -1.4835890e-03   3.7648738e-04
   3.5232160e-02   3.8169500e-01   2.4830621e+00  -1.7657328e-04  -1.4107569e-03  -2.5525763e-04
   4.4369184e-02   3.8538823e-01   2.4586866e+00  -1.2029554e-03  -1.4471053e-03  -1.5407531e-05
  -1.0436570e-01   3.8220286e-01   2.2193981e+00  -6.0024499e-03   3.6707152e-04   1.2393827e-03
  -4.8320315e-01  -1.6578701e-02   1.5637756e+00   2.8366019e-02   7.4713782e-03  -8.3105501e-03
  -5.1888654e-01  -2.1340528e-01   1.1035675e+00   1.9297318e-02   1.2158006e-02  -9.3698128e-03
  -6.0517342e-01  -1.6969381e-01   1.2026925e+00   2.0037966e-02   6.3665115e-03  -6.7754020e-03
  -1.2632496e-01  -1.0394699e-01   1.7248367e+00   2.0672796e-02   6.5748052e-03  -7.3118366e-03
   4.1591137e-02   2.3740150e-01   2.2538760e+00   6.5401855e-03   2.5555184e-03  -3.0787684e-03
   3.6121253e-02   2.3885527e-01   2.2772331e+00   4.0390124e-03   1.5957009e-03  -2.7367434e-03
   4.4969873e-02   2.6298397e-01   2.3348743e+00   3.9514663e-03   1.7026290e-03  -2.7486025e-03
   4.9910843e-02   2.9599821e-01   2.3638963e+00   4.0946773e-03   1.6977891e-03  -2.8014070e-03
   3.8830242e-02   3.1209512e-01   2.3193748e+00   2.5246231e-03   1.1824519e-03  -2.3993896e-03
   3.1033278e-02   3.1933369e-01   2.3483809e+00   2.8230006e-03   1.0536661e-03  -2.0693514e-03
   5.9780280e-02   3.2594421e-01   2.3916891e+00   3.0200430e-03   1.2233278e-03  -2.6386136e-03
   5.6759070e-02   3.3067077e-01   2.4562345e+00   3.4729810e-03   1.1439795e-03  -2.4822551e-03
   6.6216141e-02   3.3323911e-01   2.4264727e+00   2.5595615e-03   1.5238939e-03  -2.3467736e-03
   5.5203266e-02   3.3774901e-01   2.4216148e+00   2.4098245e-03   1.3385345e-03  -2.3884707e-03
   6.3100865e-02   3.4751442e-01   2.4474256e+00   2.6591663e-03   1.2030642e-03  -2.3113515e-03
   5.8781032e-02   3.5512426e-01   2.4641485e+00   2.0926536e-03   8.6295661e-04  -2.3811347e-03
   6.7217724e-02   3.6041252e-01   2.4771174e+00   2.5105958e-03   8.0952899e-04  -2.5058263e-03
   6.5415701e-02   3.5560487e-01   2.4633569e+00   2.1397509e-03   8.2230556e-04  -2.5262163e-03
   6.5149242e-02   3.6477836e-01   2.4891364e+00   1.8234507e-03   6.8046605e-04  -2.2065540e-03
   6.2929184e-02   3.6219656e-01   2.5216141e+00   2.2012213e-03   8.2526584e-04  -2.0566177e-03
  -4.0313205e-03   1.8545655e-01   2.4914842e+00   6.8293184e-05   9.7316254e-04   7.2516774e-04
   7.7961404e-02   3.9127908e-01   2.5534506e+00   2.0041249e-03   7.9784111e-04  -2.5244636e-03
   7.0186301e-02   3.8755061e-01   2.5406334e+00   1.8794135e-03   3.8102717e-04  -2.3395292e-03
   7.2067526e-02   3.6494195e-01   2.5412114e+00   2.2615249e-03   6.4978790e-04  -2.5835785e-03
   6.3226870e-02   3.7600173e-01   2.5426829e+00   2.2334208e-03   4.0104756e-04  -2.0997347e-03
  -4.5728992e-01   2.5964046e-02   1.4790027e+00   7.2690487e-03   7.4249553e-03  -5.0696285e-03
  -4.6709109e-01  -2.3416334e-01   1.4418049e+00   1.8377537e-02   6.1795204e-03  -6.1148267e-03
  -1.9289660e-01  -1.7205732e-02   2.1253652e+00   1.2601810e-02   4.3989421e-03  -7.2038037e-03
   6.6046196e-02   2.8444125e-01   2.6659589e+00  -1.3757803e-03   3.3838482e-03  -3.7672204e-03
   4.6741244e-02   2.9959853e-01   2.6479594e+00  -5.6318798e-03   1.8561905e-03  -2.4281776e-03
   4.7922329e-02   3.3247309e-01   2.7065520e+00  -5.2686404e-03   1.9291132e-03  -1.9336949e-03
   4.9457537e-02   3.9530715e-01   2.7386825e+00  -4.9548486e-03   1.4934300e-03  -2.0092598e-03
   5.2852981e-02   3.9558109e-01   2.7375444e+00  -5.2151241e-03   1.5854356e-03  -1.9222382e-03
   4.0203716e-02   3.8284965e-01   2.7590868e+00  -4.8181348e-03   1.4513988e-03  -1.9304714e-03
   6.0638074e-02   4.0190234e-01   2.7680820e+00  -4.3189493e-03   1.8517375e-03  -2.0412518e-03
   2.9808562e-02   4.5942637e-01   2.7516880e+00  -5.6229257e-03   1.0051758e-03  -1.5986925e-03
   6.3405431e-02   3.9432592e-01   2.7999699e+00  -4.9633773e-03   1.2826656e-03  -1.7743055e-03
   4.9298770e-02   3.5254900e-01   2.8106396e+00  -4.0417958e-03   1.0078414e-03  -1.5343505e-03
   6.6323098e-02   4.2018808e-01   2.7994144e+00  -5.0368623e-03   1.6831771e-03  -1.6790946e-03
   6.4670921e-02   4.0751863e-01   2.8135560e+00  -5.3637926e-03   1.4088775e-03  -1.6589481e-03
   5.2103897e-02   4.2797486e-01   2.8038313e+00  -5.2654404e-03   1.5760693e-03  -1.3403543e-03
   6.9916087e-02   4.1033919e-01   2.8528223e+00  -4.4122856e-03   1.3690805e-03  -1.7072834e-03
   5.7982948e-02   4.2265717e-01   2.8982362e+00  -4.1999012e-03   1.5338019e-03  -1.5719478e-03
   6.8085674e-02   4.2570206e-01   2.8983071e+00  -4.4072534e-03   1.5281819e-03  -1.3961629e-03
   7.2447490e-02   4.5313896e-01   2.9066215e+00  -4.7509714e-03   1.1918832e-03  -1.4143168e-03
   7.9774304e-02   4.6506102e-01   2.8827169e+00  -5.5523488e-03   1.4482563e-03  -1.3166411e-03
   6.2081330e-02   4.5610785e-01   2.9158563e+00  -4.6895950e-03   1.1802452e-03  -9.9557861e-04
   7.9930879e-02   4.5883494e-01   2.9296674e+00  -4.7163086e-03   1.1849191e-03  -1.5681347e-03
   7.4079894e-02   4.3215209e-01   2.9377204e+00  -5.0202027e-03   9.5600865e-04  -1.5702233e-03
   8.2194040e-02   4.2177116e-01   2.9425687e+00  -4.4276347e-03   7.2304439e-04  -1.9541848e-03
   7.0995557e-02   4.6701170e-01   2.9459013e+00  -4.9645504e-03   8.8999576e-04  -1.2165728e-03
  -2.2695273e-01   3.5461352e-01   2.4918961e+00  -4.5406486e-03   2.1378824e-03  -1.4121301e-03
  -4.1574386e-01  -1.7885068e-03   1.6760577e+00   8.9307334e-03   6.8301539e-03  -8.1408485e-03
  -2.1695854e-01   6.1836691e-03   2.2090760e+00   7.9310523e-03   7.7903185e-03  -6.8248296e-03
  -5.0065076e-01   1.3452339e-01   2.4616017e+00   8.8923888e-04   3.4683408e-03  -5.0490526e-03
  -1.1626979e-01   2.2543735e-01   3.0199494e+00   1.1654588e-03   5.2979812e-03  -3.1971284e-03
  -1.6835490e-02   3.1179850e-01   3.0323501e+00  -8.4964387e-03   3.1345534e-03  -1.2682884e-03
  -9.2264275e-03   3.0381369e-01   3.0264521e+00  -8.3637189e-03   3.1464468e-03  -1.3365383e-03
   9.0779210e-03   3.7185474e-01   3.1081050e+00  -7.1057570e-03   2.7627955e-03  -1.2417541e-03
   4.1071586e-03   4.2190294e-01   3.1341249e+00  -7.1059778e-03   2.4667374e-03  -8.1366541e-04
   2.9548755e-02   4.3373491e-01   3.1567190e+00  -6.6368556e-03   2.8603132e-03  -9.1595143e-04
   2.7038115e-02   4.5874557e-01   3.1803280e+00  -6.9219682e-03   2.9017855e-03  -9.0627008e-04
   2.7789697e-02   4.5259041e-01   3.1912703e+00  -7.1852092e-03   2.6375916e-03  -9.4619538e-04
   3.5258776e-02   4.6194869e-01   3.1904397e+00  -6.9504622e-03   2.3770573e-03  -7.9136683e-04
   3.1304154e-02   4.4881454e-01   3.1886378e+00  -7.5612957e-03   2.2394531e-03  -7.6226196e-04
   2.2472763e-02   5.2161719e-01   3.1892686e+00  -8.4361329e-03   1.9136902e-03  -7.1144449e-04
   3.2257102e-02   4.7359319e-01   3.2333335e+00  -7.7132821e-03   2.2432982e-03  -4.8389781e-04
   4.3551764e-02   3.8081635e-01   3.2359432e+00  -7.9176978e-03   2.3231142e-03  -7.3356075e-04
   4.7726689e-02   4.8663356e-01   3.2680994e+00  -7.6873153e-03   1.7411073e-03  -5.0016996e-04
   3.4127756e-02   4.8873418e-01   3.2887700e+00  -8.0079175e-03   1.8146119e-03  -2.1701572e-04
   7.4007696e-02   4.9013303e-01   3.3292079e+00  -7.2941454e-03   2.3511872e-03  -6.2195478e-04
   4.5628075e-02   4.9985600e-01   3.3381807e+00  -7.1306660e-03   1.7354360e-03  -3.2982140e-04
   6.3383782e-02   5.0598180e-01   3.3444864e+00  -7.5041968e-03   1.7301785e-03  -8.4759129e-04
   5.8151547e-02   5.2587157e-01   3.3810047e+00  -7.0936901e-03   2.4055734e-03  -4.4567016e-04
  -2.6773827e-01   2.2081369e-01   2.9712711e+00  -7.6308529e-03   3.0137665e-03  -1.7673270e-03
  -5.2489130e-01   6.8865331e-02   2.4536560e+00   1.5468058e-02   4.5057683e-03  -8.8196784e-03
  -5.5715307e-02   3.3366142e-01   3.1600991e+00   3.7607555e-03  -8.7846996e-05  -4.6772953e-03
   2.7690181e-02   3.6854463e-01   3.0931475e+00  -4.2813001e-03   1.8159393e-03  -2.5082971e-03
   3.5512985e-02   4.2901282e-01   3.1047451e+00  -5.0827834e-03   1.6493853e-03  -2.0174724e-03
   5.2109334e-02   4.4652169e-01   3.1607188e+00  -4.7520648e-03   1.4587512e-03  -1.6383659e-03
   2.7511637e-02   4.2360874e-01   3.1879268e+00  -4.9302678e-03   1.2291162e-03  -1.5014648e-03
   5.5139896e-02   4.8257866e-01   3.2225540e+00  -4.0892522e-03   1.8028174e-03  -1.3485445e-03
   7.4813492e-02   4.8398889e-01   3.2215651e+00  -4.2892411e-03   1.5116436e-03  -1.9863247e-03
   5.2374556e-02   4.7683781e-01   3.2305927e+00  -4.6186106e-03   9.3263549e-04  -1.3814673e-03
   2.0348294e-02   5.6067607e-01   3.2169945e+00  -6.3135156e-03   1.1710856e-03  -4.8530805e-04
   6.1042535e-02   4.1316513e-01   3.2680245e+00  -3.6068476e-03   1.1625400e-03  -1.0519407e-03
   8.4133799e-02   5.0033809e-01   3.2527414e+00  -4.9427944e-03   1.0947034e-03  -1.7202065e-03
   7.5336936e-02   5.0291749e-01   3.2484428e+00  -5.7409447e-03   1.7706823e-03  -1.2707538e-03
   8.1288286e-02   4.9854323e-01   3.2906322e+00  -4.6059025e-03   1.4304214e-03  -1.4418563e-03
   7.8694740e-02   5.1722409e-01   3.2960854e+00  -5.0207902e-03   1.3960605e-03  -1.3455909e-03
   7.8690107e-02   5.3193505e-01   3.3133213e+00  -5.6971323e-03   1.0285922e-03  -1.1442383e-03
   9.1745418e-02   5.1992122e-01   3.3595738e+00  -4.6453703e-03   1.4283711e-03  -1.0972790e-03
   7.9805771e-02   5.1413324e-01   3.3440629e+00  -4.9353358e-03   1.3294288e-03  -1.0486848e-03
   8.6383590e-02   5.2112108e-01   3.3655950e+00  -4.7308916e-03   9.7126571e-04  -1.0817771e-03
   8.9907772e-02   5.1949486e-01   3.3594073e+00  -5.5657144e-03   1.4682093e-03  -1.1294252e-03
   7.2283595e-02   5.1166658e-01   3.3933641e+00  -4.6510636e-03   1.3357555e-03  -6.0611864e-04
   8.0829072e-02   5.2456860e-01   3.4130994e+00  -4.4450252e-03   9.1418753e-04  -1.0493243e-03
   8.3727468e-02   5.5896640e-01   3.4002239e+00  -5.2302694e-03   7.2623246e-04  -9.5781165e-04
   8.4408489e-02   5.5665897e-01   3.4071124e+00  -4.9976483e-03   7.6955874e-04  -1.2340684e-03
   9.5873769e-02   5.2559223e-01   3.4347245e+00  -4.7683490e-03   9.9912966e-04  -1.3565909e-03
   9.3501795e-02   5.5174893e-01   3.4199642e+00  -5.4691756e-03   6.6996737e-04  -9.9724653e-04
   7.8064914e-02   5.4627200e-01   3.4566026e+00  -4.8393298e-03   1.0505170e-03  -9.2765016e-04
   8.6935864e-02   5.3757988e-01   3.4457468e+00  -4.8869186e-03   8.7480198e-04  -1.3308612e-03
   8.5123108e-02   5.4784400e-01   3.4614582e+00  -5.0694139e-03   9.7204822e-04  -1.2155904e-03
   8.7015279e-02   5.6432648e-01   3.4660013e+00  -5.2060498e-03   1.2222598e-03  -9.8729008e-04
   8.4814009e-02   5.4362159e-01   3.4795233e+00  -5.0140169e-03   9.1229567e-04  -9.1428912e-04
   8.1649537e-02   5.5171349e-01   3.4896285e+00  -5.0942830e-03   5.7362418e-04  -1.1792708e-03
   8.7896666e-02   5.6717340e-01   3.4872645e+00  -5.2831682e-03   1.0529095e-03  -1.2404257e-03
   7.6223980e-02   5.7177521e-01   3.5066012e+00  -4.9909599e-03   7.8819672e-04  -1.0322316e-03
   8.6941648e-02   5.5706047e-01   3.5441888e+00  -5.0707086e-03   1.1838967e-03  -1.4935239e-03
   8.8033679e-02   5.5704366e-01   3.5598823e+00  -4.9114399e-03   1.4747789e-03  -1.0923160e-03
   6.5513577e-02   5.6709644e-01   3.5291978e+00  -5.4068479e-03   7.9235146e-04  -1.2048062e-03
   8.0885714e-02   5.6999145e-01   3.5726847e+00  -4.5438950e-03   6.5877542e-04  -1.3639309e-03
   8.2227765e-02   5.6722020e-01   3.5730701e+00  -4.8699221e-03   4.2344307e-04  -1.4463050e-03
   8.1824408e-02   5.6552181e-01   3.5657334e+00  -4.9106675e-03   5.3590164e-04  -1.1183129e-03
   6.7386320e-02   5.5912919e-01   3.5961980e+00  -4.7750523e-03   8.0229078e-04  -7.6928832e-04
   8.6539217e-02   5.8063535e-01   3.6246658e+00  -4.8304849e-03   1.0490504e-03  -9.4555211e-04
   7.8091174e-02   5.8138710e-01   3.6070613e+00  -4.6768870e-03   1.0375019e-03  -7.3644429e-04
   8.3878699e-02   5.6058212e-01   3.6205969e+00  -4.7764861e-03   6.3611974e-04  -1.1591612e-03
   9.4863045e-02   5.4405742e-01   3.6064423e+00  -5.7829689e-03   1.1901748e-03  -1.1485742e-03
   7.9973030e-02   6.0881272e-01   3.6445691e+00  -4.4446196e-03   8.3985164e-04  -8.8011196e-04
   9.7115839e-02   5.7585296e-01   3.6424826e+00  -4.6685597e-03   7.9170711e-04  -1.2556790e-03
   9.3545991e-02   5.7159494e-01   3.6573639e+00  -5.0077126e-03   7.7687458e-04  -1.1261267e-03
   8.4811000e-02   5.5697409e-01   3.6674554e+00  -5.1656313e-03   8.7937874e-04  -8.8579160e-04
   9.6215424e-02   5.6477968e-01   3.6707020e+00  -5.4159926e-03   8.3800716e-04  -9.3639925e-04
   7.9755613e-02   5.6715208e-01   3.6784017e+00  -5.0448600e-03   1.9545049e-04  -9.3273208e-04
   9.0158291e-02   5.7993202e-01   3.7266014e+00  -4.4725590e-03   4.8285450e-04  -1.2925979e-03
   9.8000977e-02   5.7304827e-01   3.7153076e+00  -5.1050613e-03   8.6096235e-04  -1.2571933e-03
   1.0234737e-01   5.8992256e-01   3.7154420e+00  -4.7885909e-03   4.8434636e-04  -1.0914298e-03
   8.8278744e-02   5.6989935e-01   3.7392518e+00  -4.2714056e-03   1.0460245e-03  -1.0227907e-03
   9.7367511e-02   5.8200769e-01   3.7391470e+00  -5.2107074e-03   8.1493530e-04  -1.1156209e-03
   4.7525251e-02   1.0243808e+00   3.7373190e+00  -4.2548201e-03   5.5433254e-04  -2.7417697e-04
   1.0114119e-01   5.9150297e-01   3.7667020e+00  -4.1066112e-03   6.1977306e-04  -1.2791020e-03
   8.9114975e-02   5.9571277e-01   3.7882612e+00  -4.6149871e-03   9.6353613e-04  -1.3466509e-03
   9.5656289e-02   5.7521487e-01   3.7882873e+00  -4.4852778e-03   7.3930810e-04  -1.4909853e-03
   7.4531995e-02   5.9474783e-01   3.7868735e+00  -4.6912690e-03   6.4467043e-04  -1.0740464e-03
   9.5255848e-02   5.9831504e-01   3.8054112e+00  -4.4931191e-03   1.3144186e-03  -1.1943662e-03
   8.5966302e-02   5.7925117e-01   3.8022902e+00  -4.9114186e-03   1.2720585e-03  -1.2504982e-03
   8.0142556e-02   6.0088673e-01   3.8233002e+00  -4.4021071e-03   7.1030492e-04  -9.6878621e-04
   8.2540156e-02   6.0220118e-01   3.8155596e+00  -4.7288763e-03   6.5802347e-04  -6.5601981e-04
   8.0352275e-02   6.1440055e-01   3.8431127e+00  -4.1070376e-03   4.5769868e-04  -8.9742177e-04
   8.7272221e-02   5.7946286e-01   3.8308528e+00  -4.7074573e-03   6.1390399e-04  -1.1054671e-03
   9.7801075e-02   6.0870883e-01   3.8417488e+00  -4.4565352e-03   6.0548921e-04  -1.3552663e-03
   9.4587280e-02   5.9415482e-01   3.8462229e+00  -4.3364986e-03   8.2141366e-04  -1.0160455e-03
   9.0565719e-02   5.8350918e-01   3.8607685e+00  -4.3266997e-03   7.8450498e-04  -1.0395609e-03
   9.0533180e-02   5.9998651e-01   3.8784048e+00  -4.0358022e-03   8.7459005e-04  -1.0543000e-03
   8.9429407e-02   5.8546283e-01   3.8668884e+00  -4.6111495e-03   9.4253147e-04  -1.0973077e-03
   6.6510360e-02   5.9263504e-01   3.9133221e+00  -4.5788052e-03   1.0091560e-03  -6.7336103e-04
   8.4461700e-02   6.0911721e-01   3.9150696e+00  -4.4083137e-03   6.2075836e-04  -1.1561755e-03
   9.1781927e-02   6.1176219e-01   3.9349731e+00  -4.3372023e-03   1.0399178e-03  -1.0442294e-03
   8.4393394e-02   5.2842827e-01   3.9242533e+00  -5.5641997e-03   7.1048312e-04  -1.2552299e-03
   7.9036653e-02   5.9969841e-01   3.9522011e+00  -4.5026826e-03   6.6837001e-04  -1.1333908e-03
   9.6599251e-02   6.1711128e-01   3.9572989e+00  -4.1286240e-03   1.2012559e-03  -1.1815825e-03
   8.7586262e-02   6.1584182e-01   3.9456936e+00  -4.3910119e-03   7.3736666e-04  -1.1281033e-03
   1.2178890e-02   6.0053460e-01   3.9132269e+00  -4.8324068e-03   3.9815128e-04  -7.8982108e-04
   1.0733161e-01   6.0262305e-01   4.0122606e+00  -4.2868656e-03   1.6618326e-03  -1.0406488e-03
   9.1415671e-02   5.8632468e-01   4.0061613e+00  -4.8032302e-03   1.3879945e-03  -1.2016214e-03
   8.8539561e-02   6.1828267e-01   4.0625878e+00  -3.3349181e-03   1.3998044e-03  -1.0926602e-03
   7.1891490e-02   6.4769031e-01   4.0753486e+00  -3.1872810e-03   1.1460827e-03  -8.8689033e-04
   8.5780034e-02   6.4443457e-01   4.1629218e+00  -1.4277909e-03   4.2675115e-05  -1.9346022e-03
   8.4311149e-02   6.0066414e-01   4.0669796e+00  -4.0999109e-03   8.8471192e-04  -1.0103156e-03
   7.1786377e-02   5.8571095e-01   4.0408632e+00  -4.3483179e-03   1.4287531e-04  -1.3119176e-03
   7.9271304e-02   5.9154102e-01   4.0586325e+00  -4.3155592e-03   4.3439161e-04  -1.0371309e-03
   7.7556378e-02   6.3039837e-01   4.1140405e+00  -3.3137103e-03   7.8847407e-04  -1.2204999e-03
   8.8972295e-02   6.2091240e-01   4.1143871e+00  -3.1366243e-03   1.1662153e-03  -1.7280423e-03
   1.0769358e-01   6.5545151e-01   4.1101413e+00  -3.3632414e-03   1.1500879e-03  -1.5149579e-03
   9.5646438e-02   6.3340602e-01   4.1204190e+00  -3.2274670e-03   4.5981960e-04  -1.6078201e-03
   8.0886924e-02   6.1796572e-01   4.1139640e+00  -3.9274516e-03   3.1452337e-04  -1.4243946e-03
   8.5966451e-02   6.2021989e-01   4.1445794e+00  -3.6015071e-03   4.4816238e-04  -1.5090297e-03
   9.2325421e-02   6.4968765e-01   4.1538163e+00  -3.7363126e-03   7.5614322e-04  -1.2764175e-03
   9.7285888e-02   6.3759945e-01   4.1619707e+00  -3.5724897e-03   6.4087236e-04  -1.5281767e-03
   8.5923131e-02   6.3473969e-01   4.1687572e+00  -3.9823146e-03   8.7502350e-04  -1.4547743e-03
   9.1712328e-02   6.2985867e-01   4.1686669e+00  -3.9547393e-03   7.3860103e-04  -1.4536804e-03
   8.6037289e-02   6.5440572e-01   4.2100840e+00  -3.8453978e-03   9.6931390e-04  -1.3403879e-03
   9.1004871e-02   6.4556324e-01   4.2254854e+00  -3.5417384e-03   8.0052409e-04  -1.2006707e-03
   8.6701081e-02   6.5471064e-01   4.2233094e+00  -4.2743365e-03   7.9387306e-04  -1.2386653e-03
   8.4997804e-02   6.3552711e-01   4.2477259e+00  -3.7165187e-03   8.7073983e-04  -1.4321276e-03
   7.8090275e-02   6.5758567e-01   4.2929698e+00  -3.0453921e-03   1.0592565e-03  -1.0392228e-03
   7.5723865e-02   6.5627159e-01   4.2945362e+00  -3.3327259e-03   7.3881037e-04  -1.2221536e-03
   8.4655285e-02   6.7808219e-01   4.3242671e+00  -2.6066861e-03   5.5830874e-04  -1.7018507e-03
   9.1292889e-02   6.5887014e-01   4.3044417e+00  -3.7124757e-03   8.5688122e-04  -1.0887274e-03
   9.0290948e-02   6.6967366e-01   4.3032896e+00  -3.3650778e-03   9.4210925e-04  -1.3918768e-03
   7.5224699e-02   6.5170525e-01   4.3057580e+00  -3.4243699e-03   8.5535897e-04  -1.0922046e-03
   6.6815263e-02   6.8481157e-01   4.3169364e+00  -3.6302041e-03   7.6193045e-04  -1.1246969e-03
   8.2968966e-02   6.6238050e-01   4.3424173e+00  -3.1769577e-03   1.1952394e-03  -1.2463553e-03
   8.3023302e-02   6.5351459e-01   4.3190800e+00  -4.7640007e-03   5.1494846e-04  -1.5424089e-03
   8.9245741e-02   6.3522387e-01   4.3162360e+00  -4.3172539e-03   8.3822942e-04  -1.0013481e-03
   9.6494116e-02   6.4895068e-01   4.3456120e+00  -3.9078622e-03   6.6706379e-04  -1.4562576e-03
   7.9479839e-02   6.8223601e-01   4.3436175e+00  -3.9596357e-03   5.9419631e-04  -1.0782389e-03
   9.5701325e-02   6.6771281e-01   4.3931305e+00  -3.0069944e-03   9.2034902e-04  -1.4800379e-03
   1.0048096e-01   6.7230855e-01   4.3734203e+00  -3.9759799e-03   6.0819735e-04  -1.2993806e-03
   1.0010830e-01   6.6061024e-01   4.3866564e+00  -3.4834218e-03   1.0603082e-03  -1.2883395e-03
   1.0191072e-01   6.7787892e-01   4.3728649e+00  -4.1522206e-03   6.7028612e-04  -1.3701755e-03
   9.1242133e-02   6.8028797e-01   4.4074767e+00  -3.3142802e-03   7.7924917e-04  -1.0659371e-03
   9.7536285e-02   6.7244342e-01   4.3912995e+00  -4.2604524e-03   5.4078781e-04  -1.2715672e-03
   8.7367640e-02   6.6513407e-01   4.4177323e+00  -3.9239577e-03   3.9580051e-04  -1.1969040e-03
   9.7249273e-02   6.8729283e-01   4.4299042e+00  -3.4812091e-03   1.0113089e-03  -1.4014203e-03
   8.9871249e-02   6.9002087e-01   4.4620467e+00  -3.5430501e-03   7.6232695e-04  -1.1562546e-03
   7.6251897e-02   6.7202586e-01   4.4595969e+00  -3.8123393e-03   5.0809462e-04  -1.1128609e-03
   8.9908315e-02   6.9416419e-01   4.4891726e+00  -3.1344516e-03   7.0586034e-04  -9.9526904e-04
   8.3695074e-02   6.8602030e-01   4.4868574e+00  -3.3491037e-03   5.3281014e-04  -1.3280443e-03
   7.4681705e-02   7.1467819e-01   4.4798811e+00  -3.9645860e-03   7.7069838e-04  -1.0029919e-03
   8.8806674e-02   6.8416878e-01   4.5027217e+00  -3.8361611e-03   8.6741719e-04  -1.3999050e-03
   8.7122533e-02   6.8576454e-01   4.5440712e+00  -3.6212435e-03   8.4392536e-04  -1.1693578e-03
   7.7648042e-02   6.8837411e-01   4.5253224e+00  -3.4817150e-03   4.7559152e-04  -1.1912229e-03
  -1.3269876e-03   6.3764242e-01   4.4768643e+00  -1.7992621e-03   2.2365626e-03  -1.4609144e-03
  -2.2163562e-01   4.5488659e-01   3.9592545e+00   5.4798362e-03   2.7409750e-03  -4.0150206e-03
   1.9362709e-02   5.0844722e-01   4.3080281e+00  -2.1658500e-03   4.6186722e-03  -1.6323605e-04
   1.2148070e-01   5.6505260e-01   4.4723781e+00   5.1866931e-04   2.3251213e-03  -2.0758135e-03
   1.0767033e-01   6.0250019e-01   4.5151412e+00  -2.2305477e-03   1.1711535e-03  -1.4430014e-03
   1.0834625e-01   6.6165317e-01   4.5566850e+00  -2.4450644e-03   1.1002891e-03  -1.4602689e-03
   8.8300820e-02   6.9558203e-01   4.5857843e+00  -2.1508430e-03   6.0336296e-04  -1.4009139e-03
   8.7439544e-02   6.7241784e-01   4.5898793e+00  -2.3098252e-03   8.7285353e-04  -1.1207364e-03
   7.5206587e-02   6.8349756e-01   4.5760946e+00  -2.4399076e-03   1.2528863e-03  -1.1022012e-03
   9.1973373e-02   6.9331384e-01   4.6069629e+00  -2.4116460e-03   1.0398984e-03  -1.0734397e-03
   7.9123308e-02   6.7209758e-01   4.5986364e+00  -2.8171328e-03   9.5968154e-04  -1.2449026e-03
   8.5546220e-02   6.9439665e-01   4.6238378e+00  -2.3636265e-03   9.5520173e-04  -7.7936740e-04
   9.8349628e-02   7.0356247e-01   4.6713817e+00  -2.0163045e-03   8.4031086e-04  -1.4539654e-03
   9.5999786e-02   7.1093316e-01   4.6443233e+00  -2.2127605e-03   5.8561033e-04  -1.4655354e-03
   9.1190346e-02   6.9217192e-01   4.6254021e+00  -2.3994097e-03   5.5330561e-04  -1.5295253e-03
   9.2936029e-02   6.7770857e-01   4.6486037e+00  -2.5876365e-03   9.9297489e-04  -1.2811630e-03
   1.0148910e-01   7.0858201e-01   4.6768355e+00  -2.0549090e-03   8.4506530e-04  -1.3990814e-03
   1.0966243e-01   6.8263045e-01   4.6648209e+00  -2.7762883e-03   7.0181831e-04  -1.4038238e-03
   1.0327841e-01   6.8345519e-01   4.6581744e+00  -2.9560245e-03   4.1746198e-04  -1.9361911e-03
   1.1004967e-01   6.8082102e-01   4.6897733e+00  -2.2027623e-03   6.4250922e-04  -2.0104573e-03
   9.4239731e-02   6.9332292e-01   4.7054322e+00  -2.0388616e-03   5.1605818e-04  -1.4201325e-03
   1.0045391e-01   6.8318263e-01   4.7004435e+00  -2.2074651e-03   4.2734203e-04  -1.5044905e-03
   1.0490762e-01   6.9874121e-01   4.7541282e+00  -2.1351050e-03   6.5669403e-04  -1.7217625e-03
   1.1368097e-01   7.1525039e-01   4.7621783e+00  -2.2801384e-03   8.2990857e-04  -1.3651314e-03
   9.8243166e-02   7.2493757e-01   4.7326822e+00  -2.6227753e-03   5.2205145e-04  -1.3405855e-03
   1.1300599e-01   7.2590554e-01   4.7666830e+00  -2.1879133e-03   5.4183604e-04  -1.5010198e-03
   1.1441162e-01   7.1606452e-01   4.7755320e+00  -2.2962973e-03   6.3946354e-04  -1.2708780e-03
   1.0620903e-01   7.3773025e-01   4.7796972e+00  -2.6812915e-03   2.4578745e-04  -1.5630088e-03
   9.9443466e-02   7.1641902e-01   4.7808181e+00  -2.1376320e-03   2.6411355e-05  -1.3684094e-03
   1.0410697e-01   7.1204454e-01   4.8103705e+00  -1.5847043e-03   3.7747340e-04  -1.7952498e-03
   1.0858538e-01   7.1530012e-01   4.8076835e+00  -2.3443089e-03   5.0920806e-04  -1.4607071e-03
   7.1444233e-02   7.6781567e-01   4.7659443e+00  -3.3521687e-03   3.1369135e-05  -9.8518538e-04
   1.0254120e-01   7.3897003e-01   4.8315876e+00  -1.7013652e-03   2.7892097e-04  -1.3395607e-03
   1.1143108e-01   7.2866501e-01   4.8573414e+00  -1.7333562e-03   6.6338838e-04  -1.7142896e-03
   1.0433339e-01   7.3727485e-01   4.8693847e+00  -2.2536723e-03   4.9134246e-04  -1.3637502e-03
   1.1326826e-01   7.3771973e-01   4.8822779e+00  -1.9461025e-03   4.9645338e-04  -1.4490142e-03
   1.0335223e-01   7.4004189e-01   4.8665493e+00  -2.1779862e-03   4.0341890e-04  -1.4315843e-03
   1.0968058e-01   7.2910483e-01   4.8889748e+00  -2.5858575e-03   6.2978029e-04  -1.3726629e-03
   1.0914532e-01   7.3908088e-01   4.9182059e+00  -1.9323945e-03   8.3838343e-04  -1.2451996e-03
   1.0055095e-01   7.3967582e-01   4.9396942e+00  -2.2594036e-03   5.0493475e-04  -1.1657403e-03
   1.1437590e-01   7.5165687e-01   4.9722965e+00  -1.1327935e-03   6.7340617e-04  -1.3902592e-03
   1.0770405e-01   7.6877485e-01   4.9943387e+00  -1.2011198e-03   2.5665591e-04  -1.3990787e-03
   1.1114758e-01   7.5306050e-01   4.9501630e+00  -2.0121822e-03   4.3114467e-04  -1.4423374e-03
   1.0610130e-01   7.3122863e-01   4.9787382e+00  -2.2959784e-03   5.7652202e-04  -1.3544387e-03
   9.5875437e-02   6.8364126e-01   5.0084339e+00  -5.2629973e-04   7.2292011e-04  -9.4194750e-04
   1.1301899e-01   7.7557630e-01   5.0118047e+00  -1.6336395e-03   6.8330627e-04  -1.4287428e-03
   1.1316093e-01   7.4553805e-01   5.0274271e+00  -1.8759208e-03   7.0789857e-04  -1.4554867e-03
   1.0263647e-01   7.6085053e-01   5.0295929e+00  -1.9202580e-03   4.2576948e-04  -1.4107781e-03
   1.1157831e-01   7.6466290e-01   5.0672374e+00  -6.8625739e-04   1.1913472e-03  -1.3889942e-03
   1.0351829e-01   7.7801212e-01   5.0687196e+00  -4.7908247e-04   5.6588164e-04  -1.1315006e-03
   8.2967374e-02   8.3609399e-01   5.0526101e+00  -1.0731127e-03   5.8549740e-04  -8.0058137e-04
   9.7699198e-02   7.7604221e-01   5.0811937e+00  -5.1747358e-04   8.1518297e-04  -1.1684173e-03
   1.0141104e-01   7.8904126e-01   5.0898131e+00  -5.4198490e-04   1.0549651e-03  -1.2283413e-03
   3.3310157e-02   7.6541549e-01   5.0441092e+00  -1.5695622e-03   7.6973803e-04  -4.1065663e-04
   6.6293186e-02   7.8165124e-01   5.2019946e+00   5.1199193e-04   6.8539446e-04  -1.3444133e-03
   1.0966806e-01   7.4855477e-01   5.1203552e+00  -1.7309657e-03   1.1910599e-03  -1.2406779e-03
   1.0091553e-01   7.4876967e-01   5.0436362e+00  -3.0264252e-03   6.4026494e-04  -1.9890117e-03
   9.1974225e-02   7.4923539e-01   5.0899021e+00  -2.0934209e-03   5.3011755e-04  -1.5626149e-03
   9.1955925e-02   7.6632221e-01   5.1563055e+00  -1.2241435e-03   6.3687347e-04  -9.6061233e-04
   9.4504038e-02   6.2198442e-01   5.1598967e+00  -2.0736862e-03   1.0963136e-03  -1.0696085e-03
   1.0168262e-01   7.9671968e-01   5.1848570e+00  -5.3541741e-04   8.6863270e-04  -6.5425780e-04
   9.1088192e-02   7.9373306e-01   5.1698282e+00  -4.3816755e-04   7.7134428e-04  -8.8389460e-04
   8.6647078e-02   7.9557241e-01   5.1871373e+00  -2.4918032e-04   8.2331839e-04  -9.8624785e-04
   7.4618073e-02   7.8378376e-01   5.1876782e+00  -4.0959248e-04   6.5384406e-04  -6.6540672e-04
   8.1522740e-02   7.8558427e-01   5.2136519e+00  -1.0763576e-04   6.1372858e-04  -1.1649896e-03
   7.8717709e-02   8.0050657e-01   5.2288049e+00   1.8002181e-04   1.0908282e-03  -8.9538655e-04
   9.0035749e-02   7.9782860e-01   5.2218945e+00   1.9618625e-05   7.2834605e-04  -1.0158105e-03
   7.1668017e-02   8.0160897e-01   5.2597750e+00   4.5456975e-04   9.0089772e-04  -8.5910065e-04
   9.5117518e-02   7.8842127e-01   5.2659458e+00   3.7001544e-04   6.6980600e-04  -1.1703815e-03
   8.7315513e-02   7.9887406e-01   5.2731716e+00   2.6129955e-04   9.2438487e-04  -9.3687383e-04
   1.0323853e-01   8.0911245e-01   5.2843288e+00   4.4986312e-04   1.3831636e-03  -8.9052020e-04
   1.0082637e-01   7.9005911e-01   5.2958872e+00  -1.1694915e-04   7.9781853e-04  -1.2143615e-03
   9.0735042e-02   8.0415704e-01   5.3062975e+00   2.9086744e-04   8.4874444e-04  -7.5314400e-04
   9.5838341e-02   8.0538708e-01   5.2867786e+00  -4.9259894e-04   8.1941626e-04  -1.0657999e-03
   9.8824336e-02   8.1036115e-01   5.3209763e+00  -1.0144638e-04   7.9961181e-04  -8.8688210e-04
   8.9947505e-02   7.9183602e-01   5.3085871e+00  -1.6581968e-04   8.8658094e-04  -6.7973540e-04
   1.0310085e-01   8.0125875e-01   5.3136119e+00   2.7922964e-05   7.5319045e-04  -6.8088444e-04
   1.0894955e-01   8.1519114e-01   5.3632778e+00   8.3656783e-04   8.9143549e-04  -1.0717319e-03
   9.6947884e-02   7.9502514e-01   5.3614962e+00   1.4606782e-04   7.4498424e-04  -9.9160690e-04
   1.0065683e-01   7.9441264e-01   5.3788800e+00  -1.7635714e-05   1.4131012e-03  -9.1331201e-04
   9.3498578e-02   8.1698429e-01   5.3817679e+00   1.4957245e-04   7.4675604e-04  -6.2867384e-04
   9.5416768e-02   8.0917522e-01   5.3832560e+00   4.7115623e-04   9.1451585e-04  -8.8675414e-04
   9.6514402e-02   8.0283602e-01   5.3786621e+00  -4.2338945e-04   8.8702360e-04  -7.4876748e-04
   9.9585268e-02   8.2308225e-01   5.4089573e+00   2.4529539e-04   1.0216917e-03  -7.3300190e-04
   7.2413909e-02   7.0647654e-01   5.4166155e+00   1.0584373e-03   5.6351232e-04  -8.7629049e-04
   4.7582523e-02   7.9717244e-01   5.4015263e+00  -5.4366846e-04   1.0268363e-03  -6.1470782e-04
   1.1224924e-01   8.1091652e-01   5.4690174e+00  -6.1354314e-04   1.2639824e-03  -1.0233906e-03
   1.0363591e-01   7.5440507e-01   5.4036461e+00  -2.1822622e-03   1.4256839e-03  -7.2439780e-04
   8.6988348e-02   7.7343637e-01   5.4470320e+00  -1.3612174e-03   7.4315677e-04  -1.0899361e-03
   1.0461786e-01   7.9273399e-01   5.4724385e+00  -9.4252646e-04   1.1675587e-03  -1.0272999e-03
   9.0517059e-02   8.1611361e-01   5.4651250e+00  -1.2273840e-03   1.0294371e-03  -1.0540381e-03
   1.0514203e-01   8.2443681e-01   5.4865227e+00  -7.5182199e-04   1.3131473e-03  -1.1865339e-03
   8.9825786e-02   8.0578757e-01   5.4893190e+00  -6.4977233e-04   8.2466306e-04  -1.2651025e-03
   8.9440170e-02   8.2058994e-01   5.4944104e+00  -7.1160355e-04   1.0717160e-03  -8.3949646e-04
   8.6517450e-02   8.1622427e-01   5.5119001e+00  -7.0339665e-04   1.2159256e-03  -8.7437877e-04
   1.0128672e-01   8.1812483e-01   5.5279127e+00  -6.1175061e-04   1.1661993e-03  -1.1601387e-03
   8.5057016e-02   8.1673521e-01   5.5401187e+00  -1.2728125e-04   7.2138118e-04  -1.0936278e-03
   9.3546634e-02   8.3857566e-01   5.5562140e+00  -1.8990492e-04   1.2751352e-03  -8.4578928e-04
   9.7465437e-02   8.2640196e-01   5.5708346e+00  -6.7775885e-04   9.3497417e-04  -8.6760001e-04
   1.1174667e-01   8.2026364e-01   5.5754925e+00  -1.2423104e-03   1.0274119e-03  -1.0691782e-03
   1.1461351e-01   8.1423996e-01   5.5529542e+00  -1.8191447e-03   1.2549752e-03  -9.9358016e-04
   1.2367344e-01   8.1667643e-01   5.5783197e+00  -8.5656078e-04   7.2510463e-04  -1.3724040e-03
   1.2488032e-01   7.9858462e-01   5.6054493e+00  -2.1798905e-03   1.0207945e-03  -1.1068968e-03
   1.0722738e-01   8.2906988e-01   5.6204694e+00  -2.7318630e-03   5.9738063e-04  -5.7420982e-04
   1.2900032e-01   8.0775054e-01   5.6302647e+00  -2.2340303e-03   5.5798431e-04  -1.0356301e-03
   1.3293201e-01   8.0081032e-01   5.6413002e+00  -2.0997038e-03   1.0628583e-03  -7.3641202e-04
   1.2818908e-01   8.1526468e-01   5.6532334e+00  -2.2442413e-03   9.2575304e-04  -9.3195618e-04
   1.3320458e-01   8.2766004e-01   5.6422311e+00  -2.5106932e-03   1.0070168e-03  -1.1183387e-03
   1.2613568e-01   8.3838369e-01   5.6435725e+00  -2.3033247e-03   5.9186694e-04  -1.2445691e-03
   1.2957950e-01   8.1756170e-01   5.6641883e+00  -2.3781973e-03   7.6275004e-04  -8.0238402e-04
