   0.0000000e+00  -1.4210855e-14   7.1099947e-15   5.4796806e-18   1.9891358e-18  -1.0899829e-35
   1.5045999e-02  -8.3555921e-03  -1.5472731e-02   3.0744583e-04  -1.8001127e-04  -1.1817010e-04
  -7.5431495e-03  -9.3904790e-03  -3.5623700e-02   4.7006259e-05  -3.3195003e-04   1.7255381e-04
  -4.3584925e-03  -1.6058146e-02  -3.6910189e-02   6.4600747e-05  -3.9015015e-04  -9.5173993e-05
  -4.9039586e-03  -1.1014782e-02  -4.8092594e-02   6.2209780e-05   2.1686198e-04   4.5826689e-04
  -7.9402481e-04  -8.1655332e-03  -8.5416737e-02  -4.4850833e-04  -1.7210016e-04  -2.5691122e-04
  -1.0904199e-03  -1.6129760e-02  -4.2406910e-02   9.1079195e-04  -1.1254236e-04   5.5245267e-05
  -3.7548374e-04  -1.5183232e-02  -7.4242611e-02   2.7570347e-05  -2.3640595e-04  -2.0387675e-05
  -1.0759681e-03   4.0764275e-03  -7.0671511e-02   2.4524590e-04   6.7882059e-05   1.2211456e-04
  -5.0574193e-03  -9.5255262e-03  -9.3247860e-02   1.0647234e-04  -7.1389056e-05   1.7347637e-04
  -2.7498710e-03  -9.7627585e-03  -8.3601564e-02   5.5129080e-04  -5.2518337e-04  -3.4135044e-04
  -1.7257832e-02  -2.1278686e-02  -8.9567288e-02   4.2528519e-04  -2.0368627e-04   2.6767340e-04
  -8.3199081e-03  -2.4118721e-02  -9.8982396e-02   2.4258849e-04  -1.7718834e-04  -5.1430697e-05
  -1.2493073e-02  -2.2169036e-02  -1.0479583e-01   3.0382531e-04  -3.0274975e-04  -2.9852256e-06
   1.5327268e-03  -1.4002216e-02  -8.7234462e-02   8.1566519e-04  -6.9992791e-05  -2.3432605e-04
  -2.4905823e-02  -1.3459738e-02  -9.6023372e-02   1.2540750e-04  -6.6853793e-04   2.4980604e-04
  -1.6611744e-02  -3.5965672e-02  -9.6804225e-02   2.7850929e-04   1.0864908e-04  -6.1609144e-05
  -5.7906122e-02   6.2566969e-02  -1.0879530e-01  -4.5933388e-04  -4.0875813e-04   8.4885159e-04
  -3.5118186e-03  -2.3713762e-02  -1.0355440e-01   6.8163181e-04  -2.2124569e-04  -6.3304824e-05
  -1.5407288e-02  -1.4971631e-02  -1.0747346e-01   4.7163790e-04  -1.3782360e-04   8.3243523e-05
  -2.2929561e-02  -2.3843673e-02  -1.0691210e-01   4.7361924e-05  -2.0332618e-04   1.8009722e-04
  -1.5546476e-02  -4.6758612e-02  -1.2654115e-01   1.5817954e-04  -2.8432492e-05   5.5091081e-06
  -1.1581110e-02  -4.5493566e-02  -1.1372406e-01   3.9297790e-04   8.1431238e-05   7.9442559e-05
  -2.4043117e-02  -3.8834049e-02  -1.1833129e-01   3.8763673e-04  -3.4206611e-04   1.0093971e-04
  -3.4472165e-02  -4.7753727e-02  -1.2871656e-01   1.4592321e-04  -4.1084409e-04   3.2865281e-04
  -2.0193404e-02  -3.7182021e-02  -1.3546411e-01   1.0490138e-04  -4.0243541e-04   9.1964630e-06
  -1.5944190e-02  -1.2929250e-02  -9.5272268e-02   7.9103130e-04  -3.0934013e-04   1.4612254e-04
  -1.1152460e-02  -4.8295476e-02  -1.1119007e-01   6.5441224e-04  -4.3920759e-05   9.4220565e-06
  -7.7170523e-03  -3.8238864e-02  -1.0295477e-01   5.4771240e-04   1.0834499e-04  -1.0519871e-04
   1.7099954e-03  -4.8013989e-02  -9.8984577e-02   4.6703939e-04  -6.5112694e-05  -2.2753756e-04
  -3.0696291e-02  -5.9978658e-02  -1.0853404e-01   7.2953327e-04  -3.3366644e-04   2.0553615e-04
  -1.6929858e-02  -3.4434100e-02  -1.2568757e-01   2.9618792e-04   4.7086468e-05   3.8433085e-04
  -2.5254859e-02  -3.4685722e-02  -1.1409396e-01   7.5234278e-04  -2.9348263e-04   1.4549925e-04
  -2.6774462e-02  -9.4915468e-03  -1.4733115e-01   6.3059380e-04  -5.3161469e-04   1.6015726e-04
  -4.1256389e-02   7.7151149e-03  -1.7439307e-01   2.7691021e-03  -2.1806492e-04   5.8154243e-04
  -5.3037412e-02   1.0510115e-02  -2.1080508e-01   3.7586324e-03   5.9634604e-04   3.3996529e-04
  -3.3310799e-02  -1.4422463e-02  -1.4269373e-01   3.9685822e-03   2.8321161e-04   1.5455707e-04
  -2.0026764e-02  -4.1664503e-02  -1.2505966e-01   1.9340753e-03  -1.7409688e-04  -1.9130868e-04
  -3.2159295e-02  -2.8187919e-02  -9.6026959e-02   1.5878030e-03  -3.1937200e-05   3.5141659e-04
  -2.8444946e-02  -4.0049407e-02  -1.0150979e-01   1.2853195e-03  -8.0477237e-05   3.0696538e-04
  -2.5942664e-02  -2.4948964e-02  -1.1666225e-01   5.2367944e-04   4.0636170e-05   1.6832044e-04
  -4.1796802e-02  -1.7464631e-02  -1.1526736e-01   9.1208541e-04   1.8052019e-04   5.9934878e-04
  -1.9372424e-02  -1.4672828e-02  -1.3051568e-01   5.9173116e-04  -5.7747867e-04  -1.4599326e-04
  -3.0997946e-02  -1.8714867e-02  -1.0760343e-01   1.0192536e-03  -4.3719816e-04   2.7171179e-04
  -3.2487960e-02  -3.8782707e-02  -9.6461692e-02   1.0700619e-03  -3.8812534e-04   2.8258674e-05
  -2.6110312e-02  -1.6444134e-02  -9.6302866e-02   1.5126556e-03  -6.4891112e-05   7.3991803e-05
  -3.2892868e-02   3.1253324e-03  -8.6800459e-02   1.0259703e-03  -1.5021464e-04   3.4103259e-04
  -2.8743673e-02  -2.7784132e-02  -1.1550456e-01   7.2204001e-04  -1.1700712e-04   1.2325635e-04
  -1.8557570e-02  -9.4594647e-03  -1.0280290e-01   1.0295676e-03  -2.0670065e-04  -1.8914735e-04
  -2.0706284e-02  -1.3841128e-02  -1.1156883e-01   8.4977150e-04  -6.0121113e-05   1.1388474e-04
  -2.5160232e-02  -2.1722245e-02  -1.1878579e-01   3.0567333e-04   6.0632598e-06  -9.7664190e-05
  -3.4211987e-02  -1.4297041e-02  -9.9030378e-02   1.0272724e-03   3.4951091e-04   1.1595456e-05
  -2.4607194e-02  -1.3650810e-02  -9.6339760e-02   1.0211709e-03   2.0031259e-04   2.1202454e-04
  -3.8244132e-02  -3.1998598e-02  -1.0945189e-01   6.9789685e-04  -1.2399418e-04   4.0500043e-05
  -3.9537897e-02  -2.6265339e-02  -9.9421049e-02   5.8406171e-04  -2.3090889e-04   2.6459376e-04
  -2.1336261e-02  -2.4290542e-02  -1.1140251e-01   8.1393704e-04   1.1185478e-04  -1.2124621e-04
  -3.7227655e-02  -3.6524196e-02  -1.1445499e-01   8.4009568e-04  -4.2453222e-04   1.5326117e-05
  -2.7020194e-02  -2.0150298e-02  -1.0989713e-01   4.2924569e-04  -4.9969831e-04  -3.5397898e-04
  -2.9141818e-02  -4.6047711e-02  -9.5334245e-02   1.1151882e-03   1.4190716e-04  -1.6416866e-04
  -3.2795457e-02  -6.5792484e-02  -5.7997673e-02   6.3686200e-04   1.6630667e-04  -1.3601010e-04
  -4.0345170e-02  -3.4895421e-02  -8.9328134e-02   7.1588495e-04  -6.8293560e-06   1.9161008e-05
  -3.7771993e-02  -2.9936901e-02  -8.9600195e-02   9.4282026e-04  -1.6934134e-04  -4.1853974e-05
  -3.9094553e-02  -1.9163289e-02  -1.0184031e-01   7.5232367e-04  -3.4169579e-04   3.8673293e-05
  -3.4697541e-02  -4.9140170e-02  -8.5361101e-02   1.0626914e-03  -1.4525075e-04  -2.9520826e-04
  -3.4526168e-02  -4.9286256e-02  -1.1571487e-01   1.3051026e-04  -2.0142660e-04  -1.0351604e-04
  -5.1437184e-02  -9.2547770e-03  -9.9770625e-02   5.0241661e-04  -3.6310304e-04   8.8121334e-05
  -4.3443983e-02  -2.9742888e-02  -1.0419191e-01   7.8412334e-04  -2.7643924e-04   8.0338275e-05
  -3.9853148e-02  -1.7394596e-02  -9.2263402e-02   5.6302692e-04  -1.3949932e-04   2.1738569e-04
  -5.4445721e-02  -1.8542194e-02  -7.5815921e-02   1.0137196e-03  -1.2792742e-04   1.3752587e-04
  -4.7926130e-02  -3.5084820e-02  -6.5197464e-02   4.8920542e-04  -2.5690790e-04   1.4716162e-04
  -5.3474527e-02  -4.8091868e-02  -6.4482520e-02   1.0462348e-03   2.5264031e-04   1.1747874e-04
  -3.4066433e-02  -2.7656709e-02  -4.2701993e-02   1.5636286e-03   2.6154967e-04   2.7894899e-05
  -5.0743302e-02  -3.5597433e-02  -8.6158763e-02   9.1592406e-04  -1.1328729e-04   4.7423891e-05
  -4.5111405e-02  -2.7472111e-02  -8.1141173e-02   6.8678793e-04  -2.5379852e-04   3.7547303e-06
  -4.8098205e-02  -4.6709866e-02  -8.1665113e-02   7.8350959e-04  -1.4473432e-04  -2.4191697e-07
  -5.5711860e-02  -3.8582037e-02  -8.0588045e-02   8.1036808e-04  -8.7006358e-05   2.1229630e-04
  -5.4248677e-02  -3.1437296e-02  -7.4107011e-02   2.7638178e-04  -1.3214356e-04   3.8265176e-04
  -5.5688883e-02  -4.5888540e-02  -6.8724343e-02   7.6587147e-04  -2.4518357e-04   2.7767060e-04
  -5.4279641e-02  -5.8727528e-03  -6.4720469e-02   8.8868024e-04  -5.5619130e-05   3.0609954e-04
  -3.9199582e-02  -1.5042377e-02  -7.4158856e-02   5.6125043e-04  -1.2042003e-04  -1.7266988e-04
  -9.7649930e-02  -5.7192944e-02  -1.8527462e-01   2.1169326e-03   2.8423408e-04   9.1453455e-04
  -1.4369246e-01  -2.0999271e-01  -2.3244601e-01   1.0761566e-02  -4.9925805e-03  -5.8564475e-06
  -8.9481718e-02  -1.4843406e-01  -1.5747462e-01   7.8886013e-03   8.1973269e-04   7.8955212e-04
  -7.0343721e-02  -1.1442376e-01  -1.4765096e-01   4.8177706e-03  -1.5540880e-04   4.8802896e-04
  -8.6299331e-02  -7.3935198e-02  -8.2173857e-02   4.4724882e-03  -1.0970890e-05   9.5237019e-04
  -7.7146633e-02  -7.6483302e-02  -8.5958116e-02   4.5072326e-03  -1.5510031e-04   6.2088575e-04
  -7.8356945e-02  -5.9620043e-02  -6.7527995e-02   4.4887982e-03  -5.9416757e-05   8.2755489e-04
  -6.7320650e-02  -7.1190313e-02  -6.1601819e-02   4.6518712e-03   6.7157315e-05   5.7348799e-04
  -7.6135912e-02  -5.1283847e-02  -3.0483293e-02   4.5961023e-03  -6.1233291e-04   9.7037501e-04
  -8.2895666e-02  -4.7519746e-02  -3.2987808e-02   4.2807330e-03  -4.8439013e-04   9.9674853e-04
  -1.6929019e-01  -1.7083782e-01  -3.1210598e-01   6.7823023e-03   1.7257659e-03   1.6645436e-03
  -1.7658394e-01  -2.7154640e-01  -3.9056055e-01   1.3143170e-02  -1.2882172e-03   5.2306426e-04
  -1.1113689e-01  -4.0922381e-01  -5.6293743e-01   1.3421053e-02   1.4622544e-03  -1.4881607e-03
  -5.3066851e-02  -8.7705136e-02  -2.2954478e-01   1.1314097e-03   5.8945927e-04  -5.2341938e-04
  -6.0369398e-02  -8.6309147e-02  -1.8223049e-01   6.2043209e-04   6.7363708e-04  -3.7973622e-04
  -4.4044051e-02  -7.3109002e-02  -1.2117870e-01   5.7598893e-04   5.8443832e-04  -1.7615472e-04
  -5.6047922e-02  -4.2460982e-02  -7.9987544e-02   3.6559343e-04   6.2183761e-04  -4.0788612e-05
  -4.0804606e-02  -1.9537271e-02  -4.6080115e-02   1.4848734e-03   8.7407984e-04  -1.4326950e-04
  -4.2659133e-02  -4.1816937e-02  -7.6100737e-02   1.9098667e-03   5.7516013e-04   1.1631129e-04
  -4.4980945e-02  -3.6616126e-02  -8.5579209e-02   9.7310602e-04   4.4938160e-04   4.1988014e-05
  -2.5522912e-02  -4.4027950e-02  -6.3127781e-02   1.6518228e-03   4.6323110e-04  -3.5262274e-04
  -4.5616105e-02  -3.6229573e-02  -6.1279140e-02   1.4907082e-03   3.6930080e-04  -3.5980807e-04
  -3.4769032e-02  -2.6881256e-02  -5.4138062e-02   1.3334254e-03   5.5842068e-04  -5.0506096e-04
  -4.3349128e-02  -3.1942354e-02  -3.6145709e-02   1.7618998e-03   6.0576563e-04  -7.2662436e-05
  -2.9227241e-02  -1.0423324e-02  -4.6055994e-02   1.1149252e-03   6.3006249e-04  -3.8331123e-04
  -4.4188109e-02  -1.6063228e-02  -4.4787866e-02   1.6444023e-03   5.2685513e-04  -9.5301385e-05
  -3.5377923e-02  -2.7498612e-02  -5.3693462e-02   1.2408761e-03   4.2133335e-04  -3.3023784e-04
  -3.1826601e-02  -2.4794693e-02  -3.8935872e-02   1.2763610e-03   4.7092975e-04  -1.1130622e-04
  -3.2425898e-02  -1.2336628e-02  -3.6951304e-02   1.0475454e-03   6.8692263e-04  -2.6420464e-04
  -4.2979036e-02  -9.5804391e-03  -2.7697713e-02   8.6696672e-04   2.3119831e-04  -1.8960155e-04
  -6.0194254e-02   1.8485833e-02  -3.5991290e-02   8.6574639e-04   1.9335499e-04  -2.5046950e-05
  -4.5950758e-02  -2.2030610e-03  -1.4724903e-02   7.9520692e-04   7.5729915e-04   1.5945142e-04
  -3.2919917e-02  -1.7249265e-02   2.0409639e-04   1.6064105e-03   9.2274282e-04   4.3632664e-05
  -2.6881654e-02  -2.3442833e-03   3.7603464e-03   9.8488674e-04   6.7660581e-04  -3.8573478e-04
  -3.7026097e-02   1.5835211e-02   8.3357466e-03   1.3893217e-03   4.7584639e-04  -1.9341905e-04
  -2.7055224e-02  -7.1388883e-03   2.2677704e-03   1.0930243e-03   3.9280467e-04  -3.4254951e-04
  -2.7018848e-02  -7.7353550e-03   2.4625711e-02   1.3861574e-03   4.7125041e-04  -2.7545078e-04
  -1.3259808e-02   6.7284105e-03   1.5062655e-02   1.1105933e-03   6.7338489e-04  -7.3726130e-04
  -2.5732632e-02  -1.9763956e-02   5.2213793e-02   2.0123772e-03  -3.6090853e-04  -5.1926150e-04
  -3.2642832e-02  -6.8724060e-05   3.9304194e-02   1.5464992e-03  -1.0292950e-04  -2.0761810e-04
  -2.8948355e-02  -1.2129277e-02   5.3863298e-02   1.7694923e-03  -1.4520256e-04  -4.4072629e-04
  -3.8865958e-02  -7.0103708e-03   7.8045993e-02   1.9826596e-03  -8.6547036e-05  -2.6598962e-04
  -3.1986885e-02  -7.6471062e-03   6.6299849e-02   1.8403579e-03   9.2800473e-05  -2.8187303e-04
  -2.0099329e-02   1.5052995e-02   5.5732765e-02   1.2358962e-03  -9.0609093e-05  -5.3858709e-04
  -2.3911437e-02  -1.4030748e-04   8.8420404e-02   1.9542769e-03  -2.8051507e-06  -4.1226859e-04
  -2.9934756e-02  -3.4844142e-03   8.4257584e-02   1.9236366e-03   3.0932145e-04  -3.9278204e-04
  -4.2920503e-02  -6.9058237e-03   1.0187899e-01   1.8751401e-03   2.2879214e-04  -8.0608836e-05
  -2.3993847e-02  -1.2732361e-03   1.0527223e-01   1.9400380e-03   3.6051467e-05  -4.7301143e-04
  -2.8697048e-02   2.0827878e-02   9.7936883e-02   1.6872730e-03   1.5811306e-04  -5.0527203e-04
  -4.9501912e-02   7.9115167e-04   1.1626872e-01   1.2565728e-03   9.0313358e-04   1.7560669e-04
  -5.5372135e-02   2.9239775e-02   6.0942026e-02   7.6578455e-04   7.7126448e-04   3.9510699e-06
  -1.2977296e-01  -1.1710902e-01  -1.4338466e-01   9.7815518e-03   1.4092730e-03   5.5275986e-04
  -1.0235263e-01  -1.3524754e-01  -2.1422993e-01   8.1308284e-03   2.4315148e-03  -6.9860856e-04
  -3.9210161e-02  -9.7367391e-02  -2.5776164e-02   3.5341217e-03   1.1011699e-03  -3.9055166e-04
  -3.8336684e-02  -9.1964700e-02   1.5698660e-02   2.0932676e-03   1.0282348e-03  -2.8378698e-04
  -4.7334775e-02  -4.3715178e-02   6.0126322e-02   2.4461822e-03   1.2292337e-03   9.9966827e-05
  -5.6285265e-02  -3.5413557e-02   7.2021157e-02   2.1569912e-03   7.0500091e-04   1.9668689e-04
  -5.2068264e-02  -2.2021552e-02   9.5417158e-02   2.0618178e-03   1.0241829e-03   3.2092778e-04
  -4.6537484e-02   3.1195863e-03   8.3316921e-02   1.8805386e-03   8.8078770e-04   3.2796712e-04
  -3.3463234e-02   1.3930595e-02   7.3156549e-02   2.0168402e-03   1.0438458e-03  -1.8174926e-04
  -4.0521733e-02   1.5133958e-02   7.8500514e-02   1.7028675e-03   5.4380679e-04  -2.2048573e-04
  -3.6913150e-02  -5.9101420e-03   8.9561042e-02   1.9299559e-03   1.0866707e-03  -2.6839337e-04
  -4.8882517e-02  -4.9440639e-04   1.2458486e-01   2.6062112e-03   5.8739896e-04  -8.9271083e-05
  -3.2542412e-02  -7.9331086e-04   1.0936954e-01   2.3016752e-03   9.4396444e-04  -2.4329282e-04
  -3.7138387e-02  -7.1344140e-03   1.4716545e-01   3.0215414e-03   9.9546874e-04   1.9851376e-04
  -4.2243123e-02   1.4216234e-02   1.4864276e-01   2.8626965e-03   4.6390145e-04  -1.1938335e-04
  -2.4551060e-02   3.7791546e-03   1.4378979e-01   2.6484532e-03   6.6423366e-04  -3.5649076e-04
  -1.4464334e-02   1.4775729e-02   1.5334488e-01   2.6148509e-03   8.0280757e-04  -1.5307484e-04
  -2.8687260e-02   8.5635971e-03   1.4165408e-01   2.4412176e-03   2.5130402e-04  -1.7473520e-04
  -2.5222330e-02   8.2502354e-03   1.6013334e-01   2.7503254e-03   8.4415746e-04  -1.0263263e-04
  -3.3070773e-02   2.1093957e-02   1.3987407e-01   2.1596530e-03   6.2769364e-04  -7.1746566e-05
  -3.5305340e-02   2.4951021e-02   1.5610876e-01   2.5148779e-03  -2.4750641e-05  -2.7474081e-04
  -1.4504000e-02   2.9456988e-02   1.5633938e-01   2.5528399e-03   5.2309626e-04  -3.3612155e-04
  -2.7885617e-02   2.6289059e-02   1.8812576e-01   2.7646374e-03   7.5654102e-04   1.2354615e-05
  -1.9957614e-02   1.9703732e-02   1.7638176e-01   2.4582900e-03   6.5328345e-04  -5.0589018e-04
  -4.5505059e-02   3.1945997e-02   1.8293215e-01   2.0835069e-03   5.7899890e-04   1.8652182e-04
  -3.3405755e-02   1.2992667e-02   1.9439956e-01   2.6828813e-03   6.4346330e-04  -2.7393421e-05
  -3.6542874e-02   2.2400501e-02   1.9160974e-01   2.1745336e-03   3.3417975e-04  -6.5663037e-06
  -1.9593844e-02   2.4967067e-02   2.0141115e-01   2.4693069e-03   7.1339945e-04  -3.1198118e-04
  -3.1631581e-02   2.4603103e-02   1.9068047e-01   2.3522609e-03   6.2024533e-04  -1.0176351e-04
  -3.5568060e-02   6.0035349e-02   1.8824877e-01   1.6780793e-03   6.9033951e-04   5.9178941e-05
  -2.8993327e-02   6.8027664e-02   2.1098493e-01   2.0829826e-03   3.4494141e-04  -2.0022472e-04
  -2.1989533e-02   5.2470668e-02   2.1327031e-01   2.3042168e-03   3.2952952e-04  -4.9283252e-05
  -4.5133584e-02   4.7308162e-02   2.3046258e-01   2.4451921e-03   2.1835363e-04   3.1956514e-04
  -3.7167418e-02   1.3066724e-02   2.3657658e-01   2.2210947e-03   9.0246224e-05   2.1501440e-04
  -3.1611986e-02   1.2374665e-02   2.4767136e-01   2.2389350e-03  -5.8740878e-04  -3.9713283e-04
  -3.2863207e-02   1.3458649e-02   2.6280491e-01   2.5643522e-03   1.0738892e-04   7.5970580e-05
  -2.2799114e-02   7.7123172e-03   2.6293480e-01   2.8132498e-03   2.2802210e-04   1.1176412e-04
  -2.9664972e-02   3.2518716e-02   2.5106884e-01   2.0690762e-03   6.7741955e-05   1.0136858e-04
  -2.7911593e-02   2.9450254e-02   2.5748478e-01   2.4433203e-03  -7.7538072e-05  -5.9781305e-06
  -3.0240057e-02   1.1608144e-02   2.5510851e-01   2.3626194e-03  -8.4826631e-05  -1.4380348e-05
  -2.7565240e-02   4.0163833e-02   2.6746076e-01   2.5348155e-03   2.3140911e-04  -2.2121323e-04
  -2.6211313e-02   3.0837169e-02   2.4754598e-01   1.8215636e-03   1.2013869e-04  -1.9436513e-04
  -1.5523205e-02   2.5139734e-02   2.6597041e-01   2.4686640e-03   1.6674122e-04  -2.9707448e-04
  -1.6540765e-02   2.7118616e-02   2.6489315e-01   2.1994911e-03   1.7244065e-04  -1.6150768e-04
  -2.8130339e-02   4.7956803e-02   2.7805807e-01   2.1896653e-03   1.1085429e-04  -4.4261791e-05
  -2.7160528e-02   2.2396623e-02   2.8816905e-01   2.5927353e-03  -1.5709883e-06  -8.7038541e-05
  -1.2284677e-02   3.6836238e-02   2.7773875e-01   1.9248122e-03   1.2640340e-04  -4.0590731e-04
  -1.8921601e-02   3.0706835e-02   2.8266683e-01   2.0905058e-03   5.7090083e-05  -2.7936182e-04
  -3.0736507e-02   3.3955714e-02   3.0559780e-01   2.1021215e-03  -1.8533525e-04   9.9056944e-05
  -1.7784090e-02   2.8823453e-02   3.3114572e-01   2.3808477e-03   9.4900147e-05  -1.8820815e-04
  -1.6442106e-02   2.1998782e-02   3.4236980e-01   2.5682574e-03  -4.8740482e-05  -1.9942595e-04
  -2.0019059e-02   2.7686743e-02   3.2067251e-01   1.9502644e-03  -4.5482757e-06  -3.3596544e-04
  -3.9982605e-02   5.8403909e-02   3.5711343e-01   2.2369704e-03  -2.7920572e-04   2.4152569e-05
  -2.3605075e-02   3.0286889e-02   3.2401686e-01   2.1642581e-03  -2.3494987e-04  -9.1719392e-05
  -2.5191469e-02   3.9283321e-02   3.5106872e-01   2.3463526e-03  -1.6835284e-04  -1.5254295e-05
  -2.8869645e-02   4.7675262e-02   3.4942624e-01   2.4182601e-03  -2.7846040e-04   1.2075101e-04
  -2.2215681e-02   5.8724883e-02   3.6168936e-01   2.6943949e-03  -4.1024287e-04  -6.9686687e-05
  -2.9855992e-02   6.4128856e-02   3.4591590e-01   2.2028427e-03  -2.9375231e-04  -4.4378620e-05
  -1.9068310e-02   4.7789684e-02   3.7110220e-01   2.6366340e-03  -5.2619497e-05  -3.6466505e-04
  -2.6158380e-02   5.1496413e-02   3.5891075e-01   1.9206459e-03  -2.2140417e-04  -1.7912476e-04
  -4.9727877e-03   4.0712115e-02   3.8075631e-01   2.6421050e-03   1.3222441e-04  -4.6507588e-04
  -2.4033196e-02   4.5538378e-02   3.7821419e-01   2.4607533e-03   1.4046646e-05  -7.8741534e-05
  -2.2824038e-02   5.9996090e-02   3.9228787e-01   2.2212725e-03   3.1842071e-04  -9.4143101e-05
  -5.1780211e-03   3.7658510e-02   3.9071905e-01   2.4339320e-03  -1.1908068e-04  -5.9484647e-04
  -6.0142213e-03   4.4740233e-02   3.9134118e-01   2.1033368e-03  -6.8314635e-05  -3.6594445e-04
  -1.2754898e-02   2.5894613e-02   4.0963949e-01   2.7694531e-03   2.6492340e-04  -2.8642541e-04
  -2.0091784e-02   4.0345297e-02   4.2690572e-01   1.9686660e-03  -5.1731981e-06  -3.0343644e-05
  -1.0566251e-02   3.4887148e-02   4.3320425e-01   2.8164238e-03  -5.2775650e-05  -1.7250799e-04
  -1.3102915e-02   3.1487716e-02   4.2546315e-01   2.5955237e-03   3.7670105e-04  -3.9999838e-04
  -4.6612392e-03   4.2160903e-02   4.2810234e-01   2.0337180e-03   4.1777540e-04  -3.4516368e-04
  -1.5290306e-02   3.5720745e-02   4.6293104e-01   2.8967934e-03  -2.6300774e-04  -4.3128400e-04
  -7.4806247e-02  -1.6023434e-02   4.5532357e-01   6.7384088e-03  -5.3578678e-04   2.9289361e-04
  -1.6086492e-01  -1.0141728e-01   2.7516161e-01   9.5965815e-03  -2.4805954e-03   1.0822077e-03
  -1.3257343e-01  -1.0386962e-01   3.7753549e-01   9.4151556e-03  -1.1611460e-03   9.3501278e-04
  -9.4285087e-02   3.3660389e-02   4.0502931e-01   2.6728043e-03   2.2586610e-04   1.2726475e-03
  -6.4590774e-02   6.6752288e-03   4.4423169e-01   2.3935813e-03  -3.0386117e-04   7.4493655e-04
  -7.1580109e-02   2.3597070e-02   4.8340701e-01   1.8163649e-03   2.4641978e-04   1.0398991e-03
  -6.6575499e-02   4.3003871e-02   5.0320744e-01   2.4087807e-03   4.7847453e-04   1.2180292e-03
  -6.3692265e-02   3.9572254e-02   5.1145505e-01   2.3772401e-03   2.0869329e-04   9.4078428e-04
  -7.7640768e-02   5.7166591e-02   4.8788666e-01   2.8641787e-03   9.8853223e-05   1.1642363e-03
  -6.7134688e-02   1.1401207e-01   4.1814661e-01   3.2417956e-03   1.0748961e-03   6.5180022e-04
  -8.1441438e-02   1.4854780e-01   3.9677270e-01   4.6573939e-03   8.6100653e-04   6.3904620e-04
  -4.8969277e-02   1.1410623e-01   4.5548103e-01   5.0330295e-03   1.0438010e-03   1.7197117e-04
  -5.9651420e-02   9.0500034e-02   5.1767006e-01   3.0385152e-03   3.4504246e-04   6.8699714e-04
  -6.6173094e-02   1.0570624e-01   5.3328478e-01   2.9887422e-03   7.3311927e-04   1.1935633e-03
  -5.3415644e-02   8.2026338e-02   5.3059735e-01   2.3608157e-03   4.3103285e-04   5.3445646e-04
  -6.8263097e-02   7.5590749e-02   5.5198759e-01   2.6966440e-03   4.6654570e-04   5.1284135e-04
  -4.9276549e-02   7.8552456e-02   5.6318399e-01   2.5980539e-03   1.0109347e-03   4.7559312e-04
  -4.9331986e-02   7.4568093e-02   5.6252966e-01   2.9734884e-03   6.0422330e-04   7.3860852e-04
  -3.3951685e-02   9.2590471e-02   5.5714078e-01   2.5245996e-03   4.1226596e-04   9.3866935e-05
  -4.4212939e-02   8.8644472e-02   5.7413781e-01   2.9913585e-03   5.8402700e-04   2.5755620e-04
  -5.1237493e-02   9.5382640e-02   5.9742416e-01   2.3386609e-03   7.0837840e-04   7.7161306e-04
  -3.4025687e-02   9.7843540e-02   6.6017483e-01   3.2448532e-03   7.1135957e-04   2.1923670e-04
  -3.7912587e-02   9.9750428e-02   6.2956601e-01   2.3181214e-03   8.6995243e-04   4.9780868e-04
  -3.8827046e-02   9.5117186e-02   6.6641254e-01   3.1656087e-03   1.1962918e-03   5.6291772e-04
  -4.1491001e-02   9.7009227e-02   6.6892331e-01   2.8822474e-03   1.2410049e-03   6.0691682e-04
  -4.8025602e-02   8.7615706e-02   6.6941386e-01   1.4326111e-03   5.0481148e-04   6.6909577e-04
  -3.8709810e-02   8.2413116e-02   6.4828435e-01   2.0995012e-03   6.3523337e-04   5.2742526e-04
  -4.6106501e-02   8.5072197e-02   6.7460988e-01   1.8053552e-03   6.8550463e-04   6.5554808e-04
  -2.3019474e-02   9.5372282e-02   6.9507706e-01   2.2730571e-03   5.6433078e-04  -2.0091857e-05
  -3.5161011e-02   1.0097245e-01   6.7909049e-01   2.2970341e-03   5.0525861e-04   1.3210342e-04
  -3.2606257e-02   9.8558212e-02   6.7843207e-01   1.9123102e-03   5.8662261e-04   3.2553187e-04
  -7.7075881e-02   1.1579121e-01   5.8809964e-01   1.4417569e-03  -6.7708086e-04   8.1121703e-05
  -1.9702580e-01  -1.5592124e-01   8.4448734e-02   1.9489859e-02   4.6302593e-03  -1.5079716e-03
  -1.7347028e-01  -1.0479591e-01   7.2997555e-02   1.9158339e-02   2.5766715e-03  -2.7765122e-03
  -1.7807622e-02  -1.1985878e-02   5.0707853e-01   7.0930388e-03   1.6554766e-03  -2.1669042e-03
  -2.1553202e-02   8.0682565e-02   5.1746076e-01   8.3843449e-04   1.2575314e-03  -1.2773273e-03
  -1.0283410e-02   3.3890433e-02   5.6152553e-01   2.4286208e-04   1.6485976e-03  -1.1073440e-03
   2.7897087e-03   9.3847742e-02   6.2016533e-01   2.2601063e-04   1.7524083e-03  -8.5593817e-04
  -9.1242986e-03   1.0639673e-01   6.7115507e-01   1.0727149e-03   1.3963829e-03  -8.7305436e-04
   1.2437159e-02   1.1989811e-01   6.5015252e-01  -3.1613274e-05   1.4308030e-03  -1.2026690e-03
   7.9261159e-04   1.1618264e-01   6.7033940e-01   7.6811949e-04   1.1898587e-03  -1.0024280e-03
  -1.0335629e-02   1.3678456e-01   6.7800968e-01   1.9582853e-04   1.3718763e-03  -5.5852907e-04
   7.8253463e-03   1.1751529e-01   7.0547256e-01   9.2421218e-04   1.6020240e-03  -8.6645083e-04
   7.5616073e-03   1.8503878e-01   7.0757869e-01   2.0537398e-04   1.2554102e-03  -1.3351582e-03
  -2.5840957e-03   1.2864325e-01   7.1948211e-01   4.6967083e-04   1.3177375e-03  -6.2906756e-04
  -6.3051834e-03   1.2807160e-01   7.3982815e-01   8.3815109e-04   1.1524820e-03  -5.1380659e-04
   2.4852245e-03   1.5008413e-01   7.6960056e-01   7.4434321e-04   9.9942356e-04  -6.7937275e-04
  -4.3434989e-03   1.3452077e-01   7.7939565e-01   8.4110871e-04   1.2541130e-03  -4.3188405e-04
  -1.1814520e-02   2.5671488e-01   7.6004405e-01  -1.5702119e-04   9.6970838e-04  -1.1808916e-04
  -2.4087091e-03   1.3230541e-01   7.8915993e-01   8.1622775e-04   1.0976192e-03  -5.2884964e-04
  -4.3456306e-03   1.4664996e-01   8.0102075e-01   4.3742047e-04   1.3511270e-03  -5.0428512e-04
   5.7907908e-04   1.2907298e-01   7.7827489e-01   3.8966746e-05   1.1928075e-03  -2.2564768e-04
  -1.1119099e-02   1.3238044e-01   8.0572911e-01   1.2233525e-03   7.3370825e-04  -2.7911091e-04
   5.0680532e-03   1.6349541e-01   8.2476914e-01   8.2134686e-04   1.1847389e-03  -6.5241332e-04
   1.2749463e-02   1.4685489e-01   8.3969902e-01   9.1968814e-04   1.2859141e-03  -4.2801924e-04
   1.9211511e-02   1.4590340e-01   8.4955656e-01   7.8682570e-04   1.0577727e-03  -4.2490736e-04
   1.2854389e-02   1.6265465e-01   8.5355732e-01   7.4855737e-04   1.2722492e-03  -5.2299278e-04
   1.7060548e-02   1.5421715e-01   8.3355285e-01   2.6550242e-04   9.6432446e-04  -6.0677861e-04
   1.5775401e-02   1.4843304e-01   8.5489863e-01   7.4970417e-04   1.0567315e-03  -6.3527205e-04
   1.8500032e-02   1.5499258e-01   8.7250694e-01   9.7549837e-04   1.2223325e-03  -7.5260498e-04
   1.4204947e-02   1.5778545e-01   8.6303726e-01   1.8093229e-04   1.1676789e-03  -5.4963015e-04
  -2.1784531e-03   1.4969567e-01   8.7947740e-01   5.4272132e-04   1.1137416e-03  -1.9237136e-04
   1.5143043e-02   1.7073991e-01   8.8884351e-01   8.1842673e-04   1.0774070e-03  -5.3232649e-04
   2.5674016e-02   1.6915995e-01   9.0126719e-01   8.2679547e-04   1.1527570e-03  -7.6636477e-04
   1.0414288e-02   1.5190722e-01   8.8846734e-01   4.1978730e-04   1.1526821e-03  -3.7880079e-04
   1.9212575e-02   1.8907233e-01   9.0990581e-01   2.9548360e-04   1.1476773e-03  -5.5442596e-04
   8.7800939e-03   1.7277326e-01   9.0625415e-01  -6.8260763e-05   1.0304400e-03  -3.9087395e-04
   1.7854082e-02   1.6780647e-01   9.2503445e-01   3.8514917e-04   1.1430353e-03  -4.4077262e-04
   2.7470587e-02   1.6321749e-01   9.1739172e-01   5.1778438e-05   1.3742422e-03  -6.8312920e-04
   3.5264059e-02   1.7716373e-01   9.3099231e-01   4.4160251e-04   1.3211990e-03  -9.3108910e-04
   4.0283925e-02   1.8127802e-01   9.4678853e-01   8.1555474e-04   1.4449771e-03  -6.1373907e-04
   2.3174480e-02   1.6095319e-01   9.5757577e-01   5.3246189e-04   9.8345630e-04  -5.5052884e-04
   3.2767475e-02   1.5512298e-01   9.3208611e-01  -3.6372467e-04   9.9558907e-04  -8.2725596e-04
   2.0234992e-02   1.5529358e-01   9.5379054e-01   4.0781515e-04   1.0839474e-03  -4.3548919e-04
   3.0048674e-02   1.8503037e-01   9.7016383e-01   6.7673574e-04   1.1585656e-03  -6.1072754e-04
   2.7788503e-02   1.6175685e-01   9.6084059e-01   4.7206283e-04   8.9223124e-04  -8.7256811e-04
   3.3634538e-02   1.8115213e-01   9.9730175e-01   8.8265798e-04   1.3439156e-03  -7.0030769e-04
   2.8919470e-02   1.7935945e-01   9.8847834e-01   2.0015563e-04   9.1312159e-04  -5.9324363e-04
   3.3725012e-02   1.8191207e-01   9.8838319e-01   2.0644470e-04   1.2731276e-03  -7.1550257e-04
   2.1677808e-02   1.6640230e-01   1.0263927e+00   8.1815582e-04   9.4833285e-04  -5.6512515e-04
   3.2704262e-02   1.8316217e-01   1.0122442e+00   2.1856562e-04   8.5019004e-04  -9.1181008e-04
   2.4886796e-02   1.5908728e-01   1.0114994e+00   3.9098859e-04   6.6218391e-04  -6.4342731e-04
   3.5760327e-02   1.7961637e-01   1.0311927e+00   4.2300630e-04   9.8431684e-04  -6.8149344e-04
   2.1736398e-02   1.7206677e-01   1.0253281e+00   2.3618842e-04   8.7067163e-04  -2.1071524e-04
   3.3682740e-02   1.8318835e-01   1.0281116e+00   3.2196691e-04   9.8525521e-04  -6.6923156e-04
   4.2893570e-02   1.7107404e-01   1.0414736e+00   3.2103403e-04   9.7127696e-04  -7.1819086e-04
   3.8609712e-02   1.8449375e-01   1.0552049e+00   2.9786265e-04   1.0048579e-03  -6.7139446e-04
   2.8999080e-02   1.7984295e-01   1.0553825e+00   2.2869774e-04   6.3648994e-04  -6.4582603e-04
   4.3369683e-02   1.7745220e-01   1.0791733e+00   1.0034854e-03   1.0364599e-03  -8.1135811e-04
   5.3673517e-02   1.7114555e-01   1.0740236e+00   3.0838550e-04   8.2683475e-04  -1.0153783e-03
   3.5166318e-02   1.7040662e-01   1.0821480e+00   8.3323928e-04   7.9392530e-04  -5.0452592e-04
   2.8639757e-02   1.6500249e-01   1.1156805e+00   1.1907680e-03   4.1186538e-04  -4.1668321e-04
   4.1124817e-02   1.7859798e-01   1.0897136e+00   1.7841322e-04   6.1963453e-04  -1.0619667e-03
   4.9330169e-02   1.8405482e-01   1.0977173e+00   4.0926532e-04   1.0608948e-03  -6.4973434e-04
   4.2790145e-02   2.0462053e-01   1.0973116e+00   5.8928664e-04   6.8428155e-04  -6.5247618e-04
   4.0747500e-02   1.9469273e-01   1.1108432e+00   6.4240309e-04   9.0992736e-04  -4.9688432e-04
   3.0926182e-02   1.8505718e-01   1.1058596e+00   2.8900038e-04   5.5868257e-04  -6.8713126e-04
   2.8905967e-02   1.8960885e-01   1.1351857e+00   5.1680052e-04   7.1449398e-04  -5.2590360e-04
   3.3489423e-02   1.8535501e-01   1.1307397e+00   3.9696768e-04   4.4818609e-04  -5.8274943e-04
   5.1021104e-02   1.8908467e-01   1.1525300e+00   7.9940491e-04   6.3652027e-04  -8.2994258e-04
   4.3783820e-02   1.7281772e-01   1.1402350e+00   3.3371496e-04   8.6001500e-04  -6.0635621e-04
   4.3415443e-02   1.9592645e-01   1.1533327e+00   2.1088721e-04   6.9174102e-04  -8.0062531e-04
   3.6731584e-02   1.8435987e-01   1.1740478e+00   8.6491952e-04   5.1325348e-04  -5.1815236e-04
   4.3945778e-02   1.7060904e-01   1.1645460e+00   4.4332445e-04   5.0515000e-04  -7.9673932e-04
   5.9343486e-02   1.7791313e-01   1.2003566e+00   1.0173504e-03   8.9204860e-04  -7.8431895e-04
   3.9097664e-02   1.7642900e-01   1.1852031e+00   2.5180829e-04   8.1165094e-04  -7.4995185e-04
   5.1229529e-02   1.8942075e-01   1.1964639e+00   5.0526833e-04   6.8066422e-04  -5.8520078e-04
   4.9778225e-02   2.0067436e-01   1.1940490e+00  -2.5417205e-05   4.5985612e-04  -9.6493502e-04
   4.6276783e-02   1.9096412e-01   1.2136652e+00   5.3598605e-04   4.8505593e-04  -8.9360514e-04
   3.0174847e-02   1.8361270e-01   1.2077919e+00   8.4725873e-04   4.0437117e-04  -7.5836662e-04
   5.1155875e-02   1.8120177e-01   1.2425459e+00   1.0379083e-03   5.9250937e-04  -8.1225561e-04
   5.4836895e-02   1.8966406e-01   1.2126069e+00   3.8317357e-04   6.2590403e-04  -8.6216242e-04
   5.4231744e-02   1.8342854e-01   1.2427650e+00   7.1077990e-04   1.1768156e-03  -6.9856322e-04
   6.2551595e-02   1.8312325e-01   1.2490971e+00   4.1389036e-04   9.2186034e-04  -9.7502882e-04
   6.2814688e-02   1.8072765e-01   1.2597743e+00   9.4029843e-04   8.7838025e-04  -1.1396502e-03
   4.5281181e-02   1.9595157e-01   1.2512637e+00   9.9602854e-05   6.3753077e-04  -6.6290813e-04
   6.5391266e-02   1.8488010e-01   1.2666445e+00   6.1872021e-04   5.7066625e-04  -1.0838331e-03
   3.0293867e-02   1.7490576e-01   1.2290052e+00   2.5012756e-03   4.1935261e-04  -7.4911154e-04
  -1.5693306e-04   1.3413568e-01   1.2036308e+00   7.6917185e-03  -1.7218132e-03  -7.4936814e-04
  -1.4681244e-03   1.4834219e-01   1.1895160e+00   6.7219120e-03  -1.1317489e-04   2.0814626e-04
   9.7781475e-03   1.4289149e-01   1.1785519e+00   4.6463899e-03  -6.1178361e-04  -1.2154762e-04
  -9.5610702e-03   1.4086804e-01   1.2377483e+00   3.9715195e-03  -4.7823221e-04   5.9430446e-04
   7.7118599e-03   1.4476511e-01   1.2898621e+00   4.0851862e-03  -7.6791456e-04   1.9513706e-04
  -1.5306996e-02   1.6509458e-01   1.2981022e+00   3.2330006e-03  -8.1234211e-04   5.4476001e-04
  -1.9830455e-02   1.7708887e-01   1.2905440e+00   2.9717739e-03  -6.9266100e-04   8.2149807e-04
  -1.1233570e-02   1.5864137e-01   1.3028529e+00   2.9449261e-03  -5.2987337e-04   4.7166198e-04
  -2.0267506e-03   1.8424639e-01   1.3202506e+00   2.8881645e-03  -5.5028828e-04   4.1270678e-04
  -2.1553405e-02   1.5778506e-01   1.3216028e+00   3.1338279e-03  -8.9250845e-04   7.0130151e-04
   2.8612352e-03   1.7998101e-01   1.3602780e+00   3.5427382e-03  -7.0443783e-04   6.6872823e-05
  -1.4171341e-02   1.7737032e-01   1.3585317e+00   3.4617373e-03  -5.1960481e-04   6.0561444e-04
   1.3987536e-02   1.7297210e-01   1.3801069e+00   3.2720639e-03  -2.7374383e-04   2.1055869e-04
   4.7503222e-03   1.7281221e-01   1.3752440e+00   2.9789814e-03  -5.3130706e-04   1.8793016e-04
   3.9749720e-05   1.6809646e-01   1.4297177e+00   3.8204332e-03  -6.9385453e-04   3.5058716e-04
   2.3520380e-02   1.9631040e-01   1.4488366e+00   4.7150457e-03   3.2235690e-05  -2.6882267e-04
   1.5270381e-02   1.8554293e-01   1.4169892e+00   3.7853228e-03  -1.2270439e-03  -1.5181357e-04
   1.0967165e-02   1.8403405e-01   1.4358703e+00   3.4803774e-03  -1.2997608e-03   1.0584314e-04
   2.0193049e-02   1.6694134e-01   1.4603815e+00   3.6218656e-03  -8.5361677e-04  -1.9126659e-04
   1.8134111e-02   1.8746334e-01   1.4425025e+00   3.0892283e-03  -5.6289754e-04  -2.7812815e-04
   1.7363826e-02   1.9307753e-01   1.4658226e+00   3.3762565e-03  -5.9423800e-04  -1.1590772e-05
   2.0756533e-02   2.0501273e-01   1.4670490e+00   2.5805649e-03  -9.7832800e-04  -3.2092982e-05
   9.4652737e-03   1.9136434e-01   1.4605341e+00   2.8205304e-03  -8.1657828e-04   1.8972768e-04
   2.2358947e-02   1.7951561e-01   1.4849578e+00   3.3677593e-03  -7.2606085e-04   1.6741131e-04
   1.5241981e-02   1.9546096e-01   1.4819874e+00   3.0048100e-03  -5.4040657e-04   3.6705563e-04
   2.3486788e-02   1.9399951e-01   1.4706961e+00   2.9618421e-03  -6.4295529e-04  -2.5494919e-04
   2.4904690e-02   1.9972083e-01   1.4874032e+00   3.5528005e-03  -1.0056018e-03  -1.4755901e-04
   2.8552267e-02   1.9845485e-01   1.4569770e+00   2.6562832e-03  -8.9829258e-04  -2.5250286e-04
   2.8880466e-02   1.8811400e-01   1.4870827e+00   3.2222390e-03  -8.4441487e-04  -2.9072687e-04
   3.7372424e-02   2.0285434e-01   1.4812004e+00   2.6340230e-03  -7.5510206e-04  -9.0828882e-05
   2.8094027e-02   1.9280629e-01   1.4932563e+00   2.7053452e-03  -9.3976151e-04  -4.7290300e-06
   2.0157946e-02   1.9011634e-01   1.5153576e+00   3.1684812e-03  -8.1548484e-04  -1.7363896e-04
   3.2605953e-02   2.0850495e-01   1.5021665e+00   2.3435421e-03  -4.9444012e-04   1.1476739e-04
   2.4565630e-02   1.9122959e-01   1.5152251e+00   2.6704522e-03  -9.3608894e-04  -1.5665357e-04
   1.6542767e-02   1.8669214e-01   1.5146545e+00   2.6947777e-03  -9.2363351e-04  -5.3048230e-05
   2.9708728e-02   2.0065585e-01   1.5317574e+00   2.8673724e-03  -6.4083294e-04  -2.0039631e-04
   2.5392616e-02   1.8212647e-01   1.5378193e+00   2.9926015e-03  -6.6535354e-04   6.2945619e-05
   3.6107918e-02   2.3117561e-01   1.5400076e+00   2.4179995e-03  -5.8050400e-04  -2.5514415e-04
   1.6382614e-02   2.0013193e-01   1.5441279e+00   2.7357712e-03  -4.8176398e-04   5.4591881e-05
   1.7513524e-02   2.0983694e-01   1.5350216e+00   2.3795529e-03  -7.4537754e-04  -1.6559954e-04
   2.6101609e-02   2.0562637e-01   1.5509355e+00   2.7375303e-03  -8.7229696e-04   3.3914508e-05
   4.3321711e-02   2.0765567e-01   1.5672804e+00   2.6374552e-03  -6.7511558e-04  -2.7529253e-04
   2.0682806e-02   2.0708274e-01   1.5889387e+00   2.7608001e-03  -5.0828159e-04  -1.7758626e-04
   1.7846531e-02   2.1084427e-01   1.5908506e+00   3.0610779e-03  -4.8335877e-04   8.9903643e-05
   4.0371868e-02   2.1123426e-01   1.6111907e+00   3.2684845e-03  -5.3003508e-04  -3.8133677e-04
   2.3565062e-02   2.1134605e-01   1.6126168e+00   2.5741322e-03  -3.9406168e-04  -2.1900904e-05
   2.2843568e-02   2.3193599e-01   1.6274701e+00   2.7278173e-03  -2.4012816e-04  -4.4095685e-05
   2.7230838e-02   2.2398468e-01   1.6208869e+00   3.1450493e-03  -6.6098549e-04   7.3274126e-05
   3.7972895e-02   2.0691131e-01   1.6383698e+00   3.6217118e-03  -7.7258577e-04  -4.6460470e-04
   2.1762050e-02   2.1091138e-01   1.6350394e+00   2.8511427e-03  -5.4418801e-04  -1.2459179e-04
   3.0899372e-02   2.0724340e-01   1.6456155e+00   2.7299058e-03  -2.6315981e-04  -2.5392520e-04
   2.6085534e-02   2.2218248e-01   1.6656124e+00   3.2190962e-03  -7.3531057e-04  -3.2841096e-04
   2.0100062e-02   2.1998787e-01   1.6744076e+00   3.2352719e-03  -7.6048513e-04  -1.4144249e-04
   2.5772576e-02   2.1826277e-01   1.6709904e+00   3.2347958e-03  -4.6039631e-04  -1.4282798e-04
   2.0634049e-02   2.1398517e-01   1.6808153e+00   3.2176667e-03  -7.4002889e-04  -1.0463994e-05
   2.8331350e-02   2.2428013e-01   1.6778136e+00   2.6172693e-03  -9.5822550e-04  -4.1785904e-04
   1.9348366e-02   2.1390950e-01   1.7108100e+00   3.3314035e-03  -9.1352548e-04  -3.7720708e-04
   2.6630668e-02   2.2102823e-01   1.7046913e+00   3.0678294e-03  -6.1815954e-04   6.0260184e-06
   3.5710599e-02   2.3569092e-01   1.7094067e+00   2.8527168e-03  -5.5763412e-04  -2.2099224e-04
   4.2959027e-02   2.2903735e-01   1.7122530e+00   2.9069938e-03  -2.3180594e-04  -1.6824929e-04
   4.5989713e-02   2.3027117e-01   1.7143509e+00   3.1825508e-03  -7.5222065e-04  -3.7375174e-04
   3.6526408e-02   2.4298132e-01   1.7312693e+00   3.1777588e-03  -7.8510915e-04  -1.1419840e-04
   2.9925362e-02   2.3126741e-01   1.7203614e+00   2.4119336e-03  -5.9566044e-04  -1.1805391e-04
   4.3982237e-02   2.3878643e-01   1.7307976e+00   2.4680260e-03  -7.4881773e-04  -5.0678613e-04
   3.5491400e-02   2.3761254e-01   1.7715613e+00   3.1947861e-03  -4.2993213e-04  -1.4274217e-04
   5.0997637e-02   2.3860748e-01   1.7603673e+00   2.6247759e-03  -5.9125505e-04  -4.3478387e-04
   3.9312147e-02   2.2530095e-01   1.7924747e+00   3.4335069e-03  -4.6508875e-04  -2.5120923e-04
   3.4984902e-02   2.3858479e-01   1.7760455e+00   2.8117753e-03  -6.0624471e-04  -3.0202367e-04
   5.0115406e-02   2.3803811e-01   1.7881495e+00   3.1440874e-03  -6.9656875e-04  -4.0953334e-04
   4.1601603e-02   2.3832554e-01   1.7689071e+00   2.5291211e-03  -8.3499811e-04  -2.6345869e-04
   3.8478956e-02   2.3259241e-01   1.7968245e+00   2.9262966e-03  -8.4380161e-04  -9.1275140e-05
   4.4805689e-02   2.3489422e-01   1.8079168e+00   3.0187279e-03  -6.3176463e-04  -1.0419759e-04
   3.3997303e-02   2.3002360e-01   1.8260156e+00   3.0735110e-03  -6.9987667e-04  -7.4385594e-06
   3.2432660e-02   2.3256002e-01   1.8502305e+00   3.5803897e-03  -9.2473870e-04  -3.2786565e-05
   4.0478244e-02   2.4258846e-01   1.8396005e+00   2.6190562e-03  -6.9256148e-04  -7.9143418e-05
   4.9520418e-02   2.5718953e-01   1.8480193e+00   3.0458714e-03  -7.2174012e-04  -4.1513096e-04
   3.1940855e-02   2.3156069e-01   1.8417675e+00   2.9846703e-03  -7.0134682e-04   1.0580844e-04
   4.7994453e-02   2.3860169e-01   1.8698513e+00   3.3650651e-03  -4.9233596e-04  -2.9207609e-04
   3.8974176e-02   2.3623825e-01   1.8762719e+00   3.0506609e-03  -6.6666766e-04  -5.7515896e-05
   3.1578417e-02   2.5085665e-01   1.8707738e+00   2.5433065e-03  -8.2209697e-04  -1.0480360e-04
   4.5131851e-02   2.3794620e-01   1.8862434e+00   3.1323503e-03  -9.3569909e-04  -2.5719276e-04
   1.8494389e-02   2.5020534e-01   1.9040266e+00   3.6382929e-03  -4.3632969e-04   2.4131554e-04
   2.9177950e-03   1.5217395e-01   1.8055572e+00   9.8730898e-03  -8.1779376e-04   5.5814106e-05
   1.2243330e-02   2.1064887e-01   1.8511841e+00   4.5096392e-03   5.8584298e-04   9.9633796e-04
   2.7858678e-02   2.1178828e-01   1.8497362e+00   3.9786060e-03  -6.9389028e-04   1.4294967e-04
   2.1459809e-02   2.1919276e-01   1.8873452e+00   3.5146716e-03  -7.3629465e-04   5.9467700e-05
   3.9244047e-02   2.1810429e-01   2.0031705e+00   3.9243953e-03  -1.7418452e-04   2.2383258e-04
   3.8158849e-02   2.4750509e-01   1.9515302e+00   2.7274220e-03  -3.7910579e-04   3.5760109e-04
   3.6976225e-02   2.5995721e-01   1.9439432e+00   2.9723726e-03  -4.8951456e-04   1.7172091e-04
   4.2733786e-02   2.8107465e-01   1.9595970e+00   2.8925785e-03  -2.5655986e-04   1.1333200e-04
   4.9333471e-02   2.6083677e-01   1.9471169e+00   2.6659224e-03  -3.3712649e-04   2.4599725e-04
   3.5054099e-02   2.7100460e-01   1.9739601e+00   2.9168019e-03  -4.1398745e-04   4.1177588e-04
   4.5362651e-02   2.8448745e-01   1.9896864e+00   3.1987725e-03  -4.4890930e-04  -1.2554595e-04
   3.6824571e-02   2.6541645e-01   1.9830509e+00   3.0239052e-03  -7.3698637e-04   4.2370612e-04
   3.4769248e-02   2.6709101e-01   1.9878853e+00   2.7836697e-03  -5.4768485e-04   3.1368240e-04
   3.8252624e-02   2.6497201e-01   1.9959619e+00   2.7783254e-03  -7.8029027e-04   2.6299684e-04
   4.8126045e-02   2.5779116e-01   2.0118146e+00   2.7574771e-03  -4.5497818e-04   2.4788344e-04
   4.1384193e-02   2.3810331e-01   1.9975706e+00   2.3949219e-03  -9.8594680e-04   2.9397979e-04
   3.5403037e-02   2.4446668e-01   2.0225332e+00   2.9295579e-03  -6.3039789e-04   4.5711764e-04
   4.5749454e-02   2.6815097e-01   2.0235901e+00   2.9166682e-03  -9.3225533e-04   5.8901290e-04
   5.2602500e-02   2.7103354e-01   2.0333365e+00   2.5435614e-03  -6.3032030e-04  -4.0700597e-04
   5.6535311e-02   2.6133240e-01   2.0466332e+00   2.7594647e-03  -7.3172303e-04   6.0523647e-05
   5.0687469e-02   2.5737804e-01   2.0534446e+00   2.8378860e-03  -4.5388927e-04   4.3352360e-06
   4.5445832e-02   2.5719129e-01   2.0566368e+00   2.5501249e-03  -7.0139845e-04   4.0520452e-04
   6.4320929e-02   2.9376768e-01   2.0258834e+00   2.0674877e-03  -6.5345629e-04  -3.8284076e-04
   5.5615838e-02   2.6165878e-01   2.0572338e+00   2.7680146e-03  -4.9635506e-04   2.6166742e-04
   5.5307719e-02   2.6728442e-01   2.0606045e+00   2.5485216e-03  -4.6520218e-04   1.0334972e-04
   5.7601083e-02   2.6049646e-01   2.1257995e+00   3.2329949e-03  -5.2456226e-04  -7.4733755e-06
   3.4893634e-02   2.6187308e-01   2.0920791e+00   2.7389246e-03  -8.5209943e-04   4.4460368e-04
   4.1618142e-02   2.7042031e-01   2.1177614e+00   3.1887336e-03  -2.4896501e-04   5.0595210e-04
   6.3099283e-02   2.8036281e-01   2.1065115e+00   2.9707992e-03  -5.3000663e-04   9.8592259e-05
   6.5911491e-02   2.9578829e-01   2.1001367e+00   2.4946545e-03  -5.6972713e-04  -7.1011174e-06
   2.9706356e-02   3.3496773e-01   2.1872697e+00   4.4223956e-03  -1.7225960e-03   6.2244368e-04
   1.6670017e-02   1.3354840e-01   1.8646846e+00   9.0763037e-03   2.8467542e-03   6.3378771e-04
  -5.6149027e-02   9.0607279e-02   1.7455893e+00   9.4504320e-03   3.7797924e-03   1.3256897e-03
  -1.8450093e-02   1.4481674e-01   1.9685236e+00   3.4734163e-03   6.8294166e-04   1.1437211e-03
   1.2291263e-02   1.7891242e-01   2.0277038e+00  -2.9108979e-04  -1.9083345e-04   9.7773041e-04
   3.1831728e-02   2.2318366e-01   2.1127924e+00   2.7802272e-04   7.9635744e-04   7.8356219e-04
   4.8071231e-02   2.5567935e-01   2.1267010e+00   5.1085296e-04   6.6252746e-04   8.1735980e-04
   4.3849881e-02   2.5917573e-01   2.1509172e+00   1.1045250e-03   3.6442834e-04   7.4645144e-04
   5.9133302e-02   2.4012124e-01   2.1306037e+00   3.6163598e-04   3.4610526e-04   3.6977715e-04
   4.3320604e-02   2.3442501e-01   2.2058889e+00  -2.6537994e-04   4.1251036e-04   7.4071853e-04
   5.6875415e-02   2.8174543e-01   2.1853217e+00   3.3428114e-06   1.7482186e-04   1.7808641e-04
   6.3149238e-02   2.8378811e-01   2.2033390e+00   2.1258064e-04   6.5292731e-04   3.6248117e-04
   4.3126012e-02   2.6776220e-01   2.2066113e+00   5.9023946e-04  -3.5531732e-04   2.0253011e-04
   5.6614250e-02   2.8002747e-01   2.1900004e+00  -2.5835713e-04  -3.2141324e-04   3.5658720e-04
   4.7948560e-02   2.6172553e-01   2.2252689e+00   7.2616560e-04  -7.3692704e-05   4.1667694e-04
   4.9978004e-02   2.7343954e-01   2.2648701e+00   6.2101533e-04  -1.5915200e-04   8.2456404e-04
   5.7826949e-02   2.7638571e-01   2.2447875e+00   3.3829523e-04  -4.2695792e-04   3.3994724e-04
   6.7730842e-02   2.7485732e-01   2.2897204e+00   1.2449118e-03  -5.1425077e-04   1.6234313e-04
   6.8246012e-02   2.6837295e-01   2.2906252e+00   1.0701853e-03  -5.9143643e-04  -4.4898256e-05
   6.0556381e-02   2.8690903e-01   2.3191510e+00   9.0574058e-04  -3.7665124e-04   5.7383583e-04
   6.3874248e-02   2.9402673e-01   2.3287738e+00   1.3327436e-03  -1.3674421e-04   4.6967628e-04
   6.5797400e-02   2.9029958e-01   2.3058729e+00   4.4763878e-04  -8.8244259e-04   3.5145255e-04
   5.5575560e-02   2.8793890e-01   2.3165424e+00   8.9530362e-04  -5.4404546e-04   1.2562996e-04
   5.0863825e-02   2.8642111e-01   2.3676811e+00   4.0392509e-04  -8.2727205e-04   4.1572215e-04
   4.9761887e-02   2.9985177e-01   2.3708415e+00   1.4275633e-03  -7.3787502e-04   2.7809219e-04
   6.4968625e-02   2.9122779e-01   2.4014602e+00   1.6095380e-03  -7.8867924e-04   1.6274715e-04
   6.2161775e-02   3.0486587e-01   2.3892772e+00   1.6028771e-03  -5.1353615e-04   9.6391831e-05
   6.4803620e-02   2.8414970e-01   2.3770773e+00   1.2597970e-03  -6.9626270e-04  -2.0264374e-04
   6.9202013e-02   2.8881113e-01   2.3877812e+00   7.3183137e-04  -6.8124233e-04   3.5352203e-05
   6.6336648e-02   2.9522278e-01   2.4012287e+00   1.5211412e-03  -6.0407181e-04   1.4126395e-04
   5.1249351e-02   3.0135526e-01   2.3642207e+00   9.9753030e-04  -7.7344880e-04   3.4443460e-04
   5.4287120e-02   3.0263970e-01   2.3578625e+00   1.0191548e-03  -1.2470505e-03   4.0562415e-04
   6.8634252e-02   2.9167655e-01   2.3564020e+00   1.1214532e-03  -7.3261629e-04   9.1439347e-05
   7.4355154e-02   2.9455835e-01   2.3737718e+00   1.5680126e-03  -8.5389610e-04   3.7734013e-04
   5.7330007e-02   3.0098363e-01   2.3677956e+00   6.2553430e-04  -6.4584114e-04   2.7931005e-04
   7.9802982e-02   3.0705639e-01   2.3756934e+00   9.0976207e-04  -3.8582221e-04   1.3174606e-04
   6.2479270e-02   2.9715441e-01   2.4080382e+00   1.5364461e-03  -1.1704832e-04   5.1997316e-04
   2.3822786e-02   2.7044598e-01   2.2775309e+00   1.8437826e-03   1.3228399e-03   1.1956607e-03
  -2.8306120e-02   3.4514198e-02   1.9229201e+00   1.2931558e-02   3.7899246e-03  -8.7556779e-04
   8.4623674e-02   1.5595606e-01   2.2339954e+00   2.3881233e-03   2.3991449e-03  -2.8097075e-03
   8.3597963e-02   1.9826717e-01   2.2078374e+00  -2.1798215e-03   1.1329818e-03  -9.3443902e-04
   9.9839870e-02   2.0991507e-01   2.2755985e+00  -2.2113960e-03   1.1707082e-03  -1.0755014e-03
   1.0738570e-01   2.5432815e-01   2.3318285e+00  -2.0558519e-03   1.4149499e-03  -1.0753960e-03
   9.5164683e-02   2.7531789e-01   2.3485614e+00  -1.8926472e-03   1.1020802e-03  -7.0620722e-04
   9.0162972e-02   2.8199007e-01   2.3412823e+00  -2.0488147e-03   1.0022302e-03  -6.2595222e-04
   1.0764196e-01   2.9558285e-01   2.3806388e+00  -1.3266772e-03   1.4168080e-03  -4.6077011e-04
   1.0482555e-01   3.0721727e-01   2.3795250e+00  -2.4737481e-03   1.0142840e-03  -6.6326535e-04
   9.5826338e-02   2.9080413e-01   2.3836702e+00  -2.1334987e-03   1.2110190e-03  -4.3329143e-04
   9.8140859e-02   2.9742052e-01   2.4194325e+00  -1.6670800e-03   7.7926992e-04  -4.9227062e-04
   9.6391229e-02   2.8012489e-01   2.4447764e+00  -1.5110395e-03   8.4093345e-04  -4.3678479e-04
   1.0272838e-01   2.9133009e-01   2.4669026e+00  -9.9513183e-04   8.7952318e-04  -1.7192791e-04
   1.0431381e-01   2.9290652e-01   2.4666325e+00  -1.4009779e-03   6.5301668e-04  -2.3443320e-04
   1.0402551e-01   2.9896167e-01   2.4661958e+00  -1.7544330e-03   8.8541971e-04  -4.8268834e-04
   9.4255219e-02   2.9613998e-01   2.4784343e+00  -1.4788095e-03   8.6430281e-04  -3.3456143e-04
   9.9332329e-02   2.9360370e-01   2.4828774e+00  -1.5053018e-03   7.8577097e-04  -4.5519984e-04
   1.1035566e-01   3.1663649e-01   2.5090265e+00  -1.1624642e-03   7.0759981e-04  -7.7717672e-04
   9.1324392e-02   3.0068396e-01   2.4970718e+00  -1.4425676e-03   7.7227696e-04  -3.2209692e-04
   1.0330954e-01   3.0629437e-01   2.4977758e+00  -1.5609594e-03   4.8823433e-04  -5.5444061e-04
   8.5005860e-02   3.0978965e-01   2.5234000e+00  -1.1212861e-03   6.9594081e-04  -2.1022572e-04
   1.0092142e-01   3.1516783e-01   2.5268538e+00  -1.0648506e-03   5.2243156e-04  -3.5390218e-04
   9.6041237e-02   3.1563798e-01   2.5312297e+00  -1.1607655e-03   5.6303412e-04  -2.8320771e-04
   9.6628719e-02   3.2536175e-01   2.5445192e+00  -1.2075800e-03   6.1481222e-04  -5.1242967e-04
   8.1721645e-02   3.0718616e-01   2.5355930e+00  -1.2709224e-03   7.3009763e-04  -9.7504418e-05
   1.0750455e-01   3.2181065e-01   2.5447325e+00  -1.3264941e-03   1.0138447e-03  -3.4918477e-04
   1.1483911e-01   3.2244697e-01   2.5726318e+00  -9.1464440e-04   9.3118713e-04  -5.0187082e-04
   1.0216406e-01   3.1562524e-01   2.5643483e+00  -9.1666136e-04   8.5044785e-04  -2.4882733e-04
   9.1121735e-02   3.0858627e-01   2.5678433e+00  -1.3529826e-03   6.4246645e-04  -2.1570190e-04
   1.1104072e-01   3.1551939e-01   2.5894296e+00  -9.0074013e-04   7.7107805e-04  -4.0739550e-04
   1.1066066e-01   2.9597812e-01   2.5823716e+00  -1.0175366e-03   7.2945468e-04  -4.3902580e-04
   1.1451917e-01   3.0794485e-01   2.5680664e+00  -1.4412361e-03   5.1084739e-04  -6.6976407e-04
   1.1638489e-01   3.1882062e-01   2.5896562e+00  -1.0793519e-03   6.3058406e-04  -6.2828144e-04
   1.1474085e-01   3.2024805e-01   2.6143563e+00  -9.0189911e-04   7.7520683e-04  -4.8289138e-04
   1.3091337e-01   3.2242292e-01   2.6506661e+00  -1.0959603e-03   1.4964847e-03  -7.1304997e-04
   1.0974432e-01   3.2251476e-01   2.6511626e+00  -7.5906085e-04   6.2626127e-04  -4.0662784e-04
   1.1288010e-01   3.2937931e-01   2.6699402e+00  -8.7376093e-04   5.6164321e-04  -6.5189597e-04
   1.1551092e-01   3.1626716e-01   2.6809926e+00  -3.4399667e-04   5.1305115e-04  -4.5552551e-04
   1.1318645e-01   3.4065415e-01   2.6747157e+00  -1.0233492e-03   3.5433197e-04  -5.9283452e-04
   1.2247182e-01   3.2303703e-01   2.6770739e+00  -9.1382805e-04   2.9219330e-04  -8.6585347e-04
   1.2117147e-01   3.2243877e-01   2.6767823e+00  -9.6599532e-04   1.8949970e-04  -9.4165328e-04
   1.1531937e-01   3.2818864e-01   2.6765951e+00  -7.1390250e-04   2.6320501e-04  -5.7421345e-04
   1.1409606e-01   3.1147055e-01   2.6869032e+00  -1.5146978e-03   3.6839605e-04  -3.5702662e-04
   1.3043056e-01   3.0877161e-01   2.6829870e+00  -1.0971834e-03   5.3944881e-04  -9.4297112e-04
   1.2524104e-01   3.3461680e-01   2.7106459e+00  -7.8691633e-04   2.9847991e-04  -8.8225675e-04
   1.2703370e-01   3.1976920e-01   2.7035744e+00  -5.8690600e-04   2.8650076e-04  -7.2665810e-04
   1.2355206e-01   3.4024031e-01   2.7014081e+00  -9.0930652e-04   3.4959908e-05  -7.6525884e-04
   1.3281797e-01   3.4176695e-01   2.7034795e+00  -1.4145005e-03   2.4167373e-04  -1.0600416e-03
   1.0819862e-01   3.3159715e-01   2.7134648e+00  -9.3267692e-04   3.9727309e-05  -5.4602080e-04
   1.1027732e-01   3.2786002e-01   2.7387945e+00  -6.8257343e-04  -2.7306321e-05  -7.2457248e-04
   1.2790611e-01   3.2416346e-01   2.7223071e+00  -1.4022726e-03   7.3917080e-05  -6.5361630e-04
   1.4091975e-01   3.2900109e-01   2.7627458e+00  -3.8427697e-04   5.3545140e-04  -1.1143613e-03
   1.1112161e-01   3.1880381e-01   2.7596151e+00  -1.0678277e-03  -2.9478932e-04  -5.1429501e-04
   1.1065907e-01   3.2259517e-01   2.7514635e+00  -9.2210242e-04  -1.4820326e-05  -4.7986873e-04
   1.2400678e-01   3.2517090e-01   2.7797558e+00  -7.9964204e-04   8.5752352e-05  -6.6186309e-04
   1.2719764e-01   3.2076194e-01   2.7694255e+00  -7.7491150e-04   1.6940474e-04  -9.3691970e-04
   1.2165903e-01   3.3077313e-01   2.7676611e+00  -1.0004254e-03   1.1002877e-05  -5.5567702e-04
   1.3277306e-01   3.1926462e-01   2.7747299e+00  -8.0621774e-04   2.7808388e-04  -8.3188216e-04
   1.2115880e-01   3.3120931e-01   2.7848698e+00  -1.2681979e-03   1.7740670e-04  -9.0936606e-04
   1.1906478e-01   3.2765030e-01   2.8404962e+00  -5.8401749e-04   1.2143172e-03  -5.0277818e-04
   3.3230435e-03   3.0348931e-01   2.5714869e+00   2.7385004e-03  -3.3126220e-03   3.9647656e-04
   1.0155905e-01   2.0110379e-01   2.3967110e+00   6.5034286e-03   4.1992275e-03  -1.5508900e-03
   1.2175356e-01   2.6295172e-01   2.5767814e+00   3.1000442e-03   2.1483530e-03  -2.0983373e-03
   9.0267946e-02   2.8933340e-01   2.7072801e+00  -1.3923947e-05   7.6224802e-04  -4.3308664e-04
   1.0418502e-01   2.9912845e-01   2.7637379e+00  -1.8354673e-04   8.8434971e-04  -4.3089063e-04
   8.5090393e-02   3.3880239e-01   2.8149698e+00  -2.6549121e-04   1.0137624e-03  -4.0652340e-05
   9.6986859e-02   3.4278789e-01   2.8299461e+00  -3.9755047e-04   1.0176645e-03  -2.4409788e-04
   9.1152450e-02   3.5174853e-01   2.8486755e+00  -1.4327764e-04   7.0586162e-04  -9.7324662e-05
   1.0324722e-01   3.6837500e-01   2.8606815e+00   5.3519564e-04   9.4662538e-04  -2.0188140e-05
   1.0918906e-01   3.4420580e-01   2.8531004e+00   1.8725995e-04   1.1313379e-03  -2.5119932e-04
   9.8551016e-02   3.5341995e-01   2.8494101e+00  -1.9263020e-04   1.1032357e-03  -3.0734093e-04
   9.9335036e-02   3.5678942e-01   2.8655866e+00  -1.4182213e-04   8.8996076e-04  -1.7322473e-04
   1.0801819e-01   3.5101503e-01   2.8838826e+00   1.7415714e-04   7.1346359e-04  -2.7034488e-04
   9.9003166e-02   3.5292432e-01   2.8989662e+00  -1.0932329e-03   9.9804751e-04  -1.7019199e-04
   9.7116649e-02   3.4215437e-01   2.9045920e+00   5.9662936e-04   3.6185843e-04   1.0314817e-04
   1.0214248e-01   3.4280903e-01   2.9112769e+00   5.9511286e-04   2.4746527e-04  -2.1692953e-04
   1.0338292e-01   3.3894344e-01   2.9398796e+00   2.9004767e-04   4.6022702e-04  -3.8218283e-04
   1.0480031e-01   3.6814664e-01   2.9348422e+00  -1.0847747e-04   4.3953494e-04  -4.2976358e-04
  -8.3272650e-03   2.8682360e-01   2.6527744e+00   5.2181138e-03   1.6613786e-03   4.5379546e-04
  -1.8726719e-02   2.5097916e-01   2.2513623e+00   2.0478833e-02   3.7211364e-03  -2.9182997e-03
   7.6007151e-02   3.4569419e-01   2.7400123e+00   5.5117588e-03   1.9265495e-03  -2.7777559e-03
   1.0531115e-01   3.2648140e-01   2.8438957e+00   2.3157845e-03   8.4764670e-04  -1.1953678e-03
   9.3669253e-02   3.1876752e-01   2.8491892e+00  -3.7985661e-04   1.1744275e-04  -8.1965397e-04
   9.2156094e-02   3.4720582e-01   2.9072235e+00  -3.4594676e-04   5.2434590e-04  -4.4097594e-04
   9.5679864e-02   3.6369352e-01   2.9308018e+00  -2.4882046e-04   3.5578708e-04  -7.0471361e-04
   9.8195609e-02   3.7669702e-01   2.9557480e+00   2.4291600e-04   4.5027502e-04  -5.0790056e-04
   1.0164205e-01   3.7313966e-01   2.9685878e+00  -1.5964045e-04   6.2590468e-04  -5.4607359e-04
   9.3460701e-02   3.7437883e-01   2.9608416e+00  -4.8766639e-04   3.7523016e-04  -6.3581916e-04
   9.4581573e-02   3.6356121e-01   2.9842509e+00  -6.1147457e-05   6.7543880e-04  -3.6936214e-04
   9.3100919e-02   3.8395882e-01   2.9593970e+00  -4.8284310e-04   2.0917227e-06  -4.2060960e-04
   8.9497073e-02   3.6158597e-01   2.9872721e+00  -7.5258546e-05   4.8321893e-04  -2.1975781e-04
   9.9462881e-02   3.7925138e-01   3.0028693e+00   2.5450048e-04  -1.4254818e-04  -6.5823199e-04
   1.1396574e-01   3.9507380e-01   3.0043272e+00  -3.1228296e-04   2.5897011e-04  -6.8578500e-04
   9.7129519e-02   4.0656733e-01   3.0072422e+00  -2.4821238e-04   4.0072376e-04  -5.3026477e-04
   7.7548397e-02   4.0867625e-01   3.0370960e+00   8.1691184e-05  -1.0811270e-03  -4.9848859e-04
   7.6460525e-02   3.9690206e-01   3.0588957e+00   1.9557769e-05  -8.7699102e-04  -4.2502311e-04
   7.5411946e-02   3.8260795e-01   3.0532089e+00   1.0894213e-04  -7.5769799e-04  -1.9674849e-04
   9.3778559e-02   3.9022623e-01   3.0476734e+00  -1.1655376e-04  -8.6592440e-04  -1.9171293e-04
   9.3327599e-02   4.0575381e-01   3.0501107e+00  -1.3168669e-04  -3.7613717e-04  -2.5213910e-04
   8.5642837e-02   3.9481082e-01   3.0568255e+00  -4.8608019e-04  -8.8792335e-04  -3.5871309e-04
   9.1274710e-02   3.8582420e-01   3.0783961e+00   1.0735500e-04  -8.2676149e-04  -3.3921159e-04
   8.4364008e-02   3.7020713e-01   3.0845690e+00   2.6838418e-04  -7.0065875e-04  -2.2278734e-04
   8.6545879e-02   3.8423631e-01   3.0801559e+00   4.7677747e-04  -6.7490329e-04  -2.1304296e-04
   9.6391139e-02   3.9896259e-01   3.1440715e+00   7.3436084e-04  -2.2285894e-04  -4.8629830e-04
   9.7776015e-02   3.8558936e-01   3.1078721e+00  -2.0510395e-04  -8.8097114e-04  -3.8068123e-04
   8.6572056e-02   3.8839565e-01   3.1271008e+00   3.4840074e-04  -8.6070520e-04  -7.0786743e-04
   8.0058945e-02   3.8601913e-01   3.1570809e+00   3.5514205e-04  -1.3472707e-04  -2.1221615e-04
   1.1441721e-01   3.8788673e-01   3.2059019e+00   2.4379827e-03   8.2244142e-06  -5.9166024e-04
   1.3561836e-01   3.4472615e-01   3.1639428e+00   1.2884026e-03   2.3773710e-04  -9.0006749e-04
   1.1199693e-01   3.7377670e-01   3.1273652e+00  -9.5269371e-05  -2.0330262e-04  -6.3341090e-04
   1.3136534e-01   3.6915215e-01   3.1675171e+00   7.2307834e-05   3.7688311e-04  -7.0208076e-04
   1.1933945e-01   3.8030480e-01   3.1696059e+00  -1.9498329e-04   1.0649489e-04  -7.0088750e-04
   1.3783075e-01   3.6350237e-01   3.2193522e+00   9.2498204e-04   4.5947468e-04  -7.9184848e-04
   1.1066566e-01   3.6594279e-01   3.2171606e+00   6.0200822e-04  -6.0871345e-05  -6.0698068e-04
   1.1971416e-01   3.6215852e-01   3.2179485e+00   5.2674643e-04   8.1957988e-05  -5.2741946e-04
   1.1864258e-01   3.6531942e-01   3.2029478e+00  -2.7767143e-05   2.2520846e-04  -5.5188821e-04
   1.2178065e-01   3.7630659e-01   3.2279380e+00   3.2151736e-04   3.1864057e-04  -3.7338273e-04
   1.2435339e-01   3.7900880e-01   3.2245468e+00   2.2940542e-04   5.3684981e-05  -8.8205777e-04
   1.1587643e-01   3.7054497e-01   3.2177296e+00  -5.0128453e-04   1.3099946e-04  -4.2153714e-04
   1.2477378e-01   3.6700204e-01   3.2499628e+00  -6.5493118e-05   4.5993231e-04  -6.4829225e-04
   1.2815021e-01   3.7408811e-01   3.2346435e+00  -1.3137245e-04  -2.9444641e-04  -1.0367490e-03
   1.3613534e-01   3.7494424e-01   3.2838440e+00  -6.5768565e-04   1.9120114e-04  -6.8029099e-04
   1.3550330e-01   3.6685263e-01   3.2738925e+00  -1.4847557e-04   4.4433595e-05  -6.7953673e-04
   1.3671081e-01   3.6568900e-01   3.2900545e+00   1.6166140e-04   2.3145801e-04  -6.7440842e-04
   1.2515160e-01   3.8843425e-01   3.2834003e+00  -3.6636740e-04  -2.2712492e-04  -8.1886929e-04
   1.3022849e-01   3.7060227e-01   3.3004834e+00  -2.4799049e-04   2.2152786e-04  -7.7887635e-04
   1.3166260e-01   3.9267425e-01   3.2929042e+00   6.3002047e-05  -1.7283943e-05  -4.2677675e-04
   1.4373476e-01   3.6944234e-01   3.3014434e+00  -1.7849775e-05   4.8152744e-05  -1.0549286e-03
   1.2953463e-01   3.7733396e-01   3.3244322e+00  -2.7230799e-04   8.2919651e-05  -6.5760127e-04
   1.3851879e-01   3.7465569e-01   3.3038143e+00  -6.5391430e-04  -1.4279591e-04  -7.5957698e-04
   1.4264078e-01   3.7642735e-01   3.3146105e+00  -3.7409547e-05  -1.6858110e-04  -8.8961841e-04
   1.3144566e-01   3.7769503e-01   3.3295475e+00   1.8579294e-04   2.1314297e-04  -5.5296023e-04
   1.2692916e-01   3.7951613e-01   3.3373247e+00   3.1820767e-05   1.2389091e-04  -6.1490364e-04
   1.3339573e-01   3.8309215e-01   3.3541465e+00   9.0119374e-05  -5.6639802e-05  -6.9627283e-04
   1.4418965e-01   3.9846139e-01   3.3406686e+00  -2.9880918e-04   2.4447068e-05  -9.8889069e-04
   8.0475461e-02   3.9689425e-01   3.2486106e+00  -1.7124070e-05  -1.6796242e-03  -6.2418983e-04
   1.2724875e-01   4.2214036e-01   3.3906882e+00   6.8733734e-03   2.9604910e-04  -1.0626791e-03
   1.4600881e-01   4.0878915e-01   3.3092279e+00   4.6585080e-03   9.3909256e-05  -1.0831923e-03
   1.2995724e-01   3.8652691e-01   3.3447226e+00   3.6162402e-03  -2.5320652e-05  -7.5092412e-04
   1.2581497e-01   3.8314839e-01   3.3778272e+00   3.9844692e-03   2.6664690e-04  -6.4343493e-04
   1.2824744e-01   3.9540508e-01   3.3963250e+00   3.5484401e-03   1.3770147e-04  -8.1723621e-04
   1.3028160e-01   4.1466566e-01   3.3617483e+00   2.9978313e-03  -1.7007928e-04  -8.6138172e-04
   1.2787466e-01   4.0363794e-01   3.3672843e+00   3.1532361e-03  -1.1906117e-04  -6.5068706e-04
   1.1879795e-01   3.9524980e-01   3.3845326e+00   3.5609468e-03  -1.7954814e-04  -6.0693828e-04
   9.5184640e-02   3.8580819e-01   3.3737899e+00   2.2586255e-03  -6.7333413e-04  -2.1697545e-04
   1.1585617e-01   3.7582582e-01   3.3896615e+00   1.9017981e-03  -3.9480580e-04  -2.8016512e-04
   1.0570796e-01   3.8214184e-01   3.4276211e+00   2.5537310e-03  -3.0106087e-04  -1.3174167e-04
   1.1637935e-01   4.0894213e-01   3.4239309e+00   2.7909944e-03   2.4615170e-05  -3.2440510e-04
   1.0879674e-01   3.9212145e-01   3.4168269e+00   2.5220872e-03  -2.8715190e-04  -5.6719810e-05
   1.2285351e-01   3.8798821e-01   3.4238170e+00   2.8149829e-03  -2.1053125e-04  -4.4904164e-04
   1.2076120e-01   3.8535671e-01   3.4283242e+00   2.8244609e-03  -2.8988078e-04  -3.3389404e-04
   1.1238248e-01   3.9860768e-01   3.4277566e+00   2.8666652e-03  -8.4258945e-04  -4.8623724e-04
   1.1730688e-01   3.9464058e-01   3.4414812e+00   2.7899911e-03  -6.7378501e-04  -5.4476919e-04
   1.1390977e-01   4.0371910e-01   3.4471805e+00   2.6359000e-03  -2.8958687e-04  -3.4257826e-04
   1.1767958e-01   4.1101539e-01   3.4504029e+00   2.4857862e-03  -3.8552789e-04  -2.0678416e-04
   1.1242109e-01   3.9326901e-01   3.4310203e+00   1.9513586e-03  -7.7530426e-04  -5.7459027e-04
   1.2678032e-01   3.9198671e-01   3.4733227e+00   2.7569341e-03  -5.7821247e-04  -6.3641358e-04
   1.1396592e-01   4.0905565e-01   3.4696452e+00   2.6668882e-03  -7.0162682e-04  -4.6519645e-04
   1.2460940e-01   4.1879562e-01   3.4905313e+00   2.8904610e-03  -7.3578549e-04  -7.7641235e-04
   1.0625564e-01   4.0947710e-01   3.4790716e+00   2.5474156e-03  -1.0165692e-03  -5.4943686e-04
   1.1539920e-01   4.0961732e-01   3.4894095e+00   2.5668762e-03  -5.9877486e-04  -3.2123875e-04
   1.0892059e-01   4.0742726e-01   3.4882591e+00   2.3756033e-03  -8.1575288e-04  -2.7504831e-04
   1.0559117e-01   4.0001493e-01   3.5222871e+00   2.7333474e-03  -7.6412175e-04  -3.7602154e-04
   1.1701918e-01   3.9800721e-01   3.5222792e+00   2.5324023e-03  -6.0289825e-04  -4.9954216e-04
   9.9326115e-02   4.1467923e-01   3.5623287e+00   2.1094993e-03  -7.8499241e-04  -1.4075604e-04
   1.2170127e-01   4.0844752e-01   3.5802839e+00   2.4195335e-03  -1.2336803e-03  -4.1473560e-04
   1.1153471e-01   3.9803540e-01   3.5885219e+00   2.8939225e-03  -8.1818088e-04  -3.2036583e-04
   1.1542699e-01   3.9981208e-01   3.6291296e+00   2.9790256e-03  -1.2726089e-03  -5.2412360e-04
   1.0775352e-01   4.0932033e-01   3.5979649e+00   2.5067195e-03  -1.5372125e-03  -4.1524221e-04
   1.2524013e-01   4.0670383e-01   3.6123205e+00   3.0256817e-03  -1.0462334e-03  -8.7135585e-04
   1.1387115e-01   4.0735691e-01   3.6087921e+00   2.1088259e-03  -7.6697491e-04  -3.8333921e-04
   1.1191506e-01   4.0534739e-01   3.6047191e+00   1.7572758e-03  -7.5717802e-04  -4.3315963e-04
   1.1742378e-01   4.1182410e-01   3.6002136e+00   2.3052132e-03  -8.3401257e-04  -6.2879294e-04
   1.1164334e-01   4.0439945e-01   3.6100784e+00   2.9899137e-03   2.8591994e-04   1.5725968e-05
   1.0689880e-01   4.0247345e-01   3.6184196e+00   2.2530165e-03  -1.6754505e-04  -1.3881741e-04
   1.0800784e-01   3.9442588e-01   3.6171582e+00   2.3437415e-03  -2.0172871e-04  -2.6989223e-05
   1.2041283e-01   4.2240956e-01   3.6447034e+00   2.5231330e-03   4.6890095e-05  -2.1449067e-04
   1.1704738e-01   4.2490498e-01   3.6321006e+00   2.4808361e-03  -2.4546303e-04  -4.6211845e-04
   1.1959413e-01   4.3796932e-01   3.6285470e+00   2.3702228e-03  -4.4362933e-04  -3.8244808e-04
   1.0893923e-01   4.2459996e-01   3.6220276e+00   2.2636672e-03  -1.8356793e-04  -1.7887966e-04
   1.1939393e-01   4.2834644e-01   3.6414910e+00   2.0569869e-03  -7.2211856e-04  -3.3009525e-04
   1.3202410e-01   4.2804371e-01   3.6690311e+00   2.5830689e-03  -5.8622441e-04  -7.1242167e-04
   1.0977629e-01   4.4331681e-01   3.6632151e+00   2.7120311e-03  -8.1918292e-04  -2.8119588e-04
   1.0964111e-01   4.3075349e-01   3.6598801e+00   2.4346378e-03  -9.3362657e-04  -2.5607278e-04
   1.1211417e-01   4.3004090e-01   3.6573062e+00   1.9102640e-03  -8.3631557e-04  -3.4876796e-04
   1.0885094e-01   4.1035813e-01   3.6710759e+00   2.2915534e-03  -2.6316194e-04  -9.5777114e-05
   1.1476280e-01   4.1949461e-01   3.6873018e+00   2.7588357e-03  -6.8550556e-04  -4.7161751e-04
   1.2424521e-01   4.1014120e-01   3.6980000e+00   2.3156221e-03  -4.8208398e-04  -4.0045391e-04
   1.2389218e-01   4.3792651e-01   3.7095003e+00   2.5952312e-03  -6.9513264e-04  -5.1347907e-04
   1.2132448e-01   4.1717215e-01   3.7150300e+00   2.6457221e-03  -6.3455016e-04  -4.8374998e-04
   1.2075899e-01   4.3004319e-01   3.7382213e+00   3.1473784e-03  -7.2596822e-04  -4.4239697e-04
   1.2505908e-01   4.2759607e-01   3.7293792e+00   2.4460374e-03  -5.6836531e-04  -5.4821248e-04
   9.8925916e-02   3.6649141e-01   3.7173478e+00   6.0347432e-03  -1.9490907e-04  -1.3128968e-04
   1.1959595e-01   4.6024382e-01   3.7489206e+00   5.5040560e-03  -3.4063723e-04  -6.4466142e-04
   1.3016232e-01   4.1783579e-01   3.6884578e+00   4.4507328e-03  -2.1723349e-04  -9.4987306e-04
   1.4215159e-01   4.2817394e-01   3.7266006e+00   3.6249143e-03  -5.5641480e-04  -8.6428688e-04
   1.3308737e-01   3.9056819e-01   3.7556341e+00   4.1947656e-03  -3.8260234e-05  -2.9469781e-04
   1.4346373e-01   4.0948646e-01   3.7467487e+00   3.2816348e-03  -2.7601056e-04  -9.1512601e-04
   1.2393804e-01   4.3258259e-01   3.7699794e+00   3.7442856e-03  -1.5142691e-04  -4.2735093e-04
   1.1892722e-01   4.4173077e-01   3.7638949e+00   3.2440599e-03  -3.5017453e-04  -3.7378529e-04
   1.3504324e-01   4.3717626e-01   3.7553660e+00   3.3486565e-03  -3.2395201e-04  -7.9828341e-04
   1.2889456e-01   4.3237421e-01   3.7577079e+00   2.8801448e-03  -4.5033726e-04  -5.4065989e-04
   1.2396564e-01   4.3349801e-01   3.7798818e+00   3.6447896e-03  -4.3669029e-04  -2.8056187e-04
   1.1955067e-01   4.4288742e-01   3.7786523e+00   3.5114981e-03  -5.7071472e-04  -4.9741946e-04
   1.2777554e-01   4.4686061e-01   3.7973995e+00   3.3189550e-03  -4.1004318e-04  -2.5915682e-04
   1.2914610e-01   4.3597490e-01   3.8221569e+00   3.7657347e-03  -1.8095854e-04  -4.9124116e-04
   1.2751592e-01   4.3502903e-01   3.8150644e+00   3.6924628e-03  -2.8267640e-04  -6.3397840e-04
   1.2799254e-01   4.3817547e-01   3.8046036e+00   2.9972681e-03  -7.3764013e-04  -6.9575064e-04
   1.2219682e-01   4.3771316e-01   3.8155247e+00   3.4032143e-03  -3.9225293e-04  -5.0581747e-04
   1.4273709e-01   4.4476840e-01   3.8236478e+00   3.3653920e-03  -4.6505785e-04  -7.0992648e-04
