   0.0000000e+00   0.0000000e+00   0.0000000e+00   0.0000000e+00   0.0000000e+00   0.0000000e+00
   6.5036108e-03  -2.0474172e-02  -3.9006566e-02  -7.6370989e-04  -5.7164301e-04  -8.0391689e-04
  -8.0545305e-03  -1.2064317e-02  -5.5728679e-02  -1.2280773e-03  -5.6309949e-04  -5.1086349e-05
   1.0611259e-02  -8.2897698e-03  -3.8470391e-02  -1.1852356e-04  -9.9223611e-04  -7.0274452e-04
   3.3602151e-03  -6.2483676e-03  -2.2661886e-02  -2.4037871e-04  -5.8071469e-04  -4.1624311e-04
  -1.4741571e-03  -3.0024683e-03  -5.3903483e-02  -5.3064723e-05  -8.7203693e-04  -3.5751871e-05
   1.3481950e-02  -3.2275399e-02  -7.0694434e-02   1.3073612e-04  -1.3759022e-03  -7.8387169e-04
   1.1947156e-02  -1.6883438e-02  -6.2347129e-02  -8.7041581e-05  -7.3445529e-04  -5.8340931e-04
  -8.1021976e-03  -2.1305533e-02  -7.9215920e-02  -4.9868048e-04  -9.4414103e-04  -2.4883451e-04
  -1.2701573e-03  -9.2746940e-03  -6.3760683e-02   6.1785347e-04  -1.0700452e-03  -8.0625966e-04
  -6.4178021e-03  -1.9216942e-02  -9.8781414e-02  -3.2457948e-04  -9.0820919e-04  -3.5061752e-04
  -2.2014705e-02  -5.1783625e-02  -9.9321307e-02   1.1967896e-03  -1.2886603e-03  -3.3792201e-04
  -1.3332022e-02  -5.0475179e-03  -1.0938728e-01   7.0410614e-06  -1.3939620e-03  -4.6337349e-04
  -4.1427577e-03  -1.8000901e-02  -1.0020303e-01   6.8465092e-04  -1.0922030e-03  -2.6543160e-04
  -1.1355783e-02  -7.4219535e-03  -1.3854801e-01  -1.5150762e-04  -1.3714856e-03  -4.8348905e-04
  -1.4798979e-02  -1.5148177e-01  -1.6103163e-01  -7.5494142e-04  -1.3739833e-03  -5.0132817e-04
  -1.2766523e-02   6.8657977e-03  -1.1938511e-01   1.0353553e-03  -1.0782944e-03  -5.9917340e-04
  -1.0863749e-02  -3.6299396e-03  -1.4820172e-01   8.4173564e-05  -1.5333844e-03  -8.2186869e-04
  -1.2457235e-02   8.4984127e-03  -1.3509604e-01   1.0868679e-03  -1.1191638e-03  -6.6780387e-04
  -2.1043908e-02   1.1400555e-02  -1.6806751e-01   1.6081757e-04  -1.5408767e-03  -5.4730701e-04
  -5.5457045e-03  -1.7695485e-02  -1.4876354e-01   8.8322436e-04  -1.1931364e-03  -5.7623082e-04
  -9.5068656e-03   1.3846964e-04  -1.5200749e-01   3.1071613e-04  -1.5451704e-03  -6.5808035e-04
   5.5706927e-04  -9.7220168e-03  -1.4241804e-01   1.5734325e-03  -1.5007133e-03  -9.2135364e-04
  -5.2045581e-04  -2.2146846e-02  -1.7258674e-01   4.5375317e-04  -1.4778402e-03  -8.0987176e-04
  -5.3389792e-03  -2.2137533e-03  -1.6647008e-01   8.6341225e-04  -1.5540651e-03  -7.7791561e-04
  -1.6635452e-02  -1.6750834e-02  -1.6393537e-01   3.1635827e-04  -1.7294732e-03  -6.9270473e-04
  -2.6356941e-02   1.5565830e-02  -1.7680044e-01   7.0192942e-04  -1.6781271e-03  -5.6804959e-04
  -2.1096599e-02   9.8762199e-03  -1.9164451e-01  -1.4590658e-04  -1.3285760e-03  -4.3075965e-04
  -2.5077526e-02   1.2567457e-02  -1.7020244e-01   5.7375431e-04  -1.1654026e-03  -7.6369810e-04
  -1.1893931e-02  -4.6412344e-03  -1.6145969e-01   7.1368005e-04  -1.2897577e-03  -9.5847066e-04
  -3.5485989e-02   3.9182178e-02  -1.8020976e-01   8.8261925e-04  -1.6588336e-03  -6.1325757e-04
  -4.4709847e-02   2.4451323e-02  -1.7715692e-01   4.9534788e-04  -2.2618334e-03  -4.1488735e-04
  -1.7788671e-02  -3.8827781e-03  -1.7520480e-01   8.9062268e-04  -1.7765793e-03  -7.1634179e-04
  -2.1963390e-02  -2.0168148e-03  -1.6349730e-01   1.0525038e-03  -1.7093831e-03  -6.2565425e-04
  -2.9290219e-02  -9.0945304e-03  -1.7155783e-01   6.5252038e-04  -1.5963005e-03  -7.0979423e-04
  -3.1628788e-02  -8.2533426e-03  -1.6233400e-01   7.7064494e-04  -1.7067863e-03  -7.9404720e-04
  -3.0233204e-02  -3.1066512e-02  -1.7538054e-01   1.1914595e-03  -1.6973721e-03  -5.4113707e-04
  -7.5688013e-03  -2.5169552e-01  -2.4348216e-01  -7.9975741e-04  -2.4265816e-03  -1.2567013e-03
  -6.4634658e-02  -1.8942274e-02  -2.0140839e-01   1.2216452e-03  -1.7921464e-03   4.4880031e-04
  -6.0074161e-02   3.3594629e-02  -2.2758910e-01   2.5131003e-03  -1.6082167e-03  -1.5314685e-04
  -8.3325122e-02   4.7139593e-02  -2.9334192e-01   2.5198314e-03  -1.4293848e-03  -4.8982692e-05
  -7.4285672e-02   4.3544860e-02  -3.4750352e-01   1.9101273e-03  -5.1680084e-04  -5.7816882e-04
  -5.1090232e-02  -3.6199382e-03  -2.6754597e-01   2.4485539e-03  -1.1048108e-03  -8.4051408e-04
  -5.0334352e-02   3.1516817e-04  -2.2661590e-01   1.2396751e-03  -1.3079298e-03  -4.1425574e-04
  -3.9257746e-02  -5.3245080e-03  -2.1926970e-01   1.5512201e-03  -1.6915957e-03  -9.2997086e-04
  -3.1658109e-02   4.0089627e-04  -2.1630315e-01   1.5622174e-03  -1.0747085e-03  -9.5057110e-04
  -5.8960316e-02   3.0967427e-02  -2.4715214e-01   1.3309794e-03  -1.6269014e-03  -6.2761685e-04
  -3.8056606e-02   2.0555952e-02  -2.2553111e-01   1.5397525e-03  -1.5765891e-03  -9.0203754e-04
  -2.6313265e-02   1.7533268e-02  -2.1755985e-01   1.4645057e-03  -1.4812760e-03  -1.1363605e-03
  -2.3207020e-02   5.0481990e-03  -2.1338841e-01   1.6777201e-03  -1.4981132e-03  -1.2876420e-03
  -3.4867492e-02   4.7256719e-03  -2.1313010e-01   1.4340761e-03  -1.5725854e-03  -6.4266668e-04
  -3.2326580e-02   4.0867123e-02  -2.0435984e-01   1.7952969e-03  -1.6789900e-03  -8.6658955e-04
  -2.7265159e-02   2.6257871e-02  -2.1688493e-01   1.4581091e-03  -1.6648253e-03  -9.3109212e-04
  -1.7884525e-02   3.7869091e-02  -1.9947950e-01   1.8851582e-03  -1.6991907e-03  -1.0770954e-03
  -3.5690477e-02   3.4758214e-02  -2.0779090e-01   1.3979691e-03  -1.3273070e-03  -8.7276400e-04
  -4.1877752e-02   2.4225768e-02  -1.8793053e-01   1.5504126e-03  -1.7812102e-03  -7.8443645e-04
  -3.8731013e-02   2.3521214e-02  -1.9874293e-01   1.0383743e-03  -1.7576532e-03  -1.2995477e-03
  -3.9246342e-02   3.0545020e-02  -2.0069272e-01   1.4940767e-03  -1.6181088e-03  -1.1668717e-03
  -6.4490322e-02   3.2146797e-02  -1.8483828e-01   1.8352599e-03  -1.9619891e-03  -4.3449902e-04
  -3.6060586e-02   3.2631736e-02  -2.0796737e-01   1.3233398e-03  -1.8772786e-03  -9.9429216e-04
  -4.7790640e-02   2.2436605e-02  -1.8037000e-01   1.8224732e-03  -1.6610173e-03  -8.4793179e-04
  -6.1979912e-02   3.5798691e-02  -1.8448349e-01   1.6581386e-03  -1.7184107e-03  -4.1518408e-04
  -4.7632478e-02   3.2474608e-02  -1.7692677e-01   2.1100188e-03  -1.8114524e-03  -6.2268787e-04
  -5.6952229e-02  -2.2410335e-03  -1.8125831e-01   2.3325161e-03  -1.9567217e-03  -1.2011009e-03
  -5.4149309e-02   1.7747680e-02  -1.8543197e-01   1.6832056e-03  -2.2266644e-03  -7.1976714e-04
  -4.3661528e-02   2.8870940e-02  -1.7849949e-01   1.2320247e-03  -1.5730221e-03  -1.1217192e-03
  -5.5642669e-02   1.9572928e-02  -1.8099450e-01   1.3184512e-03  -2.1397920e-03  -8.7597775e-04
  -6.7784484e-02   4.5750981e-02  -1.7441004e-01   1.4160712e-03  -1.8259788e-03  -5.2298891e-04
  -4.9912729e-02   2.5883580e-02  -1.6111936e-01   1.5583791e-03  -1.6767775e-03  -6.7942981e-04
  -6.3807172e-02   5.7988960e-02  -1.5942189e-01   1.5268072e-03  -1.7732626e-03  -4.3534495e-04
  -6.8999789e-02   4.1558140e-02  -1.6684451e-01   1.0035751e-03  -2.2337014e-03  -4.6478291e-04
  -6.0451924e-02   3.2640933e-02  -1.5997288e-01   5.7821672e-04  -1.4063823e-03  -4.2003245e-04
  -4.6882477e-02   3.1674848e-02  -1.3150697e-01   1.1918672e-03  -1.9774600e-03  -8.9737369e-04
  -7.4043296e-02   2.2869498e-02  -1.1867394e-01   8.0037526e-04  -2.1586646e-03  -6.8186425e-04
  -5.7249675e-02   4.0362522e-02  -1.1674164e-01   1.3504893e-03  -1.9222732e-03  -6.8889697e-04
  -6.5673805e-02   3.3482813e-02  -1.0105409e-01   1.7171595e-03  -1.9335535e-03  -4.2535462e-04
  -5.5315382e-02   3.7975683e-02  -1.3172687e-01   1.0749897e-03  -1.6917825e-03  -8.4687009e-04
  -5.5795602e-02   3.7309300e-02  -1.0417192e-01   1.7198731e-03  -1.7548192e-03  -1.0264253e-03
  -4.8285051e-02   1.5110847e-02  -1.1899569e-01   9.0817265e-04  -1.4210099e-03  -6.9160128e-04
  -6.5218117e-02   3.6478642e-02  -1.1971441e-01   1.0922115e-03  -1.5975033e-03  -6.2616496e-04
  -4.8303334e-02   5.5664033e-02  -1.7843820e-01   2.8191264e-04  -1.7538580e-03  -1.4441827e-03
  -1.1696816e-01   4.6048833e-03  -1.5049974e-01   4.2921982e-03  -1.6552316e-04  -5.1688036e-04
  -8.3394901e-02   3.5216928e-03  -1.0070918e-01   6.6936417e-04   7.2828885e-04   4.9761933e-04
  -7.6402597e-02  -8.1555751e-03  -1.2351829e-01   4.9810673e-04  -7.3439088e-05   3.2720861e-04
  -8.1122538e-02   1.3040203e-02  -1.1574875e-01   1.3122793e-03  -8.8039505e-04   8.4296615e-05
  -6.5438126e-02   1.3862495e-02  -1.0525832e-01   1.2280394e-03  -7.9497583e-04  -2.8498353e-04
  -8.0079699e-02   5.8033343e-02  -4.7041300e-02   1.4123285e-03  -3.7211661e-04  -1.3963651e-04
   3.3908669e-02   3.4970200e-02  -2.5580707e-01   4.7436975e-03   4.5894899e-03  -2.9940497e-03
  -7.3103606e-03   2.9199326e-02  -3.1671375e-01   1.0735327e-02   7.2363758e-03  -1.1358128e-03
  -8.2965550e-02   2.0715057e-02  -2.2519526e-01   1.5187396e-03  -2.6640942e-03  -3.2271101e-03
  -6.2921027e-02   2.4180308e-02  -1.1868099e-01   8.6066640e-04  -2.5597289e-03  -2.6559730e-03
  -6.1743541e-02   4.6528386e-02  -8.6159812e-02   1.0319535e-03  -2.4007361e-03  -2.1532836e-03
  -4.2326346e-02   4.3381514e-02  -7.9461331e-02   6.1912086e-04  -1.8696659e-03  -2.1165108e-03
  -5.2773412e-02   4.7524071e-02  -7.4841495e-02   5.4803833e-04  -2.6383824e-03  -2.1537198e-03
  -5.0606387e-02   5.5126699e-02  -4.7102612e-02   1.2350040e-03  -1.9558995e-03  -2.0582589e-03
  -4.9429319e-02   5.8490850e-02  -4.6323898e-02   1.6894099e-03  -2.1368371e-03  -2.0566306e-03
  -6.3096688e-02  -9.6921930e-03  -1.9734337e-02   1.5257307e-03  -2.0131977e-03  -1.8923796e-03
  -4.6973359e-02   5.8666456e-02  -1.7241493e-02   1.7899606e-03  -1.6878154e-03  -1.9417272e-03
  -5.8165530e-02   5.1758121e-02  -3.9938993e-03   1.4738672e-03  -1.6199418e-03  -1.4055828e-03
  -6.1847430e-02   5.2407315e-02  -2.4977949e-02   1.1832287e-03  -1.8532158e-03  -1.7089661e-03
  -4.8781986e-02   4.3804703e-02  -3.2062351e-02   1.2753873e-03  -1.9278458e-03  -1.9542366e-03
  -5.7488153e-02   4.8402608e-02  -1.5433565e-02   1.1408206e-03  -1.7170201e-03  -1.8160734e-03
  -6.4468216e-02   5.9103367e-02   4.7855826e-03   1.3586806e-03  -1.8792607e-03  -2.0280351e-03
  -5.7300722e-02   6.0087919e-02  -2.2539770e-02   9.4321352e-04  -1.3288193e-03  -1.8560700e-03
  -5.8462605e-02   7.0809356e-02   1.9857738e-02   2.0661657e-03  -1.5930940e-03  -1.8555977e-03
  -5.4584214e-02   5.4215071e-02   1.2242252e-02   1.7091390e-03  -1.6915118e-03  -1.7457412e-03
  -6.1183113e-02   4.4969135e-02   1.6462613e-02   1.3976269e-03  -1.8872221e-03  -1.5420324e-03
  -5.5772346e-02   4.4876792e-02  -3.9513543e-03   1.2692603e-03  -1.7804443e-03  -1.6944047e-03
  -6.4607652e-02   6.0778045e-02   3.0295507e-02   2.3347455e-03  -2.0879968e-03  -1.5316957e-03
  -5.0227063e-02   6.1921588e-02   2.3266797e-03   1.9643920e-03  -2.1105220e-03  -1.7167579e-03
  -4.7822134e-02   7.2225968e-02   4.7744610e-03   1.3574416e-03  -2.1292888e-03  -1.9101770e-03
  -5.1912158e-02   6.4550768e-02   1.2076798e-02   1.3346409e-03  -2.0046598e-03  -2.0528974e-03
  -4.9235238e-02   7.3692091e-02   3.3485241e-02   2.1819242e-03  -2.3610663e-03  -1.7827421e-03
  -5.3158779e-02   6.8462742e-02   3.6699513e-02   1.9938449e-03  -1.9943447e-03  -1.4382518e-03
  -6.6785630e-02   7.3160075e-02   5.4868267e-02   2.0338350e-03  -1.9231901e-03  -1.1487532e-03
  -5.8123321e-02   6.0070488e-02   5.0091101e-02   1.9713004e-03  -2.0633987e-03  -1.4367916e-03
  -4.2860418e-02   6.8599107e-02   7.4669579e-02   1.9312908e-03  -1.9620325e-03  -1.9895443e-03
  -4.4523486e-02   5.4166588e-02   6.7345686e-02   1.8719367e-03  -1.7888935e-03  -1.9963147e-03
  -5.8447274e-02   7.4712506e-02   9.9649687e-02   2.0428642e-03  -2.0161217e-03  -1.7168891e-03
  -4.1504989e-02   6.7896138e-02   7.3258456e-02   2.0225378e-03  -1.9132911e-03  -1.8560639e-03
  -5.0178477e-02   8.2193505e-02   1.0879567e-01   2.4268490e-03  -2.0433801e-03  -1.8007353e-03
  -3.8994050e-02   8.7702053e-02   1.1446987e-01   2.3964163e-03  -2.1016684e-03  -2.0528580e-03
  -5.3656589e-02   6.9056434e-02   9.7117902e-02   1.9576746e-03  -2.3826415e-03  -1.5848910e-03
  -5.8371732e-02   8.0770378e-02   9.6923338e-02   2.0239538e-03  -2.5046003e-03  -1.7521386e-03
  -5.8529722e-02   8.1642355e-02   1.1267684e-01   2.1894285e-03  -2.3805990e-03  -1.5322707e-03
  -2.9288357e-02   9.0337584e-02   9.8198596e-02   1.5587954e-03  -2.4153794e-03  -2.3021351e-03
  -5.4947478e-02   9.0157021e-02   1.2241431e-01   1.8614515e-03  -2.2990691e-03  -1.6701136e-03
  -7.2296655e-02   8.5502187e-02   1.3225932e-01   2.0035421e-03  -2.3619682e-03  -1.4988897e-03
  -6.3727211e-02   8.8825811e-02   1.3303112e-01   2.3998655e-03  -2.7913109e-03  -1.6223833e-03
  -5.3210495e-02   8.2988954e-02   1.1914448e-01   1.6367397e-03  -2.4162958e-03  -1.6751739e-03
  -4.8576145e-02   7.7702223e-02   1.3159816e-01   1.8183656e-03  -2.6269364e-03  -1.9307133e-03
  -5.9994555e-02   8.8564730e-02   1.5193115e-01   1.9111212e-03  -2.6352066e-03  -1.4413301e-03
  -5.5918550e-02   8.6876154e-02   1.7547064e-01   2.0114868e-03  -2.5349308e-03  -1.6373678e-03
  -4.0487547e-02   1.0745373e-01   1.7953395e-01   1.8112589e-03  -2.6747157e-03  -1.8559362e-03
  -6.0099610e-02   1.1578673e-01   1.9654939e-01   2.5217741e-03  -2.6378048e-03  -1.4630207e-03
  -4.2176561e-02   1.0451669e-01   1.7398383e-01   1.8997685e-03  -2.6868436e-03  -1.7895537e-03
  -6.0392077e-02   7.5952913e-02   1.8233392e-01   1.3851078e-03  -2.9425231e-03  -1.5556847e-03
  -3.9511389e-02   8.3011052e-02   1.7905026e-01   1.4361618e-03  -2.2968556e-03  -1.9330984e-03
  -5.0020534e-02   1.0200590e-01   1.8583235e-01   1.7736582e-03  -2.7839542e-03  -1.8713463e-03
  -6.1092741e-02   9.6287757e-02   1.8069833e-01   2.3906492e-03  -2.8677061e-03  -1.3751836e-03
  -5.1698089e-02   8.1916548e-02   1.7288446e-01   1.5830966e-03  -2.8707719e-03  -1.7641042e-03
  -9.1231958e-02   9.6995701e-02   1.0949195e-01   8.5145164e-05   4.5449452e-04  -2.3349639e-04
  -7.7809829e-02   6.4726127e-02   2.3940924e-01   2.1015477e-03   1.2143355e-03  -1.5047126e-04
  -5.7379573e-02   5.0041181e-02   2.1023887e-01  -2.0467404e-04  -3.6188200e-04  -1.0987456e-03
  -4.1404019e-02   7.8881678e-02   2.2612018e-01   5.0229252e-04  -7.5419873e-04  -1.3900781e-03
  -7.3606547e-02   9.6357227e-02   2.4891864e-01   7.3934686e-04  -1.2019437e-03  -9.3389613e-04
  -5.5962994e-02   7.9029778e-02   2.6847694e-01   7.9616897e-04  -6.6217745e-04  -6.1003676e-04
  -6.6028723e-02   6.5870382e-02   2.7039949e-01   8.6393028e-04  -6.4172127e-04  -6.4568324e-04
  -7.3754934e-02   8.9307878e-02   2.5551554e-01   7.6437237e-04  -1.2392167e-03  -6.6112940e-04
  -7.9542937e-02   7.6777900e-02   2.7738683e-01   1.2310073e-03  -1.1690621e-03  -5.2442299e-04
  -5.8475945e-02   8.8273084e-02   2.6641311e-01   1.7329589e-03  -1.2233493e-03  -7.4603353e-04
  -5.4599387e-02   7.7136920e-02   2.8583291e-01   1.7803325e-03  -1.0507352e-03  -1.1666337e-03
  -5.6777928e-02   9.1985851e-02   2.8966969e-01   1.7328628e-03  -1.3184216e-03  -9.0441343e-04
  -4.4390633e-02   9.0040515e-02   2.9322285e-01   1.4126994e-03  -1.4178226e-03  -1.0965019e-03
  -6.5156165e-02   7.5387692e-02   3.0123604e-01   1.0764145e-03  -1.1555179e-03  -3.4965317e-04
  -7.7592246e-02   9.4947107e-02   3.0199291e-01   1.3623605e-03  -1.3033611e-03  -4.8488439e-04
  -6.5929279e-02   1.2053779e-01   3.2085718e-01   1.6748402e-03  -1.0630326e-03  -7.7184643e-04
  -6.3179507e-02   1.1336177e-01   3.0033981e-01   1.2076871e-03  -1.0264734e-03  -1.0320866e-03
  -4.0833411e-02   1.0522097e-01   3.1907638e-01   1.0604023e-03  -9.9785336e-04  -1.1702871e-03
  -7.7276409e-02   1.0362135e-01   3.1515778e-01   9.0604290e-04  -1.0680986e-03  -9.9287411e-04
  -6.6401145e-02   1.0362989e-01   3.2546044e-01   7.7525257e-04  -1.0945014e-03  -8.3717597e-04
  -6.5630717e-02   1.0365050e-01   3.2821728e-01   1.0551675e-03  -1.0031476e-03  -9.2109093e-04
  -4.7929878e-02   1.1608214e-01   3.3881288e-01   1.0230102e-03  -7.6084247e-04  -8.0578878e-04
  -4.8086899e-02   1.0293073e-01   3.6441177e-01   1.5055105e-03  -8.0673010e-04  -9.7161381e-04
  -4.9241271e-02   1.0982786e-01   3.4256756e-01   9.3649508e-04  -7.5560483e-04  -9.5193458e-04
  -5.1164045e-02   1.1649972e-01   3.5316763e-01   1.4006887e-03  -1.0752832e-03  -7.9824418e-04
  -4.9433013e-02   1.1449615e-01   3.6154775e-01   1.4265237e-03  -1.1340183e-03  -1.3575291e-03
  -4.8397744e-02   1.0856321e-01   3.8655029e-01   1.5039113e-03  -1.1821955e-03  -1.2718518e-03
  -5.5500863e-02   1.1420811e-01   3.7215056e-01   9.1649303e-04  -1.4851688e-03  -1.1524452e-03
  -6.4713465e-02   1.0676183e-01   3.8767370e-01   1.1138716e-03  -1.4500901e-03  -6.6066943e-04
  -5.2776092e-02   8.1576163e-02   4.0029378e-01   9.1233871e-04  -1.0866112e-03  -7.2556236e-04
  -5.5583847e-02   1.0509050e-01   4.2114155e-01   5.8354980e-04  -8.6478863e-04  -1.1771647e-03
  -7.0585834e-02   8.5721471e-02   4.2171463e-01   4.6845503e-04  -1.4270462e-03  -6.2009580e-04
  -7.3652825e-02   1.0841750e-01   4.3391293e-01   1.0450940e-03  -1.1578585e-03  -2.4239978e-04
  -8.1254211e-02   1.1973871e-01   3.8917164e-01   1.4738517e-03  -1.0983879e-03  -4.4706735e-04
  -5.1217620e-02   1.1568827e-01   4.3200648e-01   1.8924370e-03  -1.1412410e-03  -9.9986057e-04
  -6.0442925e-02   9.6569412e-02   4.6183623e-01   1.6727724e-03  -1.5221386e-03  -9.6275990e-04
  -5.3586494e-02   1.1051452e-01   4.4913981e-01   1.1830126e-03  -1.4998344e-03  -1.0135206e-03
  -6.2944102e-02   1.0386528e-01   4.3760904e-01   1.2933187e-03  -1.4983066e-03  -4.6202471e-04
  -5.2798920e-02   1.1369865e-01   4.5581480e-01   1.3342888e-03  -1.5028580e-03  -8.5491678e-04
  -7.0027336e-02   1.0541667e-01   4.6527101e-01   1.0376686e-03  -1.6718742e-03  -4.2208302e-04
  -5.8702632e-02   1.1347577e-01   4.5748975e-01   1.1211482e-03  -1.7990216e-03  -7.6408150e-04
  -4.0649617e-02   1.2301677e-01   4.7967727e-01   1.1419500e-03  -1.0339678e-03  -1.1755869e-03
  -5.2981066e-02   8.9808602e-02   4.6816123e-01   6.5642144e-04  -1.3856178e-03  -3.7778786e-04
  -6.5680061e-02   1.1497539e-01   4.8333338e-01   7.6596400e-04  -1.3439428e-03  -3.7107636e-04
  -6.1431067e-02   1.0016090e-01   5.1096476e-01   1.0486165e-03  -1.3372825e-03  -8.4184739e-04
  -6.1952552e-02   1.1323914e-01   4.9350947e-01   3.5462438e-04  -1.5680495e-03  -5.0941120e-04
  -7.3122515e-02   1.0940722e-01   4.9914761e-01   8.8662822e-04  -1.5410368e-03  -5.4099519e-04
  -5.7055037e-02   1.1022084e-01   5.1071212e-01   9.7769040e-04  -1.2860713e-03  -6.5920081e-04
  -5.5363335e-02   9.4788103e-02   5.3642814e-01   1.3550884e-03  -1.1547596e-03  -8.9703343e-04
  -3.7626570e-02   9.4682981e-02   5.2670690e-01   1.3298654e-03  -1.4199255e-03  -1.0222274e-03
  -4.5240535e-02   1.0274538e-01   5.2902831e-01   9.7751062e-04  -1.5538255e-03  -1.1316637e-03
  -5.6274929e-02   1.1445685e-01   5.6639126e-01   1.1462418e-03  -1.7099170e-03  -6.7761014e-04
  -6.0264759e-02   1.2963974e-01   5.6675477e-01   1.2619705e-03  -1.1311104e-03  -6.7354390e-04
  -5.8447859e-02   1.1284285e-01   5.3768569e-01   1.0916638e-04  -1.5146714e-03  -9.4234389e-04
  -6.1877864e-02   1.0667132e-01   5.7896267e-01   9.9505151e-04  -1.5966733e-03  -4.6357122e-04
  -5.8443190e-02   1.1733956e-01   5.7419568e-01   6.4438367e-04  -1.7777113e-03  -9.1903761e-04
  -4.5993651e-02   1.2745768e-01   6.0080101e-01   1.3092707e-03  -1.7709938e-03  -1.1600405e-03
  -6.8535596e-02   1.2844935e-01   5.9759375e-01   8.9312088e-04  -1.6307073e-03  -4.4286065e-04
  -4.7670472e-02   1.3712268e-01   6.0416074e-01   2.3052756e-04  -1.5881236e-03  -8.5699548e-04
  -8.3860433e-02   1.3023430e-01   5.8663931e-01  -5.0479725e-05  -2.0963818e-03  -2.7235021e-04
  -1.3298810e-02   1.6157481e-01   3.9918536e-01  -2.8607836e-04   2.1478903e-03  -1.2460674e-03
  -5.0467591e-02   1.0061022e-01   6.7397926e-01   4.5168925e-03   2.4304242e-03  -5.0864664e-04
  -7.8796552e-02   1.4272843e-01   5.6205280e-01   1.4433747e-03  -9.3043015e-04  -8.1909008e-04
  -5.7662992e-02   1.4705571e-01   5.5260106e-01   2.0590250e-03  -1.2775365e-03  -9.6467427e-04
  -5.5952298e-02   1.2899322e-01   5.8195283e-01   1.9219482e-03  -1.0459971e-03  -7.7344820e-04
  -6.6099807e-02   1.7430268e-01   6.1437683e-01   2.2113733e-03  -1.0393130e-03  -8.3997237e-04
  -6.8960827e-02   1.6978054e-01   6.1698830e-01   2.2985757e-03  -1.3580908e-03  -9.4672366e-04
  -6.6545763e-02   1.7232348e-01   6.2403061e-01   2.5650304e-03  -1.1904881e-03  -8.3299369e-04
  -5.6456963e-02   2.0228538e-01   5.9804003e-01   2.3133658e-03   1.0673603e-03  -9.9731906e-04
  -4.3967214e-02   1.6503510e-01   6.8855592e-01   2.1608081e-03  -3.8779260e-04  -1.0561134e-03
  -4.6840110e-02   1.3841931e-01   7.1255158e-01   1.3917409e-03  -1.2671927e-03  -1.2088042e-03
  -3.6493075e-02   1.3993285e-01   7.2603526e-01   1.6687015e-03  -1.4386589e-03  -1.3202241e-03
  -2.6562263e-02   1.5283524e-01   7.3415014e-01   1.5999069e-03  -1.4303754e-03  -1.3874100e-03
  -4.2835119e-02   1.3571822e-01   7.6997855e-01   1.8425302e-03  -1.5675535e-03  -1.5707851e-03
  -3.1805604e-02   1.2568764e-01   8.2725173e-01   1.1150238e-03  -1.3018587e-03  -1.5313572e-03
  -1.6647469e-02   1.5420837e-01   8.3168971e-01   9.7121787e-04  -9.0042877e-04  -1.7493586e-03
  -2.5427594e-02   1.4669960e-01   8.2906119e-01   5.6881909e-04  -1.3864676e-03  -2.0515830e-03
  -1.2342523e-02   1.4782141e-01   8.1552522e-01   1.1070406e-04  -1.4651360e-03  -2.0294372e-03
  -4.7204530e-03   1.4654621e-01   8.4397870e-01   6.0978562e-04  -1.4954410e-03  -2.1496180e-03
  -2.6754077e-02   1.5891096e-01   8.6814398e-01   9.9563921e-04  -1.3790299e-03  -1.7049339e-03
  -4.0446392e-02   1.5951387e-01   8.6654304e-01  -1.9921505e-04  -1.2186483e-03  -1.1108978e-03
  -3.1516297e-02   1.6053258e-01   8.6474763e-01  -2.0426210e-04  -1.9472149e-03  -1.7496625e-03
  -1.3608132e-02   1.6509208e-01   8.4327331e-01   9.6142998e-05  -1.5870774e-03  -1.8419240e-03
  -1.9297242e-02   1.5346561e-01   8.4848127e-01   6.1824129e-04  -2.0566197e-03  -1.7870545e-03
  -2.3914256e-02   1.5973720e-01   8.4374949e-01  -7.2765879e-04  -2.1235831e-03  -1.4661527e-03
  -1.1264593e-02   1.5186972e-01   8.2888141e-01  -7.0908408e-04  -1.5888656e-03  -1.9984186e-03
  -1.9107340e-02   1.6496207e-01   8.7000943e-01   5.0325269e-04  -1.8127820e-03  -1.5263478e-03
  -3.1027107e-02   1.4952077e-01   8.6204838e-01   2.6647765e-04  -1.3501228e-03  -1.1431383e-03
   3.7069901e-02   1.5675478e-01   7.8391254e-01   2.9281756e-03   1.8202725e-03  -2.8843867e-03
  -4.0285375e-02   1.0910370e-01   7.6237779e-01   3.7115990e-03   1.8911171e-03  -2.2738887e-03
  -1.4609621e-02   9.6499491e-02   8.3283195e-01   6.1742868e-04   6.4092047e-05  -1.6720074e-03
  -2.4555329e-02   1.2646207e-01   8.6361653e-01  -8.7388263e-04  -8.3142754e-04  -1.8609582e-03
  -2.2265533e-02   1.2254059e-01   9.1166005e-01   1.9328732e-04  -1.0882843e-03  -1.9207424e-03
  -3.6044474e-02   1.4968157e-01   9.4674800e-01   2.7964605e-04  -1.4034120e-03  -1.5468120e-03
  -1.6054548e-02   1.4927012e-01   9.4087593e-01  -6.5972492e-04  -1.5488707e-03  -1.9142895e-03
  -3.5379363e-02   1.4738171e-01   9.4365472e-01   4.3013942e-05  -1.4740862e-03  -1.6924421e-03
  -2.2027024e-02   1.6614681e-01   9.2929544e-01  -2.9973262e-04  -1.5767248e-03  -1.5964681e-03
  -2.8861744e-02   1.7036740e-01   9.4688313e-01  -3.5953110e-04  -1.3384903e-03  -1.5903180e-03
  -2.4338155e-02   1.5606162e-01   9.6031319e-01   8.6196161e-05  -1.5863085e-03  -1.5001587e-03
  -2.1918431e-02   1.5239234e-01   9.5942844e-01  -2.3491663e-04  -1.2948074e-03  -1.6592990e-03
  -4.0718896e-02   1.5897632e-01   9.6011341e-01  -7.5360532e-04  -1.1611470e-03  -1.1629785e-03
  -3.3398024e-02   1.4802529e-01   9.6884101e-01  -3.4642659e-04  -1.4611345e-03  -1.3361451e-03
  -3.5937965e-02   1.6433488e-01   1.0112752e+00  -2.0369281e-04  -1.2176726e-03  -1.2256087e-03
  -2.3959259e-02   1.4756034e-01   1.0079967e+00  -7.9989319e-05  -1.4431837e-03  -1.6293148e-03
  -2.2139456e-02   1.5549840e-01   1.0418573e+00   3.5547962e-04  -1.2139490e-03  -1.4213916e-03
  -2.7618934e-02   1.6506844e-01   1.0404007e+00   8.3117149e-05  -1.5873165e-03  -1.6133274e-03
  -3.7603967e-02   1.7238602e-01   1.0411351e+00  -5.9285140e-04  -1.4796091e-03  -1.2906064e-03
  -3.1707844e-02   1.5942748e-01   1.0359753e+00  -4.0635588e-04  -1.3020466e-03  -1.6256540e-03
  -2.0602409e-02   1.6195685e-01   1.0356087e+00  -3.6478686e-04  -1.4879378e-03  -1.5763137e-03
  -4.0730136e-02   1.7370154e-01   1.0457088e+00  -2.9470972e-04  -1.7830478e-03  -1.3918620e-03
  -4.0707159e-02   1.6119724e-01   1.0598623e+00  -8.4576781e-04  -1.6821826e-03  -1.4532111e-03
  -2.1619547e-02   1.7239596e-01   1.0603275e+00  -7.2383927e-04  -1.7491363e-03  -1.6017320e-03
  -1.6772908e-02   1.6264191e-01   1.0547523e+00  -8.4428863e-04  -1.6661948e-03  -1.7438187e-03
  -1.8149428e-02   1.5618830e-01   1.0880769e+00  -2.7755047e-04  -1.7193616e-03  -1.7744306e-03
  -2.5129172e-02   1.6775430e-01   1.1060066e+00   1.9635154e-04  -1.8498544e-03  -1.6167224e-03
  -2.8522239e-02   1.8254224e-01   1.0993595e+00   2.9081484e-05  -1.8329902e-03  -1.5072791e-03
  -2.4407222e-02   2.0225241e-01   1.0848263e+00  -9.3952786e-04  -1.9234815e-03  -1.6169153e-03
  -2.5298842e-02   1.8720368e-01   1.1200858e+00  -2.7100188e-04  -1.5400503e-03  -1.4203288e-03
  -3.0999083e-02   1.6330800e-01   1.1262088e+00  -1.1849943e-04  -1.5245270e-03  -1.6430445e-03
  -3.6854526e-02   1.8321910e-01   1.1282769e+00  -4.9811267e-04  -1.8545864e-03  -1.4329000e-03
  -3.8179284e-02   1.8723163e-01   1.1551309e+00  -5.3493547e-04  -1.5192843e-03  -1.2500710e-03
  -3.3885006e-02   1.9273467e-01   1.1564387e+00   6.5202083e-05  -1.9695390e-03  -1.2848889e-03
  -3.0103715e-02   2.0967317e-01   1.1683606e+00  -3.4472461e-04  -2.0604328e-03  -1.3433542e-03
  -3.9850794e-02   1.8799817e-01   1.1919105e+00  -2.2496122e-04  -1.9731049e-03  -1.2133502e-03
  -3.6315711e-02   1.7336386e-01   1.1763385e+00  -1.8801833e-04  -2.4859190e-03  -1.5151255e-03
  -2.7999025e-02   1.7620025e-01   1.1906641e+00  -1.9639061e-04  -1.9235141e-03  -9.5092483e-04
  -3.0117654e-02   1.6595934e-01   1.1817014e+00  -6.2628090e-04  -1.9875455e-03  -1.3194503e-03
  -1.4608125e-02   1.8264091e-01   1.2178998e+00  -2.7742411e-04  -1.6832201e-03  -1.6550245e-03
  -2.3212447e-02   1.5935874e-01   1.2308803e+00  -1.8469217e-05  -1.8192462e-03  -1.3052693e-03
  -3.1456092e-02   1.7493051e-01   1.2482423e+00   6.6509379e-04  -2.0819227e-03  -1.3634956e-03
  -2.4365686e-02   1.8372954e-01   1.2455383e+00  -3.1296780e-04  -1.7384900e-03  -1.4002475e-03
  -2.3960281e-02   1.7598308e-01   1.2515804e+00  -1.6290710e-04  -2.1257849e-03  -1.7357593e-03
  -2.6279597e-02   1.8741269e-01   1.2475565e+00  -2.5562707e-04  -2.1291385e-03  -1.4081246e-03
  -8.0635538e-03   1.8703635e-01   1.2902984e+00   2.8948348e-04  -2.0889323e-03  -1.8164163e-03
  -3.2194823e-02   1.7649716e-01   1.2716566e+00  -5.4288007e-04  -2.1665827e-03  -1.5718116e-03
  -2.8190834e-02   2.0452368e-01   1.2925239e+00  -3.3807278e-04  -1.8961484e-03  -1.2142362e-03
  -3.0643498e-02   2.0194593e-01   1.2857544e+00  -2.6912726e-04  -2.3243931e-03  -1.4364174e-03
  -3.0313717e-02   1.7823052e-01   1.3353550e+00  -1.5747632e-05  -2.2926704e-03  -1.6376160e-03
  -4.4183216e-02   1.8751043e-01   1.3034950e+00  -5.0241320e-04  -2.3367889e-03  -1.0008177e-03
  -9.6341373e-03   1.9505800e-01   1.3224530e+00  -9.1749055e-05  -2.0600956e-03  -1.7395492e-03
  -3.3796547e-02   1.9474734e-01   1.3078231e+00  -1.0473610e-03  -1.9959564e-03  -1.0989296e-03
  -2.7284012e-02   1.7960148e-01   1.3628042e+00   1.3020655e-04  -1.8011841e-03  -1.5345504e-03
  -2.4379236e-02   1.8813377e-01   1.3481934e+00   2.9818157e-05  -1.8602024e-03  -1.4932520e-03
  -3.6935688e-02   1.8833583e-01   1.3574272e+00  -3.2441372e-04  -1.6981453e-03  -1.4865088e-03
  -2.1496011e-02   1.9898045e-01   1.3631075e+00  -1.9371285e-04  -1.8863841e-03  -1.5173888e-03
  -3.0349559e-02   2.1032764e-01   1.3630871e+00  -2.6112974e-04  -2.0073230e-03  -1.2994835e-03
  -2.8483418e-02   1.9848512e-01   1.3537079e+00  -6.4563660e-04  -2.1466037e-03  -1.0743483e-03
  -2.5174071e-02   2.0963857e-01   1.3837144e+00  -6.2798561e-04  -1.9663144e-03  -1.4630632e-03
  -1.7302671e-02   2.0211415e-01   1.3739713e+00  -3.3279104e-04  -1.7754374e-03  -1.5460621e-03
   1.5016993e-02   2.3193119e-01   1.3435521e+00   2.4345312e-03   2.5959371e-03  -2.7696241e-03
  -5.9390357e-03   1.9167932e-01   1.3764349e+00  -1.1560780e-03   1.4491688e-03  -1.4048893e-03
  -8.5619686e-03   1.8769389e-01   1.3659353e+00   2.6731513e-04  -4.6960112e-04  -1.2016382e-03
  -2.7342072e-02   1.9505493e-01   1.3601778e+00   5.8677651e-04  -9.0180063e-04  -1.0041782e-03
  -4.6564456e-02   2.1059632e-01   1.3544646e+00   6.7423898e-04  -9.1971643e-04  -6.3290454e-04
  -5.3568175e-03   2.1058289e-01   1.3790035e+00   6.2874512e-04  -8.2558134e-04  -1.5546585e-03
  -8.3880559e-03   2.1292849e-01   1.3940838e+00   2.0691240e-04  -1.0176661e-03  -1.2793094e-03
   2.7038822e-04   2.0499984e-01   1.4051632e+00  -1.7616963e-05  -1.4737725e-03  -1.5464610e-03
  -5.7535581e-03   1.9910864e-01   1.4315662e+00   4.5680765e-04  -1.1295755e-03  -1.6281639e-03
  -1.3944671e-02   2.0644510e-01   1.4293470e+00   3.1782660e-04  -1.4972375e-03  -1.4728385e-03
  -1.4523396e-02   1.9929055e-01   1.4339392e+00  -2.7260202e-04  -1.6045825e-03  -1.5178586e-03
   1.4767139e-03   2.0651289e-01   1.4758805e+00   8.8554497e-04  -1.7437209e-03  -1.8557830e-03
   8.4170341e-03   2.0261520e-01   1.4683647e+00   4.8006003e-04  -1.6381491e-03  -1.7890611e-03
   1.3662422e-02   1.9515697e-01   1.4836154e+00   3.3624146e-04  -1.5433820e-03  -1.7239917e-03
  -1.0319398e-03   1.9930117e-01   1.4766330e+00  -1.3051001e-04  -1.8248485e-03  -1.7429588e-03
  -1.5442915e-02   1.4892830e-01   1.5311378e+00   1.9577948e-03  -2.3146946e-03  -1.9118751e-03
   6.6162571e-03   1.9307581e-01   1.5054714e+00   2.3606259e-04  -1.7261401e-03  -1.8042152e-03
   6.2670877e-03   1.9871394e-01   1.5246147e+00   2.5339622e-05  -1.6007953e-03  -1.4793189e-03
  -4.8352326e-03   1.8846574e-01   1.5215167e+00  -3.8226398e-05  -2.1086086e-03  -1.5862476e-03
   1.3740759e-02   2.1955020e-01   1.5321559e+00   4.2051867e-04  -1.8086509e-03  -2.0287520e-03
  -5.9657838e-04   1.8367264e-01   1.5491344e+00   5.3581906e-04  -2.0068914e-03  -1.4303697e-03
  -7.0300899e-03   2.0590894e-01   1.5537964e+00   1.2441392e-04  -2.1026404e-03  -1.3259826e-03
   7.2091801e-03   1.8862997e-01   1.5631967e+00   5.0249578e-04  -1.5371017e-03  -1.3728546e-03
   9.6732558e-03   1.8717586e-01   1.5528285e+00  -2.5500238e-04  -1.5930283e-03  -1.9209976e-03
  -8.3238625e-03   1.9549524e-01   1.5778177e+00   6.2644185e-04  -1.8695228e-03  -9.7307126e-04
   1.9637990e-02   2.0182408e-01   1.5809566e+00   2.0718423e-04  -1.8051977e-03  -1.7323103e-03
  -1.0787720e-02   1.9205596e-01   1.5843061e+00   5.3308207e-06  -2.0455922e-03  -1.3493445e-03
   2.5200491e-03   1.9497193e-01   1.6226625e+00   9.9528180e-04  -1.7606588e-03  -1.6561909e-03
   1.3290429e-03   2.0292832e-01   1.6211630e+00   1.0534698e-03  -1.9736107e-03  -1.5635711e-03
  -1.2316982e-02   1.9870234e-01   1.6258189e+00   2.9732789e-04  -2.0539565e-03  -1.3385099e-03
  -1.4044234e-02   1.9638847e-01   1.5506833e+00  -1.5537496e-03  -1.6382938e-03  -9.0437909e-04
   1.6791185e-02   2.3324521e-01   1.6516223e+00   5.6735018e-03   1.7286276e-03  -2.1826469e-03
  -2.7316240e-02   2.1910021e-01   1.6552180e+00   1.7443914e-03   3.8104698e-04  -1.1532736e-04
  -2.5249522e-02   2.0979391e-01   1.6381457e+00  -6.5801329e-04  -1.4098693e-03  -8.7863806e-04
  -1.2191117e-02   2.3026807e-01   1.6652409e+00  -5.8197904e-04  -1.4379908e-03  -1.3080259e-03
  -2.4689287e-02   2.1889543e-01   1.7190403e+00  -1.0481055e-03  -1.4145340e-03  -7.8322679e-04
  -3.3200951e-03   2.2046563e-01   1.7214212e+00  -4.2334688e-04  -1.6328053e-03  -1.1131484e-03
  -4.7891444e-03   2.0961163e-01   1.7796577e+00  -5.1870123e-04  -1.8313275e-03  -1.4836189e-03
  -1.1997769e-02   2.1196431e-01   1.7634075e+00  -4.5666359e-04  -2.1992449e-03  -1.3000493e-03
  -5.3406169e-03   2.2989869e-01   1.7943906e+00   3.9248086e-04  -1.9987262e-03  -1.3123353e-03
  -5.9195952e-03   2.2622725e-01   1.7775511e+00  -3.2325790e-04  -2.1401225e-03  -1.4216559e-03
  -1.7225900e-02   2.0478549e-01   1.8015832e+00   6.8435273e-06  -2.1095920e-03  -1.1097408e-03
   3.5846412e-04   2.1725418e-01   1.8059589e+00  -1.6294920e-04  -2.0796891e-03  -1.6525785e-03
   5.0150703e-03   2.2574707e-01   1.8576639e+00   7.8740575e-04  -2.0962416e-03  -1.4970015e-03
   7.5464333e-02   2.6997166e-01   1.7531993e+00   2.0776434e-03   1.1541320e-03  -3.0365874e-03
   1.7560813e-03   1.6963002e-01   1.6849821e+00   7.5714286e-04   2.8897645e-03  -5.8349071e-04
  -8.8376949e-04   1.9268813e-01   1.7327051e+00   1.7085304e-03  -1.9401386e-03  -1.8545532e-03
   5.7329256e-03   1.9278141e-01   1.7671762e+00  -6.1755603e-04  -2.2247819e-03  -1.8520690e-03
   3.3436934e-03   2.1551364e-01   1.8144247e+00  -3.8105046e-04  -1.8575339e-03  -1.5304830e-03
   1.7317071e-02   2.2294404e-01   1.8767097e+00   8.0723746e-04  -2.0018085e-03  -1.4499572e-03
   1.1483391e-03   2.3027934e-01   1.8617865e+00   2.7976784e-04  -1.7490156e-03  -1.3731325e-03
  -5.7440074e-03   2.3781962e-01   1.8796089e+00   1.1166958e-04  -1.9802235e-03  -1.3130132e-03
   7.3845595e-03   2.4651788e-01   1.9084219e+00  -1.6908536e-04  -1.6436324e-03  -1.1571027e-03
   2.2993537e-03   2.2307302e-01   1.8885412e+00  -2.9506239e-04  -2.2755710e-03  -1.6256774e-03
   1.5600605e-02   2.1188076e-01   1.9194439e+00   1.6000567e-04  -2.1361643e-03  -1.5424335e-03
   7.7553512e-03   2.3105756e-01   1.9025266e+00   1.5830589e-05  -2.3971112e-03  -1.8351934e-03
   1.1981039e-02   2.2201724e-01   1.9042751e+00  -7.0511264e-04  -2.3698659e-03  -1.3457370e-03
   1.2009690e-02   2.2301277e-01   1.9208825e+00  -3.9007861e-04  -2.4292708e-03  -1.3244037e-03
   4.7298362e-03   2.3300381e-01   1.9439185e+00  -1.3329701e-04  -2.1116653e-03  -1.2853099e-03
   2.2016835e-02   2.4190713e-01   1.9489129e+00  -1.9437903e-04  -1.9718713e-03  -1.8103828e-03
   5.8635519e-03   2.3537573e-01   1.9813317e+00  -1.4712495e-04  -1.6851160e-03  -1.4191962e-03
   1.7110158e-02   2.3368454e-01   1.9854626e+00   3.1654257e-04  -1.9332505e-03  -1.5169831e-03
   4.6072173e-03   2.3583288e-01   1.9895804e+00  -2.0273218e-04  -2.1807386e-03  -1.4835954e-03
   7.3334880e-03   2.3586435e-01   2.0087442e+00  -1.1365139e-04  -2.2150516e-03  -1.8265533e-03
   5.9723363e-02   2.7865960e-01   1.9742971e+00   1.5958905e-03   1.1377912e-03  -2.3951070e-03
   4.9050757e-03   2.0782608e-01   1.9689885e+00   4.9616480e-05   3.8441043e-04  -1.2394576e-03
  -1.1993192e-02   1.9909158e-01   1.9649489e+00   2.3835182e-03   9.6513858e-04  -1.3925792e-03
   1.0770945e-02   1.9430047e-01   1.9732876e+00  -1.8481494e-03  -1.8379522e-03  -1.5770777e-03
   1.4914789e-02   2.1993819e-01   2.0162070e+00  -5.2175848e-04  -2.0544013e-03  -1.8583079e-03
   1.9533071e-03   2.1475786e-01   2.0440008e+00  -1.4526578e-04  -2.6166111e-03  -1.6733928e-03
   1.1729114e-02   2.4693041e-01   2.0542500e+00  -2.1582218e-04  -2.6493076e-03  -1.5421802e-03
   1.8923095e-03   2.3342391e-01   2.0599061e+00  -6.0432569e-04  -2.9322926e-03  -1.3972520e-03
   8.2795814e-03   2.2693682e-01   2.0698214e+00  -4.8841155e-04  -2.4102418e-03  -1.0332034e-03
  -4.5926534e-03   2.1706827e-01   2.0750488e+00  -3.7107457e-04  -2.4401379e-03  -8.5228288e-04
   3.8331328e-03   2.1539585e-01   2.0956407e+00  -6.6199230e-04  -2.3394007e-03  -1.1445774e-03
   2.7294817e-02   2.3963202e-01   2.1037684e+00  -7.9077227e-04  -5.5994086e-04  -1.3555170e-03
   6.7669657e-02   2.2312733e-01   2.0699081e+00   1.3312008e-03   2.5897079e-03  -1.9360232e-03
   1.1004039e-01   1.4416106e-01   1.2111914e+00   1.9223309e-02   4.0512903e-03  -6.4118232e-03
   1.4090657e-02   2.6887055e-03   1.8761170e+00   1.1832603e-02  -2.7762467e-03  -2.1797180e-03
  -2.1284246e-02   1.7439452e-01   2.1265057e+00   2.2442680e-03  -2.1263034e-03  -2.2771936e-03
   7.7228359e-03   2.1152075e-01   2.1290803e+00   1.2795356e-03  -2.3635300e-03  -3.0251611e-03
   1.4306315e-02   2.0766150e-01   2.2020702e+00   2.3161509e-03  -2.4528545e-03  -3.0482209e-03
  -3.1480370e-03   2.1594280e-01   2.2262871e+00   2.1275156e-03  -2.8369088e-03  -3.0438611e-03
   4.1009349e-03   1.9559813e-01   2.2461066e+00   2.1118690e-03  -2.4594138e-03  -3.3532018e-03
  -7.9614567e-03   2.1031690e-01   2.2507102e+00   1.7966605e-03  -3.1486902e-03  -2.6132458e-03
  -3.2826967e-03   2.1125745e-01   2.2657728e+00   1.8951669e-03  -2.8625518e-03  -3.2842289e-03
   2.6339825e-04   2.0522436e-01   2.2876151e+00   2.5212806e-03  -2.8007409e-03  -2.9847480e-03
   4.6664177e-03   2.0664155e-01   2.2657976e+00   1.5508167e-03  -2.6010019e-03  -2.9613138e-03
  -2.4425737e-02   2.0380817e-01   2.2481640e+00   6.0227767e-04  -2.7488167e-03  -2.3911581e-03
   2.1087588e-02   2.1053666e-01   2.1340119e+00   9.2720587e-04   1.1186266e-03  -3.0569022e-03
  -3.6122402e-03   2.3266315e-01   2.0757825e+00   1.7106643e-03  -1.0171670e-03  -2.5558638e-03
   1.8346087e-02   2.2506005e-01   2.0778674e+00  -2.5331858e-03  -1.7598931e-03  -2.3900129e-03
   3.2844679e-02   2.0613724e-01   2.1075985e+00  -1.9356381e-03  -2.1278574e-03  -3.0333008e-03
   2.1906858e-02   2.3767135e-01   2.1371519e+00  -1.1870471e-03  -2.1929390e-03  -2.3358064e-03
   1.2113607e-02   2.3126416e-01   2.1405271e+00  -1.6794102e-03  -2.1280983e-03  -2.4018198e-03
   2.5976459e-02   2.3058433e-01   2.1658291e+00  -1.3278132e-03  -2.1735287e-03  -2.2737521e-03
   1.6287230e-02   2.5219626e-01   2.1640106e+00  -1.5310942e-03  -2.3054786e-03  -2.2394297e-03
   1.3720789e-02   2.5154562e-01   2.1659925e+00  -1.5218475e-03  -2.6014352e-03  -2.1237756e-03
   2.9443027e-02   2.5300482e-01   2.1814722e+00  -1.1952446e-03  -2.1465082e-03  -2.2476901e-03
   3.3838894e-02   2.3653477e-01   2.1797228e+00  -1.7540066e-03  -2.3653622e-03  -2.3484958e-03
   6.6442633e-03   2.5430760e-01   2.1817582e+00  -1.8268279e-03  -2.4064166e-03  -1.9733042e-03
   1.4044516e-02   2.3899933e-01   2.1945438e+00  -1.8890339e-03  -2.2804952e-03  -1.9273061e-03
   2.4129536e-02   2.3793162e-01   2.2379262e+00  -1.1108262e-03  -2.3740624e-03  -2.0514074e-03
   3.3276304e-02   2.3906154e-01   2.2379266e+00  -1.4328360e-03  -2.4911046e-03  -2.2224482e-03
   9.8595198e-03   2.3918255e-01   2.2375625e+00  -1.8293830e-03  -2.8211579e-03  -2.0476592e-03
   1.2131578e-02   2.4505173e-01   2.2652722e+00  -1.3085247e-03  -2.6938085e-03  -2.0597383e-03
   6.1957227e-03   2.2227017e-01   2.2583410e+00  -1.6830362e-03  -2.8693444e-03  -1.8394087e-03
   1.7804130e-02   2.3868762e-01   2.2681127e+00  -1.5796210e-03  -2.5576807e-03  -1.9296216e-03
   2.4020511e-02   2.3892230e-01   2.2918209e+00  -1.5243653e-03  -2.3630875e-03  -1.9481273e-03
   1.0131904e-02   2.3497035e-01   2.2916814e+00  -1.5759693e-03  -2.4376394e-03  -1.5658559e-03
   2.9052612e-02   2.3203176e-01   2.2757983e+00  -1.6080776e-03  -2.5324443e-03  -1.9999937e-03
   1.1461014e-02   2.3145730e-01   2.2954000e+00  -1.7499978e-03  -2.4406879e-03  -1.3825288e-03
   1.7217259e-02   2.4327146e-01   2.3293949e+00  -9.4059302e-04  -2.7000457e-03  -1.9829164e-03
  -7.0112082e-03   2.6006902e-01   2.3098217e+00  -1.0325809e-03  -2.4136395e-03  -1.1213809e-03
   1.9009654e-02   2.4922043e-01   2.3428424e+00  -1.6617442e-03  -2.5776156e-03  -1.8574952e-03
   3.2150300e-02   2.5851290e-01   2.3714695e+00  -1.1124354e-03  -2.3780878e-03  -2.0230921e-03
  -1.1831077e-02   2.3999079e-01   2.3848345e+00  -1.0617064e-03  -2.0091789e-03  -1.1775234e-03
   6.9473919e-03   2.5460095e-01   2.3779701e+00  -1.3816466e-03  -2.6241988e-03  -1.7259403e-03
   1.7231351e-02   2.6045350e-01   2.4197302e+00  -1.0037894e-03  -2.2306524e-03  -1.8225998e-03
  -2.6189528e-03   2.5078075e-01   2.4020665e+00  -1.4049339e-03  -2.1304553e-03  -1.4190508e-03
   1.4009005e-02   2.5166977e-01   2.4132779e+00  -1.1780914e-03  -2.2054014e-03  -1.6748033e-03
   6.8190070e-03   2.4464813e-01   2.4142706e+00  -1.3606984e-03  -2.1920451e-03  -1.6653437e-03
   5.0386660e-03   2.5227882e-01   2.4112785e+00  -1.6243019e-03  -2.4172585e-03  -1.6570728e-03
   2.2622228e-02   2.7175042e-01   2.4490336e+00  -8.7487535e-04  -1.9999381e-03  -2.0226224e-03
   1.9814752e-02   2.8462239e-01   2.4509063e+00  -1.0403051e-03  -2.0595280e-03  -1.8218976e-03
   1.2918088e-02   2.6236714e-01   2.4576644e+00  -1.0872202e-03  -1.9559187e-03  -1.5056109e-03
   1.6823220e-02   2.6755186e-01   2.4603265e+00  -1.3360719e-03  -2.3027025e-03  -1.5144595e-03
   5.8860629e-03   2.4560363e-01   2.4608809e+00  -1.0698972e-03  -2.6986777e-03  -1.9756335e-03
   1.5854093e-02   2.4145192e-01   2.4924498e+00  -9.8646245e-04  -2.4539617e-03  -1.6848476e-03
   1.9955572e-02   2.5769729e-01   2.4857346e+00  -1.3624175e-03  -2.4036451e-03  -1.8130268e-03
   1.2758608e-02   2.6279655e-01   2.5184606e+00  -8.5757876e-04  -2.0372777e-03  -1.4898940e-03
   8.0435517e-03   2.5298297e-01   2.4961245e+00  -1.5019436e-03  -2.4013920e-03  -1.3461064e-03
   9.0130845e-03   2.7259164e-01   2.5072917e+00  -1.2213545e-03  -1.9580191e-03  -1.4332763e-03
   1.8443274e-02   2.6858991e-01   2.5032319e+00  -1.6026363e-03  -2.4813814e-03  -1.9052357e-03
   1.3160526e-03   2.6719676e-01   2.5213088e+00  -1.5073801e-03  -2.3906824e-03  -1.6426151e-03
  -2.0615431e-03   2.7488467e-01   2.5298466e+00  -1.3291916e-03  -2.4966076e-03  -1.0806426e-03
   6.0920606e-03   2.7578026e-01   2.5333486e+00  -1.3622350e-03  -2.8950859e-03  -1.4328500e-03
   2.5132850e-02   2.6406198e-01   2.5453175e+00  -1.3319282e-03  -2.3669379e-03  -1.7078566e-03
   4.9577655e-03   2.4692141e-01   2.5677373e+00  -1.0162541e-03  -2.7006702e-03  -1.3696789e-03
   9.8970887e-03   2.7061732e-01   2.5825220e+00  -9.8009876e-04  -2.9476191e-03  -1.7663789e-03
   1.8959073e-02   2.5654951e-01   2.6082463e+00  -9.4650192e-04  -2.6566500e-03  -1.6477396e-03
   1.2770803e-02   2.5368315e-01   2.6046083e+00  -1.5111895e-03  -2.5164322e-03  -1.4304430e-03
   2.2675514e-03   2.7270409e-01   2.6064410e+00  -1.2322106e-03  -2.6161912e-03  -1.3899571e-03
   6.5482960e-03   2.5666717e-01   2.6195217e+00  -1.2558951e-03  -2.2526806e-03  -1.3640100e-03
   1.7077831e-02   2.7660462e-01   2.6113467e+00  -1.3433780e-03  -2.7033171e-03  -1.5811458e-03
   3.7660123e-02   2.5139919e-01   2.6270624e+00  -1.1244620e-03  -2.2232076e-03  -2.1130293e-03
   2.4774278e-02   2.5990939e-01   2.6594627e+00  -8.4353831e-04  -2.5947336e-03  -1.5616785e-03
   3.0398208e-02   2.4827699e-01   2.6706712e+00  -4.9634664e-04  -2.6174183e-03  -1.6081372e-03
   2.5624948e-02   2.6456150e-01   2.6600231e+00  -1.2155537e-03  -2.4939068e-03  -1.8865348e-03
   2.4036749e-02   2.5111188e-01   2.6835673e+00  -8.6030249e-04  -2.2717424e-03  -1.6840441e-03
   1.9086729e-02   2.4135185e-01   2.6958365e+00  -9.6878155e-04  -2.6966986e-03  -1.6563818e-03
   9.1191437e-02   3.3051034e-01   2.6191598e+00  -1.6408266e-04   9.3325450e-04  -3.0720953e-03
  -3.6504900e-02   2.5162252e-01   2.6808641e+00  -2.6940210e-05  -6.6482340e-04  -2.9030984e-03
   4.1735223e-02   3.0083582e-01   2.6857573e+00  -1.1371417e-03   2.6169748e-04  -2.6236795e-03
   3.5907561e-02   2.7237966e-01   2.7276439e+00  -1.9729772e-03  -5.6769329e-04  -2.1087447e-03
   4.2396768e-02   2.7115135e-01   2.7658821e+00  -2.0505925e-03  -1.2734556e-03  -2.5956701e-03
   3.1354342e-02   2.8056030e-01   2.7834312e+00  -2.1264285e-03  -1.0755897e-03  -1.9134975e-03
   2.7068479e-02   2.7168008e-01   2.8076858e+00  -1.5508022e-03  -1.3276675e-03  -1.6190263e-03
   1.9682885e-02   2.9473090e-01   2.8313580e+00  -1.2743654e-03  -1.5099809e-03  -1.8378858e-03
   2.7353419e-02   2.8297929e-01   2.8549854e+00  -6.5032717e-04  -1.3346423e-03  -1.9233408e-03
   4.1796445e-03   2.7200415e-01   2.8839475e+00  -9.0154533e-04  -1.4255657e-03  -1.3923511e-03
   3.1974629e-02   2.7473868e-01   2.8870428e+00  -1.4288840e-03  -9.5205482e-04  -2.2649517e-03
   3.4883277e-02   2.7288477e-01   2.8794931e+00  -1.2780949e-03  -1.4536927e-03  -2.0951680e-03
   2.1054666e-02   2.8418638e-01   2.9073185e+00  -1.2901779e-03  -1.7661464e-03  -2.1485854e-03
   1.9331276e-02   2.8914224e-01   2.9148294e+00  -1.2454089e-03  -1.7083123e-03  -1.8303097e-03
   4.3935458e-02   2.7767290e-01   2.9336817e+00  -7.0468917e-04  -1.6620687e-03  -2.3138985e-03
   4.7184582e-02   2.8202950e-01   2.9257173e+00  -1.2487562e-03  -1.4761535e-03  -2.1656445e-03
   2.6369612e-02   2.7620181e-01   2.9061472e+00  -1.1864035e-03  -2.2098495e-03  -2.0300698e-03
   3.2271826e-02   2.5926704e-01   2.9395725e+00  -1.1647917e-03  -2.0054947e-03  -2.0098663e-03
   3.4266307e-02   2.7827414e-01   2.9780674e+00  -5.5601151e-04  -2.0405035e-03  -2.1423424e-03
   2.3261231e-02   2.7698428e-01   2.9401227e+00  -2.0192828e-03  -2.2571518e-03  -1.9946380e-03
   6.5173665e-02   3.3650459e-01   2.8328039e+00   1.0529591e-04   4.5210103e-03  -1.5941249e-03
   6.9351890e-02   2.6891321e-01   2.9952729e+00  -9.0530710e-04   2.5404585e-03  -1.6206884e-03
   3.3530726e-02   2.6313884e-01   2.9512871e+00  -2.7774577e-03   4.6467977e-04  -1.0202239e-03
   2.3320213e-02   2.8604652e-01   2.9620590e+00  -1.8673413e-03  -3.9239700e-04  -8.0210224e-04
   1.6134703e-02   2.9017462e-01   2.9549288e+00  -8.0263058e-04  -9.5490376e-04  -8.3507233e-04
   1.4814245e-02   2.9388730e-01   2.9716355e+00   4.5114040e-05  -5.2583540e-04  -6.1818842e-04
   7.1254603e-03   3.0412647e-01   2.9791904e+00  -3.1708722e-04  -6.8799908e-04  -7.3931026e-04
   3.4380294e-02   2.9029601e-01   3.0026504e+00  -9.6197282e-04  -1.1084064e-03  -1.2189757e-03
   3.3331080e-02   3.1002462e-01   3.0161320e+00  -1.4376973e-03  -1.1417969e-03  -1.1703093e-03
   2.9852079e-02   3.0613840e-01   3.0223862e+00  -9.3371640e-04  -1.3179135e-03  -1.1515205e-03
   4.1302671e-02   2.9722815e-01   3.0529487e+00  -6.1863127e-04  -1.5042938e-03  -1.6816437e-03
   3.9011868e-02   2.8538420e-01   3.0331072e+00  -1.3649297e-03  -1.6928713e-03  -1.7940410e-03
   5.4354987e-02   3.0418612e-01   3.0610034e+00  -1.2432452e-03  -1.4804187e-03  -1.7703718e-03
   4.7084658e-02   2.7674299e-01   3.0981964e+00  -7.6877293e-04  -1.7795089e-03  -1.3956109e-03
   3.1571490e-02   2.8568965e-01   3.1121095e+00  -3.7380796e-04  -1.7497080e-03  -1.3640429e-03
   5.7517341e-02   2.7858836e-01   3.1033051e+00  -7.9642767e-04  -1.6885539e-03  -1.8478182e-03
   4.1243114e-02   2.8994987e-01   3.1265593e+00  -3.4017234e-04  -1.6579790e-03  -1.3693925e-03
   3.6758084e-02   2.7300344e-01   3.1289959e+00  -4.3365580e-04  -1.9512525e-03  -1.6495167e-03
   4.2794584e-02   3.0583195e-01   3.1375615e+00  -6.8521484e-04  -1.6641190e-03  -1.6033769e-03
   3.0270259e-02   2.9292861e-01   3.1602865e+00  -3.5162072e-04  -1.9394919e-03  -1.4380342e-03
   4.5167595e-02   2.9026496e-01   3.1729029e+00  -7.6352254e-04  -1.5809823e-03  -1.7457107e-03
   5.1623317e-02   2.8335022e-01   3.1735204e+00  -5.0068568e-04  -1.5911788e-03  -1.6872113e-03
   3.5748861e-02   2.9528615e-01   3.2041226e+00  -6.0434379e-04  -1.8685735e-03  -1.8689331e-03
   4.6023746e-02   2.8302574e-01   3.2214754e+00  -2.0339811e-04  -1.7900840e-03  -1.7389551e-03
   4.1401538e-02   3.0503203e-01   3.2207976e+00  -6.6352889e-04  -1.6775035e-03  -1.4451692e-03
   4.8350479e-02   3.1438786e-01   3.2324736e+00  -2.4421757e-04  -1.6835882e-03  -1.6795784e-03
   5.6283201e-02   3.1710002e-01   3.2318158e+00  -7.6974696e-04  -1.5510801e-03  -1.8183308e-03
   3.1900020e-02   3.1063675e-01   3.2501649e+00  -5.1387352e-04  -1.5953906e-03  -1.6621795e-03
   4.0845216e-02   3.0721279e-01   3.2684209e+00  -3.3145011e-04  -1.9326552e-03  -1.6784477e-03
   4.5127212e-02   3.0942383e-01   3.2951412e+00  -3.7111607e-04  -1.6665660e-03  -1.4221091e-03
   5.6747414e-02   2.9452639e-01   3.2971880e+00  -5.9631574e-04  -1.8340005e-03  -1.7116487e-03
   4.6541642e-02   3.0864090e-01   3.3253383e+00   3.0241380e-04  -2.2300409e-03  -1.7561699e-03
   3.5066714e-02   2.9646074e-01   3.3159271e+00  -3.7209370e-04  -1.7642775e-03  -1.4464916e-03
   4.5704063e-02   3.0354985e-01   3.3010454e+00  -5.6929740e-04  -1.8068887e-03  -1.3535962e-03
   4.4633443e-02   3.0292505e-01   3.3328859e+00  -6.3348243e-04  -1.5615075e-03  -1.7334352e-03
   3.8018354e-02   3.0183478e-01   3.3451350e+00  -4.7023118e-04  -1.7671057e-03  -1.7169230e-03
   4.3977384e-02   3.0091856e-01   3.3560976e+00  -5.4666878e-04  -1.4583521e-03  -1.5503308e-03
   3.6753262e-02   3.1205330e-01   3.3815961e+00   1.1546438e-04  -1.7500330e-03  -1.5633228e-03
   3.6933860e-02   3.1483302e-01   3.3657302e+00  -4.3041581e-04  -1.8604321e-03  -1.5627710e-03
   6.1166681e-02   2.9848871e-01   3.3779620e+00  -6.8032712e-04  -1.7688677e-03  -2.2129027e-03
   3.7569868e-02   3.0942870e-01   3.4003744e+00  -4.3464738e-04  -1.7737295e-03  -1.6529509e-03
   4.2868467e-02   3.0616894e-01   3.4237389e+00  -4.1052095e-04  -1.5968758e-03  -1.8243424e-03
   4.1597077e-02   3.1891247e-01   3.4280370e+00  -9.2496949e-06  -1.7091447e-03  -1.5088176e-03
   4.8777015e-02   3.1337613e-01   3.4190025e+00  -5.8926466e-04  -1.5352926e-03  -1.8651165e-03
   4.1839915e-02   3.1207609e-01   3.4364637e+00   1.7648979e-04  -1.7089109e-03  -1.6397185e-03
   4.8750178e-02   3.2290508e-01   3.4244335e+00  -5.4006381e-04  -1.7003209e-03  -2.0137972e-03
   1.4404366e-02   2.8892805e-01   3.4641711e+00   3.6580030e-04  -1.8378658e-03  -1.1382657e-03
   2.4288554e-02   3.0375113e-01   3.4445139e+00  -1.0990144e-03  -2.1534837e-03  -1.4286921e-03
   2.2378920e-02   2.9399870e-01   3.2623159e+00  -2.6036586e-03   2.1487668e-03  -7.0776477e-04
  -3.3101891e-02   3.3825924e-01   3.3986320e+00   1.9289091e-03  -1.9037825e-03  -2.2433643e-03
   2.0537703e-03   2.9999180e-01   3.3674653e+00   5.7153512e-04  -2.0089295e-03  -1.6177055e-03
   1.1987450e-02   3.2001105e-01   3.4035861e+00   1.3118171e-03  -2.1447158e-03  -1.8366938e-03
   3.1802344e-03   3.3048895e-01   3.4377095e+00   1.4756871e-03  -2.0708425e-03  -1.4078348e-03
   1.0509658e-02   3.2427810e-01   3.4633980e+00   8.0380218e-04  -2.6202464e-03  -1.9267063e-03
   1.0387379e-02   3.3537007e-01   3.4866349e+00   3.1203345e-04  -2.2605141e-03  -1.4690909e-03
   1.5456706e-02   3.2869864e-01   3.4987108e+00   9.2422445e-04  -2.5291984e-03  -1.6198262e-03
   9.4599494e-03   3.3362846e-01   3.5128057e+00   4.8124628e-04  -2.6106928e-03  -1.7158470e-03
   3.1497709e-02   3.4569926e-01   3.5278162e+00   1.1704095e-03  -2.4691036e-03  -1.8570058e-03
   2.9177784e-02   3.2268749e-01   3.5243765e+00   5.8005792e-04  -2.2943131e-03  -2.0408565e-03
   3.3229314e-02   3.2426365e-01   3.5218779e+00   6.2987797e-04  -2.4538999e-03  -1.9842331e-03
   2.5371376e-02   3.4360564e-01   3.5336222e+00   7.7588283e-04  -2.6714670e-03  -1.7374394e-03
   2.8548609e-02   3.2628684e-01   3.5395881e+00   2.3670285e-04  -2.5488464e-03  -1.9601467e-03
   3.6898764e-02   3.5330943e-01   3.5704379e+00   8.2577981e-04  -2.0946010e-03  -1.8357274e-03
   2.1843739e-02   3.5149852e-01   3.5714617e+00  -1.1821012e-03  -2.5117252e-03  -2.0260951e-03
  -1.3753010e-02   3.5567647e-01   3.6316927e+00  -1.7695678e-04  -2.6025233e-03  -1.6760779e-03
   1.1681158e-01   3.1416341e-01   3.6602812e+00   3.6897957e-03   4.8331503e-03  -9.9261431e-04
   7.5111870e-02   2.8295072e-01   3.6261625e+00   3.5885279e-06   1.8184977e-03  -1.2282832e-03
   1.1650044e-01   2.7285872e-01   3.5423554e+00  -4.0712901e-03   5.4586379e-03   7.5155440e-04
   4.7889276e-02   2.3661993e-01   3.3836365e+00   4.0840377e-03   3.2912572e-03  -3.5887413e-03
   9.9487914e-03   2.2907903e-01   3.5485966e+00  -1.8786574e-03  -1.0353821e-03  -1.7591290e-03
   2.8651764e-02   2.5101002e-01   3.5960998e+00  -2.0409300e-03  -1.7316290e-03  -1.9664398e-03
   2.5720474e-02   2.6970467e-01   3.6411801e+00  -1.5124519e-03  -1.4343320e-03  -1.7496320e-03
   5.8478849e-02   3.0019513e-01   3.6901940e+00  -8.1690142e-04  -1.2776237e-03  -1.9332068e-03
   5.2356416e-02   2.8641340e-01   3.6669357e+00  -1.5813787e-03  -1.5920928e-03  -1.7145295e-03
   2.2131812e-02   3.1835237e-01   3.7182894e+00  -3.7388725e-04  -1.5815250e-03  -1.3049850e-03
   4.2641353e-02   3.1752163e-01   3.7268982e+00  -1.2718010e-03  -1.4191460e-03  -1.6634585e-03
   3.3940641e-02   3.0711750e-01   3.7398139e+00  -1.0494171e-03  -1.6755427e-03  -1.4495746e-03
   4.2044666e-02   3.1180585e-01   3.7627398e+00  -6.8452417e-04  -1.5436833e-03  -1.2380903e-03
   2.1542846e-02   3.1380951e-01   3.7891633e+00  -1.4299938e-03  -1.4822816e-03  -9.7053253e-04
   4.2295063e-02   3.1385881e-01   3.7882863e+00  -1.3017260e-03  -1.2048784e-03  -1.2391125e-03
   4.3154494e-02   3.0728351e-01   3.8226732e+00  -8.7228610e-04  -1.5295430e-03  -1.5872277e-03
   3.0664400e-02   3.0753926e-01   3.8497591e+00  -5.6772576e-04  -1.3463560e-03  -1.0290196e-03
   3.9667265e-02   3.1081695e-01   3.8410588e+00  -8.8531501e-04  -1.2763371e-03  -1.4698564e-03
   4.7136444e-02   3.2498204e-01   3.8141150e+00  -1.6678018e-03  -1.4386871e-03  -1.5288882e-03
   5.6923192e-02   3.1713900e-01   3.8466610e+00  -1.0452913e-03  -1.3655851e-03  -1.5953566e-03
   5.3075153e-02   3.2660790e-01   3.8611197e+00  -1.1301683e-03  -1.0231813e-03  -1.5183260e-03
   3.1323247e-02   3.4226573e-01   3.8920187e+00  -4.7843173e-04  -1.3810724e-03  -1.0272207e-03
   4.9262530e-02   3.3638278e-01   3.8921067e+00  -6.0598079e-04  -1.2057393e-03  -1.2122972e-03
   3.6701349e-02   3.1918624e-01   3.8760294e+00  -1.2876100e-03  -1.6840740e-03  -1.4574700e-03
   6.6522350e-02   3.1031664e-01   3.9212472e+00  -7.7037223e-04  -9.5564132e-04  -1.4014656e-03
   4.2492291e-02   3.2770724e-01   3.9190803e+00  -6.2453461e-04  -1.3978275e-03  -1.3207272e-03
   4.5395051e-02   3.3287061e-01   3.9323286e+00  -8.1822618e-04  -1.4192492e-03  -1.1918530e-03
   5.9837939e-02   3.3652098e-01   3.9414888e+00  -5.8847258e-04  -1.3743902e-03  -1.5448271e-03
   5.0296503e-02   3.3806871e-01   3.9529505e+00  -6.1489775e-04  -1.0591397e-03  -1.0590606e-03
   5.4737094e-02   3.4890674e-01   3.9535746e+00  -8.4751881e-04  -1.1528095e-03  -1.5152263e-03
   5.0151820e-02   3.4823226e-01   3.9730109e+00  -1.7513474e-04  -1.1603980e-03  -1.3387638e-03
   4.1172893e-02   3.2870336e-01   3.9781856e+00  -6.0032055e-04  -1.3564223e-03  -1.3210345e-03
   5.9525080e-02   3.4109789e-01   3.9794417e+00  -7.1948559e-04  -7.8243803e-04  -1.6495001e-03
   3.8098019e-02   3.4968897e-01   3.9968156e+00  -3.1339572e-04  -1.2302600e-03  -1.3320924e-03
   4.9659890e-02   3.4262752e-01   4.0141004e+00  -1.0024695e-04  -1.0771232e-03  -1.4449024e-03
   6.6838843e-02   3.5562439e-01   3.9259474e+00  -2.0664177e-03  -1.9873640e-03  -2.1663334e-03
   1.4729356e-01   4.1558844e-01   3.8997207e+00   4.9622263e-03   5.2048704e-03  -1.9071414e-03
   1.0810930e-01   3.7308035e-01   3.9090844e+00   2.0486826e-03   2.6337302e-03  -1.8148897e-03
   9.1698231e-02   3.5797474e-01   3.9253972e+00   1.2296273e-03   1.0480725e-03  -1.8240947e-03
   6.8388489e-02   3.6698597e-01   3.9358080e+00   7.3711693e-04   5.5881735e-04  -1.5952792e-03
   8.1438068e-02   3.6271267e-01   3.9626607e+00   1.1854562e-03   6.4848445e-04  -1.5622204e-03
   6.8702837e-02   3.6772675e-01   3.9880371e+00   1.9073001e-03   4.9489612e-04  -1.3874902e-03
   7.2486402e-02   3.6885900e-01   4.0027013e+00   1.0228709e-03  -1.4725393e-04  -1.3449982e-03
   9.8759279e-02   3.5143199e-01   4.0090759e+00   3.1509727e-04  -1.5669022e-04  -2.1244724e-03
   9.1913160e-02   3.8750647e-01   4.0520802e+00   1.1527235e-03  -3.2714469e-04  -2.1294509e-03
   7.8419646e-02   3.5004300e-01   4.1151790e+00  -4.4823432e-04   4.6712155e-05  -1.6500117e-03
   1.0871888e-01   3.4782187e-01   4.1073222e+00  -1.0964425e-04  -1.9554231e-04  -2.0398147e-03
   8.6592554e-02   3.7328315e-01   4.1511165e+00   6.0492488e-04  -1.8111064e-05  -1.8245306e-03
   9.4817151e-02   3.4857234e-01   4.1655618e+00   7.1928694e-04  -6.8370149e-04  -2.2028176e-03
   7.3905481e-02   3.6521271e-01   4.1766283e+00   7.2606706e-04  -6.3920332e-05  -1.7048051e-03
   9.4040158e-02   3.6284773e-01   4.1828003e+00   6.1667913e-04  -2.1222064e-04  -1.9725963e-03
   1.0487660e-01   3.5107175e-01   4.1873090e+00   6.8176509e-04  -2.5427826e-04  -2.2317638e-03
   9.3005183e-02   3.4966675e-01   4.1853518e+00   8.1444358e-04  -4.4748297e-04  -2.4305607e-03
   9.9345704e-02   3.6537215e-01   4.2286266e+00   5.4350373e-04  -5.6204196e-04  -2.5496494e-03
   8.9218544e-02   3.4646898e-01   4.2212243e+00   7.4022640e-04  -6.9517516e-04  -2.1225475e-03
   9.4427480e-02   3.5723192e-01   4.2004001e+00   7.9375231e-05  -6.4227746e-04  -2.2171405e-03
   9.6681967e-02   3.7209583e-01   4.2235744e+00   4.9380566e-04  -6.8587397e-04  -2.1961697e-03
   8.7659028e-02   3.6854665e-01   4.2105877e+00   2.5883282e-04  -6.2544124e-04  -2.4666086e-03
   8.9854224e-02   3.7308810e-01   4.2187685e+00   3.6665345e-04  -7.5149916e-04  -2.4388834e-03
   7.7859114e-02   3.5234012e-01   4.2352608e+00   6.0437752e-04  -1.0121813e-04  -2.1153197e-03
   1.0254666e-01   3.5403864e-01   4.2638344e+00  -5.9166736e-06   1.8215545e-04  -2.0202066e-03
   1.0739962e-01   3.5900917e-01   4.2580422e+00   4.7263017e-04  -6.3686399e-04  -2.4540735e-03
   9.5015957e-02   3.4905279e-01   4.2501123e+00   7.0632633e-05  -5.2256793e-04  -2.1330705e-03
   1.1339758e-01   3.7212814e-01   4.2714780e+00   8.3832391e-04  -7.3247719e-04  -2.6512945e-03
   9.6812857e-02   3.5448261e-01   4.3169701e+00   5.7940468e-04  -5.3989857e-04  -1.9506669e-03
   8.6387117e-02   3.5533349e-01   4.2868938e+00   6.9865488e-04  -4.0532947e-04  -1.7347467e-03
   1.0054401e-01   3.4946212e-01   4.3181634e+00   7.8268547e-04  -4.3112224e-04  -2.4236185e-03
   1.0403377e-01   3.6544992e-01   4.3147438e+00   9.0935942e-04  -5.9193968e-04  -2.1538653e-03
   1.0791657e-01   3.4957763e-01   4.3237943e+00   6.5454728e-04  -4.0297277e-04  -2.7238442e-03
   4.6367937e-02   3.5046336e-01   4.3347602e+00   8.6015011e-04  -1.3654020e-03  -1.5819782e-03
   8.9753298e-02   3.5521049e-01   4.3524575e+00   6.5536613e-04  -2.4622430e-04  -1.8416266e-03
   1.0285114e-01   3.7006152e-01   4.3390796e+00   5.3763867e-04  -4.7583653e-04  -2.4215108e-03
   9.8211937e-02   3.5445222e-01   4.3180426e+00   3.5317940e-04  -3.0802670e-04  -2.3523935e-03
   1.0040267e-01   3.8160270e-01   4.3231488e+00   4.1971655e-04  -3.5334053e-04  -2.3546481e-03
   8.7395833e-02   3.8220809e-01   4.3530147e+00   9.3042001e-04  -8.6216279e-04  -2.1714934e-03
   1.0273729e-01   3.6816000e-01   4.3372886e+00   4.9557400e-04  -8.2557285e-04  -2.4209562e-03
   9.6512635e-02   3.6115401e-01   4.3560578e+00   8.0062109e-04  -1.2185226e-03  -2.4329540e-03
   8.7213858e-02   3.6680569e-01   4.3721012e+00   9.3448999e-04  -1.1643490e-03  -2.0798091e-03
   9.8672667e-02   3.6550127e-01   4.3746648e+00   6.8913676e-04  -1.2299678e-03  -2.3628851e-03
   9.6205723e-02   3.5097067e-01   4.3869197e+00   6.9077443e-04  -8.2525224e-04  -1.7796996e-03
   8.4182963e-02   3.5338656e-01   4.3878751e+00   9.4203678e-05  -1.2244548e-03  -2.2496828e-03
   8.5850088e-02   3.3103623e-01   4.4287098e+00   8.9104420e-04  -1.2495175e-03  -2.1000007e-03
   1.1398539e-01   3.4505547e-01   4.4104441e+00   4.0117485e-04  -1.1873404e-03  -2.5760740e-03
   8.8047274e-02   3.6422853e-01   4.4257408e+00   6.1415192e-04  -1.5143250e-03  -1.9469860e-03
   1.0237196e-01   3.7461864e-01   4.4264770e+00   1.1964483e-03  -1.3054507e-03  -2.5807076e-03
   8.8967281e-02   3.5519716e-01   4.4519656e+00   9.9297474e-04  -1.4705748e-03  -2.3589055e-03
   8.6426499e-02   3.4078346e-01   4.4523586e+00   7.5593972e-04  -1.4697603e-03  -1.9545655e-03
   8.8178711e-02   3.6264089e-01   4.4753876e+00   1.0441457e-03  -1.1672459e-03  -1.9951462e-03
   7.5304909e-02   3.5119609e-01   4.4644182e+00   1.1673739e-04  -1.0659813e-03  -1.6077631e-03
   6.7735159e-02   3.5314370e-01   4.4462318e+00  -2.4399573e-04  -1.2945481e-03  -1.8805776e-03
   1.2274371e-01   3.1495410e-01   4.4600354e+00   5.5663186e-03   4.7879766e-03  -3.5611657e-04
   1.2196491e-01   3.1173199e-01   4.4066806e+00   5.0638160e-03   3.9744104e-03  -1.9833357e-03
   8.4312280e-02   3.3393295e-01   4.4570950e+00  -7.6729552e-04  -3.0418990e-04  -1.6667344e-03
   8.6946942e-02   3.0493532e-01   4.4624289e+00  -1.5439423e-03  -7.6927003e-04  -2.2890507e-03
   6.5943252e-02   3.3782340e-01   4.5325017e+00  -1.1085747e-04  -7.7818723e-04  -1.7975026e-03
   8.4757323e-02   3.4721601e-01   4.5501628e+00  -2.9565907e-04  -7.0630892e-04  -2.1872578e-03
   5.0243815e-02   3.4853657e-01   4.5511651e+00  -7.4388360e-04  -1.0021950e-03  -1.6698732e-03
   9.2322812e-02   3.7341510e-01   4.5826903e+00   5.2075861e-04  -4.5863052e-04  -2.1188276e-03
   7.8764607e-02   3.4629558e-01   4.5759181e+00   4.6018534e-05  -8.1868059e-04  -2.0188670e-03
   7.7743958e-02   3.6241257e-01   4.5574028e+00  -2.3823951e-04  -8.3658675e-04  -1.7015026e-03
   6.4049431e-02   3.6070939e-01   4.5954379e+00   1.5487747e-05  -9.5426729e-04  -1.4261670e-03
   7.6749731e-02   3.5556937e-01   4.5947792e+00  -6.5749777e-05  -1.2761723e-03  -1.8319834e-03
   6.3746092e-02   3.6063672e-01   4.5948342e+00  -3.6847991e-04  -1.4058649e-03  -1.8376981e-03
   8.0040577e-02   3.5777322e-01   4.6070676e+00  -2.0678939e-04  -1.2313984e-03  -2.0305629e-03
   8.3384234e-02   3.5694940e-01   4.6348398e+00   2.9946171e-04  -8.4969966e-04  -1.9946415e-03
   7.0663247e-02   3.5712188e-01   4.6334065e+00   1.0216372e-04  -8.7072311e-04  -1.7108869e-03
   7.9516479e-02   3.4874548e-01   4.6274669e+00  -7.9912755e-04  -8.8864692e-04  -1.7769171e-03
   5.4009478e-02   3.5561130e-01   4.6724809e+00   4.1832068e-04  -1.0185653e-03  -1.1441364e-03
   6.3540258e-02   3.6402853e-01   4.6511564e+00   5.6279581e-05  -1.3548745e-03  -1.6204658e-03
   7.0685416e-02   4.2390441e-01   4.6401806e+00  -1.1757953e-03  -1.2521885e-03  -1.7785831e-03
   5.7952963e-02   3.5475798e-01   4.6756204e+00  -2.4363906e-04  -1.0783883e-03  -1.4590555e-03
   5.7520543e-02   3.5545831e-01   4.6724676e+00  -2.2927935e-04  -1.0153384e-03  -1.4863173e-03
   6.0561837e-02   3.6171719e-01   4.6814505e+00  -1.7821130e-04  -1.0723509e-03  -1.7457790e-03
   6.8518895e-02   3.5487745e-01   4.6968376e+00  -7.2046916e-05  -1.1540771e-03  -1.4140432e-03
   5.9946163e-02   3.4505869e-01   4.6828519e+00  -4.3011372e-04  -9.9326320e-04  -1.3657547e-03
   7.2304404e-02   3.7046644e-01   4.7047148e+00   1.4764755e-04  -7.1664219e-04  -1.6107668e-03
   7.2998999e-02   3.7650532e-01   4.7267768e+00  -1.2854807e-04  -5.7043606e-04  -1.5430539e-03
   6.9670691e-02   3.5945215e-01   4.7161575e+00  -3.8544040e-04  -1.1553369e-03  -1.9551230e-03
   5.1882249e-02   3.5662649e-01   4.7403777e+00  -9.1492348e-04  -1.2583435e-03  -1.3959720e-03
   5.6210112e-02   3.6578285e-01   4.7456238e+00  -4.7793185e-04  -1.0893972e-03  -1.5472998e-03
   7.5456434e-02   3.6998747e-01   4.7803046e+00   1.2731491e-04  -8.9926205e-04  -1.8666476e-03
   6.1772300e-02   3.5859666e-01   4.7823665e+00   2.0474378e-04  -1.5120431e-03  -1.5190912e-03
   6.5936820e-02   3.9110236e-01   4.7833978e+00  -1.3127708e-04  -8.7828071e-04  -1.5284518e-03
   5.9841502e-02   3.6776839e-01   4.7870975e+00  -2.9034947e-04  -8.5293379e-04  -1.1824269e-03
   7.3126280e-02   3.5143010e-01   4.7977373e+00  -1.7537767e-05  -8.2431227e-04  -1.7629351e-03
   4.7445907e-02   3.6625111e-01   4.7836513e+00  -4.3719717e-04  -1.6427817e-03  -1.3851179e-03
   5.5357248e-02   3.6164592e-01   4.7971166e+00  -1.5379760e-04  -1.2247329e-03  -1.3385767e-03
   5.6501763e-02   3.6218174e-01   4.7940735e+00   6.9582289e-05  -1.1048473e-03  -1.8010272e-03
   4.2814428e-02   3.6570533e-01   4.8271088e+00  -1.0357586e-04  -8.1644501e-04  -1.1792179e-03
   6.6028463e-02   3.5919357e-01   4.8198905e+00   1.4867284e-04  -1.1168828e-03  -1.4123220e-03
   4.0017876e-02   3.5831496e-01   4.8048599e+00  -1.1771472e-03  -1.2195239e-03  -1.0611280e-03
   1.3891825e-01   2.3332165e-01   4.5846091e+00  -3.6031546e-03   2.8954472e-03  -4.1386633e-03
   9.3803763e-02   3.9146115e-01   4.8475656e+00   3.6811790e-03   9.5677613e-04  -2.3981826e-03
   8.8832101e-02   3.7438414e-01   4.7913698e+00   5.4450052e-04  -1.5555409e-03  -2.5676802e-03
   6.3392883e-02   3.6961042e-01   4.8067658e+00   1.0412953e-03  -1.6021538e-03  -1.8644396e-03
   6.8681405e-02   3.8407315e-01   4.8267665e+00   1.2499811e-03  -1.4038408e-03  -1.8114210e-03
   4.3264556e-02   3.8973058e-01   4.8219004e+00   1.5420316e-03  -1.5777755e-03  -1.2012370e-03
   8.8149101e-02   3.9015011e-01   4.8442292e+00   9.4608775e-04  -1.8602733e-03  -2.0522489e-03
   8.1768081e-02   3.8020071e-01   4.8560930e+00   9.6592713e-04  -2.0035429e-03  -2.0980156e-03
   7.4799541e-02   3.8060328e-01   4.8682975e+00   7.1176562e-04  -2.4949359e-03  -2.1567147e-03
   7.1846903e-02   3.9264708e-01   4.8866920e+00   7.3185876e-04  -1.9213846e-03  -1.9167761e-03
   7.4640459e-02   3.8262718e-01   4.8884214e+00   8.0261769e-04  -2.3725062e-03  -2.2746952e-03
   7.6134395e-02   3.7771908e-01   4.8939559e+00   4.6414547e-04  -2.1366246e-03  -2.1426902e-03
   7.9628423e-02   3.8349787e-01   4.9107864e+00   8.9165045e-04  -2.1770847e-03  -2.1216992e-03
   7.9532274e-02   3.9054781e-01   4.9289431e+00   4.7048817e-04  -2.1203905e-03  -2.0438670e-03
   8.0511837e-02   3.8125079e-01   4.9297436e+00   3.4900493e-05  -1.7738477e-03  -1.7670184e-03
   6.6330928e-02   3.6930884e-01   4.9857858e+00   8.3895648e-04  -1.2760871e-03  -1.2413971e-03
   5.6278535e-02   3.8829597e-01   4.9872056e+00   5.9053351e-04  -2.0856195e-03  -1.4335622e-03
   6.4650722e-02   3.7891492e-01   4.9656931e+00  -3.5588334e-04  -1.7786566e-03  -1.3704163e-03
   6.4639673e-02   3.7306320e-01   4.9911240e+00   6.5275164e-04  -2.4633110e-03  -1.4598338e-03
   7.1402900e-02   3.8266317e-01   5.0139852e+00   7.3626528e-04  -2.2035535e-03  -1.7008367e-03
   6.6625096e-02   3.8104699e-01   5.0075372e+00   6.8568074e-05  -2.0991056e-03  -1.3854521e-03
   6.9664243e-02   3.9612371e-01   5.0088549e+00   4.6594002e-04  -2.4604699e-03  -1.8679368e-03
   7.9237038e-02   3.7414317e-01   5.0206623e+00   3.5042460e-04  -2.0140437e-03  -1.9498729e-03
