   0.0000000e+00   7.3971645e-15   0.0000000e+00  -1.5407440e-33  -5.3455294e-51   3.1723445e-18
  -4.6541795e-03  -1.8127324e-02  -3.1113891e-02  -1.0912779e-03  -1.7494100e-04   1.9624678e-04
  -1.3499070e-02  -2.6491453e-02  -2.6078651e-02  -7.5368154e-04  -3.3318786e-04   3.1138517e-04
  -1.3877071e-02  -1.2062419e-02  -1.0024188e-01  -1.7749214e-03  -5.0941059e-06   2.7201858e-04
   5.4601458e-03  -4.1493078e-03  -4.3820492e-02  -3.7956404e-04   2.5878396e-04  -3.9569413e-05
  -1.3091103e-02  -1.5816675e-02  -4.5302029e-02  -9.9288317e-04  -1.8862205e-04   7.0706655e-04
  -2.3493748e-02  -1.6832916e-02  -5.3667746e-02  -1.1311368e-03  -6.8608543e-04   6.8110610e-04
  -3.0776559e-02  -1.6157349e-03  -1.0000538e-01  -1.3228899e-03   3.4419729e-04   9.2935342e-04
  -2.9288847e-02  -2.8346313e-02  -9.2790919e-02  -7.9933417e-04  -3.3616478e-04   6.1398815e-04
  -5.4378875e-02  -3.6383061e-02  -6.7662526e-02  -1.2616027e-03  -6.9517929e-04   1.4137812e-03
  -4.3044848e-02  -3.1732782e-02  -7.1404862e-02  -1.1703014e-03   4.5323335e-05   1.3769975e-03
  -3.7761963e-02  -2.3319087e-02  -2.3837569e-01  -8.7371605e-04   8.2639402e-04   1.2329174e-03
  -1.7117986e-02  -3.9494956e-02  -1.3618257e-01   2.4639680e-04   2.8452334e-04   3.5924227e-04
  -3.6480338e-02  -2.4501368e-02  -5.8675873e-02   3.9394695e-04   6.0403661e-05   9.5408968e-04
  -3.2626479e-02  -2.4159645e-02  -1.0312873e-01  -1.6727925e-04   3.4307420e-04   1.4977433e-03
  -3.6136805e-02  -5.9735440e-02  -7.3096767e-02  -6.6031949e-04   5.0176166e-05   1.0133581e-03
  -3.6946942e-02  -2.2114046e-02  -1.1725318e-01  -2.0239703e-03   1.1373506e-04   1.7631538e-03
  -1.1646015e-02  -3.4311260e-02  -1.0807204e-01  -1.4461384e-03  -1.0238736e-04   8.1410244e-04
  -3.1020571e-02  -3.2516446e-02  -6.2263803e-02  -7.9912184e-04  -4.1494972e-04   1.1971078e-03
  -3.8094048e-02  -3.9459116e-02  -5.2703259e-02  -7.6030781e-04  -3.5510316e-04   1.2079805e-03
  -4.4883576e-02  -3.1638344e-02   5.6354710e-03  -3.2173032e-04   4.0263172e-04   1.2468291e-03
  -3.0302526e-02  -3.1629149e-02  -6.5430530e-02  -9.3232675e-04  -1.5239336e-04   1.2448012e-03
  -4.1296695e-02  -4.1227825e-02  -6.6178749e-02  -1.0995765e-03  -6.6154872e-04   1.0145297e-03
  -5.9278865e-02  -4.4689016e-02  -2.9799765e-02  -5.3034795e-04  -3.9744807e-04   1.6552253e-03
  -3.6634157e-02  -3.8469507e-02  -1.0114865e-01  -1.6187963e-03  -2.5929347e-04   1.2132681e-03
  -5.1899981e-02  -4.0508713e-02  -9.2754421e-02  -1.7203501e-03  -8.4964237e-05   1.5582057e-03
  -3.6640360e-02  -3.6983735e-02  -2.5079882e-02  -6.5419870e-04   6.6858515e-04   1.3822261e-03
  -4.5247594e-02  -5.6491643e-02  -6.8729612e-02  -9.6553416e-04  -5.9816507e-05   1.3492469e-03
  -3.8229711e-02  -5.3513159e-02  -9.3250674e-02  -1.7153069e-03   2.9615866e-04   1.4443232e-03
  -4.2105598e-02  -6.3691343e-02  -5.8041509e-02  -9.4565525e-04  -1.0127717e-05   1.2022399e-03
  -6.4226962e-02  -6.4953815e-02  -7.2509437e-02  -1.7445079e-03   4.0694093e-04   1.9756555e-03
  -4.4900223e-02  -4.5017655e-02  -7.3128393e-02  -1.3795672e-03  -2.3653172e-04   1.1479899e-03
  -2.6068740e-02  -2.3998793e-02  -8.4233967e-02  -1.2007819e-03   2.2888917e-04   1.0961498e-03
  -3.9451561e-02  -3.2392563e-02  -5.9123141e-02  -8.0494536e-04   1.2589652e-04   9.0653522e-04
  -3.4673428e-02  -3.2061576e-02  -6.5144254e-02  -8.5867853e-04   4.6030570e-04   7.7081515e-04
  -2.1026233e-02  -5.5254992e-02  -1.1104214e-01  -1.2635853e-03   4.0740707e-04   3.0437931e-04
  -1.7373042e-02  -5.4111779e-02  -9.0990820e-02  -1.0838093e-03   4.0897306e-04   1.2220983e-04
  -3.6289654e-02  -7.5404644e-02  -1.0959576e-01  -1.7582429e-03   1.3410441e-04   4.0684732e-04
  -4.9116351e-02  -4.4746020e-02  -5.5654204e-02  -8.4249984e-04  -2.7404256e-04   7.3967303e-04
  -3.3162961e-02  -2.6133675e-02  -6.3401452e-02  -1.4630482e-03   9.7909180e-05   5.0258806e-04
  -3.7605030e-02  -4.9815101e-02  -7.5656549e-02  -2.1636740e-03   2.0909393e-04   3.3587249e-04
  -4.1249010e-02  -5.2968408e-02  -4.5717030e-02  -1.8040775e-03  -2.8619401e-06   4.6737349e-04
  -3.5445522e-02  -5.7342355e-02  -4.4312602e-02  -1.5132382e-03  -1.4079268e-05   3.1756911e-04
  -4.1462301e-02  -5.0112700e-02  -9.3948483e-02  -3.0579623e-03   9.8436836e-05   1.0104810e-03
  -2.2928141e-02  -4.9576111e-02  -6.8108482e-02  -1.6305058e-03   2.2839221e-04   6.0331477e-05
  -2.9792769e-02  -5.8915401e-02  -7.1508636e-02  -2.1915051e-03   4.7920990e-04   3.2797844e-04
  -3.2893610e-02  -2.9222303e-02  -3.9760180e-02  -1.3867801e-03   4.5114811e-04   4.3545867e-04
  -3.4260154e-02  -3.3875547e-02  -9.3382945e-03  -1.0380225e-03   8.3335330e-04   4.7984468e-04
  -2.7475335e-02  -3.8231673e-02  -4.6849017e-02  -2.1370890e-03   2.8006290e-04   3.1062526e-04
  -3.5413607e-02  -4.2925228e-02  -4.4324086e-02  -1.5576668e-03   2.8820943e-04   4.8545754e-04
  -3.1185542e-02  -3.4386875e-02  -2.8563695e-02  -1.7560465e-03  -3.0785569e-04   1.6144366e-04
  -4.2506201e-02  -3.5246228e-02  -4.3587885e-02  -2.3333026e-03   2.0528918e-04   3.3680498e-04
  -2.4307921e-02  -3.0631770e-02  -3.9449516e-02  -1.9088978e-04   7.6701571e-04  -3.4119999e-05
  -2.3953978e-02  -4.1921641e-02  -2.1887135e-02  -7.8121318e-04   5.0982776e-04  -1.5831992e-04
  -4.4365008e-02  -3.6165371e-02  -1.1276930e-02  -1.3043963e-03   8.4616415e-04   4.1075598e-04
  -4.0033274e-02  -6.0370276e-02  -4.3375328e-02  -2.3484284e-03   6.4399476e-04   3.1816687e-04
  -4.7591912e-02  -2.4459617e-02  -9.3555575e-02  -2.5964942e-03   4.8277706e-04   3.2933473e-04
  -5.4098282e-02  -4.7101185e-02  -1.7750566e-02  -7.7251064e-04   1.7250172e-04   5.4096078e-04
  -5.7098002e-02  -6.0259489e-02  -1.0696847e-02  -2.7750914e-03   1.2709861e-04   8.1031348e-04
  -5.9718816e-02  -5.1707146e-02   7.1061584e-03  -2.1186043e-03   3.3240288e-04   8.3767615e-04
  -4.7840082e-02  -3.3031846e-02  -1.4893992e-02  -2.4849823e-03   1.2614277e-04   5.4203991e-04
  -5.4355983e-02  -4.7128345e-02   4.5983538e-03  -2.3014162e-03   2.0573029e-04   6.1558675e-04
  -4.5986441e-02  -4.7294219e-02  -1.8983940e-02  -2.5705720e-03   2.0457491e-04   3.8276831e-04
  -5.1895088e-02  -3.3304471e-02   8.3799274e-03  -1.9336237e-03   3.6980236e-05   3.1621995e-04
  -3.6222958e-02  -3.9998443e-02   1.6557483e-02  -2.3067598e-03   7.0890539e-04   2.5902313e-04
  -5.8669844e-02  -5.5613497e-02  -1.4039390e-02  -2.3768893e-03   2.7455083e-04   7.1078759e-04
  -4.5289609e-02  -3.9235400e-02  -1.4277549e-02  -2.8580241e-03   7.5671295e-04   4.1609991e-04
  -2.4546155e-02  -2.8164192e-02  -9.3903175e-02  -1.9996186e-03   1.8960313e-03   1.4207588e-04
  -3.2116663e-02  -5.6541028e-02  -4.5671776e-02  -1.4143439e-03   1.1128261e-03  -2.3526833e-04
  -4.2810765e-02  -3.4061540e-02  -1.3115139e-02  -9.1048165e-04   6.2293797e-04   7.2144786e-05
  -5.2154522e-02  -4.7985779e-02   9.9592752e-03  -1.6208043e-03   6.0002159e-04   4.1780713e-04
  -3.5519658e-02  -2.6650572e-02   1.6894030e-02  -1.4022755e-03   9.7008878e-04  -6.9434489e-05
  -4.6856716e-02  -5.7263963e-02   8.1650147e-03  -1.6491519e-03   6.1958012e-04   1.0426840e-04
  -4.2834203e-02  -5.0333986e-02   2.0460316e-02  -1.5146516e-03   9.9280670e-04   3.7839109e-04
  -4.5255442e-02  -5.5052110e-02   1.8996509e-02  -1.8195255e-03   6.1898751e-04   1.7831564e-04
  -3.6457646e-02  -3.6806161e-02   3.9151058e-03  -2.1239184e-03   7.4438251e-04   3.7072368e-04
  -3.8119203e-02  -4.1779277e-02   1.2495768e-02  -1.9942674e-03   6.6508828e-04  -5.5427192e-05
  -3.9715939e-02  -6.3429592e-02   1.9611223e-02  -2.3684546e-03   8.3303301e-04   2.0806480e-04
  -4.4074570e-02  -4.6594584e-02   4.7540090e-02  -1.9025950e-03   9.3977713e-04   4.1165175e-04
  -5.0894971e-02  -3.2076143e-02   5.1361766e-02  -1.6279753e-03   6.0543461e-04   2.7027783e-04
  -7.2739946e-02  -2.8507973e-02   1.0285714e-02  -2.1289945e-03   6.1869345e-04   8.5277338e-04
  -9.6553521e-02  -4.4752025e-02  -5.1330414e-02  -2.9884065e-03  -5.8722633e-04   1.2299960e-03
   2.3596180e-04  -1.0796877e-01   5.6052987e-02   1.5578014e-03   3.0931876e-03   2.3581356e-03
  -8.1207694e-02  -1.0951942e-01   3.2995050e-02  -1.2640151e-03  -3.6609796e-04   2.0462077e-03
  -1.6111108e-01  -3.5939802e-01  -5.4915798e-01   1.1870902e-02  -5.0816899e-03   1.2596708e-03
  -1.0114165e-01  -4.4430854e-01  -4.5188487e-01   2.2399185e-02  -1.0133737e-03  -4.0943708e-04
  -9.4343497e-02  -2.7050816e-01  -1.0446316e-01   1.7102869e-03  -3.2023309e-03   5.5487158e-04
  -9.5092894e-02  -1.5440992e-01  -5.6803478e-02   2.8019948e-03   9.9971862e-04   2.2669350e-03
  -1.0575683e-01  -1.4697708e-01  -5.2388112e-02   9.4952763e-04  -5.9945960e-04   1.4917539e-03
  -1.0874679e-01  -1.4327973e-01   2.1934442e-02   1.2448788e-03  -2.9236616e-04   1.6139678e-03
  -1.0858031e-01  -1.1697850e-01   1.8895114e-02   8.4554172e-04  -6.3370174e-04   2.0105626e-03
  -9.3315373e-02  -1.2551960e-01   8.0663536e-02   1.0253079e-03  -7.7163610e-04   1.3299033e-03
  -9.1304819e-02  -1.0776805e-01   7.1332207e-02   1.1339961e-03  -1.0778026e-03   7.8198533e-04
  -1.3175560e-01  -9.6288999e-02  -1.0993421e-01  -1.0835850e-03  -5.6591698e-04   1.3888876e-03
  -1.4229243e-01  -4.0114442e-01  -5.3142357e-01   1.2124527e-02  -4.1218193e-04   2.9078980e-03
  -4.1694088e-02  -2.5316860e-01  -6.6104995e-02   1.0555551e-02   4.9817159e-03   3.4235086e-03
  -8.7832015e-02  -1.2064401e-01  -4.1598150e-02   3.8523272e-03   2.2719224e-03   1.3256154e-03
  -1.0535985e-01  -1.3516425e-01   2.7668160e-03   4.2184865e-03   1.5890074e-03   1.7708878e-03
  -1.0814619e-01  -1.1608653e-01   5.0884801e-02   4.9650700e-03   1.6500676e-03   1.7946572e-03
  -1.0358853e-01  -1.1891386e-01   2.1644290e-02   4.4338182e-03   1.2186098e-03   1.4793553e-03
  -1.0386109e-01  -1.3108391e-01   1.0777679e-02   4.3933537e-03   1.1288048e-03   1.8331096e-03
  -1.1734437e-01  -1.1813284e-01   5.8648666e-02   4.8570452e-03   1.1439400e-03   1.7240726e-03
  -1.1714107e-01  -1.1491210e-01   5.1599763e-02   4.7525712e-03   1.2664149e-03   1.8194109e-03
  -9.9495550e-02  -1.1460274e-01   5.2328524e-02   4.9769086e-03   8.6166247e-04   1.3424566e-03
  -9.3270260e-02  -1.0145237e-01   5.3880846e-02   4.0946393e-03   1.1539979e-03   1.4688866e-03
  -1.0079174e-01  -9.3430311e-02   3.7997256e-03   3.9704335e-03   2.8144396e-03   1.7480225e-03
  -9.4270763e-02  -7.9965351e-02   6.6199535e-02   5.2267068e-03   1.9956078e-03   1.6312839e-03
  -9.9604487e-02  -8.9630415e-02   1.1746921e-01   5.2809284e-03   2.1557059e-03   1.4026601e-03
  -1.0952461e-01  -8.6515580e-02   1.5593028e-01   4.5860872e-03   6.8804758e-04   1.1685442e-03
  -1.1544644e-01  -8.8797320e-02   1.7590764e-01   4.5114593e-03   1.2322540e-03   1.5622108e-03
  -1.2715618e-01  -8.1684711e-02   2.0634475e-01   4.7552058e-03   8.8442878e-04   1.7549713e-03
  -1.1187031e-01  -7.0887700e-02   1.7955787e-01   3.8632670e-03   7.4722032e-04   1.5468850e-03
  -1.1453791e-01  -7.7958227e-02   1.8676936e-01   3.8227009e-03   6.5071601e-04   1.5649024e-03
  -1.0853916e-01  -5.3927048e-02   1.8004876e-01   4.1508658e-03   1.5026115e-03   1.8141737e-03
  -9.3479971e-02  -6.9933398e-02   1.8311160e-01   3.7885079e-03   1.6083018e-03   1.7183198e-03
  -1.1416456e-01  -5.9082866e-02   1.9706166e-01   4.0702738e-03   1.4470289e-03   1.8643802e-03
  -1.3567116e-01  -5.4800799e-02   2.1517208e-01   3.5155106e-03   1.1851762e-03   2.0787436e-03
  -1.1572477e-01  -6.5685222e-02   2.3469338e-01   3.7925774e-03   6.7326430e-04   1.8722270e-03
  -1.1197229e-01  -6.8890915e-02   1.7593386e-01   3.0986870e-03   1.6748388e-03   1.5580586e-03
  -1.1585038e-01  -5.6699261e-02   2.2664025e-01   2.9127786e-03   1.4301910e-03   1.4924801e-03
  -1.3241998e-01  -4.4147374e-02   2.3269599e-01   4.9041295e-03   9.4848347e-04   1.6066162e-03
  -1.2038633e-01  -7.2777495e-02   2.0662986e-01   3.8518761e-03   2.1223304e-03   1.5162955e-03
  -1.3378144e-01  -5.3379373e-02   2.4421102e-01   3.8292077e-03   1.3241060e-03   1.6751454e-03
  -1.2439467e-01  -2.6185978e-02   2.5470210e-01   4.0088355e-03   1.6502897e-03   1.4779725e-03
  -1.4036849e-01  -3.0780650e-02   2.3321579e-01   4.0355036e-03   1.4435453e-03   1.9722317e-03
  -1.2776149e-01  -3.7582730e-02   2.6753102e-01   4.0973950e-03   1.0660971e-03   1.5636216e-03
  -1.2589888e-01  -1.6607942e-02   2.5908053e-01   3.4620295e-03   1.3707229e-03   1.4994171e-03
  -1.1404221e-01  -5.4595621e-02   2.3400951e-01   4.3479373e-03   9.6279098e-04   8.7868594e-04
  -1.3632302e-01  -3.5028143e-02   2.7043921e-01   3.5957006e-03   6.9434530e-04   1.5666318e-03
  -1.3935324e-01  -1.7844220e-02   3.1075350e-01   3.3694205e-03   1.3657450e-03   1.7092672e-03
  -1.2972761e-01  -3.5523307e-02   3.0597180e-01   3.7941491e-03   6.8503674e-04   1.6428487e-03
  -1.4063236e-01  -1.7531988e-02   3.3628510e-01   3.1589285e-03   9.8425874e-04   1.8610339e-03
  -1.3147416e-01  -4.0872956e-02   3.1231696e-01   3.0610010e-03   9.8073592e-04   1.3279149e-03
  -1.5124407e-01  -3.2113946e-02   3.0732239e-01   4.1299169e-03   1.6700957e-03   1.8193667e-03
  -1.3713698e-01  -4.3722480e-02   3.0342278e-01   3.6154616e-03   1.1062724e-03   1.7010353e-03
  -1.3414417e-01  -3.2102987e-02   3.3072992e-01   3.6183853e-03   1.0856400e-03   1.7392149e-03
  -1.2621540e-01  -3.1286403e-02   3.4401026e-01   3.2254357e-03   8.3209695e-04   1.1207252e-03
  -1.4712983e-01  -1.3318502e-02   3.4368920e-01   3.2716713e-03   6.4118590e-04   1.4326745e-03
  -1.4303578e-01  -1.7634429e-02   3.5781670e-01   3.1568663e-03   1.3147291e-03   1.5825389e-03
  -1.1749333e-01  -1.0921825e-02   3.5842368e-01   2.9198662e-03   1.1999761e-03   1.2847834e-03
  -1.3112238e-01  -1.2351336e-02   3.4014346e-01   3.8113676e-03   8.7192166e-04   1.5876140e-03
  -1.3173322e-01  -1.9154874e-02   3.6786533e-01   3.7114164e-03   1.5226421e-03   1.6221918e-03
  -1.1496451e-01  -1.2843530e-02   3.8787291e-01   3.3849605e-03   1.5447150e-03   1.7531161e-03
  -1.3673402e-01  -1.2959377e-03   3.8121353e-01   3.6759269e-03   3.2720538e-04   1.0738115e-03
  -1.3122620e-01  -7.8852769e-03   4.0771593e-01   3.0403896e-03   2.2547458e-04   8.1732135e-04
  -1.2613911e-01   1.8455018e-02   4.2382339e-01   3.1108101e-03   9.3908400e-04   1.2755032e-03
  -1.3772580e-01   3.1676588e-02   4.6023942e-01   3.4725592e-03   7.4105261e-04   1.3058778e-03
  -1.4175346e-01  -3.0557741e-03   4.1721025e-01   2.0313658e-03   4.2987475e-04   1.2367151e-03
  -1.3618872e-01  -2.4752641e-03   4.3422312e-01   2.5301557e-03   6.2728049e-04   1.3257210e-03
  -1.3547310e-01   2.0624851e-02   4.6302031e-01   2.9611779e-03   3.9312586e-04   1.1399214e-03
  -1.1958552e-01  -6.2110464e-03   4.3592091e-01   1.8432253e-03   8.4225041e-04   1.2657946e-03
  -1.3241921e-01  -2.1893478e-03   4.2730889e-01   2.4127002e-03   7.8459501e-04   1.4969174e-03
  -1.2306398e-01   1.0929369e-02   3.8504197e-01   2.5110855e-03   1.4571879e-03   1.6962448e-03
  -1.3496660e-01   1.4882266e-02   4.4551759e-01   2.9870949e-03   8.2896626e-04   1.4184208e-03
  -1.4394829e-01  -1.3789284e-02   4.5714548e-01   2.1172268e-03   9.6768256e-04   2.1507483e-03
  -1.3508431e-01  -6.2984344e-03   4.6940759e-01   2.7012994e-03   7.9496279e-04   1.5783002e-03
  -1.4064694e-01  -1.7678016e-02   4.8587802e-01   2.7056506e-03   1.1786970e-03   1.7200441e-03
  -1.2702276e-01  -1.2397164e-02   4.9497594e-01   2.4842542e-03   7.3098808e-04   1.4645324e-03
  -1.2196396e-01   8.0294963e-03   5.1545625e-01   2.7598880e-03   9.4843472e-04   1.0541417e-03
  -1.5498290e-01   3.6317866e-02   4.4434155e-01   2.4080879e-03   8.0070591e-04   2.2018347e-03
  -1.3675552e-01  -3.1171949e-03   4.8213418e-01   2.7430177e-03   9.2650726e-04   1.5679573e-03
  -1.2079094e-01  -5.0526736e-03   5.3389454e-01   3.4369125e-03   1.8044178e-03   1.1401307e-03
  -1.4143158e-01  -5.0219198e-03   5.3324520e-01   2.9101997e-03   7.0682125e-04   1.6179558e-03
  -1.5308424e-01   2.1614809e-02   5.4517191e-01   2.5814960e-03   1.4747416e-03   1.7605510e-03
  -1.2871465e-01   2.2889611e-02   5.4062857e-01   2.3265546e-03   1.3703267e-03   1.2731211e-03
  -1.5062511e-01   2.2050380e-02   5.6999507e-01   2.6449285e-03   1.4371437e-03   1.8475114e-03
  -1.3722130e-01   1.6661561e-02   5.8716894e-01   2.7379841e-03   1.1830646e-03   1.3993660e-03
  -1.5386424e-01   2.8510437e-02   5.4836314e-01   2.5160901e-03   6.9091949e-04   1.3688682e-03
  -1.2157670e-01   3.4977706e-02   5.5393860e-01   2.4231240e-03   1.4301815e-03   1.1679328e-03
  -9.5440261e-02   3.6915154e-02   5.6796598e-01   2.4211639e-03   1.3423404e-03   5.5705086e-04
  -1.1348382e-01   4.6897556e-02   6.1038151e-01   2.4023385e-03   1.1210506e-03   8.6935281e-04
  -1.1494541e-01   2.0269530e-02   6.3889552e-01   1.6207148e-03   8.3893821e-04   1.0483002e-03
  -1.2741687e-01   3.5484172e-02   6.1542470e-01   1.4671270e-03   1.0763446e-03   1.3245984e-03
  -1.0100607e-01   5.6487013e-02   6.4700879e-01   1.7087862e-03   1.3676492e-03   8.8031035e-04
  -9.2397129e-02   2.9431504e-02   6.1317492e-01   1.2702188e-03   1.4842042e-03   5.3887392e-04
  -9.9888767e-02   2.9635491e-02   6.3226320e-01   1.7530000e-03   1.2400422e-03   6.6640687e-04
  -1.1066439e-01   5.1868390e-02   6.6248325e-01   8.4934617e-04   1.3567881e-03   7.4811448e-04
  -1.1299072e-01   2.5880380e-02   6.5025131e-01   1.6480147e-03   1.3499357e-03   1.0369232e-03
  -1.1318433e-01   5.6170936e-02   6.8503602e-01   2.1966624e-03   1.1262577e-03   6.7594195e-04
  -1.0677221e-01  -4.8425840e-02   6.8202004e-01   2.5298925e-03   1.5395918e-03   7.3834635e-04
  -9.2846705e-02   3.4744890e-02   6.7143469e-01   1.8067183e-03   1.7061995e-03   3.3390540e-04
  -9.9183410e-02   4.2324859e-02   7.1584349e-01   2.0160505e-03   1.7760641e-03   8.6823277e-04
  -1.0414455e-01   5.5015692e-02   7.0057079e-01   1.7563740e-03   1.5423677e-03   9.8806500e-04
  -1.0530350e-01   6.0893034e-02   6.9492069e-01   1.6103715e-03   1.7239629e-03   6.5681257e-04
  -1.0169908e-01   7.7936892e-02   7.0064519e-01   2.0150462e-03   1.7648749e-03   8.5158909e-04
  -9.2699466e-02   6.0880601e-02   7.1834354e-01   1.5817411e-03   1.9989893e-03   7.6104792e-04
  -9.9679958e-02   4.9128445e-02   7.0449238e-01   1.6559391e-03   1.4995940e-03   7.8002505e-04
  -9.0753235e-02   7.1216238e-02   7.4887762e-01   1.9876497e-03   1.6358681e-03   8.7188327e-04
  -8.3864212e-02   5.2151196e-02   7.6101764e-01   2.3135595e-03   1.4962036e-03   3.6730823e-04
  -9.8820111e-02   6.3051090e-02   7.6058865e-01   2.2461322e-03   1.7189230e-03   5.4089564e-04
  -9.5803524e-02   6.0773284e-02   7.8486898e-01   2.3541299e-03   1.9434969e-03   6.0590159e-04
  -8.3214660e-02   5.1068889e-02   7.5505145e-01   2.3017347e-03   1.6168369e-03   4.8470469e-04
  -1.2610670e-01   1.2446684e-02   5.4382116e-01   2.8275219e-03  -6.2554713e-04   8.5009556e-04
  -1.1493254e-01  -2.4558412e-01   1.6465911e-01   9.9262956e-03   2.3106074e-03   6.9013922e-04
  -6.8133137e-02  -2.0825674e-01   4.5336106e-01   1.5598096e-02   6.5560126e-03   4.0390248e-04
  -6.3404129e-02  -3.2486547e-02   6.5070010e-01   5.0891190e-03   3.8142963e-03  -1.8842414e-05
  -8.3374986e-02   1.5175168e-02   7.4430062e-01   2.9565447e-03   2.6663157e-03   3.5470284e-04
  -9.1951027e-02   5.2184154e-02   7.9490903e-01   2.6826193e-03   2.1813487e-03   3.8744782e-04
  -8.0884376e-02   4.8454506e-02   8.5323809e-01   2.6940633e-03   2.8072000e-03   4.6059076e-04
  -8.1718132e-02   7.8133590e-02   8.4987541e-01   2.0279390e-03   2.6453478e-03   6.8287399e-04
  -7.5945722e-02   5.1775532e-02   8.3414844e-01   1.5631720e-03   2.4344608e-03   7.1349358e-04
  -1.2554938e-01   6.5967337e-02   8.2543213e-01   6.4593802e-04   2.6154182e-03   1.4298999e-03
  -1.0376212e-01   8.5400676e-02   9.1094797e-01   2.0775083e-03   1.7120994e-03   1.1510635e-03
  -1.1175947e-01   8.5993969e-02   9.3740322e-01   1.5308767e-03   1.6588600e-03   1.2068335e-03
  -9.9627896e-02   1.1327189e-01   9.3599090e-01   1.1807233e-03   1.8174026e-03   1.0834601e-03
  -1.2867903e-01   1.0269311e-01   8.0636730e-01   1.0349654e-03   1.6763597e-03   1.5355359e-03
  -9.8465465e-02   1.2647019e-01   8.5134885e-01   9.2394145e-04   3.1367827e-03   1.4945245e-03
  -8.8969932e-02   1.2458302e-01   9.2647638e-01   1.5322648e-03   2.4777623e-03   8.4977790e-04
  -1.0651189e-01   1.2016261e-01   9.4248701e-01   9.6112971e-04   2.7657564e-03   1.1794352e-03
  -8.7736507e-02   1.1850187e-01   9.7361386e-01   2.6030765e-03   2.4421978e-03   1.0026660e-03
  -1.0958700e-01   1.1895628e-01   9.9624306e-01   8.6865307e-04   2.0119002e-03   1.4510143e-03
  -1.0577357e-01   1.1270397e-01   1.0317738e+00  -1.1199450e-04   2.2061380e-03   1.6794451e-03
  -8.9759435e-02   1.3308425e-01   1.0613949e+00   1.0467165e-03   1.9972705e-03   1.1823055e-03
  -8.5454645e-02   1.1848138e-01   1.0651883e+00   1.6316495e-04   1.9554365e-03   1.0240151e-03
  -1.0650485e-01   1.2712941e-01   1.0460529e+00   1.0174675e-03   1.4499728e-03   1.1599897e-03
  -8.2554561e-02   1.2763663e-01   1.0628364e+00   1.3748143e-04   1.0672916e-03   7.6615304e-04
  -9.9169661e-02   1.4065287e-01   1.1437931e+00   9.4488891e-04   1.3724555e-03   9.6022052e-04
  -1.0344449e-01   1.3494222e-01   1.1134566e+00  -2.6582281e-04   1.1497091e-03   1.1029939e-03
  -9.1168953e-02   1.3650121e-01   1.1210799e+00  -4.9954466e-04   1.3328908e-03   6.7557134e-04
  -1.0628982e-01   1.7933815e-01   1.0877959e+00  -1.7509422e-03   1.7289084e-03   1.6646497e-03
  -6.9743307e-02   1.4209530e-01   1.0679895e+00   2.8755499e-04   2.5913438e-03   1.2699514e-03
  -9.5216106e-02   1.3274313e-01   1.0969234e+00  -1.3621071e-03   1.0300101e-03   7.3702052e-04
  -1.4369905e-01   1.5788445e-01   1.1390773e+00  -1.7679696e-03   7.1930238e-04   1.9893325e-03
  -1.0071190e-01   1.5197676e-01   1.1435799e+00  -2.8919789e-04   4.6243491e-04   8.8190068e-04
  -1.0068559e-01   1.6754112e-01   1.1629707e+00  -1.3484707e-03   1.0203870e-03   6.0791696e-04
  -1.0707264e-01   1.5212227e-01   1.1809913e+00  -8.4535755e-04   4.1717953e-04   8.7471938e-04
  -1.1275505e-01   1.6084025e-01   1.2364658e+00  -1.0666403e-03   7.2702131e-04   1.1183401e-03
  -1.0677785e-01   1.8085314e-01   1.2463739e+00  -1.3581346e-03   7.3988935e-04   1.0090999e-03
  -1.1091334e-01   1.5372465e-01   1.1763638e+00  -2.1148586e-03   6.1263895e-04   1.5081751e-03
  -1.1263644e-01   1.4794142e-01   1.1912444e+00  -1.9926760e-03  -1.4299540e-04   1.0435224e-03
  -9.6285635e-02   1.6762638e-01   1.2404211e+00  -1.2863611e-03  -6.9015789e-05   9.8005421e-04
  -7.5109123e-02   1.7385478e-01   1.2123987e+00  -1.8785193e-03   2.1197309e-04   5.0943400e-04
  -1.0048336e-01   1.8213971e-01   1.2682338e+00  -2.0654324e-03   4.3521316e-04   9.6190843e-04
  -8.9992727e-02   1.6220264e-01   1.2418268e+00  -2.2557111e-03   2.4732788e-05   7.5449315e-04
  -9.6703695e-02   1.7878680e-01   1.2960236e+00  -1.9514017e-03   8.0618023e-04   1.2418048e-03
  -6.9044206e-02   1.5833140e-01   1.2598257e+00  -7.9771196e-04   5.4089699e-04   5.8802467e-04
  -9.1870608e-02   1.6678973e-01   1.2654718e+00  -2.1560692e-03   3.9770367e-05   7.8453372e-04
  -8.7808791e-02   1.5878112e-01   1.2855824e+00  -2.5349764e-03  -6.3807321e-05   5.7104845e-04
  -8.6613456e-02   1.6706016e-01   1.2966550e+00  -2.2970983e-03  -1.0860502e-04   6.4712355e-04
  -9.4635081e-02   1.7507746e-01   1.3086356e+00  -2.2765098e-03   8.9258436e-05   9.2608289e-04
  -6.3617270e-02   1.7762881e-01   1.3019178e+00  -2.4773734e-03   2.5002552e-04   4.3272689e-04
  -7.4846426e-02   1.7644723e-01   1.2881708e+00  -3.0241159e-03   4.8186634e-04   6.2059472e-04
  -8.7338322e-02   1.8374807e-01   1.3428696e+00  -2.9560846e-03   2.4172839e-04   7.8690495e-04
  -9.3187064e-02   1.8689220e-01   1.3349110e+00  -2.3301023e-03   2.6665589e-04   8.2815428e-04
  -9.7125543e-02   1.8245358e-01   1.3486309e+00  -2.2055961e-03   5.1779682e-04   7.8325627e-04
  -1.0269446e-01   1.8225012e-01   1.3633516e+00  -2.6737296e-03   4.9449127e-05   8.8298345e-04
  -9.0818597e-02   1.8457676e-01   1.3684953e+00  -2.3210805e-03   2.8698564e-04   7.7461917e-04
  -8.2206970e-02   1.8967979e-01   1.3518637e+00  -2.5299226e-03  -6.8521905e-05   9.2561840e-04
  -8.4250669e-02   1.7334620e-01   1.3548547e+00  -2.8021631e-03  -2.8825225e-05   4.5574985e-04
  -8.3315890e-02   1.6809132e-01   1.3747278e+00  -2.9490544e-03   4.5195745e-04   5.9533876e-04
  -6.9972105e-02   1.8953637e-01   1.3658599e+00  -2.6983863e-03   6.4289381e-04  -5.9173602e-05
  -6.2733706e-02   1.6103711e-01   1.3532134e+00  -2.7787554e-03   9.5988472e-04   6.0646925e-05
  -4.7042352e-02   1.8192779e-01   1.4057320e+00  -1.6830102e-03   5.9513137e-04   9.5250184e-05
  -6.1867928e-02   1.8245782e-01   1.4133204e+00  -2.3587863e-03   5.4206496e-04   1.9072944e-04
  -6.9880838e-02   1.9411578e-01   1.3860914e+00  -3.0956705e-03   5.2566318e-04  -2.0511454e-05
  -6.9066090e-02   1.8712748e-01   1.4209431e+00  -2.4092855e-03   5.7959707e-04   1.6873312e-04
  -5.8313622e-02   1.8599186e-01   1.4058513e+00  -2.9964372e-03   4.6024924e-04   1.0522600e-04
  -6.5191571e-02   1.9694141e-01   1.4212844e+00  -2.7330227e-03   1.9154185e-04   3.5051221e-04
  -5.4636850e-02   2.1212265e-01   1.3856877e+00  -4.1322184e-03   7.1839113e-04   1.7792482e-04
  -3.8042989e-02   2.0157991e-01   1.4203435e+00  -1.9665451e-03   8.9301664e-04  -4.8731858e-04
  -5.5675757e-02   2.2216657e-01   1.4438966e+00  -2.1174803e-03   9.7622942e-04   7.0368163e-05
  -5.4051338e-02   2.1888004e-01   1.4162433e+00  -1.9028476e-03   1.1965303e-03   5.5321260e-04
  -5.3468941e-02   2.0560473e-01   1.4498649e+00  -2.7386271e-03   4.9639793e-04  -1.5528250e-04
  -5.2654532e-02   2.0957551e-01   1.4853030e+00  -2.2041888e-03   4.5144208e-04  -1.0906801e-05
  -3.7109108e-02   1.8668445e-01   1.4668768e+00  -2.3693914e-03   7.3764050e-04  -3.1819640e-04
  -4.5740752e-02   2.0676589e-01   1.4668904e+00  -2.2181278e-03   4.0932273e-04   2.6227825e-04
  -3.4922682e-02   2.1634964e-01   1.4754604e+00  -2.2193244e-03  -2.0854973e-05  -2.7875598e-04
  -6.4659114e-02   2.2184048e-01   1.4707273e+00  -2.4000838e-03  -2.1604722e-05   2.0633972e-04
  -4.7062970e-02   2.1672868e-01   1.4917075e+00  -2.2256728e-03   3.1097347e-04  -2.4499957e-04
  -4.8586266e-02   2.0231626e-01   1.4993898e+00  -2.3603110e-03   5.8572180e-04  -1.2144534e-04
  -2.1947158e-02   2.6357217e-01   1.4412667e+00  -5.0223508e-03   6.1406110e-04  -1.4918009e-03
  -3.5265180e-02   2.0740075e-01   1.5008512e+00  -2.9532525e-03   3.9994517e-04  -4.3211042e-06
  -5.6018451e-02   2.2441806e-01   1.5561632e+00  -2.7548020e-03   3.8746291e-04   3.6625539e-04
  -6.0870003e-02   2.1652611e-01   1.5277486e+00  -3.2388929e-03   2.3106344e-04   1.2710574e-04
  -5.3566766e-02   2.0762215e-01   1.5481656e+00  -3.1902866e-03   3.2032076e-04  -9.6783940e-06
  -4.5728834e-02   2.1494868e-01   1.5617610e+00  -2.5629404e-03   9.3509067e-05  -1.6990563e-04
  -4.1600503e-02   2.0242273e-01   1.5666863e+00  -3.0817911e-03   3.4598697e-04  -2.5002568e-04
  -3.7254564e-02   2.1153712e-01   1.5766702e+00  -2.9308579e-03   2.4806047e-04  -3.2826924e-04
  -4.8614493e-02   2.1596714e-01   1.5854685e+00  -2.3701412e-03   1.3324514e-04   1.9611671e-05
  -3.6848112e-02   2.2956422e-01   1.5810030e+00  -2.7961639e-03   3.2659829e-04  -2.2718801e-04
  -4.7407920e-02   2.1950172e-01   1.5989827e+00  -2.2587950e-03   4.3825500e-04  -1.6702704e-04
  -5.8795175e-02   2.3195858e-01   1.6430435e+00  -3.4005752e-03   7.4404310e-04   3.8335466e-04
  -3.9225438e-02   2.2909684e-01   1.6215259e+00  -2.8762074e-03   4.6500138e-04  -8.1690879e-05
  -4.6435913e-02   2.2849662e-01   1.6388518e+00  -3.5635799e-03   6.5817264e-04   1.6813767e-04
  -3.8151037e-02   2.1597286e-01   1.6493546e+00  -3.1262508e-03   8.6699212e-04  -3.8892905e-05
  -1.9676488e-02   2.4449912e-01   1.6437711e+00  -3.1311013e-03   5.9867671e-04  -3.1752048e-04
  -1.1131076e-02   2.6295762e-01   1.6545736e+00  -2.7718589e-03   7.9318148e-04  -4.9986979e-04
  -3.1054438e-02   2.4648119e-01   1.6415588e+00  -3.8727559e-03   4.7447539e-04   2.2629936e-04
  -3.0080903e-02   2.4472972e-01   1.6706262e+00  -2.9259407e-03   4.7588117e-05   1.3602786e-04
  -5.3196562e-02   2.5448792e-01   1.6868761e+00  -2.6690626e-03   2.2932401e-04   4.8702348e-04
  -4.1271530e-02   2.3505282e-01   1.6925175e+00  -2.8960583e-03   9.4937700e-06   2.7759020e-04
  -2.7098651e-02   2.3561201e-01   1.6952348e+00  -2.9856528e-03   4.1465572e-05   1.6093475e-04
  -4.0655638e-02   2.4274714e-01   1.7174885e+00  -2.6615773e-03   2.1232971e-04   1.3030364e-04
  -4.4756082e-02   2.5831424e-01   1.7386955e+00  -2.6604221e-03   1.9858243e-04   4.0606215e-04
  -4.9314440e-02   2.4150575e-01   1.7054672e+00  -3.4256102e-03  -1.5456070e-04  -2.5094855e-05
  -4.7225441e-02   2.5383491e-01   1.7487812e+00  -2.4813519e-03  -1.4929313e-04   3.6010539e-04
  -4.6498898e-02   2.3999309e-01   1.7371776e+00  -3.1920920e-03   2.0037584e-05   3.6265729e-04
  -5.9702118e-02   2.5563247e-01   1.7595953e+00  -2.2970446e-03  -2.9324828e-05   5.4675288e-04
  -5.1539197e-02   2.4706881e-01   1.7545121e+00  -2.9696660e-03  -1.5147779e-04   2.4605880e-04
  -6.5345710e-02   2.5652508e-01   1.7681336e+00  -2.4989274e-03  -2.8387117e-04   1.6222901e-04
  -4.5693608e-02   2.3104749e-01   1.7763580e+00  -2.9175206e-03  -3.0529504e-04  -1.9409209e-05
  -4.5915655e-02   2.5077658e-01   1.7901762e+00  -2.2805215e-03  -6.4940847e-05   6.3831920e-05
  -8.5106269e-03   2.5902427e-01   1.7625801e+00  -3.9900145e-03   1.1597035e-03  -2.5930140e-04
  -1.5893950e-02   2.3229830e-01   1.7579444e+00  -1.3690373e-03   1.3124885e-03   1.9328279e-05
  -2.6713304e-02   2.1178678e-01   1.7771003e+00  -3.0598176e-03   1.2780168e-03  -1.8018743e-04
  -1.6013595e-02   2.3821027e-01   1.8038065e+00  -2.7165440e-03   8.5114599e-04  -3.5308745e-04
  -3.0195174e-02   2.5541261e-01   1.8336597e+00  -2.0844762e-03   1.1155816e-03   1.1691005e-04
  -2.2256477e-02   2.5937695e-01   1.8140012e+00  -2.7026741e-03   7.4396051e-04  -1.9446591e-04
   7.2784312e-03   2.5188512e-01   1.8573400e+00  -3.5388649e-03   9.4095226e-04  -5.9219957e-04
  -1.0658895e-02   2.4066669e-01   1.8193855e+00  -3.6113629e-03   1.1396770e-03  -1.2855693e-04
  -5.6330775e-03   2.4529666e-01   1.8305453e+00  -3.1152283e-03   1.3518810e-03  -1.4925766e-04
  -2.7452188e-02   2.1889474e-01   1.8487170e+00  -2.8558487e-03   8.3348212e-04   2.8824352e-04
  -4.7086322e-03   2.2899955e-01   1.8336066e+00  -3.3585378e-03   8.8094510e-04  -9.8846992e-05
  -9.3660620e-03   3.0360195e-01   1.8248913e+00  -3.5948639e-03   7.6709700e-04  -2.6596204e-04
  -8.5628255e-03   2.4854747e-01   1.8285145e+00  -3.8174786e-03   1.2880124e-03   4.5856557e-05
   2.1488997e-03   2.2612354e-01   1.8432532e+00  -3.7233920e-03   7.8949575e-04  -4.3335566e-04
   2.9710164e-03   2.6331379e-01   1.8529272e+00  -3.7343967e-03   5.6727734e-04  -4.9232780e-04
  -4.3260725e-03   2.5206231e-01   1.8418805e+00  -3.7494038e-03   7.5396879e-04  -1.8671994e-04
   8.1675436e-03   2.6311264e-01   1.8988680e+00  -3.1794717e-03   1.0398100e-03  -1.0974925e-04
  -2.2860589e-02   2.4388097e-01   1.8829927e+00  -3.4857026e-03   4.1192672e-04   2.0264632e-04
  -8.6229266e-03   2.4148275e-01   1.9094881e+00  -3.3725140e-03   5.9308517e-04  -1.7823093e-04
  -2.2159704e-02   2.5333288e-01   1.9130217e+00  -3.0936595e-03   8.4479030e-04   2.0512586e-04
  -1.7041442e-02   2.5389295e-01   1.9309496e+00  -3.2666132e-03   6.1994151e-04   3.5328041e-05
  -3.3229367e-02   2.7406402e-01   1.9603453e+00  -3.4151158e-03   1.7387458e-04   6.8303414e-05
  -5.7466675e-02   2.3623216e-01   1.9805186e+00  -4.0320623e-03   1.2447607e-04   5.8191749e-04
  -3.6306776e-02   2.7783083e-01   1.9914281e+00  -3.6145213e-03   2.1133315e-04   1.1622759e-04
  -4.8905549e-02   2.4548804e-01   1.9972195e+00  -4.1935252e-03  -5.2080265e-04   6.6077167e-04
  -4.0167129e-02   2.7662504e-01   1.9958341e+00  -3.8555777e-03  -3.9863386e-04   7.3088917e-04
  -5.4852992e-02   2.8449038e-01   2.0292733e+00  -3.0892667e-03  -7.6293522e-04   7.0427516e-04
  -3.4660206e-02   2.7147651e-01   1.9731631e+00  -3.9555929e-03  -4.2103380e-04   3.2740740e-04
  -2.2959015e-02   2.6123119e-01   1.9991159e+00  -3.1251392e-03  -4.9004068e-05   5.0029569e-05
  -5.4223176e-02   2.4980326e-01   2.0562230e+00  -2.8546953e-03  -5.6897973e-04   4.0581575e-04
  -4.4093225e-02   2.8302611e-01   2.0597039e+00  -2.6324815e-03  -3.9110863e-04   2.4088191e-04
  -4.4015056e-02   2.8856453e-01   2.0592317e+00  -3.4729758e-03  -4.5971423e-04   5.0994045e-04
  -3.1283420e-02   2.7572103e-01   2.0491461e+00  -3.5824848e-03  -2.7353076e-04   1.8869372e-04
  -4.7838675e-02   2.6019506e-01   2.0047628e+00  -3.0291731e-03  -9.3921828e-05   5.9491406e-04
  -3.8964199e-02   2.5057910e-01   2.0341358e+00  -3.5973472e-03  -2.6877339e-04   5.2145472e-04
  -3.1968596e-02   2.7158347e-01   2.0463951e+00  -3.3721715e-03  -4.9473357e-04   4.3006050e-04
  -3.7730068e-02   2.9086896e-01   2.0406558e+00  -3.1453389e-03   1.4592096e-04   7.6768003e-04
  -3.0205668e-03   2.9117780e-01   2.0364620e+00  -2.0695087e-03   7.9111536e-04   1.2149792e-04
  -2.5781407e-02   2.9310173e-01   2.0811832e+00  -3.3822464e-03  -3.1963895e-04   3.8584952e-04
  -1.9093885e-02   3.0162151e-01   2.1253342e+00  -3.5162876e-03  -4.1237410e-05   1.9548554e-04
  -3.5462143e-02   3.0433233e-01   2.1419627e+00  -3.2407178e-03   1.0514901e-04   6.7068160e-04
  -1.8236664e-02   2.9878271e-01   2.1364096e+00  -3.0248877e-03   2.8256957e-04  -1.3798058e-05
  -1.2969208e-04   3.2902120e-01   2.1449913e+00  -3.0724125e-03   4.8996423e-04  -1.4245078e-04
  -1.3793744e-02   2.9140386e-01   2.1474596e+00  -2.4289772e-03   2.3085800e-04  -1.2913953e-05
   5.5062163e-04   3.0839296e-01   2.1553678e+00  -3.3332381e-03   2.1502970e-04  -4.8751936e-05
  -1.8826740e-02   3.0332388e-01   2.0877067e+00  -2.7055097e-03   9.8040367e-04  -6.9378185e-06
  -6.6715041e-02   3.0220733e-01   2.0072983e+00  -2.6491276e-03   1.2503203e-03   9.4413485e-05
  -8.5161673e-02   2.2694275e-01   1.9573712e+00  -2.8725215e-05  -3.0115805e-03  -1.0123410e-03
  -3.2635693e-02   2.0317373e-01   1.6637215e+00   4.9388760e-03  -2.9412242e-04   1.9062163e-04
   9.7229289e-03   1.8251460e-01   1.8204550e+00   9.1299229e-03   4.3598277e-03   2.0468597e-04
   6.0940896e-02   2.7996662e-01   2.0675468e+00   4.5794960e-03   7.1297634e-03   4.2394832e-04
   5.6328987e-02   2.9366251e-01   2.0706433e+00   2.3471143e-03   5.2835827e-03  -2.0612376e-04
   3.8436908e-02   3.0413545e-01   2.1238289e+00   2.4274107e-03   4.8571391e-03  -3.9483069e-05
   2.9065351e-02   3.1163067e-01   2.1344277e+00   1.9938884e-03   4.6237399e-03   2.8425308e-05
   2.0512844e-02   3.1544908e-01   2.1440883e+00   1.9805209e-03   5.0627129e-03   6.1263353e-04
   3.8997885e-02   3.1719366e-01   2.1640258e+00   2.6281338e-03   4.9802380e-03   2.8691595e-05
   4.4473612e-02   3.0247932e-01   2.1624815e+00   2.0405734e-03   5.3801370e-03   1.0081899e-04
   4.6476414e-02   3.2165745e-01   2.1463731e+00   1.7553579e-03   5.2678277e-03   2.5052066e-04
   4.7105392e-02   3.3733276e-01   2.1645478e+00   1.7019771e-03   5.5167711e-03   4.6926073e-04
   1.2796735e-02   2.8994211e-01   2.1781054e+00   9.0817018e-04   4.6988103e-03   1.2914368e-03
   1.5961253e-02   2.6919716e-01   2.1630930e+00   1.0332667e-03   5.0979029e-03   1.0873621e-03
   1.1614589e-02   2.9118301e-01   2.1895274e+00   1.5121447e-03   5.0327977e-03   1.2085878e-03
   2.6193436e-02   3.0999860e-01   2.1615735e+00   1.1741342e-03   4.7901825e-03   7.4396977e-04
   2.3563153e-02   3.0560473e-01   2.2018877e+00   1.1125579e-03   5.2283626e-03   1.0755865e-03
   2.3666850e-02   2.9526388e-01   2.1738148e+00   9.6084654e-04   4.8493709e-03   9.1923700e-04
   1.9693053e-02   2.8245040e-01   2.2004440e+00   1.0237996e-03   4.6967128e-03   9.7409492e-04
   4.8566702e-03   2.9052103e-01   2.2127734e+00   1.3971012e-03   5.0957006e-03   1.4381263e-03
   2.5537769e-02   2.9534158e-01   2.2172214e+00   1.1432889e-03   5.0480610e-03   9.0639821e-04
   2.7781054e-02   2.9849810e-01   2.2096708e+00   9.6375368e-04   4.7974125e-03   7.0331986e-04
   2.4282523e-02   3.1070433e-01   2.2013516e+00   8.8231893e-04   4.8594535e-03   8.9278459e-04
   2.0886588e-02   2.9390794e-01   2.2217621e+00   1.4731360e-03   4.6280777e-03   7.6217723e-04
   1.2321691e-02   3.0370179e-01   2.2835805e+00   1.3178066e-03   4.7821305e-03   1.3070561e-03
   1.8217872e-02   3.0210084e-01   2.2555736e+00   1.0252342e-03   4.3819885e-03   8.6388746e-04
   2.1679535e-02   3.0213741e-01   2.2772216e+00  -7.1063269e-05   4.3289375e-03   9.9274622e-04
   3.5708697e-02   3.0242726e-01   2.2776156e+00   2.9907472e-04   4.4518978e-03   8.5908216e-04
   1.0281926e-02   3.1681346e-01   2.2886827e+00   4.7902441e-04   4.4130362e-03   1.3293989e-03
   1.6595150e-02   3.1074429e-01   2.3006901e+00   6.6443208e-04   4.3370566e-03   1.1073273e-03
   1.1325231e-02   3.2245124e-01   2.3392801e+00   1.0208437e-03   4.0488049e-03   1.0669316e-03
   1.1518168e-02   2.9741674e-01   2.3211291e+00   4.5475237e-04   4.2644243e-03   1.3905634e-03
  -5.8410937e-03   2.9934853e-01   2.3306331e+00   8.6264549e-04   4.0576143e-03   1.4843497e-03
   1.5654980e-02   3.1507853e-01   2.3325693e+00   6.0192985e-04   4.4624221e-03   1.1393064e-03
   1.4133226e-02   3.1411082e-01   2.3641968e+00   7.6712076e-04   4.5507951e-03   1.3537080e-03
  -6.8210526e-04   3.0055141e-01   2.3453950e+00   3.1769256e-04   4.1353540e-03   1.3983844e-03
   1.0384456e-02   3.2307902e-01   2.3567513e+00   2.2230782e-04   4.0796540e-03   1.1467177e-03
   5.3782578e-03   3.2065841e-01   2.4201302e+00   8.1808622e-04   4.3030679e-03   1.3549587e-03
   1.3041195e-02   3.2356376e-01   2.3757934e+00   4.3563488e-04   4.4397212e-03   1.1793664e-03
   9.0596349e-03   3.0123743e-01   2.3900997e+00   5.7255852e-04   4.3375623e-03   1.1469528e-03
   4.1721508e-03   3.2991082e-01   2.3790517e+00  -2.2647898e-04   4.0023587e-03   1.1979119e-03
   2.8238661e-02   3.3570878e-01   2.3774918e+00   7.8570224e-05   4.2513780e-03   8.8487452e-04
   1.6386559e-02   3.2249613e-01   2.3840215e+00  -4.6509262e-04   4.2310935e-03   1.1854016e-03
   3.0832766e-02   3.4421271e-01   2.3915477e+00  -1.5265912e-04   4.4404916e-03   9.2110978e-04
   1.9922726e-02   3.4172716e-01   2.3991008e+00  -5.8073336e-04   4.4812618e-03   1.0846603e-03
   3.1067763e-02   3.4298085e-01   2.4085279e+00  -6.0401395e-04   4.2114327e-03   7.2628765e-04
   2.6033348e-02   3.4085748e-01   2.4126377e+00  -1.0519222e-03   3.9321282e-03   7.4578663e-04
   3.2341325e-02   3.5706547e-01   2.4230258e+00  -5.9770631e-04   4.4035540e-03   6.2406640e-04
   2.5159845e-02   3.4317549e-01   2.4528049e+00  -9.0900741e-04   4.4498216e-03   9.3187254e-04
   2.5347949e-02   3.3608502e-01   2.4431942e+00  -4.7797681e-04   4.4632390e-03   1.0232307e-03
   1.8720704e-02   3.5182344e-01   2.4787363e+00  -7.2320393e-04   4.2977006e-03   1.0505367e-03
   4.1773924e-02   3.2933630e-01   2.4524344e+00  -8.6167050e-04   4.4870502e-03   6.8809821e-04
   2.1224037e-02   3.5005498e-01   2.4967760e+00  -7.0003074e-04   4.2662303e-03   1.1356575e-03
   2.7130300e-02   3.5383628e-01   2.4766876e+00  -4.4635035e-04   4.2071339e-03   7.4834616e-04
   2.9523663e-02   3.4507345e-01   2.4791809e+00  -9.9604422e-04   4.5705512e-03   7.8550558e-04
   3.0236613e-02   3.5340620e-01   2.4629979e+00  -1.0853807e-03   4.3190806e-03   8.2142071e-04
   2.5924508e-02   3.6016005e-01   2.5001883e+00  -1.2783933e-05   4.3701552e-03   7.1642127e-04
   3.4039998e-02   3.4884416e-01   2.4903765e+00  -1.3729092e-03   4.3339368e-03   5.6370140e-04
   2.0033316e-02   3.6344535e-01   2.5161529e+00  -6.3784125e-04   4.1322502e-03   1.1291536e-03
   2.5818339e-02   3.5088880e-01   2.4908115e+00  -1.5786649e-03   3.7041612e-03   9.8931247e-04
   3.4773990e-02   3.6066016e-01   2.5330851e+00  -8.8560856e-04   4.1275735e-03   7.5549777e-04
   1.9311327e-02   3.4636626e-01   2.5325637e+00  -7.3434289e-04   3.8659198e-03   1.0320009e-03
   2.4749319e-02   3.4637378e-01   2.5464909e+00  -8.2146688e-04   3.8670928e-03   7.5294374e-04
   3.0426384e-02   3.6291201e-01   2.5379002e+00  -3.3305897e-04   4.1109102e-03   8.3776597e-04
   3.7413207e-02   3.6557768e-01   2.5233189e+00  -1.0367177e-03   4.0187329e-03   7.0711051e-04
   8.0142351e-03   3.6829142e-01   2.5422126e+00  -9.0183800e-04   3.7949160e-03   1.0112647e-03
   1.1531270e-02   3.4497616e-01   2.5429642e+00  -1.0164239e-03   3.9010962e-03   1.2243019e-03
   4.2440901e-03   3.3467841e-01   2.5452575e+00  -1.4409797e-03   3.8078991e-03   1.3301407e-03
   1.0504506e-02   3.5292899e-01   2.6021437e+00  -6.8535478e-04   3.0942773e-03   8.7924114e-04
   6.0816237e-03   3.6147358e-01   2.5753113e+00  -1.1455189e-03   3.3855015e-03   1.3327954e-03
  -9.2188480e-03   3.6022637e-01   2.5996133e+00  -1.3893572e-03   3.0425593e-03   1.7718448e-03
   7.6224330e-03   3.4796026e-01   2.5936101e+00  -7.1388441e-04   2.8697770e-03   1.1034913e-03
   1.6658518e-02   3.4498153e-01   2.6259312e+00  -1.2453748e-03   3.0646682e-03   1.0220736e-03
   7.8503070e-03   3.5425876e-01   2.6484146e+00  -1.2551754e-03   2.7275352e-03   1.2145232e-03
   1.0929133e-02   3.6425089e-01   2.6390009e+00  -9.4907491e-04   2.9538248e-03   1.1975105e-03
   1.1767249e-02   3.5142636e-01   2.6325160e+00  -1.2527224e-03   2.9657148e-03   1.2998744e-03
   1.5748621e-02   3.5950614e-01   2.6440347e+00  -1.1105024e-03   2.8964464e-03   8.2189600e-04
   4.8730666e-03   3.4606390e-01   2.6681291e+00  -1.9507725e-03   3.0981608e-03   1.5376078e-03
  -4.3970664e-03   3.5469481e-01   2.6709454e+00  -1.7734705e-03   3.0837622e-03   1.3085490e-03
   1.4251651e-02   3.6273517e-01   2.6433944e+00  -1.9487825e-03   3.1025207e-03   1.0390172e-03
   1.1936636e-02   3.7022476e-01   2.6753919e+00  -1.0482796e-03   3.2515007e-03   1.1784230e-03
   8.2981815e-03   3.6070835e-01   2.6598937e+00  -1.2698268e-03   3.4466506e-03   1.4723462e-03
   1.7097224e-02   3.5115505e-01   2.6572391e+00  -1.5654753e-03   3.3847262e-03   1.0630971e-03
   5.3215933e-03   3.6360200e-01   2.6837866e+00  -9.7640222e-04   3.4064122e-03   1.2784983e-03
  -2.6147787e-03   3.7412907e-01   2.6970189e+00  -1.5375097e-03   3.3283208e-03   1.1440875e-03
  -1.0052377e-02   3.6072841e-01   2.7073545e+00  -1.7743069e-03   2.6538591e-03   1.7413296e-03
  -1.7425537e-03   3.4123339e-01   2.7158552e+00  -1.4403651e-03   2.8414141e-03   1.3976819e-03
   3.5919456e-03   3.7200404e-01   2.7659091e+00  -1.3396479e-03   3.4162327e-03   1.7902859e-03
   6.1196527e-03   3.6923763e-01   2.7318620e+00  -1.5684952e-03   2.9900716e-03   1.5042154e-03
  -6.0406768e-03   3.6767193e-01   2.7742094e+00  -9.8038542e-04   3.1624212e-03   1.6734828e-03
   2.1038226e-02   3.5407434e-01   2.7656224e+00  -1.4297085e-03   3.1175782e-03   1.1742863e-03
   2.2027815e-02   3.4568610e-01   2.7603799e+00  -9.3385380e-04   3.1232900e-03   1.1098882e-03
   1.1473971e-02   3.6640620e-01   2.7920762e+00  -1.6854988e-03   2.9955386e-03   1.2137008e-03
   4.2696260e-03   3.7108323e-01   2.7853103e+00  -9.4088920e-04   3.2133959e-03   1.5472202e-03
   2.1068241e-02   4.1230944e-01   2.7756995e+00  -9.9946741e-04   3.1961383e-03   8.8940428e-04
   1.9142670e-02   4.0569564e-01   2.8089335e+00  -1.4200843e-03   2.9515558e-03   1.1344462e-03
   2.1720590e-02   4.1946566e-01   2.8083762e+00  -5.3175809e-04   3.1411010e-03   6.2064684e-04
   3.6957218e-03   3.9783979e-01   2.8654506e+00   2.1841161e-03   8.4518003e-04   1.4808121e-03
  -2.2419450e-03   4.0312286e-01   2.7073800e+00   1.2445515e-03   2.0580869e-03   1.4788519e-03
   2.0042298e-02   4.0942757e-01   2.8061910e+00   5.7505782e-04   2.0509692e-03   9.8106747e-04
   6.2521411e-03   3.9992592e-01   2.8549474e+00   1.9838650e-04   2.4154848e-03   1.1716801e-03
   3.0910569e-03   4.1126098e-01   2.9094732e+00  -4.5378624e-04   2.3133856e-03   1.4925036e-03
   1.5675581e-02   4.1390214e-01   2.8766482e+00  -3.9912306e-04   2.6041096e-03   1.4552410e-03
   2.5976276e-02   4.1168450e-01   2.9251121e+00   6.6788075e-05   2.6967089e-03   9.2918193e-04
   1.5810714e-02   4.2911773e-01   2.8998009e+00  -1.0175436e-03   2.3387120e-03   1.0548153e-03
   3.2301002e-02   4.2235185e-01   2.9048999e+00  -4.1166087e-04   2.6760735e-03   8.3034537e-04
   2.9332020e-02   4.1486025e-01   2.9147376e+00  -8.0453083e-04   2.7989072e-03   1.0434994e-03
   3.1567385e-02   4.1224867e-01   2.9130878e+00  -5.1513685e-04   2.5160159e-03   7.7151381e-04
   2.5081835e-04   4.1399412e-01   2.9284216e+00  -2.2371604e-03   2.1698231e-03   1.4761213e-03
   2.1417382e-02   4.2025557e-01   2.9313070e+00  -1.2103640e-03   2.5941909e-03   1.1744831e-03
   1.9649101e-02   4.1196380e-01   2.9326668e+00  -1.3527156e-03   2.5498210e-03   1.2162724e-03
   1.2980081e-02   4.1126112e-01   2.9142407e+00  -2.4165304e-03   2.5398642e-03   1.2309945e-03
   2.9212062e-02   4.1938838e-01   2.9129459e+00  -1.3767609e-03   2.2653370e-03   1.0023722e-03
   1.2598551e-02   4.2507983e-01   2.9386325e+00  -1.7747902e-03   2.4689516e-03   1.1987015e-03
   1.6914742e-02   4.3251644e-01   2.9371988e+00  -1.3997931e-03   2.8480821e-03   9.6444003e-04
   3.3610864e-02   4.3430733e-01   2.9202275e+00  -1.2542853e-03   2.9757235e-03   6.6824654e-04
   3.4173323e-02   4.1611602e-01   2.9208852e+00  -1.4805236e-03   2.9251613e-03   9.0211499e-04
   2.8703347e-02   4.1654806e-01   2.9619468e+00  -1.3745700e-03   3.0481360e-03   9.2264400e-04
   1.3722261e-02   4.0402094e-01   2.9486619e+00  -1.2579722e-03   2.6604680e-03   1.1289168e-03
   2.0598981e-02   3.9594223e-01   2.9616297e+00  -1.5335654e-03   2.8985292e-03   1.1533635e-03
   1.2561736e-02   3.9805168e-01   2.9587770e+00  -1.0442682e-03   2.9568474e-03   1.3384196e-03
  -5.7827985e-04   3.9482459e-01   2.9799402e+00  -1.3234780e-03   3.2565504e-03   1.5801887e-03
   1.3299413e-02   3.9474735e-01   2.9817947e+00  -1.7567397e-03   2.9887515e-03   1.3618864e-03
   2.3540770e-02   3.9504508e-01   3.0109674e+00  -2.0861834e-03   2.2715074e-03   1.3822289e-03
   2.6682071e-02   4.2004589e-01   3.0044776e+00  -1.4683887e-03   2.6259746e-03   1.1807782e-03
   3.9182251e-02   4.1399365e-01   3.0202435e+00  -1.1863294e-03   2.6892273e-03   8.7124398e-04
   9.6469945e-03   4.0319456e-01   3.0229917e+00  -1.7298632e-03   2.2102580e-03   1.2772825e-03
   1.9399740e-02   4.1130538e-01   3.0428767e+00  -1.1563503e-03   2.2148345e-03   7.6796506e-04
   3.0072896e-02   4.1257697e-01   3.0414243e+00  -2.1013953e-03   2.8027368e-03   1.0054756e-03
   1.7040835e-02   4.3884914e-01   3.0497248e+00  -1.6458452e-03   2.1750614e-03   9.2840720e-04
   2.3496216e-02   4.2117304e-01   3.0503534e+00  -1.0577305e-03   2.5684012e-03   8.6535232e-04
   3.8165169e-02   4.2071553e-01   3.0790401e+00  -1.1116413e-03   2.8580827e-03   8.7247196e-04
   2.7090929e-02   4.1914108e-01   3.0541775e+00  -1.5901646e-03   2.9314315e-03   1.0440731e-03
   3.7778845e-02   4.1591181e-01   3.0912984e+00  -1.2207475e-03   2.6625913e-03   9.5553354e-04
   2.4777095e-02   4.2698260e-01   3.0797985e+00  -1.7990724e-03   2.4992915e-03   1.0831784e-03
   2.1326963e-02   4.2274656e-01   3.0999772e+00  -1.2093393e-03   2.3567577e-03   1.0420383e-03
   2.3702909e-02   4.1730876e-01   3.0971041e+00  -1.6531565e-03   2.6468675e-03   1.1872112e-03
   2.2538860e-02   4.2528845e-01   3.0642387e+00  -1.9273203e-03   2.4900007e-03   9.7177294e-04
   1.8663759e-02   4.3605779e-01   3.0948686e+00  -2.5053306e-03   2.6129695e-03   1.3008284e-03
   2.1248083e-02   4.0043061e-01   3.0901671e+00  -2.0075659e-03   2.6927617e-03   1.3880699e-03
   2.3956951e-02   4.1954732e-01   3.1363239e+00  -1.2178039e-03   2.5083263e-03   9.6123410e-04
   3.2946943e-02   4.1401458e-01   3.1156321e+00  -1.5771501e-03   2.3466915e-03   8.3649441e-04
   2.6314970e-02   4.1657927e-01   3.1144555e+00  -2.1140348e-03   2.7305445e-03   1.0799175e-03
   1.1860645e-02   4.1636924e-01   3.1268770e+00  -2.1576730e-03   2.6012034e-03   1.8917088e-03
   1.9858948e-02   4.2128855e-01   3.1424382e+00  -1.9910204e-03   2.6436361e-03   9.5674828e-04
   3.4409558e-02   4.3145079e-01   3.1617102e+00  -1.4206786e-03   2.6306858e-03   8.3776707e-04
   3.7961367e-02   4.3402677e-01   3.1579204e+00  -1.2631265e-03   2.6886590e-03   1.0655318e-03
   3.8863750e-02   4.2658552e-01   3.1674041e+00  -1.3379018e-03   2.6417249e-03   7.9024536e-04
   4.6575936e-02   4.5366013e-01   3.1494904e+00  -1.9007846e-03   2.6947231e-03   6.9683847e-04
   2.9200156e-02   4.2957151e-01   3.1724071e+00  -1.4398271e-03   2.6452965e-03   1.0141547e-03
   3.4495702e-02   4.5313672e-01   3.2123852e+00  -1.3890009e-03   2.6570919e-03   8.1467636e-04
   3.7910329e-02   4.2961753e-01   3.2031928e+00  -2.0234024e-03   2.5335092e-03   9.2179576e-04
   4.5885209e-02   4.3480989e-01   3.2085224e+00  -1.9401705e-03   2.6318793e-03   7.2093476e-04
   3.2319759e-02   4.5522454e-01   3.2036157e+00  -1.8115977e-03   2.8280984e-03   1.0888753e-03
   3.7024287e-02   4.3916010e-01   3.2302430e+00  -1.2969173e-03   2.7693806e-03   8.2173197e-04
   4.1174860e-02   4.4395030e-01   3.2064784e+00  -1.2924064e-03   2.6963831e-03   7.3022063e-04
   4.5067088e-02   4.5793331e-01   3.2389998e+00  -1.0629292e-03   2.6697874e-03   5.1178328e-04
   5.3208223e-02   4.5036492e-01   3.2139042e+00  -1.8149439e-03   2.4581933e-03   3.8117233e-04
   4.4351106e-02   4.6092023e-01   3.2107904e+00  -2.2904576e-03   2.6146105e-03   7.2886653e-04
   4.2812032e-02   4.4475365e-01   3.2301192e+00  -2.0319874e-03   2.3549459e-03   6.6305072e-04
   4.7770943e-02   4.5097861e-01   3.2203009e+00  -2.2197979e-03   2.4427532e-03   4.5553718e-04
   5.3952927e-02   4.6556203e-01   3.2919741e+00  -1.2090143e-03   2.7225056e-03   7.2319657e-04
   3.7293784e-02   4.5528250e-01   3.2492356e+00  -2.4461179e-03   2.3885769e-03   8.2877607e-04
   4.0712297e-02   4.4058975e-01   3.2744806e+00  -1.9567813e-03   2.7243695e-03   9.9214170e-04
   3.9179248e-02   4.5621459e-01   3.2888309e+00  -1.7049706e-03   2.6423673e-03   1.0153466e-03
   2.4078352e-02   4.4558813e-01   3.2506600e+00  -1.3584615e-03   2.7389512e-03   1.3282283e-03
   2.6613819e-02   4.3881446e-01   3.2669505e+00  -1.8794283e-03   2.3600960e-03   1.2893850e-03
   3.0920886e-02   4.4037694e-01   3.3050090e+00  -1.5858533e-03   2.5357624e-03   1.2949133e-03
   5.2503209e-02   4.3569346e-01   3.2855419e+00  -1.6813747e-03   3.0091494e-03   1.0261206e-03
   2.9970131e-02   4.4925689e-01   3.2857105e+00  -1.8899824e-03   2.8690524e-03   1.1794627e-03
   4.4356847e-02   4.6188029e-01   3.2962703e+00  -1.8563192e-03   2.3387778e-03   8.3779997e-04
   5.2564298e-02   4.4744495e-01   3.3174806e+00  -1.3691594e-03   2.7371590e-03   5.0043357e-04
   4.2449064e-02   4.6109227e-01   3.2835058e+00  -2.5269732e-03   2.5606359e-03   8.4413601e-04
   4.1223011e-02   4.6112312e-01   3.3073029e+00  -1.8438436e-03   2.4495248e-03   7.8132524e-04
   5.7429799e-02   4.5218829e-01   3.3328390e+00  -1.5996279e-03   2.6087867e-03   3.9367169e-04
   3.8868145e-02   4.6611685e-01   3.3436338e+00  -1.7451807e-03   2.4745077e-03   9.5567963e-04
   3.5402247e-02   4.3597919e-01   3.3115920e+00  -2.2905494e-03   2.1076379e-03   9.2736344e-04
   4.1784144e-02   4.4647057e-01   3.3387096e+00  -2.0091978e-03   2.2305868e-03   8.4056535e-04
   3.1238875e-02   4.5400983e-01   3.3442381e+00  -1.8692994e-03   2.3625195e-03   9.2762412e-04
   5.3197294e-02   4.5788173e-01   3.3558698e+00  -2.1560284e-03   2.6873729e-03   8.3320834e-04
   4.2882023e-02   4.4765146e-01   3.3634601e+00  -2.1764789e-03   2.4454741e-03   5.8196013e-04
   4.5101080e-02   4.7988226e-01   3.4176612e+00  -1.1401098e-03   3.1382825e-03   9.9745809e-04
   4.8646863e-02   4.5981093e-01   3.3883813e+00  -1.6788496e-03   2.7144488e-03   5.1106527e-04
   6.2925253e-02   4.5852013e-01   3.3689476e+00  -2.2404403e-03   2.8333198e-03   5.3886734e-04
   4.6189475e-02   4.6044815e-01   3.4070554e+00  -1.5755906e-03   2.9427571e-03   7.8406924e-04
   6.3141469e-02   4.6496567e-01   3.3828029e+00  -2.0453921e-03   2.6602616e-03   6.5181941e-04
   5.8753588e-02   4.6101560e-01   3.3814251e+00  -1.9949350e-03   2.7484547e-03   5.7053553e-04
   5.2205209e-02   4.6209257e-01   3.3867790e+00  -2.0316119e-03   2.8531664e-03   5.7643168e-04
   6.7480823e-02   4.5979843e-01   3.3989708e+00  -2.1413925e-03   2.8739724e-03   2.8892159e-04
   7.6794591e-02   4.4666000e-01   3.3967952e+00  -2.4577408e-03   3.1028271e-03   2.2152443e-04
   4.4082228e-02   4.5018500e-01   3.4539004e+00  -1.2721541e-03   2.9991198e-03   6.7032666e-04
   6.8566152e-02   4.7611310e-01   3.5267718e+00  -6.0858486e-04   2.8525403e-03   4.6389501e-04
   2.1274122e-02   4.8446619e-01   3.4330733e+00  -2.1377253e-03   4.5323127e-04  -1.4376025e-04
   4.7258716e-02   4.5404275e-01   3.4609984e+00  -1.2683788e-03   8.0216841e-04  -4.0139205e-05
   4.5922014e-02   4.7245601e-01   3.4957287e+00  -1.6094807e-03   5.3131975e-04   3.3084760e-05
   5.2835975e-02   4.8897930e-01   3.5175451e+00  -9.4154760e-04   1.5938037e-03  -2.3110958e-06
   4.7190452e-02   5.0401499e-01   3.5275498e+00  -1.3832647e-03   1.2824129e-03   3.2061713e-04
   4.8695837e-02   4.7683136e-01   3.5011092e+00  -2.0270301e-03   1.5415911e-03   1.5489936e-04
   5.7121375e-02   4.9470829e-01   3.5326225e+00  -1.1729458e-03   1.4018703e-03  -1.8892345e-04
   5.4273164e-02   4.9941929e-01   3.5276766e+00  -1.4201668e-03   1.9229532e-03   1.3536975e-04
   7.2018707e-02   4.8460711e-01   3.5562143e+00  -1.8042205e-03   1.8924598e-03  -3.1537232e-04
   6.3742433e-02   4.9776020e-01   3.5643816e+00  -1.4291209e-03   1.9240664e-03  -1.1067088e-04
   5.6693783e-02   4.8469354e-01   3.5492952e+00  -2.0997725e-03   2.2621913e-03   1.6428470e-04
   4.5309715e-02   4.8650671e-01   3.5564018e+00  -1.7774844e-03   1.6772906e-03   1.9418242e-04
   5.9859552e-02   4.8772245e-01   3.5651597e+00  -1.8934424e-03   1.6631955e-03   1.3881113e-04
   4.5028688e-02   4.7939723e-01   3.5908568e+00  -2.8344209e-03   1.5721913e-03   3.3366207e-05
   3.3961504e-02   4.8748486e-01   3.5981096e+00  -2.5366656e-03   1.9926692e-03   7.7855981e-04
   5.6649616e-02   4.8578450e-01   3.5687106e+00  -2.4037533e-03   2.4953513e-03   2.5927903e-04
   4.7869894e-02   4.7359448e-01   3.5994569e+00  -1.9155578e-03   1.9353996e-03   1.2581547e-04
   7.2322592e-02   4.7656108e-01   3.5980644e+00  -1.9283100e-03   2.1240950e-03   1.4834864e-04
   5.3275582e-02   4.8736788e-01   3.5891395e+00  -2.4545109e-03   1.6194060e-03   1.8051814e-05
   4.6288759e-02   4.7937616e-01   3.6050985e+00  -3.0509693e-03   1.2159381e-03   4.2256478e-04
   8.8951319e-02   5.1511239e-01   3.5647950e+00  -2.3608263e-03   2.4234562e-03   6.9135862e-06
   8.4194107e-02   5.2377371e-01   3.5803735e+00  -6.2450681e-04   2.5785395e-03  -1.7627871e-04
   7.1559831e-02   5.1373716e-01   3.6247329e+00  -1.4974443e-03   2.1210390e-03   6.5590577e-05
   6.2556363e-02   5.3610374e-01   3.6363334e+00  -1.0907660e-03   1.8809692e-03   3.6257492e-04
   8.0456115e-02   5.3936661e-01   3.6649868e+00  -1.2172719e-03   2.4438230e-03  -7.1170480e-05
   5.7296208e-02   5.3425814e-01   3.6343678e+00  -1.0855101e-03   2.0917639e-03   2.7245292e-04
   6.0286568e-02   5.4837912e-01   3.7047294e+00  -4.3375335e-04   2.1835127e-03   3.6635231e-04
   7.1874000e-02   5.2737642e-01   3.6670545e+00  -1.1372678e-03   2.1031547e-03   6.6501211e-05
   7.4773493e-02   5.3046387e-01   3.6843847e+00  -1.0498582e-03   2.5482241e-03   1.8039587e-04
   5.5278857e-02   5.2527517e-01   3.6793434e+00  -1.2117591e-03   2.5423280e-03   3.4866505e-04
   6.7991746e-02   5.1942334e-01   3.6446101e+00  -1.7224979e-03   2.4522015e-03   4.2860796e-04
   7.3331605e-02   5.3197212e-01   3.6862362e+00  -1.1474812e-03   2.7785377e-03   4.1039005e-04
   6.2959378e-02   5.4117803e-01   3.7301178e+00  -1.5706614e-04   2.5687842e-03   2.4752841e-04
   8.7749606e-03   5.0066365e-01   3.6199953e+00  -6.1360770e-04   1.2759787e-03   1.3986886e-03
  -5.0986524e-02   3.9816389e-01   3.2544936e+00  -7.7032404e-03  -3.2334208e-03   8.4173172e-04
   5.1637548e-03   2.8695185e-01   3.2152324e+00   4.4471511e-03  -8.8638510e-04   2.5560212e-03
   8.5765373e-02   4.6965725e-01   3.4749502e+00   4.9382729e-03   4.6860733e-03   4.0946894e-03
   3.5415729e-02   4.4965710e-01   3.5327151e+00   2.6338706e-03   2.4164281e-03   2.1927567e-03
   4.0562630e-02   4.8421781e-01   3.5718347e+00   2.3782960e-03   2.3121803e-03   1.7917418e-03
   4.4246714e-02   4.8727552e-01   3.6031133e+00   2.2291317e-03   2.3490663e-03   1.6917036e-03
   4.7845210e-02   4.9576514e-01   3.5944840e+00   2.2232948e-03   2.1195995e-03   1.7328854e-03
   4.6829649e-02   5.0583358e-01   3.6101191e+00   2.5524027e-03   1.9215831e-03   1.3839396e-03
   4.7737386e-02   5.0265022e-01   3.6204556e+00   2.8474758e-03   1.8691024e-03   1.2640554e-03
   5.8140225e-02   4.8078181e-01   3.6589347e+00   3.6385757e-03   2.2540685e-03   1.0865971e-03
   6.1527840e-02   4.7728313e-01   3.6394408e+00   2.8430255e-03   2.5136423e-03   1.1337278e-03
   5.4334315e-02   4.8123180e-01   3.6458860e+00   2.8926974e-03   2.4953340e-03   1.1061040e-03
   5.5944984e-02   4.8424370e-01   3.6300078e+00   3.0256384e-03   2.2050805e-03   1.0702575e-03
   5.0864267e-02   4.8658233e-01   3.6221518e+00   2.6436266e-03   2.4455831e-03   1.1805842e-03
   6.6311909e-02   4.8210630e-01   3.6443685e+00   3.2714828e-03   2.6660070e-03   1.1425293e-03
   4.4075265e-02   4.8838996e-01   3.6724444e+00   3.3432812e-03   2.3714998e-03   1.5435522e-03
   4.9271659e-02   4.7067296e-01   3.6666552e+00   3.0242106e-03   2.3616957e-03   1.0095050e-03
   4.9979367e-02   4.5437004e-01   3.6965276e+00   2.3844239e-03   2.2330978e-03   1.2147541e-03
   2.7689915e-02   4.9074624e-01   3.7044469e+00   2.4589360e-03   1.5826578e-03   1.6694698e-03
   2.5021420e-02   4.7512406e-01   3.7274696e+00   2.5953538e-03   1.4043442e-03   1.4196226e-03
   1.9074602e-02   4.9292005e-01   3.7167938e+00   2.2255815e-03   1.4195621e-03   1.6994256e-03
   4.3406667e-02   4.7769678e-01   3.6887294e+00   2.2650980e-03   1.6859466e-03   1.0097258e-03
   4.6572699e-02   4.8732632e-01   3.7074251e+00   2.8659928e-03   2.2117824e-03   1.0600120e-03
   5.5966421e-02   4.9572727e-01   3.7133622e+00   3.2332513e-03   2.4623533e-03   7.9552782e-04
   3.2774715e-02   4.9840863e-01   3.7277097e+00   3.0142684e-03   2.3495910e-03   1.3069839e-03
   3.7387035e-02   5.0918097e-01   3.7080736e+00   2.0953963e-03   1.9888359e-03   1.1056345e-03
   3.3098114e-02   4.8606584e-01   3.7203533e+00   1.7754061e-03   2.0247598e-03   8.7430865e-04
   5.0792801e-02   5.0573808e-01   3.7240627e+00   2.5841600e-03   2.2658714e-03   8.7233958e-04
   5.3129443e-02   5.0119057e-01   3.7379957e+00   1.8433537e-03   2.1284583e-03   7.1054352e-04
   5.4607614e-02   4.9674693e-01   3.7634773e+00   2.0692414e-03   2.0740851e-03   7.0890672e-04
   4.9629127e-02   5.0877215e-01   3.7646771e+00   1.8750226e-03   1.8152162e-03   6.9538176e-04
   5.6173836e-02   5.1345973e-01   3.7685802e+00   2.3513569e-03   2.0672585e-03   7.4705812e-04
   5.1606901e-02   5.0963335e-01   3.7858416e+00   2.2743862e-03   2.1893743e-03   1.0163538e-03
   5.9358224e-02   5.1324235e-01   3.7794069e+00   1.9997423e-03   2.1121019e-03   7.3192266e-04
   6.5676310e-02   4.8352272e-01   3.7751202e+00   1.9073806e-03   2.5356101e-03   5.7402929e-04
   7.7030713e-02   5.2025329e-01   3.7722960e+00   2.1012126e-03   2.4616197e-03   5.9688706e-04
   5.2597007e-02   5.1107895e-01   3.7849888e+00   2.0105603e-03   1.9053764e-03   6.8745883e-04
   7.0881065e-02   5.0257351e-01   3.7870077e+00   2.0396739e-03   2.2581633e-03   5.2889527e-04
   5.0431708e-02   4.9827909e-01   3.7940894e+00   2.1490537e-03   1.8730932e-03   8.5915316e-04
   4.0032562e-02   4.9801250e-01   3.7977687e+00   2.0053257e-03   1.7047939e-03   1.0154501e-03
   4.8494272e-02   5.0684052e-01   3.8482856e+00   2.1252203e-03   1.7399231e-03   7.9256132e-04
   4.8670301e-02   5.3465768e-01   3.8647543e+00   2.7884499e-03   1.8835342e-03   7.6080943e-04
   3.0449120e-02   5.3175831e-01   3.8667767e+00   2.5754828e-03   1.5820377e-03   1.1979154e-03
   3.3777192e-02   5.0978403e-01   3.8420069e+00   1.9018342e-03   2.0414037e-03   1.3568536e-03
   4.5997611e-02   5.0841682e-01   3.8680129e+00   2.2346874e-03   1.9469704e-03   1.2072085e-03
   4.3167580e-02   4.9351325e-01   3.8182975e+00   1.5731433e-03   1.4349437e-03   1.0022573e-03
   5.5366986e-02   5.1136980e-01   3.8482796e+00   1.9830764e-03   1.8409882e-03   8.6119120e-04
   5.2097075e-02   5.3562212e-01   3.8563917e+00   2.4925609e-03   1.7224656e-03   8.6297003e-04
   5.6266102e-02   5.2567684e-01   3.8839551e+00   2.6964436e-03   2.4766413e-03   8.7955334e-04
   4.3455749e-02   5.0551303e-01   3.8902239e+00   2.8733331e-03   2.0070987e-03   8.0682373e-04
   6.9435413e-02   5.0853415e-01   3.8625732e+00   2.2937769e-03   2.0542478e-03   5.8476836e-04
   4.8008534e-02   5.2285820e-01   3.9004148e+00   2.9902092e-03   2.1310911e-03   8.8979836e-04
   5.2159486e-02   5.0662795e-01   3.8704087e+00   2.0468879e-03   2.1393814e-03   7.6574688e-04
   5.8514256e-02   5.1065109e-01   3.8806306e+00   1.4644884e-03   2.2752930e-03   7.3268061e-04
   6.3907075e-02   4.9042797e-01   3.8873192e+00   2.3879473e-03   2.2195394e-03   6.5803133e-04
   6.5295646e-02   5.0268066e-01   3.9202611e+00   2.3256049e-03   2.1755555e-03   7.4435175e-04
   6.2223827e-02   5.1915613e-01   3.9319644e+00   3.0589353e-03   2.3850495e-03   8.3095048e-04
   3.9985731e-02   5.1229554e-01   3.9144173e+00   2.4011716e-03   2.1975417e-03   7.9065785e-04
   6.2245032e-02   5.0951295e-01   3.9204086e+00   2.4798448e-03   1.9418358e-03   6.3510713e-04
   4.4295452e-02   5.3625882e-01   3.9412191e+00   2.4016196e-03   2.1251665e-03   9.4351235e-04
   5.5929686e-02   5.1952844e-01   3.9392636e+00   2.3927664e-03   1.9629916e-03   7.0159891e-04
   4.3535632e-02   5.1315155e-01   3.9875602e+00   2.6742828e-03   1.8038083e-03   1.0302125e-03
   5.8291622e-02   5.1356475e-01   3.9529768e+00   2.0085227e-03   2.1531315e-03   7.6210648e-04
   3.5110748e-02   5.1981432e-01   3.9704903e+00   2.2056868e-03   1.5672442e-03   1.2756559e-03
   5.8895924e-02   5.1250979e-01   3.9579312e+00   1.9382123e-03   2.4840948e-03   7.5753548e-04
   5.4844826e-02   5.1863479e-01   3.9609642e+00   1.4718892e-03   1.9631579e-03   9.8073737e-04
   6.5206154e-02   5.3866488e-01   3.9399477e+00   1.2283249e-03   1.6419208e-03   7.1404452e-04
   5.5558250e-02   5.3887871e-01   3.9718441e+00   2.0468764e-03   1.7334808e-03   8.1788333e-04
   6.1075240e-02   5.2631189e-01   3.9811312e+00   1.6541914e-03   1.8675814e-03   5.8833258e-04
   5.5319747e-02   5.3473554e-01   3.9922823e+00   2.3401179e-03   1.6640212e-03   4.2258252e-04
   9.7345213e-02   5.3906156e-01   4.0851369e+00   2.4796983e-03   1.5741315e-03   8.1899616e-05
   9.9722215e-02   5.0363551e-01   3.9820327e+00   2.2563330e-03   2.1275992e-03   2.3050462e-04
   7.5033937e-02   5.0054762e-01   4.0065444e+00   1.7086944e-03   1.6511362e-03   3.5982202e-04
   7.9224225e-02   5.2097212e-01   4.0506790e+00   1.9748659e-03   2.1440643e-03   2.0610176e-04
   9.5028096e-02   5.3233785e-01   4.0196830e+00   1.9407575e-03   1.8272309e-03   3.6643058e-04
   8.7593198e-02   5.4599466e-01   4.0340012e+00   2.0078083e-03   2.3135050e-03   4.6406516e-04
   8.0461427e-02   5.2787883e-01   4.0508015e+00   1.9665567e-03   1.7232542e-03   3.1851175e-04
   7.7019663e-02   5.5012294e-01   4.0530709e+00   2.0325759e-03   1.7424124e-03   5.5131614e-04
   7.9978700e-02   5.5737662e-01   4.0965164e+00   2.2725609e-03   2.0103471e-03   6.0287632e-04
   1.0744583e-01   5.2565254e-01   4.0485723e+00   1.7438736e-03   1.7780647e-03  -1.6458510e-05
   7.9274226e-02   5.4565002e-01   4.0759090e+00   1.9605679e-03   2.0609261e-03   3.5445544e-04
   7.9353465e-02   5.4733189e-01   4.0742886e+00   2.0147490e-03   2.1596971e-03   4.7458131e-04
   7.1655509e-02   5.3849507e-01   4.1234620e+00   2.3923783e-03   2.0296038e-03   4.8760164e-04
   8.1760422e-02   5.4236761e-01   4.0911415e+00   1.9319480e-03   1.7815816e-03   1.3631405e-04
   5.0542097e-02   5.1462431e-01   4.1163959e+00   1.4942821e-03   1.6914197e-03   9.2192892e-04
   5.7439505e-02   5.1816907e-01   4.1072165e+00   1.9657567e-03   1.8170483e-03   7.5375648e-04
   5.8996837e-02   5.2046727e-01   4.1314502e+00   2.1802880e-03   1.4915504e-03   5.6908311e-04
   6.7062022e-02   5.3830687e-01   4.1277871e+00   1.9567772e-03   2.2809136e-03   7.6969018e-04
   5.0112553e-02   4.9443184e-01   4.1262212e+00   2.2631758e-03   1.4746304e-03   8.8750856e-04
   6.5833870e-02   5.2421488e-01   4.1358997e+00   1.6816979e-03   1.8556319e-03   1.0335015e-03
   4.5463421e-02   5.1906709e-01   4.1390880e+00   9.3379102e-04   1.8258759e-03   1.3044758e-03
   6.0840256e-02   5.1886899e-01   4.1618377e+00   1.7879338e-03   1.9837797e-03   1.1535691e-03
   6.2395312e-02   5.3827159e-01   4.1629416e+00   1.9400545e-03   1.4000815e-03   1.2304562e-03
   5.6441568e-02   5.3982733e-01   4.1311497e+00   1.3599477e-03   1.4356913e-03   1.0846563e-03
   7.2181920e-02   5.4064910e-01   4.1590378e+00   1.9964695e-03   1.4460646e-03   7.5896578e-04
   6.9166761e-02   5.4377524e-01   4.1707587e+00   2.1345270e-03   1.5674504e-03   1.0002758e-03
   7.2749468e-02   5.3732910e-01   4.1851989e+00   2.3500125e-03   1.7225163e-03   7.6541804e-04
   5.9256017e-02   5.3274581e-01   4.1567954e+00   1.8592298e-03   1.6413799e-03   1.1116521e-03
   5.7459590e-02   5.4649301e-01   4.1917287e+00   2.6191863e-03   1.8023140e-03   8.0637836e-04
   7.1678702e-02   5.4847464e-01   4.1923593e+00   2.1564967e-03   1.7093566e-03   6.2964597e-04
   6.3052304e-02   5.3861746e-01   4.1956347e+00   1.7155280e-03   1.4553702e-03   6.0842715e-04
   7.2749773e-02   5.3098211e-01   4.2023955e+00   1.0438848e-03   1.3406451e-03   5.0417630e-04
   7.0337224e-02   5.3407141e-01   4.2280331e+00   1.7753764e-03   1.4286104e-03   6.6621590e-04
   6.7278721e-02   5.3587851e-01   4.2362614e+00   1.7671759e-03   1.6255898e-03   6.1344941e-04
   7.0871324e-02   5.3172152e-01   4.2099358e+00   1.3335213e-03   1.4222475e-03   4.9697832e-04
