   0.0000000e+00   1.4210855e-14   7.0052023e-15   5.3808971e-18   1.7138030e-18  -9.2217979e-36
  -4.1317013e-03  -1.5999873e-02   1.6556140e-02   8.1177767e-04   9.3291827e-05  -1.7135088e-04
   1.8972082e-02  -3.7856254e-03  -8.8995202e-03   6.0111264e-04  -1.9294748e-05  -6.7264730e-04
   2.5441078e-02  -2.3311167e-02  -3.9619720e-02  -6.0550225e-05   1.7803573e-04  -4.8834250e-04
   6.0796278e-03   1.5201038e-03  -7.3317811e-02  -3.8025357e-04   2.2045588e-04   2.2525007e-05
   5.3097289e-03  -6.3989370e-03  -5.9929031e-02   4.6410651e-04  -6.0576082e-05  -1.6254758e-04
   5.6839251e-03  -2.0985470e-02  -6.2815256e-02   5.0001137e-04   8.1731477e-05   9.6343473e-05
   1.3515303e-03  -1.4919348e-02  -6.1423097e-02   2.8126680e-04   3.9635465e-04   1.7237883e-04
   2.7401260e-02  -1.6416671e-02  -8.1649328e-02   3.2520071e-04   1.7827310e-06  -6.3698139e-04
   1.7387065e-02  -2.5967526e-02  -8.9047008e-02   1.5205443e-04   2.8907232e-04  -6.2790836e-04
   4.3518870e-03  -4.8384195e-03  -7.5659319e-02   4.9003417e-04   1.6578385e-04  -8.1595111e-05
   1.3645446e-02  -2.0499543e-02  -7.0340406e-02   2.6600701e-04   5.6473059e-04  -2.2850480e-04
   1.4696833e-02  -1.0961128e-02  -8.7981114e-02   1.3784051e-04   6.0427142e-05  -8.0599025e-05
   1.5596441e-02  -2.1775198e-02  -6.4568419e-02   7.9212732e-04   5.0400458e-04  -2.2777901e-04
   1.5906738e-02  -2.4516319e-02  -9.6055704e-02   4.0324783e-04   1.7755240e-04  -5.7010210e-05
   9.6043646e-03  -8.3207378e-03  -1.0288987e-01   4.8208650e-04   5.9504172e-04   1.0321410e-05
   6.3170505e-03   1.6191910e-02  -1.4703270e-01  -5.0957904e-04  -3.6073014e-06  -1.4714978e-04
   8.7989098e-03   2.4211367e-04  -1.3457989e-01  -1.5813240e-04   3.9224335e-04  -1.7920937e-04
   1.6742155e-02   1.7170364e-02  -9.7620367e-02   1.0348835e-03   4.5067908e-04  -3.6549662e-04
   7.1721299e-04  -1.7466899e-02  -1.0588464e-01   1.4929857e-04   6.8155583e-05  -9.4060936e-05
  -9.1985419e-03  -4.3229250e-03  -1.1188375e-01   1.0641083e-04   4.8344414e-04   3.8195458e-04
   1.1712228e-02  -1.7552723e-02  -1.1947572e-01  -1.8384535e-04   5.4599268e-05  -1.9893376e-04
   1.1625600e-02  -1.5930629e-02  -1.0946650e-01  -2.6889027e-04   5.1645096e-04  -3.0989794e-04
   5.0823253e-04  -2.5290667e-02  -8.7513372e-02   3.9871655e-04   1.9476949e-04  -4.0366251e-04
   2.1123195e-03  -1.9630163e-02  -1.0391086e-01  -1.0736511e-04   3.9533491e-04  -3.2093942e-04
   8.6550320e-03  -1.7791006e-02  -1.0422989e-01  -6.5860160e-05   6.7042130e-04  -3.7134067e-04
   1.1858017e-02  -1.6808848e-03  -1.0131597e-01  -1.1000869e-05   6.0663130e-04  -3.4759630e-04
  -1.0332887e-02  -6.2625601e-03  -1.0012825e-01   2.8180359e-04   7.1495339e-04   1.9683089e-04
   1.1339398e-02  -1.7611251e-02  -1.0302250e-01  -1.8461003e-04   1.2876389e-04  -5.8034763e-04
  -6.4199372e-02  -5.6142146e-02  -1.2774356e-01  -6.0240396e-04   5.1822647e-05   1.1550577e-03
   7.6735573e-03  -2.7683314e-02  -8.2818029e-02   3.6166770e-04   9.8860568e-04  -4.3578716e-04
  -2.2026811e-03   1.2160178e-02  -7.8779701e-02   3.7114854e-04   1.5194594e-04  -3.4878952e-04
  -1.2586197e-02   4.6666523e-03  -1.0521963e-01   1.5854132e-04   6.4781994e-04  -2.7159171e-05
  -2.4873240e-02  -8.1283996e-03  -1.1469836e-01  -1.6990325e-05   7.7248543e-04   1.3878128e-04
  -2.5769682e-02  -2.9077082e-02  -7.8831623e-02   4.4401193e-04   5.7820093e-04   1.6891005e-04
  -2.5131272e-02   1.3706312e-02  -9.7039261e-02   6.2657390e-05   6.5577699e-04   3.4382937e-04
  -5.5435617e-04  -2.5404154e-03  -1.1175295e-01   2.7110340e-04   4.6955132e-04  -1.6357289e-04
  -8.8263287e-03   4.7751934e-03  -1.3133892e-01  -2.2791625e-04   3.8030483e-04   1.9695059e-04
  -1.7069399e-02  -2.0260605e-02  -9.8350666e-02   5.0150316e-04   4.7830664e-04  -6.4880615e-06
  -2.1021582e-02  -2.5759668e-02  -9.7182885e-02   6.1579117e-04   7.3758155e-04   2.0798288e-04
  -2.0451093e-02   6.3291578e-03  -9.2581110e-02   4.6734665e-04   8.2656047e-04  -5.2624646e-05
  -3.1966032e-02  -2.9712254e-02  -1.0474344e-01   2.1556779e-04   7.8182059e-04   2.7563108e-04
  -1.0195668e-02  -1.1379058e-02  -9.1898962e-02   1.7854662e-04   6.5462176e-04  -1.9433138e-04
  -1.7627190e-02  -6.7556504e-03  -1.1201451e-01  -2.9235720e-04   5.3209844e-04   3.8078242e-05
  -1.7129130e-02  -6.0282895e-04  -8.1821222e-02   3.9059187e-04   2.9408660e-04  -1.6019383e-04
  -1.4738538e-02  -4.6526088e-03  -8.7567921e-02   2.1332564e-04   3.6033840e-04  -1.0906379e-04
  -2.8808199e-02   5.9455507e-03  -1.1535666e-01   3.9915232e-06   3.8246806e-04   2.0370117e-04
  -2.7619656e-02   3.3681126e-02  -1.0632842e-01   1.5480499e-04   2.3878291e-04   1.5189446e-04
  -2.6813380e-02  -8.8534858e-02  -6.4784500e-02   1.5342516e-03   3.9939469e-04  -1.7534428e-03
   1.4077623e-03  -9.4829542e-04  -1.0456924e-01  -3.2490053e-04   6.8903781e-04  -3.8560594e-04
   1.6656748e-03  -1.0009119e-02  -6.4143671e-02   5.3164600e-04   1.0078716e-03  -6.2792370e-04
  -2.6080394e-02  -8.9509559e-04  -5.8218210e-02   1.9855912e-04   7.0247292e-04  -2.8412071e-04
  -3.4822199e-02   6.0332823e-03  -5.2185304e-02   4.0109622e-04   4.4432595e-04   2.5849796e-04
  -1.4079116e-02  -4.0639620e-03  -4.4621074e-02   1.8881767e-04   7.9938421e-04  -3.7735089e-04
  -2.1820609e-02  -6.4979083e-04  -4.1179836e-02   4.4864550e-04   7.4123771e-04  -1.4655882e-04
  -6.0099781e-03   1.2347613e-02  -6.1802433e-02  -2.8315638e-05   1.0776523e-03  -2.5216761e-04
  -1.0556063e-02  -1.4728670e-02  -4.4959783e-02   5.1294682e-04   6.4552537e-04   3.5526119e-05
  -3.4523318e-02   1.2895699e-02  -3.6871377e-02   1.3058114e-04   3.4191383e-04   2.4546350e-04
  -1.4618118e-02  -8.9596738e-03  -2.9922193e-02   4.6735063e-04   4.6320253e-04  -1.8926558e-04
  -2.1419984e-02   1.6554104e-02  -2.4089349e-02   5.7462554e-04   6.6499506e-04  -3.0862238e-04
  -2.7112360e-02  -7.8888625e-02  -7.3029923e-02  -4.2058255e-04   5.2999006e-04  -2.5270477e-05
  -3.6988156e-02  -2.8714557e-02  -5.9643409e-02  -7.3318040e-04   3.5950448e-04  -2.1962841e-04
  -2.2253967e-02  -4.9015554e-03  -3.6307269e-02   5.6724601e-04   6.7060448e-04  -3.8580784e-04
  -3.7197989e-03   2.3237859e-02  -2.7862665e-02   5.2206559e-04   2.1225699e-04  -3.2614510e-04
  -3.8384089e-02   7.4794095e-03  -2.9960467e-02   5.6921774e-05   5.3070875e-04   4.1416724e-04
  -1.1177442e-02   3.5675605e-02  -4.4685700e-02   3.0956548e-04   4.7473679e-04  -2.6364893e-04
  -2.4284650e-02   3.6740133e-02  -5.0671748e-02  -1.4369035e-04   5.1579085e-04  -1.5753845e-04
  -1.3767397e-02   3.7906606e-02  -3.1635785e-02   4.8253532e-04   5.6044507e-04  -3.0577763e-04
  -3.1043919e-02  -1.7738816e-01  -8.1646981e-02  -1.4494436e-03   7.1463677e-04   7.5713655e-05
   6.5161409e-04   3.4207501e-02  -2.0298259e-02   1.7793811e-04   6.7929881e-04  -6.8561098e-04
  -9.2852668e-03   2.6170503e-02   1.7256229e-03   8.2341305e-04   9.2486723e-04  -6.8115891e-04
  -1.1321966e-02   1.4735518e-02  -2.6240783e-02   4.5024238e-04   1.1894939e-03   6.5051828e-06
  -2.1035879e-02   4.0024438e-02  -1.0437672e-02   7.7206659e-04   1.1034674e-03  -1.2618800e-04
  -3.4534330e-02   1.7015081e-02  -2.3334927e-02   1.2911929e-04   6.9077743e-04  -6.4772641e-06
  -2.6214929e-02   6.7772114e-03  -1.3840807e-03   5.7831206e-04   7.5648194e-04  -2.6616845e-04
  -6.3166091e-02   1.1189469e-01   9.7712608e-02   2.1830686e-03   1.4072524e-03  -6.2730306e-04
   1.1324271e-02  -9.8219814e-04   1.2525297e-02   8.3177998e-04   4.3405224e-04  -2.5494462e-04
  -2.2634230e-02   1.5211921e-02  -2.9197403e-03   1.2810167e-04   7.7793464e-04   1.7927502e-04
  -7.9720036e-03  -4.7311084e-02   2.4523304e-02   5.2833444e-04   5.7012603e-04  -1.0612435e-03
  -1.4228079e-02   2.8483768e-03   5.1636742e-02   1.3448436e-03   5.3850418e-04  -3.7203594e-04
  -1.7589708e-02  -9.7194135e-03   6.2165928e-02   9.4055438e-04   4.0211340e-04  -5.7194649e-04
  -3.3792510e-02   5.2341461e-03   5.6760481e-02   9.7935895e-04   2.9762908e-05   3.3840844e-05
  -1.7514159e-02   2.0535909e-03   5.7411872e-02   6.5126844e-04   3.5495010e-04   1.7130222e-07
   9.6904451e-03   1.1393643e-01   3.4627058e-02   2.9779366e-05   3.8830833e-04  -1.3100170e-03
   5.3065412e-03   3.1034612e-02   5.2620216e-02   4.2759394e-04   7.8565386e-04  -4.7460799e-04
   9.4402891e-04   4.6045898e-02   4.5553885e-02   3.1488825e-04   8.8068813e-04  -3.8956151e-04
  -9.1315448e-03   5.6404849e-02   5.4995999e-02   1.7551426e-04   1.3911878e-03  -3.1384915e-04
  -1.9789638e-02   5.3151177e-02   8.5396402e-02   4.6167372e-04   6.1889434e-04  -3.4331691e-04
  -6.7883769e-03   6.0777189e-02   5.9426294e-02   3.8010015e-04   9.3695506e-04  -1.7125039e-04
  -1.1456869e-02   3.5455679e-02   5.9759571e-02   6.7997120e-04   8.4972029e-04  -9.9426766e-05
   1.8091699e-03   1.6279494e-02   7.2043431e-02   2.1684149e-04   1.0177319e-03  -6.1152315e-04
  -1.1131501e-02   4.0359861e-02   8.5414732e-02   2.7654087e-04   6.9815246e-04  -2.7177106e-04
  -1.3116568e-02   5.9350628e-02   8.5061283e-02   4.8994225e-04   1.0572554e-03  -1.0827328e-04
  -1.0251678e-02   3.0202014e-02   8.5608308e-02   2.2034793e-04   6.9725857e-04  -1.2239663e-04
  -3.0663637e-02   3.6448829e-02   9.9231205e-02   4.4957325e-04   9.5579766e-04   1.6821079e-05
  -2.2116894e-02   3.6837611e-02   1.1522299e-01   7.0445611e-04   5.3770239e-04  -2.5217189e-05
  -1.1727719e-02   6.1537016e-02   9.5105720e-02  -6.6538359e-05   9.4418506e-04  -2.6567599e-04
  -1.1848970e-02   6.5094896e-02   1.2303923e-01   7.9764622e-04   8.1880688e-04  -3.9080811e-04
  -6.5630697e-03   5.6337804e-02   9.7232474e-02  -6.6274975e-05   9.6453273e-04  -4.8164831e-04
  -1.6494438e-02   6.1528247e-02   1.1089450e-01   4.0547488e-04   8.6785702e-04   2.0063072e-05
  -1.7420215e-02   6.3314501e-02   1.1771227e-01   3.6681373e-04   1.0177288e-03  -2.1794474e-04
  -1.1035279e-02   6.5797888e-02   1.4454083e-01   1.0914313e-03   6.3699807e-04  -4.4076123e-04
  -5.6078708e-03   6.8398114e-02   1.2853454e-01   3.9525790e-04   7.0372811e-04  -3.9244478e-04
  -1.9947537e-02   6.9910387e-02   1.3612735e-01   6.0591610e-04   1.0559419e-03  -7.9139461e-05
  -3.4084793e-03   6.7595022e-02   1.5075288e-01   5.9310065e-04   9.6303623e-04  -4.4240895e-04
  -1.4992779e-02   6.8089143e-02   1.4220112e-01   5.2726502e-04   7.0518351e-04  -2.8738131e-04
  -9.7973591e-03   7.4212390e-02   1.6290547e-01   1.0169018e-03   1.1902845e-03  -5.1850244e-04
  -2.1037129e-02   7.8379844e-02   1.6133340e-01   2.8179509e-04   7.1835328e-04  -1.4238198e-04
  -1.8049037e-02   6.6861337e-02   1.6907824e-01   5.2554743e-04   6.7717695e-04  -1.7381873e-04
  -1.1842031e-02   1.0333072e-01   1.8933154e-01   1.5820371e-04   8.5235820e-04  -4.4505908e-04
  -8.4521571e-02  -1.3600030e-01   1.1775712e-01  -1.4911002e-03   6.3350265e-04   2.1021177e-03
   3.4869142e-03   7.4281804e-02   1.8115898e-01   2.6694008e-04   5.5418949e-04  -6.3891239e-04
  -7.4224517e-03   6.4259699e-02   1.8746782e-01   1.2973055e-04   7.2633343e-04  -3.5199448e-04
  -5.6309402e-03   6.6218735e-02   1.9288315e-01   4.7063125e-04   4.3024066e-04  -6.7293070e-04
  -2.1558612e-02   6.5561255e-02   2.0500877e-01   6.7422721e-04   7.4082826e-04  -2.2010885e-04
  -2.1902513e-02   6.7364051e-02   2.3326139e-01   8.1703110e-04   1.0064138e-03  -7.2228178e-06
  -6.3082591e-03   7.2070271e-02   2.1896243e-01   7.0030385e-04   8.5236580e-04  -5.8909520e-04
  -3.2047461e-03   7.8729407e-02   2.3996732e-01   1.1084568e-03   4.4831110e-04  -5.8352001e-04
   4.7853229e-03   7.9533365e-02   2.4554658e-01   1.1421391e-03   9.1336851e-04  -5.9481735e-04
  -6.8706082e-03   1.0254813e-02   2.4379075e-01   5.8589037e-04   8.7564188e-04  -8.6027056e-04
  -6.0189667e-03   8.1716813e-02   2.4160248e-01   6.2095994e-04   8.2222114e-04  -2.2307799e-04
   1.5228452e-02   8.4012606e-02   2.6740265e-01   1.2913867e-03   1.0662075e-03  -5.9828296e-04
  -9.7751197e-03   1.0237142e-01   2.3257770e-01   3.3574132e-04   8.8498440e-04   1.0886035e-04
  -3.3717255e-03   1.0153764e-01   2.5041535e-01   6.6950347e-04   7.5564811e-04  -3.5113875e-04
  -6.2176434e-03   8.1917214e-02   2.6455600e-01   3.9158554e-04   7.7930842e-04  -6.6904682e-04
  -1.3364672e-02   1.0160594e-01   2.6534655e-01   8.4661377e-04   6.7232483e-04   3.0390849e-05
  -1.1984577e-03   8.9686350e-02   2.6124928e-01   7.1099738e-04   5.5356675e-04  -7.7407265e-04
   3.7809329e-03   8.4955570e-02   2.8540497e-01   9.7677918e-04   1.0956267e-03  -1.8408309e-04
  -1.0767567e-02   8.6735283e-02   2.8199482e-01   1.1307322e-03   8.5791269e-04  -3.4694913e-04
   9.6548858e-04   9.3065660e-02   2.8110850e-01   4.6139184e-04   1.0188373e-03  -1.5465638e-04
   8.0884774e-03   8.8706975e-02   3.3167029e-01   1.5033240e-03   9.6160012e-04  -6.2566190e-04
   1.6301879e-02   1.1466722e-01   2.9409790e-01   8.0537209e-04   1.0270743e-03  -6.6743939e-04
  -1.2305822e-02   9.6534784e-02   2.9204752e-01   6.6985926e-04   1.0227906e-03  -3.5185171e-04
   8.5741272e-04   7.3487292e-02   3.1421957e-01   8.1821283e-04   1.4639013e-03  -3.1913104e-04
  -9.0425536e-03   9.2770459e-02   3.1735196e-01   7.8126215e-04   9.4775738e-04  -2.5948188e-04
   1.6592513e-02   1.1721952e-01   3.1255800e-01   7.4057490e-04   7.8906485e-04  -7.7208394e-04
   2.1781852e-02   1.1228437e-01   3.3137485e-01   9.3885367e-04   9.8948962e-04  -4.8774762e-04
  -1.4121823e-02   1.0819667e-01   3.1896143e-01   3.6792612e-04   5.6259611e-04  -1.7060751e-04
   1.6081079e-02   1.0915234e-01   3.3185236e-01   3.9892324e-04   1.1336021e-03  -5.6929769e-04
   7.5292472e-03   1.1750845e-01   3.4738723e-01   6.3326200e-04   5.1995943e-04  -2.5147726e-04
  -8.4168730e-03   1.1739189e-01   3.4630422e-01   7.1433036e-04   6.4323721e-04  -5.0781381e-04
   7.4293502e-03   1.0678706e-01   3.5159320e-01   5.2114522e-04   7.6485038e-04  -5.8115257e-04
   7.4328305e-03   9.9610745e-02   3.6745943e-01   1.1491884e-03   1.1767567e-03  -2.5014679e-04
   7.5180204e-03   1.0706445e-01   3.8520194e-01   1.3353212e-03   6.9442880e-04  -3.7565867e-05
   2.7080898e-03   1.0132907e-01   3.4752328e-01   1.1683092e-03   1.1315199e-03  -7.8307979e-04
  -4.1834218e-04   5.0515120e-02   3.6273925e-01   1.0584185e-03   8.4288861e-04  -9.6297063e-04
   3.0383606e-03   6.8974705e-02   4.0947400e-01   1.5471550e-03   7.2978774e-04  -9.3007328e-04
   9.5932332e-03   1.0638505e-01   4.0957687e-01   1.4928605e-03   6.7785685e-04  -7.2104032e-04
   2.5069725e-02   1.2650983e-01   4.1610394e-01   1.5809749e-03   1.3682604e-03  -6.2250415e-04
   2.0385441e-02   1.0510836e-01   4.3708330e-01   1.4877537e-03   1.0181240e-03  -5.0106686e-04
   2.5965461e-02   1.3869476e-01   4.5483390e-01   1.8021854e-03   1.1151175e-03  -7.9341795e-04
   8.7622691e-03   1.3999434e-01   4.1098696e-01   9.6973354e-04   9.4520862e-04  -7.4009572e-04
   7.5628129e-03   1.0074225e-01   4.0565701e-01   6.6497372e-04   6.8185380e-04  -4.3868004e-04
   2.2005297e-02   1.6169072e-01   4.3683379e-01   1.1983562e-03   8.3221140e-04  -9.6795707e-04
   2.7001526e-04   1.3479391e-01   4.2508623e-01   5.3199909e-04   8.4296858e-04  -5.4428693e-04
   1.4647469e-02   1.1213876e-01   4.4495654e-01   1.2139548e-03   8.6330717e-04  -5.9808344e-04
   1.9111876e-02   1.1801265e-01   4.8082841e-01   1.4951591e-03   6.2353491e-04  -6.9470111e-04
   1.4133564e-03   1.2079091e-01   4.8144682e-01   1.2649608e-03   6.6251970e-04  -4.0688265e-04
   1.1367606e-03   1.1952836e-01   4.8718205e-01   1.1601357e-03   8.0066786e-04  -4.7284255e-04
   3.1068650e-04   1.1198735e-01   4.5786266e-01   5.3674433e-04   5.5779930e-04  -3.0891199e-04
   1.3902134e-04   1.3321707e-01   4.7186160e-01   1.0297330e-03   3.6470799e-04  -2.2267612e-04
   8.9465163e-03   1.1711588e-01   4.7363430e-01   8.8275631e-04   7.2616444e-04  -5.2943502e-04
   1.7370209e-02   1.4390529e-01   4.6399856e-01   1.8818719e-04   9.0004659e-04  -7.1244265e-04
   1.3934377e-02   1.3380045e-01   4.9761141e-01   7.1612343e-04   9.5821320e-04  -4.9971046e-04
   1.8833180e-02   1.7804496e-01   4.8781531e-01   9.4194775e-04   9.9380607e-04  -6.9825153e-04
   2.5681300e-02   1.4609892e-01   5.1500435e-01   1.3488924e-03   8.9660561e-04  -6.7003400e-04
   2.0393377e-02   1.4306100e-01   5.1453655e-01   1.0613571e-03   9.8563369e-04  -6.1197513e-04
   2.7316932e-02   1.4114856e-01   5.1170405e-01   8.3286191e-04   9.3605927e-04  -5.2270294e-04
   1.1355190e-02   1.1615121e-01   5.2568249e-01   1.0382484e-03   9.5638099e-04  -7.8180197e-04
   2.7524674e-02   1.2878166e-01   5.4868829e-01   1.3886753e-03   1.0343775e-03  -6.6361240e-04
   1.9727621e-02   1.3708506e-01   5.4374080e-01   8.0738354e-04   9.2630315e-04  -2.9378581e-04
   2.5238973e-02   1.1681592e-01   5.4389670e-01   9.7919471e-04   5.7263947e-04  -9.9250076e-04
   3.6154877e-03   1.4852862e-01   5.3932503e-01   7.4331921e-04   7.8825092e-04   1.0121263e-04
   1.8473577e-02   1.3477216e-01   5.6088006e-01   1.3798132e-03   8.6570474e-04  -3.4201767e-04
   2.2199397e-02   1.6884117e-01   5.9250546e-01   1.7194992e-03   1.0605653e-03  -1.9341629e-04
   2.5639734e-02   1.5855600e-01   5.8032342e-01   1.6021003e-03   7.0330092e-04  -6.9951847e-04
   3.3880013e-02   1.5140013e-01   5.7199670e-01   1.0628638e-03   9.3559313e-04  -8.4922383e-04
   6.4570716e-03   1.2563461e-01   6.2734720e-01   1.6336413e-03   8.4063029e-04  -2.4256828e-04
   1.2092266e-02   1.4608605e-01   6.0217707e-01   1.7091688e-03   8.6335675e-04  -7.2273863e-04
   1.8409016e-02   9.8854671e-02   6.0280140e-01   1.3563067e-03   5.3362290e-04  -7.4445518e-04
   1.4142519e-03   1.3358891e-01   6.4855614e-01   2.2158184e-03   3.6568735e-04  -4.2369347e-04
   2.9211700e-02   1.3465464e-01   6.1842573e-01   1.1163133e-03   6.8273091e-04  -6.8593293e-04
   3.0409353e-02   1.5245442e-01   6.3089173e-01   1.4723269e-03   1.1014670e-03  -7.6457258e-04
   2.8614954e-02   1.6971267e-01   6.3330124e-01   1.0499544e-03   1.8448337e-04  -8.3737872e-04
   2.0313958e-02   1.6699689e-01   6.1912046e-01   9.0539250e-04   7.3706735e-04  -5.3311223e-04
   1.7197206e-02   1.7550280e-01   6.2826626e-01   8.9083538e-04   3.4168085e-04  -3.1991946e-04
   2.9028385e-02   1.5902584e-01   6.4800811e-01   1.1484706e-03   1.8491118e-04  -8.3268390e-04
   4.6506108e-02   1.5828460e-01   6.4178518e-01   8.7759573e-04   7.6929713e-04  -8.9561262e-04
   2.3873766e-02   1.4470589e-01   6.5739201e-01   8.2378862e-04   3.1776901e-04  -8.3683371e-04
   2.7365705e-02   1.4834932e-01   6.8150793e-01   1.1489655e-03   6.3274219e-04  -4.4882702e-04
   3.2738731e-02   1.6942198e-01   6.9900598e-01   1.3660759e-03   3.2924375e-04  -4.9674746e-04
   3.2609024e-02   1.6639750e-01   6.8994908e-01   9.4193200e-04   6.7151192e-04  -8.1829809e-04
  -1.3426736e-02   1.5598452e-01   7.6371283e-01   3.2204813e-03   6.3640936e-04  -1.0371966e-03
   3.4687849e-02   1.7049263e-01   6.9595989e-01   6.7013423e-04   1.1813349e-03  -6.5678332e-04
   1.9141885e-02   1.7900908e-01   6.9131944e-01   9.9774138e-04   5.5891079e-04  -4.6473282e-04
   4.4488513e-02   1.8859203e-01   7.2018319e-01   8.2592200e-04   8.1688187e-04  -8.9110513e-04
   1.8357480e-02   1.8303410e-01   7.1197061e-01   8.5593862e-04   5.4535446e-04  -2.9598889e-04
   2.9951478e-02   1.5113741e-01   7.2499284e-01   1.0079108e-03   6.2874201e-04  -8.3444072e-04
   1.0020003e-02   1.5192869e-01   7.3330474e-01   1.2656007e-03   5.5050518e-04  -2.9694847e-04
   1.5125216e-03   1.6753409e-01   7.8054350e-01   1.9458366e-03   8.5866251e-04  -1.4706305e-04
   4.7748468e-03   1.4963569e-01   7.5312906e-01   9.9472759e-04   7.7592580e-04  -5.5234857e-05
   4.4113958e-02   1.7273190e-01   7.7947828e-01   1.4258295e-03   8.1757685e-04  -6.8026892e-04
   3.8529316e-03   1.7970261e-01   7.7341580e-01   9.6348316e-04   5.6711089e-04  -2.3943448e-05
   2.8793241e-02   2.0107395e-01   7.5386715e-01   7.7129252e-04   7.3203868e-04  -2.2764583e-04
   2.4200004e-02   1.9550843e-01   7.6349306e-01   2.5971731e-04   3.9228029e-04  -3.3609632e-04
   1.9544128e-02   2.1678422e-01   7.8423250e-01   1.3079335e-03   3.2349491e-04  -2.6602656e-04
   1.5525622e-02   1.9446866e-01   7.8444322e-01   7.2907924e-04   4.1339074e-04  -1.7944996e-04
   2.8804494e-02   1.9973748e-01   8.0251798e-01   1.1729131e-03   7.5564927e-04  -3.6956554e-04
   1.6796846e-02   1.9596166e-01   8.1850721e-01   1.2747788e-03   5.9316883e-04  -1.8415451e-04
   3.8575776e-02   1.7709877e-01   8.4205807e-01   1.9989514e-03   9.5984111e-04  -5.8533807e-04
   3.4788283e-02   1.9614715e-01   8.4148085e-01   1.7663916e-03   7.7842440e-04  -5.9370077e-04
   3.0392072e-02   1.9864888e-01   8.2902497e-01   1.2539565e-03   1.1055308e-03  -2.9083626e-04
   4.7833470e-02   1.9942653e-01   8.1920840e-01   9.6837737e-04   9.1548325e-04  -9.2745595e-04
   6.0721518e-03   2.1402389e-01   8.5359514e-01   1.5002541e-03   8.0039443e-04   2.1730391e-04
   4.4401746e-02   2.2306180e-01   8.5503686e-01   1.1192689e-03   6.6278285e-04  -4.5256063e-04
   4.4166040e-02   2.1305022e-01   8.5205241e-01   9.8912774e-04   4.8584881e-04  -3.1445253e-04
   4.4177991e-02   2.1512011e-01   8.6107070e-01   1.4294744e-03   2.9306534e-04  -3.8771230e-04
   3.8340144e-02   2.0945088e-01   8.5502340e-01   8.3807668e-04   9.0682351e-04  -3.9036518e-04
   4.8038020e-02   2.1228763e-01   8.7334255e-01   9.7411717e-04   6.7113171e-04  -3.7907567e-04
   3.0394230e-02   1.7858353e-01   8.9964819e-01   1.3162688e-03   8.0401192e-04  -5.1660274e-04
   4.1244149e-02   1.9630186e-01   8.8438069e-01   6.7748242e-04   6.7652466e-04  -2.1986929e-04
   3.6538433e-02   1.9972813e-01   8.8423152e-01   6.6524506e-04   9.1428461e-04  -3.5442519e-04
   2.0614904e-02   2.3600485e-01   8.9317450e-01   5.2626438e-04   1.9764806e-04  -1.4884609e-04
   3.4879870e-02   2.1337577e-01   9.1036035e-01   8.4389711e-04   3.6922309e-04  -7.3992772e-04
   2.8996341e-02   2.0462995e-01   9.2092621e-01   5.7662534e-04   5.8226268e-04  -4.1362538e-05
   3.6241654e-02   1.9195721e-01   9.4661910e-01   1.0483426e-03   3.4655184e-04  -5.3637199e-04
   4.1181041e-02   2.1263210e-01   9.5506915e-01   1.1921740e-03   8.4134564e-04  -2.0272172e-04
   4.4863101e-02   2.1093986e-01   9.5259988e-01   1.0188391e-03   5.1717276e-04  -5.7139128e-04
   4.7573789e-02   2.3120868e-01   9.6635639e-01   8.0670091e-04   9.3753506e-04  -4.0563445e-04
   1.3576988e-02   2.0495773e-01   9.6546794e-01   9.6532977e-04   9.9695971e-04  -8.7829945e-05
   3.3794331e-02   2.0556635e-01   9.7334309e-01   7.8096833e-04   8.9368556e-04  -6.7114643e-04
   3.2171175e-02   2.0008697e-01   9.9917030e-01   1.2283700e-03   4.8421563e-04  -4.0975017e-04
   4.4312562e-02   2.2004780e-01   1.0144970e+00   1.3723335e-03   9.2739599e-04  -7.3963730e-04
   4.9872682e-02   2.3530862e-01   9.8618586e-01   1.0584164e-03   6.7151654e-04  -6.0317765e-04
   3.2254980e-02   2.0852847e-01   9.9615320e-01   8.6482593e-04   7.4963489e-04  -2.1247549e-04
   2.5542728e-02   2.1599647e-01   9.9357407e-01   8.2621874e-04   3.7165352e-04  -4.3310055e-05
   4.2511286e-02   2.3012413e-01   9.8174997e-01   9.8533341e-04   1.5779274e-04  -1.1690840e-03
   5.1522395e-02   1.9906188e-01   9.6740837e-01   1.6040735e-03   9.2776560e-04  -1.5306162e-03
   3.2788003e-02   1.6713839e-01   1.0227705e+00   1.3890127e-03   2.5464484e-04  -1.4068452e-03
   4.1434754e-02   2.0370171e-01   1.0718099e+00   1.7775967e-03   4.6885742e-04  -1.3503795e-03
   3.5182194e-02   2.2040936e-01   1.0757050e+00   1.3066670e-03   1.0567189e-03  -1.3630587e-03
   3.6259343e-02   2.2478892e-01   1.0087877e+00   1.8999887e-03   1.0582346e-03  -9.5448880e-04
   6.4324015e-02   2.6333126e-01   8.8709142e-01   2.6577931e-03   2.1437056e-03  -1.5129311e-03
   6.8382373e-02   2.6442256e-01   8.9145179e-01   2.8562682e-03   1.9153221e-03  -2.3895484e-03
   5.9835662e-02   2.6271343e-01   9.1737288e-01   3.2539367e-03   1.7331169e-03  -1.8143401e-03
   6.6849742e-02   2.5133757e-01   9.8073356e-01   2.8344597e-03   1.6555126e-03  -1.6783355e-03
   4.6088959e-02   2.2608288e-01   1.0176973e+00   2.3577591e-03   1.3045278e-03  -7.7697907e-04
   3.5150068e-02   2.1285834e-01   1.0010226e+00   1.2211278e-03   9.4614449e-04  -9.6507304e-04
   7.8057309e-02   2.2171249e-01   1.0135942e+00   1.2745719e-03   1.1757807e-03  -1.9319210e-03
   2.4641049e-02   2.3521337e-01   1.0383756e+00   2.0245206e-03   1.0202636e-03  -5.6326898e-04
   5.8956173e-02   2.4244434e-01   1.0227518e+00   1.5784133e-03   1.0959270e-03  -1.1442955e-03
   4.8326104e-02   2.4843638e-01   1.0314044e+00   1.4238194e-03   1.0294247e-03  -1.0239405e-03
   6.1538796e-02   2.5142188e-01   1.0543349e+00   1.9391911e-03   9.4119663e-04  -8.6565213e-04
   5.7210230e-02   2.2943372e-01   1.0531174e+00   1.2992858e-03   1.1264778e-03  -1.0881689e-03
   5.5277189e-02   2.3161842e-01   1.0713292e+00   1.5327502e-03   9.2162115e-04  -1.0595650e-03
   2.6844742e-02   2.5352243e-01   1.0625511e+00   7.0947797e-04   7.9693523e-04  -4.7463070e-04
   4.8084982e-02   2.4830260e-01   1.1042928e+00   1.8037626e-03   4.9163443e-04  -1.0477004e-03
   6.0626129e-02   2.4105617e-01   1.0973102e+00   1.0695517e-03   1.2895965e-03  -1.1076942e-03
   5.1043592e-02   2.4049898e-01   1.1174789e+00   1.5234396e-03   1.2260478e-03  -9.2370633e-04
   5.6721650e-02   2.4153663e-01   1.1269907e+00   1.3520627e-03   1.1270388e-03  -1.1014499e-03
   4.4926856e-02   2.4912132e-01   1.1167606e+00   1.2535822e-03   7.3849337e-04  -9.8145460e-04
   3.6741743e-02   2.4779065e-01   1.1740206e+00   1.3400064e-03   6.0145070e-04  -6.7953382e-04
   6.5579736e-02   2.6307357e-01   1.1420303e+00   6.4022150e-04   5.0181958e-04  -1.2235808e-03
   3.4934039e-02   2.3799986e-01   1.1400424e+00   8.8359065e-04   8.1046060e-04  -9.2651038e-04
   4.9901871e-02   2.1404654e-01   1.1574998e+00   9.1390308e-04   7.2541554e-04  -1.1136432e-03
   3.5737902e-02   2.5364288e-01   1.2118335e+00   1.9698725e-03   6.7735603e-04  -4.6422924e-04
   3.7892920e-02   2.5393548e-01   1.2078247e+00   1.1684128e-03   5.0782963e-04  -5.6352295e-04
   5.2295486e-02   2.6920056e-01   1.2193262e+00   1.4544247e-03   6.9145195e-04  -1.0107637e-03
   4.6232460e-02   2.7537882e-01   1.1878970e+00   4.3451594e-04   5.3834189e-04  -5.7503057e-04
   4.9941648e-02   2.5595203e-01   1.2124526e+00   9.6879223e-04   6.8318059e-04  -8.3179705e-04
   5.2597762e-02   2.9056341e-01   1.1921551e+00   2.0081504e-04   8.6092682e-04  -8.5641695e-04
   2.7615879e-02   2.6341290e-01   1.2142083e+00   6.0847164e-04   3.2977235e-04  -2.9687774e-04
   4.3028129e-02   2.7246056e-01   1.2345982e+00   2.4172822e-04   9.3330665e-04  -5.3395541e-04
   5.5566219e-02   2.7585071e-01   1.2615208e+00   9.6064970e-04   7.2640724e-04  -1.0789972e-03
   6.3110250e-02   2.6406656e-01   1.2722920e+00   1.2943140e-03   1.0206347e-03  -8.3018930e-04
   5.4085344e-02   2.7094237e-01   1.2338295e+00   2.8700528e-04   7.6829207e-04  -9.0523634e-04
   5.6511349e-02   2.6369495e-01   1.2732648e+00   7.0788099e-04   3.0359936e-04  -1.0540315e-03
   5.1614896e-02   2.6812369e-01   1.2780606e+00   8.0172127e-04  -6.7965200e-05  -6.6345281e-04
   6.2129449e-02   2.7446029e-01   1.2857604e+00   7.5437590e-04   5.6594993e-04  -9.0845655e-04
   5.8850330e-02   2.6354012e-01   1.2926717e+00   1.0376481e-03   3.7311458e-04  -1.1370799e-03
   5.2642367e-02   2.7084096e-01   1.3016226e+00   1.0865210e-03   9.6013292e-04  -8.5517635e-04
   3.3886926e-02   2.5325527e-01   1.3179365e+00   7.6617124e-04   6.1250033e-04  -4.1876444e-04
   5.9852000e-02   2.5344100e-01   1.3060421e+00   7.7601850e-04   5.6497660e-04  -8.8649897e-04
   4.8306726e-02   2.8113006e-01   1.3044662e+00   6.8915786e-04   6.7499427e-04  -7.7338435e-04
   4.9218614e-02   2.5012640e-01   1.2970365e+00   5.8151984e-04   4.7481491e-04  -8.3140126e-04
   6.5896462e-02   2.8014176e-01   1.3200737e+00   4.7273778e-04   5.6031288e-04  -8.9129265e-04
   8.2268587e-02   2.5466308e-01   1.3399717e+00   1.0308071e-03   4.8835867e-04  -1.3987620e-03
   5.6420890e-02   2.8690212e-01   1.3538349e+00   8.9272806e-04   9.4334870e-04  -7.6756894e-04
   4.8947667e-02   2.6000245e-01   1.3378201e+00   2.7821822e-04   1.8451858e-04  -8.3582377e-04
   5.4609064e-02   2.8119993e-01   1.3434564e+00   5.5006444e-04   8.0254456e-04  -7.8916092e-04
   4.5664306e-02   2.8479293e-01   1.3606514e+00   6.7630660e-04   4.9328696e-04  -8.6553882e-04
   5.2234695e-02   2.8843190e-01   1.3630092e+00   2.9803685e-04   7.5411920e-04  -8.5292575e-04
   4.0174531e-02   2.7137821e-01   1.3844435e+00   5.1801527e-04   7.4050341e-04  -4.0641060e-04
   6.7493928e-02   2.9106192e-01   1.3741267e+00   4.8399074e-04   1.2257449e-03  -9.0943092e-04
   6.5165287e-02   2.7783534e-01   1.3855379e+00   4.7446970e-04   3.6231185e-04  -7.1920703e-04
   6.8737257e-02   3.1301458e-01   1.4064157e+00   9.8177197e-04   6.4768462e-04  -9.9456272e-04
   8.2209753e-02   2.9069052e-01   1.4056136e+00   6.5440866e-04   1.0460537e-03  -9.8613238e-04
   7.2919218e-02   2.8437052e-01   1.4136696e+00   6.2604656e-04   1.0554146e-03  -1.1999165e-03
   6.5281602e-02   2.8473899e-01   1.4236070e+00   9.6181493e-04   8.5047195e-04  -9.4621586e-04
   3.1022162e-02   2.8692127e-01   1.4435242e+00   9.3855532e-04   1.0701086e-04  -8.6558081e-04
   7.5827323e-02   2.7518529e-01   1.3594045e+00   1.4718535e-03  -7.7464941e-04  -9.3006805e-04
   2.9986027e-02   2.1866829e-01   1.4066435e+00   2.0003807e-03   9.2775728e-04  -6.6713801e-04
   1.7536637e-02   2.2527820e-01   1.4059228e+00   1.2748015e-03  -4.8567214e-04  -7.4622614e-04
   3.0514037e-02   2.4592532e-01   1.4357091e+00   8.2368310e-04   1.4761183e-04  -9.5059044e-04
   3.9393491e-02   2.7804446e-01   1.4589603e+00   7.9843291e-04   4.2250210e-04  -5.5090939e-04
   5.2004497e-02   2.9148812e-01   1.4928636e+00   1.5289184e-03   3.1488314e-04  -5.6135095e-04
   4.8056084e-02   2.9121237e-01   1.4886129e+00   9.7970792e-04   5.8195259e-04  -7.6990861e-04
   4.5793338e-02   3.1298162e-01   1.4907964e+00   1.0885491e-03   5.4331760e-04  -3.0517731e-04
   5.5782767e-02   2.8278305e-01   1.5162787e+00   1.2527148e-03   5.9436286e-04  -6.8708118e-04
   5.6562747e-02   3.0237433e-01   1.4992047e+00   1.1600850e-03   1.2234714e-04  -4.9962077e-04
   6.8337891e-02   3.1014782e-01   1.5035494e+00   7.5825877e-04   5.5014663e-04  -9.8958202e-04
   5.7564459e-02   3.1302213e-01   1.4911405e+00   5.0135861e-04   3.0869949e-04  -8.8142371e-04
   7.3658466e-02   2.9839191e-01   1.5071914e+00   6.0561798e-04   3.3717613e-04  -9.9274762e-04
   6.1223280e-02   2.9297279e-01   1.5290575e+00   5.2363511e-04   5.0467134e-04  -4.1022828e-04
   5.9262446e-02   3.1595415e-01   1.5288931e+00   6.0961089e-04   1.1600287e-04  -6.7564529e-04
   6.9726142e-02   2.2609227e-01   1.5323396e+00   7.0540698e-04   2.2686517e-04  -1.4541945e-03
   5.5462901e-02   3.1051733e-01   1.5610664e+00   1.0062871e-03   2.6777752e-04  -3.3065422e-04
   5.3025544e-02   2.8575481e-01   1.5667141e+00   1.1283600e-03   8.8583243e-05  -3.4923377e-04
   5.7064429e-02   2.9732886e-01   1.5663922e+00   6.1546099e-04   6.4479144e-04  -4.0938982e-04
   5.9285297e-02   2.9157316e-01   1.5683792e+00   4.5490160e-04   6.1954811e-05  -3.4480225e-04
   5.2968779e-02   2.8342385e-01   1.5656959e+00   5.2242792e-04   3.3343469e-04  -2.1541761e-04
   7.0765617e-02   3.1012013e-01   1.5504208e+00  -1.1832298e-04  -9.7181542e-05  -6.6385847e-04
   4.9404328e-02   2.8698488e-01   1.5809740e+00   3.2741354e-04  -1.2330148e-04  -4.7289352e-04
   4.9593752e-02   3.2012087e-01   1.6156469e+00   6.4075240e-04   1.2885863e-04  -3.5963859e-04
   7.0995592e-02   3.2543760e-01   1.6289862e+00   3.0279775e-04   2.4216804e-04  -8.7408907e-04
   6.3669417e-02   3.2103810e-01   1.6095162e+00   1.2289421e-04   2.6218680e-04  -6.2007252e-04
   6.0995745e-02   3.3213754e-01   1.6357086e+00   4.6975862e-04   2.0284363e-04  -4.6902309e-04
   5.4387405e-02   3.0079749e-01   1.6498577e+00   5.1682206e-04  -1.2811331e-04  -9.0769452e-04
   5.0618750e-02   3.2621602e-01   1.6443937e+00   2.3934932e-04   2.4150149e-04  -4.7618049e-04
   3.3958887e-02   3.0331033e-01   1.6717546e+00   7.5517747e-04   1.6331574e-04   2.7341451e-04
   5.1719530e-02   3.1285468e-01   1.6545821e+00   4.2178023e-04   6.8799072e-04  -6.4353290e-04
   6.3606221e-02   3.1726233e-01   1.6585336e+00  -1.3852247e-04   5.9055724e-04  -5.1899995e-04
   5.4652895e-02   3.1989350e-01   1.6795606e+00   7.3249508e-04   4.2547289e-04  -4.5469006e-04
   6.0055130e-02   3.1665165e-01   1.6762817e+00   3.1288704e-04   1.2392034e-04  -5.1970377e-04
   4.1171282e-02   3.8126572e-01   1.6784950e+00   5.4770660e-04  -6.6792433e-04  -4.7243051e-04
   4.6605148e-02   3.1863075e-01   1.7238191e+00   7.5569037e-04  -1.0173778e-04  -3.0541060e-04
   4.0080350e-02   3.2018965e-01   1.7136766e+00   7.9837085e-04   3.5064895e-04   1.1362624e-04
   6.1705385e-02   3.3337713e-01   1.7025888e+00   3.0478402e-04   6.8734596e-05  -5.1470410e-04
   5.6629528e-02   3.1396405e-01   1.7321029e+00   7.0562953e-04   2.4386300e-04  -4.1817126e-04
   5.9706998e-02   3.1152195e-01   1.7280502e+00   6.4056051e-04   5.4295186e-04  -4.9149302e-04
   6.6851112e-02   3.1889137e-01   1.7378676e+00   3.1636540e-04   5.7780953e-04  -6.9595232e-04
   6.7254621e-02   3.3130596e-01   1.7579926e+00   6.6546858e-04   3.2887054e-04  -7.7929359e-04
   6.6724617e-02   3.2814205e-01   1.7301564e+00  -1.9813645e-04   3.9369440e-04  -5.7035277e-04
   5.9419489e-02   3.2356383e-01   1.7571991e+00   3.0029472e-04  -6.0882583e-04  -6.8135233e-04
   6.7634938e-02   3.4209519e-01   1.7671583e+00   4.7102129e-04   2.0933246e-04  -6.4187138e-04
   6.0035377e-02   3.4753961e-01   1.7592136e+00  -7.6101965e-05   8.6004589e-05  -2.5107813e-04
   6.9015028e-02   3.5068344e-01   1.7668715e+00   1.3610949e-04  -1.6214683e-04  -5.8724304e-04
   7.0052698e-02   3.5341156e-01   1.7723718e+00   6.8896241e-04   2.0525671e-04  -6.4061411e-04
   5.5174186e-02   3.4693202e-01   1.7849213e+00   3.4624510e-04  -3.2472301e-04  -7.4782954e-04
   7.3272405e-02   3.4620855e-01   1.7905680e+00   2.6878992e-04  -1.8436941e-04  -6.1434491e-04
   5.2026416e-02   3.3443974e-01   1.8115522e+00   4.3214657e-04  -1.9367981e-04  -3.1625458e-04
   6.9676769e-02   3.2961014e-01   1.8191819e+00   1.0975557e-03  -3.1138460e-05  -6.7488713e-04
   7.2119644e-02   3.3942399e-01   1.8265475e+00   8.3309235e-04   3.7240474e-04  -5.5279541e-04
   4.6419667e-02   3.2218061e-01   1.8273032e+00   5.0870297e-04   4.5405302e-04  -3.2641328e-05
   7.2193784e-02   3.2440250e-01   1.8334252e+00   6.2341092e-04   2.1546495e-04  -6.2281875e-04
   6.7860824e-02   3.2983963e-01   1.8431799e+00   1.0294658e-03   1.2913048e-05  -5.2986859e-04
   6.0974509e-02   3.4163308e-01   1.8413904e+00   3.8220636e-04  -7.1553195e-05  -3.8554394e-04
   6.9116750e-02   3.1555591e-01   1.8335523e+00  -3.9492277e-05   3.2761533e-06  -7.2004557e-04
   7.5177236e-02   3.3491408e-01   1.8736146e+00   3.4064183e-04  -1.2442209e-04  -1.0460810e-03
   5.7905745e-02   3.4410617e-01   1.8653148e+00   5.5941346e-04  -8.9190578e-05  -5.4635329e-04
   4.9708934e-02   3.2794181e-01   1.8962165e+00   5.2780598e-04  -1.3624934e-04  -3.3652258e-04
   7.1184259e-02   3.3711512e-01   1.8955951e+00   6.1198074e-04  -4.3221933e-04  -6.7851526e-04
   6.4565001e-02   3.3015303e-01   1.8690425e+00   1.3198014e-04   1.8069163e-04  -1.2536550e-04
   5.4404848e-02   3.4064276e-01   1.8782238e+00   2.4329874e-04  -2.1643423e-04   1.4810189e-04
   6.3303791e-02   3.6645449e-01   1.8891025e+00  -1.7397305e-04   3.1189788e-04  -4.9539016e-05
   7.1286091e-02   3.3168558e-01   1.9007205e+00   3.9847223e-05   2.8237270e-04  -5.2293640e-04
   6.1465894e-02   3.6168460e-01   1.9168518e+00   1.9526155e-04   5.5469506e-04  -4.7928912e-04
   5.6859244e-02   3.5482927e-01   1.9249104e+00   5.0294909e-04   1.8264939e-05  -3.5470872e-06
   6.7629425e-02   3.4007775e-01   1.9222459e+00   1.8473566e-04  -9.3919405e-05  -6.3900629e-04
   6.1068105e-02   3.4185595e-01   1.9535512e+00   5.2907695e-04  -1.4584274e-04  -6.1841782e-04
   6.8727784e-02   3.5145838e-01   1.9639830e+00   9.6233153e-04   2.5991460e-04  -4.3365663e-04
   6.0688709e-02   3.3861602e-01   1.9550139e+00   2.3313971e-04  -1.7290140e-04  -3.1034339e-04
   8.3642653e-02   3.4564076e-01   1.9683452e+00   7.4442325e-04   6.3520282e-04  -7.0799930e-04
   7.6752446e-02   3.3015527e-01   1.9576993e+00   2.2909598e-04   2.5167290e-04  -6.0352139e-04
   5.1702735e-02   3.2013129e-01   1.9726707e+00   3.5630852e-04   5.8910367e-05  -2.1547216e-04
   6.3009722e-02   3.5096667e-01   1.9773000e+00   5.4921960e-04  -1.5746799e-05  -4.3957555e-04
   6.3013530e-02   3.7727616e-01   1.9822938e+00   5.9584263e-04  -9.8394487e-05  -2.6399956e-04
   6.5213423e-02   4.0109467e-01   1.9851201e+00   5.7125694e-04  -9.8222055e-05  -7.0637914e-04
   7.0221099e-02   3.3658684e-01   1.9917509e+00   2.9083148e-04  -2.6044925e-04  -6.5887902e-04
   8.9672027e-02   3.3853465e-01   2.0144866e+00   5.3061550e-04  -7.5662717e-06  -9.8066354e-04
   6.7620724e-02   3.6146659e-01   2.0214370e+00   9.6548586e-04   1.4208610e-04  -6.2005645e-04
   7.0571403e-02   3.4611897e-01   2.0440171e+00   9.0096521e-04  -3.9351486e-04  -2.2931918e-04
   4.7423503e-02   3.4453007e-01   2.0255528e+00   6.7471814e-04  -1.2363862e-05   6.9983676e-05
   4.5729119e-02   2.8957806e-01   2.0345143e+00   4.5197667e-04  -6.4593687e-04  -1.3148911e-05
   6.8590122e-02   3.4942409e-01   2.0599247e+00   1.0163360e-03   4.2978754e-05  -3.8386930e-04
   9.6181061e-02   3.4836072e-01   2.0583860e+00   8.4394380e-04  -6.9561099e-05  -7.5113842e-04
   8.3586595e-02   3.5316083e-01   2.0548838e+00   6.1552353e-04   2.6994524e-04  -4.0475219e-04
   7.2213148e-02   3.5087527e-01   2.0610142e+00   1.1504094e-03  -2.7286221e-05  -3.6523673e-04
   6.6775538e-02   3.6981280e-01   2.0654945e+00   7.0891733e-04   4.5934671e-05  -1.5589013e-04
   7.5588356e-02   3.6039401e-01   2.0554071e+00   3.1914981e-04   1.3861752e-05  -4.3762035e-04
   8.6942285e-02   3.5295089e-01   2.0885892e+00   2.3470566e-04   3.0197465e-05  -8.7013657e-04
   7.9019045e-02   3.4746302e-01   2.0920153e+00   1.5688791e-04  -3.4456928e-04  -8.0838884e-04
   8.5000375e-02   3.5337413e-01   2.0956531e+00   6.2221012e-04  -1.9752955e-04  -1.1053553e-03
   6.3259657e-02   3.2508712e-01   2.1179165e+00   6.7667534e-04  -3.5583224e-04  -5.9367273e-04
   7.0623302e-02   3.5505964e-01   2.1018297e+00   1.1780607e-05  -6.6509373e-05  -4.9783437e-04
   8.5654096e-02   3.4417488e-01   2.1363359e+00   4.6470308e-04  -1.6131045e-04  -6.6993892e-04
   6.9456664e-02   3.5349489e-01   2.1211501e+00  -1.2399936e-04  -3.3198830e-04  -3.5658613e-04
   7.8607303e-02   3.5915878e-01   2.1369364e+00   4.4204976e-04  -2.2736406e-04  -7.3421741e-04
   8.1555187e-02   3.7535970e-01   2.1547846e+00   5.6202463e-04  -3.8016249e-05  -3.5687932e-04
   8.6391371e-02   3.5460882e-01   2.1889536e+00   8.1158485e-04  -1.8039133e-04  -8.1496180e-04
   3.5472967e-02   3.4314097e-01   2.0618769e+00   5.8791218e-04  -2.0135911e-03  -8.9622509e-05
   6.2863658e-03   3.0540746e-01   1.9442201e+00   7.2812376e-04   3.1403312e-04   8.1778749e-05
   2.6071387e-02   7.5425252e-02   1.1968346e+00  -6.5591581e-03  -1.3989450e-03   9.1447084e-04
   2.7120230e-01  -1.1398724e-02   1.5423924e+00   9.7467599e-03   1.2312149e-03  -2.6893018e-03
   1.7059674e-01   1.1475147e-01   1.8100985e+00   5.2168478e-03   5.2443686e-03  -5.7114874e-04
   1.3494470e-01   1.3571189e-01   1.8882411e+00   4.2553041e-03   4.7804255e-03  -6.0768617e-04
   1.4834541e-01   1.9015619e-01   1.9499809e+00   4.5166438e-03   4.8730414e-03  -4.5108869e-04
   1.4107153e-01   2.1704152e-01   1.9790890e+00   5.0616050e-03   4.6492119e-03  -7.4719718e-04
   1.3636085e-01   2.3341191e-01   1.9791468e+00   4.7457769e-03   4.3336476e-03  -5.9466957e-04
   1.3138779e-01   2.4849318e-01   2.0207998e+00   5.4643546e-03   5.2977399e-03  -8.6368127e-04
   1.4035752e-01   2.6407544e-01   2.0454195e+00   5.4557453e-03   4.7632410e-03  -8.9424554e-04
   1.3144876e-01   2.6815662e-01   2.0717719e+00   5.4493914e-03   5.1982932e-03  -5.9922717e-04
   1.2213915e-01   2.6507118e-01   2.1014148e+00   6.1026890e-03   5.3038744e-03  -3.8645398e-04
   1.1190227e-01   2.8291164e-01   2.1257129e+00   5.8793773e-03   5.2603532e-03  -3.2244718e-04
   1.1886066e-01   2.7482287e-01   2.1013533e+00   5.3984765e-03   5.0744587e-03  -4.2281655e-04
   1.0739020e-01   2.8303751e-01   2.1389589e+00   6.2054902e-03   5.1089459e-03  -3.3992326e-04
   1.1609630e-01   2.8279471e-01   2.1366048e+00   5.7433204e-03   4.7188498e-03  -4.1611521e-04
   1.2176882e-01   2.7340459e-01   2.1496422e+00   5.5008636e-03   4.8253987e-03  -6.8534754e-04
   1.2327443e-01   3.0383268e-01   2.1685413e+00   5.6362776e-03   4.6484364e-03  -7.5883808e-04
   1.3071180e-01   2.8172480e-01   2.1666343e+00   5.8773281e-03   4.5784727e-03  -6.5933769e-04
   1.0717251e-01   2.8161692e-01   2.1632359e+00   5.2371034e-03   4.2408361e-03  -4.6927075e-04
   1.1103009e-01   2.7196692e-01   2.1776447e+00   5.3726559e-03   4.6149224e-03  -9.8854291e-04
   1.2898050e-01   2.9491089e-01   2.1916857e+00   5.6280139e-03   4.8083640e-03  -1.2191021e-03
   1.3285103e-01   2.8575979e-01   2.2235365e+00   6.1234029e-03   4.6952714e-03  -1.2508928e-03
   8.8067906e-02   2.8529924e-01   2.1786720e+00   5.2792201e-03   4.6140510e-03  -1.1582198e-04
   8.8733924e-02   4.1131551e-02   9.9265629e-01   5.3195581e-03   1.5220287e-03   4.9928958e-03
   2.4384967e-01   1.2058718e-01   1.6705229e+00   9.0166924e-03   1.1060490e-03  -4.4308378e-04
   1.6510670e-01   7.3336088e-02   1.9765313e+00   7.0391447e-03   1.4493696e-03  -2.4769918e-03
   1.1931241e-01   2.2884642e-01   2.1393538e+00   5.7444216e-03   2.6685872e-03  -8.6791013e-04
   1.1257153e-01   2.7516978e-01   2.2200299e+00   5.7759460e-03   3.0760456e-03  -8.6240734e-04
   1.0892498e-01   3.0900089e-01   2.2617594e+00   6.2640183e-03   3.0421883e-03  -9.3971772e-04
   1.0640362e-01   3.0800042e-01   2.2785098e+00   6.1228795e-03   2.8649742e-03  -6.8898324e-04
   1.0814902e-01   2.9949337e-01   2.2882763e+00   6.2036774e-03   3.4244189e-03  -1.2954262e-03
   1.2722086e-01   3.1303434e-01   2.2902366e+00   6.0559105e-03   3.2141690e-03  -1.0520598e-03
   1.1456321e-01   3.0449847e-01   2.2934587e+00   6.0470123e-03   3.2209760e-03  -9.5901877e-04
   1.2088750e-01   3.1036939e-01   2.3013285e+00   5.8353198e-03   3.2232022e-03  -9.8432579e-04
   1.2733082e-01   3.0269935e-01   2.3278199e+00   6.0522152e-03   3.0140373e-03  -1.5104943e-03
   1.1668388e-01   3.1849056e-01   2.3502432e+00   6.5858854e-03   3.2813183e-03  -1.1127214e-03
   1.2636073e-01   3.1863341e-01   2.3415841e+00   6.0053687e-03   2.8477664e-03  -1.1469983e-03
   1.1138574e-01   3.0796424e-01   2.3264855e+00   5.6478098e-03   2.9005073e-03  -6.9664694e-04
   1.1397615e-01   3.1007362e-01   2.3532518e+00   5.8894517e-03   3.4148607e-03  -7.3190332e-04
   1.2518838e-01   3.1863523e-01   2.3721750e+00   6.0311024e-03   3.1039023e-03  -1.1826788e-03
   1.2836571e-01   3.3339752e-01   2.3699643e+00   5.8729766e-03   3.2729144e-03  -1.2363398e-03
   1.1462413e-01   3.4014277e-01   2.3883132e+00   5.7527782e-03   3.2869239e-03  -1.0150846e-03
   1.1517474e-01   3.0991551e-01   2.3943241e+00   5.6640867e-03   3.4386350e-03  -1.0905633e-03
   1.2685565e-01   3.5345481e-01   2.4004104e+00   5.7712433e-03   3.3250909e-03  -1.2209056e-03
   1.2264083e-01   3.2602196e-01   2.4002980e+00   5.8161216e-03   3.7271951e-03  -1.0502502e-03
   1.0762928e-01   3.2866244e-01   2.3909174e+00   5.4882922e-03   3.1028076e-03  -8.9611469e-04
   1.1126119e-01   3.2934115e-01   2.4157106e+00   6.1946843e-03   3.5723752e-03  -6.1738710e-04
   1.3109841e-01   3.3911860e-01   2.4146113e+00   6.2619902e-03   3.8793891e-03  -1.4213096e-03
   1.2089999e-01   3.2354673e-01   2.4117757e+00   5.5314777e-03   3.3529064e-03  -1.3851751e-03
   1.1833379e-01   3.2789712e-01   2.4552727e+00   6.4963595e-03   3.7356794e-03  -1.2094224e-03
   1.1957396e-01   3.3344024e-01   2.4397424e+00   5.9846326e-03   3.5500171e-03  -1.1707510e-03
   1.1280549e-01   3.3963029e-01   2.4577578e+00   6.4211092e-03   3.3607109e-03  -9.6220238e-04
   1.1665626e-01   3.3097064e-01   2.4369520e+00   5.8282886e-03   3.2731716e-03  -1.1079385e-03
   1.0167014e-01   3.2669810e-01   2.4725942e+00   6.3230385e-03   3.5929139e-03  -5.8252695e-04
   1.1633826e-01   3.4095188e-01   2.4500133e+00   6.0301450e-03   3.4060011e-03  -9.2795299e-04
   1.2308839e-01   3.6605266e-01   2.4735447e+00   6.3658952e-03   3.5508588e-03  -1.1617613e-03
   1.0735978e-01   3.4541924e-01   2.5015711e+00   6.7526120e-03   3.5406581e-03  -9.6859948e-04
   1.1741926e-01   3.5649707e-01   2.4891385e+00   6.3981303e-03   3.6109235e-03  -1.1577107e-03
   1.1297217e-01   3.5532383e-01   2.4911161e+00   6.1212039e-03   3.5031100e-03  -4.6177100e-04
   1.1332865e-01   3.4039509e-01   2.5158530e+00   6.4487690e-03   3.5988472e-03  -8.9482614e-04
   1.1990443e-01   3.4279773e-01   2.5142462e+00   6.3845955e-03   3.3846088e-03  -1.2275949e-03
   1.2922858e-01   2.3834017e-01   2.5337642e+00   7.0777710e-03   2.2747081e-03  -3.7554183e-03
   1.0815673e-01   3.4298680e-01   2.5122551e+00   6.2057913e-03   3.4438563e-03  -6.3297223e-04
   1.0499492e-01   3.6455621e-01   2.5346039e+00   6.1113396e-03   3.3492832e-03  -8.5080943e-04
   9.3540720e-02   2.7347905e-01   2.5200693e+00   5.8293804e-03   3.0609774e-03  -7.9912894e-04
   1.1675774e-01   3.6304077e-01   2.5344234e+00   6.0399306e-03   3.6115215e-03  -8.4733426e-04
   1.2507364e-01   3.5456730e-01   2.5467558e+00   6.3602878e-03   3.1499411e-03  -1.3431630e-03
   1.1076483e-01   3.6185240e-01   2.5537406e+00   6.2567916e-03   3.5844485e-03  -7.8231397e-04
   1.0850771e-01   3.4391724e-01   2.5529986e+00   6.1344147e-03   3.1522855e-03  -8.3787662e-04
   1.1021696e-01   3.3834690e-01   2.5695972e+00   6.2237586e-03   3.2433827e-03  -1.0054972e-03
   1.2727903e-01   3.6086181e-01   2.5844904e+00   6.5585208e-03   3.6167706e-03  -1.3420469e-03
   1.3359133e-01   3.6788403e-01   2.5855166e+00   6.7060855e-03   3.3630685e-03  -1.2159950e-03
   1.0212451e-01   3.5026562e-01   2.5818774e+00   6.2737533e-03   3.3331315e-03  -3.9318428e-04
   1.0556131e-01   3.6049909e-01   2.6122343e+00   6.3877251e-03   3.5058864e-03  -7.2448961e-04
   1.3687561e-01   2.4523535e-01   2.6161181e+00   6.6088009e-03   3.5510742e-03  -1.3828587e-03
   1.0552468e-01   3.7772540e-01   2.6203635e+00   6.5098059e-03   3.4774225e-03  -5.3513603e-04
   1.3451487e-01   3.6158934e-01   2.6100826e+00   6.3456600e-03   3.7212378e-03  -1.0800080e-03
   1.3183003e-01   3.7792552e-01   2.6191997e+00   6.2608026e-03   3.2426398e-03  -1.4100274e-03
   1.3338436e-01   3.5399225e-01   2.6427833e+00   6.4726428e-03   3.4242969e-03  -1.0038235e-03
   1.0963855e-01   3.5166145e-01   2.6320818e+00   6.1314085e-03   3.2681553e-03  -1.0603289e-03
   1.2868747e-01   3.6543843e-01   2.6472900e+00   6.5950535e-03   3.6902152e-03  -9.9772855e-04
   1.3513301e-01   3.6717889e-01   2.6605279e+00   6.7364974e-03   3.4088033e-03  -1.2636521e-03
   1.2037181e-01   3.6435889e-01   2.6403794e+00   6.2925173e-03   3.0984142e-03  -1.2092276e-03
  -4.6311910e-02   1.9288762e-01   1.9119401e+00   6.8205512e-03   5.3565592e-04   2.6873293e-03
   1.9737055e-01   1.1970078e-02   1.9243978e+00   2.7431152e-04  -1.8080890e-03   2.5125411e-03
   1.8729000e-01   3.8478261e-01   1.7776693e+00   2.2296915e-02   3.3087255e-03   5.4040754e-03
   2.5125119e-01   1.3006678e-01   2.1893885e+00   1.2132213e-02   6.3915908e-03  -3.1833779e-04
   1.5793037e-01   2.1536652e-01   2.3665284e+00   9.1645260e-03   5.4520298e-03   5.9995404e-04
   1.5988124e-01   2.6787662e-01   2.4349595e+00   9.1866954e-03   5.6686845e-03  -9.3534937e-05
   1.6308385e-01   2.9993422e-01   2.4731766e+00   9.3419823e-03   5.7770830e-03   4.8033458e-05
   1.5975848e-01   2.9610162e-01   2.4869824e+00   8.9713299e-03   5.7721412e-03  -1.3396177e-04
   1.4650095e-01   3.2694871e-01   2.4918126e+00   9.3195804e-03   5.8345840e-03   3.2062634e-04
   1.7583511e-01   3.4162636e-01   2.5305713e+00   9.6992226e-03   5.8434873e-03  -3.2113930e-04
   1.3855316e-01   3.5421775e-01   2.5333420e+00   9.6641575e-03   5.7283045e-03   8.4172429e-05
   1.4567102e-01   3.5682233e-01   2.5297269e+00   9.1690798e-03   5.5695354e-03   2.6727583e-04
   1.5538069e-01   3.4924992e-01   2.5756159e+00   9.9500381e-03   5.3408416e-03   2.7077768e-04
   1.6746537e-01   3.5860388e-01   2.5731310e+00   9.8392809e-03   5.8508720e-03  -3.2817561e-04
   1.6063012e-01   3.6224457e-01   2.5776944e+00   9.4724207e-03   5.3993886e-03  -1.3946748e-04
   1.5944168e-01   3.7961997e-01   2.5950485e+00   9.9259282e-03   5.4955791e-03  -8.8830432e-05
   1.5159557e-01   3.3465947e-01   2.5937393e+00   9.3388657e-03   5.7835427e-03  -2.0826043e-04
   1.5312405e-01   3.8397714e-01   2.6277867e+00   1.0029630e-02   5.5503413e-03   9.2533526e-05
   1.4688969e-01   3.6449911e-01   2.6156892e+00   9.7693599e-03   5.7881106e-03  -5.0117723e-05
   1.5231876e-01   3.5971827e-01   2.6212300e+00   9.5934994e-03   5.6168872e-03  -2.9060349e-05
   1.5255158e-01   3.6588800e-01   2.6349706e+00   9.4409901e-03   5.6097586e-03   5.3208397e-09
   1.5956974e-01   3.5837590e-01   2.6492060e+00   9.9121373e-03   6.0496211e-03  -7.3267142e-05
   1.3539564e-01   3.8961947e-01   2.6501647e+00   9.6245704e-03   5.6756798e-03   4.1860973e-05
   1.5816455e-01   3.7618336e-01   2.6698413e+00   9.9342125e-03   5.6042236e-03  -4.7139427e-04
   1.4094414e-01   3.6626040e-01   2.6519295e+00   9.1382344e-03   5.9530848e-03  -1.1182607e-04
   1.4296726e-01   3.7240653e-01   2.6885273e+00   9.7379724e-03   5.9184189e-03   1.3834707e-04
   1.5479336e-01   3.6708509e-01   2.6973012e+00   9.7769288e-03   5.7673022e-03  -3.6749098e-04
   1.5264228e-01   3.6498376e-01   2.6734368e+00   8.8931750e-03   5.9672618e-03  -1.0881747e-04
   1.4758548e-01   3.0733039e-01   2.7123705e+00   9.8697737e-03   5.1609628e-03  -1.3933815e-03
   1.4438632e-01   3.8117155e-01   2.7254811e+00   9.8617757e-03   5.9931387e-03  -4.2583616e-04
   1.4988956e-01   3.7872524e-01   2.7468171e+00   1.0100903e-02   6.0895452e-03  -3.5765260e-04
   1.4382351e-01   3.8280698e-01   2.7291466e+00   9.5204013e-03   5.3126177e-03  -2.4141533e-04
   1.6550603e-01   4.5707473e-01   2.6896053e+00   8.5410554e-03   5.6225476e-03  -8.8580978e-04
   1.4685806e-01   3.6970325e-01   2.7477360e+00   9.7252268e-03   6.0623838e-03   2.0930713e-04
   1.3363227e-01   3.7404372e-01   2.7720309e+00   1.0248611e-02   5.8403580e-03  -3.2156153e-04
   1.5134306e-01   3.8216824e-01   2.7458950e+00   9.1659870e-03   5.9491264e-03  -3.0016939e-04
   1.4914829e-01   3.7374821e-01   2.7384100e+00   9.0996298e-03   5.6729666e-03  -4.1414616e-05
   1.2945036e-01   3.9461737e-01   2.7639401e+00   9.4885928e-03   5.7519562e-03   3.2113713e-05
   1.2544986e-01   3.7659760e-01   2.7594624e+00   9.3683520e-03   5.4249549e-03   2.3592422e-04
   1.4817053e-01   4.0404322e-01   2.7608043e+00   8.8219264e-03   5.5127905e-03  -1.8141067e-04
   1.5398812e-01   4.0982877e-01   2.7590509e+00   9.4599411e-03   5.5213594e-03  -3.0301049e-04
   1.3920469e-01   4.0474443e-01   2.7634688e+00   8.9505992e-03   5.0574222e-03  -1.2840043e-04
   1.5297518e-01   4.1221869e-01   2.7817427e+00   9.6926036e-03   5.9414834e-03  -2.7311820e-04
   1.5283389e-01   3.9541493e-01   2.8228128e+00   1.0073691e-02   5.2876537e-03  -4.5297309e-04
   1.5384254e-01   5.3735308e-01   2.8071945e+00   9.5449246e-03   5.4496536e-03  -5.2877158e-04
   1.2179230e-01   3.8669339e-01   2.8047655e+00   9.4995167e-03   4.8731932e-03  -2.1401859e-04
   1.4850406e-01   2.2485088e-01   2.0984480e+00   1.3135349e-02   2.6917292e-03   9.9264471e-04
   2.6202533e-01   7.6780468e-02   2.1277756e+00   2.4397331e-02   1.7080208e-03   1.5608546e-03
   1.9725459e-01   2.9216936e-01   2.7601680e+00   1.0318076e-02   3.1639620e-03  -1.0063412e-03
   1.6957893e-01   2.5000123e-01   2.7473458e+00   6.6434487e-03   2.8527216e-03  -1.2050202e-03
   1.5001795e-01   2.8459382e-01   2.8411495e+00   7.3099472e-03   2.9635263e-03  -8.9916274e-04
   1.5552986e-01   3.4046258e-01   2.8850998e+00   7.3593164e-03   3.5688294e-03  -8.2045175e-04
   1.3356393e-01   3.4599642e-01   2.9079185e+00   7.5778736e-03   3.7391855e-03  -3.5535046e-04
   1.5285938e-01   3.3210979e-01   2.9492756e+00   8.1373693e-03   3.4416782e-03  -8.6756039e-04
   1.5233492e-01   3.6362493e-01   2.9484639e+00   7.6828548e-03   3.5052737e-03  -7.4397716e-04
   1.4042432e-01   3.5295213e-01   2.9554255e+00   7.9077907e-03   3.6716112e-03  -6.2435016e-04
   1.6175231e-01   3.7705996e-01   3.0018337e+00   8.6198951e-03   4.1839545e-03  -8.7922203e-04
   9.4839987e-02   1.3678507e-01   2.9561969e+00   6.6033394e-03   4.0967458e-03   5.4470138e-04
   1.4738864e-01   3.6526506e-01   3.0084820e+00   8.7233177e-03   4.1106547e-03  -5.0617968e-04
   1.2688675e-01   3.8251007e-01   2.9956515e+00   8.0082717e-03   3.8364643e-03   9.8160383e-05
   1.3733192e-01   3.6750391e-01   3.0166625e+00   8.2144657e-03   4.3171122e-03  -2.8772473e-04
   1.3245489e-01   3.5688495e-01   3.0514183e+00   9.1376822e-03   3.7517079e-03  -1.5406355e-04
   1.5231671e-01   3.6535229e-01   3.0248326e+00   8.1487482e-03   4.0874961e-03  -5.4248036e-04
   1.5235613e-01   3.8553650e-01   3.0396933e+00   8.1565813e-03   3.7068748e-03  -5.0708294e-04
   1.6017824e-01   3.9366964e-01   3.0521448e+00   8.2382062e-03   4.3022223e-03  -4.0992720e-04
   1.4811232e-01   3.7914145e-01   3.0560362e+00   8.1469428e-03   3.9259623e-03  -4.2078994e-04
   1.3480814e-01   3.6857644e-01   3.0477561e+00   7.8845918e-03   3.9185146e-03  -1.4207693e-04
   1.3256168e-01   3.9422594e-01   3.0708389e+00   8.2154751e-03   3.6304198e-03  -5.2603599e-05
   1.7598971e-01   3.6847411e-01   3.0646321e+00   7.9390656e-03   3.9132661e-03  -1.3575168e-03
   1.5071289e-01   4.0316698e-01   3.0897065e+00   8.5258502e-03   3.9869115e-03  -4.5628479e-04
   1.5840900e-01   3.8328032e-01   3.0933405e+00   8.4585242e-03   3.6958823e-03  -9.9894930e-04
   1.4182796e-01   3.8375557e-01   3.1016698e+00   8.3754789e-03   4.0404818e-03  -4.3277643e-04
   1.5608768e-01   3.9087024e-01   3.1119422e+00   8.6259482e-03   3.9572490e-03  -8.5451825e-04
   1.4520015e-01   3.9685403e-01   3.1177993e+00   8.3861042e-03   4.0247093e-03  -6.8192260e-04
   1.6166570e-01   3.9865534e-01   3.1023690e+00   7.8140997e-03   3.9041483e-03  -9.9963042e-04
   1.4134442e-01   3.9390944e-01   3.1174441e+00   8.2570789e-03   3.9018160e-03  -5.3137226e-04
   1.4524894e-01   3.9871451e-01   3.1022481e+00   7.9628783e-03   3.8195531e-03  -3.8156820e-04
   1.4757220e-01   4.1829067e-01   3.0866572e+00   7.6961718e-03   3.5842329e-03  -9.4694564e-04
   1.4735098e-01   3.8657069e-01   3.1051575e+00   7.5117707e-03   3.8314736e-03  -1.0477915e-03
   1.5435929e-01   4.0866457e-01   3.1775462e+00   8.6981477e-03   4.2390648e-03  -5.3598039e-04
   1.5593441e-01   3.9839654e-01   3.1581192e+00   8.2942663e-03   4.0710024e-03  -6.9100786e-04
   1.3171234e-01   4.2439693e-01   3.1466153e+00   7.8764105e-03   3.8139618e-03  -6.6712532e-04
   1.4061717e-01   4.1017800e-01   3.1691054e+00   7.8933273e-03   3.6263933e-03  -5.1076955e-04
   1.4359689e-01   4.1606087e-01   3.1744957e+00   8.0681078e-03   3.8525848e-03  -6.7841794e-04
   1.3108379e-01   4.1638767e-01   3.1851908e+00   8.4211392e-03   3.6886477e-03  -3.4611460e-04
   1.5412674e-01   4.2259044e-01   3.2023428e+00   8.6349865e-03   3.6005542e-03  -8.6452755e-04
   1.3576796e-01   4.1184062e-01   3.2121772e+00   8.3695318e-03   3.7114637e-03  -3.6726558e-04
   1.4314425e-01   3.9485866e-01   3.2094280e+00   8.2094999e-03   3.9795204e-03  -7.7856636e-04
   1.5451265e-01   4.0490436e-01   3.1830082e+00   7.2460029e-03   3.7980954e-03  -8.1167945e-04
   1.4040040e-01   4.2352280e-01   3.2092875e+00   8.3937993e-03   4.1318232e-03  -3.2842429e-04
   1.5424262e-01   4.2712790e-01   3.2044394e+00   8.0259578e-03   3.7317057e-03  -9.7969082e-04
   1.4175937e-01   4.1357567e-01   3.2025584e+00   7.7155777e-03   3.6600447e-03  -6.6651234e-04
   1.5906802e-01   4.2485312e-01   3.2376378e+00   8.3252408e-03   3.9006870e-03  -7.4292006e-04
   1.6202261e-01   4.2221911e-01   3.2314691e+00   7.6555823e-03   3.7064198e-03  -7.8301976e-04
   1.6139116e-01   4.3053082e-01   3.2570999e+00   8.4454771e-03   3.7373461e-03  -9.8189229e-04
   1.6382114e-01   4.2482959e-01   3.2571058e+00   8.0790293e-03   3.8732604e-03  -1.2811726e-03
   1.5743379e-01   4.2985627e-01   3.2471692e+00   7.9823376e-03   4.0344698e-03  -8.1515868e-04
   1.5879506e-01   4.3447917e-01   3.2653574e+00   7.9821682e-03   3.5919823e-03  -1.0469004e-03
   1.6197670e-01   4.2627567e-01   3.2848917e+00   8.0998144e-03   4.1180548e-03  -1.0138462e-03
   1.6266528e-01   4.3321323e-01   3.2846545e+00   7.9227442e-03   3.6145179e-03  -1.0054556e-03
   1.5617606e-01   4.4037651e-01   3.2923138e+00   8.2451215e-03   3.8908836e-03  -9.5208308e-04
   1.3994573e-01   4.2507609e-01   3.2900488e+00   7.9062499e-03   3.7515877e-03  -5.2835177e-04
   1.5688532e-01   4.2283416e-01   3.3170843e+00   8.3194769e-03   3.7269212e-03  -1.2459831e-03
   1.4502670e-01   4.1187620e-01   3.3041143e+00   7.9349130e-03   3.9049736e-03  -2.8961758e-04
   1.5200843e-01   4.3162940e-01   3.3373958e+00   8.6539721e-03   3.8959024e-03  -6.3671061e-04
   1.4141648e-01   4.2087012e-01   3.3296717e+00   8.4029907e-03   3.8482778e-03  -7.7615156e-04
   1.4669585e-01   4.2335018e-01   3.3155494e+00   7.9624483e-03   3.8134084e-03  -1.1667790e-03
   1.7158023e-01   4.3002745e-01   3.3672625e+00   9.1034740e-03   3.9149112e-03  -1.2902029e-03
   1.6624723e-01   4.2790851e-01   3.3448887e+00   8.0961191e-03   3.8152158e-03  -1.0724773e-03
   1.7755269e-01   4.3256908e-01   3.3680035e+00   8.8961858e-03   4.1763476e-03  -1.2045219e-03
   1.5895588e-01   4.3027890e-01   3.3599626e+00   8.2746906e-03   4.0048232e-03  -1.1709856e-03
   1.4971369e-01   4.3075834e-01   3.3573934e+00   8.1748522e-03   3.8266465e-03  -7.8458144e-04
   1.6163940e-01   4.3370408e-01   3.3612200e+00   8.1116495e-03   4.1373565e-03  -8.4892097e-04
   1.5245223e-01   4.3358964e-01   3.3795854e+00   8.4134411e-03   3.6478636e-03  -1.2087505e-03
   1.5864094e-01   4.3910729e-01   3.4064601e+00   8.7412191e-03   4.0352247e-03  -8.4256005e-04
   1.6184956e-01   4.2107004e-01   3.4103014e+00   8.7244707e-03   3.8778360e-03  -1.0874815e-03
   1.6489218e-01   4.5281519e-01   3.4130637e+00   8.7710744e-03   3.8432135e-03  -8.5122426e-04
   1.4456346e-01   4.4191471e-01   3.4057469e+00   8.4338525e-03   3.4796375e-03  -6.8743300e-04
   1.5851294e-01   4.4266356e-01   3.4147362e+00   8.2905055e-03   3.6678061e-03  -1.0172855e-03
   1.5366336e-01   4.4681308e-01   3.4170082e+00   8.8596665e-03   3.6713762e-03  -9.9247511e-04
   1.6296967e-01   4.3084150e-01   3.4217256e+00   8.2977081e-03   3.7581306e-03  -1.2303258e-03
   1.6846379e-01   4.4159768e-01   3.4321920e+00   8.4536529e-03   3.6611387e-03  -1.1877676e-03
   1.5644670e-01   4.2459091e-01   3.4369414e+00   8.3422274e-03   3.6114138e-03  -1.0340138e-03
   1.6930421e-01   4.5156385e-01   3.4504352e+00   8.4139447e-03   3.4250186e-03  -1.4992039e-03
   1.7063751e-01   4.6119716e-01   3.4495281e+00   8.3829407e-03   3.4471067e-03  -1.1805098e-03
   1.5792570e-01   4.5298706e-01   3.4550121e+00   8.5843526e-03   3.5241394e-03  -9.7170776e-04
   1.6145921e-01   4.3723229e-01   3.4912109e+00   8.6624104e-03   3.7496608e-03  -1.0685531e-03
   1.5142886e-01   4.4777330e-01   3.4834998e+00   8.9689164e-03   3.5416139e-03  -9.8073370e-04
   1.5485383e-01   4.2336324e-01   3.4766169e+00   8.2342789e-03   3.8262156e-03  -1.3302333e-03
   1.6394149e-01   4.4364184e-01   3.5208445e+00   9.0519828e-03   3.6992895e-03  -1.1226921e-03
   1.5899543e-01   4.5942576e-01   3.5064324e+00   8.6575466e-03   3.4218664e-03  -1.2058231e-03
   1.4341682e-01   4.6662665e-01   3.5000958e+00   8.7147496e-03   3.8703311e-03  -5.9789866e-04
   1.6944579e-01   4.4108182e-01   3.4923694e+00   8.2207261e-03   3.6705389e-03  -1.4333809e-03
   1.6524561e-01   4.4133478e-01   3.5063942e+00   8.4460884e-03   3.4613072e-03  -1.1849894e-03
   1.6344871e-01   4.4114699e-01   3.5288112e+00   8.8571062e-03   3.6750929e-03  -1.0154629e-03
   1.5575713e-01   4.5651836e-01   3.4933013e+00   8.0039390e-03   3.5652231e-03  -9.5568010e-04
   1.3104648e-01   3.7394852e-01   2.9243152e+00   4.5968372e-03   4.2333866e-04   5.8491602e-04
   1.6815436e-01   1.1462579e-01   2.7790139e+00   2.1987924e-02  -6.4812598e-04   1.6098040e-03
   1.6567805e-01   2.8841359e-01   3.0308674e+00   9.2067741e-03   5.1214672e-03   1.1318775e-03
   1.5114328e-01   2.6659900e-01   3.1555010e+00   7.2071569e-03   5.7431078e-03   7.7971831e-04
   1.3655605e-01   3.2599078e-01   3.3236125e+00   6.2928242e-03   4.9148676e-03   6.8913873e-05
   1.3825436e-01   3.7452743e-01   3.4219911e+00   6.1566080e-03   3.7238491e-03  -8.1082683e-04
   1.5415401e-01   4.2257296e-01   3.5088710e+00   7.4010463e-03   3.6067376e-03  -9.5228752e-04
   1.6360235e-01   4.5124210e-01   3.5186564e+00   7.3327260e-03   4.2876274e-03  -1.0360648e-03
   1.4242928e-01   4.5426891e-01   3.5438146e+00   7.9507782e-03   4.0548066e-03  -6.5164790e-04
   1.3933764e-01   4.5246140e-01   3.5482337e+00   7.9697531e-03   4.1734217e-03  -1.0181803e-03
   1.4020927e-01   4.7185630e-01   3.5721769e+00   8.0647426e-03   4.0079871e-03  -5.3166440e-04
   1.4351212e-01   4.5328474e-01   3.5932130e+00   7.9575848e-03   4.1977761e-03  -9.3751870e-04
   1.5544358e-01   4.7347116e-01   3.5714589e+00   7.5485997e-03   3.9390661e-03  -1.0406466e-03
   1.7342859e-01   4.5931816e-01   3.5721221e+00   7.4312717e-03   4.1156418e-03  -1.1038393e-03
   1.6271870e-01   4.7371261e-01   3.5960362e+00   7.8629802e-03   3.7260677e-03  -8.1694121e-04
   1.4832631e-01   4.6984924e-01   3.5964913e+00   7.9411710e-03   4.3078029e-03  -4.0871099e-04
   1.6160451e-01   4.4694642e-01   3.6128769e+00   7.3421194e-03   4.0823210e-03  -8.7409276e-04
   1.6165169e-01   4.5124714e-01   3.6112646e+00   7.3620563e-03   3.6510123e-03  -1.1246376e-03
   1.5682510e-01   4.7494012e-01   3.6271197e+00   7.5177762e-03   3.5654734e-03  -7.4593847e-04
   1.7116479e-01   4.4413992e-01   3.6205520e+00   7.3979067e-03   4.0756487e-03  -1.0134070e-03
   1.5159850e-01   4.8280829e-01   3.6371980e+00   7.6439615e-03   4.2215789e-03  -4.4352903e-04
   1.7317200e-01   4.6590292e-01   3.6498727e+00   7.6419717e-03   4.4901905e-03  -1.0380938e-03
   1.6871336e-01   4.5915340e-01   3.6562735e+00   7.9088912e-03   4.2057912e-03  -8.0884876e-04
   1.6101666e-01   4.7083507e-01   3.6578734e+00   8.0074359e-03   4.0669363e-03  -5.9751656e-04
   1.7001916e-01   4.7500475e-01   3.6663677e+00   7.8554863e-03   4.9305765e-03  -9.7628625e-04
   1.5751374e-01   4.7280811e-01   3.6668137e+00   7.8281814e-03   4.7112452e-03  -3.0272094e-04
   1.6586045e-01   4.7275721e-01   3.6712630e+00   7.6051718e-03   4.2670723e-03  -8.0243380e-04
   1.3948420e-01   4.7088428e-01   3.6742239e+00   7.7787148e-03   4.6019751e-03  -2.8961058e-04
   1.7580919e-01   4.7952660e-01   3.6682025e+00   7.3892261e-03   4.3991285e-03  -1.1357120e-03
   1.5505277e-01   4.7965427e-01   3.6816743e+00   7.4495608e-03   4.3433660e-03  -8.1915967e-04
   1.7956200e-01   4.7789677e-01   3.7016611e+00   7.9049855e-03   4.2934251e-03  -1.2382621e-03
   1.5909546e-01   4.8086227e-01   3.7162291e+00   7.7415637e-03   4.2097126e-03  -7.2577037e-04
   1.7178589e-01   4.9327478e-01   3.7140371e+00   8.0705561e-03   4.4479372e-03  -1.2292189e-03
   1.4045249e-01   4.8620520e-01   3.7178865e+00   7.9566413e-03   4.4972001e-03  -3.0005384e-04
   1.6604603e-01   4.5398454e-01   3.7213511e+00   7.7883440e-03   4.5248826e-03  -5.6893603e-04
   1.6150910e-01   4.7385201e-01   3.7010618e+00   7.3466814e-03   4.4378839e-03  -6.2373867e-04
   1.5186267e-01   5.1899099e-01   3.7089228e+00   7.1663590e-03   4.2199792e-03  -8.0231222e-04
   1.4242454e-01   4.9673606e-01   3.7147142e+00   7.4286110e-03   4.0530616e-03  -4.5457290e-04
   1.6756026e-01   4.9459890e-01   3.7316492e+00   7.5974203e-03   4.1706357e-03  -1.1461225e-03
   1.7542342e-01   4.6789441e-01   3.7395410e+00   7.3945423e-03   4.3591139e-03  -1.1604478e-03
   1.6402280e-01   4.8000832e-01   3.7548100e+00   7.6143732e-03   4.2120272e-03  -9.8005441e-04
   1.6972967e-01   5.0191940e-01   3.7645504e+00   7.7278621e-03   4.1597846e-03  -8.9265761e-04
   1.5743790e-01   5.0173424e-01   3.7705242e+00   7.9092428e-03   3.8533784e-03  -9.3948251e-04
   1.6941147e-01   4.9378894e-01   3.7740903e+00   7.6003690e-03   4.0761263e-03  -1.3550405e-03
   1.1300247e-01   4.6563809e-01   3.6821026e+00   6.1933808e-03   4.1365395e-03   7.3998890e-04
   2.8337586e-01   2.2211664e-01   2.1844259e+00   7.8428662e-03  -1.3102618e-03   3.4347320e-03
   1.0355987e-01   2.2804882e-01   3.2342112e+00   2.3937030e-02  -1.1196993e-03   1.7591954e-03
   1.1545563e-01   4.0319128e-01   3.6891835e+00   2.7174533e-03  -2.8746285e-04  -3.1327568e-04
   1.0255698e-01   3.9266583e-01   3.7542444e+00   7.3103567e-04  -2.4586147e-05  -5.3288903e-04
   9.4020942e-02   4.2098920e-01   3.8479360e+00   7.4020165e-04   7.8893345e-05  -2.7228647e-04
   1.2067191e-01   4.5266722e-01   3.8821779e+00   1.0315863e-03   8.5271972e-04  -4.4295766e-04
   1.0533790e-01   4.5328195e-01   3.8560266e+00   1.1922254e-04   3.4069803e-04  -2.4488498e-04
   1.0276871e-01   4.7097447e-01   3.8995706e+00   8.9305661e-04   5.8553798e-04   1.4972283e-05
   1.1193474e-01   4.9342413e-01   3.9119011e+00   1.1711750e-03   6.3942379e-04   2.4624427e-06
   1.2244165e-01   4.8262758e-01   3.9258947e+00   1.4825279e-03   9.8259537e-04   5.5519326e-05
   1.2672914e-01   4.6886404e-01   3.9236228e+00   1.1407397e-03   1.2779319e-03  -3.1095229e-04
   1.1989783e-01   4.7350043e-01   3.9041076e+00   8.7534120e-04   6.2110382e-04  -1.1776307e-04
   1.2704219e-01   5.0399036e-01   3.9398973e+00   1.1651462e-03   4.4275323e-04  -3.8340035e-04
   1.1909237e-01   5.1623875e-01   3.9747697e+00   1.9083300e-03   6.4537528e-04  -6.4863861e-04
