   0.0000000e+00   0.0000000e+00   0.0000000e+00   0.0000000e+00   0.0000000e+00   0.0000000e+00
  -2.0941502e-02   1.2136028e-02  -5.5060972e-02  -1.7388176e-03   6.6771334e-05   4.9200431e-04
  -3.7131797e-02  -1.9563326e-02  -3.0580614e-02  -8.7755142e-04  -5.5044832e-05   7.9307050e-04
  -3.3327715e-02  -3.0686095e-04  -3.4675423e-02  -7.7800315e-04  -1.2938198e-04   2.3433380e-04
  -2.4416411e-02   2.0413162e-02  -6.7807251e-02  -8.2151834e-04  -3.2414787e-05   5.5376030e-05
  -3.5236659e-02   1.0718014e-02  -6.5914669e-02  -1.2975497e-03  -3.9297088e-04   6.3541358e-04
  -3.1768748e-02  -1.7628965e-02  -5.8107016e-02  -8.6520001e-04  -5.0343036e-04   3.9042009e-04
  -2.8168027e-02  -2.1370525e-02  -7.7567171e-02  -7.3168955e-04  -2.6030162e-04   6.1614836e-04
  -2.5151107e-02  -7.2528859e-03  -9.0851847e-02  -1.0604568e-03  -6.2966633e-04   1.7815487e-04
  -4.6993096e-02   2.5851019e-03  -9.3937600e-02  -6.3591373e-04  -9.7754257e-04   5.9601578e-04
  -5.3291780e-02   6.5028668e-03  -7.0326126e-02  -1.3703453e-04  -5.3094354e-04   7.1011722e-04
  -5.1673123e-02   8.5122197e-05  -7.7265537e-02  -4.6177865e-04  -6.6748934e-04   5.0194185e-04
  -3.7053576e-02  -5.9576053e-03  -5.8039913e-02   4.6040855e-04  -2.7770823e-04   3.0838253e-04
  -4.8166680e-02  -1.9507619e-02  -7.6990908e-02  -1.4645457e-04  -7.1566488e-04   5.2125214e-04
  -4.1735400e-02  -1.1454282e-02  -6.0283492e-02   4.7020208e-04  -1.2141016e-04   5.8480948e-04
  -4.7746805e-02  -2.2335226e-02  -8.1269286e-02  -6.9820958e-05  -6.0935297e-04   6.8503323e-04
  -2.8717618e-02  -4.9313300e-03  -8.6371076e-02  -5.1395549e-05  -4.6774992e-04   5.0320277e-05
  -4.9684805e-02  -1.7405077e-02  -9.2516976e-02  -3.4344379e-04  -7.0579896e-04   8.8560194e-04
  -4.5933514e-02  -2.3059164e-02  -8.7494260e-02  -5.1306991e-06  -4.8123037e-04   2.5861045e-04
  -4.1689386e-02  -3.9959228e-03  -1.0326163e-01  -1.4427463e-04  -4.8166407e-04   4.2600079e-04
  -5.1807948e-02   4.4590523e-03  -1.1692604e-01  -8.7382547e-04  -1.8220654e-04   6.4344563e-04
  -4.5274406e-02   1.3711402e-02  -1.1345280e-01  -5.9474217e-04  -4.9203199e-04   1.7695147e-04
  -4.3594584e-02  -1.1338358e-02  -8.0255487e-02   5.5181192e-04  -4.7862530e-04   3.0692123e-04
  -4.7565785e-02  -7.5571717e-03  -9.0510439e-02   3.5742229e-04  -6.2966387e-04   4.4063057e-04
  -5.1060431e-02  -1.3601186e-02  -1.0601646e-01  -4.5855829e-04  -4.4340935e-04   4.1385837e-04
  -5.0524990e-02   8.7141196e-03  -1.1548760e-01  -4.7889831e-04  -7.9693081e-04   4.5942144e-05
  -6.7463908e-02  -1.5400811e-02  -1.0263783e-01  -8.6626910e-05  -1.1581151e-03   3.8790425e-04
  -5.1208792e-02  -1.3797007e-02  -1.0466102e-01   1.5590256e-04  -8.5700536e-04   1.4247333e-04
  -6.3241568e-02   1.3794054e-02  -1.1926470e-01   2.7961993e-05  -9.1091457e-04   7.6379647e-04
  -5.9312018e-02   1.0152489e-02  -1.2206607e-01  -1.3976520e-04  -1.1732152e-03  -7.9624809e-05
  -7.2210724e-02  -1.5966158e-02  -1.0361870e-01   1.6886844e-04  -7.1212479e-04   3.4655560e-04
  -5.9750623e-02  -3.6220995e-03  -1.0020272e-01   1.2089833e-04  -3.1491799e-04   4.0991361e-04
  -8.9649500e-02  -4.5607450e-03  -5.9833899e-02   1.3062555e-03  -7.7063729e-04   4.6163488e-04
  -7.6381833e-02  -7.4188581e-03  -9.7068822e-02   5.1791000e-04  -1.1409644e-03  -1.1390229e-04
  -6.8703958e-02   2.8645214e-02  -9.3512964e-02   7.9114083e-04  -1.1141574e-03  -4.0766290e-04
  -1.1853602e-01  -2.7853757e-02   1.4388627e-01   2.0713425e-03  -7.2723368e-04  -2.3140405e-04
  -8.2773638e-02  -4.2592248e-02   1.3270326e-01   1.0125459e-03   6.5510004e-04   6.2635969e-04
  -7.9455428e-02  -1.3477002e-02   5.2516210e-02  -5.8913298e-04   8.9561524e-04   3.3408422e-04
  -8.1603959e-02   5.4608917e-03   5.7577548e-02   3.6934089e-04   5.9836115e-04   8.2766633e-04
  -7.2607478e-02   1.0600314e-02   1.2071362e-01   1.5278199e-03   6.0511219e-04   4.3986576e-05
  -8.8416796e-02  -1.3002981e-02   8.3616408e-03  -4.9156373e-04  -1.9828108e-05   2.1439479e-04
  -9.4094412e-02  -8.0511405e-03   3.7723559e-02   6.5179287e-05  -2.1642423e-04   3.8887185e-04
  -1.0085625e-01  -2.7008770e-02   3.8562810e-02   1.4822465e-04   1.1856521e-04   3.2440517e-04
  -9.2046715e-02  -1.7567719e-02   4.0250326e-02  -2.5310726e-04  -2.4596060e-04   4.9634183e-04
  -8.7899308e-02  -1.7320057e-02   5.0326956e-02   1.1245137e-03  -9.1780013e-05   2.0737911e-04
  -1.0234894e-01  -1.3693531e-03  -3.6445019e-03  -7.9445218e-04  -6.1611342e-04   3.3472514e-04
  -9.8775014e-02   2.8216217e-02  -1.0382063e-03  -3.5163187e-04  -6.0783901e-04   4.5498950e-04
  -1.0600852e-01  -6.2378424e-03   2.4703103e-02   2.8787279e-04  -3.9090302e-04   3.1153400e-04
  -1.1937283e-01  -1.1354111e-02   5.0358364e-02   6.8126186e-04   2.1827064e-04   6.8205229e-04
  -1.0299229e-01  -1.9892359e-02   3.7298545e-02   5.6183093e-04  -4.5823200e-04   2.3778512e-04
  -8.9511605e-02  -5.9109521e-03   3.5422457e-02   6.1621316e-04   7.5180488e-04   2.1282452e-05
  -1.0162123e-01  -4.3766549e-03  -9.7325765e-02   6.8780144e-04   1.0340277e-03   2.0179998e-04
  -8.1245527e-02   5.4199444e-02  -1.9241033e-01   2.9686102e-04   1.7546261e-03  -3.1290256e-04
  -7.8105012e-02   7.5222884e-02  -1.9403000e-01   6.6347854e-04   1.7059520e-03  -2.0331224e-04
  -9.8363006e-02   4.5705492e-02  -4.5865854e-02   2.1882323e-03   7.7658985e-04  -2.4513211e-04
  -1.0185854e-01   3.0567448e-02   1.1418608e-02   1.8872895e-03  -2.0841061e-04  -3.8707958e-04
  -1.1225220e-01   3.4032419e-02   3.4589508e-03   1.5412444e-03  -2.8437246e-04  -4.0036883e-04
  -1.1123735e-01   5.5150284e-02  -1.4838136e-02   5.2853304e-04  -2.7080864e-04  -2.5845574e-04
  -1.2285411e-01   5.4830479e-02   4.6296871e-03   6.2709494e-04  -1.6876896e-04   5.2854647e-05
  -1.3802974e-01   4.4173774e-02   4.9643225e-02   1.3458954e-03  -3.0397122e-04   2.6706821e-04
  -1.3224724e-01   3.0729157e-02   7.8090367e-02   1.2427426e-03  -5.7746955e-04  -9.1994376e-05
  -1.3502955e-01   5.9742427e-03   9.0253633e-02   8.4744928e-04  -2.6486637e-04   2.0583776e-04
  -1.3383828e-01   5.9152454e-04   9.5176153e-02   9.6293980e-04   2.3991850e-04   2.4018869e-04
  -1.4468242e-01   1.5809299e-02   8.3085863e-02   6.0580979e-04  -5.1201089e-04   4.5426770e-04
  -2.0301661e-01   4.1473507e-02   2.3773689e-01  -5.7373077e-04  -7.0957627e-04   1.0506526e-03
  -3.8877248e-01  -1.0615967e-01   6.4055001e-02   1.0484796e-02  -1.0775743e-02   1.4407596e-03
  -2.5866450e-01  -6.7818570e-02   4.5188030e-01   8.4565694e-04  -4.1547289e-03   2.0498258e-03
  -2.2135395e-01   3.1643475e-02   4.0623775e-01  -5.8513712e-03  -1.4889749e-03   3.4745682e-03
  -1.6422181e-01   3.4276210e-02   3.8847415e-01  -4.5732085e-03  -1.8107673e-03   2.0423365e-03
  -1.7358899e-01   1.8164630e-02   4.5113072e-01  -3.3741816e-03  -1.9894727e-03   2.0512339e-03
  -1.5399685e-01   2.9092021e-02   4.3937466e-01  -3.4808483e-03  -1.8892602e-03   1.1435529e-03
  -1.6365844e-01   1.8968052e-02   3.7498960e-01  -4.9612977e-03  -1.7101877e-03   1.2518869e-03
  -1.6423409e-01   2.5893510e-02   3.7774306e-01  -4.3564384e-03  -2.3349561e-03   1.2393903e-03
  -1.6117648e-01   2.2291076e-02   4.0842487e-01  -4.1587290e-03  -2.5056672e-03   1.0829197e-03
  -1.7066377e-01   3.8178653e-02   4.0018694e-01  -3.5060249e-03  -2.4091432e-03   1.1711281e-03
  -1.6193307e-01   4.2700699e-02   3.8350798e-01  -4.5794480e-03  -2.3943425e-03   9.4172201e-04
  -1.6106616e-01   2.3424197e-02   3.9700114e-01  -3.9790917e-03  -2.3840036e-03   1.1205133e-03
  -1.4803466e-01   5.5497471e-02   4.0476055e-01  -4.0033549e-03  -2.6730144e-03   8.1987844e-04
  -1.6188331e-01   2.8913475e-02   4.0862645e-01  -3.8639017e-03  -2.3224397e-03   1.3113763e-03
  -1.5190688e-01   3.2584548e-02   4.3374928e-01  -4.0174850e-03  -2.3942211e-03   8.3961244e-04
  -1.5863174e-01   4.7239227e-02   4.3910473e-01  -3.6178112e-03  -3.1887448e-03   8.9134098e-04
  -1.5273108e-01  -6.6944600e-03   4.5098408e-01  -3.5791592e-03  -3.3243561e-03   8.6671762e-04
  -1.6325658e-01   2.2673885e-02   4.8633290e-01  -2.9921580e-03  -2.5630865e-03   9.6632022e-04
  -1.5641085e-01   3.7299929e-02   4.5975348e-01  -4.2287375e-03  -3.1951450e-03   3.7256711e-04
  -1.6214205e-01   6.8748757e-02   5.0166212e-01  -3.3061727e-03  -2.2202467e-03   1.0930873e-03
  -1.7055652e-01   3.9229222e-02   4.7917984e-01  -4.2651754e-03  -2.9512548e-03   1.0225017e-03
  -1.7098255e-01   3.0549650e-02   4.9017552e-01  -2.9786466e-03  -2.7411001e-03   9.3336331e-04
  -1.7247964e-01   4.9944591e-02   4.9679079e-01  -3.2440787e-03  -3.2831599e-03   8.0760347e-04
  -1.6162937e-01   7.3103177e-02   4.7407771e-01  -3.6534498e-03  -3.1858872e-03   4.2370401e-04
  -1.9258278e-01   3.1903984e-02   5.1660901e-01  -2.6272901e-03  -2.8838719e-03   1.1657591e-03
  -1.6660617e-01   5.9693856e-02   4.9214937e-01  -3.6842433e-03  -2.6555949e-03   8.1702953e-04
  -1.7831574e-01   4.3786089e-02   5.0575093e-01  -3.3673546e-03  -2.6786950e-03   1.0202227e-03
  -1.7948547e-01   5.4296415e-02   5.4043166e-01  -3.2866965e-03  -2.9446709e-03   1.1158820e-03
  -1.7984894e-01   4.7163494e-02   5.6289133e-01  -2.4051183e-03  -2.7287012e-03   7.6652997e-04
  -1.7764981e-01   6.9216151e-02   5.2702122e-01  -2.8524619e-03  -2.9831851e-03   6.5716090e-04
  -1.8386779e-01   2.8705296e-02   5.5433951e-01  -2.9655493e-03  -3.0826224e-03   9.5059541e-04
  -1.8731830e-01   5.5169975e-02   5.6459242e-01  -2.6928165e-03  -2.6044051e-03   1.1839084e-03
  -1.6531235e-01   2.0279960e-02   5.7641839e-01  -2.5650130e-03  -2.5876600e-03   4.3431438e-04
  -1.6853446e-01   7.1471324e-02   5.8872098e-01  -2.7645985e-03  -3.0574376e-03   5.1942606e-04
  -1.8695154e-01   5.3895730e-02   6.0312101e-01  -2.2741469e-03  -2.9300076e-03   9.4267005e-04
  -1.9691476e-01   5.0903257e-02   5.8330785e-01  -3.0887553e-03  -2.8883332e-03   1.2503666e-03
  -1.8759106e-01   4.7231039e-02   6.1083272e-01  -2.8934261e-03  -2.6484912e-03   6.5661142e-04
  -1.8242456e-01   4.5166426e-02   6.1343891e-01  -3.0601962e-03  -2.7505711e-03   7.3452826e-04
  -1.9239998e-01   6.3560784e-02   6.2929357e-01  -2.4792040e-03  -2.7689466e-03   1.1206595e-03
  -1.8783751e-01   6.4572120e-02   5.8992460e-01  -3.5940018e-03  -2.9105053e-03   7.0618207e-04
  -1.8320490e-01   5.5910331e-02   6.2916270e-01  -2.3325619e-03  -2.8253412e-03   6.9332280e-04
  -1.7929367e-01   4.8559728e-02   6.4268655e-01  -2.3838790e-03  -2.8637519e-03   1.2659860e-04
  -1.9546807e-01   5.9569219e-02   6.1063318e-01  -3.0821011e-03  -3.0811020e-03   9.3306305e-04
  -1.8445218e-01   7.3974712e-02   6.5103430e-01  -2.4592730e-03  -3.0215932e-03   5.8758594e-04
  -1.8645758e-01   6.5572576e-02   6.3392674e-01  -2.9462023e-03  -3.3332270e-03   7.1771193e-04
  -1.8760466e-01   4.2611365e-02   6.4280188e-01  -2.8398232e-03  -3.4908041e-03   6.7571873e-04
  -1.8857467e-01   4.2559631e-02   7.3070702e-01  -3.3181268e-03  -2.3917444e-03   4.5694387e-04
  -1.6680198e-01   5.3208252e-02   7.2323746e-01  -3.2563296e-03  -2.1361667e-03  -4.8462746e-05
  -1.8540209e-01   4.5560048e-02   7.1572340e-01  -3.3884467e-03  -2.2360249e-03   6.0430030e-04
  -1.8438439e-01   8.7780930e-02   7.1099109e-01  -3.5993147e-03  -2.9609134e-03   5.6602770e-04
  -1.8053875e-01   9.3058573e-02   7.2023878e-01  -3.0975059e-03  -3.0687172e-03   3.8015666e-04
  -1.7208146e-01   6.5331095e-02   6.8720602e-01  -3.4482418e-03  -2.5015632e-03   1.9717791e-04
  -1.9872493e-01   3.9355762e-02   7.2708320e-01  -3.5120677e-03  -2.9848300e-03   7.2152257e-04
  -1.9675052e-01   3.9629661e-02   7.6881971e-01  -2.7858547e-03  -2.5474853e-03   9.1075302e-04
  -1.8723157e-01   3.8578032e-02   7.8321398e-01  -2.3375776e-03  -2.6821809e-03   6.3970398e-04
  -1.9566837e-01   6.0803507e-02   7.5269355e-01  -2.5848164e-03  -2.9073166e-03   3.8150353e-04
  -2.0494409e-01   3.7516009e-02   7.6695018e-01  -2.7783962e-03  -2.5964433e-03   4.9483787e-04
  -1.8808742e-01   3.5214195e-02   7.5586863e-01  -3.5498069e-03  -2.9643280e-03   3.5004002e-04
  -1.8140151e-01   4.3132327e-02   7.6507657e-01  -3.3036050e-03  -2.9496399e-03   2.3368196e-04
  -1.9968845e-01   3.7517525e-02   7.6492212e-01  -3.0688335e-03  -3.1895417e-03   5.4616613e-04
  -1.8235515e-01   7.7319983e-02   7.6255226e-01  -3.7459247e-03  -3.1472579e-03   3.6000131e-04
  -1.9500607e-01   6.6515525e-02   7.5769382e-01  -3.9548845e-03  -3.3220014e-03   5.2636579e-04
  -1.8981329e-01   6.3034440e-02   7.9773217e-01  -3.1331501e-03  -3.0228198e-03   4.1815610e-04
  -2.0234486e-01   3.5450562e-02   9.2004872e-01  -1.6211334e-03  -1.5978297e-03   7.8367972e-04
  -2.0641777e-01   4.7261063e-02   8.4341719e-01  -3.5921330e-03  -1.7088805e-03   9.4789991e-04
  -1.7700864e-01   4.7929032e-02   9.0204536e-01  -1.7956663e-03  -1.4443067e-03   3.0401829e-04
  -2.0471035e-01   4.5190359e-02   8.6444596e-01  -2.9412199e-03  -1.9225642e-03   5.9765658e-04
  -2.1534463e-01   6.3397792e-02   8.8958819e-01  -2.5017220e-03  -2.0191227e-03   8.8667633e-04
  -1.9570742e-01   5.9063759e-02   8.9633091e-01  -2.7256671e-03  -2.2347145e-03   3.3259376e-04
  -2.0525679e-01   4.8545451e-02   8.9621619e-01  -2.3513287e-03  -2.3488529e-03   7.1939382e-04
  -1.9009929e-01   4.7389381e-02   9.0307271e-01  -2.3222038e-03  -1.6028100e-03   3.2680685e-04
  -2.0167536e-01   5.1490591e-02   8.9175581e-01  -2.9731803e-03  -1.8972691e-03   4.3927046e-04
  -2.0541106e-01   5.3100686e-02   9.1887994e-01  -2.0945180e-03  -2.5572130e-03   7.6863165e-04
  -1.9014499e-01   5.1477695e-02   9.0733400e-01  -3.0230477e-03  -2.1539270e-03   4.7320823e-04
  -2.2874358e-01   3.2436384e-02   9.4266355e-01  -3.8790495e-03  -2.2105052e-03   1.1523412e-03
  -2.0606186e-01   5.1753579e-02   9.5124675e-01  -3.2766346e-03  -1.4786601e-03   7.5199120e-04
  -1.9739689e-01   5.2535389e-02   9.4013780e-01  -3.9335419e-03  -1.8389843e-03   6.7983997e-04
  -1.9760771e-01   7.1182076e-02   9.5196901e-01  -2.9038220e-03  -1.9438502e-03   4.7678806e-04
  -2.0000833e-01   1.0423293e-01   9.3527300e-01  -3.1609357e-03  -2.5486768e-03   4.2187437e-04
  -2.0140769e-01   8.5440239e-02   9.4697186e-01  -3.0299760e-03  -2.3211663e-03   5.1983100e-04
  -1.9947638e-01   8.2082342e-02   9.4630777e-01  -3.1028390e-03  -2.1212896e-03   6.9962684e-04
  -1.9279644e-01   1.0229500e-01   9.7454889e-01  -2.7844745e-03  -1.9278691e-03   8.2427224e-04
  -2.0892684e-01   4.8954683e-02   9.7518569e-01  -2.8415707e-03  -2.5563067e-03   4.7263811e-04
  -2.2448424e-01   6.7571704e-02   9.8368464e-01  -3.2115004e-03  -2.3982601e-03   9.3079270e-04
  -2.2452276e-01   7.5498927e-02   9.4892604e-01  -4.0577017e-03  -2.5747217e-03   9.1797352e-04
  -2.1216965e-01   6.4923875e-02   9.7635488e-01  -2.8502396e-03  -2.4795926e-03   5.1684854e-04
  -2.1335256e-01   4.4886881e-02   1.0151472e+00  -2.6372315e-03  -2.5144972e-03   5.1557393e-04
  -2.2092594e-01   5.8633462e-02   1.0092052e+00  -2.8854784e-03  -2.3578885e-03   8.7241509e-04
  -2.0430661e-01   3.3343066e-02   1.0672560e+00  -2.5681140e-03  -2.0568680e-03   5.3917377e-04
  -2.1702308e-01   5.0781947e-02   1.0227819e+00  -4.5355831e-03  -1.6724541e-03   7.7149343e-04
  -2.2514954e-01   4.2726730e-02   1.0555808e+00  -3.5901860e-03  -2.2441965e-03   4.6195447e-04
  -1.9968371e-01   4.7798687e-02   1.0735882e+00  -3.8080541e-03  -1.5962662e-03   4.7926083e-04
  -2.2495340e-01   7.4930874e-02   1.0771659e+00  -3.6556231e-03  -1.8363922e-03   8.2186611e-04
  -2.1735124e-01   7.3568906e-02   1.0848321e+00  -2.9818116e-03  -1.8030967e-03   6.7658777e-04
  -2.3152698e-01   3.7767332e-02   1.0994559e+00  -3.4457771e-03  -2.4774417e-03   7.8231615e-04
  -2.0671307e-01   6.9582728e-02   1.0777841e+00  -3.4923199e-03  -1.7724089e-03   3.7194080e-04
  -2.2908576e-01   6.6656562e-02   1.1386010e+00  -2.0692725e-03  -1.8525277e-03   9.2782711e-04
  -2.2011326e-01   3.7160380e-02   1.0946864e+00  -3.7125491e-03  -1.6145392e-03   4.9007541e-04
  -2.2735893e-01   6.8737289e-02   1.1308809e+00  -2.5802997e-03  -1.8188003e-03   6.6714412e-04
  -2.1986829e-01   1.0128642e-01   1.0831664e+00  -3.9537927e-03  -1.8838409e-03   8.3444314e-04
  -2.1115077e-01   9.2301090e-02   1.0898569e+00  -3.8723023e-03  -2.0678874e-03   3.9446457e-04
  -2.3172651e-01   7.6569311e-02   1.0956881e+00  -4.2809393e-03  -2.3459220e-03   5.9621310e-04
  -2.2524289e-01   6.3032223e-02   1.1161458e+00  -3.1678515e-03  -2.0793798e-03   8.1062469e-04
  -2.1545676e-01   7.6008879e-02   1.1281856e+00  -3.7002732e-03  -2.5377105e-03   3.9989001e-04
  -2.1878664e-01   6.8598274e-02   1.1079829e+00  -4.3172701e-03  -2.0030393e-03   7.9627242e-04
  -2.1736163e-01   5.6429174e-02   1.1398343e+00  -3.3601734e-03  -2.4646922e-03   4.1159389e-04
  -2.9672595e-01   4.7509480e-02   1.3987629e+00  -7.6596329e-04  -4.0271148e-03   1.1067663e-03
  -2.1053304e-01   2.4398422e-02   1.2741093e+00  -4.3871996e-03   5.5479113e-04   1.4530653e-03
  -2.2944334e-01   3.8006463e-02   1.2524614e+00  -4.6197043e-03  -6.7103774e-04   1.7280450e-03
  -2.1627746e-01   5.7234238e-02   1.2651381e+00  -4.0381274e-03  -9.7152088e-04   1.2093993e-03
  -2.3702261e-01   5.1506929e-02   1.3028379e+00  -3.8788616e-03  -6.2117630e-04   1.3933344e-03
  -2.2048398e-01   5.3480472e-02   1.2799377e+00  -4.2934952e-03  -7.8029640e-04   8.9457668e-04
  -2.3488282e-01   7.7206447e-02   1.2986647e+00  -4.3580878e-03  -1.0434722e-03   1.3149128e-03
  -2.3660841e-01   2.5751253e-02   1.2871229e+00  -4.4287156e-03  -1.1683570e-03   1.0382324e-03
  -2.3420483e-01   5.0063550e-02   1.3264378e+00  -3.6312413e-03  -1.1176848e-03   1.3382835e-03
  -2.3667242e-01   5.1766695e-02   1.3272755e+00  -4.2162467e-03  -1.0418851e-03   1.2320707e-03
  -2.0822847e-01   8.1273024e-02   1.2774707e+00  -2.5892786e-03  -1.3538719e-03   1.2215393e-03
  -2.3306250e-01   6.5473604e-02   1.3115697e+00  -3.3383451e-03  -1.3911473e-03   1.5865247e-03
  -2.2400627e-01   7.8644729e-02   1.3506032e+00  -2.3602876e-03  -1.6333486e-03   1.2155791e-03
  -2.2472650e-01   1.0300991e-01   1.3085339e+00  -3.5559470e-03  -1.1600464e-03   1.0412915e-03
  -2.3462624e-01   4.9642059e-02   1.3216864e+00  -3.3906951e-03  -1.3992794e-03   1.2538613e-03
  -2.4458902e-01   8.8381660e-02   1.3444148e+00  -3.3059340e-03  -1.9052508e-03   1.3931059e-03
  -2.2613367e-01   8.1039588e-02   1.3332155e+00  -4.7226207e-03  -6.0570569e-04   1.4947828e-03
  -2.2945098e-01   6.0144736e-02   1.3582995e+00  -3.9260244e-03  -1.4413159e-03   1.3427137e-03
  -2.1930259e-01   7.1736933e-02   1.3671705e+00  -3.3664037e-03  -1.2753068e-03   9.8539940e-04
  -2.1607879e-01   9.4514242e-02   1.4263665e+00  -2.4028055e-03  -1.3317208e-03   1.0134204e-03
  -2.2621423e-01   6.3748236e-02   1.4435317e+00  -2.7121327e-03  -1.2167050e-03   1.4256611e-03
  -2.4947536e-01   5.6656387e-02   1.4216337e+00  -3.2765479e-03  -1.3911804e-03   1.4556075e-03
  -2.0654453e-01   7.5115768e-02   1.4274035e+00  -3.0710939e-03  -1.3564265e-03   6.5804021e-04
  -2.3251559e-01   6.2991140e-02   1.4087819e+00  -3.7499023e-03  -1.9911950e-03   1.3678733e-03
  -2.2434951e-01   9.9071742e-02   1.3651747e+00  -4.6415479e-03  -2.0439857e-03   1.1180939e-03
  -2.4965344e-01   9.4509530e-02   1.4181011e+00  -3.2808440e-03  -2.5386480e-03   1.5588625e-03
  -2.3946553e-01   5.5806592e-02   1.4279663e+00  -2.9217142e-03  -1.8367355e-03   1.3796394e-03
  -2.4874660e-01   4.8845670e-02   1.4638759e+00  -2.8898213e-03  -1.9286878e-03   1.3387532e-03
  -2.3574803e-01   5.6539176e-02   1.4669686e+00  -2.9526665e-03  -2.0606796e-03   1.3021926e-03
  -2.2361131e-01   4.7502559e-02   1.4679033e+00  -3.2574911e-03  -2.1418971e-03   1.0778508e-03
  -2.2573902e-01   6.3317008e-02   1.4766059e+00  -3.1194431e-03  -2.2234567e-03   8.3695427e-04
  -2.2780936e-01   7.6212088e-02   1.4825694e+00  -3.1563906e-03  -1.9651949e-03   1.1543279e-03
  -2.0416163e-01   8.0532266e-02   1.6134696e+00  -1.7831641e-03  -4.9258951e-04   5.4851190e-04
  -2.0285268e-01   8.6147813e-02   1.5173441e+00  -3.8464526e-03  -6.3789441e-04   6.0585532e-04
  -2.2041304e-01   9.5042237e-02   1.5371183e+00  -3.1597294e-03  -5.4830610e-04   1.0163055e-03
  -1.9199413e-01   6.2689193e-02   1.5397586e+00  -3.2141183e-03  -2.4531374e-04   2.9468003e-04
  -2.0207559e-01   9.6563424e-02   1.5306263e+00  -3.6243735e-03  -9.1351635e-04   2.0397466e-04
  -2.3096583e-01   9.9028792e-02   1.6317259e+00  -3.6499468e-03  -6.2853694e-04   4.2119723e-04
  -2.0162912e-01   1.1271401e-01   1.5901801e+00  -3.4699911e-03  -2.2858447e-03  -3.6348673e-04
  -2.0405442e-01   4.6563436e-02   1.5740586e+00  -3.3734024e-03  -2.4006450e-03   1.6917577e-04
  -1.8079225e-01   1.3569679e-01   1.5327714e+00  -1.5127164e-03  -6.4440288e-04  -2.7881255e-04
  -1.9852479e-01   1.0620907e-01   1.5926020e+00  -3.5615937e-03  -1.5762194e-03   1.3859548e-04
  -2.3363201e-01   9.9926577e-02   1.6322960e+00  -2.5752776e-03  -2.0049114e-03   3.3524029e-04
  -2.1462232e-01   1.1834914e-01   1.6094279e+00  -2.7341671e-03  -2.2886430e-03   4.4606820e-04
  -2.1873383e-01   9.6370193e-02   1.5743353e+00  -3.8073825e-03  -2.3718510e-03  -2.7153865e-05
  -2.1026879e-01   7.8222339e-02   1.6272677e+00  -2.3527720e-03  -2.6982639e-03   2.1755790e-05
  -2.0422737e-01   1.1044631e-01   1.5871746e+00  -3.9293174e-03  -2.6701397e-03   2.3304931e-05
  -2.2218290e-01   1.0104417e-01   1.6067738e+00  -3.9997273e-03  -2.5367308e-03   4.6187220e-04
  -2.1734868e-01   8.5763900e-02   1.6197917e+00  -3.3266562e-03  -2.0978618e-03   1.1965669e-04
  -2.1141781e-01   7.0434799e-02   1.6575933e+00  -2.6432280e-03  -2.0227891e-03   1.1385731e-04
  -1.9323285e-01   9.4489000e-02   1.6491887e+00  -3.2796005e-03  -1.7043731e-03   1.9838767e-04
  -2.1183686e-01   1.2058667e-01   1.6250890e+00  -3.7531426e-03  -1.8518181e-03   2.3012963e-04
  -2.1161159e-01   1.0383267e-01   1.6655528e+00  -3.1951917e-03  -2.5623203e-03   3.8638893e-04
  -2.2196044e-01   8.4768038e-02   1.6724967e+00  -3.0000731e-03  -2.3794908e-03   4.8201839e-04
  -2.0250183e-01   9.8001194e-02   1.6754353e+00  -2.4450483e-03  -2.3417686e-03   2.8319915e-04
  -2.1514025e-01   8.3289823e-02   1.6780350e+00  -2.6791384e-03  -2.7039334e-03   1.8387143e-04
  -2.1503191e-01   1.0841398e-01   1.6874326e+00  -2.7743835e-03  -2.2779444e-03   5.3679580e-04
  -2.2485521e-01   9.6946383e-02   1.7620811e+00  -2.3001342e-03  -2.1850440e-03   7.4105789e-04
  -1.7826903e-01   7.5963558e-02   1.7197444e+00  -4.8360006e-03  -3.0295615e-04   1.1050233e-04
  -2.0015959e-01   7.9845730e-02   1.7072415e+00  -3.8403689e-03  -1.3741496e-03   6.1809987e-04
  -1.9660192e-01   1.0652870e-01   1.7210296e+00  -2.6332225e-03  -1.2796031e-03   5.0013496e-04
  -1.9515468e-01   9.1738175e-02   1.7112220e+00  -3.5567992e-03  -1.7074980e-03  -6.6850328e-05
  -1.8328956e-01   1.5484566e-01   1.7171892e+00  -3.6409368e-03  -2.0014168e-03  -9.0811557e-05
  -2.1062056e-01   1.5148983e-01   1.7252622e+00  -2.7529360e-03  -2.3247368e-03   3.1236072e-04
  -2.0686783e-01   1.1368771e-01   1.7459131e+00  -2.7104156e-03  -1.8741102e-03   3.2369288e-04
  -1.8405962e-01   1.1754091e-01   1.7559823e+00  -2.9008438e-03  -2.1921741e-03   1.5470188e-05
  -1.9075309e-01   1.0607183e-01   1.8364305e+00  -1.4418343e-03  -1.0882016e-03   7.4768014e-04
  -2.1081195e-01   9.1554299e-02   1.7986423e+00  -2.9975206e-03  -1.7756634e-03   1.4918789e-04
  -2.0997431e-01   9.4691407e-02   1.8278517e+00  -1.8195249e-03  -2.1529306e-03   3.6870039e-04
  -2.0851277e-01   9.0580594e-02   1.8180500e+00  -2.2188461e-03  -1.2733351e-03   7.8352973e-04
  -2.0626924e-01   1.0516101e-01   1.8052876e+00  -2.4957393e-03  -1.7467653e-03   3.1445403e-04
  -2.2975611e-01   1.2543663e-01   1.8083539e+00  -2.8531020e-03  -2.4768611e-03   8.4637360e-04
  -2.0555817e-01   9.9228671e-02   1.8081802e+00  -2.6172398e-03  -1.8674872e-03   2.9013387e-04
  -1.9703865e-01   1.0295846e-01   1.8191275e+00  -3.0291698e-03  -1.8133922e-03   2.3209713e-04
  -2.0263725e-01   1.1754535e-01   1.8552051e+00  -2.5596587e-03  -2.3696772e-03   1.7573126e-04
  -2.0994706e-01   8.1192983e-02   1.9346582e+00  -3.3633049e-03  -8.3463213e-04   1.1926809e-03
  -2.0958943e-01   8.3158388e-02   1.9231365e+00  -4.3238292e-03  -1.0936064e-03   4.9717606e-04
  -2.2144881e-01   8.7796453e-02   1.9596136e+00  -2.8843333e-03  -1.0789754e-03   5.3257416e-04
  -2.1732360e-01   1.2089613e-01   1.9164489e+00  -3.2384800e-03  -1.0930637e-03   8.0986512e-04
  -2.0481625e-01   9.8309830e-02   1.9104323e+00  -2.9386920e-03  -1.1525925e-03   5.8921301e-04
  -1.9729792e-01   1.1157550e-01   1.9286033e+00  -3.1558861e-03  -2.1094356e-03  -3.3814003e-05
  -2.3272093e-01   1.3999182e-01   2.0248724e+00  -1.0398686e-03  -1.9051017e-03   7.2722775e-04
  -2.0658375e-01   9.9138275e-02   2.0245919e+00  -5.3988516e-03  -2.4292526e-03   2.9279576e-04
  -1.9070355e-01   9.1835980e-02   2.0232651e+00  -4.5442691e-03  -1.7163610e-03   7.1310128e-04
  -2.1205472e-01   8.5843088e-02   2.0169032e+00  -4.9102197e-03  -1.5164242e-03   3.0928725e-04
  -2.2324876e-01   1.0801707e-01   2.0717064e+00  -3.9501552e-03  -1.9191266e-03   4.3631133e-04
  -2.0736436e-01   1.0880477e-01   2.0556612e+00  -4.2331496e-03  -1.9578978e-03   1.1065918e-04
  -1.9522812e-01   1.2046786e-01   2.0593790e+00  -4.1689818e-03  -2.3439637e-03   1.4788251e-04
  -2.1823431e-01   1.3934595e-01   2.0348099e+00  -4.5342379e-03  -2.6562360e-03   4.0988024e-04
  -2.0283229e-01   1.4005843e-01   2.1018966e+00  -3.6644165e-03  -2.3863178e-03   1.0067600e-03
  -2.1512109e-01   8.0670798e-02   2.0460651e+00  -5.4671562e-03  -2.4779055e-03   8.3694994e-04
  -2.3987915e-01   1.1222554e-01   2.0798631e+00  -4.9017390e-03  -3.0249261e-03   1.2536273e-03
  -2.2201565e-01   1.1272154e-01   2.0645838e+00  -4.9519702e-03  -2.9038881e-03   8.0914633e-04
  -2.2119027e-01   1.1918550e-01   2.0854861e+00  -4.3544835e-03  -2.8446682e-03   7.9461579e-04
  -2.2598685e-01   1.1101186e-01   2.0721969e+00  -4.6599046e-03  -2.9749719e-03   8.8647729e-04
  -2.2275945e-01   9.8980000e-02   2.0781576e+00  -4.5667836e-03  -2.9739642e-03   9.0571927e-04
  -2.2663848e-01   9.8020772e-02   2.1755854e+00  -3.1772393e-03  -3.0046632e-03   9.6777532e-04
  -2.3072159e-01   9.6850257e-02   2.1192925e+00  -3.9942635e-03  -3.0393968e-03   9.6686761e-04
  -2.3612009e-01   8.5108525e-02   2.1079705e+00  -4.4961712e-03  -3.4471608e-03   8.3664604e-04
  -2.1082045e-01   1.0246811e-01   2.1348267e+00  -3.8254356e-03  -3.3543788e-03   5.0760587e-04
  -2.1690871e-01   1.1566352e-01   2.1599889e+00  -3.5857011e-03  -3.2364400e-03   6.8012351e-04
  -2.3639881e-01   9.6701448e-02   2.1496421e+00  -4.6560217e-03  -3.4511162e-03   1.0176321e-03
  -2.0355461e-01   1.1643585e-01   2.1651773e+00  -4.0748344e-03  -3.2010472e-03   4.7721359e-04
  -2.1964097e-01   9.8953748e-02   2.1690375e+00  -4.4859419e-03  -3.6410728e-03   1.1607960e-03
  -2.1567522e-01   9.5600599e-02   2.1768023e+00  -4.3058299e-03  -3.5073390e-03   6.4485649e-04
  -2.0520076e-01   1.3111811e-01   2.2108027e+00  -3.5892990e-03  -3.0807133e-03   5.8360092e-04
  -2.2345595e-01   9.9799435e-02   2.2332041e+00  -3.2789966e-03  -3.0987762e-03   1.0529371e-03
  -1.9679897e-01   1.1949304e-01   2.2064766e+00  -4.1577208e-03  -2.8969255e-03   3.3826337e-04
  -1.9914271e-01   1.3475620e-01   2.2208859e+00  -3.7283771e-03  -3.5088246e-03   6.9070899e-04
  -2.3460405e-01   1.2155857e-01   2.2342752e+00  -3.5011830e-03  -3.5567682e-03   1.1580037e-03
  -2.6466432e-01   1.1770268e-01   2.4336366e+00  -1.8779707e-03  -2.4834092e-03   1.8089490e-03
  -2.7129890e-01   7.4155312e-02   2.5410452e+00  -4.9646774e-04  -1.8090295e-03   2.2767103e-03
  -2.1963773e-01   6.6651597e-02   2.3834731e+00  -6.3269307e-03  -1.6709953e-03   2.1122763e-03
  -2.1384763e-01   1.1830699e-01   2.3506993e+00  -5.8675303e-03  -1.9210611e-03   2.2857904e-03
  -2.1926249e-01   1.2686492e-01   2.4004667e+00  -4.8728431e-03  -1.4116985e-03   2.0948241e-03
  -1.7913204e-01   1.3797262e-01   2.4166648e+00  -4.6498398e-03  -9.8703797e-04   1.3199212e-03
  -1.7222674e-01   1.5893337e-01   2.3712273e+00  -5.7186235e-03  -1.2293331e-03   1.2062938e-03
  -1.8544816e-01   1.7606608e-01   2.3733518e+00  -5.1480273e-03  -1.6046646e-03   1.3912363e-03
  -1.8846687e-01   1.2959994e-01   2.3485338e+00  -5.8624276e-03  -1.8900557e-03   1.2439059e-03
  -1.8024531e-01   1.5624065e-01   2.3882804e+00  -5.1171369e-03  -1.3731470e-03   1.2476147e-03
  -1.8641271e-01   1.2587458e-01   2.4186477e+00  -4.6094926e-03  -1.4189402e-03   1.3826067e-03
  -1.7216756e-01   1.3164543e-01   2.4467318e+00  -4.0082446e-03  -1.2703187e-03   1.1448228e-03
  -2.0115439e-01   1.0683825e-01   2.4414172e+00  -3.8554461e-03  -1.3547483e-03   1.4665713e-03
  -1.9157018e-01   8.4698865e-02   2.4108560e+00  -3.9688727e-03  -1.6282299e-03   8.2178343e-04
  -1.5854917e-01   1.1470066e-01   2.3586684e+00  -3.7377263e-03  -7.6643844e-04   6.6716373e-04
  -1.3700939e-01   1.9318191e-01   2.2658197e+00  -4.8430236e-03   3.8918216e-04  -1.9621539e-04
  -1.3792771e-01   1.9830262e-01   2.3130854e+00  -2.9700315e-03  -3.2969715e-04   1.4539191e-05
  -1.5450481e-01   1.7607163e-01   2.4025762e+00  -2.6709460e-03  -5.8638091e-04   2.4359165e-04
  -1.8009952e-01   1.7095867e-01   2.3972597e+00  -4.3358700e-03  -1.4130886e-03   4.3227298e-04
  -1.9072254e-01   1.2999918e-01   2.4303606e+00  -3.5895127e-03  -1.9062506e-03   8.0725647e-04
  -1.8721748e-01   1.2839054e-01   2.4552146e+00  -2.9880916e-03  -1.6345423e-03   6.5727325e-04
  -1.7720573e-01   1.5240011e-01   2.4635870e+00  -2.8963247e-03  -1.4022577e-03   5.2105115e-04
  -1.9073964e-01   1.0768971e-01   2.5286512e+00  -4.8602243e-03  -1.8712822e-03   7.5227556e-04
  -1.9882740e-01   1.2655169e-01   2.5416404e+00  -3.9320007e-03  -1.9522477e-03   1.0707434e-03
  -1.8299062e-01   1.3668692e-01   2.5494358e+00  -4.0152196e-03  -1.1879977e-03   7.4872810e-04
  -1.9710460e-01   1.5297317e-01   2.5377075e+00  -4.0595505e-03  -1.5240218e-03   1.0708759e-03
  -1.9996033e-01   1.1395851e-01   2.5084058e+00  -4.7440961e-03  -1.9875307e-03   8.5725711e-04
  -1.6928258e-01   1.3659524e-01   2.5240440e+00  -4.3246251e-03  -1.6212879e-03   5.3372374e-04
  -2.2537633e-01   1.5999017e-01   2.6116456e+00  -3.3226277e-03  -1.8532972e-03   1.4423005e-03
  -2.0283748e-01   9.0900036e-02   2.6111535e+00  -4.3592970e-03  -9.9447614e-04   1.4177009e-03
  -2.0903246e-01   1.0745823e-01   2.5706365e+00  -4.8173301e-03  -7.2913144e-04   1.8946794e-03
  -2.1157106e-01   1.0759662e-01   2.6116012e+00  -4.3395032e-03  -8.5441750e-04   1.6778265e-03
  -1.8783577e-01   1.1871720e-01   2.6620156e+00  -3.0176132e-03  -8.5046664e-04   1.0866599e-03
  -1.9610336e-01   1.4702649e-01   2.6305653e+00  -3.9082704e-03  -1.0056793e-03   1.6036902e-03
  -2.0818132e-01   1.2819354e-01   2.6399436e+00  -3.0235510e-03  -1.2457735e-03   1.3331708e-03
  -1.7454907e-01   1.6418402e-01   2.5887245e+00  -4.1411311e-03  -1.5228866e-03   7.1276664e-04
  -1.7530177e-01   1.8436256e-01   2.5801602e+00  -4.7485865e-03  -1.7862704e-03   1.0347968e-03
  -1.8903609e-01   1.5806819e-01   2.5913702e+00  -4.7604357e-03  -1.9330953e-03   1.0633511e-03
  -1.8648377e-01   1.5167389e-01   2.6200094e+00  -3.6685717e-03  -1.8374858e-03   6.7211238e-04
  -2.0129871e-01   1.2212041e-01   2.6550642e+00  -3.4870112e-03  -1.7472109e-03   7.3008733e-04
  -2.2017664e-01   1.3466883e-01   2.7289949e+00  -2.4026023e-03  -1.6762530e-03   1.7765657e-03
  -1.9939972e-01   1.0019598e-01   2.8049369e+00  -5.5356340e-03   1.1209651e-03   2.4712104e-03
  -1.8468430e-01   1.2303671e-01   2.7427300e+00  -5.4002229e-03   4.1642737e-04   1.9551075e-03
  -1.9447031e-01   1.2291346e-01   2.7302051e+00  -4.4837060e-03   9.2162976e-05   2.0957786e-03
  -1.6778576e-01   1.3540603e-01   2.7612101e+00  -4.5917225e-03   3.6973852e-04   7.8296813e-04
  -1.7196844e-01   1.7450625e-01   2.7252458e+00  -4.9388207e-03   4.9437751e-04   1.1030533e-03
  -1.6899146e-01   1.2126817e-01   2.7374900e+00  -4.3296596e-03  -5.2382645e-05   1.0165097e-03
  -1.7092169e-01   1.3193489e-01   2.7242425e+00  -4.6250465e-03  -5.4577822e-04   1.0345119e-03
  -1.8233521e-01   1.2439850e-01   2.7336557e+00  -4.6699115e-03  -7.7285869e-04   1.3201894e-03
  -1.7332058e-01   1.5364597e-01   2.7595280e+00  -4.3130961e-03  -3.6760938e-04   1.0161923e-03
  -1.6457156e-01   1.3999497e-01   2.7515307e+00  -4.4384034e-03  -4.8368379e-04   1.0919021e-03
  -1.7360636e-01   1.4463232e-01   2.7618212e+00  -4.4667807e-03  -7.7406171e-04   1.2099233e-03
  -1.6713187e-01   1.3708001e-01   2.7757742e+00  -4.1935687e-03  -6.9944641e-04   1.1656642e-03
  -1.7929488e-01   1.3982556e-01   2.7675218e+00  -4.0996973e-03  -9.2642755e-04   8.6341322e-04
  -1.7991611e-01   1.2590197e-01   2.7664444e+00  -4.2415842e-03  -4.7924123e-04   1.2232282e-03
  -1.6749241e-01   1.3377417e-01   2.7940982e+00  -4.4662249e-03  -5.7284276e-04   9.4867224e-04
  -1.7713879e-01   1.2672466e-01   2.8303536e+00  -4.2990731e-03  -1.0318477e-03   9.3348336e-04
  -1.7080469e-01   1.3159202e-01   2.8524214e+00  -3.4829178e-03  -7.1637606e-04   7.6475796e-04
  -1.7339229e-01   1.4661710e-01   2.8272343e+00  -4.2684645e-03  -7.5694666e-04   1.0220960e-03
  -1.7967096e-01   1.5471769e-01   2.8341321e+00  -4.2863203e-03  -1.2082483e-03   6.1225651e-04
  -1.6910075e-01   1.4438529e-01   2.8496338e+00  -3.7335757e-03  -1.2026824e-03   7.6774051e-04
  -1.6768518e-01   1.4771182e-01   2.8532293e+00  -3.8052263e-03  -1.2867724e-03   3.0400307e-04
  -1.5951715e-01   1.8119161e-01   2.8462414e+00  -4.6896809e-03  -1.2009809e-03   5.4606157e-04
  -1.7561278e-01   1.6842047e-01   2.8655310e+00  -3.8535542e-03  -1.2936072e-03   7.5748419e-04
  -1.8081458e-01   1.3782143e-01   2.8758771e+00  -3.5514039e-03  -1.0799348e-03   1.1858681e-03
  -2.0541035e-01   1.3694464e-01   3.0920823e+00  -3.1089247e-03  -6.5415305e-05   1.5035232e-03
  -1.4525858e-01   8.3794988e-02   3.0918651e+00  -9.2250001e-03   6.7118973e-04   1.3033588e-03
  -1.1736548e-01   1.3252279e-01   2.9236010e+00  -6.0434507e-03   6.5992855e-04   1.0025626e-03
  -1.4138710e-01   1.2091275e-01   2.9229439e+00  -6.6407601e-03  -4.3363980e-04   6.2333578e-04
  -1.6213305e-01   1.1469094e-01   2.9482696e+00  -6.4213844e-03  -4.5291857e-04   1.3138108e-03
  -1.4317497e-01   1.1658728e-01   2.9742085e+00  -6.1443883e-03  -1.4981603e-04   8.1492365e-04
  -1.3637729e-01   1.2138666e-01   2.9699927e+00  -5.5457405e-03  -6.3361547e-04   6.9833447e-05
  -1.5106429e-01   1.2760344e-01   2.9867859e+00  -5.2207893e-03  -7.1744018e-04   4.7967417e-04
  -1.4476274e-01   1.3722348e-01   3.0453450e+00  -4.6391478e-03  -3.8771750e-04   6.1160652e-04
  -1.5741938e-01   9.8559926e-02   3.0055925e+00  -5.5762376e-03  -1.1737229e-03   6.6624306e-04
  -1.6488619e-01   1.0507445e-01   3.0097951e+00  -4.8293457e-03  -1.0311855e-03   1.0151121e-03
  -1.6539846e-01   1.1615773e-01   3.0702389e+00  -3.5081171e-03  -1.1520951e-03   1.1349430e-03
  -1.6868468e-01   1.1416456e-01   3.0207702e+00  -5.0987647e-03  -1.4248955e-03   1.2114176e-03
  -1.5063549e-01   1.3720977e-01   3.0267270e+00  -5.4536525e-03  -1.2550257e-03   9.7997957e-04
  -1.4840334e-01   1.2156069e-01   3.0219251e+00  -4.7431046e-03  -1.2448525e-03   8.4206211e-04
  -1.4960149e-01   1.5037229e-01   3.0415395e+00  -4.8365088e-03  -2.0499633e-03   7.2732752e-04
  -1.4741001e-01   1.1146096e-01   3.0047696e+00  -5.8899666e-03  -2.0710440e-03   6.6852425e-04
  -1.6189282e-01   1.4450702e-01   3.0420820e+00  -5.2910639e-03  -2.0327385e-03   1.0930400e-03
  -1.5446624e-01   1.2662009e-01   3.0378089e+00  -5.0961922e-03  -2.1471916e-03   7.1175188e-04
  -1.8718195e-01   1.3025458e-01   3.1423313e+00  -3.5456403e-03  -2.3682228e-03   1.0672250e-03
  -2.1238395e-01   1.2082919e-01   2.9959303e+00  -7.3517855e-03  -2.1454380e-03   1.1278145e-03
  -2.3038546e-01   1.6504163e-01   2.8329530e+00   5.7781110e-03  -6.0147579e-03   1.1340275e-03
  -2.0825336e-01   1.4036116e-01   2.7521701e+00   3.7641523e-03  -6.2408160e-03   1.1191821e-03
  -2.1650682e-01   1.8808834e-01   2.8069233e+00   4.5072618e-03  -5.9314559e-03   1.2909773e-03
  -2.1581840e-01   1.6549356e-01   2.8356472e+00   3.7862382e-03  -5.7399893e-03   1.3563396e-03
  -2.0285687e-01   1.8731883e-01   2.8379688e+00   4.3595142e-03  -6.1931313e-03   6.4038852e-04
  -1.9793689e-01   1.8791181e-01   2.8451651e+00   3.9466988e-03  -6.5609952e-03   3.6602335e-04
  -2.0740591e-01   1.8719314e-01   2.8480674e+00   3.6413965e-03  -6.9031035e-03   4.1715583e-04
  -1.9401844e-01   2.0071535e-01   2.8500398e+00   4.6753790e-03  -7.7459860e-03   8.6237853e-05
  -1.9708151e-01   1.8542089e-01   2.8122142e+00   3.4984275e-03  -7.8689187e-03   5.6693134e-04
  -2.2273601e-01   1.9992657e-01   2.8684328e+00   3.0243406e-03  -8.5575417e-03   1.0075755e-03
  -2.2076302e-01   1.8861944e-01   2.8558342e+00   3.7474136e-03  -8.5842525e-03   7.1142052e-04
  -2.0950184e-01   2.0937532e-01   2.8772085e+00   3.9979286e-03  -8.3570805e-03   6.8416475e-04
  -2.0132518e-01   1.9151496e-01   2.8938861e+00   3.2473481e-03  -8.2992930e-03   3.9863729e-04
  -2.1497684e-01   2.0478993e-01   2.8874861e+00   3.3985070e-03  -8.8407540e-03   6.5801858e-04
  -2.2273952e-01   1.8434293e-01   2.8849308e+00   3.7862093e-03  -9.0969466e-03   8.0399036e-04
  -2.2142843e-01   1.9801433e-01   2.9075914e+00   4.1063391e-03  -9.3436803e-03   5.7521683e-04
  -2.2144163e-01   2.1046822e-01   2.8864991e+00   4.5957029e-03  -1.0439054e-02   3.0478051e-04
  -2.1777374e-01   1.7837058e-01   2.9026213e+00   4.2797468e-03  -1.0072977e-02   5.8101076e-04
  -2.2107408e-01   1.9786389e-01   2.8687199e+00   3.6692710e-03  -1.0403998e-02   5.9144832e-04
  -2.1932755e-01   1.7472033e-01   2.8822056e+00   4.3733151e-03  -1.0454908e-02   5.1356869e-04
  -2.1558441e-01   2.0180524e-01   2.8780276e+00   4.1967460e-03  -1.0346091e-02   2.7993607e-04
  -2.0391205e-01   2.3035222e-01   2.8433827e+00   3.2228392e-03  -1.0189804e-02   2.6895336e-04
  -2.0317915e-01   2.2721823e-01   2.8498017e+00   3.5059566e-03  -1.0372728e-02   4.0973782e-04
  -2.2830522e-01   2.0596640e-01   2.8946337e+00   4.1908372e-03  -1.0267183e-02   6.2874881e-04
  -2.2035303e-01   1.9974558e-01   2.9225428e+00   4.3344091e-03  -1.0171272e-02   5.1587289e-04
  -2.1555661e-01   1.9757790e-01   2.8953246e+00   3.6858033e-03  -1.0459307e-02   4.5309457e-04
  -2.3075473e-01   1.8411388e-01   2.9325462e+00   4.4562470e-03  -1.0080475e-02   7.8805845e-04
  -2.3945494e-01   2.0326529e-01   2.9242234e+00   4.2571631e-03  -1.0970560e-02   8.5406453e-04
  -2.4067316e-01   1.9784859e-01   2.9319029e+00   4.1654929e-03  -1.1049839e-02   7.0431579e-04
  -2.4316732e-01   1.5749926e-01   2.9754998e+00   3.9747464e-03  -1.0069730e-02   1.0622447e-03
  -2.3622257e-01   1.6827710e-01   3.0765338e+00   4.3527390e-03  -7.6507935e-03   1.3726105e-03
  -2.2592644e-01   1.6453248e-01   3.0152214e+00   2.7304941e-03  -7.3266544e-03   6.9681612e-04
  -2.3362984e-01   1.7077693e-01   3.0595021e+00   3.3286544e-03  -8.9737752e-03   7.9555549e-04
  -2.1890525e-01   1.7739863e-01   2.9877775e+00   2.1862604e-03  -9.9844066e-03   4.5078733e-04
  -2.4867989e-01   1.8178232e-01   2.9986486e+00   2.7726316e-03  -1.0639940e-02   9.3327358e-04
  -2.0620967e-01   1.4992040e-01   3.2344890e+00   3.5143252e-03  -8.5536413e-03  -5.1880708e-04
  -2.2283996e-01   1.2679850e-01   3.0995048e+00   2.4832803e-03  -7.8461835e-03   3.3234860e-04
  -2.1746654e-01   1.7006930e-01   3.1859235e+00   3.7879514e-03  -7.4401096e-03   5.2689767e-04
  -2.3846369e-01   1.7738646e-01   3.1051028e+00   2.1972526e-03  -7.7063946e-03   9.9734288e-04
  -2.5207009e-01   1.8210920e-01   3.1097379e+00   2.5982729e-03  -8.7745319e-03   1.2101744e-03
  -2.3918648e-01   1.7240403e-01   3.1016208e+00   2.4615587e-03  -9.4356143e-03   3.3133421e-04
  -2.4392220e-01   2.1110495e-01   3.0730406e+00   1.6000807e-03  -9.8899621e-03   5.1894613e-04
  -2.3847628e-01   1.9784124e-01   3.0593817e+00   1.6307022e-03  -1.0008191e-02   3.6857980e-04
  -2.3895245e-01   1.9533280e-01   3.0793481e+00   1.8681246e-03  -1.0155375e-02   7.3447769e-04
  -2.2993095e-01   1.9354912e-01   3.0852190e+00   1.7580931e-03  -9.9291686e-03   3.6294358e-04
  -2.3480686e-01   1.5544278e-01   3.1164948e+00   1.7181871e-03  -9.5204487e-03   6.6677325e-04
  -2.6047183e-01   1.3134091e-01   3.1286318e+00   2.1380154e-03  -9.6509475e-03   9.1486168e-04
  -2.4401791e-01   1.9692532e-01   3.2521051e+00   4.1947598e-03  -8.4060098e-03   8.2387052e-04
  -2.5928686e-01   1.2595177e-01   3.1589322e+00   1.3104221e-03  -8.5859376e-03   1.0211310e-03
  -2.5708064e-01   1.5981318e-01   3.1604636e+00   2.1060509e-03  -9.2782240e-03   7.9607449e-04
  -2.5080711e-01   1.7574302e-01   3.1724346e+00   2.0427537e-03  -9.9225245e-03   5.0902110e-04
  -2.5218398e-01   1.9412739e-01   3.1615614e+00   2.3774742e-03  -1.0207169e-02   4.5633585e-04
  -2.6879241e-01   1.3897142e-01   3.1451162e+00   2.4380921e-03  -1.0819348e-02   7.9769019e-04
  -2.5534392e-01   1.6034891e-01   3.1525085e+00   2.2997703e-03  -1.1177647e-02   4.0951621e-04
  -2.5141639e-01   1.6264218e-01   3.1689911e+00   2.6479371e-03  -1.1105909e-02   6.6570742e-04
  -2.5174509e-01   1.4413966e-01   3.1839540e+00   5.9353197e-04  -1.0314058e-02   4.0738728e-04
  -2.3751042e-01   1.6152093e-01   3.1922341e+00   1.2394000e-03  -9.4604671e-03   6.3533105e-04
  -2.4171835e-01   1.7507189e-01   3.2672814e+00   1.5849125e-03  -7.6209954e-03   9.5257025e-04
  -2.2785742e-01   1.8281170e-01   3.2573517e+00   1.6840323e-03  -8.6484300e-03   6.0340713e-04
  -2.5303911e-01   1.6943837e-01   3.2414003e+00   1.7668344e-03  -9.4594238e-03   7.7836058e-04
  -2.2920274e-01   1.8338350e-01   3.3121164e+00   3.0951960e-03  -8.5032863e-03   6.1430500e-04
  -2.2038071e-01   1.9497881e-01   3.2123834e+00   1.1332361e-03  -9.3727454e-03   2.5989685e-04
  -2.4325798e-01   1.7806141e-01   3.2340737e+00   2.0490877e-03  -1.0182532e-02   5.5222920e-04
  -2.4007261e-01   2.0364073e-01   3.2467540e+00   1.7801982e-03  -1.0322025e-02   6.9067836e-04
  -2.4318466e-01   1.7967952e-01   3.2651920e+00   2.0254845e-03  -1.0515651e-02   3.7136664e-04
  -2.1861268e-01   1.8617029e-01   3.2348878e+00   1.4322048e-03  -1.0135019e-02   4.1008006e-04
  -2.3383278e-01   2.1360849e-01   3.2695333e+00   2.0604517e-03  -1.0155228e-02   6.1574361e-04
  -2.3189583e-01   1.8752494e-01   3.2564886e+00   1.6751910e-03  -1.0199496e-02   4.6450979e-04
  -2.2811772e-01   1.9607932e-01   3.2994325e+00   1.9887405e-03  -1.0034946e-02   7.1491544e-04
  -2.2907557e-01   1.7255396e-01   3.3138588e+00   2.1876545e-03  -1.0089850e-02   2.7694978e-04
  -2.2861031e-01   1.7371059e-01   3.2947045e+00   2.1270792e-03  -9.9354680e-03   4.8561413e-04
  -2.3889528e-01   1.8164473e-01   3.3705705e+00   1.8412680e-03  -1.0229253e-02   5.4527377e-04
  -2.4032711e-01   1.8246860e-01   3.3199112e+00   1.8135315e-03  -1.0295518e-02   4.3351023e-04
  -2.3682190e-01   1.8459581e-01   3.3228445e+00   1.7303998e-03  -1.0679292e-02   3.8208724e-04
  -2.2783347e-01   1.9980377e-01   3.3174242e+00   1.0427683e-03  -1.0255389e-02   6.0617336e-04
  -2.4028717e-01   2.1171103e-01   3.3491983e+00   1.5594500e-03  -1.0823563e-02   5.3258959e-04
  -2.6294864e-01   1.8057458e-01   3.5550373e+00   2.4936759e-03  -8.6444127e-03   1.0614198e-03
  -2.4876381e-01   1.0457170e-01   3.7828714e+00  -2.2609474e-03  -5.0068859e-03   2.9976735e-03
  -1.6765544e-01   5.6496818e-02   3.6050269e+00  -8.8308193e-03  -5.9644124e-04   2.7862809e-03
  -1.9536796e-01   6.6350864e-02   3.5801633e+00  -7.3703961e-03  -3.2201152e-03   2.4040576e-03
  -1.8370122e-01   1.0737870e-01   3.6463956e+00  -6.7108126e-03  -3.5921260e-03   1.6655980e-03
  -1.9233167e-01   1.1515123e-01   3.6646594e+00  -5.9031855e-03  -3.2990527e-03   1.8065275e-03
  -1.8527958e-01   1.1129350e-01   3.6625939e+00  -5.8979395e-03  -4.2394136e-03   1.5106946e-03
  -1.6739994e-01   1.4259454e-01   3.6756843e+00  -5.7035281e-03  -4.3749911e-03   1.5055239e-03
  -1.7322407e-01   1.0967652e-01   3.6783592e+00  -4.9754768e-03  -4.1300839e-03   1.7830417e-03
  -1.7858713e-01   1.4974208e-01   3.7247512e+00  -4.3249104e-03  -3.6795638e-03   1.7865524e-03
  -1.4760695e-01   1.4688896e-01   3.6905845e+00  -6.3240162e-03  -1.9837980e-03   1.3527648e-03
  -1.5749559e-01   1.1681474e-01   3.7357015e+00  -5.2797192e-03  -2.6259856e-03   1.4203175e-03
  -1.6473882e-01   1.1895364e-01   3.7392953e+00  -5.2405591e-03  -3.0515115e-03   1.4081884e-03
  -1.3806881e-01   1.3031338e-01   3.7298376e+00  -5.2582075e-03  -3.4382463e-03   1.0262200e-03
  -1.4642380e-01   1.3047048e-01   3.7298906e+00  -4.9117303e-03  -3.6158369e-03   8.2168700e-04
  -1.4031656e-01   1.3945400e-01   3.7302854e+00  -5.3688239e-03  -3.1202930e-03   1.2531745e-03
  -1.5490561e-01   1.1451069e-01   3.7398086e+00  -4.3909239e-03  -3.1173077e-03   1.2552633e-03
  -1.4294277e-01   1.0820439e-01   3.7323200e+00  -4.8593895e-03  -2.9591293e-03   1.0544733e-03
  -1.5090318e-01   1.2997603e-01   3.7623808e+00  -4.7229020e-03  -3.1006648e-03   1.1521887e-03
  -1.4500638e-01   1.3830627e-01   3.7759576e+00  -4.5407276e-03  -3.5353362e-03   9.4544157e-04
  -1.3415980e-01   1.2828232e-01   3.7644400e+00  -4.7207621e-03  -3.1636603e-03   8.5288736e-04
  -1.6126310e-01   1.2623146e-01   3.7827316e+00  -4.1474685e-03  -3.5355262e-03   1.1482768e-03
  -1.7150603e-01   8.7798738e-02   3.8066952e+00  -5.7086370e-03  -2.8307315e-03   1.4339908e-03
  -1.2611162e-01   1.3206893e-01   3.7819002e+00  -5.3667506e-03  -3.2338695e-03   1.8819977e-04
  -1.4769261e-01   1.2474495e-01   3.8080204e+00  -4.3081955e-03  -3.1037336e-03   8.5493020e-04
  -1.4544453e-01   1.3761856e-01   3.7970860e+00  -4.6128420e-03  -3.7320785e-03   7.4420397e-04
  -1.4072690e-01   1.4867478e-01   3.7598761e+00  -4.9101768e-03  -3.4020733e-03   8.9508335e-04
  -1.4152541e-01   1.4237484e-01   3.7949790e+00  -4.5724140e-03  -3.4979727e-03   1.1210294e-03
  -1.4858604e-01   1.4473069e-01   3.8173971e+00  -4.5742192e-03  -4.2642336e-03   8.5513399e-04
  -1.4752854e-01   1.6663666e-01   3.8843852e+00  -3.3560403e-03  -4.5349819e-03   7.1451972e-04
  -2.5712163e-01   9.4849895e-03   4.1665253e+00  -6.7404380e-03  -4.9610875e-03   1.7203029e-03
  -2.2177729e-01   4.5986359e-02   3.9679555e+00   7.4054314e-03  -6.0693628e-03   1.2344823e-03
  -1.6385566e-01   6.3341498e-02   3.9439163e+00  -8.2695141e-03  -2.0857818e-03   2.7860371e-03
  -1.6310803e-01   8.6875095e-02   3.9210900e+00  -7.7534563e-03  -2.8792598e-03   2.2518864e-03
  -1.3107225e-01   7.5602665e-02   3.9344490e+00  -7.6143289e-03  -2.6679453e-03   1.6124837e-03
  -1.4338012e-01   1.0059153e-01   3.9899947e+00  -6.4769805e-03  -2.5488867e-03   1.8268815e-03
  -1.4022393e-01   9.5111620e-02   3.9369816e+00  -8.0134159e-03  -2.9522418e-03   1.5719259e-03
  -1.3640542e-01   1.0547342e-01   3.9557011e+00  -6.9891908e-03  -2.8938633e-03   1.7864846e-03
  -1.1989045e-01   9.8526634e-02   3.9699785e+00  -7.0908738e-03  -2.6565335e-03   1.4051284e-03
  -1.0690802e-01   1.2355336e-01   3.9612434e+00  -6.7676553e-03  -2.4094079e-03   1.2064041e-03
  -1.1418903e-01   1.5010990e-01   3.9727229e+00  -6.8835571e-03  -3.2819362e-03   1.0227781e-03
  -1.4342358e-01   1.0816372e-01   4.0257687e+00  -5.5960066e-03  -2.8851515e-03   2.1063103e-03
  -1.2918617e-01   9.8947922e-02   4.0094543e+00  -7.0044728e-03  -2.4903700e-03   1.2980421e-03
  -1.3930387e-01   9.6944279e-02   3.9997430e+00  -6.1935524e-03  -2.9829242e-03   1.5567709e-03
  -1.2618188e-01   1.1061765e-01   4.0394031e+00  -5.5707790e-03  -3.3734234e-03   9.0633795e-04
  -1.2018141e-01   9.8658725e-02   4.0581168e+00  -6.3292270e-03  -2.6879013e-03   1.2231662e-03
  -1.2744700e-01   1.0470582e-01   4.0219676e+00  -6.8982086e-03  -3.3788470e-03   9.6937926e-04
  -1.3734056e-01   1.2854271e-01   4.0386684e+00  -6.7679049e-03  -3.3758035e-03   1.4759604e-03
  -1.3017673e-01   1.1932076e-01   4.0574443e+00  -6.3636997e-03  -3.4641748e-03   1.3566449e-03
  -1.1027053e-01   1.0956137e-01   4.0646869e+00  -5.6895739e-03  -3.8374219e-03   8.2098843e-04
  -1.3062958e-01   1.4126117e-01   4.0263232e+00  -6.3477287e-03  -4.0201618e-03   1.0361756e-03
  -1.2796597e-01   1.1619771e-01   4.0528490e+00  -5.7120944e-03  -4.3062723e-03   7.4258580e-04
  -1.2092817e-01   1.2507918e-01   4.0355686e+00  -7.7228301e-03  -3.6169887e-03   1.0994328e-03
  -1.4783482e-01   1.0320043e-01   4.0599831e+00  -6.5501913e-03  -4.2358706e-03   1.2779817e-03
  -1.2016958e-01   1.1260041e-01   4.0677263e+00  -6.5307465e-03  -4.0668662e-03   1.0398354e-03
  -1.2965239e-01   1.2878800e-01   4.0721674e+00  -6.3821745e-03  -4.3443426e-03   9.3489228e-04
  -1.5306375e-01   1.1973187e-01   4.0824539e+00  -6.5630692e-03  -4.6411733e-03   1.2468819e-03
  -1.3859075e-01   9.8230006e-02   4.0913671e+00  -6.1078810e-03  -4.2465940e-03   1.0908187e-03
  -1.2366978e-01   1.1317803e-01   4.1846781e+00  -4.9035285e-03  -4.4717868e-03   8.1271723e-04
  -1.1686850e-01   1.0290227e-01   4.0887834e+00  -7.6225864e-03  -3.2322897e-03   9.1127447e-04
  -1.1782291e-01   8.2134908e-02   4.1667838e+00  -5.5733586e-03  -4.1449126e-03   5.7729218e-04
  -1.3053705e-01   8.0256736e-02   4.1503732e+00  -6.3487249e-03  -4.2624619e-03   9.0986785e-04
  -1.1438322e-01   1.0408149e-01   4.1446430e+00  -6.1920018e-03  -4.4350843e-03   6.0570417e-04
  -1.4313006e-01   1.0162351e-01   4.1170269e+00  -6.6023311e-03  -4.7282052e-03   1.1776607e-03
  -1.3140274e-01   9.7114429e-02   4.1115138e+00  -6.4515345e-03  -4.7897434e-03   9.4227232e-04
  -1.3951715e-01   9.0564578e-02   4.1515720e+00  -6.3218119e-03  -4.7565726e-03   7.8808162e-04
  -1.1747951e-01   1.0783844e-01   4.1544270e+00  -5.3785610e-03  -4.6502342e-03  -1.3464472e-04
  -1.2384147e-01   1.0629032e-01   4.1406203e+00  -6.7223393e-03  -4.9516496e-03   1.0463802e-03
  -1.2820193e-01   1.1063010e-01   4.1615991e+00  -5.9808989e-03  -4.2076676e-03   1.2738033e-03
  -1.5479225e-01   1.2582790e-01   4.1598928e+00  -6.0492442e-03  -4.6168438e-03   8.4244455e-04
  -1.4089091e-01   1.0493746e-01   4.1495058e+00  -6.9987868e-03  -4.4260691e-03   9.3745463e-04
  -1.5340608e-01   1.1874932e-01   4.1533001e+00  -6.6522479e-03  -4.8351490e-03   1.0293198e-03
  -1.6792942e-01   1.0616133e-01   4.2444126e+00  -6.2115775e-03  -4.0238836e-03   1.7979675e-03
  -1.4360577e-01   5.8215249e-02   4.2267015e+00  -7.3098602e-03  -4.3847321e-03   1.2325496e-03
  -1.6851980e-01   7.2419658e-02   4.2284379e+00  -6.4678396e-03  -4.9983495e-03   1.3945453e-03
  -1.4363880e-01   8.0659274e-02   4.2140054e+00  -6.9336037e-03  -4.2939743e-03   1.5654711e-03
  -1.4763639e-01   1.0239651e-01   4.2086192e+00  -7.0671882e-03  -4.9820732e-03   1.6527064e-03
  -1.4010895e-01   8.6211495e-02   4.2129155e+00  -6.7006349e-03  -5.0801538e-03   9.2856527e-04
  -1.5399275e-01   8.1294558e-02   4.2333088e+00  -6.7252851e-03  -5.0777470e-03   1.5845877e-03
  -2.2959660e-01   5.4468941e-02   4.2699164e+00  -9.9391877e-03  -4.2796087e-03   2.3742642e-03
  -2.5898278e-01   1.1656891e-02   4.5820798e+00  -2.6725329e-04  -6.3781696e-03   2.2824134e-03
  -1.8208106e-01  -1.8376469e-02   4.5273620e+00  -1.3035543e-02  -4.9050484e-03   3.1716207e-03
  -1.9178982e-01   2.6937239e-03   4.5270531e+00  -1.1453471e-02  -5.8422458e-03   2.9541414e-03
  -1.8208690e-01   1.2952423e-02   4.5592317e+00  -1.1201002e-02  -6.0711692e-03   2.4106284e-03
  -1.7624957e-01   3.5877218e-02   4.5817866e+00  -1.0890259e-02  -5.9041547e-03   2.4314606e-03
  -1.8356405e-01   1.6598367e-02   4.5640628e+00  -1.1323646e-02  -6.4644377e-03   2.4708424e-03
  -1.8839080e-01   4.4892158e-02   4.5748218e+00  -1.0787721e-02  -6.7996974e-03   2.6055892e-03
  -1.9308641e-01   2.9015594e-02   4.5611114e+00  -1.1173380e-02  -6.5604030e-03   2.5158706e-03
  -1.7676936e-01   2.0655008e-02   4.5655267e+00  -1.1037066e-02  -6.3561239e-03   2.3536206e-03
  -1.7031078e-01   1.5832709e-02   4.5798767e+00  -1.0664711e-02  -6.9843549e-03   1.7247112e-03
  -1.8537430e-01   2.5703273e-02   4.6047635e+00  -1.0182098e-02  -7.2293926e-03   2.2575791e-03
  -1.7831316e-01   1.0068542e-02   4.5783697e+00  -1.1153317e-02  -7.2463863e-03   2.0939411e-03
  -1.8511971e-01   2.3278819e-02   4.5991762e+00  -1.0703771e-02  -7.0507834e-03   2.3509067e-03
  -1.9430279e-01   2.1445408e-02   4.6076140e+00  -1.0864627e-02  -7.0194816e-03   2.3083317e-03
  -1.7291490e-01   3.8038737e-02   4.6002461e+00  -1.0993854e-02  -7.0878309e-03   2.2327409e-03
  -1.8641758e-01   5.5244495e-02   4.6141182e+00  -1.0988484e-02  -7.2645313e-03   2.5288999e-03
  -1.8218886e-01   1.1111886e-02   4.6134759e+00  -1.0808392e-02  -7.0751565e-03   2.2446539e-03
  -1.8092649e-01   3.3235448e-02   4.6430258e+00  -1.0203381e-02  -7.2929067e-03   2.2789403e-03
  -1.9577685e-01   1.9813079e-02   4.6339715e+00  -1.0562348e-02  -7.2241500e-03   2.6261082e-03
  -1.8577080e-01   2.6192810e-02   4.6405434e+00  -1.0699644e-02  -7.2927637e-03   2.3735273e-03
  -1.8365838e-01   2.5819144e-02   4.6673628e+00  -9.8589031e-03  -7.7245599e-03   2.3213546e-03
  -1.8299352e-01   3.9431748e-02   4.6841072e+00  -1.0022511e-02  -7.3479669e-03   2.0217661e-03
  -1.6252593e-01   5.8327766e-02   4.6684213e+00  -1.0643028e-02  -7.2960347e-03   1.9971390e-03
  -1.8231526e-01   5.3759961e-02   4.6468744e+00  -1.0337861e-02  -7.5969438e-03   2.4506913e-03
  -1.7822664e-01   4.7009154e-02   4.6681063e+00  -1.0340563e-02  -7.7887906e-03   1.7175469e-03
  -1.8012310e-01   3.2797146e-02   4.6782880e+00  -1.0675680e-02  -7.5755964e-03   2.1229486e-03
  -1.7560111e-01   4.0724786e-02   4.6870294e+00  -1.0383593e-02  -7.3375801e-03   2.4189478e-03
  -1.6269833e-01   5.3840053e-02   4.7091750e+00  -1.0519599e-02  -7.3576669e-03   2.0506561e-03
  -1.5093964e-01   4.2637103e-02   4.7132316e+00  -1.0190072e-02  -7.4495968e-03   1.6425773e-03
  -1.8030030e-01   3.0106287e-02   4.7134813e+00  -1.0882533e-02  -7.6636279e-03   2.2112354e-03
  -1.8600196e-01   5.0440832e-02   4.7157685e+00  -1.0407589e-02  -7.7733340e-03   2.4406463e-03
  -1.7569484e-01   5.5365514e-02   4.7187515e+00  -1.0381433e-02  -7.7030370e-03   2.0411070e-03
  -1.8525484e-01   4.0288865e-02   4.7183676e+00  -1.1037247e-02  -7.8035118e-03   2.1847666e-03
  -1.8141494e-01   1.3802334e-02   4.7429234e+00  -9.8602481e-03  -7.5622676e-03   2.2442945e-03
  -1.8892847e-01   6.1166365e-03   4.7214918e+00  -1.1298501e-02  -7.4307847e-03   2.3464145e-03
  -1.9899316e-01   3.8907433e-02   4.7829133e+00  -1.0083710e-02  -7.8022806e-03   2.7771356e-03
  -1.9776784e-01   3.3179760e-02   4.7530711e+00  -1.0496797e-02  -7.9785387e-03   2.2168584e-03
  -1.8227390e-01   1.9273876e-02   4.7766652e+00  -1.0024266e-02  -7.9639643e-03   1.9168127e-03
  -1.8034585e-01   3.6207332e-02   4.7996864e+00  -9.9248809e-03  -7.8903683e-03   1.9750433e-03
  -1.9015569e-01   4.9059610e-02   4.7662537e+00  -1.0403819e-02  -8.0267775e-03   2.3708689e-03
  -2.1235853e-01   6.5611512e-02   4.8405887e+00  -1.1078447e-02  -7.8290393e-03   2.5068915e-03
  -1.9634048e-01   2.9661918e-02   4.7697806e+00  -1.0695462e-02  -6.3474529e-03   2.5885502e-03
  -1.9808815e-01   2.5205683e-02   4.8101252e+00  -1.0458277e-02  -6.7091771e-03   2.6047341e-03
  -1.9015502e-01   5.5915088e-02   4.8479262e+00  -1.0636054e-02  -6.5166842e-03   2.6299293e-03
  -1.8438247e-01   5.8242323e-02   4.8692365e+00  -9.0327253e-03  -5.9864418e-03   2.3335967e-03
  -1.7666185e-01   5.2803596e-02   4.8016616e+00  -1.0348523e-02  -5.9838062e-03   2.2475630e-03
  -1.8226463e-01   2.9486594e-02   4.8495160e+00  -1.1035051e-02  -7.1537443e-03   1.9986932e-03
  -1.9083277e-01   3.8480374e-03   4.8143453e+00  -1.0858417e-02  -7.0430922e-03   2.0753318e-03
  -1.7252912e-01   3.7235471e-02   4.8582766e+00  -1.0213629e-02  -7.1043515e-03   1.6420715e-03
  -1.7388341e-01   6.5225839e-02   4.8673361e+00  -1.0254388e-02  -7.4258589e-03   1.8337411e-03
  -1.7423997e-01   2.5602506e-02   4.8577012e+00  -1.0582843e-02  -7.2143748e-03   1.9952730e-03
  -1.7861366e-01   2.2421551e-02   4.8721416e+00  -1.0002001e-02  -7.2629887e-03   1.6222113e-03
  -1.7849845e-01   5.1191205e-02   4.8629783e+00  -1.0590393e-02  -7.0834444e-03   1.9298565e-03
  -1.6984172e-01   4.4393221e-02   4.8473908e+00  -1.0521372e-02  -7.8356353e-03   1.6846523e-03
  -1.8646998e-01   7.5697679e-02   4.9101809e+00  -9.5186800e-03  -7.8869042e-03   1.7917198e-03
  -1.8561549e-01   2.9218797e-02   4.8915029e+00  -1.0440693e-02  -7.3860591e-03   2.0744498e-03
  -2.0013102e-01   3.5077623e-02   4.9004630e+00  -1.0483307e-02  -7.5304939e-03   2.3728337e-03
  -2.0586295e-01   3.9339344e-02   4.9566677e+00  -8.8929656e-03  -7.7249446e-03   2.4043049e-03
  -1.7752637e-01   1.8643162e-02   4.9505488e+00  -9.4955052e-03  -6.3158729e-03   9.9476357e-04
  -1.4164724e-01   5.4765075e-02   4.9031921e+00  -8.8914874e-03  -5.8341085e-03   1.4506528e-03
  -1.6060105e-01   3.1015129e-02   4.8791359e+00  -9.5975553e-03  -6.5164805e-03   1.5719556e-03
  -1.6317060e-01   4.5673316e-02   4.9273871e+00  -8.9874362e-03  -7.0875095e-03   1.2747516e-03
  -1.6855177e-01   4.9146168e-02   4.9353678e+00  -9.0110056e-03  -7.1880367e-03   1.2374641e-03
  -1.5518938e-01   3.1809207e-02   4.9448334e+00  -9.0846836e-03  -7.5333910e-03   1.2738443e-03
  -1.5856226e-01   3.6086563e-02   4.9350414e+00  -9.1992277e-03  -7.5729571e-03   1.3278199e-03
  -1.7515468e-01   3.2011182e-02   4.9292264e+00  -9.0140424e-03  -7.3817768e-03   1.8555436e-03
  -1.5340206e-01   6.7942999e-02   4.9789278e+00  -8.9453356e-03  -7.4104095e-03   1.0943758e-03
  -1.6211549e-01   5.0791746e-02   4.9266435e+00  -8.9738346e-03  -6.1491013e-03   1.3027438e-03
  -1.6836095e-01   2.5559934e-02   4.9479474e+00  -9.2885360e-03  -6.6586543e-03   1.5083491e-03
  -1.5892265e-01   6.4639068e-02   4.9243116e+00  -9.7270737e-03  -6.6541080e-03   1.6430520e-03
  -1.6497039e-01   5.4332167e-02   4.9249872e+00  -9.5805060e-03  -7.5968625e-03   1.3187033e-03
  -1.4875058e-01   6.9709793e-02   4.9846547e+00  -8.4826325e-03  -6.7011655e-03   1.7813284e-03
  -1.5151629e-01   8.2043977e-03   4.9395872e+00  -9.9182500e-03  -6.9591204e-03   1.4386874e-03
  -1.6551826e-01   3.6119159e-02   5.0301341e+00  -7.7804257e-03  -6.4654691e-03   1.6052758e-03
  -1.6137267e-01   4.5683997e-02   4.9749730e+00  -7.9957536e-03  -5.8044486e-03   1.8497061e-03
  -1.5571288e-01   4.3353376e-03   4.9372825e+00  -9.8976247e-03  -6.6749850e-03   1.8128315e-03
  -1.8577730e-01   2.7494435e-02   4.9867949e+00  -8.9840768e-03  -7.0919344e-03   2.1029847e-03
  -1.5529472e-01   6.2991443e-02   5.0798139e+00  -8.3934813e-03  -5.4611450e-03   1.4993739e-03
  -1.4699127e-01   8.6536334e-03   5.0559184e+00  -9.3500086e-03  -5.6854916e-03   1.8287770e-03
  -1.5825494e-01   2.8648135e-02   5.0383573e+00  -9.5619395e-03  -6.1975197e-03   1.6046239e-03
  -1.6883640e-01   3.0054779e-02   5.0473957e+00  -9.1538715e-03  -6.5318525e-03   1.9166234e-03
  -1.5778478e-01   2.8235314e-02   5.0255815e+00  -1.0001883e-02  -6.9361726e-03   1.4167311e-03
  -1.6929954e-01   4.0044447e-02   5.0171649e+00  -9.9731711e-03  -7.2211167e-03   1.6337895e-03
  -1.7117970e-01   5.0573401e-02   5.0755358e+00  -7.7978204e-03  -7.8416822e-03   1.6869330e-03
  -1.3274621e-01   8.7021879e-02   5.0853144e+00  -9.3657835e-03  -5.7036744e-03   6.6176580e-04
  -1.3122232e-01   8.0103373e-02   5.0727274e+00  -8.6569821e-03  -6.1854455e-03   7.2215645e-04
  -1.4448632e-01   5.9338847e-02   5.0668072e+00  -8.8676963e-03  -6.6365863e-03   9.4501410e-04
  -1.3629179e-01   7.4207186e-02   5.0939402e+00  -7.4230124e-03  -6.5811759e-03   7.3834957e-04
  -1.5221420e-01   6.7047572e-02   5.0567685e+00  -7.8428683e-03  -7.4482709e-03   6.7336056e-04
  -1.8115597e-01   6.0838862e-02   5.0734059e+00  -8.3064726e-03  -7.9257119e-03   1.3588383e-03
  -1.5648261e-01   4.5248947e-02   5.0795870e+00  -7.6941542e-03  -7.8763970e-03   9.0205174e-04
  -1.5751565e-01   5.6322304e-02   5.2629601e+00  -9.0764755e-03  -6.8774772e-03   7.0479581e-04
  -1.6384868e-01   2.9520667e-02   5.1792577e+00  -9.8779357e-03  -6.5805698e-03   1.5291369e-03
  -1.7830995e-01   2.3479848e-02   5.2009996e+00  -9.3230505e-03  -7.2551757e-03   1.4830920e-03
  -1.8130686e-01   4.3570167e-02   5.2067628e+00  -9.6811781e-03  -7.7300168e-03   1.3798552e-03
  -1.6006478e-01   3.5581252e-02   5.1893070e+00  -9.9511959e-03  -7.6623161e-03   1.0003151e-03
  -1.6956479e-01   3.0940861e-02   5.1833446e+00  -9.5716468e-03  -8.1395327e-03   9.9825621e-04
  -1.7188954e-01   1.0022644e-02   5.1540019e+00  -1.0076846e-02  -7.6795014e-03   1.1568362e-03
  -1.3711191e-01   4.1597273e-02   5.2577565e+00  -9.4293072e-03  -6.6916793e-03   7.2109291e-04
  -1.5729262e-01   1.3586932e-02   5.2567886e+00  -8.4901604e-03  -6.6085232e-03   1.1255835e-03
  -1.6755770e-01   3.4276186e-02   5.2175936e+00  -8.5386741e-03  -6.7343246e-03   1.6786828e-03
  -1.6874794e-01   3.7759338e-02   5.2131518e+00  -8.9135298e-03  -7.5771061e-03   1.3634549e-03
  -1.7369475e-01   4.9459141e-02   5.2198881e+00  -8.9574648e-03  -7.8635297e-03   1.5411431e-03
  -1.8006325e-01   2.8020826e-02   5.2416865e+00  -8.4941334e-03  -7.7201734e-03   1.5332389e-03
  -1.7409603e-01   1.9467561e-02   5.2362416e+00  -8.3266654e-03  -7.4395082e-03   1.3274311e-03
  -1.5503960e-01   2.0152562e-02   5.2408274e+00  -8.6215426e-03  -7.6882002e-03   1.0360567e-03
  -1.8207875e-01   3.8918424e-02   5.2408078e+00  -8.5808323e-03  -7.9038766e-03   1.5396114e-03
  -1.8234948e-01   3.3467756e-02   5.2225177e+00  -8.5288345e-03  -8.2144274e-03   1.3603503e-03
  -1.7466585e-01   5.0748528e-02   5.1965728e+00  -8.9496195e-03  -8.5559061e-03   1.2543307e-03
  -1.9200923e-01   5.4781296e-02   5.2991122e+00  -7.5329037e-03  -8.4067844e-03   1.3665262e-03
  -1.7252868e-01  -2.2036618e-03   5.3494975e+00  -1.1262038e-02  -6.3042282e-03   1.5598796e-03
  -1.7844569e-01   1.2989870e-03   5.3114613e+00  -1.0259131e-02  -6.9289072e-03   2.5076083e-03
  -1.8891541e-01   5.2654264e-03   5.3435440e+00  -8.9747975e-03  -6.7923370e-03   2.3783191e-03
  -1.7981756e-01   4.0123414e-02   5.3361950e+00  -9.4021615e-03  -7.5262863e-03   2.2869686e-03
  -1.8460964e-01   5.2000379e-02   5.3265081e+00  -8.9315472e-03  -7.5249113e-03   2.5227750e-03
  -1.8190642e-01   4.4962098e-02   5.3294718e+00  -8.5202585e-03  -7.8151097e-03   2.0493883e-03
  -1.8452018e-01   2.1958789e-02   5.3187129e+00  -8.7070069e-03  -8.0608237e-03   1.9266957e-03
  -1.9280030e-01   2.9666049e-02   5.3271283e+00  -8.4789824e-03  -8.4235891e-03   2.1070543e-03
  -1.8185879e-01   1.9593053e-02   5.2975772e+00  -9.2142660e-03  -8.0500212e-03   1.5614924e-03
  -1.9338634e-01   3.3177382e-02   5.3259842e+00  -8.8705266e-03  -8.5248921e-03   1.9595931e-03
  -1.8398693e-01   1.9328930e-02   5.3283473e+00  -8.2662386e-03  -8.4234285e-03   1.7258696e-03
  -1.8785204e-01   2.4893939e-02   5.3229633e+00  -8.8763978e-03  -8.5257015e-03   1.8918293e-03
  -1.9684205e-01   3.4102322e-02   5.3213685e+00  -8.8895802e-03  -8.8910373e-03   2.0217909e-03
  -1.8828800e-01   2.4936942e-02   5.3463754e+00  -8.1397651e-03  -8.3196030e-03   1.7561363e-03
  -1.8669392e-01   2.7253411e-02   5.3447223e+00  -8.2587772e-03  -8.6201021e-03   1.8609081e-03
  -2.0515950e-01   1.9453408e-02   5.3297178e+00  -8.7650287e-03  -8.7201319e-03   2.2875481e-03
  -1.7996723e-01   2.6145658e-02   5.3389527e+00  -8.7512343e-03  -8.4963943e-03   1.6380153e-03
  -1.7363253e-01   3.2641975e-02   5.3262738e+00  -9.3290399e-03  -8.5938471e-03   1.6090266e-03
  -1.8112046e-01   5.1316370e-03   5.3453912e+00  -8.6492024e-03  -8.6601057e-03   1.6770538e-03
  -1.9574184e-01   3.8936729e-02   5.4450296e+00  -7.5079673e-03  -8.0468719e-03   2.3138760e-03
  -1.6901885e-01   2.0232746e-02   5.3571369e+00  -1.0918920e-02  -6.2372126e-03   2.2705135e-03
  -1.7558756e-01   7.8121190e-03   5.4085901e+00  -1.0133542e-02  -7.4060827e-03   1.9930693e-03
  -1.7856630e-01   2.6207912e-02   5.4354547e+00  -9.0017447e-03  -7.5252509e-03   2.2392919e-03
  -1.7650117e-01   4.8122092e-02   5.4373583e+00  -9.8650827e-03  -7.8188023e-03   2.0161465e-03
  -1.6887113e-01   8.2865371e-03   5.4319374e+00  -9.3009254e-03  -7.9824326e-03   1.5365217e-03
  -1.6620695e-01   1.0119920e-02   5.4030737e+00  -1.0281543e-02  -8.0031732e-03   1.7308966e-03
  -1.7246060e-01   1.9777920e-02   5.4261890e+00  -9.6322882e-03  -7.8023974e-03   1.8539454e-03
  -1.7554852e-01   2.1858138e-02   5.4211079e+00  -9.6329214e-03  -7.6588658e-03   2.0407886e-03
  -1.7958144e-01  -2.1859330e-03   5.4372926e+00  -9.3408639e-03  -7.4455766e-03   2.0448701e-03
  -1.9282693e-01   5.0516365e-03   5.4567368e+00  -9.4354115e-03  -8.2085129e-03   1.8473625e-03
  -1.7304942e-01   1.7412517e-02   5.4339003e+00  -9.9343937e-03  -8.1556890e-03   1.5836385e-03
  -2.0106182e-01   1.2946277e-02   5.5319994e+00  -1.0037937e-02  -7.4848029e-03   1.8542631e-03
  -1.7039364e-01   2.7156963e-02   5.4833950e+00  -8.3456794e-03  -3.9396328e-03   2.3817431e-03
  -1.6162764e-01  -5.1537949e-03   5.7382424e+00  -1.2822334e-02  -1.9242561e-03   3.7797567e-03
  -1.5370354e-01   7.7738888e-02   5.5793632e+00  -1.1744203e-02  -4.5697680e-03   3.6131190e-03
  -1.5753957e-01   7.2575043e-02   5.6347698e+00  -1.1441615e-02  -4.7796758e-03   3.1393880e-03
  -1.8650441e-01   4.4679437e-02   5.7029469e+00  -1.0825356e-02  -5.1997930e-03   3.6591308e-03
  -1.6672579e-01   5.1698442e-02   5.5976921e+00  -1.0330980e-02  -5.9100373e-03   3.0417670e-03
  -1.5864818e-01   2.4605431e-02   5.6038328e+00  -1.0860415e-02  -5.7190579e-03   3.0102752e-03
  -1.8058971e-01   2.6804344e-02   5.6635636e+00  -9.8710729e-03  -6.4537574e-03   2.9148111e-03
  -1.8590723e-01   3.2793997e-02   5.5989314e+00  -1.0479178e-02  -7.1437072e-03   2.9138989e-03
  -1.7099178e-01   2.7046959e-02   5.5951147e+00  -1.0011403e-02  -6.9671017e-03   2.9046894e-03
  -1.7975724e-01   2.5556434e-02   5.5780579e+00  -9.5041188e-03  -7.6981762e-03   2.5181559e-03
  -1.6679117e-01   2.2688635e-02   5.6106734e+00  -9.0116112e-03  -7.3791214e-03   1.8657108e-03
  -1.7009049e-01   4.5852928e-02   5.5764039e+00  -9.9277128e-03  -7.0781637e-03   2.0310512e-03
  -1.7162272e-01   5.9059000e-02   5.6179651e+00  -8.8410772e-03  -7.2142943e-03   2.3799254e-03
  -1.5902923e-01   4.2201537e-02   5.5719875e+00  -9.8282834e-03  -7.5737928e-03   1.5875725e-03
