   0.0000000e+00   0.0000000e+00   0.0000000e+00   0.0000000e+00   0.0000000e+00   0.0000000e+00
  -2.0494538e-02   3.7658703e-02  -1.5854079e-02  -8.7827784e-05   1.5687751e-04   6.0655740e-04
  -1.8855944e-04   3.1696135e-02  -1.9353942e-02  -3.1815128e-05   3.6343900e-04   2.7746526e-04
  -1.2197820e-02   2.4901397e-02  -6.7839862e-02  -7.6059281e-04   9.3928603e-04   3.4566836e-04
   2.2083595e-02  -9.1327147e-03  -6.8808595e-02  -1.2241165e-03   4.5333122e-04  -5.4864049e-04
  -1.4730048e-03   3.1239881e-03  -3.7200948e-02  -3.0455686e-04   2.4768469e-04   2.4287043e-04
   1.0584318e-03   1.5688396e-02  -5.2093224e-02  -1.7597957e-04  -1.3141000e-05   1.1800658e-04
   7.3182060e-03   1.3000747e-02  -7.5021410e-02  -9.4727516e-04   1.5536787e-04   1.8258962e-04
  -1.4696865e-02   3.3323177e-02  -8.3159414e-02  -1.1755169e-03   1.9944985e-04   1.9868439e-04
   3.0043024e-02  -8.2053585e-02  -2.6539693e-02   1.2385629e-03   1.0393830e-03  -1.2777994e-03
   2.6099102e-02   1.5014597e-02  -1.0642313e-01  -6.5911998e-04   7.7641459e-04  -5.1297257e-04
  -2.1036099e-02   1.2183427e-02  -7.2340053e-02  -4.9364781e-04   8.6455178e-04   5.9885314e-05
  -5.8076805e-03   6.7749886e-03  -6.5887316e-02  -4.4894117e-04   5.5880788e-04   9.5366257e-05
   7.3304648e-03  -2.1517605e-02  -8.4936416e-02  -5.8595377e-04   1.3879294e-03   8.1589123e-06
   1.0206565e-02   1.0736227e-02  -7.6326627e-02  -6.9048863e-05   1.1153839e-03   2.3060344e-05
   1.4245941e-02   2.2733308e-02  -7.5688945e-02   3.1626449e-04   3.4767667e-04  -3.1227548e-04
  -1.9077703e-03   2.2659495e-02  -6.7167319e-02  -8.1900908e-05   4.7436967e-04  -3.4076332e-04
   3.6012288e-04  -8.4758692e-03  -1.2869317e-01  -1.0827511e-03   7.4947838e-04  -7.4760678e-05
   1.3901326e-02   2.0275243e-03  -1.1905529e-01  -6.2667353e-04   7.4035666e-04  -5.2402510e-04
   5.3626257e-03   2.0049652e-03  -1.1752253e-01  -6.5820583e-04   4.3412648e-04  -5.3089377e-04
  -5.5833290e-03   1.7247293e-02  -1.1386159e-01  -5.2311115e-04   6.8971472e-04   1.0733453e-05
  -9.8241769e-03  -1.6898794e-02  -1.4170756e-01  -1.2317854e-03   4.9466967e-04  -4.4502206e-04
   4.6349966e-03  -2.8274183e-02  -1.4444149e-01  -1.0119378e-03   5.4524343e-04  -3.9952412e-04
   1.4345209e-03   1.9268305e-03  -1.3299948e-01  -6.3274631e-04   7.9364133e-04  -2.5732546e-04
  -2.9354440e-02  -5.7103742e-03  -1.2986620e-01  -6.1683122e-04   7.6046843e-04  -5.9156028e-05
  -1.6546228e-02   3.9013005e-03  -1.3446705e-01  -8.9636872e-04   1.1219606e-03  -1.0888826e-04
  -1.7729742e-02  -2.1854930e-02  -1.4990842e-01  -1.0086332e-03   6.2233473e-04  -1.7998810e-04
  -2.3243406e-02  -3.1824665e-02  -1.1487320e-01  -5.7577865e-04   1.2220421e-03   1.9075851e-05
  -6.3166644e-03  -3.7176164e-02  -8.8477127e-02   4.2471748e-04   6.9486930e-04  -5.9630290e-04
  -2.9762158e-02  -1.3364615e-02  -9.5975647e-02   6.0597584e-04   4.8523912e-04  -1.8438483e-04
  -6.5247527e-02   7.8429654e-04  -8.5603911e-02   8.1732270e-04   9.6142300e-04  -1.4117945e-04
  -3.1147740e-02  -3.3935786e-02  -9.3745549e-02  -1.8189769e-05   1.3342248e-03  -1.8506491e-04
  -2.4514316e-02  -3.2484962e-02  -1.3152079e-01  -5.9457598e-04   1.4139060e-03  -1.9472932e-04
  -2.5130617e-02  -3.9507610e-02  -1.3279924e-01  -8.7489413e-04   3.7615338e-04  -1.8841287e-04
  -3.2385618e-02  -2.7507377e-02  -8.4266486e-02   7.7792115e-05   4.3208079e-04   2.5291117e-05
  -3.0243864e-02  -3.4569631e-02  -1.1932668e-01  -7.7683062e-04   8.1932421e-04   1.0924771e-04
  -1.8024846e-02  -5.1326354e-02  -1.2847996e-01  -4.2207290e-04   6.2524033e-04  -3.9570758e-04
  -2.5712513e-02  -1.9811730e-02  -1.3175165e-01  -5.1701811e-04   7.5735342e-04  -1.0223176e-04
  -1.5712499e-02  -3.7109600e-02  -9.7307089e-02  -2.2873495e-03   9.3972616e-04  -2.9675789e-04
  -4.2153695e-02  -3.4592183e-02  -1.2611651e-01  -2.0514717e-03   9.5144189e-04   3.7732914e-04
  -3.2172991e-02  -1.3118517e-02  -1.0122131e-01  -9.5569715e-04   7.1872434e-04  -2.9303153e-04
  -2.5587409e-02  -4.0014569e-02  -9.2834117e-02  -1.4010352e-03   5.8313078e-04  -2.8021413e-04
  -3.9975093e-02  -2.0647919e-02  -8.8994951e-02  -1.4741708e-03   7.6695287e-04   2.6550670e-05
  -2.8997357e-02  -2.6756065e-02  -1.2877323e-01  -2.1589605e-03   1.8164336e-04  -7.6666564e-04
  -4.2850641e-02  -1.7912682e-02  -1.3853083e-01  -2.2296769e-03  -3.0107335e-06  -4.5325822e-04
  -4.0151237e-02  -2.2978934e-02  -1.2393730e-01  -1.7131225e-03   6.4541924e-04   1.5512434e-06
  -4.7563999e-02  -8.6023539e-04  -1.0782003e-01  -1.1490219e-03   1.0497730e-03   8.6514786e-05
  -5.5379068e-02  -1.5191399e-02  -1.6483039e-01  -2.5998972e-03   4.1638901e-04   7.2347504e-05
  -6.5753081e-02  -1.5075309e-01  -8.3048942e-02  -4.1386994e-04   9.9492884e-04   1.6078171e-04
  -4.5295266e-02  -1.3631006e-02  -9.1475187e-02  -1.4799537e-03   4.6215370e-04  -2.4664267e-04
  -6.7544253e-02  -3.4433018e-02  -9.3365019e-02  -1.4695977e-03   5.0564042e-04   1.0650560e-05
  -4.8519151e-02  -3.3416312e-02  -7.4963226e-02  -3.4764902e-04   8.2058813e-04  -3.4142791e-04
  -6.3742649e-02  -2.2344340e-02  -7.4813333e-02  -5.6253533e-04   7.8911582e-04   1.7235299e-04
  -3.8827286e-02  -1.6872250e-02  -2.4332448e-02   4.4303232e-04   1.4641880e-03   2.9398553e-05
  -4.0738608e-02  -1.1119817e-02  -8.0710540e-02  -1.4243166e-03   4.2737220e-04  -2.8997752e-04
  -5.6100902e-02  -3.9241037e-03  -8.4932328e-02  -9.7756174e-04   5.8454939e-04  -1.1773049e-05
  -3.2935511e-02   4.8006664e-03  -8.4759851e-02  -1.1992995e-03   7.5805714e-04  -3.6431976e-04
  -5.7875451e-02  -9.0005848e-03  -1.1682360e-01  -1.4301089e-03   4.7058357e-04  -3.1570223e-04
  -8.8418165e-02   2.1363207e-02  -1.5050076e-01  -2.2306672e-03   7.0345636e-05   3.0691068e-04
  -6.2864679e-02   9.3591357e-03  -1.2453998e-01  -1.5612416e-03   2.3966728e-05  -3.1702471e-04
  -6.8006678e-02   6.7746254e-03  -9.7888194e-02  -1.3774447e-03   1.9949959e-04   8.0439293e-06
  -6.4311239e-02  -2.3146857e-02  -8.8088081e-02  -1.3446471e-03  -1.6445233e-04   5.2079771e-04
  -6.1300945e-02  -1.3604780e-02  -9.2560344e-02  -1.3542399e-03   1.4026286e-04  -2.4661908e-04
  -7.6869076e-02   1.2677224e-02  -1.2711611e-01  -2.0073031e-03   1.3506704e-04   2.3442815e-04
  -5.8054467e-02  -1.0357889e-02  -9.4808229e-02  -9.4120916e-04   4.5139572e-04  -3.5755916e-04
  -6.7336580e-02   6.8641908e-03  -1.0819856e-01  -1.7089341e-03   8.2380600e-05   1.5317679e-04
  -7.0696076e-02  -2.5212224e-02  -8.4534225e-02  -1.2224959e-03   6.3646032e-06  -2.4320462e-04
  -8.8142451e-02  -1.4329162e-01  -1.4244005e-01  -2.9508425e-03   4.1138188e-04   8.0864016e-04
  -7.3312478e-02  -7.3020323e-03  -8.1293299e-02  -9.7880164e-04   1.8858685e-04  -6.8128668e-05
  -9.1446568e-02  -3.7231600e-02  -8.1443537e-02  -1.5377646e-03   4.1819992e-05   1.1418953e-04
  -7.6185929e-02   9.5311848e-03  -4.3437358e-02  -1.0543637e-03  -8.2936008e-05   7.9210769e-05
  -7.4248710e-02   2.3727479e-02  -5.1403322e-02  -1.3402763e-03   1.8906304e-04   1.1687930e-04
  -6.4862485e-02  -2.3609961e-03  -6.5327785e-02  -1.4420589e-03  -1.1242394e-04  -1.3888797e-04
  -6.3170695e-02   1.1597311e-03  -7.2826409e-02  -1.9762077e-03   1.3767455e-04  -9.8565061e-05
  -6.8581038e-02   1.9415064e-02  -6.3443819e-02  -1.9344351e-03   1.6878848e-04  -2.6847433e-04
  -5.5309046e-02   3.3570302e-03  -5.8137981e-02  -1.8036660e-03  -1.5936650e-04  -4.1995357e-04
  -9.4075818e-02  -2.0818499e-03  -4.9803694e-02  -1.8789684e-03   4.5134152e-04   4.9404091e-04
  -7.7294629e-02  -1.8295425e-03  -2.7834490e-02  -9.9968087e-04  -1.0633568e-04   2.2640348e-05
  -6.0998745e-02  -1.2060839e-02   6.5571916e-03  -1.7081090e-04   4.8730580e-05  -3.1381131e-04
  -8.1645797e-02   2.1550548e-02  -3.5029086e-02  -2.0201848e-03   7.1266972e-04   1.7320137e-04
  -7.6778069e-02   2.4517339e-02  -5.2897473e-02  -1.9589562e-03  -1.0717358e-04  -5.9339473e-05
  -8.1991888e-02  -8.4748058e-04  -4.5047860e-03  -7.3571754e-04   8.8277426e-04   6.6821564e-05
  -8.0015251e-02   1.2850992e-02   4.0462316e-02   8.9968421e-04   1.1816484e-03   2.2832968e-04
  -8.8733186e-02  -3.2630690e-02   1.9812919e-02   3.6222613e-04   3.9186515e-04   3.5771351e-05
  -8.1421875e-02  -2.7879176e-02   1.0153498e-01   1.2247089e-03   1.6727735e-04  -4.5279097e-04
  -8.5974937e-02   2.0738149e-02   6.1449069e-02  -1.4708571e-04   5.7265679e-04   2.4105076e-05
  -9.6337257e-02  -2.3174415e-02  -3.4948661e-03   4.6889216e-04   5.6144366e-04   2.1396647e-04
  -8.1805790e-02  -9.3657987e-03   7.3872335e-03   3.4691001e-04   8.3228116e-04  -4.0276990e-04
  -6.9205863e-02  -8.6135820e-03   5.4506529e-02   1.0591189e-03   1.5221201e-03  -3.5414130e-04
  -8.3351305e-02  -3.1284670e-03   4.9430422e-02   4.9806394e-04   1.4461003e-03   6.0386010e-05
  -7.2268041e-02   1.4702412e-02  -6.0232884e-05  -4.0723430e-04   5.7282306e-04  -3.6819451e-04
  -7.5419907e-02  -5.1768356e-04   7.4046471e-03   2.6701739e-04   9.2148391e-04  -3.3157916e-04
  -8.4839593e-02  -2.4811701e-02   3.2693782e-02   1.7697497e-04   1.0518843e-03  -2.0198063e-04
  -5.5104559e-02  -5.5389290e-03   3.1128296e-02   2.9936605e-05   8.5274255e-04  -8.0845595e-04
  -7.0957838e-02  -7.5680206e-04   5.3704037e-02   6.2655214e-04   9.1625341e-04  -2.2511639e-04
  -6.3557548e-02   3.2884705e-02   3.1902041e-02  -2.5969285e-04   1.0900239e-03  -3.4275253e-04
  -7.4670718e-02  -1.4267967e-02  -3.6396947e-03  -9.8554213e-04   7.8244884e-04  -2.6354619e-04
  -6.2032533e-02   1.3578317e-02   2.4145881e-02  -8.8823150e-04   6.9035244e-04  -2.4066231e-04
  -6.5200904e-02  -9.8275198e-03   5.3293534e-02  -2.1130906e-04   1.0160218e-03  -5.0587708e-04
  -9.0982816e-02   1.6253534e-03   5.1860496e-02  -3.0263420e-04   1.1875391e-03   6.0778845e-04
  -5.6519673e-02  -8.7326407e-03   5.5500261e-02  -8.0559885e-04   1.3550494e-03  -4.9242066e-04
  -8.0195051e-02  -4.3047959e-03   1.1016853e-01  -1.7961891e-04   1.0994774e-03  -1.5929028e-04
  -6.0425451e-02   9.1886434e-04   9.6953419e-02   4.0492478e-04   1.0296234e-03  -3.5502540e-04
  -8.3780202e-02   2.6920380e-02   9.6726059e-02   1.9395817e-04   1.0250785e-03   3.3177950e-04
  -7.4977782e-02   1.6968531e-02   1.0242102e-01   1.0215674e-04   1.0033374e-03  -3.8818776e-04
  -1.1354685e-01   4.7500658e-02   1.2910132e-01  -6.6066631e-06   1.3777492e-03   5.0480439e-04
  -9.3596747e-02   5.4446938e-02   8.7568837e-02  -3.2929375e-04   8.8356404e-04   5.8930880e-05
  -1.0520037e-01   5.2695390e-02   1.1501089e-01  -2.6170538e-04   9.7285898e-04   3.2809844e-04
  -9.8552104e-02   4.6895735e-02   1.4307950e-01  -5.3607127e-04   9.1633992e-04   1.9468520e-04
  -7.0840364e-02  -7.1218327e-03   1.1249310e-01  -6.4918000e-04   5.8206800e-04  -6.7084619e-04
  -7.9159640e-02   1.5215228e-02   1.3364706e-01  -5.1432929e-04   8.8991405e-04  -2.7690482e-04
  -8.0793221e-02   1.9495757e-02   1.1368808e-01  -1.2891450e-03   5.0529855e-04  -3.5934065e-04
  -9.1537501e-02   4.9440920e-02   8.4340560e-02  -1.6717335e-03   5.1128637e-04  -1.6888236e-04
  -9.3346424e-02   4.8340841e-02   5.9656460e-02  -2.1795318e-03   7.1474501e-04   2.1043993e-04
  -9.4220802e-02   5.4557848e-02   8.4871300e-02  -1.6434892e-03   1.5427037e-04  -1.5821691e-04
  -1.1051632e-01   6.8608122e-02   1.0951283e-01  -1.4286309e-03   1.5266974e-04   5.3047198e-04
  -9.2402796e-02   7.1514092e-02   1.5279901e-01  -7.2366328e-04   1.7989719e-04   4.8426385e-05
  -1.0395411e-01   4.3852323e-02   1.4250404e-01  -1.5383504e-03   7.2274864e-04  -3.3963238e-05
  -1.0818361e-01   5.5449321e-02   1.3617871e-01  -1.7273550e-03   4.5519593e-04   1.0411743e-04
  -9.1057026e-02   4.2427573e-02   1.9003921e-01  -6.1663798e-04   3.8355107e-04  -3.9862891e-05
  -9.0414123e-02   6.4527238e-02   1.8321164e-01  -8.3345534e-04  -1.3441782e-04  -2.7855943e-04
  -1.0576680e-01   7.9223799e-02   1.6062424e-01  -1.4767580e-03   1.1938523e-04   7.4899437e-05
  -9.2574705e-02   5.0973631e-02   1.6735609e-01  -9.8832537e-04   4.2234227e-04  -1.8097613e-04
  -1.0692469e-01   5.6070238e-02   1.7598449e-01  -8.6560993e-04   3.3050472e-04   2.1246737e-04
  -9.1763877e-02   4.3468503e-02   1.9335420e-01  -4.8363302e-04   1.8980922e-04  -2.6180859e-05
  -7.7966940e-02   6.7063762e-02   1.9148601e-01  -9.8512386e-04  -2.8987116e-05  -4.1119861e-04
  -8.5811953e-02   6.8080505e-02   1.6160212e-01  -1.8544329e-03   9.4361520e-05  -1.1756516e-04
  -1.0243698e-01   7.6380837e-02   1.9233566e-01  -1.5031341e-03   1.1122923e-04   1.1361099e-04
  -9.2968664e-02   4.8901728e-02   2.0619020e-01  -8.9451212e-04   2.1014294e-04  -2.2265863e-04
  -1.0334256e-01   5.5043330e-02   1.7509140e-01  -1.5287367e-03   5.2117875e-04   3.4770622e-04
  -9.9958428e-02   5.6553553e-02   1.7783757e-01  -1.7124166e-03   3.3449769e-04  -1.2660585e-04
  -9.7595103e-02   8.3974062e-02   1.9376338e-01  -1.3859364e-03   1.1166413e-04   2.1592410e-04
  -1.0978875e-01   7.8347780e-02   2.1174395e-01  -1.0410641e-03   3.6994328e-04   2.3568015e-05
  -1.1374026e-01   8.9796046e-02   1.8836691e-01  -1.2081917e-03  -2.5224949e-04   3.5065994e-04
  -1.4632972e-01   1.9625627e-02   1.8878532e-01  -2.1422872e-03   7.8829967e-05   3.1975646e-04
  -1.0935958e-01   5.9200446e-02   2.3516539e-01  -1.1938182e-03  -3.2884072e-04   3.5860556e-04
  -1.0700582e-01   9.0783662e-03   2.2322100e-01  -1.3741446e-03  -4.6595343e-04   1.5260978e-04
  -9.3275505e-02   4.5351781e-02   2.2818373e-01  -5.6254072e-04  -4.5686671e-04  -8.4437455e-05
  -1.1408229e-01   8.9668822e-02   2.1181599e-01  -1.6119224e-03  -1.5357280e-04   1.6972679e-04
  -1.2248097e-01   9.8126613e-02   2.2227647e-01  -1.1365467e-03   1.4046831e-04   1.6899397e-04
  -1.1373425e-01   6.5181066e-02   2.1373611e-01  -2.3727783e-03   1.9447779e-04   8.6394488e-05
  -1.3507932e-01   6.2408845e-02   2.6860361e-01  -7.1632569e-04   1.8692834e-04   6.7907538e-05
  -1.3332159e-01   7.2403071e-02   2.8721870e-01   7.4880577e-04   2.2183072e-04   2.3525536e-04
  -1.2196121e-01   3.1754463e-02   2.9214430e-01   8.6348174e-05   4.6494639e-04   2.4340524e-04
  -9.7449407e-02   6.6368329e-02   3.0693218e-01   5.1015255e-04   3.6491050e-04  -3.9664289e-04
  -1.0237099e-01   8.6226573e-02   3.2594394e-01   2.8219318e-04   8.0490603e-04  -2.2681890e-04
  -9.8799365e-02   9.3645093e-02   2.9264258e-01  -9.9189622e-04   1.5140503e-05  -1.4178770e-04
  -8.0090885e-02   1.0399652e-01   2.9599064e-01  -3.0789567e-04   4.6496281e-04  -4.7826454e-04
  -9.9641724e-02   9.6059174e-02   2.9121378e-01  -8.0758769e-04   4.0358041e-04  -1.0865509e-04
  -1.0030629e-01   7.3263243e-02   2.8691860e-01  -8.9175571e-04   5.7401697e-04  -2.0659977e-04
  -8.7454674e-02   1.1378178e-01   2.9781540e-01  -2.8921340e-04   4.3902968e-04  -7.6514633e-04
  -9.6781589e-02   9.2238709e-02   2.7776260e-01  -1.2606076e-03   4.0957078e-04  -1.4807427e-05
  -8.5890412e-02   6.1878088e-02   3.0908517e-01  -8.8163348e-04   5.3538821e-04  -2.2292776e-04
  -8.6448422e-02   6.6760402e-02   3.2503283e-01  -8.5628637e-04   2.1765231e-04  -2.7337121e-04
  -8.4905830e-02   8.5436185e-02   3.6575317e-01  -7.6785303e-04   4.5181089e-04   4.7924035e-04
  -6.2720570e-02   6.9312030e-02   3.5303972e-01  -4.8549860e-04   2.9007562e-04  -1.9350943e-04
  -8.4702857e-02   9.0584811e-02   3.4484912e-01  -1.0793933e-03   4.8809593e-05  -2.3610112e-04
  -8.2135806e-02   9.2218513e-02   3.6362217e-01  -3.7717573e-04   3.0391007e-04  -1.8544250e-04
  -8.2111982e-02   7.5927315e-02   3.5004539e-01  -8.4093657e-04   4.0147588e-04   1.4240919e-05
  -7.7754879e-02   1.0663550e-01   3.6900263e-01  -1.0357591e-03   3.7363458e-04   1.8112557e-04
  -9.7902644e-02   6.9276931e-02   3.6860993e-01  -1.0748388e-03   3.3158091e-04   3.0316445e-04
  -1.0619864e-01   1.0024093e-01   3.8309101e-01  -6.3696762e-04   3.0670360e-04   3.6472246e-04
  -1.0033867e-01   9.0498714e-02   3.7903234e-01  -2.2701786e-03   4.9660322e-04  -7.6081684e-05
  -9.4075938e-02   7.9727708e-02   3.8354571e-01  -1.4242212e-03  -2.1454612e-04   1.6668105e-05
  -8.2686265e-02   8.6379386e-02   4.1232822e-01  -1.0757493e-03   3.2731397e-04   1.1286832e-04
  -8.2702965e-02   8.0602113e-02   4.2344531e-01  -1.4241553e-03   7.0180797e-04  -1.1300326e-04
  -1.0443904e-01   9.0845337e-02   3.7511081e-01  -2.3257592e-03   1.9203534e-04   4.8381456e-05
  -9.1383828e-02   1.0462068e-01   3.9375042e-01  -1.7980269e-03  -4.8550640e-04  -1.9971820e-04
  -8.5336522e-02   1.1693828e-01   4.2444866e-01  -1.4759336e-03  -2.9379306e-04  -4.1208049e-04
  -8.5779094e-02   1.1007690e-01   3.9007690e-01  -2.0022813e-03  -2.9291831e-04  -4.6921294e-05
  -1.0107713e-01   9.3301715e-02   3.9498203e-01  -1.4188798e-03  -4.4521333e-04   1.6355969e-05
  -1.0931500e-01   1.2218927e-01   3.8665986e-01  -1.9820256e-03  -6.1866697e-04   5.4339353e-04
  -1.0889489e-01   1.2200866e-01   4.0467705e-01  -2.1055484e-03  -6.7334740e-04  -5.3931403e-04
  -8.9960907e-02   1.0653708e-01   3.9812499e-01  -1.9575343e-03  -4.1593293e-05  -1.2928835e-04
  -1.1133121e-01   1.0501631e-01   4.9413756e-01  -7.3856890e-04   1.1226211e-03   1.8855409e-05
  -9.0311010e-02   1.1306742e-01   4.1241620e-01  -2.2448617e-03   3.1345265e-04   1.7329731e-04
  -1.0426320e-01   7.9890456e-02   4.5425941e-01  -1.0951982e-03  -1.3832992e-04   2.9131720e-04
  -1.4689388e-01   9.7821030e-02   5.0523451e-01  -2.8817897e-04   1.0095875e-03   1.0517765e-03
  -9.2540673e-02   1.0062377e-01   4.2305146e-01  -2.1673927e-03   6.4323342e-04   1.7167220e-04
  -1.1006220e-01   1.1049509e-01   4.6871797e-01  -1.2181267e-03   7.8416998e-04   9.3084212e-05
  -1.1563327e-01   1.2103514e-01   4.3840024e-01  -1.0948330e-03   1.1662988e-03  -2.7650300e-04
  -1.1479881e-01  -3.1837749e-02   3.6908047e-01  -8.8856441e-04   1.6586274e-03   4.4559814e-05
  -1.0580654e-01   9.7476414e-02   3.5683990e-01  -1.9645979e-03   1.9456376e-03   5.6959072e-04
  -1.1499066e-01   1.0360105e-01   4.3121819e-01  -1.5338380e-03   1.5225162e-04   6.7335145e-04
  -9.8224096e-02   1.2774992e-01   4.4249150e-01  -2.0436168e-03  -3.2240284e-04   1.6649067e-04
  -1.0339000e-01   1.2491545e-01   4.8643243e-01  -1.5629126e-03  -1.9781348e-04   4.7254418e-04
  -9.9701476e-02   1.1778595e-01   4.5510573e-01  -2.1484021e-03   3.4938755e-04  -1.0418331e-06
  -1.0309015e-01   1.0675503e-01   4.8396570e-01  -1.7184105e-03   6.3370796e-05   6.9100774e-05
  -9.3706539e-02   1.0798284e-01   5.5237915e-01  -3.0989909e-03   4.4994377e-04  -2.5602782e-04
  -9.5749478e-02   1.0738330e-01   5.2536651e-01  -2.0135565e-03  -5.9997661e-05  -1.2989293e-05
  -1.0043187e-01   1.3293563e-01   5.8460497e-01  -8.1404297e-04  -2.9528601e-04   1.6541956e-04
  -1.0147021e-01   1.2719975e-01   5.7229271e-01  -1.7410292e-03  -2.6768097e-05  -7.9266031e-05
  -9.7008054e-02   1.2903712e-01   5.6039635e-01  -1.8319542e-03   8.0389478e-05   1.1511863e-04
  -1.0247705e-01   1.3532479e-01   5.8230389e-01  -1.4813777e-03   1.1269579e-04  -6.9434114e-05
  -8.9780442e-02   1.2914845e-01   5.7352037e-01  -2.0696514e-03   1.3023102e-06   1.0896751e-05
  -8.9214612e-02   1.1397783e-01   5.7231016e-01  -2.3048702e-03  -5.4017971e-05  -1.6503046e-05
  -8.8344370e-02   1.1796854e-01   5.8902339e-01  -2.2745896e-03  -1.6249999e-04  -1.8786590e-04
  -9.2047624e-02   1.1357072e-01   5.8358767e-01  -2.3276292e-03  -1.5565459e-04  -1.4490552e-04
  -8.9767557e-02   1.1920668e-01   5.9219560e-01  -2.0249506e-03   2.7770099e-04   1.8593496e-04
  -9.4743027e-02   1.3048490e-01   6.2073058e-01  -1.8492517e-03  -1.8073551e-04   1.3917157e-04
  -9.5960691e-02   1.3118450e-01   6.0690553e-01  -2.6721753e-03  -1.4054444e-04   3.1291403e-04
  -7.2600864e-02   1.1961056e-01   6.3610427e-01  -1.6197525e-03   5.1505650e-06  -2.1751778e-04
  -7.2130330e-02   1.4517055e-01   6.4409513e-01  -1.9147993e-03  -2.3331657e-04  -2.7223082e-04
  -1.0759565e-01   1.4388263e-01   6.0042552e-01  -2.6160778e-03   1.7645577e-04   3.9415849e-04
  -1.0622958e-01   1.5730283e-01   6.8307390e-01  -1.1617906e-03  -1.0910029e-03   5.1975234e-05
  -9.4861929e-02   1.1907740e-01   6.5270496e-01  -2.0769853e-03   2.4664249e-04   3.5184237e-04
  -8.6934996e-02   8.6178143e-02   6.6301156e-01  -1.0684121e-03   5.3457742e-04   1.9089668e-04
  -7.4538563e-02   1.0545792e-01   6.8588843e-01  -1.5731627e-03   5.5810533e-04  -7.2990893e-05
  -7.0692090e-02   1.1463724e-01   7.1144222e-01  -1.6409183e-03   3.3439160e-05  -1.6414516e-04
  -1.1685723e-01   1.4792747e-01   7.7555739e-01  -1.1747063e-03   6.5983367e-04   5.8249909e-04
  -7.6858547e-02   1.1274090e-01   6.7813760e-01  -2.0085723e-03   3.1427112e-04  -2.9163162e-04
  -7.2335952e-02   1.1759845e-01   6.7571060e-01  -2.0609055e-03   2.0764319e-04   1.6692899e-04
  -6.7889681e-02   1.4334591e-01   7.3541716e-01  -8.9671488e-04   1.7866681e-04  -3.2082685e-04
  -7.7262809e-02   1.6604855e-01   7.3617870e-01  -1.6963842e-03   3.7017912e-04   2.7529364e-04
  -7.8117440e-02   1.6866828e-01   7.5752727e-01  -2.4944767e-03   9.3167857e-04   2.5520644e-04
  -7.7453863e-02   1.3507856e-01   7.4064868e-01  -2.2987575e-03   1.5853626e-04  -7.0846364e-05
  -8.6804482e-02   1.5947991e-01   7.7060678e-01  -1.5891559e-03   4.9486938e-04   5.7817146e-04
  -8.3315867e-02   3.7524067e-02   7.5495150e-01  -2.0664462e-03   2.5779552e-04   4.5662220e-04
  -6.1902029e-02   1.5546055e-01   7.6130002e-01  -1.9125624e-03  -4.7888381e-04  -8.1138046e-05
  -5.7805209e-02   1.3773051e-01   7.4892904e-01  -2.7945098e-03   1.5053251e-04  -4.2025462e-04
  -8.3408369e-02   1.5985881e-01   7.3834574e-01  -3.1968076e-03   3.0389530e-04   1.3147156e-04
  -1.0657011e-01   1.5578480e-01   7.6897507e-01  -3.2281245e-03   5.3415992e-04   8.6233619e-04
  -9.1979204e-02   1.4254685e-01   7.5681077e-01  -2.8356665e-03  -2.3229960e-04   3.8596268e-04
  -8.4561583e-02   1.5001405e-01   7.3832313e-01  -2.8556893e-03  -4.2573589e-04   2.4772603e-04
  -7.9039856e-02   1.4291791e-01   8.0155187e-01  -2.0473369e-03  -4.3100212e-04  -1.7461990e-04
  -1.0351222e-01   1.6541783e-01   7.8488763e-01  -2.2444418e-03  -2.2265390e-04   3.2985642e-04
  -9.1928894e-02   1.6002976e-01   7.4115182e-01  -2.7934390e-03  -2.7852149e-05   2.0499267e-04
  -1.0637078e-01   1.8199488e-01   7.8302486e-01  -2.4360161e-03  -3.9785666e-04   2.1110579e-04
  -8.3996999e-02   1.7702454e-01   7.8179088e-01  -2.4893268e-03  -5.1840879e-04   1.3723791e-04
  -8.0535153e-02   1.5957242e-01   8.0200262e-01  -1.8719320e-03  -6.8342499e-05   2.7646627e-04
  -8.4955468e-02   1.6778324e-01   8.0944249e-01  -2.5163863e-03   2.1633098e-04   1.6275148e-04
  -8.7645298e-02   1.5109302e-01   8.1827255e-01  -2.2692174e-03  -1.9042218e-04   2.6903845e-04
  -8.6451871e-02   1.5100590e-01   8.4176349e-01  -1.9806072e-03  -3.6506373e-04   1.1383292e-04
  -8.6003438e-02   1.7399510e-01   8.4528284e-01  -2.2172264e-03  -2.2832174e-04   1.8660978e-04
  -9.0731507e-02   1.6565658e-01   8.7905662e-01  -1.7637842e-03   5.5720013e-04   6.0424924e-04
  -7.3778421e-02   1.5004636e-01   8.2396324e-01  -3.0017893e-03  -3.5110037e-04   6.5000621e-05
  -6.9751442e-02   1.6621932e-01   8.6053831e-01  -1.8448138e-03  -1.8374023e-05  -6.6171800e-06
  -6.0528590e-02   1.7455768e-01   8.5364044e-01  -2.5909883e-03   1.4747732e-05  -6.1704565e-05
  -1.0224281e-01   2.0642889e-01   8.5854286e-01  -2.5498785e-03   1.3062596e-04   5.3896907e-04
  -8.1533202e-02   2.3263175e-01   8.4851182e-01  -3.0316167e-03  -3.6469250e-04   2.0436130e-04
  -7.9489537e-02   2.1083384e-01   8.5880002e-01  -2.6221696e-03  -3.4172702e-04  -1.2812102e-04
  -8.2717617e-02   1.5296804e-01   9.2062585e-01  -1.6046002e-03   3.6596986e-04   2.1676175e-04
  -8.7999658e-02   2.3545194e-01   8.3709751e-01  -3.5626299e-03  -3.1020677e-04   2.2987925e-04
  -7.7094264e-02   1.8217934e-01   9.2150716e-01  -2.0362038e-03  -5.5591659e-05  -1.8379643e-04
  -1.2308784e-01  -6.8370619e-02   8.8737698e-01  -4.5256126e-03   4.9755452e-04   1.6613297e-03
  -8.1342606e-02   1.7004898e-01   9.1123075e-01  -2.7331907e-03  -3.4596089e-05   2.4848059e-04
  -1.3471627e-01  -2.4702402e-01   7.8492685e-01  -6.8685649e-03  -2.0274142e-04   1.6766852e-03
  -4.7826224e-02   2.8289174e-01   9.0968738e-01  -2.7022835e-03  -2.3463925e-04  -4.0193577e-04
  -8.2469476e-02   1.9335086e-01   9.3427988e-01  -2.8387379e-03  -2.1556262e-04   4.9687318e-04
  -7.3005300e-02   2.1272455e-01   9.3497945e-01  -2.9607704e-03  -4.7427782e-04   9.2448775e-05
  -8.0420913e-02   1.8901713e-01   9.0192620e-01  -3.0470844e-03  -2.1085163e-04   1.4819938e-04
  -1.0575702e-01   1.1685865e-01   9.1083426e-01  -3.0646373e-03   6.9670843e-05   9.4102381e-04
  -9.9671280e-02   1.7459087e-01   9.5561946e-01  -2.5127715e-03  -5.2878364e-05   4.5806657e-04
  -5.4722987e-02   1.4797307e-01   9.3937153e-01  -2.9428511e-03  -5.0403969e-04  -6.4550115e-04
  -4.1709321e-02   1.8763065e-01   9.3841767e-01  -3.1941103e-03  -3.5582123e-04  -6.8248830e-04
  -6.4546381e-02   1.8760710e-01   9.6502202e-01  -2.2134928e-03  -2.3709667e-04  -5.1946691e-04
  -7.8372796e-02   8.2085795e-02   9.7097615e-01  -2.9543673e-03  -1.1102623e-04   2.9477878e-04
  -6.0017905e-02   2.1900161e-01   1.0382097e+00  -1.4565567e-03   1.2428582e-04  -3.5587498e-04
  -9.3586228e-02   2.8650031e-01   9.7567152e-01  -2.4482405e-03   2.7619121e-06   7.1215695e-04
  -7.1787342e-02   1.8348653e-01   9.9877164e-01  -1.7542971e-03  -7.4819441e-04  -6.5000909e-04
  -8.7692990e-02   2.0726399e-01   1.0030193e+00  -2.3431743e-03  -4.0187926e-04   3.2495062e-04
  -8.4688783e-02   2.0924136e-01   9.7274795e-01  -3.3758471e-03  -1.0586919e-04   4.4057073e-04
  -6.2459106e-02   2.1536424e-01   1.0112320e+00  -2.4487078e-03  -1.1402494e-04   1.4300895e-04
  -7.9847089e-02   2.2815357e-01   1.0212292e+00  -2.6249976e-03  -4.3567049e-04   4.6771292e-04
  -5.9920472e-02   1.9342393e-01   1.0450826e+00  -2.0772948e-03  -6.2408509e-05  -1.0676173e-04
  -7.3041030e-02   2.0188676e-01   1.0524742e+00  -2.2032213e-03  -1.6188226e-04   2.4194047e-04
  -7.5808974e-02   2.3986118e-01   1.0533270e+00  -2.4334140e-03  -2.2433827e-04   1.0581137e-04
  -1.1024881e-01   2.2027146e-01   1.0865121e+00  -1.3581807e-03  -9.0470114e-04   8.1515986e-04
  -7.6511723e-02   1.7759152e-01   1.1155578e+00  -8.0171110e-04  -1.0666239e-03  -1.0840605e-04
  -6.4995161e-02   1.7024941e-01   1.0989789e+00  -7.3000908e-04  -7.2245008e-04  -4.0683638e-05
  -6.1312156e-02   1.6887297e-01   1.1372426e+00  -2.1963921e-04   2.9623327e-04  -5.0766467e-05
  -1.0221563e-01   2.3966771e-01   1.1698186e+00   5.7656712e-04  -4.6133868e-04   9.7226513e-04
  -8.5553809e-02   2.0892673e-01   1.0983842e+00  -2.0620070e-03  -8.3932326e-04   9.8451415e-04
  -1.7044699e-01   1.3173381e-01   9.7005345e-01  -1.2789454e-03  -1.1622900e-03   1.8688431e-03
  -9.0754396e-02   1.7792963e-01   1.0593300e+00  -1.6447785e-03   3.7409233e-04   1.0428472e-03
  -5.5079206e-02   1.8561639e-01   1.0969292e+00  -2.3788088e-03   2.6775164e-04   4.2743371e-05
  -7.1186287e-02   1.5666622e-01   1.0996556e+00  -2.1942026e-03   2.4539033e-04   6.2533920e-04
  -9.0296538e-02   7.0382624e-02   1.1328900e+00  -1.9153371e-03   6.5230016e-04   7.9766325e-04
  -6.8439172e-02   1.7380813e-01   1.1548391e+00  -1.7729144e-03   2.4398298e-04   4.4399892e-04
  -6.4009044e-02   1.5467927e-01   1.1261528e+00  -2.4709711e-03   4.5209090e-04   6.0359921e-05
  -6.3323454e-02   1.6892271e-01   1.1660416e+00  -1.9708861e-03   5.3064190e-04   3.8431982e-04
  -6.3011873e-02   1.9005854e-01   1.1965119e+00  -1.9853839e-03   1.7797602e-04   2.1106935e-04
  -4.4594913e-02   2.1917750e-01   1.1885522e+00  -2.1410867e-03   9.3782643e-04   9.1094080e-06
  -6.5593192e-02   1.4964213e-01   1.1660698e+00  -2.8460116e-03   5.9818827e-04   6.9145789e-04
  -4.9364529e-02   1.7963278e-01   1.1985673e+00  -2.3782049e-03   6.8377344e-04  -2.4044087e-05
  -5.3254493e-02   1.8401672e-01   1.2525355e+00  -1.6761652e-03   7.8974687e-04   2.6154614e-04
  -6.4494980e-02   1.7907165e-01   1.2394683e+00  -2.0006182e-03   4.6268591e-04   3.5157418e-04
  -6.9552515e-02   1.9170867e-01   1.2353236e+00  -2.1575105e-03   1.2627049e-03   3.9129227e-04
  -5.2400646e-02   1.9029908e-01   1.2493912e+00  -1.9394287e-03   6.5182363e-04   1.3216007e-05
  -4.6397490e-02   3.5970103e-01   1.2396193e+00  -2.0900644e-03   7.8144237e-04  -1.8839333e-04
  -6.0833205e-02   2.4301640e-01   1.2858810e+00  -2.0581523e-03   1.1639088e-03   4.4095942e-04
  -6.9141335e-02   2.1751454e-01   1.2842587e+00  -1.7986584e-03   7.9904953e-04   6.5104838e-04
  -5.4806138e-02   2.1912949e-01   1.2694513e+00  -2.4394870e-03   2.0609454e-04   4.0625178e-04
  -4.1178785e-02   2.2589427e-01   1.3116768e+00  -7.4996912e-04   2.8352666e-04  -1.2394126e-04
  -6.1023792e-02   2.5089743e-01   1.2879633e+00  -1.8248777e-03   8.1240680e-04   5.6147035e-04
  -8.0400260e-02   2.4514322e-01   1.2805476e+00  -1.5303081e-03   5.1335501e-05   4.8072764e-04
  -6.1259613e-02   2.5263013e-01   1.2738397e+00  -1.6030954e-03   4.6534127e-04   3.0121720e-04
  -9.5978481e-02   2.6354209e-01   1.2562199e+00  -2.2477718e-03   1.4851395e-04   1.0416765e-03
  -7.5553805e-02   2.2298717e-01   1.2916385e+00  -1.5281706e-03  -4.2216840e-04   1.9807855e-04
  -8.3930152e-02   2.4116652e-01   1.3363699e+00  -2.0705144e-04   1.8637228e-04   5.4329308e-04
  -5.9286795e-02   2.4870789e-01   1.3525426e+00  -5.1023553e-04   1.4735705e-04   4.0569155e-05
  -5.0573038e-02   2.5950661e-01   1.3011914e+00  -2.3539725e-03  -3.2123629e-04  -3.2632891e-04
  -3.6713668e-02   2.3714808e-01   1.3109771e+00  -1.5304840e-03  -4.1310881e-05  -1.2232678e-03
  -6.0470863e-02   2.3027026e-01   1.3486726e+00  -1.3134694e-03   1.4033954e-04   2.0084063e-04
  -7.3446908e-02   2.5134725e-01   1.3591421e+00  -1.4059379e-03   4.0549353e-04   5.6263290e-04
  -6.2887643e-02   2.6574406e-01   1.3669766e+00  -1.3617295e-03   2.9321353e-04   1.7319608e-04
  -5.4731890e-02   2.5292429e-01   1.3488470e+00  -1.6184452e-03  -2.6304508e-04  -1.0123420e-04
  -5.5785079e-02   2.5849350e-01   1.3577804e+00  -1.5228477e-03   6.8156449e-04   1.8126740e-04
  -4.2583057e-02   2.6133818e-01   1.3925119e+00  -9.9831312e-04   3.1331581e-04  -1.5771836e-04
  -5.2151635e-02   2.5464649e-01   1.3650921e+00  -1.9790072e-03   5.3220244e-04   4.9961508e-04
  -5.5187517e-02   2.3997319e-01   1.3601935e+00  -1.9596519e-03  -6.7156393e-05   6.1450552e-04
  -6.5873458e-02   2.5927450e-01   1.4081738e+00  -1.1545244e-03  -1.2891934e-04   1.9638048e-04
  -5.6475002e-02   2.6835023e-01   1.4054082e+00  -2.1371153e-03   2.5712514e-04   8.6490269e-05
  -4.4686883e-02   2.3999414e-01   1.3685894e+00  -2.7190704e-03  -1.9796805e-05   1.7920333e-04
  -4.5325181e-02   2.5729520e-01   1.3960088e+00  -2.1625494e-03   2.2519422e-04   3.6767276e-04
  -5.2046978e-02   2.5646005e-01   1.4189221e+00  -2.2119186e-03  -1.3674971e-04   3.4411572e-04
  -4.6028648e-02   2.4371796e-01   1.4941233e+00  -2.3593016e-03  -8.7577665e-05  -5.5073170e-04
  -3.0418740e-02   2.7060306e-01   1.4384013e+00  -2.8226492e-03  -1.3659938e-03  -2.1770766e-04
  -5.7317652e-02   2.5951116e-01   1.4356368e+00  -2.2536268e-03  -9.0750984e-04   6.0760306e-04
  -4.6863018e-02   2.7434657e-01   1.4699141e+00  -1.6858919e-03  -8.8668310e-04   1.8256106e-04
  -5.0553566e-02   2.8449559e-01   1.4728178e+00  -2.5732641e-03  -7.6423080e-04   1.8721242e-04
  -4.9484027e-02   2.6781311e-01   1.4738214e+00  -2.3541317e-03  -1.4489682e-03   5.0496592e-05
  -6.3792198e-02   3.0950678e-01   1.4814605e+00  -3.6305490e-03  -4.8476212e-04   2.8187401e-04
  -5.8401424e-02   2.9456659e-01   1.4714357e+00  -3.7103134e-03  -1.0405195e-03   3.1181449e-04
  -6.4910511e-02   1.7307544e-01   1.4670784e+00  -3.7274766e-03  -6.0004158e-04   8.6762121e-04
  -4.0490309e-02   2.8145293e-01   1.5015947e+00  -2.5724148e-03  -1.6463677e-05   4.7725481e-04
  -1.8344715e-02   2.5487257e-01   1.5135939e+00  -2.1146678e-03  -1.1066075e-04   6.9203864e-05
  -4.2040279e-02   2.3783532e-01   1.5090986e+00  -2.5869288e-03   7.4211288e-05   1.8603134e-04
  -5.6724637e-02   2.6447460e-01   1.5417905e+00  -2.2796486e-03  -3.0802512e-04   5.8157453e-04
  -6.0355725e-02   2.8984062e-01   1.5199602e+00  -3.2061178e-03  -1.0967254e-03   3.6384696e-04
  -4.5186287e-02   2.9032499e-01   1.5759860e+00  -2.0083662e-03  -5.6329625e-04   3.7032118e-05
  -4.8690268e-02   3.0805555e-01   1.5777232e+00  -2.3089319e-03  -5.9112952e-04   4.4134671e-04
  -4.9358109e-02   2.8335843e-01   1.5606722e+00  -2.6017664e-03  -7.9174969e-04   3.1000426e-04
  -7.6721380e-02   3.0052110e-01   1.5648875e+00  -2.1004374e-03  -3.8855403e-04   1.9075718e-04
  -8.0753201e-02   2.9684318e-01   1.5487695e+00  -2.5745054e-03  -5.7559205e-04   9.4184302e-04
  -8.6152651e-02   2.7401306e-01   1.6612354e+00  -1.4670695e-03   2.5978012e-04   1.0015495e-03
  -4.9006948e-02   2.9877958e-01   1.6131580e+00  -2.5164852e-03  -7.1561426e-04   3.9164454e-06
  -1.9764993e-02   3.3767396e-01   1.6125547e+00  -2.5268516e-03  -4.4829416e-04  -5.4833512e-04
  -4.2825655e-02   3.2355345e-01   1.6297983e+00  -2.7318652e-03  -8.2640554e-04   1.5283528e-04
  -6.1095816e-02   2.9297410e-01   1.6169042e+00  -3.1628698e-03  -6.1933098e-04   1.1877114e-04
  -5.1852329e-02   3.0106257e-01   1.6145625e+00  -3.0119994e-03  -8.0969987e-04   1.9710751e-04
  -7.0155653e-02   2.8737217e-01   1.7007435e+00  -2.1672195e-03  -4.6943189e-04   8.1374239e-04
  -2.3530259e-02   2.7581439e-01   1.6910194e+00  -2.5943563e-03  -3.7984561e-04  -2.4992227e-06
  -2.4226766e-02   2.8903004e-01   1.7057757e+00  -1.6727272e-03  -1.8857684e-04   4.1446426e-04
  -4.8985107e-02   2.9111365e-01   1.6933027e+00  -2.7937844e-03  -7.4688491e-04   6.5013986e-04
  -5.0512428e-02   2.8456071e-01   1.7109737e+00  -2.2006798e-03  -4.6165339e-04   2.7624553e-04
  -5.1956783e-02   3.0732930e-01   1.6996518e+00  -2.8801206e-03   1.7401434e-04   4.8445698e-04
  -4.5709278e-02   2.9106153e-01   1.6625026e+00  -3.6345014e-03  -3.4744847e-04   9.7945533e-04
  -3.7054253e-02   3.2068407e-01   1.7069214e+00  -2.3597084e-03  -9.7825164e-04   3.2468389e-04
  -1.7982531e-02   3.1472253e-01   1.6956295e+00  -3.0123702e-03  -9.5944438e-04   1.3044157e-05
  -3.5613838e-02   3.2307574e-01   1.7075916e+00  -2.9971725e-03  -8.3454465e-04   7.3147065e-04
  -4.6008137e-02   3.1064055e-01   1.6873690e+00  -3.1680833e-03  -1.2152163e-03   3.7486384e-04
  -3.4225211e-02   2.9470707e-01   1.6909663e+00  -3.4878191e-03  -6.4689680e-04   4.9126632e-04
  -2.9689711e-02   2.8925520e-01   1.7184224e+00  -3.1099212e-03  -9.4669798e-04   4.0229946e-04
  -3.4639666e-02   3.0627844e-01   1.7090696e+00  -3.3539599e-03  -8.6692890e-04   2.7658883e-04
  -1.5696500e-02   2.8786134e-01   1.7159394e+00  -3.4516887e-03  -7.9663387e-04  -6.0086197e-05
  -3.0289772e-02   3.2348969e-01   1.7301923e+00  -3.0429692e-03  -7.5073683e-04   2.2874954e-04
  -3.3449536e-02   2.9614623e-01   1.7221004e+00  -3.9363146e-03  -1.0771505e-03   2.6494771e-04
  -4.2485031e-02   3.0592633e-01   1.7183263e+00  -4.0647771e-03  -8.2378252e-04   6.3092425e-04
  -2.6385241e-02   1.6669222e-01   1.8128394e+00  -5.9527218e-04  -6.7491627e-04  -4.0069215e-04
  -2.4705160e-02   3.1886769e-01   1.7503405e+00  -3.3063778e-03  -1.3523746e-03   1.4000739e-04
  -3.1134982e-02   2.7741854e-01   1.7502550e+00  -3.0308646e-03  -7.2257629e-04   1.6347262e-04
  -3.1980181e-02   3.0878840e-01   1.7345286e+00  -3.2674307e-03  -8.8509748e-04   1.8596683e-04
  -3.4106003e-02   3.1457505e-01   1.7714100e+00  -3.3209209e-03  -7.2793144e-04   3.8009927e-04
  -3.3022956e-02   2.8148537e-01   1.7774969e+00  -3.1488601e-03  -9.1239294e-04   8.9977057e-05
  -3.6322855e-02   2.9312513e-01   1.7819861e+00  -3.2545302e-03  -3.6231834e-04   3.1777595e-04
  -3.3329434e-02   3.2151330e-01   1.8044809e+00  -2.6460912e-03  -1.0860838e-03   4.7919871e-04
  -2.6893389e-02   3.1117214e-01   1.8110580e+00  -3.3699960e-03  -7.1747705e-04   2.3341155e-04
  -2.5662128e-02   3.2053156e-01   1.7966590e+00  -3.4307369e-03  -9.3133930e-04   1.4820039e-04
  -2.9956070e-02   3.1094167e-01   1.8074702e+00  -2.9855950e-03  -1.0530658e-03   7.8733109e-05
  -4.0365269e-02   3.0308276e-01   1.8360717e+00  -2.8702918e-03  -8.4085045e-04   4.5935791e-04
  -1.3774333e-02   3.3651737e-01   1.8217013e+00  -2.8728732e-03  -6.5519996e-04   7.4639458e-05
  -2.1948777e-02   3.1687441e-01   1.8225000e+00  -3.3336694e-03  -8.2884218e-04   7.6314462e-05
  -2.6194502e-02   3.2193979e-01   1.8202810e+00  -3.2534904e-03  -3.5620962e-04   4.5043740e-04
  -3.3500539e-02   3.3605862e-01   1.8388254e+00  -3.4665898e-03  -7.9464855e-04   2.7919082e-04
  -2.4128940e-02   3.5398536e-01   1.8593399e+00  -4.0267916e-03  -8.4898385e-04   4.9575161e-04
  -4.6882101e-02   3.0794008e-01   1.8836648e+00  -3.8123425e-03  -5.5049799e-04   7.6792142e-04
  -2.5095546e-02   3.1800687e-01   1.9007943e+00  -2.6644295e-03  -1.4197450e-03  -2.2728312e-04
  -1.6179055e-02   3.1104298e-01   1.9078342e+00  -2.7467618e-03  -1.1450026e-03   3.3683391e-04
  -2.0995617e-02   3.5010075e-01   1.8786780e+00  -4.0060360e-03  -9.3583373e-04   4.4867228e-04
  -1.3315746e-02   3.6218484e-01   1.9101962e+00  -3.2857104e-03  -1.0024781e-03   1.1982092e-04
  -2.9978860e-02   3.5027071e-01   1.9213880e+00  -3.0403175e-03  -5.7074930e-04   2.1057445e-04
  -1.2949972e-02   3.2346764e-01   1.9199710e+00  -3.1202674e-03  -1.1591502e-03   2.6779283e-04
  -3.0982245e-02   3.3710220e-01   1.9493225e+00  -2.8017113e-03  -9.6259935e-04   1.5691738e-04
  -1.4968206e-02   3.2121137e-01   1.9363287e+00  -3.3749391e-03  -9.1935471e-04   1.6970279e-04
  -1.7260122e-02   3.5128364e-01   1.9628330e+00  -2.6523094e-03  -8.6530705e-04   3.5191909e-04
  -2.1446545e-02   3.3649935e-01   1.9251173e+00  -4.0307406e-03  -4.5474324e-04   1.3758851e-04
  -2.8476458e-02   3.3536135e-01   1.9594359e+00  -3.0143325e-03  -1.5063816e-03   1.8556146e-04
  -3.7170658e-02   3.2380608e-01   2.0136515e+00  -3.8662410e-03  -2.2660028e-04   3.2530303e-04
  -9.1691653e-03   3.1376298e-01   1.9526344e+00  -3.9587650e-03  -7.4595438e-04   4.7348937e-05
  -1.1472415e-02   3.0079298e-01   1.9769633e+00  -2.8075806e-03  -7.8851705e-04   3.0421601e-04
  -1.2327626e-02   3.4381892e-01   2.0013398e+00  -2.7415484e-03  -5.5029155e-04   3.4542740e-04
  -1.9374921e-02   4.1207538e-01   2.0138177e+00  -3.4001653e-03  -8.2122498e-04   2.8329746e-04
  -3.2702995e-02   3.8066797e-01   1.9949086e+00  -3.0039441e-03  -1.1407955e-03   7.6840023e-04
  -2.0757859e-02   3.4771093e-01   2.0006163e+00  -3.7831427e-03  -8.8625386e-04   4.3390488e-04
  -2.3263882e-02   3.3613309e-01   2.0106855e+00  -4.0842468e-03  -1.1788757e-03   6.3499747e-04
  -2.2735857e-02   3.5229385e-01   2.0234911e+00  -3.7540222e-03  -1.1798264e-03   6.5206514e-04
  -1.5310919e-02   3.1609877e-01   2.0285748e+00  -3.3033043e-03  -1.1449887e-03  -1.2712970e-04
  -3.0341204e-02   3.3570004e-01   2.0347492e+00  -3.5087730e-03  -7.4601642e-04   8.3676038e-04
  -2.8938513e-02   3.6657841e-01   2.0334756e+00  -3.5762506e-03  -8.2949034e-04   6.7788856e-04
  -1.3161646e-02   3.3426751e-01   2.0030368e+00  -4.2467596e-03  -1.0782081e-03   4.1927043e-04
  -1.7441613e-02   3.4856062e-01   2.0028951e+00  -3.9427788e-03  -7.3227294e-04   3.6165103e-04
  -4.0601195e-02   3.4911492e-01   2.0356274e+00  -3.6084354e-03  -1.1480229e-03   3.6122418e-04
  -8.4183843e-03   3.4328753e-01   2.0840000e+00  -2.6995356e-03  -9.5662058e-04   2.1173790e-04
  -1.2957475e-02   3.6834196e-01   2.0513077e+00  -3.9446769e-03  -1.2899304e-03   3.3930046e-04
  -1.2453520e-02   3.5457567e-01   2.0423474e+00  -3.4689675e-03  -9.8122578e-04   1.3383018e-04
  -2.8639714e-02   3.4451548e-01   2.0595599e+00  -3.3134174e-03  -1.5613280e-03   1.7501595e-04
  -1.7315492e-02   3.4793962e-01   2.0607928e+00  -4.1640843e-03  -1.0486533e-03   3.8952828e-04
  -1.5069652e-02   3.1274682e-01   2.0803980e+00  -3.5581107e-03  -1.1413386e-03   8.5753402e-05
  -1.6130179e-02   3.7710593e-01   2.1191672e+00  -3.9168365e-03  -1.1843380e-03  -4.3428143e-05
  -5.8917308e-03   3.6515777e-01   2.1059060e+00  -3.3220295e-03  -1.3533747e-03   9.7674597e-05
  -1.2011284e-02   3.6371995e-01   2.1487809e+00  -2.4689630e-03  -1.5464347e-03   4.4319790e-05
  -5.1955979e-03   3.6805118e-01   2.1503429e+00  -3.6012788e-03  -5.9045139e-04   3.1342457e-04
  -6.2448928e-03   3.7572888e-01   2.1470319e+00  -3.6888708e-03  -1.4011825e-03  -2.4394442e-04
  -8.3060658e-03   3.6318890e-01   2.1505231e+00  -3.6300261e-03  -1.1730787e-03  -3.0532859e-04
  -4.3047366e-04   3.7411631e-01   2.1385128e+00  -4.3857264e-03  -9.4878315e-04  -4.2432528e-05
  -1.1091041e-02   3.7781666e-01   2.1362228e+00  -4.5504169e-03  -1.4451515e-03   2.5083014e-04
  -8.2136261e-03   3.9000091e-01   2.1628511e+00  -3.8067119e-03  -1.5204225e-03   6.5623999e-05
  -2.5681091e-02   3.5157687e-01   2.1556460e+00  -3.7430005e-03  -1.1274884e-03   4.8026006e-04
  -1.3860516e-02   3.6671277e-01   2.1900076e+00  -3.4719342e-03  -1.2418803e-03   1.6692904e-04
  -1.8174239e-02   3.6532292e-01   2.1998625e+00  -3.6471029e-03  -1.3369469e-03   4.5167843e-04
  -1.2513819e-04   3.7993789e-01   2.2222059e+00  -3.1551990e-03  -1.3980164e-03   1.5111287e-05
  -1.2621709e-02   3.8654561e-01   2.1899315e+00  -4.1529794e-03  -1.4071975e-03   5.4128979e-04
  -2.2475249e-02   3.7089769e-01   2.2155166e+00  -3.5836812e-03  -1.1407846e-03   6.5551703e-04
  -1.1309937e-02   3.6662476e-01   2.2304554e+00  -3.5303547e-03  -1.1476064e-03   3.0251719e-04
  -1.8935119e-02   3.7821808e-01   2.2427637e+00  -3.0523984e-03  -1.2827146e-03   5.5952284e-04
   8.2694105e-03   3.7798277e-01   2.2622226e+00  -3.2272949e-03  -1.2304123e-03  -2.9264097e-05
  -9.9568263e-03   3.7593822e-01   2.2484451e+00  -3.1550491e-03  -1.3718106e-03   1.9681659e-04
  -6.9878503e-04   3.8378260e-01   2.2304317e+00  -3.9025012e-03  -9.7875674e-04  -1.0886287e-04
  -6.4418557e-03   3.7093881e-01   2.2169903e+00  -4.3419340e-03  -1.0488349e-03   5.0250549e-04
  -2.0017831e-02   3.8514842e-01   2.2702943e+00  -4.1755753e-03  -1.4332448e-03   8.6136086e-04
   5.9692677e-03   3.9222780e-01   2.2740790e+00  -4.0438539e-03  -1.3320117e-03  -1.1687214e-04
  -1.5969495e-02   3.7281046e-01   2.2468697e+00  -3.9298896e-03  -1.5959527e-03   2.8213412e-04
  -2.1818157e-02   3.7571850e-01   2.2756059e+00  -3.7413735e-03  -1.7272238e-03   4.3096829e-04
  -8.3261323e-03   3.8602916e-01   2.2948812e+00  -4.0110734e-03  -9.2487621e-04   1.0737267e-05
  -2.9399795e-02   3.9371214e-01   2.3048116e+00  -3.6815763e-03  -1.6826961e-03   3.1050586e-04
  -2.8476287e-02   3.8349604e-01   2.2570488e+00  -4.8173583e-03  -1.6408188e-03   5.5072922e-04
  -2.1608120e-02   3.9436921e-01   2.2562312e+00  -4.2736504e-03  -1.4692535e-03   4.7013416e-04
  -3.2572378e-02   3.6296820e-01   2.2777724e+00  -3.9045898e-03  -1.2456929e-03   2.2420981e-04
  -2.7841722e-02   3.8085531e-01   2.3301985e+00  -4.5548468e-03  -1.5113234e-03   2.1286097e-04
  -2.2711358e-02   3.9081020e-01   2.3848874e+00  -2.5356055e-03  -7.2690915e-05   1.0534293e-03
  -1.7839161e-02   3.5545998e-01   2.3486223e+00  -2.4836796e-03  -1.0788056e-03   1.0941830e-03
  -9.7924285e-03   3.8307839e-01   2.3619285e+00  -1.8610272e-03  -7.4710855e-04   3.3541986e-04
  -1.9323196e-04   3.8405010e-01   2.3837383e+00  -1.7504423e-03  -3.6127991e-04   4.1879200e-04
  -2.6713778e-02   4.0425775e-01   2.4133832e+00  -2.2523528e-03  -7.6772486e-04   8.3747409e-04
  -1.0020528e-02   3.9010090e-01   2.3881237e+00  -2.6309523e-03  -5.2157450e-04   2.5712058e-04
   2.9762831e-03   3.8357427e-01   2.3682870e+00  -2.8354352e-03  -4.9449604e-04   2.1064227e-04
  -1.0270634e-02   3.4525475e-01   2.3988621e+00  -2.5946586e-03  -5.8620203e-04   5.0278541e-04
  -1.0705511e-02   3.7601764e-01   2.4870855e+00  -2.6352806e-03  -2.1451844e-04   4.2084747e-04
  -1.3898926e-02   3.4945820e-01   2.4322443e+00  -2.9691646e-03  -5.2881646e-04   7.5984415e-04
  -7.5193457e-03   3.5231352e-01   2.4574566e+00  -2.7358059e-03  -5.6808672e-05   1.1554528e-03
  -7.4665502e-03   3.7535637e-01   2.4256681e+00  -3.3607255e-03  -3.0891729e-04   6.7235618e-04
  -6.0774809e-03   3.6993523e-01   2.4538752e+00  -2.2581420e-03  -3.4631340e-04   3.8738806e-04
  -8.5890738e-03   3.7345814e-01   2.4612557e+00  -2.6570261e-03  -5.6611101e-04   5.9362398e-04
  -1.9083945e-02   3.7309301e-01   2.4616146e+00  -2.4106404e-03  -8.1152867e-04   6.9677011e-04
   6.7238334e-04   3.4755229e-01   2.4609189e+00  -2.5182740e-03  -4.9826074e-04   5.1561276e-04
  -1.6046897e-02   4.1040063e-01   2.4840534e+00  -2.7378249e-03  -6.7654457e-04   7.7877215e-04
  -1.6921524e-02   3.9781708e-01   2.4715623e+00  -2.7986111e-03  -4.2118532e-04   8.5577999e-04
   1.5267076e-02   4.0003290e-01   2.4713562e+00  -2.6855777e-03  -5.8700202e-04   2.4457917e-04
  -1.6836899e-02   4.0021565e-01   2.4951383e+00  -2.5452701e-03  -9.7226557e-04   8.1306120e-04
  -1.8626807e-02   3.7317916e-01   2.4722973e+00  -3.8128574e-03  -6.2222356e-04   9.6617240e-04
  -2.9726062e-02   3.9207094e-01   2.5241885e+00  -2.8847526e-03  -1.8238925e-04   9.6995460e-04
  -2.3321523e-02   4.0927936e-01   2.5197396e+00  -3.5102208e-03  -9.3062230e-04   7.7732244e-04
  -2.0201384e-02   4.1281782e-01   2.5437964e+00  -2.8026435e-03  -8.1533503e-04   6.7194773e-04
   6.4207316e-05   4.2115009e-01   2.5302943e+00  -2.7423828e-03  -9.2845864e-04   3.1156627e-04
  -1.3904349e-02   4.1226485e-01   2.5185727e+00  -3.4755931e-03  -8.8365856e-04   6.0292754e-04
  -4.2278849e-02   3.9415872e-01   2.5291116e+00  -2.9871568e-03  -1.4969764e-03   9.6965258e-04
  -2.5668549e-02   4.2437486e-01   2.5281175e+00  -3.0911030e-03  -1.4840726e-03   3.9771708e-04
  -1.4311949e-02   4.0148095e-01   2.5262504e+00  -3.2402118e-03  -9.9092286e-04   6.6758378e-04
  -2.2119235e-02   4.2215928e-01   2.5270574e+00  -3.2691340e-03  -1.3409682e-03   8.6352844e-04
  -4.2123770e-03   4.2098160e-01   2.5333906e+00  -3.3766868e-03  -1.2727117e-03   3.2147972e-04
  -5.4222079e-03   3.9596625e-01   2.5332546e+00  -3.6529400e-03  -1.4961644e-03   3.6019289e-04
  -1.4417455e-02   4.1587930e-01   2.5326695e+00  -3.5717492e-03  -1.1204567e-03   7.6037828e-04
  -7.9770062e-03   4.2071782e-01   2.5331169e+00  -3.8017845e-03  -1.2817137e-03   1.9711989e-04
  -1.5711051e-02   3.6995798e-01   2.5889486e+00  -2.6227059e-03  -1.0091842e-03   5.0524270e-04
  -1.3667423e-02   4.1083632e-01   2.5665219e+00  -3.2542574e-03  -1.1506151e-03   7.6340719e-04
  -1.7105785e-02   4.2032000e-01   2.6074333e+00  -2.8969393e-03  -1.3680117e-03   4.3182138e-04
  -1.0316078e-02   4.0271204e-01   2.5708026e+00  -3.3114174e-03  -1.3074566e-03   2.2990315e-04
  -1.2291762e-03   4.2982078e-01   2.6033094e+00  -3.0271129e-03  -1.1441746e-03   2.0352147e-04
  -9.6984686e-03   4.1881797e-01   2.6094987e+00  -3.2391513e-03  -1.4720994e-03   1.8750062e-04
  -1.8164486e-02   4.1347143e-01   2.6075316e+00  -3.1722377e-03  -1.2958902e-03   4.3850586e-04
  -1.3407506e-02   4.2697606e-01   2.5855989e+00  -3.5183270e-03  -1.2126862e-03   1.4667301e-04
  -1.7395894e-02   4.0623500e-01   2.6175908e+00  -3.1012947e-03  -1.4098719e-03   5.5029797e-04
  -1.7454644e-02   4.3567697e-01   2.6088175e+00  -3.9534173e-03  -1.4486609e-03   1.3214189e-04
  -2.5990735e-02   4.1658063e-01   2.6371638e+00  -3.2955890e-03  -1.2908354e-03   5.2064021e-04
  -8.4275074e-03   4.0572455e-01   2.6239439e+00  -3.8633486e-03  -1.8354132e-03   1.1852438e-04
  -1.2822365e-02   4.3024449e-01   2.6575684e+00  -3.2078620e-03  -1.7405414e-03   3.1674623e-04
  -1.0099457e-02   4.3227393e-01   2.6310881e+00  -3.8402510e-03  -1.2086160e-03   5.2540453e-04
  -1.5413592e-02   4.1112154e-01   2.6461041e+00  -3.3481794e-03  -1.4937101e-03   6.2882686e-04
  -1.0674543e-02   4.1489204e-01   2.6514759e+00  -3.9054320e-03  -1.6279730e-03   5.1694925e-04
  -1.9422310e-02   4.4420170e-01   2.6860139e+00  -3.2158481e-03  -1.7307667e-03   6.4367461e-04
  -1.3773436e-02   4.4042953e-01   2.6590199e+00  -3.9322655e-03  -1.4154735e-03   4.4512665e-04
  -1.8081976e-02   4.4375156e-01   2.6472115e+00  -4.6388994e-03  -1.7613648e-03   4.4188531e-04
  -2.5554204e-02   4.4402339e-01   2.6679336e+00  -4.2478360e-03  -2.1787668e-03   4.0485606e-04
  -1.9206745e-02   4.2389015e-01   2.6660645e+00  -4.2044654e-03  -2.0115225e-03   6.1318493e-04
  -2.5290681e-02   4.4344737e-01   2.6753205e+00  -4.3624215e-03  -2.0848878e-03   6.2987824e-04
  -1.8970421e-02   4.6019322e-01   2.7742796e+00  -3.8133709e-03  -1.3580494e-03   1.4506353e-04
  -2.1786642e-01   4.3942075e-01   2.0482988e+00   5.5035538e-04  -8.1716501e-03  -1.6237511e-03
  -3.7565042e-01   2.2873212e-01   1.2373217e+00  -1.5215017e-02  -9.4555475e-03  -1.8443258e-03
  -1.5620519e-01   1.1926844e-01   1.8764511e+00   1.2239814e-02  -8.9947825e-03  -2.7482516e-03
  -1.3777137e-01   2.2143577e-01   2.1368402e+00   2.1685052e-03  -6.3416886e-03  -4.2850020e-04
  -6.2992030e-02   3.0701133e-01   2.1105616e+00   7.7345015e-04  -6.0556783e-03  -1.1665777e-03
  -4.0901086e-02   3.2150782e-01   2.1720450e+00   3.0170744e-03  -6.2938273e-03  -1.9998385e-03
  -2.8734819e-02   3.5373207e-01   2.2110509e+00   2.9416710e-03  -5.6651299e-03  -2.0902538e-03
  -3.5088692e-02   3.6017795e-01   2.1723961e+00   2.2593390e-03  -5.9688218e-03  -2.0059742e-03
  -3.4952113e-02   3.2820907e-01   2.1898956e+00   2.4536877e-03  -5.8978142e-03  -1.9069501e-03
  -2.6958036e-02   3.2539606e-01   2.1855989e+00   2.3807490e-03  -5.5587369e-03  -2.1216260e-03
  -4.7399442e-02   3.6282918e-01   2.1799249e+00   2.3706310e-03  -5.7127963e-03  -1.7174388e-03
  -2.7646155e-02   3.5863549e-01   2.1811300e+00   3.4206377e-03  -6.2660744e-03  -2.0746783e-03
  -2.3041939e-02   3.5212611e-01   2.1669606e+00   3.2254050e-03  -5.9803637e-03  -1.9623566e-03
   1.1188566e-03   3.5091275e-01   2.1750313e+00   3.8090226e-03  -6.1581381e-03  -2.5332511e-03
  -3.3790185e-03   3.3536987e-01   2.1892980e+00   3.5780846e-03  -6.0156298e-03  -2.4829576e-03
  -2.2669221e-02   3.7753876e-01   2.2025793e+00   3.7021196e-03  -5.6754638e-03  -2.0903605e-03
  -2.5968217e-02   3.8163555e-01   2.2398523e+00   5.1129906e-03  -5.5792412e-03  -1.3069214e-03
  -2.1021000e-02   3.4799416e-01   2.2587396e+00   3.6690422e-03  -5.9182007e-03  -1.6457641e-03
   5.7679852e-03   3.6883557e-01   2.2820539e+00   4.0665664e-03  -5.8853193e-03  -2.1592978e-03
   7.6964945e-03   3.7825616e-01   2.2565346e+00   3.2026046e-03  -5.5961747e-03  -2.3098868e-03
   1.9967212e-03   3.7471480e-01   2.2764291e+00   3.7372781e-03  -6.1473143e-03  -1.8990892e-03
   7.4870576e-03   3.9192489e-01   2.3067925e+00   4.2907541e-03  -5.7854538e-03  -1.7990564e-03
   1.1890858e-02   3.6250796e-01   2.3158719e+00   4.3186927e-03  -5.8981849e-03  -1.6082079e-03
   7.1449511e-03   3.9869844e-01   2.3147625e+00   4.1079263e-03  -6.0687117e-03  -1.9525946e-03
   2.7587358e-02   3.8330388e-01   2.3014890e+00   3.7261509e-03  -5.6071297e-03  -2.3803507e-03
   4.0489356e-03   3.9092083e-01   2.3437151e+00   4.4969300e-03  -5.9610151e-03  -1.7153448e-03
   2.2892814e-02   3.9119922e-01   2.3511932e+00   3.6773304e-03  -6.0395076e-03  -2.2194582e-03
   2.0341042e-02   3.8177218e-01   2.3297244e+00   3.6123965e-03  -6.0232536e-03  -1.8017665e-03
   1.5277097e-02   3.7821315e-01   2.3563772e+00   4.3365295e-03  -5.8494068e-03  -1.6079635e-03
   4.1296806e-02   4.0534658e-01   2.3714783e+00   4.2653109e-03  -6.3477259e-03  -2.5387117e-03
   2.6970684e-02   3.9992588e-01   2.3563504e+00   3.6991223e-03  -6.0793525e-03  -2.4884976e-03
   3.5149595e-02   4.0423808e-01   2.3494301e+00   3.4171943e-03  -5.9498604e-03  -2.1181460e-03
   2.1011900e-02   3.8787846e-01   2.3804741e+00   5.1527267e-03  -6.1934730e-03  -1.8679376e-03
   3.3285395e-02   4.1350904e-01   2.4000825e+00   4.3178563e-03  -5.8453783e-03  -1.9510699e-03
   3.1092784e-02   4.2865925e-01   2.4086076e+00   4.1309138e-03  -5.8100606e-03  -1.9523288e-03
   3.6255519e-02   4.2644396e-01   2.3929462e+00   4.2669839e-03  -6.2672558e-03  -2.0186882e-03
   2.3250374e-02   4.2023781e-01   2.4069569e+00   3.9108909e-03  -6.0839986e-03  -1.7357434e-03
   2.9460733e-02   4.0721787e-01   2.4441935e+00   4.9503537e-03  -6.6113791e-03  -1.6786618e-03
   1.4046145e-02   3.9194647e-01   2.4285480e+00   2.7402185e-03  -6.3905428e-03  -1.5425509e-03
   3.1710725e-02   4.2480131e-01   2.4643327e+00   4.6293129e-03  -6.0903754e-03  -1.8020142e-03
   7.5799904e-03   4.0428775e-01   2.4668206e+00   4.5359011e-03  -5.8979337e-03  -1.4043129e-03
   1.6039505e-02   3.9435867e-01   2.4909670e+00   5.0392928e-03  -6.7820473e-03  -1.5778580e-03
   2.9659788e-02   4.0764669e-01   2.4902882e+00   4.9712392e-03  -6.4044919e-03  -1.9383360e-03
   3.0010783e-02   4.3492093e-01   2.4906282e+00   5.0944510e-03  -6.8989658e-03  -2.2392460e-03
   1.3787330e-02   3.8453329e-01   2.4996235e+00   3.9890847e-03  -6.5063191e-03  -1.1799317e-03
   2.5337083e-02   4.3533816e-01   2.5156190e+00   3.8414684e-03  -6.3175895e-03  -1.6023966e-03
   4.3521984e-02   4.1521557e-01   2.5201051e+00   4.9593887e-03  -6.6664093e-03  -2.1944181e-03
   4.1455434e-02   4.1343891e-01   2.5438505e+00   4.9098135e-03  -6.6888673e-03  -1.9855126e-03
   4.1784064e-02   4.2100617e-01   2.5436791e+00   4.5757198e-03  -6.5901468e-03  -1.9911542e-03
   3.6004716e-02   4.1792371e-01   2.5284959e+00   4.1753951e-03  -6.3117684e-03  -1.5988853e-03
   2.5107026e-02   4.3631779e-01   2.5487088e+00   4.3139114e-03  -6.2393200e-03  -1.4651458e-03
   2.4463702e-02   4.7311771e-01   2.5225462e+00   3.8850669e-03  -6.4059511e-03  -1.4303478e-03
   1.3491785e-02   4.3108215e-01   2.5455681e+00   3.4148264e-03  -6.3780386e-03  -1.1828167e-03
   2.3463475e-02   4.0630252e-01   2.5701850e+00   4.3286090e-03  -6.4701045e-03  -1.6009801e-03
   1.6742841e-02   3.8988745e-01   2.5783146e+00   4.6282081e-03  -6.3848514e-03  -1.5808533e-03
   4.5121621e-02   4.5187084e-01   2.5959688e+00   4.9148789e-03  -5.8823749e-03  -1.7597334e-03
   2.4495383e-02   4.3499416e-01   2.6163550e+00   4.3755913e-03  -6.3726034e-03  -1.6711409e-03
   3.8927616e-02   4.2963934e-01   2.6145914e+00   4.2757813e-03  -6.2400393e-03  -2.2018626e-03
   2.6874346e-02   4.4087420e-01   2.6493523e+00   4.8180144e-03  -6.3738320e-03  -1.8036126e-03
   4.9242079e-02   4.3081467e-01   2.6178367e+00   3.4994412e-03  -6.2604582e-03  -2.3634508e-03
   4.0821016e-02   4.3504660e-01   2.6561076e+00   4.6610264e-03  -6.4863571e-03  -2.1126910e-03
   2.3380261e-02   4.5213510e-01   2.6349714e+00   4.3445761e-03  -6.3315168e-03  -1.3982243e-03
  -9.9555760e-02   3.6789001e-01   2.0950190e+00   2.4916374e-03  -6.7201242e-03  -1.9820794e-03
  -2.7397412e-01   1.4679605e-01   1.6554747e+00   2.6434151e-02  -1.3658704e-02  -9.0462171e-03
  -4.1622744e-01   1.0253733e-01   1.0918660e+00   2.5022836e-02  -1.5633325e-02  -6.0846919e-03
  -5.3781111e-01  -8.0689841e-03   1.8482721e+00   8.6474107e-03  -9.5241960e-03  -1.1614507e-03
  -2.5444000e-01   2.6893449e-01   2.4606385e+00   8.3482618e-03  -8.1485594e-03  -1.4855718e-03
  -1.7158870e-01   3.5221429e-01   2.5197883e+00   6.1916319e-03  -7.5403794e-03  -1.9365563e-03
  -1.4819870e-01   3.8098138e-01   2.5968286e+00   6.9339329e-03  -6.9844862e-03  -2.5232437e-03
  -1.2588747e-01   3.8727367e-01   2.6056922e+00   6.8483678e-03  -6.4743929e-03  -2.6885789e-03
  -1.1684590e-01   4.2900720e-01   2.6227828e+00   7.1762974e-03  -6.0744709e-03  -2.8096292e-03
  -1.0301181e-01   4.0304472e-01   2.6111600e+00   7.0728879e-03  -6.4584959e-03  -2.9771647e-03
  -1.0220559e-01   4.2141975e-01   2.5984500e+00   6.2633918e-03  -6.3370836e-03  -3.1685505e-03
  -8.3763834e-02   4.3142238e-01   2.6274460e+00   7.5934997e-03  -6.2017129e-03  -3.5253585e-03
  -1.0637151e-01   4.2581629e-01   2.6350542e+00   6.8726406e-03  -6.1843610e-03  -2.8908243e-03
  -8.2922575e-02   4.5034812e-01   2.6614943e+00   7.3355247e-03  -6.3663851e-03  -2.9748390e-03
  -6.7495473e-02   4.3728591e-01   2.6545763e+00   7.2196571e-03  -6.2145810e-03  -3.2875587e-03
  -5.2285697e-02   4.2858406e-01   2.6742687e+00   7.8681588e-03  -6.2587780e-03  -3.4119555e-03
  -6.1229694e-02   4.4685555e-01   2.6935684e+00   7.5080786e-03  -6.1214022e-03  -3.1110075e-03
  -5.1990531e-02   4.5208624e-01   2.7037941e+00   7.9703656e-03  -6.1794763e-03  -3.2415092e-03
  -3.8860361e-02   4.3614845e-01   2.7225596e+00   7.9710129e-03  -5.8393541e-03  -3.2166901e-03
  -3.5431043e-02   4.3237961e-01   2.7210235e+00   8.0322425e-03  -6.0538087e-03  -3.3845841e-03
  -4.0924730e-02   4.9511164e-01   2.7773631e+00   8.5996346e-03  -6.8861850e-03  -3.0299050e-03
  -2.5879273e-02   4.6151518e-01   2.7480601e+00   8.0823799e-03  -7.1430453e-03  -3.4528160e-03
  -2.8218395e-02   4.7431086e-01   2.7699170e+00   8.5555645e-03  -6.9098232e-03  -3.1387573e-03
  -2.9085021e-02   4.8413610e-01   2.7894691e+00   8.1862768e-03  -6.7965416e-03  -3.2338965e-03
  -4.3012262e-02   4.8618824e-01   2.7428789e+00   7.7259816e-03  -7.0715531e-03  -3.0789920e-03
  -3.5541921e-02   4.7041673e-01   2.7814931e+00   8.4403382e-03  -6.6116893e-03  -3.3799297e-03
  -2.7926869e-02   4.5418008e-01   2.7965191e+00   8.3239498e-03  -7.0293921e-03  -3.4729214e-03
  -1.7733264e-02   4.5639100e-01   2.7816478e+00   8.2698485e-03  -6.8068362e-03  -3.7401052e-03
  -2.0315264e-02   4.6392955e-01   2.8014480e+00   8.0373188e-03  -6.8958739e-03  -3.5290372e-03
  -2.4943309e-02   5.0309494e-01   2.7944443e+00   7.8004075e-03  -7.0215662e-03  -3.3868102e-03
  -1.3525637e-02   4.8350718e-01   2.8176044e+00   8.3306493e-03  -7.4074872e-03  -3.7135381e-03
  -1.9051591e-02   4.7079704e-01   2.8248280e+00   8.9098447e-03  -6.7918753e-03  -3.3371845e-03
  -2.9124995e-02   4.7096447e-01   2.8351290e+00   8.7660602e-03  -6.6358265e-03  -3.2927952e-03
  -1.4892356e-02   4.8047431e-01   2.8388712e+00   8.9241333e-03  -7.1576992e-03  -3.7780807e-03
  -2.2867373e-02   4.9526100e-01   2.8284097e+00   8.8012900e-03  -6.8907229e-03  -3.4352639e-03
  -3.0010453e-02   4.6545418e-01   2.8698573e+00   9.2528323e-03  -6.7384091e-03  -3.0498350e-03
  -2.3453928e-02   5.0938607e-01   2.8698380e+00   8.5706567e-03  -7.0690883e-03  -3.2811098e-03
  -4.5708493e-02   4.8907029e-01   2.8270319e+00   8.0365810e-03  -7.0505795e-03  -3.1623389e-03
  -3.8473142e-02   4.9067381e-01   2.8818706e+00   8.6402065e-03  -7.8633891e-03  -3.2084091e-03
  -3.9947444e-02   4.7070843e-01   2.8321053e+00   7.6125204e-03  -7.1889408e-03  -2.8138450e-03
  -2.6756973e-02   4.7276384e-01   2.8319561e+00   7.8426360e-03  -6.9983092e-03  -3.2448014e-03
  -1.7633568e-01   5.7318264e-01   2.3121482e+00   3.0331047e-03  -8.8563485e-03  -3.7454417e-03
  -3.3653908e-01   2.3250130e-01   2.5553128e+00   1.4876644e-02  -8.7700452e-03  -4.1042698e-03
  -2.4855564e-01   3.7368970e-01   2.8448615e+00   3.8799858e-03  -8.0011838e-03   5.4286020e-04
  -1.6594692e-01   3.7868170e-01   2.7995446e+00   3.5444387e-03  -7.6874399e-03  -5.6092587e-04
  -1.1616983e-01   4.0034183e-01   2.8475587e+00   5.0676079e-03  -6.8016681e-03  -1.8397058e-03
  -8.9270135e-02   4.3993917e-01   2.9016320e+00   5.3853829e-03  -6.3540749e-03  -2.0849757e-03
  -7.6237118e-02   4.3285965e-01   2.8744510e+00   4.6893738e-03  -6.5982277e-03  -2.2871417e-03
  -6.2456049e-02   4.3961073e-01   2.8920406e+00   5.1195889e-03  -6.2588443e-03  -2.6196752e-03
  -6.4615877e-02   4.1224185e-01   2.9294117e+00   5.7345842e-03  -6.5268503e-03  -2.5289322e-03
  -5.7836496e-02   4.5521409e-01   2.9086893e+00   5.4287601e-03  -6.4301717e-03  -2.5676996e-03
  -6.3913698e-02   4.2855829e-01   2.9188180e+00   5.7116863e-03  -6.4116700e-03  -2.0247982e-03
  -6.0577490e-02   4.3041990e-01   2.9487204e+00   6.0280909e-03  -6.5256047e-03  -2.4483993e-03
  -4.5658546e-02   4.2671741e-01   2.9489634e+00   5.4708198e-03  -6.5618529e-03  -2.6269878e-03
  -5.3705398e-02   4.3155026e-01   2.9319125e+00   4.5544000e-03  -6.8196302e-03  -2.3071598e-03
  -4.3768220e-02   4.2129687e-01   2.9609229e+00   5.8600393e-03  -6.8827391e-03  -2.4438172e-03
  -3.8624126e-02   4.3264914e-01   2.9902669e+00   6.2436900e-03  -6.5198252e-03  -2.6847624e-03
  -4.0926112e-02   4.7054192e-01   2.9962090e+00   6.1596096e-03  -6.8146883e-03  -2.8637788e-03
  -2.4038818e-01   3.2041405e-01   2.5352563e+00  -3.8170336e-03  -8.0846882e-03  -2.6669377e-03
  -4.9142326e-01   9.9896018e-02   2.0564223e+00   8.6683981e-03  -8.3940383e-03   1.0251796e-03
  -4.9433928e-01   5.3490844e-02   2.1649676e+00   1.9026853e-02  -1.3398713e-02  -3.6861676e-03
  -3.3651263e-01   1.4482163e-01   2.6679222e+00   1.3476407e-03  -1.6418577e-02   1.1371740e-03
  -1.4090050e-01   3.7951394e-01   3.2221488e+00   9.8285629e-04  -1.1036725e-02   3.7207896e-04
  -1.0044771e-01   3.8093331e-01   3.2204685e+00   1.0336694e-03  -9.7819679e-03  -9.4280736e-04
  -7.9521786e-02   4.3348016e-01   3.2683179e+00   1.7805954e-03  -8.9897623e-03  -1.4134469e-03
  -5.9665602e-02   4.5045858e-01   3.3413907e+00   3.0908113e-03  -7.9530454e-03  -1.9417796e-03
  -6.0986769e-02   4.6062299e-01   3.3566589e+00   2.6724673e-03  -8.1493846e-03  -1.9841041e-03
  -4.2298305e-02   4.4013303e-01   3.3398224e+00   2.1426338e-03  -7.9423940e-03  -2.1570546e-03
  -4.4164053e-02   4.2728798e-01   3.3691315e+00   2.9684394e-03  -8.2158460e-03  -2.4365668e-03
  -4.2991308e-02   4.5159851e-01   3.3782166e+00   2.6731015e-03  -7.8020881e-03  -1.8647090e-03
  -4.0180395e-02   4.6709611e-01   3.3543098e+00   1.8653413e-03  -7.6829289e-03  -1.8987439e-03
  -3.9410750e-02   4.4516294e-01   3.3668143e+00   2.0378547e-03  -7.7328540e-03  -2.1760342e-03
  -3.2367101e-02   4.6594800e-01   3.3675926e+00   1.8072385e-03  -7.6044193e-03  -2.1463948e-03
  -4.2961026e-02   4.7605069e-01   3.4186880e+00   2.4350860e-03  -7.6264557e-03  -1.9991782e-03
  -3.1561663e-02   4.7418338e-01   3.4270469e+00   2.5666432e-03  -7.7415262e-03  -2.2477248e-03
  -1.4474101e-02   4.6389434e-01   3.4244818e+00   2.8999944e-03  -7.2297260e-03  -2.1649168e-03
  -2.3463686e-02   4.7824291e-01   3.4425248e+00   2.8734823e-03  -7.9880535e-03  -2.5377407e-03
  -3.1777547e-02   5.0485178e-01   3.4716054e+00   2.9213853e-03  -7.9668208e-03  -2.0965449e-03
  -1.1923059e-02   5.1576840e-01   3.4613899e+00   1.9022954e-03  -8.3912304e-03  -2.6699977e-03
  -1.2329796e-02   5.3289506e-01   3.4695623e+00   2.8323660e-03  -8.3589607e-03  -2.5503349e-03
  -9.2118208e-03   5.4262821e-01   3.4902552e+00   3.3832422e-03  -8.1350748e-03  -2.2298424e-03
  -4.9604120e-04   5.2046571e-01   3.4844107e+00   3.1601661e-03  -7.7314958e-03  -2.3505355e-03
  -9.4527673e-03   5.3051766e-01   3.4637984e+00   2.5850603e-03  -7.8333691e-03  -2.5733400e-03
  -1.5152806e-03   5.3741714e-01   3.5232280e+00   3.8027709e-03  -8.0289141e-03  -2.6150792e-03
  -1.4591543e-02   5.2196742e-01   3.5273466e+00   3.4008364e-03  -8.1815482e-03  -2.3120228e-03
  -1.8665406e-02   5.2683568e-01   3.5130593e+00   3.4651426e-03  -8.1951259e-03  -2.6629456e-03
  -4.4466134e-03   5.2119538e-01   3.5502162e+00   3.7200746e-03  -8.3696024e-03  -3.0173544e-03
  -8.0586849e-03   5.7926520e-01   3.5207144e+00   2.7978223e-03  -8.4559048e-03  -2.7579408e-03
  -2.3157911e-02   5.2227437e-01   3.5443284e+00   2.9272938e-03  -7.8579851e-03  -2.5279413e-03
  -4.2681179e-03   5.7070633e-01   3.5043477e+00   1.9188945e-03  -8.0401783e-03  -2.7495740e-03
  -1.7321765e-02   5.5840043e-01   3.5739814e+00   3.1639752e-03  -8.7746054e-03  -2.4676136e-03
   5.1387274e-03   5.7691812e-01   3.5295296e+00   2.0136138e-03  -8.6675193e-03  -3.1038834e-03
   1.5053522e-02   5.5843110e-01   3.5216224e+00   2.2580775e-03  -8.8852578e-03  -3.9500008e-03
   4.5779913e-04   5.4304033e-01   3.5883329e+00   3.1013026e-03  -8.0463522e-03  -2.9946444e-03
   1.9127574e-03   5.3813902e-01   3.5610992e+00   2.4018762e-03  -7.9603174e-03  -2.7845622e-03
  -1.6222413e-02   4.8015014e-01   3.5736938e+00   3.0664503e-03  -8.3925469e-03  -2.5827863e-03
  -2.4464935e-03   4.9900126e-01   3.5894205e+00   2.9951206e-03  -7.9142317e-03  -2.9489684e-03
  -9.2191551e-03   5.1744584e-01   3.5608190e+00   2.5840655e-03  -7.8022023e-03  -2.8189313e-03
  -1.6404680e-02   4.5115269e-01   3.6137422e+00   3.9242018e-03  -7.4315718e-03  -2.2295312e-03
   1.1647707e-02   5.7040852e-01   3.5940715e+00   3.0456781e-03  -8.2397225e-03  -3.2223348e-03
   1.8303431e-02   5.6222276e-01   3.6424745e+00   3.9654904e-03  -7.9165468e-03  -3.4428071e-03
  -3.5687884e-04   6.0161538e-01   3.6511333e+00   3.1570669e-03  -8.2363007e-03  -3.0130709e-03
   1.1943969e-02   5.7465948e-01   3.6457053e+00   3.7019738e-03  -8.0616310e-03  -3.6066102e-03
  -4.6432001e-04   5.9825058e-01   3.6267438e+00   2.7571157e-03  -8.4410967e-03  -3.0898898e-03
   7.7148531e-03   5.5845633e-01   3.6525984e+00   3.0154251e-03  -7.9968678e-03  -3.4761757e-03
   7.7787957e-03   5.3202172e-01   3.6880206e+00   3.9432139e-03  -8.3590065e-03  -3.6172929e-03
   2.8365156e-02   5.5527923e-01   3.6800812e+00   3.6593639e-03  -8.1761368e-03  -3.9285709e-03
  -1.0978652e-02   4.5262999e-01   3.7088817e+00   4.1637029e-03  -8.0661399e-03  -2.5392533e-03
  -2.7605470e-02   5.2035797e-01   3.6933002e+00   2.7002565e-03  -8.1986899e-03  -2.5407899e-03
  -6.8426840e-03   5.7335574e-01   3.6659784e+00   2.7285755e-03  -9.4823106e-03  -3.8265269e-03
   4.1012157e-04   6.5322090e-01   3.7159460e+00   4.9791988e-03  -8.4656515e-03  -3.3693921e-03
   4.3917211e-02   5.5303431e-01   3.6915041e+00   4.0112966e-03  -7.4875758e-03  -4.4750312e-03
   1.1026927e-02   5.0073420e-01   3.7226279e+00   5.3066082e-03  -8.4803115e-03  -3.5034687e-03
   9.2761090e-03   5.4215819e-01   3.6679217e+00   3.0509326e-03  -8.1367725e-03  -3.1020128e-03
   6.8847219e-03   5.7783854e-01   3.7169038e+00   4.3911840e-03  -7.9506340e-03  -2.9489506e-03
   3.2415063e-02   5.9398315e-01   3.7092735e+00   3.1708689e-03  -8.4514682e-03  -4.6759018e-03
   1.2074473e-03   5.4203409e-01   3.6916828e+00   3.2144906e-03  -8.4065710e-03  -2.6264503e-03
   1.0371838e-02   5.4127238e-01   3.7293824e+00   3.4394334e-03  -8.3216385e-03  -2.7660414e-03
   1.3433770e-02   5.5762297e-01   3.7352913e+00   3.6470523e-03  -8.3467852e-03  -3.1319637e-03
   7.9652603e-03   5.4722834e-01   3.7396277e+00   3.1738451e-03  -7.9071139e-03  -2.9573178e-03
   1.8324643e-02   5.4456272e-01   3.7942685e+00   4.7476208e-03  -8.1737518e-03  -3.6308079e-03
