   0.0000000e+00   1.4210855e-14   0.0000000e+00   0.0000000e+00   0.0000000e+00   0.0000000e+00
  -9.8989573e-03  -6.5507722e-03   5.1340318e-02   1.8451242e-03  -4.8750138e-04   8.3172899e-05
  -1.2396122e-02  -3.5586289e-03   5.2681768e-02   5.5795989e-04   5.1433972e-04   1.4934502e-04
  -3.1149532e-02   1.2633030e-02   7.5245785e-02   1.0395260e-03   6.6362290e-04   4.8752277e-04
   3.0449425e-02   1.5099337e-02  -6.5468514e-02   1.8102463e-04   6.0302960e-04  -1.0844738e-03
  -1.1351526e-02   1.4178296e-02   4.0783799e-02   1.9765344e-03   6.3975170e-04  -1.8847160e-04
  -2.9429877e-02   4.1095790e-02   1.0108075e-01   2.0059575e-03   3.1301487e-04  -5.2988151e-04
  -9.2738376e-03   2.9098587e-02   7.5780359e-04   3.3335424e-04   9.0996855e-04  -8.7394152e-05
   2.0999017e-02   5.4157871e-03   3.2235646e-02   3.2473451e-03  -3.4153930e-04  -1.7903941e-04
  -2.5188382e-02  -1.8471056e-02   5.2399065e-02   1.1665803e-03   3.1782451e-04   4.4747807e-04
  -1.8289428e-02   7.3053382e-04   3.7402286e-02   4.5545188e-04  -5.2746851e-04  -3.1136994e-04
  -2.5188857e-02   3.2952973e-02   8.7469276e-02   1.4476090e-03   9.3950661e-05   1.3048209e-04
  -3.7457132e-02   7.9063967e-03   8.9800464e-02   1.8745106e-03  -1.7767872e-04   3.4129594e-04
  -3.0743953e-02   1.5065183e-02   5.0999965e-02   8.6652805e-04   7.7719351e-04  -3.9295983e-04
   2.8078890e-02   3.7209736e-02  -1.1979507e-01   6.3825231e-04   1.0657410e-03   1.3803370e-04
  -2.8190697e-02   4.3090612e-03   8.0578966e-02   1.5288652e-03   3.1614449e-04  -2.3055532e-04
   4.4267032e-03   6.0084903e-02   1.4364571e-01   2.3440859e-03  -3.9494050e-04  -1.9868413e-03
  -3.3314852e-02   3.6536646e-02   8.1536886e-02   4.4436451e-04   5.1729205e-04  -1.2696104e-04
  -3.1854908e-02   3.3593835e-02   8.3933298e-02   1.2502434e-03  -2.2039235e-04  -1.5439465e-04
  -5.6012523e-02   3.6422880e-02   9.0580708e-02   9.3029976e-04  -4.3831829e-04  -1.3178147e-04
  -2.4091589e-02   1.2750942e-02   5.6148562e-02   9.1158104e-04   2.4109038e-04  -8.7355903e-04
  -3.9994957e-02  -6.5461331e-03   6.6338746e-02   1.4386582e-03  -2.7746633e-04   1.0329049e-04
  -6.2098612e-02   9.1465240e-03   1.0977851e-01   1.3049155e-03  -4.1737306e-04   4.5891855e-04
  -3.7053549e-02   2.8093485e-02   1.0076956e-01   1.1440217e-03  -8.3957588e-05  -4.2346619e-04
  -2.8283716e-02   1.5256392e-02   5.7234817e-02   1.1650402e-03  -3.8110559e-04  -1.2245927e-04
  -6.0847328e-02   4.6140783e-02   1.0558585e-01   1.3410159e-03   1.5430348e-04   9.9199386e-05
  -6.0691670e-02   2.4958261e-02   9.6444696e-02   1.0840407e-03  -3.2799122e-04  -3.2271859e-04
  -7.4863764e-02   1.0438363e-02   1.1817389e-01   1.0395416e-03  -3.3154922e-04  -4.0627951e-04
  -5.6565250e-02   3.1166175e-02   1.1268016e-01   1.2296804e-03  -1.7609498e-04  -5.8788485e-04
  -6.4269626e-02   4.7006228e-02   1.0664721e-01   7.3345812e-04  -1.9339039e-04  -4.6967452e-04
  -5.9760775e-02   1.7033212e-02   9.2001327e-02   9.2914355e-04   5.9130981e-05  -2.2548933e-04
  -3.1528372e-02   5.0210561e-02   5.7783296e-02   4.0414233e-04   1.8608525e-04  -3.7604802e-04
  -2.8316371e-02   3.8983741e-02   8.9089842e-02   4.2420737e-03  -9.9880335e-04   1.5015289e-04
  -6.6552859e-02   1.9751329e-02   1.6935487e-01   1.9559707e-03   5.7491169e-04   1.0580780e-04
  -6.4484709e-02   4.9151721e-02   1.5103791e-01   1.0294468e-03  -4.7994954e-04  -5.3328904e-04
  -2.2464902e-02   3.7953573e-02   9.9949236e-02   1.6429949e-03  -3.0740014e-04  -5.6607028e-04
  -4.8196357e-02   1.1428705e-02   1.3452026e-01   1.7033214e-03  -8.0766717e-04  -4.1852420e-04
  -5.6590081e-02   1.3106724e-02   1.7369795e-01   1.8683105e-03  -2.9465647e-04  -8.1754107e-04
  -3.2582288e-02   6.1500935e-02   4.4766753e-02   2.5962133e-03   6.9944315e-04   6.4131839e-04
  -3.3749964e-02   3.7067159e-02   1.7070514e-01   1.2378596e-03   6.0517736e-04  -2.3756163e-05
  -2.9856846e-02   3.1141802e-02   1.8536830e-01   1.7908927e-03   9.2397121e-04  -1.0221945e-03
  -1.6092904e-02   3.5529923e-02   1.9534313e-01   2.0253708e-03  -1.3471499e-04  -6.3465506e-04
  -7.4612863e-02   5.5557017e-02   2.0471193e-01   1.9631487e-03  -2.5869548e-04   1.9549946e-04
  -5.1418382e-02   3.8267880e-02   1.8797225e-01   1.8192239e-03  -1.6971551e-06  -3.6999807e-05
  -3.8256614e-02   5.0137383e-02   1.8776182e-01   9.3379222e-04  -6.3633206e-04  -7.7696876e-04
  -5.7308480e-02   1.6802501e-02   1.7485740e-01   1.5945811e-03  -4.7467068e-04   5.6933790e-04
  -5.7197868e-02   1.8173548e-02   2.1826994e-01   1.4758093e-03  -4.5616965e-04  -4.4051548e-04
  -6.3069224e-02   5.0272911e-02   2.3705351e-01   1.4907868e-03  -4.0961353e-04   7.8816192e-06
  -4.5740954e-02   4.5362263e-02   2.1377259e-01   1.4394641e-03  -3.5726116e-04   1.5569784e-04
  -5.3611627e-02   2.5782126e-02   2.0917367e-01   1.9947281e-03  -5.7870967e-04  -4.1322168e-04
  -6.1863609e-02   4.9064405e-02   2.2770820e-01   1.6680435e-03  -2.5595800e-04   6.4275004e-05
  -6.8133915e-02   3.9202831e-02   2.3933397e-01   1.0093188e-03  -4.8689311e-04   1.0860294e-04
  -9.2188285e-02   5.1781369e-02   2.4856849e-01   1.1796950e-03  -3.8956572e-04  -1.5928971e-06
  -6.4536210e-02   5.3035273e-02   2.8070251e-01   1.9401052e-03  -5.4046102e-04  -1.0495393e-04
  -4.2194136e-02   4.2271010e-02   2.2407313e-01   1.1065565e-03  -1.9092609e-04  -1.8995636e-04
  -5.5303791e-02   2.5311924e-02   2.4719291e-01   1.2333879e-03  -8.5657057e-04  -1.3349799e-04
  -5.9696654e-02   1.9586774e-02   3.0975630e-01   1.0787456e-03  -3.8358128e-04  -5.7299283e-04
  -7.7889039e-02   4.4551661e-02   3.6114746e-01   2.3984404e-03  -1.1666900e-04  -2.1300407e-04
  -9.3250495e-02   4.9937681e-02   3.1523496e-01   1.1926864e-03  -9.9478895e-04   1.0960864e-04
   1.1136101e-02   4.5967008e-02   1.0672789e-01  -1.6039329e-03  -6.9541272e-04  -9.8363844e-04
  -5.5970910e-02   4.4479477e-02   3.2230062e-01   1.4859999e-03  -5.4542403e-04  -9.9919911e-04
  -7.1201006e-02   5.0194691e-02   3.4739008e-01   1.1168685e-03  -3.5096026e-04  -1.0801352e-03
  -8.7014318e-02   4.2716724e-02   4.1875054e-01   1.7019634e-03  -3.0265065e-04  -7.7000111e-04
  -8.3219867e-02   1.9940476e-02   3.6874177e-01   1.1192224e-03   6.6153249e-05   2.2964269e-04
  -5.8427959e-02   5.4958778e-02   3.3763629e-01   8.1740153e-04  -5.0676941e-04  -6.0041596e-04
  -9.3504057e-02   5.1984753e-02   3.5216270e-01   8.9034733e-04   4.3812790e-04   6.6141334e-05
  -9.3941522e-02   5.2393986e-02   3.7506692e-01   1.0739233e-03  -2.9319727e-04  -7.1998577e-04
  -8.3752417e-02   4.8165209e-02   3.9564102e-01   9.4556295e-04  -3.0118301e-04  -5.7413353e-04
  -7.7493302e-02   5.2161446e-02   3.9136570e-01   7.2721835e-04   6.0732938e-04   3.2534003e-04
  -9.8990876e-02   3.9782084e-02   4.4082257e-01   2.2120913e-03  -4.7553521e-04  -5.3560682e-04
  -8.2034986e-02   3.9708837e-02   3.8660386e-01   5.3437365e-04  -7.4344152e-04   4.4158852e-05
  -7.2435595e-02   2.2774746e-02   4.0854030e-01   2.6126887e-03  -9.4509498e-05  -2.5177039e-04
  -6.2533145e-02   3.8324177e-02   4.3695284e-01   9.8323212e-04   5.2700635e-04  -9.9332567e-04
  -1.0264704e-01   4.2564077e-02   4.8047871e-01   1.1928212e-03   2.6406742e-04  -1.1731295e-04
  -9.4858993e-02   5.4821142e-02   4.7184978e-01   6.2608408e-04   1.8743562e-04  -8.1725387e-04
  -8.9271090e-02   7.3022071e-02   5.0293576e-01   1.9306238e-03   9.7550115e-06  -3.0520613e-04
  -9.2899481e-02   6.7555761e-02   4.8479475e-01   5.9606519e-04  -5.0043475e-04  -6.4503849e-04
  -7.9484966e-02   5.0707292e-02   4.6983465e-01   6.7595151e-04  -4.1215352e-04  -6.1929983e-04
  -9.2851186e-02   4.5157850e-02   5.0160677e-01   1.3657247e-03  -6.5899911e-04  -2.1045154e-04
  -9.9765014e-02   4.1367659e-02   4.9440757e-01   3.2561303e-04   4.9201388e-05  -8.6458972e-04
  -4.4605491e-02   7.2259941e-02   4.0841747e-01   1.5815903e-03   2.7210409e-04  -1.4211989e-03
  -8.9583163e-02   7.6586078e-02   5.9190152e-01   1.9624852e-03  -3.7085475e-04  -1.1959343e-03
  -8.5889705e-02   3.1457681e-02   5.7717496e-01   9.4587769e-04  -5.1922162e-04  -1.8325380e-03
  -1.2089620e-01   7.2449574e-02   6.1100295e-01   1.4383899e-03  -5.5706452e-04  -8.8905502e-04
  -1.0548440e-01   6.4592287e-02   6.2369064e-01   1.5738711e-03  -3.5428922e-04  -1.0052008e-03
  -9.7075898e-02   8.1876807e-02   5.9142348e-01   7.7614925e-05  -1.2935349e-04  -1.1127907e-03
  -1.2648955e-01   5.6018021e-02   5.9331119e-01  -5.0359672e-04  -8.1930102e-04  -9.2688489e-04
  -1.0520830e-01   1.0965170e-01   6.0577064e-01   6.5023926e-04  -8.2506398e-04  -1.4082020e-03
  -9.7161506e-02   8.8387624e-02   5.3434110e-01  -9.6581008e-04  -7.7886298e-04   8.3776505e-05
  -1.1363525e-01   8.4866156e-02   6.1911747e-01   1.7330248e-03  -7.3261408e-04  -2.5423664e-04
  -8.4043933e-02   8.3810963e-02   6.7159415e-01   8.9805362e-04  -3.8477262e-04  -2.7804111e-04
  -8.9219938e-02   9.5727140e-02   6.5892171e-01   1.0941968e-03  -7.8458212e-04  -1.5558734e-05
  -4.8895971e-02   6.6796793e-02   5.9233615e-01   1.4465404e-03  -4.2985882e-04   1.4881667e-04
  -8.2671243e-02   5.8884721e-02   6.2730177e-01   1.2828502e-03  -1.0543311e-03  -3.0297710e-04
  -5.8028306e-02   7.9977807e-02   6.0305427e-01   4.1393441e-04  -5.5248975e-04  -3.7807389e-04
  -2.9072990e-02   6.6116972e-02   6.0331725e-01   2.3381685e-03  -1.3100417e-03  -3.0880069e-05
  -7.0647241e-02   6.6581680e-02   6.6619723e-01   1.5993652e-03  -5.0967371e-04  -3.1893212e-04
  -7.0064457e-02   7.9346873e-02   6.9506010e-01   1.0725589e-03  -6.2621700e-04  -1.1818250e-03
  -9.4254087e-02   6.5253917e-02   7.0310122e-01   2.1558983e-03  -6.1354975e-04   3.3568020e-05
  -1.1424803e-01   4.9591777e-02   7.5098803e-01   9.4405587e-04  -1.3162361e-03  -7.8079071e-04
  -8.4476333e-02   1.1595270e-01   7.1554059e-01   7.8630650e-04  -1.4858625e-03  -6.4493624e-04
  -9.8964372e-02   6.3840752e-02   7.2633839e-01   6.1880829e-04  -1.0611259e-03  -2.1966232e-04
  -1.0859228e-01   7.1560224e-02   7.4937238e-01   6.9684611e-04  -7.3061724e-04  -9.8080539e-04
  -1.2027398e-01   8.6266403e-02   6.9821638e-01   4.6996536e-04  -8.1350436e-04  -2.2488190e-04
  -6.8118812e-02   1.0236327e-01   6.6080691e-01   1.6018793e-03  -7.3916075e-04  -9.7740468e-05
  -8.7632110e-02   8.5009556e-02   7.9910215e-01   1.7368242e-03  -9.3868578e-04  -5.3596466e-04
  -9.2026731e-02   1.0676973e-01   7.7997080e-01   9.3630397e-04  -5.3546419e-04  -1.0429816e-04
  -6.5102755e-02   1.0717069e-01   8.0013261e-01   1.2479125e-03  -1.7060188e-04  -1.0197143e-03
  -1.0873456e-01   8.9494340e-02   8.3599555e-01   8.5421754e-04  -3.5487964e-04  -4.0314522e-04
  -1.0940514e-01   8.9259724e-02   8.4346152e-01   1.2347675e-03  -7.7681481e-04  -3.4963910e-04
  -4.8065596e-02   1.0391859e-01   6.9765177e-01  -1.0018281e-03   4.9633249e-04  -1.8185368e-03
  -5.6316785e-02   8.7984266e-02   8.5611349e-01   3.0655896e-03  -4.6148252e-04   3.7227784e-05
  -6.1466437e-02   1.0509823e-01   8.5877126e-01   4.3558709e-04  -4.1982797e-04  -9.4099256e-04
  -9.5108117e-02   9.1736159e-02   9.4784392e-01   1.5988210e-03  -4.3818073e-04  -1.1294433e-03
  -1.0000146e-01   1.0386498e-01   9.0794394e-01   8.2468245e-04  -4.1003044e-04  -5.1065388e-04
  -1.1482257e-01   1.0357242e-01   9.4981003e-01  -5.8779606e-05  -7.7255683e-04  -1.3879880e-03
  -1.2574828e-01   1.0220339e-01   9.6019684e-01   1.3181839e-04  -3.7034032e-04  -9.5197764e-04
  -1.1157305e-01   1.0284458e-01   9.8565050e-01   9.3495372e-04  -5.2843957e-04  -4.7586759e-04
  -1.2313227e-01   9.5825219e-02   9.9596767e-01   1.4094661e-05  -7.2893369e-04  -1.4371682e-03
  -1.5130059e-01   1.1463589e-01   9.7904068e-01   5.8939435e-06  -9.2887005e-04   6.0479605e-04
  -1.3432243e-01   8.6211696e-02   9.5845332e-01   9.1942417e-05  -1.0782355e-03   2.4992848e-04
  -1.2296521e-01   8.1307255e-02   9.9042688e-01   1.4344376e-04  -5.2241420e-04  -3.9196638e-04
  -7.3419643e-02   1.2832478e-01   9.1669874e-01  -2.0134821e-03  -2.8762231e-04  -1.3200059e-03
  -1.5562411e-01   4.9846193e-02   9.3685310e-01   2.3559680e-03  -7.7010949e-04   9.4819518e-04
  -1.2386029e-01   8.6861639e-02   9.6849642e-01   4.6917959e-04  -4.7860041e-04  -8.9311773e-04
  -1.1788458e-01   8.6987905e-02   9.8492778e-01  -1.3918877e-04  -5.8155003e-04  -6.4028401e-04
  -1.4445947e-01   9.5614194e-02   1.0166929e+00   1.0441670e-04  -6.1766282e-04  -9.9322372e-05
  -1.0940246e-01   1.4926494e-01   9.1421843e-01  -8.9735642e-05  -7.0843843e-04  -9.8265052e-04
  -1.3266233e-01   1.3270390e-01   1.0189906e+00  -5.7018812e-04  -3.1380297e-04  -3.4007176e-04
  -1.3408350e-01   1.1647936e-01   1.0998644e+00   9.9298609e-04  -1.3100479e-04  -1.1251070e-03
  -1.1912832e-01   1.0196820e-01   1.1007998e+00   6.7786980e-04  -8.1932885e-04  -9.5201610e-04
  -1.4864197e-01   1.0559535e-01   1.0895829e+00   4.3602402e-04  -1.3706693e-03  -5.4967170e-04
  -1.4794066e-01   9.7122983e-02   1.0798307e+00  -5.5313486e-04  -1.1965083e-03  -4.7304466e-04
  -1.3338980e-01   1.0376102e-01   1.0651811e+00  -1.1243944e-04  -9.8578138e-04  -7.3119282e-04
  -1.0750860e-01   1.2622649e-01   1.0189518e+00  -1.5876691e-04  -4.7011361e-04  -1.2848498e-03
  -1.0514654e-01   1.2488658e-01   1.0156749e+00   1.8050387e-03  -1.1167858e-03  -4.6692725e-04
  -1.0654928e-01   1.1396063e-01   1.1226223e+00   4.9391779e-04  -1.1087267e-03  -1.1279857e-03
  -1.1364937e-01   1.2885845e-01   1.1467257e+00   1.1751435e-03  -1.0347719e-03  -1.2128172e-03
  -1.4399897e-01   1.4732256e-01   1.1790508e+00   1.4412796e-03  -9.5827848e-04  -5.8638305e-05
  -1.1021453e-01   1.1017535e-01   1.1375035e+00  -1.4782417e-05  -1.0894904e-03  -1.0555589e-03
  -3.4278808e-02   1.3182189e-01   9.9500706e-01  -1.1473503e-03   9.8701862e-05  -2.1880540e-03
  -1.2272459e-01   1.7479054e-01   1.2222193e+00   1.1132881e-03  -8.2316714e-04  -1.5383886e-03
  -1.4785007e-01   1.5325999e-01   1.1936990e+00   3.8585921e-05  -2.6041618e-04  -1.5184386e-03
  -1.7303289e-01   1.3648102e-01   1.2454611e+00   1.6295532e-03  -7.4535993e-04  -5.7860606e-04
  -1.4873426e-01   1.4964144e-01   1.2313385e+00   6.5307964e-04  -1.0232141e-03  -1.4023748e-03
  -1.6063112e-01   1.3269947e-01   1.2146135e+00  -4.2187738e-04  -1.2905226e-03  -4.1851661e-04
  -1.4757800e-01   1.2884554e-01   1.2186354e+00  -5.4365207e-05  -9.2020646e-04  -1.2516940e-04
  -1.6288738e-01   1.2803930e-01   1.2263281e+00   1.9411988e-05  -1.0033013e-03  -3.7724510e-04
  -1.3069937e-01   1.1718373e-01   1.2586927e+00  -2.4868409e-05  -5.7526653e-04  -8.4475845e-04
  -1.6999034e-01   1.3593716e-01   1.2531202e+00  -4.0370154e-05  -1.1412835e-03  -3.2006964e-04
  -1.0442804e-01   1.4964847e-01   1.2180190e+00   8.2700185e-04  -5.3145381e-04  -1.0259033e-03
  -1.3122030e-01   1.2436175e-01   1.2833086e+00   4.6206572e-04  -2.7228364e-04  -8.6113856e-04
  -1.5671318e-01   1.5012630e-01   1.3146052e+00   4.8663598e-04  -8.9749022e-04  -3.6981630e-04
  -1.1624241e-01   1.3382746e-01   1.3161139e+00   1.7591671e-03  -9.2004456e-04  -1.5669030e-03
  -1.3072782e-01   1.4965291e-01   1.3352661e+00   8.0017147e-04  -3.0666759e-04  -5.2129890e-04
  -1.2677121e-01   1.6120264e-01   1.3651995e+00   5.7565418e-04  -4.8802683e-04  -1.4280513e-03
  -1.4731743e-01   1.3808959e-01   1.3994433e+00   7.1337606e-04  -1.2275557e-03  -5.3735972e-04
  -1.4426639e-01   1.6430840e-01   1.4146163e+00   1.7395617e-04  -1.0669572e-03  -1.7659680e-03
  -1.3257945e-01   1.6235649e-01   1.2994737e+00   1.2028131e-03  -9.0688562e-04  -1.4008716e-03
  -1.2899949e-01   1.6711935e-01   1.4000972e+00   4.8433127e-04  -7.7441239e-04  -1.1607181e-03
  -1.5168967e-01   1.8003222e-01   1.4521372e+00   6.9345058e-04  -9.7640265e-04  -1.5488726e-03
  -1.5067063e-01   1.6131019e-01   1.4469423e+00   3.5024897e-04  -1.3482407e-03  -1.6325065e-03
  -1.5114926e-01   1.8181536e-01   1.4250436e+00   9.6422088e-04  -1.2138785e-03  -1.0209514e-03
  -1.7384037e-01   1.3123102e-01   1.5203894e+00   3.5812873e-04  -9.2584682e-04  -9.0590275e-04
  -1.4205551e-01   1.6660733e-01   1.4649668e+00   3.6627407e-04  -9.3045916e-04  -4.2788485e-04
  -1.1692982e-01   1.2635817e-01   1.5059472e+00   2.3319682e-04  -7.7661820e-04  -1.4371416e-03
  -1.4250826e-01   1.4667490e-01   1.5075563e+00   4.0151466e-04  -1.2983328e-03  -8.0055204e-04
  -1.5767547e-01   1.6105156e-01   1.5344059e+00  -2.0874046e-04  -1.3925702e-03  -1.6410650e-03
  -5.3857052e-02   1.9017788e-01   1.4065265e+00   1.3805316e-03  -1.4609808e-03  -6.8182662e-05
  -1.4114299e-01   2.0164686e-01   1.4782387e+00   3.0545039e-04  -9.5868656e-04  -1.5493250e-03
  -1.6293090e-01   1.8189677e-01   1.5114294e+00   3.8794644e-04   3.8651886e-05  -8.3173625e-04
  -1.3948426e-01   1.6784621e-01   1.5513545e+00   9.3865892e-04  -5.9875342e-04  -1.1503380e-03
  -1.1568368e-01   1.5746139e-01   1.5409722e+00   3.4672772e-04  -9.3114250e-04  -1.3198473e-03
  -1.3015511e-01   1.7850505e-01   1.5410613e+00   5.5357233e-04  -1.4228987e-04  -6.2824978e-04
  -1.4438369e-01   1.4819415e-01   1.5360820e+00  -4.1340213e-04  -1.2806410e-03  -5.2113266e-04
  -1.3388324e-01   1.5267254e-01   1.5425009e+00  -1.2569771e-03  -1.1436628e-03  -1.7698375e-03
  -1.5330130e-01   1.5574769e-01   1.5652016e+00  -3.2053413e-04  -7.3661601e-04  -9.2021809e-04
  -1.7996547e-01   1.8095772e-01   1.5866410e+00  -4.0983328e-04  -1.4582178e-03  -5.9829090e-04
  -1.8419264e-01   1.6075452e-01   1.5874116e+00  -1.1263043e-03  -8.7247106e-04  -2.9924745e-04
  -1.6347394e-01   1.7465481e-01   1.5689759e+00  -7.9691607e-04  -1.0161404e-03  -9.1843395e-04
  -1.4958735e-01   1.2814747e-01   1.5945668e+00  -4.3377672e-04  -6.3410892e-04  -4.9941784e-04
  -1.2982501e-01   1.4771446e-01   1.5615059e+00   1.2567360e-03  -7.6976743e-04  -3.3323675e-05
  -1.5801927e-01   1.8713803e-01   1.6994012e+00   7.9329347e-04  -8.1574652e-04  -9.8089396e-04
  -1.4742500e-01   1.8682283e-01   1.7106380e+00   5.1297691e-04  -8.7026104e-04  -1.7580498e-03
  -9.4950913e-02   2.0038028e-01   1.5547034e+00   5.1272761e-04   2.4100317e-04  -1.2220832e-03
  -1.2652027e-01   2.0718198e-01   1.7296570e+00   6.2545537e-04  -9.1954719e-04  -2.1522061e-03
  -1.7322373e-01   1.9238508e-01   1.7644335e+00   1.4693923e-03   1.6939182e-04  -6.9402209e-04
  -1.6150811e-01   1.9122805e-01   1.7902777e+00   1.7308937e-03  -3.9339798e-04  -1.5656504e-03
  -1.5464026e-01   1.6400368e-01   1.7482264e+00   7.8741560e-04  -8.2170930e-04  -9.0263307e-04
  -1.6540018e-01   1.8655856e-01   1.7733837e+00   6.4211420e-04  -4.3904264e-04  -8.7946317e-04
  -1.1710207e-01   1.8072827e-01   1.7885837e+00   6.6613643e-04  -5.4072376e-04  -1.6668936e-03
  -1.5461299e-01   1.7915652e-01   1.8043104e+00   1.3338970e-03  -8.0416761e-04  -5.9898092e-04
  -1.4552771e-01   1.8634612e-01   1.7969127e+00  -2.2032040e-04  -1.0606127e-03  -6.4551003e-04
  -1.3425552e-01   1.8254755e-01   1.8004648e+00  -1.7675301e-04   1.9755703e-04  -7.3793718e-04
  -1.2999682e-01   1.7277628e-01   1.7430527e+00   1.0340466e-03  -1.2339517e-03  -1.3060915e-03
  -1.5963699e-01   1.7788756e-01   1.8427104e+00   3.9416853e-04  -1.2928708e-04  -6.6404556e-04
  -1.7724570e-01   1.8352335e-01   1.8924002e+00   8.0861427e-04  -9.4913303e-04  -2.6363648e-04
  -1.1614000e-01   1.6491094e-01   1.7099037e+00   2.1419616e-03  -2.8786286e-04  -9.9618808e-05
  -1.8265007e-01   1.9609608e-01   1.8302063e+00   4.6621088e-04  -2.0301247e-03  -1.2749178e-03
  -1.7824575e-01   2.0912683e-01   1.8588293e+00  -1.2734056e-04  -7.7943389e-04  -1.2824666e-03
  -1.6584222e-01   1.9085438e-01   1.9000526e+00   6.5804984e-04  -8.8348174e-04  -1.5082553e-03
  -1.7814274e-01   1.9808120e-01   1.9029788e+00   9.0233108e-05  -4.6101600e-04  -6.6858240e-04
  -1.7767654e-01   1.6826301e-01   1.8740354e+00  -6.8566755e-04  -7.4323746e-04  -9.1865963e-04
  -1.4923153e-01   1.7557155e-01   1.8763185e+00  -8.9656074e-04  -7.6744748e-04  -1.5834376e-03
  -1.1488297e-01   1.7586185e-01   1.7015616e+00  -1.5703519e-03  -7.6751332e-04  -1.0900045e-03
  -1.3811698e-01   1.8804909e-01   1.9445055e+00   1.8588982e-03  -7.9498985e-04  -1.8051331e-03
  -1.2423861e-01   2.1294978e-01   2.0030724e+00   1.0399422e-03  -8.1067942e-04  -2.0442375e-03
  -1.5261227e-01   2.0537504e-01   1.9747603e+00   8.1538986e-04  -1.6710504e-03  -1.4323281e-03
  -1.3969903e-01   1.8784727e-01   1.9882561e+00  -3.7222001e-04  -1.4394352e-03  -1.3494419e-03
  -1.1101742e-01   2.3748515e-01   1.8737631e+00   8.7991847e-04  -1.8668614e-03  -1.2361584e-03
  -1.1934794e-01   2.1268664e-01   1.9987681e+00   3.7135095e-04  -1.2284561e-03  -1.3780316e-03
  -1.4905288e-01   2.3367191e-01   2.0113800e+00  -6.1614682e-04  -1.0491738e-03  -8.3351168e-04
  -1.6310994e-01   2.1496153e-01   1.9946423e+00   2.7742969e-03  -1.8672809e-03  -1.6219640e-03
  -1.5467870e-01   2.0638497e-01   2.0768202e+00   4.3064966e-05  -1.3083026e-03  -1.7477444e-03
  -1.5854724e-01   2.0149197e-01   2.0755986e+00   5.0080458e-04  -6.1536586e-04  -1.5271342e-03
  -1.5888273e-01   2.0450320e-01   2.0616889e+00  -6.0688921e-04  -8.8591254e-04  -1.8303325e-03
  -1.7093740e-01   1.9139846e-01   2.0918473e+00   1.3920014e-04  -1.8525294e-03  -1.1239893e-03
  -1.5052307e-01   1.9866347e-01   2.0917168e+00  -7.0444376e-04  -1.4601685e-03  -1.3096314e-03
  -1.5201847e-01   1.8969138e-01   2.0748031e+00  -1.6225450e-04  -1.7582132e-03  -1.3433056e-03
  -1.5850956e-01   2.0429871e-01   2.0712702e+00  -8.8923456e-04  -1.4589600e-03  -9.9095689e-04
  -1.4750974e-01   1.8746069e-01   2.0886502e+00  -4.0989521e-04  -1.1021223e-03  -9.8575902e-04
  -1.4567130e-01   1.8066028e-01   2.0864429e+00  -6.0495136e-04  -1.4285974e-03  -1.1448747e-03
  -1.5671124e-01   1.7227808e-01   2.0886345e+00   5.3172734e-04  -1.4710521e-03  -1.0005777e-03
  -1.5834062e-01   1.9212128e-01   2.1282581e+00   5.9695409e-04  -1.3462815e-03  -8.9208687e-04
  -1.4874260e-01   2.0174129e-01   2.1193519e+00   9.6803844e-05  -1.1820116e-03  -9.2343973e-04
  -1.3265348e-01   2.0599864e-01   2.1162125e+00   6.1515382e-05  -1.1195468e-03  -7.6102892e-04
  -1.4861197e-01   2.1075962e-01   2.1566394e+00  -4.4824195e-04  -1.5165648e-03  -1.1108878e-03
  -7.4415663e-02   2.2166619e-01   2.0723658e+00   3.5830759e-03  -1.4724220e-03   2.9885287e-05
  -1.7365985e-01   1.9941185e-01   2.1848691e+00  -6.8249486e-04  -1.0431304e-03  -1.6050484e-03
  -1.5450146e-01   2.1358632e-01   2.1862841e+00  -1.2626034e-03  -4.7487938e-04  -1.3383677e-03
  -1.3992235e-01   1.9803960e-01   2.2415937e+00  -3.3346449e-04  -4.8044671e-04  -1.4887994e-03
  -1.5899614e-01   2.1064916e-01   2.2178232e+00  -1.2110086e-03  -1.1533993e-03  -1.2807173e-03
  -1.4755506e-01   2.1174543e-01   2.2159831e+00  -9.9802999e-04  -8.5790626e-04  -9.0961307e-04
  -1.4847796e-01   1.9681992e-01   2.2228973e+00  -9.7449919e-04  -1.4409226e-03  -1.2622061e-03
  -1.5214338e-01   1.9991098e-01   2.1300342e+00   1.3521035e-03  -9.0238840e-04  -7.2934397e-04
  -1.6087092e-01   2.2862611e-01   2.2646458e+00   4.5674607e-06  -1.3927793e-03  -1.4197235e-03
  -1.3208306e-01   1.9820833e-01   2.2947481e+00   3.9614627e-04  -8.9922364e-04  -1.8576532e-03
  -1.5227811e-01   2.2259845e-01   2.3136346e+00   1.0170587e-03  -1.6127491e-03  -1.9252681e-03
  -1.4715111e-01   2.1995765e-01   2.2568563e+00  -2.5951134e-04  -1.4106089e-03  -1.3441850e-03
  -1.3047449e-01   2.2793081e-01   2.2540772e+00  -2.3985650e-05  -1.8586742e-03  -1.3317176e-03
  -1.3763704e-01   1.9584498e-01   2.2735514e+00  -4.8909660e-04  -1.0349536e-03  -1.3907884e-03
  -1.7564353e-01   1.9183926e-01   2.3106384e+00  -3.1237811e-04  -7.3224254e-04  -6.2543869e-04
  -1.2634412e-01   2.1121817e-01   2.3221755e+00  -6.2107095e-04  -1.0146475e-03  -1.3069851e-03
  -1.5127101e-01   2.1793190e-01   2.3274264e+00  -8.0159471e-04  -4.9025246e-04  -9.2698548e-04
  -1.4511208e-01   1.8781100e-01   2.3392592e+00  -8.2685323e-04  -1.0790951e-03  -1.5641755e-03
  -1.5657736e-01   2.0324482e-01   2.3697602e+00  -6.3145439e-04  -4.6057597e-04  -3.5279831e-04
  -1.5498195e-01   2.1691920e-01   2.3583502e+00  -5.9275169e-05  -1.1383783e-03  -9.9562247e-04
  -1.5614648e-01   2.1558001e-01   2.3648279e+00  -1.7257539e-04  -1.4786923e-03  -8.1556782e-04
  -1.3154150e-01   1.9530124e-01   2.3871059e+00  -8.6264908e-04  -1.4207679e-03  -1.4679711e-03
  -1.5599413e-01   1.8679742e-01   2.4134840e+00  -5.8840921e-04  -1.1738728e-03  -9.4478238e-04
  -1.5771335e-01   2.1042834e-01   2.4294997e+00  -1.0752278e-03  -1.7517121e-03  -1.0303772e-03
  -1.3930024e-01   1.5918572e-01   2.4265388e+00  -5.7039486e-04  -1.8603524e-03  -9.4743593e-04
  -1.2581377e-01   2.0650622e-01   2.4175800e+00  -9.4113074e-04  -1.0715083e-03  -1.0501622e-03
  -8.8012727e-02   2.3929567e-01   2.3551410e+00   5.0636974e-03  -1.6051129e-03   6.2706274e-04
  -1.3762643e-01   2.4073612e-01   2.4607364e+00  -1.5810677e-04  -1.0704066e-03  -1.4451587e-03
  -1.4441335e-01   2.1189863e-01   2.4845603e+00  -2.5213238e-04  -1.5503165e-03  -1.5100956e-03
  -1.5222424e-01   2.0963084e-01   2.5132441e+00  -2.2012631e-04  -1.2444068e-03  -5.6779437e-04
  -1.2205000e-01   2.2595306e-01   2.4439087e+00  -1.9375804e-03  -1.6039888e-03  -1.5347781e-03
  -1.4989633e-01   2.2241918e-01   2.4608857e+00  -1.7247366e-03  -1.4756623e-03  -8.0920529e-04
  -1.4059526e-01   1.8742931e-01   2.4986624e+00  -1.4075463e-03  -1.5420588e-03  -1.3506684e-03
  -1.2858365e-01   2.2277006e-01   2.5010417e+00  -1.0061447e-03  -1.7165885e-03  -1.2907990e-03
  -1.6077380e-01   2.0202461e-01   2.5692060e+00  -1.9183787e-04  -1.1387903e-03  -6.9094385e-04
  -1.2423032e-01   2.0447670e-01   2.5981448e+00  -1.6442414e-04  -1.4060044e-03  -1.3478171e-03
  -1.2833175e-01   1.9272347e-01   2.5483050e+00  -1.5686440e-03  -8.1477992e-04  -1.2211715e-03
  -1.2186249e-01   1.7336308e-01   2.5880926e+00  -5.8331495e-04  -1.8000914e-03  -1.4739031e-03
  -1.3606527e-01   1.9453665e-01   2.6069420e+00  -3.0579717e-04  -1.0562236e-03  -8.5045047e-04
  -1.4693903e-01   1.8915627e-01   2.6086536e+00  -6.5680149e-04  -1.1505872e-03  -9.3796125e-04
  -1.3310815e-01   1.9180444e-01   2.6091140e+00  -1.1612459e-03  -1.5119199e-03  -1.3408472e-03
  -1.2588262e-01   1.9673952e-01   2.6540707e+00  -5.2546098e-04  -1.4885050e-03  -8.9894449e-04
  -1.0813267e-01   1.9046704e-01   2.6353332e+00  -7.5878083e-04  -8.7889841e-04  -1.5712020e-03
  -1.2796121e-01   2.1256837e-01   2.6370267e+00  -1.0908821e-03  -1.6318086e-03  -1.0236589e-03
  -1.2952011e-01   2.1139423e-01   2.6755717e+00  -6.2215586e-04  -1.1625974e-03  -1.0513619e-03
  -9.9615101e-02   2.2540397e-01   2.6132722e+00   1.7436549e-04  -1.3029401e-03  -1.4805589e-03
  -1.0229567e-01   2.2012093e-01   2.6967823e+00   6.0257983e-05  -7.6823906e-04  -1.4558900e-03
  -1.1809018e-01   2.1647093e-01   2.6936478e+00  -8.8130258e-04  -7.9653341e-04  -1.3710695e-03
  -1.2654069e-01   2.3254174e-01   2.6820434e+00  -2.7739354e-04  -7.0080227e-04  -1.4548681e-03
  -1.1580088e-01   1.9933350e-01   2.7280301e+00  -4.0087267e-04  -1.1381955e-03  -1.3849928e-03
  -8.2345815e-02   2.6063756e-01   2.5451643e+00  -1.4252290e-03  -1.4972798e-03  -1.2500136e-03
  -8.6591731e-02   2.8338437e-01   2.7796535e+00   6.5634778e-04  -1.2796939e-03  -1.3384324e-03
  -1.2441140e-01   2.5116079e-01   2.7885692e+00   2.4283380e-04  -1.5077624e-03  -7.9236238e-04
  -1.0187355e-01   2.3873895e-01   2.8040785e+00  -8.7193161e-06  -1.5601085e-03  -1.7448009e-03
  -1.4406854e-01   2.3194379e-01   2.8400815e+00   3.7679551e-04  -2.0459458e-03  -8.0688036e-04
  -1.2996821e-01   2.3465306e-01   2.8033727e+00  -4.4957403e-04  -1.9702017e-03  -1.0355084e-03
  -1.0143851e-01   2.0727994e-01   2.7903060e+00   6.4913530e-04  -1.7265825e-03  -1.2249674e-03
  -9.9858811e-02   2.2912936e-01   2.8205055e+00  -4.0229741e-04  -1.4390033e-03  -1.7005802e-03
  -1.0562608e-01   2.2180788e-01   2.8706654e+00  -3.1523566e-04  -6.4971493e-04  -1.5573785e-03
  -3.7904942e-02   1.8233323e-01   2.7810355e+00   2.1582120e-03  -1.4364721e-03  -8.7103155e-04
  -1.0218192e-01   2.4652414e-01   2.8395354e+00   9.8915179e-04  -1.2367077e-03  -1.9377769e-03
  -1.1429684e-01   2.2116887e-01   2.8684868e+00  -4.7951213e-04  -8.9543067e-04  -1.2679668e-03
  -9.6907965e-02   2.5208952e-01   2.8842872e+00  -3.6947177e-04  -1.0230973e-03  -1.3878845e-03
  -1.0753083e-01   2.4073481e-01   2.9094777e+00  -3.1147066e-04  -1.7334913e-03  -1.9533001e-03
  -1.1966694e-01   2.2915976e-01   2.8826078e+00  -1.4211141e-03  -1.1934554e-03  -1.4303825e-03
  -9.0817615e-02   2.3907377e-01   2.9131190e+00  -1.1702262e-03  -5.9870149e-04  -1.2513060e-03
  -9.1274299e-02   2.3277638e-01   2.9195835e+00  -3.8655791e-04  -8.6245445e-04  -1.1593250e-03
  -1.1244337e-01   2.0769315e-01   2.9424463e+00   5.0082635e-04  -1.5152007e-03  -9.8751626e-04
  -1.3055186e-01   2.4085061e-01   2.9349581e+00  -3.3221727e-04  -1.0722464e-03  -7.6744682e-04
  -1.1115016e-01   2.5751912e-01   2.9557434e+00  -8.9651098e-04  -1.3367739e-03  -1.2470346e-03
  -1.1425473e-01   2.3557389e-01   2.9802201e+00  -5.0594159e-04  -1.1136633e-03  -7.4038281e-04
  -1.3582385e-01   2.3430825e-01   2.9359539e+00   8.4524007e-06  -2.7105114e-03  -5.6508426e-04
  -1.0452727e-01   2.2717467e-01   3.0285579e+00  -1.0725479e-04  -1.0714458e-03  -1.0471959e-03
  -1.2566829e-01   2.3275796e-01   3.0389557e+00  -8.8939584e-04  -1.7087839e-03  -1.5090099e-03
  -1.1654296e-01   2.5362471e-01   3.0199313e+00  -1.0223646e-03  -1.9382562e-03  -1.2502087e-03
  -1.2252850e-01   2.5655546e-01   3.0705620e+00  -3.5979105e-04  -1.9121293e-03  -1.4586218e-03
  -1.1689975e-01   2.1839153e-01   3.0583783e+00  -2.4203723e-04  -2.0032950e-03  -1.7644233e-03
  -1.1271314e-01   2.4880132e-01   3.0374965e+00  -1.1822520e-03  -1.7082735e-03  -1.0241572e-03
  -9.0703495e-02   2.2074277e-01   3.0804769e+00  -3.4714544e-04  -1.2639419e-03  -1.6134746e-03
  -1.1290383e-01   2.4749445e-01   3.1003724e+00  -2.5123665e-04  -2.0278336e-03  -1.2560888e-03
  -8.4187112e-02   2.1057634e-01   3.0944473e+00  -6.7659196e-04  -1.9612940e-03  -1.8994257e-03
  -1.0996201e-01   2.2236366e-01   3.1074579e+00  -2.5587874e-05  -2.3170918e-03  -1.0462035e-03
  -7.5802523e-02   2.0437836e-01   2.9672735e+00   1.0439026e-03  -3.9274549e-03  -4.3933531e-04
  -9.5694125e-02   2.4420038e-01   3.1410298e+00   5.2886022e-06  -2.2285611e-03  -2.3079100e-03
  -1.3362968e-01   2.5422024e-01   3.1632042e+00   3.9567562e-04  -1.1948311e-03  -1.4448126e-03
  -8.1750293e-02   2.6872890e-01   3.1905607e+00   3.5643953e-04  -1.5797025e-03  -2.5876354e-03
  -1.3403529e-01   2.6126847e-01   3.1850828e+00   1.6878465e-04  -2.0319875e-03  -1.4159031e-03
  -1.1401485e-01   2.2315043e-01   3.1957386e+00  -2.6296495e-04  -2.4209811e-03  -1.3519978e-03
  -1.0932313e-01   2.4483386e-01   3.1661065e+00  -3.3318473e-04  -1.2588963e-03  -1.2412116e-03
  -1.2121878e-01   2.6302532e-01   3.1704706e+00  -1.9096948e-04  -2.0681350e-03  -7.2021056e-04
  -9.6189848e-02   2.6952008e-01   3.1532226e+00  -8.2738874e-04  -1.8973610e-03  -1.4942149e-03
  -1.1068665e-01   2.2586184e-01   3.2107237e+00   1.1863918e-04  -1.3245255e-03  -1.4186492e-03
  -1.1271773e-01   2.4361343e-01   3.1337676e+00  -2.1278789e-04  -1.6844615e-03  -1.5934511e-03
  -8.0461452e-02   2.7883292e-01   3.1087705e+00   1.3679107e-03  -9.7986028e-04  -2.2326612e-03
  -9.2612164e-02   2.3665621e-01   3.2056396e+00   3.5459276e-04  -9.9037847e-04  -2.0291961e-03
  -1.1968325e-01   2.2568293e-01   3.2421994e+00   4.7604388e-04  -1.9614301e-03  -1.6070273e-03
  -7.2756173e-02   2.0881061e-01   3.2427616e+00  -4.6675071e-04  -1.6419244e-03  -2.2891179e-03
  -1.0987620e-01   2.2029884e-01   3.2390531e+00  -3.9622628e-04  -1.5899881e-03  -1.3510658e-03
  -1.2118774e-01   2.1924944e-01   3.2912878e+00   1.6285899e-04  -1.9285151e-03  -9.1102089e-04
  -1.1248247e-01   2.3637781e-01   3.3011656e+00  -3.3549601e-04  -1.6201684e-03  -1.9671973e-03
  -1.3696568e-01   2.0680097e-01   3.3086592e+00  -2.4148128e-04  -1.5172997e-03  -5.1154894e-04
  -1.3872936e-01   2.4248168e-01   3.3160083e+00  -1.2625231e-04  -1.9279181e-03  -8.8215096e-04
  -9.1104313e-02   2.1528702e-01   3.3390990e+00   1.9286862e-04  -1.3684889e-03  -1.6897569e-03
  -8.7652726e-02   2.7141036e-01   3.2747507e+00  -1.4465864e-03  -1.2562863e-03  -2.6596098e-03
  -1.0885760e-01   2.4430530e-01   3.4241187e+00  -1.3228274e-04  -2.8503149e-03  -1.9882080e-03
  -1.4482723e-01   2.2654260e-01   3.4549533e+00  -1.2441580e-03  -2.4233046e-03  -8.1147271e-04
  -9.5907698e-02   2.5017680e-01   3.4348571e+00  -1.8836615e-03  -2.4035599e-03  -1.8372477e-03
  -1.2976716e-01   2.3701632e-01   3.4910598e+00   1.5776981e-04  -2.2193223e-03  -1.2731502e-03
  -1.2193621e-01   2.6472051e-01   3.4160389e+00  -1.8252485e-03  -2.4163129e-03  -1.4901646e-03
  -1.0984740e-01   2.4445449e-01   3.4153671e+00  -2.3369820e-03  -2.5052426e-03  -1.9877827e-03
  -1.4593141e-01   2.3002765e-01   3.4384652e+00  -1.0952392e-03  -2.3075492e-03  -1.1770889e-03
  -8.9542892e-02   2.5433579e-01   3.4510932e+00  -4.6934339e-04  -1.5620704e-03  -2.3809089e-03
  -8.8758966e-02   2.4576928e-01   3.4538003e+00   1.4437302e-03  -3.0536671e-03  -9.6989668e-04
  -1.0538488e-01   2.5489592e-01   3.5341311e+00  -4.7729043e-04  -1.6725966e-03  -1.6271199e-03
  -1.1369546e-01   2.4970754e-01   3.5548040e+00  -2.6586127e-05  -2.2267360e-03  -1.6047234e-03
  -9.2527765e-02   2.4802342e-01   3.5612500e+00   7.3237727e-04  -1.7318362e-03  -1.8848572e-03
  -1.1561940e-01   2.5336609e-01   3.5488676e+00   9.2456126e-05  -2.0816563e-03  -2.0505676e-03
  -9.3640487e-02   2.3875636e-01   3.5383155e+00   1.3753598e-04  -2.4713468e-03  -1.7112465e-03
  -9.8713101e-02   2.0776473e-01   3.4734447e+00  -6.8563935e-04  -2.9944757e-03  -1.9310565e-03
  -1.3622790e-01   2.4432811e-01   3.5757232e+00   1.5320346e-04  -2.6042757e-03  -2.3892169e-03
  -1.1086786e-01   2.3462566e-01   3.5757690e+00  -8.8158504e-04  -1.4520163e-03  -1.8017709e-03
  -1.3151095e-01   2.5906419e-01   3.6023870e+00  -2.2940644e-04  -2.8329006e-03  -2.0481609e-03
  -1.0195679e-01   2.7872748e-01   3.5857670e+00  -9.7707744e-04  -2.1394865e-03  -1.6670027e-03
  -1.1169922e-01   2.6133970e-01   3.6192251e+00  -7.9751412e-04  -2.4581146e-03  -1.0167794e-03
  -1.1144337e-01   2.6612814e-01   3.6220605e+00  -3.5798046e-04  -2.1089235e-03  -1.6807439e-03
  -1.0916785e-01   2.4403671e-01   3.6349558e+00  -7.0336492e-04  -2.3489255e-03  -1.6303444e-03
  -8.3417665e-02   2.5439851e-01   3.6496981e+00  -8.0382630e-04  -2.1479524e-03  -2.1507437e-03
  -1.1310752e-01   2.3597848e-01   3.6328840e+00  -1.2181361e-03  -2.2583762e-03  -1.1716641e-03
  -1.0163682e-01   2.4664513e-01   3.6662687e+00  -7.6352353e-04  -1.9934069e-03  -1.4571548e-03
  -9.6819884e-02   2.4882375e-01   3.6601251e+00  -1.9591588e-04  -1.6476712e-03  -1.5722066e-03
  -1.2917430e-01   2.5644061e-01   3.6840940e+00  -5.2453124e-04  -2.1885689e-03  -9.4368879e-04
  -1.0719033e-01   2.7338480e-01   3.7275575e+00  -7.4484192e-05  -2.9837953e-03  -1.5698948e-03
  -1.1215937e-01   2.4762417e-01   3.6861008e+00  -1.1926849e-03  -2.3518634e-03  -1.4876243e-03
  -1.1977783e-01   2.7963443e-01   3.7438916e+00   1.9912924e-04  -2.0588866e-03  -1.3979201e-03
  -7.9143529e-02   2.5571254e-01   3.7001235e+00  -1.1819831e-03  -1.3040476e-03  -1.5575088e-03
  -9.0671482e-02   2.5851922e-01   3.7117897e+00  -1.0872189e-03  -1.9775393e-03  -1.8405669e-03
  -1.1024421e-01   2.4306845e-01   3.7388504e+00  -1.1278897e-03  -1.8034662e-03  -1.1545913e-03
  -1.1449750e-01   2.6737122e-01   3.8315283e+00   5.4483836e-04  -2.1279280e-03  -1.5367240e-03
  -1.1120673e-01   2.5673333e-01   3.8024390e+00  -6.4084275e-04  -1.5302055e-03  -1.4915858e-03
  -1.2298384e-01   2.6321501e-01   3.8044912e+00  -4.2370027e-04  -2.6748708e-03  -1.0238780e-03
  -1.0534245e-01   2.5510004e-01   3.8062043e+00  -1.0617609e-03  -1.7869575e-03  -1.0088024e-03
  -1.0717650e-01   2.5123017e-01   3.8524348e+00  -3.2898772e-04  -2.4000085e-03  -2.2717270e-03
  -1.1509392e-01   2.8746921e-01   3.8412983e+00  -1.2088505e-03  -2.3860029e-03  -1.1659383e-03
  -1.1072853e-01   2.7039604e-01   3.8267015e+00  -1.0453481e-03  -2.2409214e-03  -1.3430237e-03
  -1.3002125e-01   2.7332484e-01   3.8742502e+00  -5.2560230e-04  -2.2950843e-03  -1.7767424e-03
  -1.0069154e-01   2.5744833e-01   3.8713818e+00  -1.0239408e-03  -1.7605170e-03  -1.6329186e-03
  -1.0953772e-01   2.9365046e-01   3.8817806e+00  -1.0571688e-03  -1.8995490e-03  -1.4748285e-03
  -1.1478918e-01   2.4503414e-01   3.8789670e+00  -8.0850883e-04  -2.0510591e-03  -9.1285480e-04
  -1.1352523e-01   2.3041644e-01   3.8884015e+00  -1.6413659e-03  -2.7069836e-03  -1.6141214e-03
  -1.1936319e-01   2.7978225e-01   3.9163316e+00  -2.3929142e-04  -1.9066200e-03  -8.9304398e-04
  -1.1884963e-01   2.5041673e-01   3.9385846e+00   4.6299408e-04  -3.7878335e-03  -1.1608724e-03
  -1.0322368e-01   2.8953607e-01   3.9474118e+00  -9.4939779e-04  -2.1970559e-03  -1.6297058e-03
  -1.0245975e-01   2.9088647e-01   3.9851789e+00  -2.7250904e-05  -2.4601973e-03  -1.9573819e-03
  -2.0239540e-02   3.0566928e-01   3.8562735e+00  -1.2606800e-03  -3.1958829e-03  -3.1971480e-03
  -1.4516349e-01   2.7333159e-01   3.9559626e+00  -5.8587196e-04  -2.8563263e-03  -1.9527774e-03
  -1.3091567e-01   2.5509832e-01   4.0303093e+00   1.5289731e-04  -2.3599667e-03  -2.3262373e-03
  -1.5570485e-01   2.4190068e-01   4.0416517e+00   5.2835965e-05  -3.2670517e-03  -1.2754710e-03
  -1.1465643e-01   2.7421470e-01   4.0443482e+00  -5.9874922e-04  -2.2526439e-03  -1.9886668e-03
  -1.2981517e-01   2.5734262e-01   4.0455534e+00   2.0334977e-04  -2.3661956e-03  -1.6681289e-03
  -1.1896623e-01   2.6401515e-01   4.0391864e+00  -4.7210937e-04  -2.4413600e-03  -1.4897073e-03
  -1.1126101e-01   2.6316350e-01   4.0392614e+00  -8.1614907e-04  -3.3306100e-03  -1.6755396e-03
  -1.0260904e-01   2.5255220e-01   4.0422847e+00  -1.0841411e-03  -2.6908987e-03  -2.1467948e-03
  -1.3592353e-01   2.7082373e-01   4.0644726e+00  -6.4631420e-04  -3.2653276e-03  -1.6285644e-03
  -1.1275668e-01   2.6712533e-01   4.0660146e+00  -1.4151339e-03  -2.6434834e-03  -1.4594051e-03
  -9.5552062e-02   2.6080973e-01   4.0580458e+00  -1.0718174e-03  -2.3780129e-03  -1.6611021e-03
  -1.1243708e-01   2.8687887e-01   4.1202013e+00  -3.7314265e-04  -2.9565496e-03  -1.5137642e-03
  -1.2091528e-01   2.5263872e-01   4.0598919e+00  -1.7060970e-03  -2.4961846e-03  -1.5504279e-03
  -1.2011949e-01   2.7564059e-01   4.0876137e+00  -1.4570969e-04  -2.3844194e-03  -1.6404615e-03
  -8.5205797e-02   2.8971302e-01   4.0308994e+00  -4.2692792e-04  -2.8512075e-03  -2.4744850e-03
  -9.9893422e-02   2.7536445e-01   3.9751819e+00  -2.9637488e-04  -2.4477016e-03  -1.4467507e-03
  -8.2913243e-02   2.8902611e-01   4.0927013e+00  -5.1031180e-04  -2.5126755e-03  -2.1481741e-03
  -1.1876875e-01   2.6054396e-01   4.1396052e+00  -6.7762237e-04  -2.7404587e-03  -2.0722637e-03
  -1.2247658e-01   2.8569021e-01   4.1784176e+00  -5.4713708e-04  -3.0298471e-03  -1.9483910e-03
  -8.3299144e-02   2.9131186e-01   4.1670624e+00  -4.2207411e-04  -2.1427985e-03  -2.1895339e-03
  -1.0173717e-01   2.5337568e-01   4.1461201e+00  -1.7784724e-03  -2.4669495e-03  -1.7156691e-03
  -1.1111202e-01   2.6319550e-01   4.1761989e+00  -5.4883167e-04  -2.6011712e-03  -1.6972335e-03
  -1.0888336e-01   2.6576035e-01   4.1972285e+00  -6.3472844e-04  -2.0496241e-03  -2.0366137e-03
  -9.9062103e-02   2.7539748e-01   4.2068588e+00  -6.2882213e-04  -2.0800167e-03  -1.5517896e-03
  -7.5215364e-02   2.8230128e-01   4.2065648e+00   2.4465357e-03  -3.2819506e-03  -8.5227952e-05
  -1.2843566e-01   2.8282832e-01   4.3154385e+00  -5.4556472e-04  -2.7571163e-03  -1.6577710e-03
  -1.1751457e-01   2.9354203e-01   4.3371109e+00   1.7163202e-04  -2.5630833e-03  -2.0590353e-03
  -1.3575229e-01   2.9734840e-01   4.3416654e+00  -5.0055522e-05  -2.7845769e-03  -1.3888364e-03
  -1.1186535e-01   2.9331612e-01   4.3085669e+00  -7.6684280e-04  -2.8577625e-03  -1.4526649e-03
  -1.2553971e-01   2.9286501e-01   4.3277312e+00  -4.3043027e-04  -2.4094818e-03  -1.5736291e-03
  -1.1298108e-01   2.8720186e-01   4.3415671e+00  -1.5217189e-04  -2.5859703e-03  -1.1728814e-03
  -1.3183945e-01   2.6765689e-01   4.3478710e+00  -5.9321960e-04  -2.1234686e-03  -8.4618295e-04
  -1.0183504e-01   2.5605710e-01   4.3320531e+00  -7.6171479e-04  -2.2045103e-03  -1.2963961e-03
  -1.1890806e-01   2.7679618e-01   4.3559091e+00  -7.9738889e-05  -2.0594651e-03  -1.2367847e-03
  -1.2758625e-01   2.8769308e-01   4.3927134e+00   1.5908935e-04  -2.7735497e-03  -1.2020591e-03
  -1.1112279e-01   2.3712466e-01   4.3873156e+00  -5.8648300e-04  -2.4430849e-03  -1.2054784e-03
  -8.5357652e-02   2.7216364e-01   4.4130559e+00  -4.7844115e-04  -2.1421433e-03  -1.8151899e-03
  -9.6937018e-02   2.6739370e-01   4.4014932e+00  -8.7478521e-04  -2.0076743e-03  -1.1138780e-03
  -9.7632388e-02   2.8026333e-01   4.4210323e+00  -4.6147770e-04  -1.9999941e-03  -1.3953531e-03
  -1.1682692e-01   2.9883074e-01   4.4446991e+00  -5.5059287e-04  -2.7508137e-03  -1.4783061e-03
  -9.5391888e-02   2.8706408e-01   4.4174339e+00  -1.1960257e-03  -2.9388816e-03  -1.4832101e-03
  -1.0399873e-01   3.1857294e-01   4.4581779e+00  -1.7057835e-04  -2.0366900e-03  -1.5182663e-03
  -1.0290617e-01   2.7763825e-01   4.4791709e+00  -2.0498815e-04  -1.8007091e-03  -1.2609572e-03
  -9.1918179e-02   2.7504493e-01   4.4611207e+00  -5.9678007e-04  -2.9193529e-03  -2.1269285e-03
  -9.8574614e-02   2.8678487e-01   4.4872098e+00  -2.4294942e-04  -2.2638759e-03  -1.3598110e-03
   7.9669611e-03   3.0007408e-01   4.3692959e+00   2.1333897e-04  -2.9280572e-03  -1.6792382e-03
  -8.5145605e-02   2.9617651e-01   4.5341892e+00  -8.3713296e-04  -2.8942644e-03  -2.2698228e-03
  -9.0597733e-02   2.7663439e-01   4.6001013e+00   5.8325092e-04  -2.7805202e-03  -2.4171011e-03
  -1.0439365e-01   2.8653500e-01   4.5924766e+00  -2.5304426e-04  -2.7992434e-03  -2.0753472e-03
  -1.0733892e-01   3.0741976e-01   4.5893868e+00  -8.5223128e-04  -2.7796816e-03  -1.6122195e-03
  -9.3897446e-02   3.1290063e-01   4.5650078e+00  -8.7272102e-04  -3.2906111e-03  -1.6614031e-03
  -1.1313892e-01   3.0810574e-01   4.5989427e+00  -4.5136906e-05  -2.8174410e-03  -1.4804061e-03
  -1.0281407e-01   2.8911377e-01   4.6282675e+00  -7.5352466e-04  -3.0824921e-03  -1.6697570e-03
  -9.2853072e-02   2.8988889e-01   4.6255692e+00  -3.1676824e-04  -3.1395019e-03  -1.7719007e-03
  -9.9635260e-02   2.9221341e-01   4.6420879e+00  -5.5583857e-04  -2.4238400e-03  -1.1545640e-03
  -9.8436477e-02   2.7850572e-01   4.6458277e+00  -1.2483732e-03  -2.4765152e-03  -1.4659290e-03
  -1.1621633e-01   3.0055478e-01   4.6312145e+00  -1.0951979e-03  -2.8834887e-03  -1.0728155e-03
  -6.0936773e-02   2.8766557e-01   4.5382605e+00  -4.2455439e-04  -2.3271932e-03  -1.5992270e-03
  -8.6297890e-02   3.2786938e-01   4.7114859e+00  -1.4354881e-05  -2.8497612e-03  -2.0792506e-03
  -1.0667024e-01   2.8395402e-01   4.7696843e+00   4.2670161e-04  -2.5056628e-03  -1.5100972e-03
  -7.2301717e-02   3.0334955e-01   4.7710744e+00   4.8514655e-04  -2.5653674e-03  -2.3561653e-03
  -8.1247770e-02   2.7951581e-01   4.7355791e+00   2.2751813e-04  -2.1616147e-03  -1.5569672e-03
  -8.7339273e-02   2.9395012e-01   4.7291084e+00  -6.7967889e-04  -2.8432466e-03  -1.8784402e-03
  -9.1560038e-02   2.7093232e-01   4.7181804e+00  -6.2076958e-04  -2.6006914e-03  -1.9763003e-03
  -1.0084525e-01   2.9099801e-01   4.7739113e+00   5.8824209e-05  -2.6026340e-03  -1.9449712e-03
  -7.9312009e-02   2.7415162e-01   4.7519505e+00  -4.2221067e-04  -2.4367015e-03  -2.2119922e-03
  -1.0037240e-01   3.0011930e-01   4.7852620e+00   2.5255444e-04  -3.1008801e-03  -1.6754339e-03
  -6.5571099e-02   2.8062826e-01   4.7674485e+00  -9.4244905e-04  -2.6262282e-03  -2.2469108e-03
  -7.4896869e-02   3.1428717e-01   4.8418843e+00   1.0452609e-03  -2.7618869e-03  -2.4828062e-03
  -1.1127355e-01   3.0214138e-01   4.8310617e+00  -3.6044935e-04  -2.9959703e-03  -1.5738048e-03
  -9.1669892e-02   3.2613699e-01   4.8460559e+00  -4.4997076e-04  -2.6279448e-03  -1.5587694e-03
  -7.4835421e-02   3.2294345e-01   4.8350777e+00  -2.3229947e-04  -2.4396708e-03  -2.5266627e-03
  -1.0852637e-01   3.3446752e-01   4.8297019e+00  -5.8979288e-04  -3.5829265e-03  -1.0979786e-03
  -1.0859712e-01   3.2350487e-01   4.8478332e+00  -5.1610212e-04  -2.8228606e-03  -1.0771456e-03
  -8.1812752e-02   2.9791094e-01   4.8641378e+00  -2.2060007e-04  -2.2364299e-03  -1.7880549e-03
  -1.3068400e-01   3.1335443e-01   4.8714915e+00   3.7551082e-04  -2.7538664e-03  -6.6469252e-04
  -8.2958716e-02   3.0803953e-01   4.8741942e+00  -7.9973770e-04  -3.1835677e-03  -2.1499572e-03
  -1.0094612e-01   2.8238954e-01   4.8727115e+00   1.9938673e-04  -3.0764817e-03  -1.2757362e-03
  -1.1244903e-01   3.1390399e-01   4.8938994e+00  -1.0311885e-03  -2.8586593e-03  -9.1766971e-04
  -6.3981258e-02   3.1061481e-01   4.9262640e+00   4.9411509e-05  -2.3553747e-03  -2.0572288e-03
  -6.9374047e-02   3.0739046e-01   4.9065109e+00  -6.0106574e-05  -2.4335768e-03  -1.5708579e-03
  -9.7435022e-02   2.8720347e-01   4.9254008e+00  -7.0512945e-04  -3.1987013e-03  -1.5242054e-03
  -1.0741432e-01   3.1378756e-01   4.9179422e+00  -6.2927061e-04  -3.1321152e-03  -1.6494437e-03
  -7.0869247e-02   3.3632678e-01   4.9786113e+00   5.3089774e-04  -2.6894764e-03  -1.7224361e-03
  -7.7419346e-02   3.1245476e-01   4.9645783e+00  -7.0070177e-04  -2.4779588e-03  -1.7765263e-03
  -1.0740185e-01   2.8931334e-01   4.9639697e+00  -4.4623087e-04  -2.7121989e-03  -1.1725402e-03
  -6.7102976e-02   3.0784214e-01   4.9838401e+00  -7.6825875e-04  -2.8663067e-03  -2.1561737e-03
  -7.5653477e-02   2.8143042e-01   4.9755225e+00  -6.1783528e-04  -2.4590230e-03  -1.7426634e-03
  -6.6400390e-02   3.1795253e-01   5.0048158e+00   2.2604726e-04  -2.1647241e-03  -1.5051611e-03
  -7.8144151e-02   2.8567455e-01   4.9874956e+00  -1.0687196e-03  -2.8100727e-03  -1.8524639e-03
  -8.4635600e-02   3.1439426e-01   5.0437405e+00  -1.2697342e-04  -2.5831759e-03  -1.5630292e-03
  -8.8156687e-02   3.1204266e-01   5.0488860e+00  -7.3641829e-04  -2.9582995e-03  -1.5865541e-03
  -8.4550731e-02   3.0346369e-01   5.0701103e+00  -4.4841452e-04  -2.7296388e-03  -2.0968590e-03
  -6.8191145e-02   2.9218613e-01   5.0716163e+00   6.5288739e-05  -2.0798523e-03  -1.4324703e-03
  -2.8846555e-02   2.9697850e-01   5.0008455e+00   2.3947032e-04  -2.6366091e-03  -1.0672942e-03
  -7.8681443e-02   3.1503436e-01   5.1177699e+00   1.7888002e-03  -3.5196989e-03  -1.8074972e-03
  -9.2358806e-02   3.0000983e-01   5.1259882e+00  -7.4587001e-04  -2.5934848e-03  -1.4013764e-03
  -6.7467563e-02   3.2854807e-01   5.1895457e+00   6.8827647e-04  -2.9833497e-03  -2.5012783e-03
  -9.5383005e-02   3.3274304e-01   5.1424570e+00  -6.1423435e-04  -2.4209995e-03  -1.8525256e-03
  -7.9052910e-02   3.3589825e-01   5.1115747e+00  -1.1140694e-03  -2.5545579e-03  -2.0924364e-03
  -7.8355693e-02   3.3180745e-01   5.1395164e+00  -2.8093031e-04  -2.4724944e-03  -1.8395473e-03
  -7.1570993e-02   3.2770579e-01   5.1491763e+00  -2.8280177e-04  -2.8968082e-03  -1.7874786e-03
  -8.3207878e-02   3.1585469e-01   5.1374322e+00  -4.7660531e-04  -2.1511754e-03  -1.7501585e-03
  -8.2555439e-02   3.2708099e-01   5.1770287e+00  -7.5530852e-05  -2.5316275e-03  -1.5111144e-03
  -8.1006825e-02   3.3209063e-01   5.1829208e+00  -2.7350707e-04  -2.4762105e-03  -1.0468543e-03
  -4.5261713e-02   3.1502539e-01   5.1371548e+00  -1.4633664e-03  -2.3248149e-03  -2.5423374e-03
  -1.1623221e-01   3.3419079e-01   5.1595623e+00   3.9038540e-03  -5.4738052e-03  -1.1245408e-03
  -8.7458049e-02   2.9869307e-01   5.2178753e+00  -4.1610663e-04  -3.8655978e-03  -2.2165263e-03
  -7.2688848e-02   3.4006496e-01   5.1864751e+00   3.3238198e-03  -3.7882512e-03   1.0264358e-05
  -9.0235035e-02   3.4836896e-01   5.2834144e+00   1.6640271e-03  -2.7489990e-03  -2.0463769e-03
  -8.1989609e-02   3.4015293e-01   5.2842640e+00   2.9572427e-04  -3.1104344e-03  -2.2660190e-03
  -1.0976685e-01   3.3886827e-01   5.2757942e+00  -2.1277186e-04  -2.2672838e-03  -1.2482012e-03
  -9.6904474e-02   2.9344823e-01   5.3206504e+00  -3.8090302e-04  -3.0993489e-03  -1.6544036e-03
  -1.0132284e-01   3.1768023e-01   5.2719307e+00  -1.1108198e-03  -3.1373373e-03  -1.8132543e-03
  -1.1606226e-01   3.2863200e-01   5.2754615e+00  -1.1001999e-03  -2.5884712e-03  -1.2458255e-03
  -1.0144860e-01   3.4009064e-01   5.3057344e+00  -1.0023110e-03  -2.4788531e-03  -1.4329622e-03
  -6.1862282e-02   3.3874255e-01   5.3231963e+00  -2.1415836e-04  -2.6156565e-03  -2.1828049e-03
  -7.9623827e-02   3.1340518e-01   5.3249696e+00  -1.4593498e-04  -2.4038132e-03  -1.4997722e-03
  -1.0982900e-01   2.8877976e-01   5.3267053e+00  -7.9631688e-04  -2.8581561e-03  -1.2830136e-03
  -8.9697058e-02   3.4936981e-01   5.3731290e+00   3.5022752e-04  -2.8202638e-03  -1.8279096e-03
  -1.2477426e-01   3.1633788e-01   5.4077304e+00  -1.8962985e-04  -2.2727338e-03  -1.0477062e-03
  -8.2873121e-02   3.1689095e-01   5.3819541e+00   4.7458652e-05  -2.0659250e-03  -2.0705194e-03
  -1.1144693e-01   3.2049504e-01   5.4116538e+00  -5.6495345e-04  -2.7810784e-03  -1.5908810e-03
  -9.5529164e-02   3.1441272e-01   5.4161779e+00  -2.7285007e-04  -2.4099852e-03  -1.7482626e-03
  -9.1433452e-02   3.4338764e-01   5.4091771e+00  -5.7068314e-04  -2.3787420e-03  -2.0589979e-03
  -8.6516257e-02   3.2609939e-01   5.4335101e+00  -3.0719890e-04  -2.0282141e-03  -1.5066164e-03
  -9.9662125e-02   3.2851639e-01   5.4387544e+00  -5.2086694e-04  -2.4095031e-03  -1.7575427e-03
  -9.0572955e-02   3.3406656e-01   5.4485317e+00  -7.1737139e-05  -1.9329717e-03  -1.8964933e-03
  -9.9681302e-02   3.2524953e-01   5.4722138e+00  -1.8984244e-04  -2.8083809e-03  -1.9109853e-03
  -6.7138665e-02   3.0964254e-01   5.4490510e+00  -8.4375449e-04  -1.2679666e-03  -1.2950459e-03
  -9.7433883e-02   3.1502570e-01   5.4819768e+00   1.6438550e-05  -2.5959042e-03  -1.8145132e-03
  -7.7816997e-02   3.3658116e-01   5.4869264e+00  -2.1864116e-04  -1.4026436e-03  -1.1054064e-03
  -6.7993900e-02   3.1313157e-01   5.4610758e+00  -1.0574884e-03  -1.5491535e-03  -1.9687108e-03
  -6.4136271e-02   3.1362915e-01   5.4344289e+00   7.9309702e-04  -3.1220048e-03  -2.2113604e-03
  -7.1735990e-02   3.0745423e-01   5.5580248e+00   6.7501353e-04  -2.9459132e-03  -2.4190005e-03
  -9.6315617e-02   3.0084293e-01   5.6042040e+00   7.0576536e-04  -2.2595944e-03  -1.8487245e-03
  -9.3436780e-02   2.9566660e-01   5.6129167e+00  -3.8504505e-04  -3.1476981e-03  -1.9624759e-03
  -8.4698182e-02   3.0581059e-01   5.5597993e+00  -7.6719884e-04  -2.7563617e-03  -1.8316797e-03
  -7.8504153e-02   3.2721312e-01   5.5787066e+00  -3.0411899e-04  -3.2882898e-03  -2.3446445e-03
  -1.0968022e-01   3.0684790e-01   5.5825257e+00  -8.2641920e-04  -2.7769184e-03  -1.6508538e-03
  -8.8298523e-02   3.0388105e-01   5.5914728e+00  -3.1624271e-04  -2.6949224e-03  -1.7863206e-03
  -9.9031064e-02   3.2055628e-01   5.5877969e+00  -1.1216257e-03  -2.6554365e-03  -1.3228049e-03
  -9.7788365e-02   3.1629787e-01   5.6300334e+00  -2.5977813e-04  -2.7622492e-03  -2.4296605e-03
  -7.8435243e-02   3.3714132e-01   5.6472142e+00  -1.2492502e-04  -2.2416828e-03  -2.0491071e-03
  -9.2495975e-02   3.0496972e-01   5.6592003e+00  -2.6411686e-04  -2.1189826e-03  -1.0353841e-03
   5.9398769e-03   2.9542418e-01   5.5288933e+00  -2.5833538e-03  -2.5565743e-03  -2.6861732e-03
  -2.1073007e-01   2.9420270e-01   5.7403984e+00   3.1766648e-03  -5.3020844e-03  -4.9759103e-04
  -1.1897440e-01   2.9670682e-01   5.6777834e+00  -9.2458948e-04  -3.0597672e-03  -2.2867754e-03
  -1.1510639e-01   3.1961754e-01   5.7161861e+00   2.6177329e-04  -3.1307929e-03  -2.3926335e-03
  -1.1267490e-01   3.3271005e-01   5.7577558e+00  -2.2487672e-04  -2.7378677e-03  -1.5871590e-03
  -1.2418429e-01   3.2386807e-01   5.7314791e+00  -5.0939343e-04  -3.5950064e-03  -1.7917674e-03
  -1.1607495e-01   3.4004163e-01   5.7365432e+00  -9.1283827e-05  -2.4135172e-03  -1.2744253e-03
  -1.0495587e-01   3.1972053e-01   5.7404634e+00  -7.7353013e-04  -2.6682614e-03  -1.6289599e-03
  -8.1383006e-02   3.2100093e-01   5.7449700e+00  -9.6251138e-04  -1.9663901e-03  -2.1164376e-03
  -1.0900315e-01   3.1156855e-01   5.7841750e+00   1.1016228e-04  -2.4677383e-03  -1.5957206e-03
  -8.5822160e-02   3.4028224e-01   5.8339237e+00   7.5161274e-04  -2.5727113e-03  -1.7058492e-03
  -7.7784694e-02   3.3329387e-01   5.8113963e+00  -2.1267697e-04  -2.5613615e-03  -2.0348846e-03
  -1.1751770e-01   3.3383936e-01   5.8150082e+00   1.9541208e-04  -1.9775020e-03  -1.4253209e-03
  -1.0670633e-01   3.1511433e-01   5.8240181e+00  -8.3603564e-04  -2.0657712e-03  -1.8446916e-03
  -1.1755157e-01   3.0502314e-01   5.8086453e+00  -7.1480951e-04  -2.7778743e-03  -1.2118820e-03
  -1.0908314e-01   3.3586658e-01   5.8968419e+00   9.3741627e-04  -2.1920544e-03  -1.9145030e-03
  -8.5598642e-02   3.3357328e-01   5.8896825e+00   9.2286052e-05  -1.9459862e-03  -1.9648062e-03
  -9.3058553e-02   3.0468604e-01   5.8595586e+00  -8.5905607e-04  -2.4158972e-03  -2.0876405e-03
  -1.0204222e-01   3.3873815e-01   5.8781887e+00  -3.1752281e-04  -2.3549750e-03  -1.5857719e-03
  -9.6058560e-02   3.3608019e-01   5.8717340e+00  -1.2342899e-03  -2.7061260e-03  -2.1502946e-03
  -1.0320137e-01   3.2472859e-01   5.9104910e+00  -1.1614803e-04  -2.3734014e-03  -1.7828638e-03
  -1.0255391e-01   3.0778340e-01   5.9303214e+00   3.6324456e-04  -1.8907766e-03  -1.1990664e-03
  -1.0090122e-01   3.3102873e-01   5.8997467e+00  -3.5674658e-04  -1.7658096e-03  -1.8530829e-03
  -9.8004504e-02   3.2863097e-01   5.9317653e+00  -2.6731492e-04  -2.6173991e-03  -1.9435714e-03
  -1.0946817e-01   3.5191136e-01   5.9692785e+00   1.3893510e-03  -2.5506568e-03  -1.1307325e-03
  -1.0041578e-01   3.0003361e-01   5.9564927e+00  -6.9231654e-04  -2.0851306e-03  -1.7212009e-03
  -1.0885559e-01   3.3826146e-01   5.9827442e+00  -2.5869021e-04  -2.6017123e-03  -2.1034941e-03
  -1.0352459e-01   3.5674698e-01   5.9717250e+00  -6.3293762e-04  -1.7945960e-03  -1.3544270e-03
  -1.1185400e-01   2.1191693e-01   5.9212468e+00   3.6386564e-03  -3.5236825e-03   1.5906548e-04
  -1.1846737e-01   3.2409201e-01   6.0146653e+00  -2.7084127e-04  -3.4800924e-03  -2.0255429e-03
  -1.2265603e-01   3.3766461e-01   6.0017493e+00  -6.2711365e-04  -2.0802501e-03  -2.0136526e-03
  -1.1617606e-01   3.4807386e-01   6.0453355e+00  -5.4726838e-06  -2.5875451e-03  -1.9929173e-03
  -9.3921653e-02   3.2584160e-01   6.0416143e+00  -3.4037945e-05  -1.9794871e-03  -1.8188703e-03
  -1.0247220e-01   3.6950628e-01   6.0543732e+00   1.6965390e-04  -2.6018936e-03  -2.1351431e-03
  -1.1495438e-01   3.2637881e-01   6.0706496e+00   1.3753624e-04  -2.6844618e-03  -1.6158600e-03
  -8.4995865e-02   3.3445475e-01   6.0306615e+00  -6.5734913e-04  -2.2799308e-03  -1.7908505e-03
  -1.0081114e-01   3.3714914e-01   6.0607109e+00  -2.5930421e-05  -2.5700829e-03  -1.8516528e-03
  -8.7775778e-02   3.3553851e-01   6.0856271e+00   1.7373581e-04  -2.0816461e-03  -1.5680768e-03
  -8.7271727e-02   3.4209063e-01   6.0562258e+00  -1.2242929e-03  -2.7196276e-03  -2.5955999e-03
  -9.9708654e-02   3.2472313e-01   6.0668938e+00  -5.6632416e-04  -2.2978408e-03  -1.6584510e-03
  -8.1640567e-02   3.2091594e-01   6.0810399e+00  -8.1505359e-04  -2.5047153e-03  -1.9237201e-03
  -7.2174423e-02   3.6772682e-01   6.1147581e+00   4.9664286e-04  -1.4230924e-03  -2.0585425e-03
  -9.8640789e-02   3.3815109e-01   6.1309312e+00  -1.4013638e-04  -1.8771457e-03  -1.4771243e-03
  -1.0750541e-01   3.4720745e-01   6.1307588e+00  -2.9111221e-04  -2.5377031e-03  -1.7759324e-03
  -9.0310455e-02   3.2723162e-01   6.1522052e+00   3.7174103e-04  -1.3766845e-03  -1.1123178e-03
  -9.7478378e-02   3.2633159e-01   6.1614696e+00  -4.6924532e-04  -2.1246574e-03  -1.2432454e-03
  -8.4454362e-02   3.3679819e-01   6.1835396e+00   4.7976276e-04  -1.6800693e-03  -1.4974968e-03
  -1.0289679e-01   3.8123221e-01   6.1957475e+00   4.9192107e-04  -2.7411077e-03  -1.5847518e-03
  -9.6431357e-02   3.5421408e-01   6.2163217e+00   3.1127975e-04  -1.6200121e-03  -1.7363966e-03
  -8.9732612e-02   3.5666235e-01   6.2006473e+00  -4.3510360e-04  -1.8294582e-03  -1.4299436e-03
  -8.7430454e-02   3.1803926e-01   6.1921177e+00  -8.4776138e-04  -2.1955364e-03  -1.6406355e-03
  -8.5044692e-02   3.2776749e-01   6.2765389e+00   8.6439780e-04  -1.6849696e-03  -1.6053249e-03
  -8.6755815e-02   3.7431883e-01   6.3194833e+00   1.1906014e-03  -2.6341654e-03  -2.0644241e-03
  -9.5977742e-02   3.8206600e-01   6.2902924e+00   4.0590217e-04  -2.1290173e-03  -1.7614936e-03
  -4.5138952e-02   3.4013092e-01   6.3020875e+00   6.0277162e-04  -1.9166094e-03  -2.7356379e-03
  -7.7959382e-02   3.7770596e-01   6.3385856e+00   1.3103562e-03  -1.6910680e-03  -1.4479339e-03
  -7.5764526e-02   3.5747432e-01   6.3423890e+00   7.7551580e-04  -1.5357551e-03  -1.9357856e-03
  -1.1996401e-02   3.2827834e-01   6.2745441e+00   3.9521807e-03  -3.1727355e-03  -1.1631895e-03
  -2.1589123e-02   6.2346727e-01   6.2551471e+00  -1.0769865e-03  -3.8152082e-03  -6.1083733e-03
  -7.9135267e-02   3.4042463e-01   6.3143859e+00  -4.1237411e-04  -2.1433881e-03  -2.0989053e-03
  -5.7802017e-02   3.7075247e-01   6.3829715e+00   9.2977239e-04  -2.1348250e-03  -2.2185149e-03
  -3.8035668e-02   3.6711337e-01   6.3733744e+00   5.9027632e-04  -1.8275511e-03  -2.8049992e-03
  -4.3177556e-02   3.5455584e-01   6.3642670e+00   3.2964819e-04  -1.8176065e-03  -2.4479579e-03
  -5.4146423e-02   3.7978888e-01   6.4135955e+00   1.6130909e-03  -1.9718202e-03  -2.1464301e-03
  -4.6701080e-02   3.5705129e-01   6.4087388e+00   5.1577507e-04  -1.2507771e-03  -3.2164179e-03
  -4.5836014e-02   3.4784360e-01   6.4233200e+00   1.4240994e-03  -1.8623969e-03  -2.0542044e-03
  -4.4531203e-02   3.7105320e-01   6.5139679e+00   1.1336252e-03  -1.2622950e-03  -2.5118668e-03
  -4.5062517e-02   3.6108269e-01   6.5217338e+00   9.0141288e-04  -1.1789140e-03  -2.6016756e-03
  -6.4536147e-02   3.8723131e-01   6.5212798e+00   9.1155688e-04  -2.0723209e-03  -2.3585386e-03
  -6.4904915e-02   3.6587063e-01   6.5147528e+00   7.7280704e-04  -1.7225792e-03  -2.5550893e-03
  -6.4404928e-02   3.5870681e-01   6.4860342e+00  -3.4597897e-05  -1.1536863e-03  -1.7910210e-03
  -7.9514563e-02   3.7833187e-01   6.5371478e+00   1.1136858e-03  -1.0124277e-03  -1.9627243e-03
  -5.4823812e-02   3.9867809e-01   6.5186562e+00   3.2337334e-04  -1.5972310e-03  -2.4770743e-03
  -7.1669514e-02   3.6475611e-01   6.4908468e+00   1.3588900e-04  -1.1403042e-03  -1.4485656e-03
  -5.8469861e-02   3.5959437e-01   6.5294263e+00   4.9033049e-04  -1.0115977e-03  -1.7489699e-03
  -8.9931014e-02   3.4893308e-01   6.5271323e+00  -1.8551679e-04  -1.8336769e-03  -1.1677415e-03
  -7.1964270e-02   3.6060713e-01   6.5652885e+00   9.0665359e-04  -1.3123396e-03  -1.9383896e-03
  -3.5866422e-02   3.5856587e-01   6.6178415e+00   1.4377889e-03  -9.6160464e-04  -2.0892068e-03
  -5.1549744e-02   3.6818981e-01   6.5818480e+00   6.3688444e-04  -1.0831950e-03  -1.8738667e-03
  -5.7586225e-02   3.7431390e-01   6.6230684e+00   1.1458793e-03  -2.1150372e-03  -2.2679000e-03
  -6.6686123e-02   3.6880942e-01   6.6199621e+00   9.7616614e-04  -1.7272234e-03  -1.9704312e-03
  -7.4891043e-02   3.7078248e-01   6.6380986e+00   1.1458966e-03  -1.7442343e-03  -2.0374548e-03
  -8.1336607e-02   3.6427723e-01   6.6437156e+00   1.0229754e-03  -1.4370046e-03  -1.1642053e-03
  -6.5528557e-02   3.5629520e-01   6.6342933e+00   2.3936033e-04  -1.0931615e-03  -1.3447009e-03
  -7.9788642e-02   3.5866468e-01   6.6404674e+00   4.2942847e-04  -1.4387690e-03  -2.0402788e-03
  -7.7710669e-02   3.6424626e-01   6.6644584e+00   6.2111659e-04  -1.5941092e-03  -1.7875028e-03
  -1.8287842e-02   4.1797835e-01   6.7093696e+00   3.3968892e-03  -1.2085665e-03  -4.9496103e-03
  -4.6370586e-02   3.3789079e-01   6.6714562e+00   8.3111509e-04  -1.4733491e-03  -1.8054215e-03
  -7.6543952e-02   3.6062614e-01   6.6803128e+00   4.2399315e-04  -1.2536602e-03  -2.1928741e-03
  -8.2789498e-02   3.5302180e-01   6.6986360e+00   6.6096631e-04  -1.4373835e-03  -1.8126285e-03
  -6.5164955e-02   3.7926754e-01   6.7029891e+00   9.7754073e-04  -1.2703225e-03  -1.6317151e-03
  -5.1775643e-02   3.4775410e-01   6.7281628e+00   9.9893120e-04  -7.5005757e-04  -2.2135617e-03
  -6.2650874e-02   3.5773607e-01   6.7152572e+00   5.9018791e-04  -1.3672848e-03  -2.3551280e-03
  -6.1104998e-02   3.4951263e-01   6.7471989e+00   1.5874552e-04  -1.2175457e-03  -1.8454690e-03
  -6.6486132e-02   3.4324091e-01   6.7470067e+00   1.9625140e-04  -1.5571927e-03  -1.7071589e-03
  -5.7280733e-02   3.7034657e-01   6.7330694e+00   1.6462432e-05  -1.6874081e-03  -2.4729424e-03
  -6.8975208e-02   3.5151019e-01   6.7865339e+00   6.3312163e-04  -1.1802785e-03  -1.6058407e-03
  -9.1554902e-02   3.6978017e-01   6.7950871e+00   4.6194713e-04  -2.1681177e-03  -1.0267816e-03
  -5.7853470e-02   3.7326718e-01   6.8247277e+00   1.1169613e-03  -1.6701649e-03  -1.9509015e-03
  -6.9624324e-02   3.6159493e-01   6.8150546e+00   7.1863448e-04  -1.1439706e-03  -1.9314046e-03
  -8.3642961e-02   3.6884108e-01   6.8240047e+00   7.5546563e-04  -1.0233549e-03  -1.9176758e-03
  -7.0599048e-02   3.8169655e-01   6.8448496e+00   7.2486382e-04  -1.2680655e-03  -2.1390499e-03
  -6.5480386e-02   3.7875074e-01   6.8096511e+00  -1.8230659e-04  -1.3965770e-03  -1.8227467e-03
  -4.6803986e-02   3.6486771e-01   6.8371885e+00   6.1760597e-04  -1.4710464e-03  -2.3462112e-03
  -5.4388910e-02   3.5412072e-01   6.8598503e+00   3.9522914e-04  -1.4915711e-03  -2.2397082e-03
  -4.8442173e-02   3.7801494e-01   6.8563508e+00   7.8744125e-04  -7.6566225e-04  -2.1708925e-03
  -6.6424585e-02   4.0392443e-01   6.8506749e+00   4.3301694e-05  -1.5288135e-03  -1.7146431e-03
  -7.1096643e-02   3.7560673e-01   6.9000842e+00   1.1996807e-03  -1.1767229e-03  -1.6536401e-03
  -4.6031766e-02   3.6909245e-01   6.8669920e+00   8.6488976e-05  -8.5809020e-04  -2.0409536e-03
  -9.1555148e-02   4.3105036e-01   6.8681004e+00   2.8258716e-03  -3.1194687e-03  -5.5877226e-04
  -6.7342854e-02   3.4403250e-01   6.9168865e+00   7.0094233e-04  -1.0807921e-03  -1.5518691e-03
  -1.0247172e-02   3.5263637e-01   6.9136172e+00   3.7291679e-04  -8.2877291e-04  -2.9203531e-03
  -4.4230158e-02   3.6434990e-01   6.9644655e+00   1.5094168e-03  -1.4179858e-03  -2.5180327e-03
  -5.1764677e-02   3.9358811e-01   6.9194776e+00   7.8647946e-05  -1.2882586e-03  -1.9216871e-03
  -3.4310379e-02   3.5840814e-01   6.9224406e+00  -6.2363568e-05  -9.3224552e-04  -1.9496994e-03
  -7.1008456e-02   3.9816253e-01   6.9933360e+00   1.2994393e-03  -1.5944987e-03  -1.4318764e-03
  -1.0986044e-01   2.4229974e-01   6.9912991e+00   1.1734747e-03  -7.3760767e-04   4.0025396e-04
  -4.9452734e-02   3.8468150e-01   6.9930590e+00   3.1899375e-04  -6.5542507e-04  -1.4771486e-03
  -2.5574692e-02   3.7603795e-01   7.0115812e+00   7.3730268e-04  -6.3534522e-04  -2.2419966e-03
  -4.4288951e-02   3.9012000e-01   6.9726789e+00   2.0293289e-03  -3.3021666e-03  -2.7082419e-03
  -3.9261957e-02   3.8189946e-01   7.0358719e+00   2.6892575e-04  -1.2541472e-03  -2.5122594e-03
  -3.6528255e-02   3.9522188e-01   7.1014224e+00   2.1311777e-03  -1.0662112e-03  -2.1646918e-03
  -6.4062416e-02   3.8841556e-01   7.1132927e+00   1.2554101e-03  -2.1126878e-03  -2.4595755e-03
  -7.8574870e-02   4.3244910e-01   7.1356384e+00   6.1259460e-04  -1.5281492e-03  -1.7499333e-03
  -7.2928886e-02   3.7533756e-01   7.0815439e+00   8.6926065e-05  -1.7450022e-03  -1.7674880e-03
  -7.5693778e-02   3.8222768e-01   7.0913113e+00  -9.0209651e-05  -1.3844833e-03  -1.8145572e-03
  -6.9038317e-02   4.1692313e-01   7.1302533e+00   7.3486771e-04  -1.2875085e-03  -1.6964748e-03
  -4.8289958e-02   3.6789423e-01   7.0817312e+00  -4.1230485e-04  -1.2801813e-03  -2.2399911e-03
   1.3028375e-02   3.2074496e-01   6.9784235e+00  -2.0285125e-03  -1.2014997e-03  -2.2865601e-03
  -7.4246234e-02   4.0134046e-01   7.1546284e+00   1.5714378e-03  -1.5614808e-03  -2.0005601e-03
  -7.3164766e-02   4.0832278e-01   7.1722330e+00   1.7345265e-03  -1.0864416e-03  -2.0220391e-03
  -8.5871793e-02   3.9043755e-01   7.1839074e+00   1.4808929e-03  -1.2953442e-03  -2.0323713e-03
  -4.7544642e-02   4.0814026e-01   7.1919933e+00   1.6863233e-03  -7.1296473e-04  -2.7027621e-03
  -5.2931992e-02   3.7120973e-01   7.1912335e+00   1.1851773e-03  -9.9680565e-04  -1.9140106e-03
  -5.2682885e-02   3.8794948e-01   7.1673347e+00   5.4897481e-04  -1.0422673e-03  -2.1404814e-03
  -6.5737426e-02   3.7292016e-01   7.1785847e+00   8.0246807e-05  -1.2188099e-03  -2.2457437e-03
  -7.0386151e-02   3.9403750e-01   7.1875825e+00   4.8088055e-04  -8.6967046e-04  -1.3586369e-03
  -5.4569060e-02   3.8855733e-01   7.2223462e+00   8.2629873e-04  -1.1227325e-03  -2.1726276e-03
  -5.9836445e-02   4.0453868e-01   7.2132805e+00   7.3947911e-04  -1.7555386e-03  -2.0422004e-03
  -5.3358915e-02   3.7059520e-01   7.2190013e+00   2.8185307e-04  -8.1721173e-04  -2.0164913e-03
  -6.5559225e-02   3.8771576e-01   7.2008183e+00   3.5120930e-04  -9.4499797e-04  -2.0252257e-03
  -5.5205922e-02   3.8156419e-01   7.2322854e+00   2.3889108e-04  -1.3650742e-03  -2.1666899e-03
  -6.9112641e-02   3.9601384e-01   7.2567330e+00   7.9255148e-04  -8.9327123e-04  -1.7661254e-03
  -6.4725158e-02   3.9319507e-01   7.2433208e+00   5.4644864e-04  -1.3067722e-03  -1.7848641e-03
  -9.4936200e-02   4.1873877e-01   7.2901416e+00   6.1788575e-04  -1.9170175e-03  -1.3048467e-03
  -9.2643359e-02   4.0229939e-01   7.2706824e+00  -6.9008170e-05  -1.0901977e-03  -1.5392464e-03
  -5.1857811e-02   4.1692513e-01   7.2918769e+00   8.8096028e-04  -4.9054252e-04  -2.3364789e-03
  -6.5837248e-02   3.9732622e-01   7.2864116e+00   2.8623995e-04  -1.3988970e-03  -1.8543709e-03
  -5.1430646e-02   3.7710030e-01   7.3328808e+00   1.1072084e-03  -1.4331064e-03  -2.2254314e-03
  -5.4802740e-02   4.0574464e-01   7.3129073e+00   7.5358783e-04  -1.1358522e-03  -2.1114911e-03
  -6.8329517e-02   4.0964832e-01   7.3325882e+00   9.7830118e-04  -9.4829711e-04  -1.3957600e-03
  -8.4737931e-02   3.8912421e-01   7.3249098e+00   5.2185717e-04  -1.2318870e-03  -1.2250651e-03
  -8.0665538e-02   3.6939974e-01   7.3139393e+00  -9.8376512e-04  -1.3032213e-03  -1.2315971e-03
  -6.7901048e-02   3.7898290e-01   7.3458582e+00   3.8581791e-04  -1.0035630e-03  -1.6831253e-03
