   0.0000000e+00   0.0000000e+00   0.0000000e+00   0.0000000e+00   0.0000000e+00   0.0000000e+00
   4.8985912e-02   3.6268679e-02  -7.1705139e-03  -5.8289544e-05   9.4650959e-04  -1.4286461e-03
  -1.3505017e-02   4.0142134e-02   2.3511225e-02   1.2785256e-03   6.3573262e-04   2.6322592e-04
  -4.1515418e-02   4.0015070e-02  -2.1889531e-03   4.6884469e-04   1.0128176e-03   1.0051559e-03
  -4.5595929e-02   1.0690975e-02  -2.9677017e-03   6.5307860e-04   4.8240736e-04   6.4848786e-04
  -3.1778745e-02   4.6477597e-02  -5.4105653e-02  -2.6668266e-04  -5.8890076e-04   1.7080706e-04
  -9.3998480e-03   1.3357262e-02  -5.1771615e-02  -1.0920960e-03  -8.1742860e-04  -7.9267922e-05
  -1.7346350e-02   2.7476687e-02  -3.7498788e-02   2.0672618e-04   5.9938888e-05   1.5742949e-05
  -2.2118047e-02   6.5089791e-02   4.1740341e-03   1.0219921e-03   4.3895685e-04   1.4543167e-04
  -2.0587980e-02   3.7113209e-02  -2.3444343e-02   3.1817532e-04  -5.7235524e-05   1.0100248e-04
   4.5328873e-03   4.0505645e-02   6.9542128e-03   4.9928080e-04  -1.2419349e-04  -8.8421280e-04
   2.7095672e-02  -4.0588823e-03   1.5278844e-02   3.0140404e-04   2.4871167e-05  -5.5107180e-04
   1.2683022e-02   1.0839463e-02   1.4821494e-02   5.6932320e-04  -3.1097179e-04  -1.0254454e-03
  -1.9472605e-02   8.1421759e-03  -1.7147279e-02   2.6847757e-04  -2.7074283e-04  -1.6707568e-04
   1.5389559e-03   1.7861867e-02   1.1353261e-02   7.0354509e-04  -7.2490015e-04  -1.8140714e-04
   3.9256734e-03   3.1138198e-02   1.0233436e-02   7.5953114e-05  -3.2759529e-04  -3.6199035e-04
   1.9888557e-02   4.4111565e-02   4.4243738e-02   1.6996232e-03  -5.7768461e-04  -5.5547855e-04
   1.6659837e-02   2.0550773e-02   2.0049660e-02   1.1000797e-03  -6.2828191e-04  -4.1321029e-04
   8.4792050e-03   2.5873501e-02   3.2723965e-02   1.1906002e-03   5.4599737e-04  -4.5455963e-04
   1.3164794e-02   2.1247831e-02   3.9415657e-02   1.2609362e-04  -9.5461906e-04  -4.7446852e-04
   2.2777537e-02   3.2730588e-02   8.2373094e-02   1.5417596e-03  -4.4439917e-04  -1.2624386e-03
   3.3533275e-03   5.5480183e-02   5.1750792e-02   1.0135571e-03  -9.4724986e-04  -3.4529261e-04
   2.1361566e-02  -1.3241997e-03   2.0649255e-02   9.7584833e-04   8.6259292e-04   2.7900564e-04
   2.1394934e-02   4.7090416e-02   6.9962411e-02   1.2831225e-03  -5.5696807e-04  -8.9436159e-04
  -1.3822110e-02   4.2621868e-02   7.9616956e-02   1.4062988e-03  -6.9111357e-04   2.9344087e-04
   2.7904361e-03   3.9955348e-02   5.0844113e-02   1.2473029e-03  -2.5331935e-04   2.5670427e-05
  -3.7861660e-02   3.0431616e-02   1.3795576e-02   2.1282246e-04   7.6070585e-04   8.4802164e-04
   1.1145379e-02   2.0638970e-02   5.9908011e-02   1.5832843e-03  -1.3233911e-04  -4.8792243e-04
   1.0148244e-02   2.7265452e-02   1.0189141e-01   1.0353081e-03  -3.8016655e-04  -5.9916469e-04
   1.8315330e-03   5.7779195e-02   1.1604589e-01   1.3176826e-03  -8.5924081e-05  -6.6978992e-04
  -2.6787066e-02   4.8909924e-02   1.1550046e-01   1.5262385e-03  -3.8176214e-04   4.7211134e-05
   1.5771022e-02   2.8214979e-02   5.7972197e-02   5.1743387e-04   1.4940869e-04  -8.4359681e-04
  -3.3909138e-02   5.6195385e-02   1.0058903e-01   8.9185911e-04   7.2079496e-05   5.1336213e-04
  -3.1859041e-02   5.6641953e-02   9.5346767e-02   1.1998358e-03  -6.3773653e-04   2.7737877e-04
  -1.1724855e-02   3.3468715e-02   1.3262049e-01   9.4102121e-04  -5.1678277e-04   9.7621405e-04
  -2.3884025e-03   2.3390148e-02   1.2458607e-01   1.3380337e-03  -3.2735710e-04  -2.4789330e-04
   6.5616076e-02   6.3859751e-02   1.4760518e-01   1.3061853e-03  -4.9210083e-04  -1.5783046e-03
  -3.9144702e-03   3.4956629e-02   1.7991767e-01   2.3502899e-03  -6.0135551e-04  -5.0529762e-04
  -1.6467338e-02   4.0165285e-02   1.2368615e-01   3.1351845e-04  -6.9932269e-04   1.7746965e-04
  -4.5625078e-02   6.1597916e-02   1.5171126e-01   1.0304609e-03  -5.2074037e-05  -5.7684113e-05
  -1.7473311e-02   4.3217695e-02   1.5609731e-01   2.6687432e-04  -2.9213723e-04   5.1918230e-04
   1.0127449e-02   7.2990018e-02   1.7842357e-01   5.9926947e-04  -7.7898381e-04  -7.0866132e-05
   1.5223899e-02   3.5458749e-02   1.8178786e-01   9.5649285e-04  -3.9522020e-04  -6.3338902e-04
  -2.3801924e-02   4.6884806e-02   1.5676500e-01   4.1950701e-04   4.2623795e-04   7.3740024e-04
  -4.3501650e-02   6.1721295e-02   1.6296085e-01   1.0965229e-03   7.5364689e-05   3.7083966e-04
  -1.5056095e-02   2.9437114e-02   2.0826739e-01   1.2078479e-03  -1.6685999e-04  -9.4750109e-05
  -2.6933098e-02   8.7069234e-02   1.4791347e-01  -4.2578475e-05  -4.5550250e-04   2.4764674e-05
  -2.1257421e-02   4.8196316e-02   1.9735339e-01   4.6959834e-04  -4.3939541e-04  -1.2585325e-04
   8.4361305e-04   5.2599895e-02   2.1915725e-01   1.1127173e-03  -1.3014537e-03  -7.3519347e-04
  -4.0041794e-02   4.0069757e-02   2.5952770e-01   1.6434254e-03  -1.2045384e-03   4.7021701e-04
  -3.2852310e-02   8.6110499e-02   2.3183864e-01   7.5286810e-04  -1.2689514e-03  -3.1747111e-04
  -8.2957446e-03   7.9951289e-02   2.5825643e-01   1.2856199e-03  -6.9592033e-04   2.3063445e-04
  -2.3839417e-02   8.2173471e-02   2.6358449e-01   1.4539409e-03  -7.4328196e-04   2.6376172e-04
  -5.1533041e-02   7.3397731e-02   2.7111351e-01   8.6936473e-04  -1.1625700e-04   9.8938500e-04
  -2.6853768e-02   9.2759103e-02   2.6986637e-01   9.6148913e-04  -6.8513533e-04  -5.5363563e-04
  -2.9814125e-02   4.7632020e-02   2.5594851e-01   6.1972554e-04  -6.8232548e-05   5.2740058e-05
  -5.1755723e-02   8.7599953e-02   3.1308023e-01   1.3626998e-03  -1.9693044e-04   2.3312957e-04
   1.7624800e-02   7.1757280e-02   2.9434934e-01   6.2078316e-04  -1.8071672e-04  -4.1126783e-05
  -2.3171343e-02   5.0165990e-02   3.1647561e-01   8.2052231e-04  -6.8802640e-04   2.9602048e-04
  -4.0513219e-02   9.7838241e-02   3.3338448e-01   1.3316986e-03   2.1478878e-04   8.7774126e-05
  -4.9353179e-03   9.0282886e-02   2.8947086e-01   7.0789979e-04  -1.4144385e-04  -5.6642607e-04
  -5.1008071e-02   8.5953142e-02   3.0740982e-01   4.0067739e-04  -1.4901065e-03  -2.4314571e-04
  -3.7573436e-02   8.7505699e-02   3.4700378e-01   9.1265441e-04  -1.0576305e-03   5.2775785e-04
  -4.4221296e-02   7.6481930e-02   3.4471636e-01   9.2943226e-04  -1.2811513e-03  -3.8032534e-04
  -5.7619656e-02   7.3815096e-02   3.5069732e-01   1.0501952e-03  -6.5080923e-04   2.8566241e-04
  -4.0599400e-02   8.6157872e-02   3.4143598e-01   1.5820189e-04  -1.6601846e-03  -2.1411568e-05
  -3.1560792e-02   8.3503752e-02   3.9435246e-01   1.0257544e-03  -1.2170586e-03   1.1096382e-04
   1.7432492e-02   9.7927951e-02   4.2239898e-01   1.8284285e-03  -1.5957597e-04  -6.1995062e-04
  -1.9049865e-02   7.2789776e-02   4.0061070e-01   6.1945808e-04  -1.1902409e-03   1.0393158e-04
  -2.7690295e-03   1.0322765e-01   4.2981466e-01   1.3699306e-03  -1.5930044e-03  -1.1969235e-03
  -4.4381721e-02   8.9635033e-02   4.1183614e-01   7.0244706e-04  -1.7064480e-03   1.7316768e-04
  -1.8575135e-02   9.4451919e-02   3.8926225e-01   5.8075991e-04  -1.3419535e-03   3.3881488e-04
  -7.9545244e-04   6.7909931e-02   4.3280817e-01   9.1076482e-04  -1.2571146e-03   1.0169800e-04
  -2.9904585e-02   6.6557669e-02   4.1532937e-01   1.8155136e-05  -1.6985874e-03   3.8624108e-04
  -1.8916229e-02   1.1923650e-01   4.8092556e-01   1.3431188e-03  -1.2044689e-03  -4.5664097e-04
  -6.1959289e-02   9.2377685e-02   4.6582344e-01   5.8195332e-04  -1.2921832e-03  -1.4411004e-04
  -5.0319153e-02   1.1209404e-01   4.7898272e-01   1.2917090e-03  -1.8712622e-03   9.3551831e-04
  -1.9324820e-02   1.2177579e-01   4.8813236e-01   8.0288712e-04  -9.8555429e-04  -3.6856102e-04
  -1.3701429e-02   1.0411082e-01   5.2320910e-01   1.4998672e-03  -1.6999960e-03  -2.6692739e-04
  -3.1680137e-02   1.3479221e-01   5.0784355e-01   8.6781195e-04  -9.0742248e-04   1.3655992e-05
  -3.2274138e-02   7.2947586e-02   5.2145065e-01   7.8348881e-04  -2.6588833e-03  -1.0427540e-03
  -6.9562882e-02   1.1030076e-01   5.3999809e-01   1.0053995e-03  -1.8150959e-03   9.2407679e-04
  -3.1754509e-04   1.0057727e-01   5.5927797e-01   1.5129402e-03  -1.4507738e-03  -1.0393694e-03
  -4.2861573e-02   1.0949347e-01   5.4672256e-01   1.2254669e-03  -2.2987786e-03   1.6543350e-04
   1.6717119e-04   1.1562456e-01   5.7746593e-01   1.4228419e-03  -1.6058682e-03  -4.0668287e-06
  -3.9540650e-02   9.1630534e-02   5.8671149e-01   1.1976235e-03  -1.9645843e-03   2.4190774e-04
  -3.2360950e-02   1.1878306e-01   5.9926456e-01   1.3839825e-03  -1.3800163e-03  -3.4442908e-04
  -6.3886608e-03   1.3354937e-01   5.6099555e-01   9.2353395e-04  -1.4104973e-03   1.2011781e-04
  -4.6489215e-02   1.2025664e-01   5.9424654e-01   8.6123436e-04  -1.9877915e-03  -2.8587866e-04
  -4.5148241e-03   1.2972366e-01   6.2170503e-01   1.0124517e-03  -1.9617845e-03  -1.0438611e-03
  -2.4403008e-02   1.0503766e-01   6.3591720e-01   5.9640840e-04  -2.2615697e-03   9.1878383e-05
  -1.3839350e-02   1.6244856e-01   6.9110911e-01   1.7695685e-03  -2.8543845e-03  -2.6331413e-04
  -1.5460034e-02   1.4496717e-01   6.9149681e-01   2.2549019e-03  -2.6823217e-03  -8.0790941e-04
  -5.1631735e-02   1.0264767e-01   6.7986586e-01   2.5059230e-03  -2.4266094e-03  -2.5358433e-04
  -5.1697996e-02   1.3138361e-01   6.9549385e-01   2.5534220e-03  -1.1689090e-03   2.7028191e-04
  -5.4189615e-02   1.2908788e-01   6.6502469e-01   1.6827426e-03  -1.5718785e-03   8.8423467e-05
  -6.5645750e-02   1.2683771e-01   6.4367270e-01   1.8352363e-03  -1.4926940e-03   3.2843361e-04
  -4.8917124e-02   8.8897518e-02   6.5202385e-01   1.3587578e-03  -1.8456975e-03  -4.2794621e-04
  -6.2151099e-02   9.6903410e-02   6.1116724e-01   4.2773041e-04  -1.2931371e-03  -4.0678880e-04
  -6.1915084e-02   1.2356925e-01   6.2025168e-01   1.4780996e-03  -2.0714783e-03  -1.7418217e-04
  -8.7626157e-02   3.1025958e-02   6.3282431e-01   1.1132564e-03  -1.9753877e-03   3.6039303e-04
  -6.5790030e-02   7.4056925e-02   6.2775942e-01   1.7742207e-03  -2.0938884e-03   1.3133065e-04
  -6.7896400e-02   1.0201613e-01   6.5074629e-01   1.9470924e-03  -1.6818649e-03   2.4482041e-04
  -6.6025152e-02   1.2811859e-01   6.4327349e-01   2.0127683e-03  -1.5012167e-03  -5.8802806e-04
  -4.8723409e-02   9.4183005e-02   6.7739521e-01   2.2056265e-03  -1.4101184e-03  -1.3836282e-03
  -8.4560376e-02   8.8243867e-02   6.8735816e-01   1.3482681e-03  -1.7187456e-03  -5.7697598e-04
  -2.0275724e-02   1.1862023e-01   7.2327754e-01   1.9681274e-03  -1.7835537e-03  -1.2773314e-03
  -3.6180732e-02   1.1523356e-01   7.5393726e-01   2.4036593e-03  -1.6608828e-03  -6.6167922e-04
  -6.6145923e-02   1.4172712e-01   7.3192403e-01   1.4667571e-03  -1.6018557e-03  -7.1161474e-04
  -7.8082604e-02   1.4125117e-01   7.8970657e-01   2.3168408e-03  -1.8465544e-03  -4.9788055e-04
  -3.2361312e-02   1.3856436e-01   8.0396386e-01   2.0508874e-03  -1.2680797e-03  -9.4373991e-04
  -5.7425344e-02   1.1249852e-01   8.2990746e-01   2.4160733e-03  -1.5682975e-03  -6.3712245e-04
  -9.1812729e-02   1.3807296e-01   8.1514883e-01   2.0657274e-03  -1.4553564e-03   1.2153732e-04
  -9.8198183e-02   1.4353737e-01   8.5284681e-01   2.1035110e-03  -1.6034178e-03  -1.9874418e-04
  -6.7459082e-02   1.4110073e-01   8.3280536e-01   1.4714596e-03  -9.1715213e-04  -7.3175647e-04
  -6.5122379e-02   1.4955164e-01   8.2258527e-01   7.9597813e-04  -4.4093249e-04  -4.7966760e-04
  -6.3442336e-02   1.4021821e-01   8.6323938e-01   1.5864427e-03  -6.0749142e-04  -4.7122497e-04
  -8.7399651e-02   1.0374037e-01   8.8581877e-01   1.4142338e-03  -6.1454415e-04   2.9155744e-04
  -3.7651446e-02   1.2831806e-01   9.0413318e-01   1.6019653e-03  -1.9437661e-04  -1.5059849e-03
  -4.4698909e-02   1.5652356e-01   9.3265619e-01   2.1605393e-03  -3.6432763e-04  -4.8231687e-04
  -9.1618089e-02   1.6209531e-01   9.4152998e-01   1.6763818e-03  -5.6007272e-05  -6.3987283e-04
  -1.0404147e-01   1.6574065e-01   9.3010756e-01   1.0281021e-03   1.4425438e-04   1.2187435e-04
  -7.5076331e-02   1.4312520e-01   9.2395172e-01   1.4707716e-04  -1.3788605e-04  -2.9694321e-05
  -8.4061625e-02   1.7413208e-01   9.5392433e-01   1.7263036e-03   4.4796061e-04   2.3857181e-04
  -5.6843578e-02   1.7338444e-01   1.0041067e+00   1.6863459e-03   3.8851310e-04  -1.1288498e-04
  -4.5698538e-02   1.5696426e-01   1.0108137e+00   1.7615064e-03   5.4548057e-04  -7.4131698e-04
  -1.0527579e-01   1.5994269e-01   1.0197963e+00   1.5201766e-03   5.5257261e-04   4.1804803e-04
  -9.8850449e-02   1.7480289e-01   9.9215206e-01   9.1784934e-04   4.8096979e-04   9.9735529e-05
  -9.0956305e-02   1.6703791e-01   1.0255987e+00   1.8137285e-03   6.8540225e-04   3.7291680e-04
  -8.7724564e-02   1.5167079e-01   1.0200324e+00   1.0194873e-03  -3.7104830e-04   5.1602088e-04
  -8.2372037e-02   1.7635456e-01   1.1013739e+00   3.0358633e-03  -4.2496692e-04   2.0245760e-04
  -5.1831098e-02   1.4781915e-01   1.0488026e+00   9.3666404e-04  -6.8222495e-04  -1.2190696e-03
  -8.5444618e-02   2.0534521e-01   1.0710897e+00   1.8103124e-03   3.3769841e-05  -4.4479840e-04
  -4.8203857e-02   1.7328767e-01   1.0960460e+00   1.9734214e-03  -4.1314437e-04  -2.4454539e-04
  -3.6559169e-02   1.6571953e-01   1.1035035e+00   1.2941259e-03  -1.8789530e-03  -1.1322382e-03
  -3.4506281e-02   2.0056043e-01   1.1420447e+00   1.8578729e-03   8.0656949e-05  -8.4003632e-04
  -4.5801752e-02   1.7791910e-01   1.0964786e+00   6.3084222e-05  -2.7532845e-06  -7.7471845e-04
  -5.4478531e-02   2.1120443e-01   1.1403456e+00   1.6862495e-03  -5.5581683e-04  -8.1191005e-04
  -5.6209635e-02   2.1960078e-01   1.1823018e+00   2.3495797e-03  -1.0580554e-03  -5.9280981e-04
  -5.2483104e-02   1.9698592e-01   1.1855409e+00   2.0861096e-03  -1.3527251e-03  -4.9292919e-04
  -7.1428287e-02   1.8889856e-01   1.1739381e+00   1.6052703e-03  -1.3911799e-03  -8.3398341e-05
  -1.6630581e-02   1.9156335e-01   1.2218158e+00   2.3000187e-03  -1.1568940e-03  -1.3808708e-03
  -8.4686642e-02   1.8457595e-01   1.2118856e+00   1.6087598e-03  -1.2005258e-03   7.2293982e-04
  -4.7089622e-02   2.2984562e-01   1.2418767e+00   2.4922316e-03  -1.1087950e-03  -1.4705609e-03
  -6.0676920e-02   2.0577678e-01   1.2400453e+00   1.7295591e-03  -4.5983762e-04  -1.7593859e-04
  -4.5704141e-02   2.0966711e-01   1.2192976e+00   1.1447572e-03  -1.1098315e-03  -5.3382049e-04
  -2.7090401e-02   2.2940833e-01   1.2574212e+00   1.7080454e-03  -2.0464274e-03  -1.0567890e-03
  -6.4922492e-02   1.9628760e-01   1.3249305e+00   2.4904491e-03  -2.5572220e-03  -1.4953665e-04
  -7.8150337e-03   2.3613740e-01   1.2914996e+00   2.0779512e-03  -9.0485182e-04  -1.2544975e-03
  -7.4255397e-02   2.1195774e-01   1.2879566e+00   1.3203434e-03  -2.6244296e-03  -3.8723160e-04
  -6.4487155e-02   2.2188056e-01   1.3077031e+00   1.6772321e-03  -2.1374817e-03  -9.1253237e-04
  -3.0618053e-02   2.1055523e-01   1.3555152e+00   2.3694396e-03  -2.8387342e-03  -7.3668918e-04
  -2.0268498e-02   2.2623106e-01   1.3708066e+00   2.3100098e-03  -2.6376200e-03  -5.6248666e-04
  -7.8653873e-02   2.2359748e-01   1.3685941e+00   1.2995165e-03  -1.7630547e-03   2.4521107e-04
  -6.2574731e-02   2.4707358e-01   1.3726017e+00   1.8945703e-03  -7.8745795e-04  -1.0495875e-04
  -7.5124392e-02   2.3604194e-01   1.3643547e+00   1.9892071e-03  -1.1846166e-03   4.1356523e-04
  -4.8687869e-02   2.4912017e-01   1.3696165e+00   9.7677251e-04  -8.1060331e-04  -1.3164131e-04
  -1.8205091e-02   2.3760073e-01   1.4289041e+00   1.5519794e-03  -1.0007711e-03  -8.0817723e-04
  -6.5779162e-02   2.2266354e-01   1.4465902e+00   2.1979739e-03  -1.4865339e-03  -2.2855507e-04
  -4.6468768e-02   2.3694925e-01   1.4441180e+00   2.1581919e-03  -1.3856964e-03  -9.2298784e-05
  -5.7879012e-02   2.5756407e-01   1.4717647e+00   2.3509081e-03  -1.6108609e-03   1.5950512e-04
  -3.0945652e-02   2.5517711e-01   1.4759545e+00   1.3328337e-03  -1.3076978e-03  -7.7476715e-04
  -7.6764019e-02   2.9487911e-01   1.5041570e+00   2.5768441e-03  -1.2957537e-03   6.2416390e-04
  -6.9861888e-02   2.2723379e-01   1.4737850e+00   1.2175867e-03  -1.1504945e-03   7.9682075e-05
  -3.0652637e-02   2.4587702e-01   1.4944758e+00   1.4980565e-03  -7.0273225e-04  -6.7570810e-05
  -2.3779531e-02   2.7648749e-01   1.5398516e+00   2.7586356e-03  -8.6916336e-04  -5.7679428e-04
  -6.2938963e-02   2.8521957e-01   1.5201978e+00   1.7024587e-03  -1.6925795e-03   3.9719903e-04
  -3.6739366e-02   2.5589956e-01   1.5339085e+00   1.4001260e-03  -1.4622268e-03  -4.9788495e-04
  -5.0643810e-02   2.4258647e-01   1.5469073e+00   1.7206935e-03  -1.3113695e-03  -4.3433099e-04
  -3.5038805e-02   2.3521144e-01   1.5630202e+00   1.2163507e-03  -1.6611716e-03  -9.0743820e-04
  -3.3421378e-02   2.7323299e-01   1.5584181e+00   1.5412228e-03  -1.3773916e-03  -3.3844679e-04
  -6.2332994e-02   2.4673138e-01   1.5753722e+00   1.5845080e-03  -9.0492922e-04  -1.5358241e-04
  -5.4638436e-02   2.3644363e-01   1.5936066e+00   1.6109577e-03  -1.1743503e-03   4.7470154e-04
  -1.9416503e-02   2.4016832e-01   1.5777869e+00   1.2903671e-03  -4.4082436e-04  -7.7911216e-05
  -6.7097461e-02   2.6366605e-01   1.6088558e+00   1.9017347e-03  -1.4547182e-03   1.5502515e-04
  -4.4476330e-02   2.3713803e-01   1.6236464e+00   1.3018370e-03  -1.7436809e-03  -3.6014342e-04
  -4.8212822e-02   2.6767275e-01   1.6350463e+00   2.1188870e-03  -5.9306269e-04   6.7101318e-05
  -5.2546146e-02   2.8556809e-01   1.6441128e+00   1.5931321e-03  -8.9525533e-04   6.5433746e-05
  -7.1238117e-02   2.7277365e-01   1.6632219e+00   1.6261231e-03  -7.4313219e-04   5.8758309e-04
  -4.5541910e-02   2.7852448e-01   1.6605039e+00   8.3671629e-04  -5.8329514e-04  -3.7820524e-04
  -6.0612946e-06   2.6361708e-01   1.7450686e+00   2.7193447e-03  -1.1160423e-03  -3.6847531e-04
  -1.4801107e-02   2.7999879e-01   1.7069175e+00   1.7327242e-03  -1.4809957e-03  -7.2733844e-04
  -1.7931369e-02   2.8607853e-01   1.7011720e+00   1.5843074e-03  -1.1904654e-03  -3.0322547e-04
  -3.0875627e-02   2.8490648e-01   1.7524774e+00   2.0156505e-03  -4.4220505e-04  -3.2308766e-04
  -1.2272026e-02   3.0513943e-01   1.7662904e+00   2.2694314e-03  -1.4821643e-03  -9.3931981e-04
  -2.5468573e-02   2.5528652e-01   1.7599064e+00   8.6693794e-04  -6.3309956e-04  -8.9439697e-05
   1.6481315e-02   2.7037592e-01   1.7739173e+00   1.1559355e-03  -1.4997565e-03  -1.3389158e-03
   4.1290209e-02   2.7242092e-01   1.7939466e+00   1.7336068e-03  -8.9360146e-04  -1.6968019e-03
   6.2623609e-03   2.4601001e-01   1.8487795e+00   2.1746587e-03  -9.8762390e-04  -4.7285672e-04
  -2.6654446e-02   3.0690227e-01   1.8221024e+00   1.6290449e-03  -7.5310038e-04   1.3816045e-04
  -4.8104629e-02   2.8345393e-01   1.8032254e+00   9.5646345e-04  -1.1206063e-03   2.3637350e-04
  -7.5752531e-02   2.7705256e-01   1.8490227e+00   1.9200705e-03  -1.2080283e-03   8.6913846e-04
  -5.2918111e-02   3.2231744e-01   1.8398556e+00   1.3152029e-03  -4.6824671e-04   4.2403024e-04
  -5.5980765e-02   3.0504311e-01   1.8807249e+00   1.6785014e-03  -9.9744958e-04   1.8279739e-04
  -3.9297220e-02   3.2320117e-01   1.8760952e+00   1.0841051e-03  -5.7299493e-04   4.3285229e-05
  -3.0582107e-02   2.9400063e-01   1.9159758e+00   8.5491276e-04  -7.1699095e-04   1.6256961e-04
   4.4173801e-03   3.1823849e-01   1.9352618e+00   2.0138446e-03  -2.9843454e-05  -5.6282753e-04
  -2.3574297e-02   3.3920267e-01   1.9405573e+00   2.0855981e-03  -4.5727578e-04   1.4126863e-04
  -3.4523913e-02   3.1300807e-01   1.9291334e+00   8.5622625e-04  -8.0192752e-04   4.3757176e-04
  -9.4555498e-04   3.0366654e-01   1.9528518e+00   1.0879856e-03  -1.1771209e-03  -3.0141170e-04
   1.7433460e-02   3.2553732e-01   2.0206203e+00   2.3861982e-03  -1.2047700e-04  -7.4024942e-04
  -1.7162760e-03   3.1655851e-01   2.0126784e+00   1.4270708e-03  -8.8221154e-04   1.2663168e-04
  -4.3166863e-02   3.1011750e-01   2.0017765e+00   1.8496810e-03  -5.5312251e-04   9.1483584e-05
  -1.4080397e-02   3.4276394e-01   2.0070444e+00   2.0528106e-03   1.6041993e-05  -3.2379872e-05
  -1.8439114e-02   2.9286552e-01   1.9699709e+00   6.8859534e-04  -1.1586022e-03  -3.7906387e-04
  -3.3591868e-04   3.6195571e-01   2.0538438e+00   2.3376631e-03  -4.2446579e-04  -3.9273050e-04
  -4.4898533e-03   3.2171177e-01   2.0520992e+00   1.1072987e-03  -1.0962166e-03  -5.5263138e-04
   2.2180483e-02   3.3203290e-01   2.0820208e+00   1.3316210e-03  -9.4522495e-04  -8.6276301e-04
   4.5588522e-02   3.2810875e-01   2.1199021e+00   2.3364328e-03  -8.5459234e-04  -6.1993025e-04
   9.2931038e-03   3.4251591e-01   2.1013669e+00   1.6796900e-03  -1.1488110e-03  -3.2260733e-04
   9.6158888e-03   3.2902817e-01   2.1787420e+00   2.7603443e-03  -6.0094757e-04   4.1737103e-04
   1.9262060e-02   3.1585558e-01   2.1352228e+00   1.1664134e-03  -1.1260601e-03  -2.2683487e-04
   1.3107264e-03   3.2971664e-01   2.1529573e+00   1.6598151e-03  -1.2806899e-03  -5.3555217e-04
   2.1433325e-02   3.5554295e-01   2.1437656e+00   1.8525073e-03   4.9579584e-06  -5.3436406e-04
  -1.3020705e-02   3.3859924e-01   2.1352762e+00   1.5124711e-03  -1.3893785e-03   2.2836839e-04
  -7.6033297e-03   3.5932676e-01   2.1752847e+00   1.9279859e-03  -1.5615444e-03  -7.3692134e-04
  -1.8272694e-02   3.5331677e-01   2.1715650e+00   1.2617443e-03  -8.6486093e-04   4.8285852e-04
  -3.6079866e-02   3.4321610e-01   2.2094643e+00   2.5111569e-03  -9.4021078e-04   5.2859021e-04
  -1.1266413e-02   3.6403711e-01   2.1830774e+00   1.3139295e-03  -5.5033619e-04  -6.4584015e-04
  -4.2171149e-02   3.4817890e-01   2.2160659e+00   1.6614263e-03  -1.2809967e-04   4.5101078e-04
   7.1596837e-03   3.0702406e-01   2.2141715e+00   9.0615452e-04  -6.1520807e-04   1.6908878e-04
   1.1726634e-02   3.6680906e-01   2.2354077e+00   1.5258349e-03  -1.1173080e-03  -8.3626007e-04
  -1.6174351e-02   3.6998452e-01   2.2312967e+00   9.7202685e-04  -7.0314475e-04  -3.1544701e-04
  -3.5456687e-02   3.6095475e-01   2.2470091e+00   1.2182151e-03  -1.5108641e-03  -5.7810314e-04
  -1.7726891e-02   3.7296063e-01   2.2619844e+00   1.6828198e-03  -9.1201007e-04   1.3132516e-04
   3.3280925e-04   3.6364513e-01   2.2443961e+00   7.6900648e-04  -6.1555028e-04  -8.2935649e-04
  -4.5277859e-02   3.7092683e-01   2.2601087e+00   1.1512559e-03  -3.3771580e-04  -1.1124575e-04
  -1.8600755e-02   3.9502216e-01   2.2937528e+00   2.2079406e-03   3.6881599e-04  -2.4600781e-05
  -2.7983409e-03   3.5787758e-01   2.2803487e+00   9.9260875e-04  -9.3152140e-04  -8.2354442e-04
  -2.6014208e-02   3.5795223e-01   2.3539292e+00   1.5814682e-03  -1.3643312e-03   7.1509838e-05
   4.0868809e-02   3.8385555e-01   2.3675486e+00   1.4885003e-03  -5.7819189e-05  -8.7665315e-04
   2.8155694e-02   3.6821054e-01   2.3861289e+00   1.7619183e-03  -7.4525283e-04  -6.8207889e-04
   5.7573564e-02   3.8774137e-01   2.4214960e+00   2.4457148e-03  -6.5607976e-04  -1.0253877e-03
   3.8948161e-02   3.5818785e-01   2.4483885e+00   2.1728507e-03  -5.0710561e-04  -3.0949889e-04
   1.1606675e-02   4.0021682e-01   2.4405222e+00   1.7805692e-03  -7.9315551e-04   6.2574485e-04
  -7.2489258e-03   3.7803596e-01   2.4325078e+00   1.1380635e-03  -1.2194541e-03  -3.3203967e-04
  -1.3371530e-02   3.9328023e-01   2.4162557e+00   1.1743875e-03  -1.5298327e-03  -3.0539650e-04
   2.0007356e-02   4.2712252e-01   2.4464740e+00   2.1241629e-03  -8.1010777e-04  -7.3441013e-04
  -6.8766394e-03   4.0006511e-01   2.4352298e+00   1.5485642e-03  -8.1898573e-04  -2.7540801e-04
   2.6542914e-04   4.0585614e-01   2.4880644e+00   2.2022625e-03  -7.6453325e-04   4.6526915e-04
  -2.8125898e-04   4.0302547e-01   2.4713331e+00   1.8732410e-03  -8.5491769e-04  -3.0352111e-04
   1.0707803e-02   4.0245358e-01   2.4806532e+00   1.3947589e-03   5.8862598e-05  -9.5665409e-04
   7.7057466e-03   3.9260926e-01   2.4677338e+00   7.0344905e-04  -1.8257647e-03  -1.9175132e-04
  -3.4293648e-02   3.7717697e-01   2.5358613e+00   1.5757182e-03  -1.4693847e-03   2.9844038e-04
  -4.4267617e-02   3.8160777e-01   2.5463555e+00   1.5464349e-03  -1.3629599e-03   8.9346500e-04
   9.2201581e-03   4.2575389e-01   2.5820921e+00   2.6584027e-03  -1.4093033e-04  -5.1008264e-04
   3.0418455e-02   4.2637977e-01   2.5883152e+00   2.4362658e-03  -8.7297164e-04  -1.0540119e-03
   9.7058625e-03   3.9737895e-01   2.5805261e+00   1.3762146e-03  -6.1173328e-04  -7.9960170e-05
   1.5122223e-02   4.0148468e-01   2.6214253e+00   1.6815705e-03  -1.4440240e-03   1.3118948e-04
   2.2303560e-02   4.0529577e-01   2.6356705e+00   2.1557348e-03  -1.1263873e-03  -4.1885991e-04
   3.0496151e-02   4.2534187e-01   2.6815230e+00   2.0447513e-03  -6.8146074e-04   2.3531464e-04
   7.8359718e-02   4.0032369e-01   2.6873539e+00   1.9349622e-03  -9.5274613e-04  -1.2277990e-03
   4.6151331e-02   3.9670670e-01   2.6854239e+00   1.4153080e-03  -1.3976938e-03  -3.0891367e-04
   8.2419775e-03   4.5197557e-01   2.7194524e+00   2.5138033e-03  -6.7080898e-04  -2.2694316e-04
  -3.3268343e-03   4.2206487e-01   2.6736327e+00   1.2586724e-03  -4.0053198e-04  -1.5604747e-04
   1.7270678e-02   4.1417322e-01   2.6958923e+00   1.8261861e-03  -8.1816205e-04  -5.8133663e-04
   3.0257264e-02   4.2432222e-01   2.7081589e+00   1.3365736e-03  -7.2911605e-04  -1.0859097e-03
   1.0961630e-02   4.4490793e-01   2.7292242e+00   2.3374196e-03   6.5433239e-06   4.2573610e-04
  -3.8575556e-02   4.4099664e-01   2.7174876e+00   1.5888744e-03  -1.7121141e-04   7.0128485e-04
  -3.5893984e-02   4.7634983e-01   2.7537208e+00   2.6398979e-03  -9.8129967e-04  -8.7855923e-05
   5.7008897e-03   4.5713568e-01   2.7717394e+00   2.0346052e-03  -8.8424299e-04  -6.6497113e-04
  -4.9312099e-03   4.3103791e-01   2.8022517e+00   2.6324481e-03  -1.5434593e-04  -4.3652393e-04
   2.0081267e-03   4.3196116e-01   2.7621023e+00   1.0190942e-03   2.2931520e-04   8.4950490e-05
   3.8860385e-02   4.5238670e-01   2.8103147e+00   1.5872396e-03  -7.1819204e-05  -5.8657866e-04
   1.8925762e-02   4.0252507e-01   2.8528317e+00   1.6383210e-03  -1.3398403e-03  -1.4119198e-04
   1.7388275e-02   4.2939581e-01   2.8694159e+00   1.5246353e-03  -1.1291179e-03   1.2898158e-04
   2.6535607e-02   4.3646808e-01   2.8681776e+00   1.7175641e-03  -5.2575240e-04  -3.0463232e-04
   2.6834017e-02   4.2826679e-01   2.8688866e+00   1.6172738e-03  -4.0709209e-04  -2.2876574e-04
   3.9012677e-02   4.2724639e-01   2.8840232e+00   1.9134893e-03  -1.0275758e-04  -1.1199329e-03
   5.4780365e-02   4.3070195e-01   2.8888204e+00   9.3343682e-04  -7.5427954e-04  -6.3782675e-04
   4.6883258e-02   4.5883966e-01   2.9216143e+00   1.2442352e-03   3.2624604e-04   1.2582879e-04
   5.8675662e-02   4.4089061e-01   2.9501011e+00   2.1691113e-03  -5.9051810e-04  -3.9234078e-04
   4.7709005e-02   4.6160558e-01   2.9618090e+00   2.3989410e-03  -2.6867613e-04  -6.5532071e-04
   5.2515586e-02   4.5219725e-01   3.0075229e+00   2.8595791e-03  -5.4473623e-04  -7.4389486e-05
   5.4450830e-02   4.5213177e-01   2.9778253e+00   1.7464145e-03  -9.1663758e-04  -5.5980155e-04
   2.2696178e-02   4.5165338e-01   3.0008167e+00   2.2890749e-03  -5.9101654e-04   6.8867349e-04
   1.7778557e-02   4.5672096e-01   2.9900217e+00   1.8922910e-03  -6.9428114e-04   4.0308203e-04
  -1.4493485e-02   4.4725552e-01   3.0024530e+00   2.3371448e-03  -5.6476945e-04   1.3812212e-04
   2.1461856e-02   4.8830411e-01   3.0198806e+00   2.4482023e-03  -4.8001695e-04  -6.0885282e-04
   2.7549434e-02   4.1880105e-01   2.9682020e+00   7.1524980e-04  -2.3014098e-04  -3.6818185e-04
   4.5503546e-02   4.9557689e-01   3.0162828e+00   1.2869979e-03  -6.2634941e-04  -7.8067610e-04
   1.9837660e-02   4.4305798e-01   3.0480418e+00   1.5842841e-03  -9.9999213e-04   5.6343676e-04
   3.8011765e-02   4.8657029e-01   3.0761104e+00   2.1972767e-03  -5.4641441e-04   5.6249304e-05
   4.3575661e-02   4.5597507e-01   3.0852974e+00   2.0355454e-03  -2.6033563e-04  -2.2205940e-04
   2.4269395e-02   4.9344752e-01   3.1318026e+00   2.3530720e-03  -2.5213443e-04   2.4282734e-04
   4.4598112e-02   4.5783663e-01   3.1407107e+00   1.8661943e-03  -1.0358962e-03  -1.5431051e-04
   5.6022632e-02   4.8627583e-01   3.1503091e+00   2.2364970e-03  -4.5592315e-04   1.6450163e-04
   3.7231703e-02   4.9315439e-01   3.1604356e+00   1.7467069e-03  -5.6900121e-04   1.9247042e-04
   6.7337783e-02   4.6410725e-01   3.1568825e+00   1.9467405e-03   8.1100023e-04  -8.6644241e-04
   8.5159071e-03   4.8187887e-01   3.1687281e+00   2.2856077e-03  -4.1783636e-04   8.9147795e-04
   4.9786252e-02   5.0053191e-01   3.1717851e+00   9.4368647e-04   3.4222304e-05  -1.4502121e-04
   6.4594889e-02   4.6467074e-01   3.1771807e+00   1.6190498e-03   6.0709774e-05  -2.4171544e-04
   5.9926362e-02   4.9939482e-01   3.2013735e+00   1.2227556e-03  -1.0232112e-03  -3.5580295e-04
   7.3853322e-02   5.0433664e-01   3.2246467e+00   1.7245976e-03  -1.5855833e-04  -2.6799497e-04
   7.1147563e-02   5.2593099e-01   3.2512204e+00   2.3084693e-03  -5.0835610e-04  -1.0499641e-03
   7.1859767e-03   4.8637712e-01   3.2073424e+00   1.0649984e-03   1.6181457e-04   3.0443189e-04
   2.7960225e-02   5.2244755e-01   3.2289524e+00   1.1506034e-03  -1.8502272e-04  -6.5312275e-04
   4.7912075e-02   5.2845673e-01   3.2307799e+00   1.2982573e-03   4.3238104e-04  -4.5731746e-04
   4.3619052e-02   4.9466575e-01   3.2528335e+00   1.2692289e-03  -3.1002999e-04  -2.6249889e-04
   4.6145680e-02   5.3957522e-01   3.2995120e+00   1.9580173e-03  -6.3164146e-05  -7.2556266e-04
   5.5656510e-02   5.1051914e-01   3.3094538e+00   1.8131275e-03  -1.8762682e-04  -5.1425562e-04
   1.8121795e-02   5.3297586e-01   3.3474774e+00   2.4428671e-03  -1.5841821e-04  -3.0719119e-05
   4.4576441e-02   5.1974003e-01   3.3266786e+00   1.9527871e-03   5.6165321e-04  -3.5510875e-04
   3.3445012e-02   5.3507219e-01   3.2954027e+00   6.7105982e-04  -3.3949097e-04  -8.3518725e-04
   2.6827128e-02   5.1554558e-01   3.3193981e+00   9.8950968e-04  -2.4333825e-04   4.6141165e-04
   4.5459425e-02   5.3282037e-01   3.3926395e+00   2.2199297e-03  -5.3455117e-04  -6.5869054e-05
   3.9962886e-02   5.4568824e-01   3.3997365e+00   1.8108126e-03  -8.4082789e-04  -1.0611405e-03
   4.0221809e-02   5.1987850e-01   3.4110021e+00   1.2703346e-03  -4.2037096e-04   1.0225430e-04
   4.6468371e-02   5.2725003e-01   3.4185828e+00   1.4742475e-03   8.1275482e-06  -4.9015250e-04
   5.5750807e-02   5.4339717e-01   3.3968240e+00   1.4920275e-03   1.0035025e-04  -2.9894369e-04
   4.5232052e-02   5.1336064e-01   3.4354161e+00   2.6088645e-03   2.4557826e-04   3.3414782e-05
   1.2381562e-02   5.3142523e-01   3.4008106e+00   8.5543308e-04   1.1616559e-04   7.8881198e-04
   3.8703711e-02   5.2628037e-01   3.4313736e+00   1.4821811e-03  -6.4891641e-04  -7.7885988e-04
   6.5791074e-02   5.2651060e-01   3.4285591e+00   1.2328176e-03   4.9918504e-04  -1.0468861e-03
   3.3019427e-02   5.2532285e-01   3.4842314e+00   1.6423358e-03  -1.0607476e-03  -6.8512544e-05
   6.2601960e-02   5.3262675e-01   3.5008851e+00   8.4836288e-04  -1.9506105e-04  -4.8962692e-04
   5.3161732e-02   5.5221078e-01   3.5331962e+00   1.5217743e-03  -7.5008077e-04   2.7405796e-04
   6.5588605e-02   5.5362229e-01   3.5661955e+00   2.1120372e-03  -1.4379688e-03  -3.7177963e-04
   5.4913615e-02   5.0322519e-01   3.5537970e+00   1.4917669e-03  -1.0059729e-03   8.3885038e-04
   8.8002983e-02   5.4676602e-01   3.5728286e+00   2.2837625e-03  -5.9886165e-04  -7.3702278e-04
   3.9754952e-02   5.1372484e-01   3.5969021e+00   1.7903090e-03  -5.1352815e-04   6.5404150e-04
   2.0576572e-02   5.6067117e-01   3.5642929e+00   1.1675845e-03  -1.5198101e-03  -1.1486159e-04
   1.4802114e-02   5.3227602e-01   3.5966605e+00   1.9717981e-03  -3.6053639e-04   5.3097035e-04
   7.5965337e-02   5.5354626e-01   3.6022787e+00   2.3081973e-03  -1.2808607e-04  -1.4707537e-03
   6.7792014e-02   5.3751504e-01   3.5996029e+00   5.7477797e-04   1.6800802e-04  -6.3143009e-04
   5.2291653e-02   5.3036765e-01   3.6214474e+00   1.1720950e-03   1.0585711e-05  -2.9304874e-04
   3.9298853e-02   5.3372158e-01   3.6382943e+00   1.6114496e-03  -1.5916381e-04  -4.2252783e-04
   8.5297877e-02   5.5088309e-01   3.6733970e+00   1.0320783e-03  -6.3115670e-04  -1.7896801e-03
   6.0426302e-02   5.2038175e-01   3.6641740e+00   1.5372582e-03  -3.9901763e-04  -4.1838634e-05
   7.6886168e-02   5.5811413e-01   3.7122069e+00   2.2038840e-03  -3.9795510e-04  -5.8067419e-04
   7.7197480e-02   5.7156914e-01   3.7300767e+00   1.7474323e-03  -6.2702558e-04  -4.1514487e-04
   8.5539735e-02   5.7040128e-01   3.7439869e+00   1.8494445e-03   2.4606852e-04  -6.0311095e-04
   6.7883382e-02   5.2679815e-01   3.7562739e+00   1.8010728e-03  -3.4166055e-04   4.0470616e-04
   9.0574062e-02   5.5699298e-01   3.7734779e+00   2.3276547e-03  -8.1546431e-04  -6.5524545e-04
   9.9018784e-02   5.4246076e-01   3.8039995e+00   2.0610310e-03  -3.0213471e-04  -5.5778739e-04
   7.2641169e-02   5.7179236e-01   3.8103997e+00   2.1970126e-03  -4.9710482e-04  -1.8680656e-04
   5.9219232e-02   5.5916523e-01   3.7691446e+00   1.1942523e-03  -1.0490230e-03  -7.9397154e-04
   1.8922235e-04   5.6545879e-01   3.7777888e+00   1.0138268e-03  -7.4020353e-04   4.9118070e-04
   2.9413403e-02   5.8351841e-01   3.7636753e+00   7.9582775e-04  -3.9665820e-04  -8.1246052e-05
   3.4693046e-02   5.7303919e-01   3.7714320e+00   6.3442571e-04  -4.7593889e-04  -1.4210450e-04
   2.2076410e-02   5.5462130e-01   3.8062141e+00   5.9629861e-04   1.1242976e-04   4.6024219e-04
   7.0228122e-02   5.8805152e-01   3.8423093e+00   1.6511650e-03  -3.9481531e-04  -1.0430087e-03
   5.6331653e-02   5.6272092e-01   3.8449148e+00   1.5586730e-03   1.6076075e-04  -1.4158833e-04
   2.6774949e-02   5.8009554e-01   3.7994105e+00   9.6849877e-04   4.2241103e-04   6.6616571e-04
   6.7523318e-02   6.2375308e-01   3.8534432e+00   1.6223623e-03   2.1425684e-04  -5.4457504e-04
   3.1087518e-02   5.7019168e-01   3.8641659e+00   1.7294843e-03  -4.6117199e-04  -1.0339025e-04
   5.6801319e-02   5.3806354e-01   3.8939248e+00   1.0946085e-03  -3.4560762e-04   5.3690021e-05
   7.4559663e-02   5.9941348e-01   3.9355390e+00   1.7844430e-03  -2.3643180e-04  -1.5074820e-04
   7.0745208e-02   5.9879655e-01   3.9317679e+00   1.4096469e-03   3.1276906e-04  -3.7762351e-04
   5.7978908e-02   5.6981043e-01   3.9176974e+00   9.7731023e-05  -1.0063914e-03  -2.4336696e-04
   5.9943077e-02   5.7665029e-01   3.9797719e+00   1.9295569e-03  -6.3314157e-04  -4.5070307e-05
   1.0525944e-01   6.1304689e-01   4.0023784e+00   1.7934543e-03  -9.9497538e-04  -6.6273538e-04
   9.2409307e-02   5.7884732e-01   3.9836997e+00   1.0096904e-03  -2.9851251e-04   1.0502975e-04
   1.1335741e-01   5.7956735e-01   4.0142866e+00   1.6046400e-03   4.0350100e-04  -8.5877179e-04
   1.1263667e-01   5.7967977e-01   4.0031452e+00   1.2302178e-03  -1.9040583e-04  -5.3074292e-04
   8.4705495e-02   5.9929621e-01   4.0454808e+00   1.6594072e-03  -5.7358371e-04  -2.1002084e-04
   1.0067314e-01   5.8341736e-01   4.0145072e+00   1.1504181e-03   1.7943125e-04  -9.5719036e-04
   6.8787267e-02   6.0497502e-01   4.0207310e+00   1.4454288e-03   3.3420881e-04   4.0169936e-04
   7.1254569e-02   5.8690736e-01   4.0173246e+00   8.7015789e-04  -1.2772380e-04  -1.0329106e-04
   4.2456936e-02   5.7830156e-01   4.0349567e+00   1.1748801e-03  -6.5300095e-04  -2.5618038e-04
   5.2092611e-02   6.4282169e-01   4.0619057e+00   1.2107510e-03  -7.3975593e-05  -4.2594366e-04
   7.4578243e-02   6.0945296e-01   4.0963652e+00   1.7214337e-03   2.1516528e-04  -4.7443988e-04
   5.4536988e-02   5.8864544e-01   4.0909739e+00   4.6089824e-04  -1.1034980e-03  -2.8394941e-04
   8.5892869e-02   5.9464117e-01   4.1325477e+00   1.0622890e-03   1.3215712e-04  -9.8064047e-05
   8.1382130e-02   6.3091677e-01   4.1444562e+00   1.9548135e-03  -5.7187454e-04   1.6239754e-04
   8.8314034e-02   6.3840938e-01   4.2052143e+00   2.2126088e-03  -1.3143334e-04  -1.3463951e-05
   9.2585132e-02   6.1884238e-01   4.1755815e+00   1.0669260e-03  -8.9294183e-04  -4.8700329e-04
   6.7071694e-02   6.3181606e-01   4.1863983e+00   1.3862018e-03  -8.5454501e-04  -4.2553942e-04
   1.3175386e-01   5.8944583e-01   4.2101225e+00   1.7477856e-03   6.6098716e-04  -7.4047766e-04
   5.7583137e-02   6.1578922e-01   4.1804201e+00   6.5302682e-04  -9.3983373e-04  -7.0014951e-04
   7.9960692e-02   6.3559808e-01   4.1901426e+00   1.1548456e-03  -5.6592581e-04  -7.5268638e-04
   7.6741824e-02   6.4464264e-01   4.1972306e+00   1.1630309e-03   9.3153857e-05  -7.2742415e-04
   6.8113000e-02   6.5397697e-01   4.2087192e+00   1.6773085e-03  -6.9032440e-04  -8.0192068e-04
   6.7736500e-02   6.3713727e-01   4.1970040e+00   5.9177564e-04  -3.7943474e-04   1.9875790e-04
   4.3073080e-02   6.4364314e-01   4.2181248e+00   6.6135588e-04  -3.2842386e-04  -2.2922595e-04
   6.1430266e-02   6.4878372e-01   4.2581063e+00   1.1258631e-03   4.1694364e-05  -2.8494459e-04
   6.4020541e-02   6.1114600e-01   4.2767253e+00   1.7591148e-03  -1.9998953e-04  -2.9018831e-04
   6.5449352e-02   6.3341909e-01   4.2909936e+00   1.1865719e-03   4.0042024e-04  -7.4968826e-05
   1.0604275e-01   6.5056021e-01   4.3338839e+00   1.6796643e-03  -5.4587839e-04  -4.0459868e-04
   1.0627519e-01   6.1306078e-01   4.3493118e+00   2.0129162e-03  -9.0883708e-05  -6.7857478e-04
   8.6487167e-02   6.2178809e-01   4.3612230e+00   1.6022236e-03  -5.6512251e-04  -1.9663502e-04
   6.9735982e-02   6.1726333e-01   4.3756111e+00   1.3688551e-03  -2.9424586e-04  -1.1941771e-04
   1.2101794e-01   6.4630302e-01   4.3874643e+00   2.0635027e-03  -7.0985824e-04  -6.7846920e-04
   9.1786013e-02   6.3619205e-01   4.3969753e+00   1.5786195e-03  -8.0191960e-04  -9.2184049e-04
   8.5745342e-02   6.2689442e-01   4.4001170e+00   1.6606648e-03  -6.3352030e-04  -1.5939020e-04
   4.4459520e-02   6.3444623e-01   4.3743351e+00   1.5534629e-03  -2.8641027e-04  -3.5585951e-04
   7.4695058e-02   6.5906708e-01   4.3882054e+00   1.5541031e-03  -8.3822949e-04  -7.2850348e-04
   8.9937855e-02   6.5519986e-01   4.4024661e+00   2.0745504e-03  -9.0534627e-05  -4.2530696e-04
   8.0003910e-02   6.3698010e-01   4.4289696e+00   1.8231602e-03  -1.4294515e-04  -3.6253527e-04
   1.0279189e-01   6.7964128e-01   4.4661082e+00   2.3149436e-03  -4.1263714e-04  -9.6652509e-04
   6.6414746e-02   6.6338706e-01   4.4734596e+00   1.7394656e-03  -6.6877297e-04  -1.2997805e-04
   7.6026482e-02   6.6073342e-01   4.4476025e+00   1.5802968e-03   3.4431836e-04  -5.9056868e-04
   5.2655710e-02   6.5399906e-01   4.4533998e+00   1.1958074e-03  -1.7983825e-05   3.5631100e-04
   6.4055828e-02   6.3933387e-01   4.4750737e+00   1.7703883e-03   2.3721345e-04  -3.6636390e-04
   7.5654200e-02   6.9708302e-01   4.4980729e+00   1.5178656e-03  -4.1976543e-04  -4.2560011e-04
   1.3407175e-01   6.6513813e-01   4.5224189e+00   1.7875400e-03   1.2422607e-04  -1.4985232e-03
   9.6067205e-02   6.3663344e-01   4.5339150e+00   1.0793443e-03   7.5202173e-05  -1.3549202e-04
   7.8420897e-02   6.5903408e-01   4.5813218e+00   2.0788991e-03  -1.0113737e-03   6.4049919e-05
   9.6666579e-02   6.6035163e-01   4.5677513e+00   1.1102867e-03  -2.9904724e-04   9.5366168e-06
   1.0456082e-01   6.4367349e-01   4.5881928e+00   1.2995067e-03   1.4386634e-04  -2.8923624e-04
   1.1784672e-01   6.9082383e-01   4.6567645e+00   3.2317403e-03   5.7792142e-04  -8.6283013e-04
   1.3025536e-01   6.3798274e-01   4.6373739e+00   1.7290090e-03  -4.5059444e-04  -5.3892045e-04
   1.3260391e-01   7.0099456e-01   4.6216041e+00   1.8789483e-03  -3.9963623e-04  -8.1831478e-04
   8.7589506e-02   7.0278343e-01   4.6378268e+00   2.1568910e-03   4.8228922e-05   1.0663736e-05
   7.1341210e-02   6.4202293e-01   4.6190692e+00   1.6571435e-03  -7.9334975e-04  -5.3525663e-04
   4.8559478e-02   6.7117534e-01   4.5933231e+00   7.2226281e-04  -6.5847095e-04   6.3221096e-05
   6.9856354e-02   6.6787962e-01   4.6525966e+00   2.0726835e-03   1.1518177e-04  -4.9350678e-04
   9.7891062e-02   6.9841959e-01   4.6689176e+00   1.8189718e-03   9.8053473e-05  -5.3759598e-04
   1.1403101e-01   6.7322141e-01   4.6230665e+00   8.2594127e-04   6.3315447e-04  -7.1375351e-04
   5.0057456e-02   6.7833524e-01   4.6852403e+00   2.0473971e-03  -2.2327689e-04   2.2694387e-05
   7.3997628e-02   6.6804509e-01   4.7055543e+00   1.4370301e-03  -7.6957761e-04  -7.0523749e-05
   1.2261942e-01   6.9482161e-01   4.7203102e+00   1.7664378e-03   2.4868588e-04  -1.1171449e-03
   9.6449634e-02   6.5772119e-01   4.6691109e+00   3.2544923e-05  -8.8775016e-06  -6.0808660e-04
   8.0583722e-02   6.7318525e-01   4.7267086e+00   1.7522988e-03  -2.2035838e-04  -4.6859963e-04
   8.9604650e-02   6.6805840e-01   4.6946523e+00   4.6804382e-04   1.0892239e-04  -1.9088834e-04
   7.7180577e-02   6.6896536e-01   4.7147168e+00   4.8353483e-04   1.4170338e-04  -1.3003845e-04
   7.9707852e-02   7.0383778e-01   4.7355598e+00   6.9349496e-04   4.6574978e-05  -6.2989575e-04
   1.0037988e-01   6.9709677e-01   4.7517015e+00   1.5409528e-03   4.1969510e-04  -1.2218237e-03
   6.9687547e-02   6.6305752e-01   4.7138120e+00   5.9859712e-04  -4.7446685e-04  -2.9579559e-04
   7.9638164e-02   6.5802773e-01   4.7738639e+00   2.1855281e-03  -4.4704958e-04  -7.2776009e-04
   6.9388202e-02   6.9497355e-01   4.7356573e+00   1.8031093e-04  -2.8087551e-04  -4.3352924e-04
   4.6712292e-02   7.0319671e-01   4.8012245e+00   1.6218007e-03  -1.2886669e-04  -1.7480430e-05
   8.2424585e-02   7.1521927e-01   4.8240368e+00   1.3766863e-03  -8.5288980e-04  -6.7432087e-04
   1.1075215e-01   6.9830769e-01   4.8776461e+00   1.8035715e-03  -2.7739363e-04  -4.6165484e-04
   1.0969610e-01   6.9165160e-01   4.8831400e+00   1.6131448e-03  -9.5078543e-04  -3.9232938e-04
   1.3084826e-01   6.8794037e-01   4.8700421e+00   8.1628207e-04  -2.9027567e-04  -5.2158266e-04
   9.1002230e-02   6.7233558e-01   4.8881121e+00   1.0253478e-03  -6.0115713e-04   8.5849798e-04
   1.3878866e-01   6.9587966e-01   4.8804090e+00   6.9012590e-04  -4.1316438e-04  -1.0419454e-03
   1.1353139e-01   6.9438313e-01   4.9440375e+00   1.6108677e-03  -1.1875235e-03  -8.1365247e-04
   1.2911488e-01   7.0298649e-01   4.9418372e+00   1.6404288e-03  -3.1955226e-04  -5.7376405e-04
   7.2991895e-02   7.0628099e-01   4.9206314e+00   1.7551826e-03   4.0170397e-04   1.8110610e-04
   8.4343018e-02   6.8033534e-01   4.8992725e+00   7.5098588e-04  -5.5907837e-04  -5.3697664e-04
   5.4089583e-02   6.9925330e-01   4.9009767e+00   7.3970912e-04  -8.1532194e-04   4.7302071e-04
   9.9344476e-02   6.9396622e-01   4.9665309e+00   2.1531626e-03  -1.5169645e-06   3.6402830e-05
   9.4000138e-02   7.2015490e-01   4.9702102e+00   1.4597961e-03  -1.1982914e-03  -2.3331787e-04
   6.3561482e-02   7.2344220e-01   4.9484402e+00   1.3411230e-03  -8.1014381e-04   1.9234270e-04
   7.1911420e-02   7.0039477e-01   4.9467982e+00   9.7931115e-06   3.5996295e-04   5.6912135e-04
   7.9918949e-02   7.1912829e-01   4.9965993e+00   1.7117615e-03  -1.5355976e-03  -8.6893694e-04
   5.6699492e-02   7.1909077e-01   4.9946856e+00   1.1460009e-03  -1.3092816e-03  -3.9886602e-05
   8.4786990e-02   6.6726096e-01   4.9618356e+00   3.6186104e-04  -3.5367878e-04   4.9253646e-04
   9.5674451e-02   7.1384955e-01   5.0008954e+00   5.9945436e-04  -4.5777276e-04  -6.3673704e-04
   9.6581776e-02   7.0710396e-01   5.0161714e+00   5.6680878e-04  -5.0590471e-05  -4.0806751e-04
   7.4706855e-02   7.0100966e-01   5.0163804e+00   9.5769470e-04  -5.6864300e-04  -1.9181530e-05
   8.7199959e-02   7.3283239e-01   5.0364722e+00   1.0373912e-03  -4.8911616e-04  -4.4125540e-04
   9.5611167e-02   7.0063691e-01   5.0509996e+00   8.4702651e-04  -1.5769165e-03  -8.2829072e-04
   8.8957658e-02   7.3559561e-01   5.0957125e+00   1.1957356e-03  -8.5387994e-04  -1.1005161e-03
   1.4528992e-01   7.3381550e-01   5.1140881e+00   1.0962494e-03  -5.6856727e-04  -9.8107892e-04
   1.1498880e-01   7.4131977e-01   5.1095028e+00   6.1361980e-04  -6.0691334e-04  -5.8885471e-04
   9.7394710e-02   7.3535493e-01   5.1225463e+00   1.0562494e-03  -3.8102148e-04  -6.6800112e-04
   4.2191776e-02   7.1370331e-01   5.0917002e+00   1.0272280e-03  -1.0162546e-03   1.9036247e-04
   7.1578198e-02   7.5643909e-01   5.1062431e+00   3.5910966e-04  -6.4719884e-04  -3.7206456e-04
   9.2353395e-02   6.9403289e-01   5.1265043e+00   6.0889519e-04  -6.4963614e-04  -2.3367101e-04
   1.0884214e-01   7.2749940e-01   5.1428671e+00   4.6431707e-04  -8.4409029e-04  -7.0298498e-04
   6.7366743e-02   7.3819258e-01   5.1740781e+00   1.3779139e-03  -7.5412495e-04  -2.0149220e-04
   1.0030904e-01   7.3545522e-01   5.1474712e+00   5.8103999e-04  -7.7891767e-04  -7.3439996e-04
   9.9111720e-02   7.2936562e-01   5.1718021e+00   5.5116219e-04   1.4465334e-05  -1.2680805e-04
   9.8838083e-02   7.2553878e-01   5.1773019e+00   1.7514748e-04  -3.7374095e-04  -4.4897246e-04
   1.1762672e-01   7.1089915e-01   5.1694812e+00   8.4595085e-05  -3.3394517e-04  -5.8683051e-04
   1.5663988e-01   7.6419496e-01   5.2222646e+00   1.3437978e-03  -1.4693797e-04  -1.1009397e-03
   1.0162193e-01   6.7194598e-01   5.2463871e+00   1.2597350e-03  -5.0992842e-04   1.5904342e-04
   1.2475457e-01   7.3720088e-01   5.2671510e+00   1.6244846e-03   7.8860050e-05  -2.5886929e-04
   1.1461487e-01   7.2628484e-01   5.2547895e+00   7.0029414e-04  -5.5237540e-04  -4.9470118e-04
   8.7260267e-02   7.3203630e-01   5.2371467e+00   3.6006420e-04  -9.6296940e-04  -6.5549655e-04
   8.0226214e-02   7.7893541e-01   5.2282644e+00   9.9861667e-04  -1.2400079e-03  -6.6495784e-04
   9.0009888e-02   7.2750368e-01   5.2801369e+00   1.7100632e-03  -8.6251847e-04  -2.1334002e-04
   8.7907180e-02   7.7436309e-01   5.2496162e+00   5.0254218e-04  -3.0476498e-04  -2.0031252e-04
   7.4332342e-02   7.3493416e-01   5.2742946e+00   6.0866644e-04  -6.8918970e-04   1.2161359e-04
   8.0391098e-02   7.3561346e-01   5.2560705e+00   1.0189741e-05  -9.7722776e-04  -1.3006896e-04
   6.2955704e-02   7.4113580e-01   5.3026552e+00   9.5405480e-04  -4.6140683e-04  -3.3322758e-04
   7.3988061e-02   7.4675882e-01   5.3210328e+00   1.2772469e-03   1.4642875e-04   1.2481436e-04
   8.8033026e-02   7.4673678e-01   5.3040317e+00   5.9143556e-04  -6.0849027e-04  -6.9621942e-04
   8.1227479e-02   7.3259927e-01   5.3041523e+00  -1.9206368e-04  -6.0402530e-04  -3.0087613e-04
   1.0771196e-01   7.3581969e-01   5.3720749e+00   9.6509618e-04  -6.1453458e-04  -4.2231261e-05
   1.0542911e-01   7.4806735e-01   5.3592929e+00   5.1935438e-04  -3.2418952e-04  -5.8295111e-04
   7.6877537e-02   7.4299542e-01   5.3539797e+00  -5.0293239e-04  -8.2896017e-04   7.8084349e-04
   5.9155967e-02   7.5013031e-01   5.3563231e+00   5.2628571e-04  -2.6635557e-04   1.4435323e-04
   8.1788254e-02   7.6647391e-01   5.3726334e+00   1.1032355e-03  -1.2644978e-03  -6.3849190e-04
   9.7528816e-02   7.3582239e-01   5.3675602e+00   1.3584698e-04  -3.2582007e-04  -3.0058036e-04
   6.8801133e-02   7.3222226e-01   5.3905247e+00   3.0725400e-04  -5.3138544e-04   6.7873470e-04
   1.3187593e-01   7.4942902e-01   5.4127203e+00   7.4931707e-04  -6.1780149e-04  -6.7694200e-04
   9.8673549e-02   7.4378712e-01   5.4726073e+00   1.1919543e-03  -9.0186045e-04   4.9849291e-05
   8.4207208e-02   7.4322020e-01   5.4758942e+00   2.4087929e-04  -2.1518998e-03   8.6417943e-05
   1.2357126e-01   7.4589179e-01   5.4952728e+00   1.3901965e-03  -7.6410209e-04  -7.0156542e-04
   1.4429728e-01   7.6880560e-01   5.5062865e+00   9.4969219e-04  -1.7941004e-04  -4.1942186e-04
   1.6224326e-01   7.3171967e-01   5.5087855e+00   2.7896459e-04  -1.0469513e-03  -8.9763281e-04
   1.7491710e-01   7.8566799e-01   5.5535075e+00   1.8360877e-03  -7.2915432e-04  -8.8127706e-04
   1.5181664e-01   7.2751368e-01   5.5269531e+00   4.5913137e-04  -8.2515665e-04  -3.2564218e-04
   1.7094282e-01   7.5729011e-01   5.5669928e+00   1.1848365e-03  -8.6194913e-04  -5.4395910e-04
   1.3447311e-01   7.8755836e-01   5.5825291e+00   1.7149712e-03  -1.0417755e-03  -1.0135068e-04
   1.1055903e-01   7.5800943e-01   5.5477250e+00   8.3830179e-04  -2.7729787e-04   2.3956803e-04
   5.8374600e-02   7.5617831e-01   5.5165389e+00   1.9151005e-04  -7.5339426e-04   2.8126041e-04
   7.8804716e-02   7.6698545e-01   5.5369762e+00   7.5670167e-04  -8.2915123e-04   1.6114596e-04
   1.2946182e-01   7.3987733e-01   5.5528747e+00   5.3546352e-05  -9.8240257e-04  -1.0361988e-03
   1.0424251e-01   7.6300026e-01   5.5909022e+00   9.1649986e-04  -5.2567739e-04  -2.2457713e-04
   1.0341112e-01   7.6934961e-01   5.5964049e+00   2.2423877e-04  -1.4121603e-03  -7.8661964e-05
   6.3766457e-02   7.7092597e-01   5.5744406e+00  -4.9739497e-04  -5.4316540e-04   6.7701019e-04
   1.2391440e-01   7.7924436e-01   5.5922180e+00  -1.8781405e-04  -3.1373023e-04  -2.7167850e-04
   1.1869227e-01   7.6079803e-01   5.5797167e+00  -1.8769119e-04  -9.6051051e-04  -6.5502211e-04
   7.4029986e-02   7.6244722e-01   5.6356178e+00   5.5392376e-04  -1.4149013e-03   2.9590720e-04
   1.1799113e-01   7.8530999e-01   5.6276277e+00  -3.2320689e-04  -9.4704483e-04  -6.0445554e-04
   1.1893203e-01   7.5104226e-01   5.6257399e+00  -3.6365816e-04  -1.2719426e-03  -6.7193609e-04
   6.6121584e-02   7.5852827e-01   5.6617010e+00   1.3505020e-04  -1.4684292e-03   2.5672957e-04
   9.7102362e-02   7.4614820e-01   5.6642775e+00   5.7686384e-04  -1.2429623e-03  -1.8185939e-04
   1.2094407e-01   7.6320612e-01   5.7025387e+00   1.0241521e-03  -3.8937235e-04  -5.7039701e-05
   1.3112313e-01   7.8191893e-01   5.6861647e+00   3.3331634e-05  -6.0576782e-04  -2.2723199e-04
   1.2942563e-01   7.7056399e-01   5.6850545e+00   3.7036525e-04  -6.8341327e-04  -2.7435811e-04
   1.2441430e-01   7.7399363e-01   5.7482714e+00   9.8149675e-04  -1.0941438e-03  -4.8435951e-04
   1.5315100e-01   7.8181786e-01   5.7403712e+00   9.5233283e-05  -1.0025669e-03  -4.3960530e-04
   1.5011923e-01   7.8163354e-01   5.7484350e+00  -2.3075304e-04  -9.1423652e-04  -7.5209002e-04
   1.4522821e-01   7.9162854e-01   5.7612727e+00  -8.7314199e-05  -1.2670144e-03  -5.7560129e-04
   1.3295894e-01   7.6995560e-01   5.7920321e+00   6.4445216e-04  -1.3695718e-03   2.5909912e-04
   1.5494603e-01   7.7914013e-01   5.7874794e+00   5.0356226e-04  -1.3544275e-03   1.1331407e-04
   1.8861528e-01   7.6385416e-01   5.8281577e+00   1.1316007e-03  -5.6411205e-04  -6.6611666e-04
   1.6200615e-01   7.4635057e-01   5.7955133e+00  -2.3780746e-04  -1.3293624e-03  -6.0927832e-04
   1.3855430e-01   8.4245590e-01   5.8577547e+00   1.1878834e-03  -1.0106173e-03  -5.3689508e-04
   1.3962922e-01   7.7599734e-01   5.8211589e+00   6.5266500e-04  -8.2599961e-04  -4.2955905e-05
   1.2874605e-01   8.1092954e-01   5.8068988e+00   7.7898515e-04  -2.0418671e-04  -7.8071449e-04
   1.2777033e-01   8.1389701e-01   5.8052158e+00   7.3916231e-04  -1.0479179e-03  -7.5600039e-04
   9.8788805e-02   7.8677519e-01   5.8130653e+00  -2.8606892e-04  -7.9758445e-04  -2.1537611e-04
   1.0472768e-01   7.9959474e-01   5.8249292e+00  -6.3405245e-04  -9.6990386e-04  -3.6913183e-04
   1.4683013e-01   7.8621802e-01   5.8444419e+00   7.3852567e-04  -7.1133901e-04  -8.2286536e-04
   9.7956399e-02   7.7921807e-01   5.8771497e+00   1.6711027e-04  -1.0233533e-03   7.3371695e-04
   1.5356556e-01   8.0708600e-01   5.8717060e+00  -2.2824379e-04  -4.8691085e-04  -7.8305920e-04
   1.4623804e-01   7.7910977e-01   5.9188150e+00   1.1020047e-03  -1.2603984e-03  -6.6159683e-05
   1.3258800e-01   7.8871016e-01   5.9013800e+00   3.2483180e-06  -1.0008020e-03  -2.5429526e-04
   1.4465657e-01   7.6347704e-01   5.9434184e+00   4.9622755e-04  -7.7963601e-04  -3.4372968e-04
   1.2707988e-01   8.1524573e-01   5.9371227e+00   3.8260221e-04  -1.6735145e-03  -9.0955852e-04
   1.1690194e-01   7.8370887e-01   5.9085972e+00   1.5112304e-04  -5.5853774e-04  -3.0429693e-04
   1.0255907e-01   7.5957758e-01   5.8887256e+00  -1.9151614e-04   6.2579065e-04   5.8840758e-04
   1.2985050e-01   8.2650730e-01   5.9554173e+00   7.6532101e-04  -8.3306921e-04  -1.2885889e-03
   9.4989128e-02   7.5130963e-01   5.9099207e+00  -2.6409658e-04   8.2893334e-05   1.2772505e-04
   1.2035286e-01   7.8400163e-01   5.8943453e+00  -1.0507395e-03  -6.8112719e-04  -6.8978264e-04
   1.2391576e-01   8.1337834e-01   5.9367396e+00  -1.6078600e-04  -7.2716074e-04  -8.0504862e-04
   1.0878939e-01   8.0973904e-01   5.9532331e+00  -6.1625427e-04  -3.1782505e-04  -5.5258534e-04
   1.1950680e-01   8.2449580e-01   5.9771950e+00  -2.5224406e-05  -1.6093098e-03  -4.7257550e-04
   1.3479892e-01   8.2243723e-01   6.0190513e+00   9.5466383e-04  -1.2158291e-03  -9.9484742e-04
   1.3785380e-01   8.1372123e-01   6.0412373e+00   2.7428832e-04  -1.4199817e-03  -7.7317126e-04
   1.2404749e-01   8.0032040e-01   6.0489655e+00   4.7132370e-04  -1.2229929e-03   3.1268956e-04
   1.6666447e-01   8.0233656e-01   6.0720343e+00   6.8050188e-04  -6.4436004e-04  -7.5133223e-04
   1.4857440e-01   8.2698846e-01   6.0988810e+00   1.2906091e-03  -5.4786477e-04  -3.9285569e-04
   1.5205845e-01   8.0781764e-01   6.0853475e+00   5.3980872e-04  -1.2510121e-03  -9.5059618e-05
   1.3650522e-01   7.9754362e-01   6.0946993e+00   3.4446121e-04  -1.2204735e-03  -4.3581477e-04
   1.7357450e-01   7.8173250e-01   6.1184151e+00   6.9907802e-04  -1.5845362e-03  -4.1768675e-04
   1.3557080e-01   8.2729275e-01   6.1291317e+00   7.2551137e-04  -1.2542903e-03   1.2645394e-05
   1.3822135e-01   7.7966798e-01   6.1263651e+00   2.8167512e-04  -1.0792559e-03   3.6515411e-04
   1.4252188e-01   8.3152326e-01   6.1322566e+00   9.4458286e-04  -8.3703522e-04   4.8387794e-05
   1.4710169e-01   7.9289765e-01   6.1048405e+00  -1.0281969e-04  -5.4971586e-04  -3.0432144e-04
   1.3086061e-01   8.0642062e-01   6.1059946e+00   2.3441249e-04  -6.8723970e-04  -5.6930328e-05
   1.3806567e-01   7.7961331e-01   6.0681430e+00  -1.0275577e-03  -7.3969153e-04  -1.3718154e-03
   6.2986599e-02   8.1433191e-01   6.1151510e+00   5.6508637e-04  -8.5170146e-04   1.0156105e-03
   1.0955744e-01   7.9569824e-01   6.0966575e+00  -3.7445548e-05  -3.6958426e-04   1.2367244e-04
   1.1306100e-01   8.2217619e-01   6.1041392e+00  -4.7751218e-04  -1.0496102e-03  -7.9590596e-04
   1.4042027e-01   7.9674307e-01   6.1055929e+00  -6.7375216e-04  -3.8817491e-04  -7.1741932e-04
   1.0342184e-01   7.9978728e-01   6.1378530e+00  -4.5205448e-04  -1.3938115e-03  -6.7247939e-05
   1.4515509e-01   8.1792441e-01   6.1645542e+00  -3.4966926e-04  -1.0893073e-03  -4.8582533e-04
   1.2981464e-01   8.4125553e-01   6.2216752e+00   1.1184905e-03  -8.5296134e-04   2.7819067e-04
   1.5710630e-01   8.1607479e-01   6.2165560e+00   2.1674556e-04  -1.2721943e-03  -1.3627895e-03
   9.7951065e-02   8.0854357e-01   6.2089822e+00  -1.0000549e-04  -1.2238754e-03   1.2347401e-03
   1.1056215e-01   8.6134863e-01   6.2232575e+00   6.2167380e-05  -1.0403683e-03   3.5084924e-05
   1.2703800e-01   7.8612209e-01   6.2003086e+00   3.8751798e-05  -8.4122592e-04  -6.1112981e-04
   1.1139098e-01   8.0475771e-01   6.2030916e+00   2.2850660e-04  -9.1585533e-04  -5.0554960e-04
   1.3047237e-01   8.1083481e-01   6.2245821e+00  -1.8332040e-04  -7.9264005e-04  -5.5525092e-04
   1.3700447e-01   7.8272906e-01   6.2065462e+00  -6.9891370e-04  -9.4298756e-04  -3.6118863e-04
   1.2056213e-01   8.0239642e-01   6.2207989e+00  -6.3171037e-04  -6.9984262e-04  -3.9108297e-04
   1.1818514e-01   8.0346633e-01   6.2625585e+00  -1.1786817e-04  -1.1559319e-03  -2.1676093e-04
   1.3389047e-01   8.0076172e-01   6.3021605e+00   5.9387338e-04  -1.1934605e-03  -7.9456563e-04
   1.2755057e-01   8.5118129e-01   6.2907106e+00  -5.6064421e-05  -1.0296440e-03  -3.2787756e-04
   1.3447218e-01   7.9440086e-01   6.3060147e+00   4.2038021e-04  -5.7328522e-04  -6.7182090e-04
   1.0949037e-01   8.2097883e-01   6.3082464e+00  -7.0068401e-05  -1.7397263e-03  -3.2382102e-04
   1.4071398e-01   8.0371533e-01   6.2991336e+00  -3.8339290e-04  -9.8473085e-04  -4.3359846e-04
   1.5953677e-01   8.6784164e-01   6.3601874e+00   4.9297592e-04  -4.4266796e-04  -7.1600394e-04
   1.2086428e-01   8.2509815e-01   6.3386517e+00   1.4512811e-04  -1.3508252e-03  -7.6357647e-04
   1.3342812e-01   8.2859814e-01   6.3144509e+00  -5.9006520e-04  -2.7034742e-04  -8.9103910e-04
   1.2631276e-01   8.3665206e-01   6.3538012e+00   6.7709483e-04  -2.8869278e-04   7.8070971e-05
   1.1414605e-01   8.0542885e-01   6.3326169e+00  -6.4579312e-04  -1.2170462e-03   5.0786210e-04
   1.2641065e-01   8.4722924e-01   6.3535908e+00   1.7989968e-05  -1.1238711e-03  -5.0387650e-04
   9.9576808e-02   8.2226864e-01   6.3653566e+00  -5.3400800e-04  -8.7285829e-04   6.0899842e-04
   1.2523919e-01   8.0662590e-01   6.3400403e+00  -1.1141020e-03  -5.2732169e-04  -4.3138418e-05
   1.2874611e-01   8.4810414e-01   6.3588369e+00  -1.3077277e-04  -9.1391870e-04  -5.2022652e-04
   9.9082125e-02   8.1266334e-01   6.3664577e+00  -4.1787458e-04  -1.5952015e-03   5.2074097e-04
   1.1964899e-01   8.3946327e-01   6.4086374e+00  -2.0258028e-05  -6.7424247e-04  -1.7089427e-04
   1.2229375e-01   8.3990169e-01   6.4291841e+00   1.1103537e-04  -1.4367475e-03  -7.2441810e-04
   1.2391228e-01   8.2626967e-01   6.4090375e+00  -7.9331229e-05  -9.2475902e-04  -5.9669643e-04
   1.1906593e-01   8.3279969e-01   6.4567042e+00   1.4409734e-04  -1.3132978e-03   1.5655435e-04
   1.4862177e-01   8.4233237e-01   6.4813178e+00  -1.2301461e-04  -1.1806379e-03  -5.8305371e-04
   1.3561065e-01   8.4341331e-01   6.5183071e+00   6.2916866e-04  -1.1709653e-03   6.1792460e-04
   1.4026396e-01   8.3080025e-01   6.5209183e+00   4.0807921e-04  -1.1781022e-03   1.1871902e-04
   1.9225796e-01   8.5166141e-01   6.5180339e+00   4.9563175e-04  -9.9049538e-04  -3.8076926e-04
   1.4442096e-01   8.4430982e-01   6.5223128e+00  -6.2408157e-04  -1.4888790e-03   2.1183608e-04
   1.6984854e-01   8.2231352e-01   6.5278380e+00   1.7967432e-04  -1.6284582e-03  -6.1260898e-04
   1.8077197e-01   8.3907817e-01   6.5677015e+00   1.6461894e-04  -1.6131264e-03  -3.2837875e-04
   1.5783527e-01   8.3888272e-01   6.5589838e+00   5.8260059e-05  -8.1506154e-04  -1.3962193e-04
   1.2787258e-01   8.0807418e-01   6.4958680e+00  -1.4172264e-03  -1.0861135e-03  -2.4358411e-04
   1.2683229e-01   8.5353650e-01   6.5212663e+00  -2.9442786e-04  -1.5813445e-03  -4.9997096e-04
   1.4826959e-01   8.3140293e-01   6.5426181e+00   4.0312359e-05  -7.2545882e-04  -9.1499674e-04
   1.1528815e-01   8.3684632e-01   6.5074421e+00  -8.2233376e-04  -1.0619221e-03  -3.2397146e-04
   1.0000856e-01   8.4024686e-01   6.5298273e+00  -8.1403551e-04  -1.1792469e-03   7.8348274e-04
   1.4588434e-01   8.4408488e-01   6.5639959e+00  -6.7254112e-04  -9.8741900e-04  -5.0065847e-04
   1.2991241e-01   8.4677259e-01   6.5881044e+00  -3.4529574e-04  -1.5853801e-03  -3.5741720e-04
   1.4398949e-01   8.4485622e-01   6.6148002e+00  -5.6980115e-04  -1.3322863e-03   1.6427145e-04
   1.6766794e-01   8.6432603e-01   6.6257135e+00  -3.7768011e-04  -1.2859990e-03  -2.6255549e-05
   1.6355400e-01   8.2504056e-01   6.6405204e+00  -1.6407905e-04  -1.8464205e-03   1.6163432e-05
   1.8609472e-01   8.5165970e-01   6.7012615e+00   6.7445620e-04  -1.6752700e-03  -1.1489784e-03
   1.7089910e-01   8.1879894e-01   6.6881019e+00  -2.3280687e-05  -1.3890653e-03   2.9954247e-04
   1.5813805e-01   8.6577122e-01   6.6877121e+00   5.3380019e-05  -1.9666504e-03  -8.6750624e-04
   1.6039465e-01   8.5875668e-01   6.6776846e+00   6.4756575e-05  -1.6016068e-03  -7.4015970e-04
   1.3152847e-01   8.5618603e-01   6.6657220e+00   1.2240330e-04  -1.0967917e-03   2.6692306e-04
   1.5695292e-01   8.6190255e-01   6.6678652e+00  -3.6142247e-04  -1.8731895e-03  -9.1729086e-04
   2.0320175e-01   8.4675346e-01   6.6634563e+00  -1.4226116e-03  -8.0835384e-04  -9.1104879e-04
   1.2663480e-01   8.4355154e-01   6.7267089e+00  -2.7630479e-04  -1.4748216e-03   4.6536226e-04
   1.8833535e-01   8.3962916e-01   6.7621717e+00  -1.4274564e-05  -1.4106244e-03  -6.6517364e-04
   1.5724570e-01   8.6434256e-01   6.7325970e+00  -5.3710816e-04  -2.1485645e-03  -4.1479438e-04
   1.3910503e-01   8.9891043e-01   6.7634167e+00   3.6501064e-04  -1.7936275e-03  -1.4865677e-04
   8.5834800e-02   8.8508370e-01   6.7262104e+00  -4.5953491e-04  -1.7246567e-03   2.8012868e-04
   1.2186786e-01   8.9487431e-01   6.7092940e+00  -4.6639751e-04  -1.2992190e-03  -3.1051807e-04
   1.4123332e-01   8.4126364e-01   6.7319770e+00   1.0251962e-05  -1.8105356e-03  -6.6328631e-04
   1.3581132e-01   8.4758420e-01   6.7438571e+00  -8.1031955e-04  -7.8331045e-04  -7.7857580e-04
   1.2684937e-01   8.7414388e-01   6.7594692e+00   1.6398238e-04  -1.4839875e-03  -6.1335528e-04
   1.0908045e-01   8.8914496e-01   6.7940577e+00   7.0684528e-04  -2.1515284e-03  -5.7684611e-04
   1.3840220e-01   8.4724110e-01   6.7611728e+00  -1.0909377e-03  -2.1221716e-03  -3.3387760e-04
   1.6401895e-01   8.7313660e-01   6.8304752e+00   5.7353073e-04  -1.7927330e-03  -1.1763026e-03
   1.3514883e-01   8.6033898e-01   6.8386639e+00   7.6647716e-05  -1.4196243e-03  -4.0847050e-05
   1.4992752e-01   8.7766984e-01   6.8836056e+00   9.1028877e-04  -2.0846564e-03   6.8683914e-05
   1.5339765e-01   8.6675614e-01   6.8677600e+00   1.8926209e-05  -1.9478966e-03  -3.5392864e-04
   1.6868077e-01   8.6972394e-01   6.8417312e+00  -3.8371130e-04  -1.1547918e-03  -1.2949679e-04
   1.5172884e-01   8.6540265e-01   6.8364705e+00  -4.1922745e-04  -1.2609205e-03  -1.1982903e-04
   1.0596772e-01   8.7622341e-01   6.8209051e+00  -1.2882029e-03  -1.6469732e-03   4.0697114e-04
   1.2600331e-01   8.9255803e-01   6.8217204e+00  -9.9678204e-04  -1.7014593e-03  -3.4381527e-04
   1.0596347e-01   8.9465536e-01   6.8540398e+00   2.7258852e-04  -1.3092100e-03   8.4836964e-04
   1.1998780e-01   8.8349921e-01   6.8823050e+00  -3.7438550e-04  -2.1808650e-03   1.9643873e-04
   1.4525201e-01   8.7603334e-01   6.8808178e+00  -6.9531837e-04  -1.5585509e-03   2.8776649e-04
   1.6825757e-01   8.8926359e-01   6.8796033e+00  -1.7102614e-03  -8.2224006e-04  -1.3999666e-04
   1.2534014e-01   8.7824688e-01   6.8712410e+00  -1.3252740e-03  -1.1171715e-03   6.5292849e-04
   1.3198321e-01   8.8373948e-01   6.8793769e+00  -9.8939376e-04  -1.5475950e-03  -6.1894452e-04
   1.0465518e-01   8.8281028e-01   6.9285575e+00   4.8079049e-04  -1.7994746e-03   2.1035941e-04
   1.3025002e-01   8.8873265e-01   6.8824620e+00  -1.0108382e-03  -1.1321862e-03  -9.7172192e-05
   1.0410913e-01   8.5847293e-01   6.8908929e+00  -5.7835190e-04  -1.7437182e-03  -2.6850053e-04
   1.5939031e-01   9.0175372e-01   6.9362035e+00  -4.2462494e-04  -7.0194280e-04  -4.5182057e-04
   1.5048809e-01   8.8779946e-01   6.9504265e+00  -6.2736734e-04  -1.6000545e-03  -7.5122197e-04
   1.6800166e-01   8.9575788e-01   6.9639252e+00  -3.5648227e-04  -9.3469845e-04  -2.9063017e-04
   1.5346282e-01   9.2694885e-01   6.9744077e+00   4.8763534e-05  -9.4376183e-04  -2.4847129e-04
   1.0637173e-01   8.5748119e-01   6.9287888e+00  -1.0771452e-03  -1.2610936e-03  -2.1042432e-04
   1.4391575e-01   8.7303043e-01   6.9603904e+00  -1.0403086e-03  -1.7103131e-03  -1.1320366e-03
   1.4623716e-01   8.7044963e-01   6.9819254e+00  -3.3035884e-04  -1.8111345e-03  -1.1421518e-04
   1.4703086e-01   8.1526816e-01   6.9969958e+00  -1.6040392e-03  -2.3389998e-03  -1.0904581e-04
   1.5217023e-01   9.2307215e-01   7.0425881e+00  -2.6722592e-04  -1.2676833e-03   1.5296230e-04
   1.3256247e-01   8.9004430e-01   7.0400181e+00  -6.4247035e-04  -3.0290228e-03  -1.7850533e-04
   1.3966937e-01   8.8397651e-01   7.0139759e+00  -1.3054155e-03  -2.1605784e-03  -4.9517041e-05
   1.7743973e-01   8.8159460e-01   7.0819974e+00  -1.9732794e-04  -1.2548041e-03  -1.7310761e-04
   1.7124300e-01   9.1782396e-01   7.0712003e+00   1.2308976e-04  -1.4714988e-03  -9.0508779e-04
   1.4422088e-01   8.9044743e-01   7.1064539e+00   1.6300737e-04  -1.3321400e-03   2.9094109e-04
   1.4746529e-01   8.7422617e-01   7.0749163e+00  -1.8648738e-04  -2.2473956e-03  -3.9874554e-04
   1.6396743e-01   8.6059777e-01   7.1230937e+00   4.9576135e-05  -6.8657483e-04   3.1473096e-04
   2.0678813e-01   8.6431048e-01   7.1111231e+00  -2.5494342e-04  -1.0745131e-03  -8.8745795e-04
   1.9291609e-01   9.1534493e-01   7.1073348e+00  -9.1498199e-04  -1.5295692e-03  -7.0469555e-04
   1.2117101e-01   9.0840505e-01   7.1187100e+00  -8.5844702e-04  -2.4575476e-03  -1.7836825e-04
   1.5937397e-01   8.9972735e-01   7.0993513e+00  -6.8878112e-04  -1.8517322e-03  -1.5296166e-03
   1.5733252e-01   9.0228821e-01   7.1091027e+00  -1.1461610e-03  -1.0156545e-03  -3.1690378e-04
   1.6666462e-01   9.2046580e-01   7.1556327e+00  -1.0081948e-04  -1.0358558e-03  -1.5422525e-04
   1.8728270e-01   9.1350490e-01   7.1551623e+00  -5.4187912e-04  -1.4881888e-03  -6.6904897e-04
   1.5546076e-01   8.6233591e-01   7.1677258e+00  -7.3991435e-04  -1.6800123e-03   3.5518152e-04
   1.6180050e-01   8.9459987e-01   7.2037342e+00  -4.5126029e-04  -2.2299387e-03  -2.9692837e-04
   1.5745100e-01   8.8453145e-01   7.1978310e+00  -4.9190124e-04  -1.9525585e-03   2.5181257e-04
   1.5857922e-01   8.8469729e-01   7.2306393e+00   2.6086078e-04  -1.8761578e-03   1.8022595e-04
   1.6771936e-01   9.1129832e-01   7.2107809e+00  -6.8882173e-04  -1.5113348e-03  -9.1727349e-04
   1.4056448e-01   8.9833750e-01   7.1765880e+00  -6.4758113e-04  -1.3136027e-03  -1.5919603e-04
   1.3100260e-01   8.9464797e-01   7.1938267e+00  -9.6899776e-04  -1.5371076e-03  -7.6681614e-05
   1.6039909e-01   9.2521147e-01   7.2208541e+00  -8.4437468e-04  -1.2778142e-03  -6.2955516e-04
   1.4050933e-01   9.0847018e-01   7.2404185e+00  -7.9139017e-04  -1.0756516e-03   6.6893652e-04
   1.2522813e-01   9.0253752e-01   7.2269578e+00  -8.1445288e-04  -1.4794710e-03  -2.6851288e-04
   1.0151389e-01   8.7635926e-01   7.2213341e+00  -1.4779992e-03  -2.0126523e-03  -3.9497575e-04
   1.1915403e-01   8.9082038e-01   7.2246312e+00  -1.4028243e-03  -2.1249927e-03   6.6492489e-04
   1.2732915e-01   8.9882190e-01   7.2509412e+00  -1.3158394e-03  -1.5250305e-03  -2.0334265e-04
   1.4312124e-01   8.9781794e-01   7.2931300e+00  -4.2970696e-04  -1.8383121e-03  -2.9731454e-04
   1.2207832e-01   9.0723887e-01   7.2484886e+00  -1.0908091e-03  -1.6001326e-03   4.5149192e-05
   1.5200295e-01   9.5677955e-01   7.2886631e+00  -9.9538855e-04  -2.7821175e-03  -6.4069090e-04
   1.4849308e-01   9.2135808e-01   7.2957015e+00  -8.6817970e-04  -2.1928837e-03  -2.6697202e-04
   1.2977997e-01   8.5886013e-01   7.2905142e+00  -1.2840314e-03  -2.3329567e-03  -2.5180702e-04
   1.3577258e-01   9.2065886e-01   7.3215683e+00  -7.8851579e-04  -2.3251754e-03  -6.8975041e-04
   1.6089512e-01   9.0676671e-01   7.2875133e+00  -1.0149832e-03  -1.9024076e-03  -1.1777053e-03
