   0.0000000e+00   0.0000000e+00   0.0000000e+00   0.0000000e+00   0.0000000e+00   0.0000000e+00
  -2.7509979e-03  -3.3238428e-03  -3.9789635e-02  -1.1360823e-04  -7.7611161e-04   3.8830261e-05
  -1.2382656e-02  -4.7437588e-04  -1.5361976e-02   5.0247328e-04   2.8787916e-04   1.3253461e-04
   1.1992815e-04   3.8346400e-03   1.6263323e-03  -3.3754272e-04  -6.3059721e-04   1.0638758e-04
  -1.9381999e-02   1.1759513e-02  -1.4496664e-02  -3.3099966e-04  -8.2075726e-04   6.9763529e-05
  -3.0571751e-02  -2.0870959e-03  -4.7658484e-02   8.2218506e-04  -1.2083186e-03   5.6196716e-04
  -2.1421083e-02   2.1332380e-02   2.0560627e-02   1.7778169e-03  -7.5753587e-04   2.3372544e-05
  -1.7841921e-02   1.0612064e-02  -2.3584052e-02   1.7000212e-04  -1.3645823e-03  -4.1458961e-04
  -2.9963350e-02   9.8090232e-03   1.0401671e-02  -1.1138560e-03  -1.4415364e-03   2.5447566e-05
  -2.4630968e-02   1.9406934e-02  -5.3530274e-02  -3.6818036e-04  -6.8847424e-04   6.1694997e-04
  -1.1857575e-02   1.2941067e-02  -3.7491708e-03   4.7422382e-04  -9.0424519e-04  -2.7900856e-04
  -1.1626064e-02   3.9294125e-02  -2.1845283e-02   5.1492417e-04  -1.7053633e-03  -2.3485260e-04
  -3.6231150e-02  -1.3072401e-03  -4.3717218e-02   1.1275312e-03  -1.2588232e-03   4.5032396e-04
  -2.8688899e-02  -2.4431971e-03  -2.8084603e-02   8.1767822e-05  -1.3955201e-03   4.0647321e-05
  -1.4646145e-02   1.7257177e-02  -8.8308001e-02   4.6914115e-04  -9.2053706e-04  -3.9760604e-04
  -1.1252042e-02  -2.3693489e-03  -1.0863318e-01   5.0334282e-04  -1.1673907e-03  -3.3038802e-04
  -5.1278692e-03  -9.7045263e-03  -7.9589686e-02   9.6732163e-04  -1.2415151e-03  -2.2275177e-04
  -2.9009158e-02  -3.5257782e-02  -1.3119432e-01   7.9901778e-05  -1.3700568e-03   5.8476089e-06
  -1.8359429e-02  -1.8958201e-02  -7.2014679e-02   6.2816716e-04  -1.4121576e-03  -3.7735139e-04
  -1.3235910e-02  -1.8569071e-02  -1.1731037e-01  -2.4618479e-04  -1.3505802e-03   6.9496443e-05
  -4.2954768e-02  -5.0100815e-02  -8.9271140e-02   2.5348800e-05  -7.1481661e-04   5.1233245e-04
  -3.4554849e-02  -4.3185920e-03  -1.0654343e-01   1.4402222e-03  -1.2462999e-03   4.9874784e-04
  -2.5389788e-02   7.0892093e-03  -1.4801593e-01   6.7684663e-04  -1.2790334e-03  -2.5039998e-05
  -3.3723675e-02  -1.2353902e-03  -7.6591447e-02   2.3843109e-03  -5.5217617e-04   2.1077059e-04
  -2.1576071e-02   4.6557980e-04  -1.4298059e-01   6.7099466e-04  -1.0937055e-03   8.4691213e-05
  -2.1110456e-02  -1.1760499e-02  -7.1896602e-02   1.5769085e-03  -6.8237129e-04   3.9430528e-04
  -3.3373341e-02  -9.8335846e-03  -8.2815688e-03   2.2443003e-03   7.7149829e-06   1.5723000e-04
  -2.7056972e-02  -1.6101344e-02  -1.7563928e-01   5.8984484e-05  -1.4266010e-03   3.7368328e-04
  -4.4278221e-02  -1.9641743e-02  -1.1308519e-01   1.6191114e-03  -1.1404743e-03   3.8731519e-04
  -3.1901243e-02   4.7445001e-03  -9.5791114e-02   2.0425433e-03  -7.3588672e-04   3.8964162e-04
  -3.8786679e-02   1.4321079e-02  -2.1639054e-02   2.8171226e-03  -6.0527331e-04   2.7981444e-04
  -3.5093947e-02  -7.6438600e-04  -9.0566552e-02   1.7497320e-03  -7.5797746e-04  -1.9843584e-05
  -4.6288608e-02  -2.7816059e-02  -6.5089010e-02   1.4446432e-03  -1.4279906e-03  -1.0790792e-04
  -2.4753553e-02   2.1479421e-03  -8.1228251e-02   1.1510804e-03  -4.4828835e-04  -5.4317736e-05
  -4.3701555e-02  -5.1615987e-02  -4.6096241e-02   1.1532628e-03  -8.2478778e-04   3.2734675e-04
  -5.9341828e-02   1.3657151e-03  -4.2923056e-03   2.4210518e-03  -1.0917523e-03   5.2469372e-04
  -2.1928461e-02  -1.4150052e-02  -1.0032355e-01  -1.9166311e-04  -1.3228346e-03   3.7805117e-05
  -5.4379983e-02   8.2689476e-03  -9.3425020e-02   1.1754160e-03  -1.2307407e-03   6.5524731e-04
  -4.8323626e-02   9.1962297e-03  -9.3269973e-02   1.7296150e-03  -6.7797436e-04   5.5092717e-05
  -5.1276581e-02  -3.7342747e-03  -6.3282158e-02   2.3735136e-03  -9.4638700e-04   3.2996116e-04
  -5.4920564e-02  -1.7374293e-02  -9.6853332e-02   8.4012027e-04  -9.5548035e-04   1.8597679e-04
  -5.6575862e-02  -4.3282515e-02  -4.1788289e-02   2.1110931e-03  -5.1274058e-04   5.4252375e-05
  -3.3720317e-02  -9.2475567e-03  -9.0174513e-02   2.0925558e-03  -9.4575843e-04   3.6281900e-04
  -6.4846972e-02  -1.9483050e-02  -1.0410683e-01   1.1180234e-03  -1.0618291e-03   7.7001397e-04
  -5.7894567e-02  -3.3718513e-02  -2.8928791e-04   1.1740494e-03  -9.5504633e-04   5.9074801e-04
  -5.1496908e-02  -1.8824128e-02  -5.1497056e-02   1.1572416e-03  -9.3798482e-04   7.6465908e-05
  -5.3101866e-02  -3.6223430e-02  -2.0669693e-02   1.8440099e-03  -1.0668547e-03   3.0522278e-04
  -5.7676993e-02  -2.2074863e-02  -3.1564559e-02   1.5972815e-03  -1.2338769e-03   5.0712117e-05
  -6.9002770e-02   2.5000086e-03  -3.8691740e-02   1.1899065e-03  -2.1176961e-03   4.6315369e-04
  -5.3254100e-02  -1.3699578e-02  -3.1594389e-02   1.5518599e-03  -9.8447415e-04   7.1139102e-05
  -5.2056190e-02   9.5833944e-04  -4.4769969e-02   1.2888307e-03  -6.1556098e-04   1.6271270e-04
  -4.1520417e-02  -1.6541402e-02  -1.2579837e-01  -3.3318800e-05  -1.2614944e-03  -5.0755283e-05
  -6.7349509e-02  -1.0444724e-02  -6.5526735e-02   2.2009129e-03  -9.0767754e-04   5.4813319e-04
  -6.5850126e-02  -7.7064715e-03  -4.5971029e-02   1.3558376e-03  -1.5240986e-03   3.1840704e-04
  -6.2036036e-02  -1.5960232e-03  -4.9191844e-02   1.0746330e-03  -5.6365345e-04   5.2851528e-04
  -7.6597255e-02  -6.5670394e-02  -1.3493014e-01   6.5322728e-04  -1.0551772e-03   5.7660208e-04
  -3.8167618e-02  -7.1023160e-03  -2.4011239e-02   2.8417953e-03  -3.5653753e-04  -3.6433487e-04
  -6.8531649e-02  -8.9971223e-03  -4.0871365e-02   1.4514417e-03  -1.0149957e-03   7.8607358e-04
  -4.5452347e-02   1.5833916e-03  -7.7662151e-02   1.1906469e-03  -1.4935499e-03   7.0716268e-05
  -6.1902214e-02  -7.0152282e-03  -4.4665165e-02   1.6158860e-03  -1.6320982e-03   4.6239849e-05
  -5.0095535e-02  -1.8699100e-02  -6.8017028e-02   1.7919752e-03  -1.2025656e-03  -9.0098034e-05
  -5.9170441e-02   5.6812987e-03  -4.2125472e-02   1.6196053e-03  -1.1761776e-03   3.9500835e-05
  -5.4405430e-02  -1.2902184e-03  -7.7348835e-02   1.5649888e-03  -1.1184203e-03   3.7377188e-04
  -6.4196390e-02  -1.5575470e-02  -1.4943621e-02   2.5221584e-03  -6.8930454e-04  -1.2286285e-05
  -4.7952823e-02   1.7548570e-03  -8.4431503e-02   1.4259652e-03  -4.1054454e-04   1.1633642e-04
  -6.4073599e-02  -1.0082506e-02  -5.7061001e-02   2.7159248e-03  -8.6825921e-04  -6.7316342e-05
  -6.8586970e-02  -1.2442591e-02  -5.2405237e-02   1.7811273e-03  -9.6991806e-04   1.9735707e-04
  -5.8404032e-02  -2.9360772e-02  -2.0969739e-02   1.4380933e-03  -3.2405186e-04   1.6332874e-04
  -6.8017598e-02  -1.1685923e-02  -2.9699398e-02   1.5687344e-03  -1.4533617e-03   3.4797708e-04
  -5.9188623e-02  -1.5537973e-02  -2.0839262e-02   1.9913302e-03  -1.4596123e-03  -1.4934610e-04
  -7.9462070e-02   8.2448441e-03  -5.8876704e-03   2.1905046e-03  -1.4670279e-03   2.9683664e-04
  -6.1800115e-02  -1.2150124e-02  -5.0209426e-02   1.2577485e-03  -1.4037099e-03  -5.1903311e-04
  -7.1035591e-02   9.2320362e-03  -2.2316945e-02   1.8782956e-03  -1.3807119e-03   5.4638509e-05
  -6.6041775e-02  -6.8527030e-03  -1.5933704e-02   2.0402621e-03  -1.2302190e-03   1.7399167e-04
  -4.9913459e-02   2.5401280e-02  -7.9666688e-03   2.1679212e-03  -1.3748411e-03  -4.4167959e-04
  -6.5999452e-02  -1.8730322e-02  -1.3545202e-02   1.8339210e-03  -1.6903410e-03  -3.1344275e-04
  -7.3104824e-02   1.5307205e-02   6.0707578e-03   2.1434144e-03  -1.0840198e-03  -3.1604790e-05
  -8.4825101e-02  -3.7816936e-02   7.0535773e-02   3.3184913e-03  -1.4609728e-03   2.4641608e-04
  -6.9206744e-02   7.7455888e-03   9.8951120e-03   1.8779720e-03  -8.1437882e-04  -4.4631505e-05
  -7.3182557e-02  -3.2551556e-02  -2.7691757e-03   1.5898594e-03  -1.3073667e-03   9.9584792e-05
  -7.9238362e-02   1.0766039e-02   5.9638841e-03   2.3276646e-03  -1.2633410e-03   7.9996616e-05
  -6.8127912e-02  -1.5598952e-02   7.4675317e-02   2.6842460e-03  -8.0824161e-04  -2.4287062e-04
  -7.9729552e-02  -1.1840683e-02   9.7202921e-03   3.4397534e-03  -2.8871824e-04   3.1501385e-04
  -5.5620733e-02  -2.1838726e-02  -4.5755179e-02   7.7676700e-04  -6.6122041e-04  -4.7458870e-04
  -8.5270925e-02  -1.8452773e-02   1.3574776e-02   2.3773321e-03  -6.7775668e-04   3.6362224e-04
  -1.0254730e-01   2.6474046e-02   3.4283527e-02   2.8068228e-03  -6.7776960e-04   5.8817453e-04
  -7.9829213e-02   1.0414833e-02   6.4650097e-02   3.9077476e-03  -2.8227960e-04  -1.4831633e-04
  -7.0423831e-02   5.3907052e-03  -9.8796353e-03   2.5163328e-03  -4.3092791e-04  -2.5876678e-04
  -7.9306746e-02   1.2930544e-02   2.0820816e-02   3.0986513e-03  -8.8089991e-04  -1.0985036e-04
  -8.2272557e-02   2.4219676e-02   2.2704695e-02   2.8847220e-03  -5.1564226e-04   2.1179566e-04
  -6.2466637e-02  -1.4025390e-02   7.9158484e-02   3.3989369e-03  -2.5576550e-04  -9.9156241e-05
  -8.9230146e-02  -2.1301627e-02   5.7502039e-02   2.3778807e-03  -6.1803410e-04   6.8829954e-05
  -8.1596740e-02  -1.8569448e-02   6.3803231e-02   1.7207684e-03   6.0271467e-04   2.9915624e-04
  -6.8642801e-02   1.7901606e-02   1.0822133e-01   1.8417384e-03  -4.1297754e-04  -2.3879947e-04
  -7.3594184e-02  -3.7730838e-03   9.7230172e-02   2.4127523e-03  -5.2693628e-04   3.0340458e-04
  -9.4874089e-02   2.2654489e-02   1.0869704e-01   2.8950319e-03  -7.9196707e-04   5.2899452e-04
  -6.9134202e-02   2.5192001e-02   8.3116872e-02   2.1794050e-03  -2.5403184e-04  -2.0612328e-04
  -7.0935498e-02   4.1683889e-03   9.1518314e-02   3.2534091e-03  -2.0606057e-04  -4.8435662e-04
  -8.4204699e-02   1.2428306e-03   9.2906798e-02   2.6407890e-03  -4.0189853e-04   3.6650775e-04
  -8.4873329e-02   1.0535101e-02   1.2232191e-01   2.4842806e-03  -5.5529167e-04   5.8017579e-05
  -7.2159209e-02   4.2264639e-02   1.0329930e-01   2.6786693e-03  -4.7943743e-04  -1.8124892e-04
  -6.7654750e-02   1.5293354e-02   1.4399873e-01   8.6977515e-04   3.0383323e-04  -3.3378969e-04
  -8.5402865e-02  -9.7721314e-03   1.3860708e-01   2.8716395e-03  -4.7389842e-04   3.1883086e-04
  -9.0702905e-02   2.7604294e-02   1.6068772e-01   3.3257490e-03  -4.4449073e-04   5.4324754e-04
  -9.1860512e-02   3.0634456e-02   1.3799054e-01   2.6443880e-03  -6.2274591e-04   2.9545308e-04
  -8.3813476e-02   4.1503651e-02   7.7954257e-02   1.4691790e-03   1.5679907e-04   1.8167080e-04
  -6.7623887e-02   3.6322593e-02   9.6183615e-02   1.5692029e-03  -8.6856675e-04   9.0039794e-05
  -8.9082384e-02   1.9862467e-02   9.2257702e-02   1.8725530e-03  -4.9895337e-04   6.3539938e-05
  -6.7367391e-02   7.9087219e-03   1.4905450e-01   3.1811935e-03  -4.2116779e-04  -2.1468664e-04
  -7.7340173e-02   4.2366502e-02   1.4684253e-01   2.5230911e-03  -6.1985294e-04   2.8058188e-04
  -8.1365702e-02   2.2726261e-02   1.4996505e-01   1.6648762e-03  -4.0185360e-04   1.4244419e-04
  -9.4550295e-02   1.1638060e-02   1.5266020e-01   2.6269567e-03  -5.3316369e-04   2.7217381e-04
  -8.1500895e-02   2.4845882e-02   1.5416266e-01   2.9360721e-03  -4.5963525e-04  -6.3149418e-05
  -7.3495748e-02   7.2814167e-02   9.5498491e-02   2.6817818e-03  -4.2882531e-04   8.1178640e-05
  -9.0580611e-02   3.7433962e-02   1.0675727e-01   2.7558320e-03  -3.7304392e-04   5.9739817e-04
  -7.9558883e-02   5.1671041e-02   1.3507295e-01   3.3871217e-03  -6.3330772e-04   6.5405453e-05
  -7.2710274e-02   5.2761129e-02   1.2460343e-01   2.3589503e-03  -2.3101596e-04   2.4003008e-04
  -8.0576036e-02   3.7121074e-02   1.4883711e-01   2.6514439e-03  -6.4404500e-04  -2.7005576e-05
  -8.5467183e-02   3.2608365e-02   1.4872560e-01   2.0980150e-03  -8.6246491e-04   3.6629714e-05
  -1.0363238e-01   1.6495957e-02   1.5835015e-01   3.0197954e-03  -6.0869841e-04   8.6800707e-04
  -6.8815986e-02   4.4706913e-02   1.7122645e-01   3.2819351e-03  -1.1022833e-04   2.3445825e-04
  -6.5375465e-02   2.9210282e-02   1.7903219e-01   2.9351967e-03  -5.0853856e-04  -2.1343665e-04
  -5.5025719e-02   6.9570350e-02   2.1941575e-01   3.4189452e-03  -4.7710316e-04  -1.7117739e-04
  -5.9548330e-02   4.1151998e-02   2.1892414e-01   2.4182808e-03   1.7533110e-05  -1.5993483e-04
  -7.1792822e-02   3.2866088e-02   1.5240406e-01   2.2914005e-03  -5.6307238e-04  -4.1153276e-04
  -4.8337399e-02   8.0072388e-02   2.5230463e-01   3.0304755e-03   3.8713404e-04  -4.3201423e-04
  -8.6059416e-02   9.4302903e-02   2.2633616e-01   2.2791950e-03  -4.0932420e-04   1.1592618e-04
  -7.6888958e-02   5.8833181e-02   2.2935283e-01   2.7912740e-03  -9.5385057e-04  -1.7593373e-04
  -8.5315951e-02   4.6331438e-02   2.9270423e-01   2.5551434e-03  -5.3438038e-04   2.4134008e-05
  -7.6774059e-02   6.4674436e-02   3.0308763e-01   3.6577761e-03  -8.0412721e-04  -1.1184454e-05
  -7.8390344e-02   6.1344968e-02   2.9619919e-01   3.1293234e-03  -1.4371998e-04  -2.9016936e-05
  -8.6346517e-02   8.4792733e-02   2.9586377e-01   1.9608078e-03  -2.6963529e-04  -2.5990229e-04
  -5.8525279e-02   8.1796068e-02   4.2019517e-01   3.6785720e-03   3.8957303e-04   7.3720072e-04
  -4.8907744e-02   4.8955039e-02   2.3330215e-01   3.4262532e-03   9.4580999e-04   6.8814091e-04
  -8.8193671e-02   2.0707625e-02   3.1654528e-01   4.0703005e-03   9.8376684e-04   1.1060465e-03
  -7.2277906e-02   5.6269055e-02   3.3008049e-01   2.8304958e-03   1.0387670e-03   1.0040764e-03
  -7.7999778e-02   7.3494365e-02   3.6325076e-01   4.0925824e-03   4.5569735e-04   1.2067414e-04
  -8.2382402e-02   7.1774225e-02   3.4452449e-01   3.2610632e-03   6.6599678e-04   5.1953026e-04
  -9.2564439e-02   8.3987828e-02   3.3113789e-01   3.1778356e-03   1.1180823e-03   8.5738428e-04
  -8.1015451e-02   5.9365422e-02   3.3393578e-01   2.4459987e-03   5.4587413e-05   3.4786276e-04
  -8.9914590e-02   3.8117327e-01   3.9244308e-01   3.8772650e-03   2.7983839e-04   8.9770036e-04
  -7.9983034e-02   7.5687106e-02   3.8198390e-01   2.6209041e-03   2.7274007e-04   5.4154091e-04
  -7.1219584e-02   9.1842100e-02   3.6327427e-01   2.6628560e-03  -2.4737600e-04  -4.6224649e-05
  -7.0087341e-02   9.9662661e-02   3.6534209e-01   1.5677699e-03  -3.4371653e-04   1.7081288e-04
  -6.5488174e-02   4.6854037e-02   4.0151623e-01   1.2148739e-03  -3.2764570e-04  -7.6396054e-04
  -9.4970643e-02   1.0810518e-01   3.9889113e-01   1.2038339e-03  -1.0420514e-03   1.5287508e-04
  -7.1968194e-02   1.0611251e-01   3.9115536e-01   1.3891168e-03  -4.9873715e-04  -5.0874023e-04
  -9.6357038e-02   1.2655659e-01   4.7446080e-01   3.0352993e-03  -7.9325727e-04   2.3887778e-04
  -9.2096710e-02   1.1754878e-01   4.3030234e-01   1.8979166e-03  -7.7503969e-04   2.2978671e-04
  -9.7775933e-02   1.1878164e-01   4.3403607e-01   2.4195155e-03  -1.5355464e-03   3.2879917e-05
  -6.5451012e-02   1.2809115e-01   4.4108416e-01   2.3984288e-03  -1.5481197e-03  -4.2979802e-04
  -7.2350783e-02   1.1883523e-01   4.6388886e-01   2.5637603e-03  -1.4769837e-03  -3.9907237e-04
  -9.5831901e-02   1.1622646e-01   4.5591910e-01   1.5972060e-03  -1.4226236e-03  -2.5918054e-05
  -7.9698601e-02   1.1756438e-01   4.3655445e-01   2.2915662e-03  -1.4952044e-03   1.1520255e-04
  -9.6391759e-02   1.0458128e-01   4.5138669e-01   3.2085595e-03  -1.3499897e-03  -1.9554842e-04
  -9.7873847e-02   1.4278218e-01   5.3391434e-01   4.1649517e-03  -1.3632207e-03   6.4436309e-06
  -8.9407163e-02   8.5837275e-02   5.0470163e-01   1.8871436e-03  -1.4750987e-03  -6.1210351e-05
  -8.5965194e-02   1.1463705e-01   4.7629544e-01   1.1485993e-03  -1.7050055e-03  -1.4278590e-04
  -1.0972270e-01   1.1537354e-01   4.9788197e-01   2.1958545e-03  -1.0725976e-03   7.0887493e-04
  -7.5297714e-02   1.2051856e-01   5.0747190e-01   2.2696919e-03  -4.2385712e-04   2.8908506e-04
  -7.4605129e-02   1.3651491e-01   4.9806378e-01   2.3988120e-03  -1.0614919e-03  -9.2235959e-06
  -7.3817169e-02   1.3543158e-01   5.1295254e-01   2.8514757e-03  -7.4916336e-04   7.9171217e-05
  -7.1970547e-02   7.2115078e-02   5.3657256e-01   1.1460800e-03  -6.0670097e-04   7.0843922e-05
  -1.0734810e-01   1.0885130e-01   5.4146867e-01   2.5740493e-03  -8.1850564e-04   3.3882554e-04
  -7.7884057e-02   1.7727073e-01   5.7430904e-01   3.6239735e-03  -9.0812580e-04  -3.2506429e-04
  -7.8177911e-02   1.6602304e-01   6.0007877e-01   3.8455744e-03  -6.3805921e-04  -1.6105657e-04
  -1.0061458e-01   1.4078573e-01   5.3551261e-01   2.5077210e-03  -6.9564564e-04   2.6774162e-04
  -8.0439225e-02   1.2029625e-01   5.8832058e-01   3.0444406e-03  -1.0484094e-03  -2.9186905e-04
  -9.8017614e-02   1.1600378e-01   6.2776800e-01   1.5224542e-03  -9.7203720e-04  -1.2382941e-04
  -1.0605033e-01   1.2109288e-01   5.6494551e-01   1.5552994e-03  -1.3351524e-03   3.4601644e-04
  -8.9309572e-02   1.2327479e-01   6.9159808e-01   2.7239148e-03  -6.8730839e-04  -1.5843027e-04
  -1.0536287e-01   1.2637463e-01   6.1556085e-01   1.7250355e-03  -6.8427101e-04   6.1258611e-04
  -1.2205359e-01   9.0242799e-02   7.0226523e-01   2.9320535e-03  -5.9121735e-04   3.6123234e-04
  -9.5686978e-02   1.2310157e-01   6.8381923e-01   2.3166259e-03  -9.5357208e-04  -1.7450774e-04
  -1.1253849e-01   1.3279047e-01   6.3973168e-01   2.0462314e-03  -8.1246304e-04   7.1280737e-04
  -8.8113520e-02   1.4287427e-01   6.8379944e-01   3.1053547e-03  -7.6328311e-04  -7.3093708e-05
  -9.1378033e-02   1.6485554e-01   7.0472080e-01   3.1360432e-03  -4.4312773e-04   2.3994383e-04
  -7.8809469e-02   1.3012215e-01   6.0323623e-01   5.0683468e-04  -1.3910577e-03  -1.0297382e-04
  -8.6408543e-02   1.4083617e-01   6.0170592e-01   1.4228627e-03  -9.7115807e-04  -1.6039407e-04
  -1.0017934e-01   1.4690738e-01   6.3929472e-01   2.4157666e-03  -1.2444868e-03   1.6994484e-04
  -9.9531196e-02   1.6118592e-01   6.3459063e-01   2.8565166e-03  -1.2538983e-03   1.2268089e-04
  -8.9043754e-02   1.7079577e-01   6.4485219e-01   3.1449529e-03  -1.0733132e-03  -1.1629897e-04
  -9.3215958e-02   1.6121520e-01   6.3258740e-01   6.4561808e-04  -1.1733766e-03  -1.5293311e-04
  -9.5772798e-02   1.3576347e-01   6.3495412e-01   1.8188256e-03  -1.1498608e-03   2.4702806e-04
  -1.0153046e-01   1.5066484e-01   6.9934010e-01   3.1445672e-03  -1.4587310e-03   1.5384404e-05
  -8.2900375e-02   1.3057257e-01   6.8935786e-01   2.7252496e-03  -8.4320173e-04  -2.5424071e-04
  -7.8723315e-02  -1.0691396e-01   1.0463177e+00   1.3866254e-02  -2.3355744e-03  -8.5388258e-04
  -8.5082895e-02   1.6938621e-01   6.8101657e-01   2.0071375e-03  -8.9260893e-04   1.4377936e-04
  -7.3015710e-02   1.6117620e-01   7.6643141e-01   3.3066345e-03   3.7235837e-04  -3.2805614e-05
  -7.5145398e-02   1.2721679e-01   6.7884260e-01   2.5880138e-03  -1.9781506e-05   5.8494819e-05
  -7.9631425e-02   1.3702253e-01   6.9089569e-01   3.3084233e-03  -6.8467122e-04  -2.1140532e-05
  -7.9467499e-02   1.4247516e-01   7.5161667e-01   4.2427393e-03  -3.6509912e-06  -2.3107440e-05
  -8.1987865e-02   1.7794720e-01   7.2519113e-01   3.3965264e-03   2.2110263e-04   9.5117612e-05
  -9.1913512e-02   1.5040899e-01   8.1401239e-01   3.9147281e-03  -3.9896239e-04   4.9197111e-04
  -1.0025763e-01   1.1247820e-01   7.7544986e-01   4.0422631e-03  -1.5545767e-04   5.8901382e-04
  -6.4222473e-02   1.5341781e-01   8.0540549e-01   4.2612460e-03  -1.4780883e-04  -2.6635254e-04
  -9.1839515e-02   1.6522926e-01   7.9477519e-01   3.5561578e-03  -4.5443613e-04   2.0440179e-04
  -8.2448831e-02   1.7649826e-01   7.6228229e-01   2.9905842e-03  -5.6597447e-04   6.4513635e-06
  -8.9193340e-02   1.6415091e-01   8.1528283e-01   3.3379632e-03  -9.1459167e-04   3.4001510e-04
  -7.8918949e-02   1.7381860e-01   8.0353770e-01   3.2553563e-03  -6.9005664e-04   1.1177015e-04
  -1.0218934e-01   1.7834563e-01   8.1802660e-01   3.5579060e-03  -3.7215637e-04   5.2291354e-04
  -9.3603752e-02   1.4327789e-01   8.3032396e-01   3.6331867e-03  -3.0470313e-04   4.5010939e-04
  -9.3278189e-02   1.8688631e-01   8.3100053e-01   3.7044589e-03  -2.0760754e-04   3.8870930e-04
  -5.9189427e-02   1.6191007e-01   8.2053855e-01   2.1499425e-03  -3.3165717e-04  -3.7570957e-04
  -6.8546967e-02   1.3428927e-01   7.7611030e-01   2.7421148e-03   2.5232294e-04   2.7080438e-04
  -5.2393772e-02   1.5807155e-01   7.4058774e-01   1.9378193e-03  -1.3886716e-04  -2.3875186e-04
  -6.3104002e-02   1.7341290e-01   8.0672202e-01   3.6871562e-03  -1.2163188e-04  -2.1092935e-04
  -1.0483395e-01   1.7153029e-01   8.0059443e-01   2.5931206e-03  -6.8401291e-04   3.1230082e-04
  -7.2798911e-02   1.7487140e-01   9.1330062e-01   2.8322684e-03  -4.9526463e-04  -2.2884855e-04
  -1.0498420e-01   1.5402321e-01   8.6421485e-01   1.8877408e-03  -1.1161013e-03   5.3711260e-04
  -9.3226346e-02   1.9248267e-01   8.9529802e-01   2.5203739e-03  -1.3296187e-03   5.0106063e-05
  -8.4293317e-02   1.7775368e-01   9.1150538e-01   1.0371056e-03  -8.8775266e-04  -4.0646414e-04
  -8.7821377e-02   1.9280240e-01   9.0263544e-01   1.6508159e-03  -1.6942898e-03   1.5933086e-04
  -9.7921192e-02   1.7589718e-01   9.0028224e-01   1.5175677e-03  -1.7847872e-03  -3.2745779e-04
  -8.3095833e-02   1.9814476e-01   9.0746193e-01   1.3317065e-03  -1.8518766e-03  -2.2718747e-04
  -8.0842722e-02   1.9589595e-01   9.2400535e-01   1.5440047e-03  -1.7708489e-03  -2.9538958e-04
  -7.9317018e-02   2.0431745e-01   9.0664007e-01   1.5404592e-03  -1.3917923e-03  -2.6800747e-04
  -7.2151804e-02   2.1221275e-01   9.6530623e-01   2.4628059e-03  -1.6548890e-03   9.2872728e-05
  -7.8086685e-02   1.9837978e-01   9.7049224e-01   1.1405677e-03  -1.1477587e-03  -6.7447521e-04
  -9.5627861e-02   1.9886279e-01   9.5157042e-01   1.5017343e-03  -1.2311180e-03  -4.6563933e-04
  -9.7063044e-02   2.4652332e-01   9.7659174e-01   2.3017063e-03  -1.1395859e-03  -4.0149234e-04
  -8.8428110e-02   2.2396915e-01   9.9667165e-01   2.1445082e-03  -1.4206468e-03  -2.5576953e-04
  -1.0635171e-01   2.2253304e-01   9.6951486e-01   2.0461579e-03  -1.1510310e-03   1.5929637e-04
  -1.0889892e-01   2.1897494e-01   9.6093028e-01   2.0704844e-03  -1.3412547e-03   6.9398848e-06
  -5.1683401e-02   1.7008770e-01   9.8734393e-01   1.7258576e-03  -1.4762441e-03  -9.2442672e-04
  -8.8125025e-02   1.6086631e-01   9.8961251e-01   1.3797193e-03  -1.3862273e-03   2.0632908e-04
  -8.1286950e-02   1.7321461e-01   9.2668564e-01  -6.1151538e-04   1.5196417e-04  -1.3739930e-05
  -7.0700330e-02   1.8268125e-01   9.5233663e-01   2.1063799e-03  -5.7244844e-04  -4.6913769e-04
  -7.5097042e-02   2.0289091e-01   1.0545435e+00   4.4045406e-03  -4.3294126e-04  -3.6476499e-04
  -7.1135261e-02   2.3673786e-01   1.0494586e+00   3.4264424e-04  -6.4622284e-04  -3.7263577e-04
  -9.5486923e-02   2.0214190e-01   1.0456674e+00   1.4064260e-03  -6.4176065e-04  -2.6807766e-05
  -9.5029095e-02   2.1424792e-01   1.0705969e+00   2.5472128e-03  -9.2260926e-04   7.4885359e-05
  -1.1715777e-01   2.2016587e-01   1.0595772e+00   2.3192298e-03  -7.4901655e-04   7.7347817e-04
  -1.1334597e-01   2.1562799e-01   1.1040444e+00   3.1785786e-03  -6.8508052e-04   2.7166606e-04
  -1.0003213e-01   2.2802726e-01   1.0732099e+00   9.9658428e-04  -1.0800587e-03   4.5518824e-04
  -1.0290422e-01   2.0937958e-01   1.0698037e+00   2.2850938e-03  -9.5141249e-04   3.5556505e-04
  -1.1033420e-01   2.2119987e-01   1.1209531e+00   4.3626312e-03  -7.0580764e-04   1.1445379e-04
  -7.9225291e-02   2.1315972e-01   1.1262951e+00   1.5610117e-03  -5.6047470e-04  -1.9271942e-04
  -8.3252905e-02   1.5218502e-01   1.0608909e+00   1.9581537e-03  -1.0828553e-03   3.2531820e-04
  -1.1198116e-01   1.8764710e-01   1.0655544e+00   1.0959158e-03  -1.6201051e-03   2.7621870e-04
  -8.1942621e-02   2.3587655e-01   1.0918312e+00   1.9726566e-03  -8.7146111e-04   2.4909375e-06
  -8.9477778e-02   2.1555109e-01   1.0499859e+00   1.2822947e-03  -1.3217157e-03   4.4421498e-05
  -1.1870689e-01   2.0015778e-01   1.1220750e+00   1.1456168e-03  -1.2838986e-03   7.6763774e-04
  -1.1304148e-01   1.9152946e-01   1.0920638e+00   8.1834320e-04  -1.0432951e-03   6.9299435e-04
  -1.2262875e-01   2.2564175e-01   1.1065987e+00   8.9394854e-04  -1.3807815e-03   4.7231857e-04
  -1.1001536e-01   2.2544490e-01   1.1188863e+00   1.2429788e-03  -1.3517940e-03   5.7560863e-04
  -9.1017396e-02   2.2516917e-01   1.1563635e+00   2.2064901e-03  -1.1991681e-03  -1.7001168e-04
  -9.2946187e-02   2.3749976e-01   1.1632750e+00   1.2195661e-03  -1.1809291e-03  -2.0957942e-04
  -1.1253965e-01   2.2718955e-01   1.1336235e+00   1.2391293e-03  -1.4205974e-03   2.2026807e-04
  -8.7768895e-02   1.9837384e-01   1.1437672e+00   2.3442474e-03  -1.4182908e-03  -3.8975921e-04
  -7.8258990e-02   2.5643639e-01   1.1589775e+00   1.7542553e-03  -5.6453245e-04  -2.8272890e-04
  -9.5580360e-02   2.3819054e-01   1.1669719e+00   2.1617342e-03  -1.2008780e-03   5.5495399e-05
  -9.3440473e-02   2.2382476e-01   1.1472347e+00   1.3534451e-03  -1.1659822e-03   2.9571093e-04
  -1.0202532e-01   2.4287159e-01   1.1626990e+00   1.4743408e-03  -1.5512455e-03  -6.3862051e-05
  -8.5903838e-02   2.4527678e-01   1.1583432e+00   1.7546177e-03  -1.4953223e-03   2.8093634e-04
  -9.8303272e-02   2.1579158e-01   1.1841059e+00   1.9427657e-03  -1.6902081e-03  -1.5220462e-04
  -7.2847129e-02   2.5187389e-01   1.2057750e+00   1.7891800e-03  -1.3584363e-03  -2.8467287e-04
  -8.6646696e-02   2.3701035e-01   1.2055763e+00   1.4134643e-03  -1.9541470e-03  -1.1958999e-04
  -9.3041542e-02   2.4388676e-01   1.2201597e+00   1.5455559e-03  -1.1081143e-03   1.5763507e-04
  -9.7676292e-02   2.7199881e-01   1.2320763e+00   1.5949853e-03  -1.4199518e-03   1.9706067e-04
  -8.5810209e-02   2.3614209e-01   1.2227957e+00   1.4364826e-03  -1.2545236e-03  -1.6927227e-04
  -6.8488312e-02   2.2033334e-01   1.3025055e+00   2.4945007e-03   4.0150769e-04  -7.5804640e-05
  -6.6102624e-02   1.8723780e-01   1.2418881e+00   2.1925925e-03   4.8416667e-04   1.2954762e-03
  -6.9539206e-02   2.2613891e-01   1.2706367e+00   3.5531785e-03   6.8561166e-04   3.1095527e-04
  -5.1787257e-02   2.4690074e-01   1.2618927e+00   3.2306172e-03   8.9892100e-04  -3.7838598e-04
  -5.1645097e-02   2.6436621e-01   1.3027929e+00   3.4510234e-03   1.2507807e-03   3.6392882e-04
  -6.3654491e-02   2.6650425e-01   1.2784842e+00   2.5083445e-03   6.1440802e-04   6.6140744e-04
  -8.2666586e-02   2.1105741e-01   1.2580247e+00   2.1682104e-03   2.4621712e-04   9.0937487e-04
  -6.4275101e-02   2.3127463e-01   1.2990879e+00   3.3146300e-03   4.4788696e-04   3.2708908e-04
  -8.9229210e-02   2.0434510e-01   1.3089878e+00   2.1603658e-03   5.5767872e-04   1.1291977e-03
  -6.8017546e-02   2.4897956e-01   1.3041732e+00   1.9949538e-03  -7.4433793e-04  -1.4709780e-04
  -9.0684050e-02   2.4859217e-01   1.2895481e+00   1.7779105e-03  -1.5277210e-03  -1.8307561e-04
  -8.9582806e-02   2.8509172e-01   1.3230849e+00   2.2495656e-03  -1.4048084e-03  -6.3120962e-05
  -9.1228188e-02   2.5659604e-01   1.3056535e+00   2.0690407e-03  -8.4667308e-04   3.8708750e-04
  -7.2917167e-02   2.4209900e-01   1.2908114e+00   2.2520952e-03  -6.2838497e-04  -2.2668846e-04
  -6.8847419e-02   2.3440422e-01   1.3317019e+00   1.5955009e-03  -9.3097392e-04  -8.8254201e-05
  -6.6935191e-02   2.2006545e-01   1.3119257e+00   1.6760773e-03  -1.3447217e-03   3.5055706e-06
  -7.1224550e-02   2.3009079e-01   1.2912905e+00   1.5034567e-03  -1.4276334e-03  -2.7076954e-04
  -7.0189224e-02   2.5759056e-01   1.3094851e+00   1.8612952e-03  -1.5399059e-03  -4.4669628e-04
  -7.4012313e-02   2.5218628e-01   1.3142578e+00   2.0360440e-03  -7.4706158e-04   1.5591947e-04
  -9.1119586e-02   2.8175356e-01   1.3154055e+00   1.9292686e-03  -1.1810865e-03   3.7616336e-04
  -6.6028794e-02   2.6331548e-01   1.2978145e+00   1.6812493e-03  -1.0419454e-03  -3.7878774e-04
  -9.6268805e-02   2.7025790e-01   1.3202160e+00   1.6316191e-03  -9.4715104e-04   2.9735439e-04
  -7.2969651e-02   2.5644603e-01   1.3608731e+00   1.5997885e-03  -9.2567474e-04   8.5500001e-05
  -4.2452448e-02   2.7286413e-01   1.3647590e+00   2.9755893e-03  -3.7644174e-04  -4.8034309e-04
  -7.5334266e-02   2.5112317e-01   1.3376947e+00   7.8883005e-04  -1.0621913e-03   4.7419250e-04
  -5.5021629e-02   2.4897866e-01   1.4110684e+00   2.7368847e-03  -8.1060007e-04  -4.2314882e-04
  -6.4404290e-02   2.8141723e-01   1.3870861e+00   2.6232212e-03  -1.1629764e-03   5.5260091e-05
  -8.0118004e-02   2.7373139e-01   1.4503007e+00   3.9831268e-03  -1.2488747e-03   6.0116695e-05
  -7.8737873e-02   2.8258479e-01   1.4225545e+00   2.8297755e-03  -8.7340589e-04   5.5670284e-05
  -8.7101420e-02   2.4319925e-01   1.4040112e+00   2.2131785e-03  -1.3549974e-03   4.1052010e-04
  -5.7665094e-02   2.6688055e-01   1.4486595e+00   1.4879670e-03  -1.1546456e-03  -5.5480257e-04
  -8.2368237e-02   2.6209816e-01   1.4522434e+00   1.9074062e-03  -1.0408735e-03   1.1836203e-04
  -8.0884097e-02   2.6875963e-01   1.5398542e+00   2.7475255e-03  -1.2682943e-03  -8.3884943e-05
  -7.1993213e-02   2.9958062e-01   1.4668425e+00   2.1432646e-03  -8.1041696e-04  -2.9002616e-04
  -6.5151192e-02   2.7069034e-01   1.4671933e+00   1.7575078e-03  -1.4426661e-03  -6.1247195e-04
  -5.7831931e-02   2.7943834e-01   1.4903473e+00   2.4703308e-03  -1.0038668e-03  -5.3709744e-04
  -8.3014172e-02   2.9967758e-01   1.4980049e+00   2.0621382e-03  -1.0870893e-03  -6.7661637e-05
  -8.6588750e-02   2.6256659e-01   1.4891458e+00   1.6659698e-03  -1.2147538e-03  -1.3486131e-04
  -1.1312404e-01   2.8090697e-01   1.4974893e+00   2.0676063e-03  -1.9054432e-03   3.5965395e-04
  -7.0742995e-02   3.2568244e-01   1.5226348e+00   2.8210237e-03  -1.4623354e-03  -3.2155435e-04
  -6.9153651e-02   2.8310420e-01   1.5091167e+00   2.0627234e-03  -1.3923647e-03  -3.7243596e-04
  -6.0880958e-02   3.0560088e-01   1.5319908e+00   1.9103208e-03  -1.1899628e-03  -3.1340370e-04
  -6.8155827e-02   3.1618216e-01   1.5203767e+00   2.1722552e-03  -1.3441782e-03  -3.3145004e-04
  -7.4827334e-02   2.9599212e-01   1.5346023e+00   2.7291565e-03  -1.4568579e-03   1.0268066e-04
  -7.7470271e-02   2.6539261e-01   1.5490560e+00   2.9493025e-03  -1.4323132e-03   6.8773091e-05
  -6.4209063e-02   3.1521683e-01   1.5341989e+00   2.3430384e-03  -1.2201354e-03  -3.1261474e-04
  -6.5154096e-02   2.9460170e-01   1.5179350e+00   1.7926163e-03  -1.1421604e-03   1.5343610e-05
  -7.7629696e-02   2.9898476e-01   1.5904143e+00   3.0503483e-03  -1.5926407e-03  -5.4872310e-06
  -9.3650123e-02   3.4003339e-01   1.5837173e+00   2.3239423e-03  -1.4342112e-03   5.6346688e-04
  -7.0272680e-02   3.0356499e-01   1.5617486e+00   2.3011266e-03  -1.6508515e-03  -6.3951478e-05
  -7.1119523e-02   3.1978747e-01   1.5884215e+00   2.3490084e-03  -1.4036587e-03   1.1755671e-04
  -9.3568735e-02   3.1180709e-01   1.6098175e+00   3.1842222e-03  -1.3507782e-03   2.7314468e-04
  -6.0724750e-02   3.0974116e-01   1.5902391e+00   2.5091876e-03  -8.3632601e-04  -1.8351119e-04
  -9.8539405e-02   2.6801599e-01   1.5793796e+00   2.5452131e-03  -9.4998465e-04   6.5381415e-04
  -7.8689889e-02   3.0242258e-01   1.5684869e+00   2.9649094e-03  -1.1365099e-03  -2.6031664e-04
  -8.6405207e-02   2.8617664e-01   1.5953626e+00   2.4917946e-03  -1.7215180e-03  -6.4816757e-05
  -6.3216941e-02   3.3077289e-01   1.6272248e+00   2.5954247e-03  -1.3852309e-03  -3.6202887e-04
  -9.6414013e-02   3.4778691e-01   1.6119630e+00   2.2477386e-03  -1.3203356e-03   4.4307849e-04
  -7.7755629e-02   3.0734393e-01   1.6544477e+00   2.5269259e-03  -9.7100797e-04   4.5292717e-04
  -9.0101820e-02   2.5794049e-01   1.6621401e+00   3.7773441e-03  -1.1306401e-03   6.1278955e-04
  -6.8698264e-02   2.7971367e-01   1.6398373e+00   3.2711795e-03  -1.1733059e-03   6.8481678e-04
  -8.4813742e-02   2.8403144e-01   1.6994503e+00   4.6175902e-03  -1.1542455e-03  -3.9929575e-05
  -8.2825299e-02   3.1883968e-01   1.6556130e+00   2.8752374e-03  -1.0102136e-03   4.2391583e-04
  -5.5662054e-02   3.0461238e-01   1.7020729e+00   3.0940499e-03  -4.2308672e-04  -2.9372433e-04
  -7.4507523e-02   3.0819903e-01   1.7045475e+00   2.6945977e-03  -1.1785051e-03  -2.9323925e-04
  -9.3737117e-02   2.9251265e-01   1.6618980e+00   1.7974434e-03  -1.4821952e-03   2.5374343e-04
  -9.5256153e-02   2.9786801e-01   1.7019221e+00   2.3867989e-03  -1.5504308e-03   4.0151429e-04
  -7.7730085e-02   3.1103550e-01   1.6706009e+00   1.5935036e-03  -1.2597423e-03   3.6327554e-04
  -8.4582692e-02   2.9418696e-01   1.6872043e+00   2.2662947e-03  -1.8974920e-03  -1.0122295e-04
  -8.2437988e-02   3.2062678e-01   1.6770554e+00   2.0273562e-03  -1.1449623e-03  -4.3563766e-05
  -7.1188594e-02   3.1269661e-01   1.6904715e+00   2.0327621e-03  -1.0461828e-03  -8.9088969e-05
  -7.7064991e-02   3.1587296e-01   1.6968167e+00   2.1870818e-03  -8.4152041e-04  -1.2076667e-04
  -6.2564344e-02   3.5553353e-01   1.6869055e+00   1.6544676e-03  -1.1384229e-03  -1.4223065e-04
  -8.7611773e-02   3.0587026e-01   1.7110918e+00   7.5075150e-04  -1.3530607e-03   5.5831158e-04
  -9.1078073e-02   3.5358641e-01   1.7614704e+00   3.0044747e-03  -2.1430680e-03   1.0300581e-04
  -8.6011032e-02   3.3345633e-01   1.7529763e+00   2.2479453e-03  -1.6453317e-03   9.9406663e-05
  -6.5914362e-02   3.1920663e-01   1.6972066e+00   5.5648181e-04  -8.3820449e-04  -2.3670123e-04
  -5.8476021e-02   3.3252659e-01   1.7475516e+00   1.7631884e-03  -9.5374306e-04  -2.5830645e-04
  -6.9011926e-02   3.4614942e-01   1.8297575e+00   2.6464297e-03  -1.6692543e-03  -8.1638796e-04
  -7.5464675e-02   3.6348029e-01   1.8274970e+00   1.7881698e-03  -1.7458558e-03  -7.7215809e-04
  -9.1459291e-02   3.1967460e-01   1.8029835e+00   1.8931193e-03  -2.0880309e-03  -2.5355997e-04
  -8.0513108e-02   3.2778293e-01   1.8398088e+00   2.4394381e-03  -1.5476214e-03  -4.5769846e-08
  -8.0646561e-02   3.3826707e-01   1.8170787e+00   2.0731045e-03  -1.1586873e-03  -1.2433808e-04
  -9.3176275e-02   3.4515598e-01   1.8572662e+00   2.7603371e-03  -1.2622161e-03   7.4128940e-05
  -9.8722728e-02   2.9374361e-01   1.8216353e+00   1.8600989e-03  -1.4583120e-03   7.8474810e-04
  -9.6977248e-02   2.9615161e-01   1.8333853e+00   2.3849449e-03  -1.7145272e-03   1.8125475e-04
  -8.9208540e-02   3.2476636e-01   1.8369662e+00   1.4222945e-03  -1.9756469e-03   1.9372079e-04
  -9.8254646e-02   3.1094699e-01   1.8246895e+00   9.0114909e-04  -2.0998197e-03   4.9454018e-04
  -8.6170934e-02   3.2323510e-01   1.8598235e+00   2.3358061e-03  -1.5958845e-03   1.9366377e-04
  -8.2417543e-02   3.2995770e-01   1.8443021e+00   2.0456895e-03  -2.0853571e-03   9.0959841e-05
  -8.3848587e-02   3.3616155e-01   1.8610943e+00   2.1733216e-03  -1.9537461e-03   3.7042145e-04
  -8.6829272e-02   3.3077004e-01   1.9508260e+00   2.7116913e-03  -1.8228794e-03  -2.7268496e-04
  -5.1680546e-02   3.5014390e-01   1.8971505e+00   2.6236940e-03  -1.4253108e-03  -6.0734497e-04
  -8.9046843e-02   3.2647306e-01   1.9338370e+00   2.8707846e-03  -1.6832174e-03   9.5641999e-05
  -8.9960416e-02   3.5393218e-01   1.9916135e+00   2.6854410e-03  -1.4393565e-03   3.0850112e-04
  -9.5877441e-02   3.3578761e-01   1.9340623e+00   2.0992268e-03  -2.0063064e-03   6.1439743e-05
  -7.7763065e-02   3.4243776e-01   1.9429923e+00   2.9513397e-03  -1.8876344e-03  -3.4491989e-04
  -9.6333154e-02   3.4901296e-01   1.9168946e+00   1.9964056e-03  -1.7051836e-03   1.3818451e-04
  -8.4077259e-02   3.8207747e-01   1.9520724e+00   2.7564090e-03  -1.9829620e-03  -1.0592958e-04
  -8.2408861e-02   3.5566816e-01   1.9422953e+00   2.6776897e-03  -2.0850906e-03   6.4630609e-08
  -8.5195218e-02   3.5295787e-01   1.9241664e+00   1.5093811e-03  -1.8339158e-03   2.6283458e-04
  -1.0289514e-01   3.8406652e-01   1.9613645e+00   2.6934144e-03  -1.3050966e-03   1.9601154e-04
  -7.5714064e-02   3.1609275e-01   1.9623254e+00   2.6141374e-03  -4.3096588e-04  -1.3925639e-04
  -9.1474588e-02   3.1747452e-01   1.9283021e+00   1.8618480e-03  -7.5949164e-04   8.7707393e-05
  -9.0903373e-02   3.2275341e-01   1.9793641e+00   2.9534321e-03  -1.1155263e-03  -4.1406476e-04
  -7.2119421e-02   3.5238806e-01   2.0319245e+00   2.6604331e-03  -1.5658326e-03  -4.1430677e-04
  -9.6190441e-02   3.7514192e-01   2.0064129e+00   2.1045635e-03  -1.5216705e-03   8.4770692e-05
  -8.7405748e-02   3.5251334e-01   2.0009111e+00   1.6019210e-03  -1.2931461e-03   2.7405427e-04
  -5.8016104e-02   3.5484191e-01   2.0282360e+00   2.7522806e-03  -1.2851310e-03  -4.9962350e-04
  -6.8289309e-02   3.6085391e-01   1.9951825e+00   1.8945490e-03  -1.2718901e-03  -2.5616099e-04
  -9.7078892e-02   3.3798826e-01   2.0312909e+00   2.4897694e-03  -1.5231454e-03   3.3062693e-06
  -9.7682390e-02   3.5650993e-01   2.0304915e+00   2.2041119e-03  -1.8155564e-03   5.3641775e-05
  -7.5373985e-02   3.5848446e-01   2.0701908e+00   2.5486556e-03  -1.9514890e-03  -2.1483107e-04
  -8.0631333e-02   3.6446786e-01   2.0356395e+00   2.6110320e-03  -1.8722462e-03  -1.5979313e-04
  -6.7673896e-02   3.5952396e-01   2.0582731e+00   2.1933382e-03  -1.2437961e-03  -1.0110887e-04
  -9.0564884e-02   3.6742974e-01   2.0493449e+00   1.9947713e-03  -1.5346171e-03   4.4334486e-04
  -5.1579579e-02   3.6049574e-01   2.0622970e+00   2.3639256e-03  -2.2323744e-03  -5.4057680e-04
  -8.7836996e-02   3.5409601e-01   2.0500803e+00   2.2493082e-03  -1.5699675e-03   3.9958834e-04
  -6.0395228e-02   3.5484741e-01   2.0485444e+00   2.7055333e-03  -1.4232763e-03  -5.7483550e-04
  -5.8182166e-02   3.8816180e-01   2.0647029e+00   2.6585678e-03  -1.6519599e-03  -2.9224891e-04
  -8.8508259e-02   3.8674493e-01   2.0575936e+00   1.9434530e-03  -1.5007999e-03   3.1676613e-04
  -6.8036744e-02   3.8445786e-01   2.0534971e+00   2.1703555e-03  -1.3586451e-03  -3.3989111e-04
  -7.9137241e-02   3.7343765e-01   2.0836372e+00   2.1351385e-03  -1.4599356e-03  -1.5857984e-04
  -7.6629021e-02   3.7524010e-01   2.1174979e+00   1.9643907e-03  -2.2903853e-03  -6.6775128e-04
  -7.5246236e-02   3.8961187e-01   2.0909499e+00   1.7351430e-03  -1.4499779e-03  -4.3020123e-04
  -7.5130910e-02   3.8266668e-01   2.1184261e+00   2.7239678e-03  -2.1763817e-03  -5.2916299e-04
  -6.8824508e-02   3.9206399e-01   2.1728357e+00   2.3415996e-03  -1.6602985e-03  -6.5213353e-04
  -7.0669825e-02   3.3004665e-01   2.1080732e+00   1.6724230e-03  -2.0800862e-03  -4.8925263e-05
  -8.1634315e-02   3.5019981e-01   2.1434743e+00   2.9269466e-03  -2.4032878e-03  -2.1221787e-04
  -7.9735187e-02   3.7822808e-01   2.1553031e+00   2.0133684e-03  -1.7548923e-03  -1.0500575e-04
  -9.0877058e-02   3.7905217e-01   2.1412254e+00   2.1340304e-03  -2.2136719e-03   1.1741688e-04
  -9.2314131e-02   3.8451510e-01   2.1716010e+00   2.6421825e-03  -1.1897182e-03   4.0288498e-04
  -8.2297158e-02   3.5864472e-01   2.1918674e+00   2.4649689e-03  -2.2043111e-03  -4.1850298e-04
  -8.4314294e-02   3.6676957e-01   2.1613935e+00   2.2639084e-03  -7.3898243e-04  -3.0419414e-04
  -8.5389741e-02   3.7355350e-01   2.1389832e+00   2.2935269e-03  -1.8523103e-03  -3.9224110e-04
  -9.6376508e-02   3.8677812e-01   2.2017232e+00   2.8811799e-03  -2.1339529e-03   1.1739114e-04
  -1.0268105e-01   3.6630894e-01   2.1664994e+00   2.2097839e-03  -2.2351287e-03  -5.7295225e-05
  -7.7838005e-02   4.0145622e-01   2.1748713e+00   2.9507696e-03  -1.6773646e-03  -5.4592762e-04
  -8.2749152e-02   3.9280370e-01   2.2101265e+00   2.4180108e-03  -1.3947051e-03  -1.3427303e-04
  -7.7919266e-02   3.6206161e-01   2.1753261e+00   1.4983915e-03  -1.3333802e-03  -1.2549019e-04
  -7.8409224e-02   3.6997438e-01   2.2097461e+00   2.6122062e-03  -2.1908545e-03  -2.6371586e-04
  -9.9027767e-02   3.8642702e-01   2.2748610e+00   2.7830664e-03  -2.0326709e-03  -1.6832323e-04
  -8.9475972e-02   3.6656380e-01   2.2785953e+00   2.1698486e-03  -8.9260406e-04   1.4393529e-03
  -5.1108313e-02   3.6409434e-01   2.2739759e+00   1.8473745e-04  -9.9131860e-04   9.3138164e-04
  -9.3943675e-02   3.0079331e-01   2.3319995e+00   7.2037405e-04  -1.7016424e-03  -4.8349204e-04
  -7.4850606e-02   3.5475393e-01   2.3139176e+00   9.6568584e-05  -3.3795364e-04  -6.6605145e-05
  -8.9735479e-02   3.4801473e-01   2.2974266e+00  -1.9554295e-03  -2.1546884e-04  -9.0015337e-04
  -7.3372834e-02   3.1706972e-01   2.2842978e+00  -8.9972800e-04   1.4243471e-04   2.7372223e-04
  -8.0522766e-02   3.1231336e-01   2.3338300e+00   1.2819636e-03  -2.4961250e-04   5.1806105e-04
  -7.0835243e-02   3.2432334e-01   2.3618012e+00   1.7985650e-03  -5.1020633e-04   1.4029221e-04
  -9.0217545e-02   3.4145005e-01   2.3520072e+00   2.1470525e-03  -6.0505433e-04   6.1962064e-04
  -7.7603647e-02   3.6780147e-01   2.3340006e+00   1.6969596e-03  -1.2592187e-04   1.8239084e-04
  -7.3050973e-02   3.7371684e-01   2.3318452e+00   7.3780002e-04  -8.6746163e-04   2.6453616e-06
  -9.7209680e-02   3.3514912e-01   2.3279628e+00   1.2213167e-03  -2.4707741e-04   7.5731105e-04
  -7.9151761e-02   3.7251708e-01   2.3480242e+00   1.2256203e-03  -5.2314498e-04   6.3592158e-04
  -6.7906548e-02   3.3357533e-01   2.4037572e+00   2.1725904e-03  -2.5820256e-04   1.9436951e-05
  -8.8285349e-02   3.7358154e-01   2.3624800e+00   1.7288507e-03  -1.4357114e-03   6.1010693e-04
  -5.9498317e-02   3.4818953e-01   2.3404249e+00   7.6644066e-04  -7.3505927e-04  -3.3998799e-04
  -5.5964484e-02   3.9715580e-01   2.3611623e+00   1.8232354e-03  -1.3797613e-03  -4.6106545e-04
  -6.8539168e-02   3.6938524e-01   2.3254430e+00   8.4869948e-04  -2.1209252e-03  -3.4800047e-04
  -4.3541362e-02   3.8248722e-01   2.3443929e+00   1.1721410e-03  -1.7510546e-03  -7.2068724e-04
  -8.4694295e-02   3.7272338e-01   2.3309032e+00   5.1751021e-04  -2.2658888e-03   3.0840706e-04
  -8.3399259e-02   3.6664115e-01   2.3584570e+00   2.9667701e-04  -2.5528769e-03  -2.8156290e-04
  -6.3093702e-02   3.8408580e-01   2.3677492e+00   7.6242240e-04  -1.7785951e-03  -9.0101109e-05
  -6.5225735e-02   3.6459526e-01   2.3457683e+00   3.8509825e-04  -2.0847758e-03  -5.5063390e-04
  -7.6719019e-02   4.2098910e-01   2.4235323e+00   1.9125484e-03  -2.3681947e-03  -2.9189774e-04
  -7.1942452e-02   3.8076089e-01   2.3879623e+00  -7.4171309e-04  -2.7579538e-03  -2.2523351e-04
  -7.1323892e-02   3.8029665e-01   2.4494960e+00   1.2149824e-03  -1.3828485e-03  -2.8776665e-04
  -6.7541562e-02   4.2168430e-01   2.4310075e+00   1.1015462e-03  -1.5586794e-03  -3.0234635e-04
  -8.7792248e-02   4.2391694e-01   2.4050042e+00   1.1933208e-03  -1.8467567e-03   1.7387376e-04
  -1.0377452e-01   4.1790524e-01   2.5025939e+00   1.2715820e-03  -1.4210691e-03   5.6962993e-04
  -9.1719639e-02   4.1223757e-01   2.4215716e+00   6.2565022e-05  -1.2765375e-03   2.9236969e-04
  -9.1139149e-02   4.0254378e-01   2.4712952e+00   6.7293796e-04  -1.7185138e-03  -2.7580352e-05
  -9.6981325e-02   4.0434102e-01   2.4834764e+00   1.3735743e-03  -1.8369135e-03   2.0551428e-04
  -9.3923600e-02   3.9862561e-01   2.4684723e+00   8.9134998e-04  -1.9818925e-03   1.9786937e-05
  -9.6292662e-02   4.1251260e-01   2.4778968e+00   1.1558106e-03  -2.2114640e-03   2.3675308e-04
  -8.8254480e-02   3.9622063e-01   2.5044007e+00   2.2718688e-03  -1.6760798e-03   3.5406635e-04
  -6.9419048e-02   4.3327816e-01   2.5002965e+00   8.1367863e-05  -1.7298219e-03  -1.2083757e-03
  -7.8230263e-02   3.9648507e-01   2.4620805e+00  -4.9090537e-04  -2.5316918e-03  -8.0772571e-04
  -7.2589685e-02   4.1678759e-01   2.5054243e+00   4.7845476e-04  -2.0329124e-03  -6.1322458e-04
  -8.5555065e-02   4.5159697e-01   2.5341552e+00   5.9816355e-04  -1.7718649e-03  -2.7760530e-04
  -7.9704939e-02   4.0428311e-01   2.4860515e+00   7.9509507e-05  -1.5916274e-03   5.2052041e-05
  -8.9941747e-02   3.7576883e-01   2.4753174e+00  -1.1884313e-04  -2.6698576e-03   4.0420377e-06
  -6.5529639e-02   4.2420885e-01   2.5355385e+00   2.0025568e-03  -2.2124337e-03  -4.2266258e-04
  -7.1266044e-02   3.9083517e-01   2.5459234e+00   2.6920702e-04  -1.7216158e-03  -2.9341330e-04
  -6.7342784e-02   3.9519594e-01   2.5011554e+00   6.1624110e-04  -1.7144617e-03  -3.4722919e-04
  -7.3638940e-02   4.1575758e-01   2.6032043e+00   2.3112605e-03  -1.1099412e-03  -1.1678031e-04
  -7.4417510e-02   4.2107657e-01   2.5393006e+00  -1.2792953e-04  -1.6999256e-03   1.6201131e-04
  -8.4251138e-02   3.8540427e-01   2.5694812e+00   1.4580889e-03  -2.0795488e-03  -2.1699706e-04
  -7.8447849e-02   4.2295525e-01   2.5916165e+00   1.4976192e-03  -2.0979909e-03  -1.5426865e-04
  -7.5363404e-02   4.2109202e-01   2.6198157e+00   1.4747233e-03  -1.6269364e-03   1.6780640e-05
  -7.7829009e-02   4.1802441e-01   2.5812278e+00  -9.2411202e-06  -1.9248466e-03  -1.5159341e-04
  -9.5997708e-02   3.7394531e-01   2.5881294e+00   9.9982938e-04  -2.1056017e-03   3.3515930e-04
  -7.4354990e-02   4.0216731e-01   2.6985871e+00   2.1450211e-03  -1.7792549e-03  -1.2451026e-04
  -7.0113103e-02   4.4412273e-01   2.6304804e+00   1.1703028e-03  -1.8195291e-03  -3.8146522e-05
  -7.5686854e-02   4.2398686e-01   2.5744421e+00   2.9400096e-05  -2.1444857e-03  -7.0564608e-04
  -7.4834291e-02   4.4616041e-01   2.6555832e+00   1.5915549e-03  -2.3871644e-03  -4.5988017e-04
  -7.8597459e-02   4.5275986e-01   2.6033918e+00   4.0352268e-04  -1.8542733e-03  -4.7434461e-06
  -6.6103071e-02   4.7062578e-01   2.6787175e+00   1.4096416e-03  -1.8390241e-03  -2.3318603e-04
  -7.1500784e-02   4.3407857e-01   2.7038010e+00   1.9956594e-03  -1.6779944e-03  -1.2857060e-05
  -8.0815067e-02   4.1406786e-01   2.6803918e+00   1.8759551e-03  -1.8648572e-03  -1.1980422e-04
  -8.1898690e-02   4.5151829e-01   2.6982059e+00   1.6679136e-03  -1.9032022e-03  -2.1514285e-04
  -9.0472134e-02   4.5117099e-01   2.7433044e+00   2.1691659e-03  -1.7611971e-03   1.9307912e-04
  -6.2092373e-02   3.9709862e-01   2.7004191e+00   6.2823738e-04  -1.5201616e-03  -2.9394853e-05
  -8.9043167e-02   3.9322491e-01   2.6388791e+00  -2.3566637e-04  -1.9604889e-03   4.6201977e-04
  -9.4739352e-02   4.2701929e-01   2.6887293e+00   1.4053410e-03  -2.3475514e-03   1.3524055e-04
  -7.8491088e-02   4.2807690e-01   2.7196776e+00   1.8207299e-03  -1.9493076e-03   4.2146618e-04
  -8.0508786e-02   4.3115564e-01   2.7046689e+00   1.4229022e-03  -2.0349769e-03   1.8224553e-04
  -8.7670941e-02   4.3253975e-01   2.7318971e+00   1.6908336e-03  -2.5284689e-03   3.3038582e-04
  -8.0818212e-02   4.0713843e-01   2.7846981e+00   1.7821167e-03  -1.7763524e-03   1.0873679e-04
  -8.1160609e-02   4.0889564e-01   2.7515289e+00   1.9805969e-03  -1.1726561e-03   9.2358610e-05
  -9.9400280e-02   4.4715824e-01   2.7476474e+00   2.0945323e-03  -1.6342833e-03   3.4045441e-04
  -8.9150903e-02   4.5181256e-01   2.7779786e+00   3.1884155e-03  -1.4744530e-03   6.0480647e-04
  -8.6312252e-02   4.3236389e-01   2.7587228e+00   2.4786962e-03  -9.1786525e-04   3.9652907e-04
  -8.9829730e-02   4.6957420e-01   2.7716799e+00   2.4341558e-03  -1.7234929e-03   7.8318917e-04
  -8.9423138e-02   4.1979866e-01   2.7623333e+00   2.3227457e-03  -2.0433143e-03   2.6027162e-04
  -7.9404108e-02   4.3249805e-01   2.7571202e+00   1.1506105e-03  -2.5943655e-03  -5.8260313e-04
  -9.4494951e-02   4.4260612e-01   2.7559524e+00   5.4112067e-04  -2.5601074e-03  -5.8422305e-04
  -7.9170562e-02   4.4754050e-01   2.7591510e+00   1.1123991e-03  -2.3514726e-03  -5.2329837e-04
  -6.3791039e-02   4.4147571e-01   2.7919391e+00   2.1041995e-03  -1.9048086e-03  -8.0851815e-04
  -9.6485813e-02   4.5783189e-01   2.8196219e+00   1.5711468e-03  -2.5493755e-03  -3.8407365e-04
  -7.6129325e-02   4.3550120e-01   2.8195963e+00   1.4365600e-03  -2.2225121e-03  -4.1884994e-04
  -7.2101401e-02   4.2868064e-01   2.7022426e+00   1.2793990e-03  -2.0558710e-03  -9.5659797e-05
  -8.7371666e-02   4.2005283e-01   2.7223272e+00   4.8477919e-04  -2.0592171e-03   5.5570328e-06
  -9.1579522e-02   4.6748597e-01   2.8977146e+00   3.0001719e-03  -1.2344839e-03   2.4870239e-04
  -7.1610074e-02   4.6632666e-01   2.8087474e+00   1.2336768e-03  -2.3390273e-03  -1.5537034e-04
  -8.0545340e-02   4.4031805e-01   2.8039915e+00   1.0575503e-03  -2.2259621e-03  -1.5187775e-06
  -9.7576824e-02   4.4118122e-01   2.8777940e+00   2.3104143e-03  -2.0232775e-03   4.3093242e-04
  -7.8223795e-02   4.5085258e-01   2.8348637e+00   1.7794111e-03  -1.8898523e-03  -5.5346574e-05
  -1.0016237e-01   4.3145668e-01   2.8399870e+00   9.9638017e-04  -2.1734478e-03   3.1635816e-04
  -8.2295684e-02   4.5058146e-01   2.9370331e+00   2.5780125e-03  -2.3209284e-03  -1.3076985e-04
  -8.8341449e-02   4.5022774e-01   2.8939603e+00   1.1226899e-03  -2.2470834e-03  -7.7532682e-05
  -6.7186047e-02   4.2602158e-01   2.8906424e+00   7.5847623e-04  -2.1025164e-03  -5.4092610e-04
  -7.4159615e-02   4.5149750e-01   2.8801511e+00   6.3711370e-04  -1.9639346e-03   7.8855525e-06
  -8.7389946e-02   4.2039279e-01   2.9257542e+00   2.0294783e-03  -1.9085025e-03   4.4123568e-04
  -8.9730286e-02   4.4577409e-01   2.8595285e+00   9.5074213e-04  -2.2051894e-03   4.2770478e-04
  -1.0807434e-01   4.4198390e-01   2.8978884e+00   1.2829264e-03  -2.1758447e-03   3.7020598e-04
  -9.7328961e-02   4.6745428e-01   2.9577141e+00   2.6693730e-03  -1.6420479e-03   1.1473541e-04
  -8.0421216e-02   4.5274323e-01   2.9363087e+00   1.7767703e-03  -1.2187512e-03  -1.0582509e-04
  -6.8287536e-02   4.6026828e-01   2.9215702e+00   1.8367450e-03  -1.9892128e-03  -3.2930487e-04
  -8.4735501e-02   4.3863488e-01   2.9623960e+00   2.2985419e-03  -1.0299251e-03   5.7528275e-04
  -1.0129865e-01   4.3588622e-01   2.9338185e+00   1.4249367e-03  -1.9001129e-03   1.6610532e-04
  -1.3336314e-01   5.3081779e-01   2.9575879e+00   1.8958518e-03  -1.4592647e-03   1.2044805e-03
  -8.9358154e-02   4.9208018e-01   2.9285686e+00   1.2512014e-03  -1.6914098e-03   4.1414875e-04
  -7.8024590e-02   4.7252409e-01   2.9355099e+00   8.0823962e-04  -1.6422992e-03  -2.7685108e-04
  -9.0844435e-02   4.6648981e-01   3.1148397e+00   2.2556875e-03  -1.5214841e-03   2.2562440e-04
  -6.3107890e-02   4.9739617e-01   3.0404734e+00   1.7545143e-03  -1.3257501e-03   1.3009205e-04
  -6.2658230e-02   4.3833162e-01   3.0095463e+00   2.1734619e-03  -2.0224919e-03   6.6603806e-05
  -7.3519239e-02   4.8454668e-01   3.0293186e+00   2.3914249e-03  -1.7004896e-03   3.2571028e-04
  -7.1178813e-02   4.8723243e-01   3.0573005e+00   2.2485619e-03  -1.6822616e-03   2.7051956e-04
  -9.4570277e-02   4.9645954e-01   3.0559043e+00   2.5123421e-03  -1.9696477e-03   2.3413029e-04
  -9.0026239e-02   4.8420924e-01   3.0760469e+00   2.3171150e-03  -2.0880405e-03   2.5830395e-04
  -8.8688522e-02   4.7721000e-01   3.0121437e+00   1.6166453e-03  -2.0199627e-03   2.4599503e-04
  -8.9969518e-02   4.5466982e-01   3.0381881e+00   1.8907763e-03  -1.5884191e-03   2.4000671e-04
  -9.0559195e-02   4.1124324e-01   3.0734556e+00   1.2256863e-03  -1.6956675e-03  -1.8161291e-04
  -7.0227437e-02   4.7559315e-01   3.0262465e+00   1.7340681e-03  -1.6161205e-03   1.6232146e-04
  -8.6817545e-02   4.5474760e-01   3.0638364e+00   2.0837730e-03  -1.6935750e-03  -1.1355521e-04
  -9.7107541e-02   4.6518664e-01   3.0549629e+00   1.9931099e-03  -1.9783101e-03   5.6737282e-04
  -8.3389348e-02   4.4444603e-01   3.0718816e+00   1.3529074e-03  -1.5151128e-03   3.2448894e-04
  -1.1665762e-01   4.7809256e-01   3.0896055e+00   1.9225265e-03  -2.4819066e-03   8.8607762e-04
  -1.0469114e-01   4.6270190e-01   3.0943507e+00   1.8673097e-03  -2.2249149e-03   4.6014379e-04
  -9.0476466e-02   5.1704981e-01   3.1329095e+00   2.5006227e-03  -2.0407179e-03   5.9531560e-04
  -8.9187485e-02   5.0606750e-01   3.1055019e+00   1.9029422e-03  -2.1146119e-03   1.3341450e-04
  -1.0986485e-01   4.8302661e-01   3.0925062e+00   1.4526159e-03  -2.2986218e-03   5.6822899e-04
  -9.0839720e-02   4.3425315e-01   3.1151112e+00   1.2019273e-03  -2.2085638e-03   2.7392461e-04
  -8.7918748e-02   4.9722315e-01   3.1245911e+00   1.2020129e-03  -1.6046720e-03   2.8531431e-04
  -9.0816357e-02   4.4801055e-01   3.1075746e+00   1.7992232e-03  -2.1968371e-03   3.3719245e-04
  -6.8793687e-02   5.0710952e-01   3.1995707e+00   1.9785145e-03  -1.6322658e-03   4.1881759e-04
  -9.7351997e-02   4.5961991e-01   3.2183401e+00   1.8012801e-03   3.7990323e-05   1.6882765e-03
  -7.7101448e-02   4.8836416e-01   3.1501979e+00   2.5844498e-03  -1.4662299e-03   3.1926575e-04
  -1.0120242e-01   4.6915047e-01   3.1558675e+00   2.0075370e-03  -1.5664111e-03   9.5181890e-04
  -1.0033914e-01   4.6481418e-01   3.2240791e+00   2.8251382e-03  -1.2773564e-03   3.5261688e-04
  -9.9241729e-02   4.6281219e-01   3.2130312e+00   1.8032645e-03  -1.4126157e-03   6.6411939e-04
  -8.3533206e-02   4.4930569e-01   3.1561240e+00   1.4681640e-03  -1.1396994e-03   4.5531200e-04
  -9.0373888e-02   4.7464166e-01   3.1766155e+00   2.7917201e-03  -1.6008319e-03   3.1343866e-04
  -8.7686213e-02   4.7795147e-01   3.1665519e+00   1.9060986e-03  -1.8402361e-03   3.8491726e-04
  -9.6294229e-02   4.7307613e-01   3.1583042e+00   1.9996412e-03  -1.7433812e-03   2.9752704e-04
  -9.3598463e-02   4.8158237e-01   3.2157658e+00   2.1601522e-03  -8.2431844e-04   5.1464136e-04
  -8.2101896e-02   5.1198530e-01   3.1495862e+00   1.5639329e-03  -1.9654679e-03   4.7416487e-04
  -1.0693496e-01   5.0654708e-01   3.1892131e+00   2.3469213e-03  -1.7369148e-03   4.1228651e-04
  -8.4461742e-02   4.9599462e-01   3.2078318e+00   2.2745356e-03  -1.4037199e-03   1.4148568e-05
  -1.0243158e-01   4.9429942e-01   3.2125964e+00   2.9084729e-03  -1.7274780e-03   3.1367165e-04
  -1.1331636e-01   4.9052105e-01   3.2629541e+00   1.5918908e-03  -1.9491339e-03   9.8688453e-04
  -1.0914586e-01   5.0846666e-01   3.2168813e+00   1.7875082e-03  -1.8419787e-03   8.5955543e-04
  -9.1146113e-02   4.9774916e-01   3.2530048e+00   2.8243739e-03  -2.2147423e-03   7.1381798e-05
  -9.6479855e-02   4.7196645e-01   3.2527770e+00   1.2314241e-03  -2.5350680e-03   4.1117563e-04
  -1.0083761e-01   5.2826884e-01   3.2520627e+00   2.1648206e-03  -2.4122724e-03   5.0519719e-04
  -1.0725464e-01   4.8651324e-01   3.2508265e+00   2.3370499e-03  -2.2378833e-03   7.4128127e-04
  -1.0373170e-01   5.0232926e-01   3.2580804e+00   2.4586166e-03  -2.3012208e-03   4.8031687e-04
  -8.9556443e-02   5.0560633e-01   3.2779845e+00   2.7375420e-03  -1.6710059e-03   3.8619716e-04
  -1.1876881e-01   5.0476662e-01   3.2764797e+00   2.5613054e-03  -2.3774402e-03   8.5454644e-04
  -1.2049416e-01   4.9565446e-01   3.2443504e+00   1.1184135e-03  -2.5560066e-03   9.1878092e-04
  -1.1722442e-01   4.7922375e-01   3.3341910e+00   2.1036518e-03  -2.4563459e-03   8.8030431e-04
  -8.8718321e-02   5.1146198e-01   3.2862983e+00   1.8653846e-03  -1.9524077e-03   3.5317053e-04
  -8.7414101e-02   4.9978116e-01   3.2517912e+00   1.5626794e-03  -1.7421962e-03   4.9916153e-04
  -1.1233982e-01   4.6130534e-01   3.3577481e+00   1.6887096e-03  -2.3352817e-03  -1.5312154e-05
  -1.0357506e-01   5.1876502e-01   3.3252651e+00   4.0587117e-04  -2.7879575e-03   1.9723557e-04
  -9.5054666e-02   4.8975537e-01   3.2653702e+00   3.1226202e-04  -2.8074026e-03  -2.2826534e-05
  -1.2764024e-01   4.7800804e-01   3.4171573e+00   1.9836186e-03  -2.9366083e-03   4.9758234e-04
  -9.7552022e-02   5.1127892e-01   3.3586020e+00   2.2103476e-04  -2.7977519e-03  -3.6062067e-04
  -1.0336263e-01   5.1503334e-01   3.3788139e+00   6.1530580e-04  -3.0138713e-03  -5.2366352e-04
  -1.0194746e-01   5.0971936e-01   3.4005549e+00   9.3288851e-04  -2.8437800e-03  -5.9768139e-04
  -6.7147552e-02   5.0769109e-01   3.3671605e+00   9.6429739e-04  -2.7892629e-03  -1.7579573e-03
  -1.0351188e-01   5.3093885e-01   3.3951684e+00   1.5184253e-04  -1.8568584e-03   2.7925842e-04
  -1.0161890e-01   5.1922967e-01   3.3463229e+00   4.2210167e-04  -2.3815100e-03   9.8049390e-05
  -1.1096954e-01   4.9918141e-01   3.4016317e+00   1.1216546e-03  -2.1176427e-03   5.9712234e-04
  -1.1909233e-01   5.3844096e-01   3.3911387e+00   1.1985783e-03  -1.7667306e-03   5.0974303e-04
  -1.1384589e-01   5.0833410e-01   3.4558276e+00   1.3392654e-03  -2.1931367e-03   5.5902103e-04
  -1.0953630e-01   5.2205866e-01   3.4226850e+00   1.0117714e-03  -2.0381567e-03   3.5985853e-04
  -1.3918417e-01   3.9372100e-01   3.5289028e+00   4.2782864e-03  -2.2369774e-03   6.8401157e-04
  -1.0000397e-01   5.5158150e-01   3.4547322e+00   1.0984189e-03  -2.5082610e-03   1.2907517e-04
  -1.1542143e-01   5.0413673e-01   3.4621657e+00   1.7101779e-03  -2.2456788e-03   5.5529064e-04
  -9.0861930e-02   5.3031634e-01   3.4682822e+00   2.0230836e-03  -2.1887126e-03  -3.0027264e-04
  -9.9803245e-02   5.3529496e-01   3.4572912e+00   1.9256973e-03  -1.6454665e-03   1.7949205e-04
  -1.0610879e-01   5.2203302e-01   3.4701972e+00   1.0901941e-03  -2.0864951e-03   5.4514762e-04
  -1.2167769e-01   5.3005666e-01   3.4649690e+00   1.2581154e-03  -3.0019832e-03   2.4823076e-05
  -1.2122827e-01   5.4806794e-01   3.4723291e+00   1.0680222e-03  -1.9429853e-03   6.1547848e-04
  -8.4851038e-02   5.5645336e-01   3.4999674e+00   3.9276711e-04  -2.0169926e-03   1.8768401e-04
  -9.6368502e-02   5.2852724e-01   3.4724736e+00   1.1696395e-03  -2.2114796e-03   4.6849739e-05
  -9.0628763e-02   5.3751868e-01   3.5511718e+00   2.1187962e-03  -1.4174151e-03   2.1752359e-04
  -7.6007471e-02   5.2164028e-01   3.4915619e+00   5.2549429e-04  -1.6397124e-03  -5.4746943e-04
  -9.0497921e-02   5.2366804e-01   3.4994249e+00   8.2813016e-04  -2.1458893e-03   1.9732886e-04
  -8.4818631e-02   5.5808358e-01   3.5296757e+00   1.0365579e-03  -1.7549739e-03  -7.0942047e-05
  -1.0260296e-01   5.5567963e-01   3.5286324e+00   2.1117306e-03  -1.8315108e-03   1.5487907e-04
  -1.0644074e-01   5.3404865e-01   3.5005745e+00   1.3900663e-03  -1.8903501e-03   1.4681472e-04
  -1.0410859e-01   5.2516712e-01   3.5256100e+00   1.6076377e-03  -2.3038921e-03   1.5289046e-05
  -1.0075231e-01   5.6154626e-01   3.5551892e+00   9.2447161e-04  -1.8412395e-03   3.7129432e-04
  -1.0264426e-01   5.4042680e-01   3.5195188e+00   1.1063253e-03  -1.6749992e-03   5.8872590e-04
  -9.7809256e-02   5.0701693e-01   3.5533842e+00   1.7904869e-03  -2.1338471e-03   3.5280734e-04
  -1.1792147e-01   5.5938637e-01   3.5774866e+00   1.8968137e-03  -1.6433320e-03   5.8813884e-04
  -1.1991300e-01   5.3225885e-01   3.5723305e+00   1.5433974e-03  -1.3418182e-03   8.3599614e-04
  -1.0286813e-01   5.0422316e-01   3.5152934e+00   2.2740168e-03  -1.3019889e-03   5.4430832e-04
  -1.1106300e-01   5.1198081e-01   3.5125382e+00   1.5371474e-03  -1.6794885e-03   6.4212996e-04
  -1.0961409e-01   5.2899512e-01   3.5203286e+00   1.7747027e-03  -1.5393191e-03   2.5018182e-04
  -9.6739282e-02   7.1569362e-01   3.5386369e+00   1.9024576e-03  -1.4622947e-03   3.4460508e-04
  -9.8613196e-02   5.3894893e-01   3.5584055e+00   1.3295416e-03  -2.0108163e-03  -1.2410386e-04
  -1.0912365e-01   5.2997998e-01   3.6145200e+00   2.0302508e-03  -2.0073310e-03   6.9101077e-04
  -1.0849884e-01   5.1062545e-01   3.5827948e+00   2.0235563e-03  -2.0356182e-03   5.7158472e-04
  -1.0484776e-01   5.1147849e-01   3.5465360e+00   2.4655509e-03  -1.6609464e-03   4.0200434e-04
  -1.1379170e-01   5.1673245e-01   3.5642892e+00   2.9679969e-03  -2.3367633e-03   8.1767784e-04
  -1.1255524e-01   5.2119358e-01   3.5921502e+00   2.0277807e-03  -2.7592089e-03   4.8003988e-04
  -1.2566455e-01   5.1326391e-01   3.6217624e+00   5.6009286e-04  -2.9055150e-03   6.5587125e-04
  -1.2466743e-01   4.6514288e-01   3.5884289e+00   4.4364506e-04  -2.6110898e-03   2.5095099e-04
  -8.8856081e-02   5.1092026e-01   3.5633208e+00  -7.3509354e-04   2.7763112e-04   8.7412743e-04
  -1.7368039e-02   2.4755912e-01   3.0833511e+00   9.4964996e-03   1.9337581e-03   1.6875549e-03
  -8.7764059e-02   2.4284119e-01   3.2061672e+00  -9.1075631e-04   2.5390990e-04   7.1176702e-04
  -1.2072554e-01   2.9378548e-01   3.4215924e+00   2.2866401e-03  -2.1470248e-04   1.0501792e-03
  -8.0877807e-02   3.4379042e-01   3.3958919e+00   1.7304155e-03   3.9041486e-04  -1.9946181e-05
  -8.1050342e-02   3.7563702e-01   3.3962326e+00   2.9608581e-03  -7.5714453e-04   3.3402894e-04
  -7.6727121e-02   3.3160274e-01   3.4062559e+00   3.7836963e-03  -1.4396196e-04   1.4558193e-04
  -7.2676791e-02   3.8727024e-01   3.4141990e+00   3.6638036e-03   2.3783859e-05  -4.4522424e-04
  -7.2540839e-02   4.2086527e-01   3.4455652e+00   4.4925874e-03  -6.6731759e-06   3.2834055e-04
  -6.0284645e-02   4.2808272e-01   3.4294144e+00   3.5436575e-03  -6.7544190e-04  -5.5274745e-04
  -8.7371314e-02   3.2970532e-01   3.4250784e+00   2.8025698e-03  -3.3300401e-04   4.6268954e-04
  -6.5275736e-02   4.3873945e-01   3.4524927e+00   3.9149152e-03  -3.6168585e-04  -2.9846305e-04
  -5.6128074e-02   4.5457413e-01   3.4669549e+00   4.0799990e-03  -2.7634201e-04  -1.7132754e-04
  -6.0597219e-02   4.8489732e-01   3.4777776e+00   3.9068729e-03  -7.5433584e-04  -2.4953633e-04
  -5.6175307e-02   4.4765925e-01   3.5047509e+00   4.9788653e-03  -6.8292515e-04  -1.9378511e-04
  -5.7205412e-02   4.5666374e-01   3.4925973e+00   4.2978260e-03  -6.2567758e-04  -2.9369417e-04
  -6.8378011e-02   4.5179034e-01   3.4686688e+00   3.5120828e-03  -4.9329622e-04   7.0603160e-05
  -6.1039778e-02   4.8344646e-01   3.5018357e+00   4.2985050e-03  -7.4500678e-04  -1.9261433e-04
  -6.9491107e-02   5.1213789e-01   3.5372682e+00   4.6663396e-03  -5.9260665e-04  -1.4468501e-04
  -5.1248782e-02   4.6792713e-01   3.4893974e+00   3.8371084e-03  -9.9654600e-04  -9.1190744e-04
  -5.6497238e-02   5.0092412e-01   3.5086117e+00   3.8844626e-03  -5.4049695e-04  -4.7179780e-04
  -6.6049780e-02   4.8580948e-01   3.5459358e+00   4.7231135e-03  -2.9042682e-04  -3.0158330e-05
  -8.9440339e-02   4.6411371e-01   3.5049146e+00   3.5185247e-03  -1.1286152e-03  -1.9235202e-04
  -7.6642703e-02   4.7263540e-01   3.5246456e+00   4.0292307e-03  -5.3189113e-04   1.7455298e-04
  -5.8831725e-02   4.8495458e-01   3.5495517e+00   4.5813782e-03  -3.7791543e-04  -3.9401273e-04
  -6.8210789e-02   4.9939740e-01   3.5711226e+00   4.6044231e-03  -7.8701442e-04  -1.5558068e-04
  -6.9059261e-02   5.0478804e-01   3.5412471e+00   4.1974726e-03  -2.4970864e-04  -1.5651280e-04
  -7.4727417e-02   5.0351002e-01   3.6343049e+00   4.3747831e-03  -1.3137014e-03  -1.9331305e-04
  -6.6815771e-02   5.0157875e-01   3.6323340e+00   4.1147821e-03  -9.0497124e-04  -1.9111925e-04
  -6.3351085e-02   4.4883033e-01   3.5952833e+00   3.7108681e-03  -6.4162253e-04   1.6383731e-04
  -4.8999384e-02   5.1513222e-01   3.6018644e+00   4.1070894e-03  -1.0440171e-03  -8.4553580e-04
  -8.3575476e-02   5.0001334e-01   3.6415697e+00   4.8871245e-03  -1.1473941e-03   2.1380900e-04
  -6.1356871e-02   4.8011283e-01   3.6771863e+00   5.7177605e-03  -9.3013311e-04  -3.4095949e-04
  -8.2282402e-02   5.0875952e-01   3.6786136e+00   5.6831660e-03  -9.1189863e-04   1.1618642e-04
  -9.1079941e-02   4.8708024e-01   3.6479719e+00   4.4238355e-03  -1.3188291e-03   3.6955574e-04
  -7.9750479e-02   4.7070009e-01   3.6826347e+00   4.2215492e-03  -1.5298799e-03   2.3052616e-04
  -8.3401500e-02   5.1486989e-01   3.6738254e+00   3.9967437e-03  -2.2885643e-03  -4.1729164e-04
  -6.1009944e-02   5.1553599e-01   3.7042205e+00   4.3197229e-03  -2.0967469e-03  -7.1573131e-04
  -9.3486044e-02   5.3386940e-01   3.7141354e+00   4.5012241e-03  -2.6301186e-03  -8.3757922e-06
  -5.7549869e-02   5.1497928e-01   3.6896669e+00   3.9027645e-03  -1.9757494e-03  -2.3620070e-04
  -6.6792444e-02   5.2747229e-01   3.7263761e+00   5.4342096e-03  -1.9367719e-03  -2.8847508e-04
  -8.0422526e-02   5.0905010e-01   3.6767648e+00   3.6226651e-03  -2.0477072e-03  -1.8882301e-04
  -9.0741961e-02   5.0912952e-01   3.6698154e+00   3.5458589e-03  -1.8234401e-03  -5.3488158e-06
  -5.7265657e-02   5.1399169e-01   3.7146664e+00   2.3933836e-03  -5.0100054e-04   1.3377496e-04
  -4.6698131e-02   4.6926983e-01   3.7710140e+00   2.8902297e-03  -5.4957573e-04  -3.6581266e-04
  -8.6940837e-02   5.4260713e-01   3.7776324e+00   4.4591177e-03  -4.2765014e-04   7.7110902e-04
  -9.3100058e-02   4.3466298e-01   3.7066309e+00   2.3084880e-03  -1.2109777e-03   7.9183803e-04
  -6.9770450e-02   4.5996248e-01   3.7427487e+00   3.6580195e-03  -8.9389346e-04   2.8744923e-05
  -7.6054350e-02   5.0302039e-01   3.7591436e+00   3.6125987e-03  -1.0764441e-03  -1.6277983e-04
  -1.0604123e-01   5.2924743e-01   3.7758608e+00   3.4841680e-03  -1.9623895e-03   1.1515777e-04
  -8.6406461e-02   5.0330774e-01   3.7922869e+00   3.8570031e-03  -1.2413664e-03   8.1606299e-05
  -8.3707818e-02   5.2482807e-01   3.7822699e+00   3.3891446e-03  -1.9522633e-03   2.1366117e-04
  -9.6072225e-02   5.2730667e-01   3.7930236e+00   3.7564593e-03  -1.9104398e-03  -5.6392903e-05
  -7.6700436e-02   5.2758581e-01   3.7963259e+00   1.9607078e-03  -1.4529292e-03  -1.0537875e-04
  -9.1685193e-02   4.9378435e-01   3.8032294e+00   3.3178493e-03  -1.2654637e-03   1.1399246e-04
  -9.5070232e-02   5.2733334e-01   3.7908463e+00   3.4256924e-03  -1.7099650e-03   2.2790628e-04
  -7.8711374e-02   5.4386261e-01   3.8308384e+00   3.9398256e-03  -1.9219721e-03  -1.0396790e-04
  -8.9924737e-02   5.0022734e-01   3.7801362e+00   2.8475115e-03  -2.1778001e-03   3.1003633e-04
  -7.9416547e-02   5.0103877e-01   3.8219677e+00   2.3308753e-03  -2.1361505e-03  -1.1990898e-04
  -9.3230924e-02   4.9370169e-01   3.7870872e+00   2.5160912e-03  -2.0017138e-03   1.4710252e-04
  -8.6609058e-02   5.1783933e-01   3.8186819e+00   3.2108376e-03  -1.9519569e-03   1.7703296e-04
  -1.0217374e-01   5.3326809e-01   3.8275514e+00   2.6450392e-03  -1.7026200e-03   7.3034435e-04
  -1.2204172e-01   2.9736414e-01   3.7076038e+00   3.4203219e-04  -2.0654643e-03   1.8343413e-03
  -8.6664256e-02   5.2975827e-01   3.8272346e+00   3.0157617e-03  -2.2029074e-03  -4.2387942e-04
  -8.4108539e-02   5.2578235e-01   3.8255591e+00   3.5744287e-03  -2.4203220e-03   1.1010914e-04
  -8.9818625e-02   5.0299656e-01   3.8581314e+00   2.6433841e-03  -2.6618036e-03  -1.2962274e-04
  -1.0334551e-01   5.5531695e-01   3.8750260e+00   3.0765173e-03  -2.4051595e-03   3.0710140e-04
  -9.2128440e-02   5.2464545e-01   3.8673165e+00   3.1619238e-03  -2.0272908e-03   2.2509798e-04
  -8.9569495e-02   5.5439080e-01   3.9048655e+00   3.9642686e-03  -2.8907165e-03  -2.0542508e-04
  -7.1061206e-02   5.1342748e-01   3.8511657e+00   2.6925278e-03  -2.9016645e-03  -1.0648692e-04
  -7.6030373e-02   5.3996305e-01   3.8808294e+00   3.5130627e-03  -2.5519175e-03  -5.1419811e-05
  -9.1316362e-02   5.3035934e-01   3.9028933e+00   1.9448478e-03  -2.7852178e-03   4.8022315e-04
  -1.0921000e-01   5.2080668e-01   3.8843341e+00   2.2876376e-03  -2.8807581e-03  -2.9145352e-05
  -8.9457792e-02   5.7044873e-01   3.8818088e+00   8.7914676e-04  -2.7160044e-03  -3.2415948e-04
  -9.3495609e-02   5.4896515e-01   3.9029191e+00   2.7359950e-03  -2.8428040e-03   2.5223065e-05
  -9.5673715e-02   5.3218886e-01   3.9066956e+00   2.7227478e-03  -2.7184709e-03   2.5937213e-04
