  -7.5256228e-15  -1.4210855e-14   0.0000000e+00  -3.8852006e-53  -9.3532802e-88   2.4074124e-35
  -2.0418048e-02   6.6202227e-02   4.1226918e-02   1.0401459e-04   2.2513125e-04   7.8838059e-04
  -2.2088902e-02   2.9939833e-02   4.9048211e-02   6.4507809e-04  -1.4478092e-04   8.8875060e-04
  -2.6264934e-02  -3.9732980e-02  -2.9912658e-02  -1.4793588e-03  -1.5011264e-04   1.1326006e-03
   3.7726778e-03   7.0416837e-02   7.3213121e-02   7.6033761e-04   1.7179011e-04   4.3600998e-04
  -9.6678558e-04   3.4405887e-02   5.7031178e-02  -1.3682267e-03   9.3068509e-04   4.0372125e-04
  -2.4990426e-03  -3.5196299e-02   7.7202074e-02  -7.3645076e-04   5.6807162e-04   3.9255275e-04
  -6.4505527e-03   9.3107198e-02   1.0222369e-01   1.7238665e-03   4.1171345e-04   6.2707739e-04
   3.4865714e-03  -3.2446805e-02   1.2765045e-01   1.3284408e-03   4.0559753e-04   3.8992971e-04
  -1.3504781e-02  -3.2911988e-02   5.6621546e-02  -1.1106753e-03   4.7631712e-04   5.1701883e-04
   1.5018998e-02   6.9355371e-02   8.5511101e-02   1.7941834e-03  -1.2037252e-04   4.3325681e-06
  -7.2016997e-03  -2.5710419e-02   1.0180841e-01   1.8313126e-03   3.1777946e-04   2.6853962e-04
  -3.6474465e-02   1.4394342e-02   6.1830474e-02   2.4952154e-04  -2.9001666e-04   9.9105179e-04
  -8.4861821e-03   4.3231718e-02   8.8265778e-02   1.6633015e-03   5.8335462e-05   6.4618645e-04
  -1.9388359e-02  -1.9250992e-02   1.5753875e-02   2.8122608e-04   1.7606587e-05   7.8913347e-04
  -3.3166846e-03   2.3976406e-02   4.4943322e-02   1.1002358e-04  -2.8818368e-04   4.9634626e-04
  -8.7193278e-03   3.2040315e-02   6.2915563e-02   1.0207166e-03  -9.6888146e-05   3.2061939e-04
  -2.1372827e-02  -2.6302311e-02   1.0193860e-01   1.1930409e-03   1.3064819e-04   5.2663670e-04
   4.6164342e-03  -2.5896341e-02   5.6014930e-02  -1.7283677e-03   4.7687486e-04   1.9517713e-04
   3.0511465e-03   3.2931065e-02   8.7490161e-02   1.3540619e-03  -6.9844039e-04   1.8724836e-04
  -1.3842321e-02  -4.4611847e-02   1.0711393e-01   7.2387530e-04   6.0740335e-04  -8.5843838e-05
  -1.1127245e-02  -1.3255873e-02   3.6704372e-04  -2.6158353e-03  -3.2834168e-05   5.7965627e-04
   3.9897552e-03   1.4574261e-02   3.7782396e-02  -1.3234068e-04  -4.5236341e-04  -9.9627056e-05
  -4.8061016e-04   5.5835476e-03   5.1043548e-02  -7.1861701e-04  -2.8316532e-06   6.6584706e-05
  -2.5076873e-02  -1.9153105e-02   4.6229487e-02   4.8314241e-06  -2.4857140e-04   5.6165382e-04
  -8.7783887e-03  -8.2992038e-03   4.7747228e-02  -2.8889965e-04  -8.9223301e-04   2.9800946e-04
  -1.9041185e-02   2.6862495e-02   8.0373507e-02  -1.1689078e-03   1.7143378e-04   7.5590339e-04
  -2.3792604e-02  -2.1179328e-02   1.9686763e-02  -2.5200105e-03  -5.4458609e-04   5.9355076e-04
   4.4142285e-03   3.2161565e-02   9.3307646e-02   3.2882355e-04  -1.1436742e-04   1.0169354e-04
  -1.3070830e-02   2.0971314e-03   7.8188314e-02  -1.2619930e-03  -1.3261109e-04   5.0667607e-04
  -3.0792823e-02  -3.0808736e-03   6.8931664e-02   4.6352418e-04  -5.4419008e-04   2.7015286e-04
  -3.3404852e-02   6.2682097e-03   1.0850102e-01   1.5145456e-04  -2.9655268e-04   6.5036231e-04
  -8.9067642e-03   2.0312854e-02   1.6290987e-01   1.9860970e-03  -1.8203724e-04   8.6827124e-05
  -3.0588997e-02  -4.2629365e-02   1.5419091e-01   1.6598952e-03  -1.9523668e-04   2.3707760e-04
  -2.5595114e-02  -2.2976883e-02   1.6935625e-01   3.2635611e-04  -4.7231947e-06   3.8724723e-04
  -1.1245143e-03   1.5709519e-02   1.5613676e-01   1.0026715e-03  -6.9947551e-04  -1.3209386e-04
  -3.2834661e-02  -1.3173222e-02   1.1412482e-01  -2.0558322e-03   5.3976528e-04   7.3889675e-04
  -1.7640086e-02  -5.1027569e-02   9.9076329e-02  -2.1993954e-03   1.6313679e-04   4.3096038e-04
  -1.7712723e-02   4.1152458e-02   1.8684937e-01   1.3934462e-03  -8.0456188e-04   2.5413707e-04
  -1.0442002e-02  -5.0429615e-02   2.3334694e-01   1.2634217e-03   3.8602728e-04   5.1714399e-05
  -2.8308232e-02  -1.1260993e-02   1.1784935e-01  -2.7174842e-03   5.3938671e-04   9.0197985e-04
  -1.6511144e-02   1.1811357e-03   1.5459488e-01   1.1410439e-04  -4.8734238e-04  -2.3694593e-04
  -1.1871745e-02  -1.5599779e-02   1.7584505e-01  -1.7144909e-03   4.7452186e-04   3.2134513e-04
  -2.7187057e-02  -3.9721403e-02   1.4990698e-01  -7.1856024e-04  -5.2895475e-04   6.9847154e-04
  -4.1014883e-02   1.1047282e-02   1.8605866e-01  -3.9796129e-05  -1.9478006e-04   6.8000719e-04
  -1.9542467e-02  -2.5359449e-02   2.0068331e-01   8.1866512e-04  -2.1417304e-04   4.4310957e-04
  -1.2356327e-02  -3.3120187e-02   1.7030477e-01   7.2965601e-06  -1.0411502e-05   2.9897373e-04
  -5.7646878e-02  -7.2377083e-03   2.7245410e-01   7.5956463e-04  -3.1330864e-04   6.5432215e-04
  -2.8635759e-02  -4.8054504e-03   2.2504249e-01   6.0010765e-04  -6.8449620e-04   3.8487082e-04
  -1.5440155e-02  -5.8892041e-02   2.4877603e-01   4.2910115e-04  -3.2129904e-05  -2.8589360e-04
  -4.7176731e-02  -2.3326745e-02   2.4959782e-01  -1.4447635e-04  -3.5780719e-04   6.5871955e-04
  -1.5060872e-02   4.7239327e-02   2.8525003e-01   1.6995486e-03  -7.1317957e-04   7.0426905e-05
  -1.1502678e-02  -4.7289691e-02   3.1271204e-01   1.0062424e-03  -6.7458805e-04  -7.0304402e-05
  -2.8798553e-02  -1.2184339e-02   2.6064492e-01  -1.7843820e-03   6.0026811e-04   3.0778606e-04
  -1.0082409e-02   2.7019276e-03   2.6869703e-01   5.5387855e-04  -7.7858229e-05  -1.0491006e-04
  -2.4830203e-02  -6.3234129e-03   2.2581756e-01  -2.1915274e-03  -5.0039681e-04   4.7292433e-04
  -2.5774164e-02  -4.1181677e-02   2.6060277e-01  -7.0285752e-05  -3.5231466e-04   1.9225628e-04
  -2.9213870e-02  -1.7084771e-02   2.8770342e-01  -2.9764028e-05  -3.9220731e-04   3.7433820e-04
  -2.1224891e-02  -5.7769168e-03   3.0905228e-01   1.0075154e-03  -4.2226983e-04   2.5696274e-04
  -4.5057923e-02  -5.5024437e-02   3.3409388e-01   7.2963483e-04  -7.5944898e-04   4.2795919e-04
  -2.6094706e-02  -2.5865622e-02   2.5032427e-01  -1.6210028e-03  -9.3788842e-04   7.2346319e-05
  -5.5258357e-03  -2.5825451e-01   3.2815249e-01  -5.1503669e-04  -2.5983397e-04   1.8938339e-04
  -4.5890432e-02  -2.8348271e-02   3.3391395e-01   3.9452811e-04  -1.0769254e-03   6.2508509e-04
  -3.5898078e-02   1.1164219e-02   3.4146991e-01   3.6405097e-04  -9.4479428e-04   5.0121397e-04
  -1.6737772e-02   1.4533012e-02   3.5474982e-01   7.1757764e-04  -4.8736974e-04  -6.5733646e-05
  -3.1746107e-02  -5.2116398e-02   3.7321038e-01   3.5465208e-06  -3.9995876e-04   1.8287702e-04
  -4.4440949e-02  -4.1555322e-02   3.6979163e-01  -1.1616174e-03  -5.9715959e-04   5.9641444e-04
  -2.6302406e-02   1.3687008e-02   3.8399727e-01   1.1131248e-03  -6.9623416e-04  -2.7452384e-04
  -2.2377217e-02  -1.6834010e-02   3.5055401e-01  -2.1225534e-03  -6.8704079e-05   2.2657702e-04
  -3.8965637e-02  -1.8277244e-02   2.9816343e-01  -3.1674188e-03  -1.5958984e-04   8.6955064e-04
  -5.6532140e-02   3.1052166e-03   4.3491311e-01  -3.5488553e-05  -4.1344888e-04   4.8575697e-04
  -5.0789889e-02  -3.8624722e-03   3.9016156e-01   1.3022311e-04  -5.0096767e-04   8.7352488e-04
  -2.3723939e-02  -3.0569838e-02   3.7378171e-01  -2.4539763e-03   1.6536383e-04   7.2527077e-05
  -3.6057347e-02  -6.0165794e-02   3.3909922e-01  -2.6980253e-03  -1.0418682e-03   4.6294281e-04
  -2.2718869e-02  -2.0886921e-03   4.1054277e-01  -6.9252321e-04  -7.4285667e-04   1.6783713e-04
  -4.2787095e-02  -1.7028247e-02   4.2120239e-01  -8.8046442e-04  -8.1618763e-04   6.0099922e-04
  -5.2638304e-02  -1.6416291e-02   4.0636699e-01  -7.4514770e-04  -1.0375976e-03   3.9115490e-04
  -4.2725990e-02  -2.9686118e-02   4.8363969e-01  -7.7815512e-04  -8.2067818e-04   7.6852805e-05
  -2.8511383e-02  -3.7377492e-03   4.7620987e-01   3.7545682e-04  -7.9044569e-04   3.0868133e-04
  -4.5319880e-02  -7.3308141e-02   4.8263055e-01  -9.7814677e-04  -5.8242651e-04   1.5856730e-04
  -4.7600947e-02  -2.4208544e-04   4.4152880e-01  -3.3645206e-03   9.4435995e-05   5.1102887e-04
  -2.5614937e-02   2.7589250e-02   4.8147096e-01  -4.8292853e-04  -1.3192271e-03  -2.0449406e-04
  -4.5466185e-02  -9.4981059e-03   4.6408768e-01  -2.7740401e-03  -2.3606216e-04   6.4909764e-04
  -3.3574944e-02  -4.6808063e-02   4.6720087e-01  -3.0355143e-03  -3.8951132e-04   1.8194668e-04
  -4.2340488e-02   3.1963235e-02   5.3044085e-01  -1.0575315e-04  -1.2045706e-03   5.2376957e-05
  -3.6816057e-02   1.0420195e-02   5.1970166e-01  -1.3374325e-03  -5.6617020e-04   2.9677806e-04
  -5.0394281e-02  -4.0988466e-02   5.2032370e-01  -4.9488103e-04  -6.9392246e-04   7.3663319e-04
  -3.3374354e-02  -8.0603815e-03   5.8535378e-01  -2.0252145e-04  -7.9464465e-04   1.8141931e-04
  -2.4212493e-02   1.0205343e-02   5.6833381e-01  -4.2515200e-05  -6.5684890e-04   2.0519746e-04
  -2.9912926e-02  -2.9332850e-03   5.2887002e-01  -2.8919810e-03  -6.3159581e-04   4.7045738e-04
  -6.4581390e-02  -2.7946652e-02   5.7084433e-01  -2.1137817e-04  -7.0250107e-04   9.0352907e-04
  -3.8811712e-02  -1.2026513e-02   5.4435481e-01  -3.3586679e-03  -7.6267708e-04   2.4770429e-04
  -2.0403099e-02   7.6010631e-03   5.5746284e-01  -1.1948158e-03  -8.2121334e-04   5.3850830e-05
  -3.8237443e-02   1.0853406e-02   5.9456471e-01  -1.6796551e-03  -8.0939973e-04   1.3646132e-04
  -3.5915991e-02  -1.9778087e-02   6.0123168e-01  -8.5449221e-04  -9.8462023e-04   4.0197876e-05
  -3.2905746e-02  -1.9116819e-02   6.2477821e-01  -2.4619416e-03   9.9286413e-05  -8.3360521e-06
  -3.1919521e-02  -4.5656387e-03   6.2985040e-01  -5.4905669e-04  -1.4123444e-03  -3.2443943e-04
  -3.1971211e-02  -1.5492799e-02   6.1341532e-01  -2.7012741e-03  -4.9226708e-04   3.8477057e-04
  -4.2775071e-02  -1.8608515e-02   6.8756080e-01   2.4286404e-04  -2.8007489e-04   4.6753732e-04
  -4.7421609e-02  -3.4643519e-02   6.2691654e-01  -3.5186493e-03   2.6647422e-05   4.6164180e-04
  -3.3504998e-02   1.2387814e-02   6.7039462e-01  -8.1890901e-04  -1.0051731e-03  -3.5096100e-05
  -2.5637067e-02  -1.6741250e-02   6.7037056e-01  -2.3655917e-03   3.2186943e-05   3.4815235e-04
  -4.0449246e-02  -3.5164689e-02   6.5786026e-01  -1.8477621e-03  -8.5146062e-04   4.5565397e-04
  -5.0049412e-02   8.4523917e-03   7.5505363e-01   6.9560363e-06  -6.2695661e-04   7.5865497e-04
  -3.7016632e-02   1.5576354e-02   7.2718552e-01  -3.5425063e-04  -9.4115707e-04   4.8731094e-05
  -3.3395626e-02  -3.7222457e-02   7.5139918e-01  -1.9794153e-03   1.0947871e-04   6.4630135e-04
  -3.6724043e-02  -6.3891949e-02   7.4661080e-01  -2.1676429e-03   7.5233397e-05   2.3106896e-04
  -3.9195084e-02   2.3905485e-02   7.5334299e-01  -8.6740048e-04  -1.2693329e-03   9.5643355e-05
  -2.5523554e-02   5.8942011e-03   7.4678800e-01  -1.3390861e-03  -9.2077150e-04   1.9163387e-04
  -4.7785871e-02  -4.9416111e-02   7.8330200e-01  -1.2721817e-03  -5.0523560e-04   5.0304250e-04
  -3.8920706e-02  -8.6919849e-03   7.4524695e-01  -1.4471391e-03  -1.0157266e-03   3.4985529e-04
  -4.9310043e-02  -6.8833633e-03   7.8385768e-01  -9.0800359e-04  -7.4244866e-04   4.5036244e-04
  -3.7198034e-02   1.5660904e-02   8.0868088e-01  -2.0519033e-04  -9.0907489e-04   1.5466416e-04
  -4.4614726e-02  -4.0387876e-02   8.4398366e-01  -1.4067747e-03  -3.1694746e-04   8.2147474e-05
  -2.7161459e-02  -1.5574251e-02   8.1779078e-01  -3.4814972e-03  -3.4553921e-05   5.9740009e-04
  -3.1032654e-02   3.6717051e-02   8.3228623e-01  -9.0701462e-04  -1.3010444e-03   6.2967579e-05
  -5.4337706e-02   8.8238061e-03   8.4913588e-01  -1.4271746e-03  -9.7369685e-04   5.7306067e-04
  -3.3331561e-02  -2.4978462e-02   8.6819129e-01  -8.1232502e-04  -3.6329650e-04   1.4022297e-04
  -2.8791869e-02  -3.8468521e-02   8.2386845e-01  -3.5249109e-03  -1.1781836e-04   1.2753466e-04
  -6.0286490e-02   2.2325442e-02   8.6471240e-01  -8.2333483e-04  -6.5898086e-04   3.2863428e-04
  -3.4962200e-02   1.9604522e-02   8.5950851e-01  -2.6508005e-03  -2.2756275e-06   2.5352778e-04
  -3.2586462e-02  -3.9475545e-04   8.6161126e-01  -2.0376429e-03  -1.2736586e-03   2.1681670e-05
  -4.4666964e-02   3.0152144e-02   9.4493380e-01   8.8418182e-05  -8.1368498e-04   2.0519259e-04
  -2.7769926e-02   2.6147878e-02   9.4703535e-01  -3.6442305e-04  -9.1893895e-04   1.3325067e-04
  -1.6347342e-02  -4.0508753e-02   9.4311355e-01  -2.3725472e-03   2.1910735e-04  -1.2774171e-05
  -5.3872063e-02  -3.5389733e-03   8.7994924e-01  -2.9576368e-03  -4.4038581e-04   7.6411965e-04
  -4.4848575e-02   3.2359992e-02   9.7137709e-01  -2.4478252e-03   3.4774558e-04   5.9562348e-04
   4.8347016e-03   1.6099459e-02   9.4747022e-01  -1.1805802e-03  -1.1104718e-03  -7.9614945e-04
  -2.5749097e-02  -3.4639161e-03   9.4284955e-01  -2.7460699e-03  -2.0398712e-04   9.0097027e-05
  -4.5719102e-02  -1.4649390e-02   9.9686444e-01  -5.7087119e-04  -4.7599263e-04   7.3931723e-04
  -4.6054808e-02  -5.1262663e-03   1.0321078e+00  -5.9766780e-04  -1.7998694e-04   8.8514711e-04
  -5.1306018e-02   4.0628948e-02   1.0420566e+00  -2.0968739e-05  -1.1527364e-03   7.5237311e-04
  -2.5359158e-02  -3.0808226e-03   1.0043421e+00  -3.0948643e-03   1.1516790e-06   3.5564771e-04
  -2.5763835e-02  -2.8167266e-02   1.0082090e+00  -2.9781039e-03  -6.4865639e-04   4.7496180e-04
  -4.8631438e-02   4.0812302e-02   1.0563620e+00  -6.7118348e-04  -9.8086580e-04   8.1689274e-04
  -2.7493494e-02   9.4024954e-03   1.0448510e+00  -9.2070096e-04  -9.1430813e-04   2.2345647e-04
  -4.2633734e-02  -1.8008472e-02   1.1055186e+00  -4.5809292e-04  -8.6550739e-04   3.0015863e-04
  -1.8451786e-02   1.4881489e-02   1.0539221e+00  -3.2506777e-03   5.5631713e-04   6.0931868e-04
  -4.3658178e-03   5.0710885e-02   1.1107085e+00  -5.1644677e-04  -8.0135011e-04  -4.6716898e-04
  -2.5709176e-04   3.3316966e-02   1.0900562e+00  -2.5702503e-03  -7.2611725e-04  -3.2872789e-04
  -3.4217193e-02  -8.2766172e-03   1.1496046e+00  -1.2825293e-03  -6.5173855e-04   1.9660747e-04
  -3.0923583e-02   5.7759801e-04   1.0856139e+00  -2.7161098e-03  -1.8806468e-04   3.1133504e-04
  -3.6616464e-02   2.7820633e-02   1.1818664e+00  -6.2459169e-04  -6.0869091e-04   7.8331448e-05
  -2.0340869e-02   3.0968507e-02   1.1695291e+00  -2.9592688e-04  -1.3422866e-03   1.4072484e-04
  -1.8628750e-02  -1.5479328e-02   1.1851127e+00  -1.4581050e-03  -5.1373166e-04   4.8969856e-06
  -2.8566299e-02   2.7527760e-02   1.1573733e+00  -1.8961135e-03  -8.9492642e-04   1.1212526e-04
  -2.7325662e-02   1.8133959e-02   1.2277538e+00  -2.7402177e-04  -3.6184761e-04   4.1949472e-04
  -2.3542319e-02   2.0447285e-02   1.2127260e+00  -7.1590709e-04  -1.4574750e-03  -7.6691540e-05
  -2.4245047e-02   2.7590204e-02   1.1723958e+00  -2.5171463e-03  -9.5444552e-04   1.1179096e-04
  -1.7112307e-02   2.1653405e-02   1.1769851e+00  -1.7840357e-03  -7.6865130e-04  -5.7984767e-06
  -2.5603944e-02   1.6220140e-02   1.2732670e+00  -9.3631635e-04  -1.6006253e-04   5.2111497e-04
  -3.1285038e-02   6.1536828e-02   1.2637473e+00  -1.4478036e-04  -1.0126859e-03   1.7151086e-05
  -2.1696110e-02   5.8255106e-03   1.3191929e+00  -1.5685979e-04  -7.9397022e-04  -2.1240521e-04
  -4.3927401e-02   3.6811494e-02   1.2457390e+00  -3.2079923e-03  -5.1958816e-04   7.7542473e-04
  -3.1151932e-02   4.8465152e-02   1.2849256e+00  -1.1835996e-03  -1.2618490e-03   7.0576797e-05
  -2.5825363e-02   4.4935697e-02   1.3026379e+00  -9.0538785e-04  -1.0227941e-03   5.1985552e-04
  -2.1386553e-02   2.3247665e-02   1.2877541e+00  -3.0116438e-03   1.5821221e-04   7.0018727e-04
  -1.1285380e-02   2.7767758e-02   1.2931989e+00  -1.7223547e-03  -8.3056117e-04   3.2560282e-04
  -2.2955297e-02   1.2991102e-02   1.3658993e+00  -1.8979699e-03  -2.7907385e-04   2.3379942e-04
  -4.3560019e-03   3.7363857e-02   1.3588352e+00  -1.0650671e-03  -9.7699839e-04  -2.0492518e-04
  -1.9064386e-02   4.4616357e-02   1.3569795e+00  -2.5145787e-03  -3.3857147e-04   7.1219627e-04
  -1.7538522e-02   1.0513481e-02   1.4024158e+00  -7.6115031e-04  -9.1851654e-04   2.8369333e-05
  -6.6705510e-03   1.0805644e-02   1.3816228e+00  -2.7779618e-03   8.7943901e-06   2.1931780e-04
  -3.7451906e-04   6.9089234e-02   1.4176681e+00  -6.0427362e-04  -1.0104813e-03  -3.2424970e-04
  -2.7625916e-02   6.3959292e-02   1.4231653e+00  -1.1514094e-03  -1.0147705e-03   1.2024362e-04
  -2.8542732e-02   2.9987031e-02   1.4554848e+00  -1.7521299e-04  -9.7572697e-04   1.3460555e-04
  -2.1394137e-02   3.5092448e-02   1.4751728e+00  -2.4896586e-03  -3.4475640e-04   2.7567620e-04
  -9.3298361e-03   6.0465360e-02   1.4821965e+00  -4.2142451e-04  -1.3333613e-03  -5.4582782e-05
  -1.2317461e-02   3.2392247e-02   1.4507612e+00  -2.9705889e-03  -8.2153011e-04   6.5615370e-05
  -2.1193322e-02   3.3353007e-02   1.5193115e+00  -5.3390997e-04  -6.8219966e-04   2.0729246e-05
  -5.7466802e-04   1.1966733e-02   1.5375908e+00  -1.4064885e-03  -3.0808138e-04  -3.0653878e-04
  -1.6601589e-02   8.4126273e-02   1.5276990e+00  -6.7582787e-04  -8.0742978e-04   1.8888835e-04
  -1.4349408e-02   3.6036583e-02   1.5288592e+00  -2.1323609e-03  -3.5283617e-04   2.5198943e-04
  -3.4338575e-02   3.8600489e-02   1.5252852e+00  -2.8639019e-03  -5.4267937e-04   9.1157590e-04
   4.2913686e-03   1.0194369e-01   1.5689197e+00  -5.0728108e-04  -1.0350715e-03  -4.1504686e-04
  -2.2443140e-02   6.6811549e-02   1.5434221e+00  -2.6734584e-03  -4.8807736e-04   5.1381274e-04
  -1.3999402e-02   2.9316094e-02   1.5340233e+00  -2.8398825e-03  -3.0940597e-04   5.2164394e-04
  -2.3900276e-02   6.8467077e-02   1.6461687e+00  -2.7978496e-04  -2.8476156e-04   4.2893299e-04
  -1.0954895e-02   8.2558347e-02   1.5907379e+00  -1.1176085e-03  -2.1601070e-04  -7.2096923e-06
  -8.8357505e-03   2.3540860e-02   1.6190626e+00  -1.9219184e-03  -2.6008817e-05  -2.8380005e-05
  -9.6849987e-03   5.5140871e-02   1.5976216e+00  -2.2256694e-03  -6.0514095e-04   2.7031898e-04
  -2.2894007e-02   7.7647255e-02   1.6667901e+00  -5.3019540e-04  -1.0467165e-03   7.0401865e-04
  -8.9961475e-03   4.8846668e-02   1.6567713e+00  -6.9175646e-04  -7.2134411e-04   9.2305222e-06
  -1.5505844e-02   3.7446494e-02   1.7035936e+00  -5.2383270e-04  -2.5785353e-04   1.8857751e-04
   4.4203907e-03   7.0136318e-02   1.6735364e+00  -2.5242489e-03  -1.0055480e-03  -2.0699660e-04
  -1.1739451e-02   1.0075445e-01   1.7271989e+00  -5.7694369e-04  -5.9120250e-04   4.6678747e-04
   7.7356115e-03   8.1356847e-02   1.7303229e+00  -2.9940136e-04  -6.6594490e-04  -1.1916095e-04
  -1.2085542e-02   3.0907675e-02   1.7741057e+00   3.2438801e-04  -3.1854731e-04   2.2486801e-04
  -7.4424259e-03   5.1987436e-02   1.7407464e+00  -2.7017202e-03  -2.9756543e-04   2.2140587e-04
   5.7775502e-03   9.0707530e-02   1.7534344e+00  -9.4743578e-04  -9.3721467e-04  -3.8880501e-04
  -1.3791978e-03   7.5656874e-02   1.7418054e+00  -1.7003597e-03  -5.6910888e-04  -3.2278641e-05
  -1.3891865e-03   5.9242781e-02   1.7384256e+00  -3.3175209e-03  -5.6781801e-04   4.2214002e-04
   3.8954644e-03   5.5282151e-02   1.7404298e+00  -1.9722829e-03  -9.3634857e-04   1.9087504e-04
   2.0693115e-03   5.6909329e-02   1.8392714e+00  -1.3537436e-03  -4.6021514e-04   2.7451687e-04
   1.1899304e-02   7.9311661e-02   1.8018367e+00  -1.0796483e-03  -1.3159982e-03  -1.3712895e-04
   1.0492727e-02   5.3128924e-02   1.7945792e+00  -3.3064408e-03  -3.5152123e-04   2.9441638e-04
   3.8496338e-03   5.5340208e-02   1.8098692e+00  -2.0056053e-03  -5.6182150e-04   1.3377919e-04
  -2.9390814e-03   9.9909178e-02   1.8561517e+00  -2.5640482e-03  -1.4637428e-04   3.3883753e-04
  -4.4561018e-03   8.0727571e-02   1.8888295e+00  -2.9657654e-04  -8.9379150e-04   4.2704969e-04
   1.1380543e-03   6.1163456e-02   1.8627692e+00  -1.3935972e-03  -1.4801769e-03   3.6689381e-04
   6.9836840e-03   5.0393813e-02   1.9005175e+00  -1.0460463e-03  -4.1854730e-04  -2.5305827e-04
   1.3963422e-02   7.3515464e-02   1.8800612e+00  -3.1953789e-03   1.2783161e-04   5.6970011e-04
   1.3199856e-02   9.6665419e-02   1.9094779e+00  -9.7817329e-04  -6.6915271e-04   2.4252915e-05
   1.6834784e-02   8.6646844e-02   1.9013679e+00  -1.7824134e-03  -5.3360382e-04   1.3473199e-04
   1.2462616e-02   4.3287894e-02   1.9284460e+00  -2.9418166e-03  -1.7144816e-04   4.8388909e-04
   5.0203998e-03   7.2940609e-02   1.9151087e+00  -1.8657507e-03  -8.1049326e-04   2.3851825e-04
  -4.4320293e-03   6.4394312e-02   1.9842028e+00  -2.9216051e-03   2.4812891e-04   6.5846842e-04
   1.0131751e-02   6.5716947e-02   1.9739597e+00  -1.0951435e-03  -7.0723066e-04  -4.3217387e-05
   1.1310350e-02   9.4058272e-02   1.9578270e+00  -2.7895962e-03  -5.8819362e-05   3.2442583e-04
   7.1809695e-03   1.7514068e-02   2.0114256e+00  -1.9814186e-03  -1.9668834e-04   9.2296366e-05
  -1.8118157e-04   7.0626122e-02   1.9742314e+00  -3.3547953e-03  -1.8780895e-04   7.4404128e-04
   5.8511560e-03   7.4158130e-02   2.0845523e+00  -1.0391983e-03   4.3828585e-05   3.3946835e-04
  -1.2864635e-03   8.4982306e-02   2.0439506e+00  -1.0058565e-03  -1.0915979e-03   3.0187270e-04
   1.3341764e-02   5.2305584e-02   2.0433255e+00  -3.7475802e-03  -5.9403166e-04   5.5083380e-04
   9.0827309e-03   5.9428366e-02   2.0696327e+00  -1.1827506e-03  -8.2171011e-04   1.5332796e-04
   5.2917975e-03   8.7173810e-02   2.1047627e+00  -2.6962310e-03  -3.3128500e-04   2.8655129e-04
   6.0939846e-03   9.6027864e-02   2.1127154e+00  -1.3826730e-03  -3.4977165e-04   6.7976493e-04
  -1.6135053e-02   9.4814934e-02   2.1148197e+00  -1.1648063e-03  -9.2470374e-04   8.8685169e-04
   1.8808762e-02   6.4229318e-02   2.1329178e+00  -2.7414044e-03   1.2069217e-04   5.4320285e-04
   9.3732665e-03   7.4005348e-02   2.1092189e+00  -2.0380409e-03  -7.6082911e-04   1.6422911e-04
   3.7892940e-03   6.8226617e-02   2.1701741e+00  -2.9794184e-03   3.6336894e-04  -4.5161449e-08
   2.7769552e-02   9.0986476e-02   2.1752323e+00  -1.1739361e-03  -7.1359324e-04  -2.9629604e-04
   3.7020831e-02   8.5211232e-02   2.1467018e+00  -3.2889138e-03  -2.5775205e-04   1.5181507e-04
   9.9305789e-03   6.1599510e-02   2.2368767e+00  -9.4233898e-04  -4.6938353e-04   3.8827167e-04
   2.8878955e-02   7.0894281e-02   2.1835981e+00  -3.2998129e-03  -4.6753377e-04   7.5171313e-05
  -3.3432391e-03   9.6556618e-02   2.2744781e+00  -2.4351048e-04  -7.1403324e-04   7.5544919e-04
   8.9370271e-03   8.3555511e-02   2.2517738e+00  -8.9350924e-04  -8.4245375e-04   5.3458623e-04
   1.8771248e-02   7.8715729e-02   2.2049387e+00  -4.0121764e-03  -6.8247629e-04   5.5539699e-04
   1.9529443e-02   1.0006187e-01   2.2535495e+00  -1.2802747e-03  -1.1493466e-03  -2.1116039e-04
   2.0598510e-02   7.0750940e-02   2.3066604e+00  -2.4757504e-03  -1.3727008e-04   1.9983209e-04
   3.0766150e-02   1.1857109e-01   2.2982386e+00  -1.1153352e-03  -8.9287756e-04  -2.9559757e-04
   3.2316277e-02   1.0938327e-01   2.3030600e+00  -2.3342387e-03  -5.4511025e-04   1.1811789e-04
   3.4903353e-02   7.9200868e-02   2.3611541e+00  -5.3119204e-04  -7.4807848e-04  -3.3141085e-04
   1.1424421e-02   7.2758393e-02   2.3893502e+00  -7.1057893e-04  -4.9375829e-04   4.3926850e-04
   1.5800292e-02   1.2174067e-01   2.3649703e+00  -9.7096179e-04  -3.5603423e-04   2.5243867e-04
   2.7103719e-02   1.2598965e-01   2.3371077e+00  -2.8096602e-03  -6.4587949e-04   2.0766908e-04
   2.9267937e-02   6.2070971e-02   2.3717269e+00  -1.4762561e-03  -5.4337278e-04   8.2393888e-05
   2.2806184e-02   7.6113024e-02   2.4141536e+00  -2.8311624e-03  -1.5266143e-05   5.8909690e-04
   2.7612922e-02   1.2596558e-01   2.4179535e+00  -1.1434771e-03  -1.2855606e-03   1.3646728e-04
   4.4605599e-02   9.6240711e-02   2.4160412e+00  -3.7960739e-03  -2.1835509e-04   4.0877174e-05
   1.6641125e-02   1.0981848e-01   2.4600844e+00  -1.0074294e-03  -1.0320269e-03   2.9637717e-04
   2.1042767e-02   9.0027460e-02   2.4871772e+00  -1.9381491e-03  -6.6897967e-04   5.2084202e-04
   3.5493337e-02   1.2687837e-01   2.4955768e+00  -8.2041932e-04  -1.1752046e-03  -3.0946607e-04
   4.5581775e-02   1.1396371e-01   2.4691546e+00  -3.4910413e-03  -3.9149545e-04  -5.0696614e-05
   3.2002494e-02   9.1056239e-02   2.5280934e+00  -1.8781075e-03  -8.0279068e-04   1.1861737e-04
   3.1608228e-02   8.3879096e-02   2.4942775e+00  -3.1098494e-03  -2.1353106e-04   3.6159011e-04
   3.0622990e-02   1.5264076e-01   2.5773689e+00  -1.9286991e-04  -7.1299290e-04   2.7545729e-04
   3.7467919e-02   1.2842644e-01   2.5557466e+00  -1.5337176e-03  -7.9284808e-04  -2.2448735e-05
   3.7536877e-02   8.9837157e-02   2.5675436e+00  -3.3148018e-03  -2.8643695e-04   2.4217277e-04
   3.7971181e-02   1.0214965e-01   2.5755739e+00  -1.9084244e-03  -8.6650067e-04   6.9527266e-05
  -2.0886853e-03   9.1596572e-02   2.6556394e+00  -8.6020417e-04  -1.0052108e-03   9.2706395e-04
   2.5969195e-02   1.4053723e-01   2.6252556e+00  -1.0999457e-03  -1.0274278e-03   2.7001365e-04
   5.5381139e-02   1.1472881e-01   2.6378430e+00  -2.3028090e-03  -1.1258381e-04  -2.8975981e-04
   4.3727201e-02   1.0840729e-01   2.6298508e+00  -2.5215649e-03  -9.2847742e-04   2.1606913e-04
   3.1328273e-02   1.2187350e-01   2.7074801e+00  -9.1774358e-04  -9.4795252e-04   3.5084019e-04
   4.1687645e-02   1.5540735e-01   2.6803129e+00  -8.2714852e-04  -1.4512062e-03  -2.7904143e-04
   4.4234336e-02   1.0106635e-01   2.7039814e+00  -1.8973280e-03  -3.5697110e-04  -2.5470641e-05
   3.8290161e-02   1.1812800e-01   2.6934489e+00  -2.8773018e-03  -1.7507511e-04   5.8916029e-04
   3.4841595e-02   1.3286634e-01   2.7636719e+00  -3.4601729e-04  -7.0146502e-04   2.5641071e-04
   3.9533743e-02   1.4569822e-01   2.7479142e+00  -5.6171520e-04  -9.8750309e-04   2.3104004e-04
   3.8042826e-02   1.1401357e-01   2.7021290e+00  -3.0523432e-03  -2.1015715e-04   2.3453485e-04
   2.0997897e-02   1.2379463e-01   2.7850924e+00  -4.9333328e-04  -9.0267547e-04   4.1852143e-04
   4.3848579e-02   7.3329930e-02   2.7993402e+00  -1.5317212e-03  -9.0082213e-04   1.5773264e-04
   2.6455164e-02   1.4222871e-01   2.7951204e+00  -6.0024724e-04  -1.2594637e-03   3.3985798e-04
   5.0839393e-02   8.3904887e-02   2.8083680e+00  -2.0985123e-03  -2.4750162e-04  -2.2549960e-04
   4.1046530e-02   1.3087081e-01   2.8052512e+00  -1.5098289e-03  -7.3043917e-04   2.2996860e-04
   3.2189278e-02   1.1714438e-01   2.8546318e+00  -1.9945521e-03  -5.4516046e-04   3.1404329e-04
   4.6285363e-02   1.3198306e-01   2.8455102e+00  -9.7262417e-04  -8.6834246e-04   1.4947686e-04
   4.6303032e-02   1.4334996e-01   2.8467757e+00  -2.1943189e-03  -7.2785065e-04   4.0525925e-04
   4.0767423e-02   1.1507389e-01   2.8994184e+00  -6.6102590e-04  -1.1609052e-03   1.6310393e-05
   3.4937429e-02   1.1916865e-01   2.8902706e+00  -2.6343292e-03  -3.1151046e-04   6.8911270e-04
   6.4770824e-02   1.5774352e-01   2.9538872e+00   1.9924315e-04  -5.1298196e-04  -3.0021957e-04
   4.1363912e-02   1.5327387e-01   2.9344857e+00  -6.8451785e-04  -1.1373669e-03   2.2962953e-04
   4.5018538e-02   9.4189128e-02   2.9570275e+00  -8.1768366e-04  -1.4366232e-04   2.2213828e-04
   5.7203786e-02   1.5228510e-01   2.9356373e+00  -2.4669812e-03  -2.9613494e-04   1.6075631e-05
   4.4907848e-02   1.4189680e-01   3.0012577e+00  -6.3897828e-04  -7.7995944e-04   1.4936266e-04
   3.4786703e-02   1.5116146e-01   2.9688070e+00  -1.0687750e-03  -7.7837800e-04   5.2276038e-04
   6.1154284e-02   1.4716906e-01   2.9711826e+00  -1.7843026e-03  -6.2743140e-04  -9.2853117e-05
   3.7991828e-02   1.0604089e-01   3.0216496e+00  -1.0019741e-03  -9.0904789e-05   6.4801422e-04
   5.5700591e-02   1.3653443e-01   2.9868396e+00  -2.0289297e-03  -2.4124089e-04  -1.7585721e-05
   5.7852719e-02   1.4155528e-01   3.0374758e+00  -9.0321229e-04  -9.6347639e-04  -3.6747235e-04
   4.9479717e-02   1.5561639e-01   3.0560870e+00  -1.1064304e-03  -7.0642890e-04  -1.0729427e-04
   5.6215735e-02   1.2766502e-01   3.0753554e+00  -2.2539768e-03  -1.8174889e-04  -1.9308087e-04
   5.0297708e-02   1.4554581e-01   3.0827209e+00  -2.1924218e-03  -5.5456106e-04  -5.4046544e-05
   5.1130135e-02   1.5321114e-01   3.1207686e+00  -7.6783942e-04  -9.1683156e-04   5.8283058e-05
   6.3313858e-02   1.7022451e-01   3.1271240e+00  -3.6221219e-04  -1.1784931e-03  -3.4208788e-04
   4.8362090e-02   1.3691828e-01   3.1602764e+00  -5.4805688e-04  -4.5205298e-04   9.8996549e-05
   5.9818360e-02   1.6818116e-01   3.1285775e+00  -2.3996238e-03  -8.0112644e-04   2.0119362e-04
   6.4576125e-02   1.6734363e-01   3.1995154e+00  -4.5067261e-04  -1.2902429e-04  -4.3817016e-06
   5.4508391e-02   1.8252298e-01   3.2039243e+00  -2.8738249e-04  -1.0644259e-03  -2.4566470e-05
   6.9272077e-02   1.4743920e-01   3.1886726e+00  -2.5874340e-03   4.1934372e-05   4.0838262e-04
   5.1291190e-02   1.3228170e-01   3.1710891e+00  -1.9858324e-03  -6.5791630e-04  -5.7462106e-07
   5.4306671e-02   1.2865713e-01   3.2391260e+00  -1.5717884e-03   2.0888222e-05   6.0865004e-04
   6.4314698e-02   1.8128482e-01   3.2245258e+00  -7.7278244e-04  -1.1117708e-03  -2.2437302e-04
   6.4005308e-02   1.6584218e-01   3.2420250e+00  -1.6672011e-03  -2.8405753e-04   2.6084429e-04
   5.6072372e-02   1.1561524e-01   3.2615167e+00  -1.9403430e-03  -2.8170580e-04   3.1293967e-04
   5.8145965e-02   1.6399729e-01   3.2684875e+00  -8.1807770e-04  -6.5272398e-04   5.0886739e-04
   7.5151937e-02   1.4737371e-01   3.2921951e+00  -2.2703681e-03  -1.6657942e-04   1.2317220e-04
   8.0363388e-02   1.6961630e-01   3.3271378e+00  -4.4181845e-04  -1.3967627e-03  -3.0384234e-04
   6.9492430e-02   1.4929977e-01   3.3083486e+00  -2.6619736e-03  -6.2186345e-04   9.5050487e-05
   7.3422620e-02   1.1588580e-01   3.3714971e+00  -1.5055250e-03  -1.7324755e-04  -1.4917879e-04
   5.1526190e-02   1.4888442e-01   3.3429393e+00  -1.7158421e-03  -7.1387635e-04   4.5500678e-04
   5.7350087e-02   1.2232812e-01   3.4212512e+00  -4.8682719e-04  -3.4551344e-04   2.7795860e-04
   8.8597866e-02   1.6779085e-01   3.4003900e+00  -2.8146779e-04  -6.7592546e-04  -3.7431867e-04
   6.5273575e-02   1.5562818e-01   3.3796051e+00  -2.9300674e-03   5.0759893e-04   8.7386406e-04
   5.2064870e-02   1.3487366e-01   3.4124140e+00  -6.5936643e-04  -5.8588731e-04   5.5352939e-04
   6.9631741e-02   1.4625781e-01   3.4207884e+00  -2.2030148e-03  -6.5275684e-05   4.3942840e-04
   8.4648756e-02   1.9420287e-01   3.4969489e+00   1.6879661e-04  -1.0810828e-03  -6.4942239e-05
   6.5674908e-02   1.7213476e-01   3.4642283e+00  -2.0450786e-04  -1.0358630e-03   3.9462946e-04
   7.7658743e-02   1.8901391e-01   3.4631575e+00  -1.4713234e-03  -3.9452705e-04  -2.3650796e-04
   7.4595338e-02   1.3989135e-01   3.5071981e+00  -9.3597858e-04  -4.7354290e-04  -6.0748533e-05
   7.3437071e-02   1.7634047e-01   3.5510828e+00   1.2896513e-04  -4.6956937e-04   1.2123193e-04
   9.3614729e-02   1.8228156e-01   3.5518434e+00  -9.5281461e-05  -9.0718726e-05  -2.2459474e-04
   9.6128676e-02   1.8068470e-01   3.5725656e+00   3.0252392e-04  -4.3909879e-04  -4.2247382e-04
   8.1206913e-02   1.3352758e-01   3.5978094e+00  -8.6214025e-04  -1.3363785e-04  -1.3871538e-04
   8.6423019e-02   1.7178346e-01   3.5579951e+00  -1.9361541e-03   1.3238589e-06   2.3153365e-04
   8.4494836e-02   1.6051338e-01   3.6509153e+00  -5.4823008e-04  -6.5010683e-04   1.5989508e-05
   8.8192434e-02   1.7235127e-01   3.6239432e+00  -1.1228669e-04  -1.0176968e-03  -4.4868339e-04
   9.2585920e-02   1.6820356e-01   3.5857592e+00  -2.5346132e-03  -1.6718315e-04   2.6589932e-04
   6.9134231e-02   1.7371446e-01   3.6639096e+00   3.0460233e-05  -7.0216595e-04   6.9015722e-04
   7.3598721e-02   1.5593316e-01   3.6562563e+00  -2.1365965e-03  -2.1426024e-04  -8.1800701e-05
   6.6132017e-02   1.9120998e-01   3.7241230e+00   5.6871478e-04  -4.9467121e-04   3.3533237e-04
   8.4706771e-02   1.8750159e-01   3.6981839e+00  -1.9026047e-04  -9.1116587e-04   1.3343267e-05
   9.2646583e-02   1.3898827e-01   3.7113954e+00  -1.9719378e-03   1.3060432e-04   3.0667882e-04
   7.3044084e-02   1.7424519e-01   3.7105908e+00  -2.0573285e-03   4.6233077e-04   5.7178855e-04
   7.5932555e-02   2.2018633e-01   3.7813669e+00   5.2394922e-04  -3.5369202e-04   1.3816560e-04
   1.1008722e-01   1.9469607e-01   3.7661192e+00   4.5872284e-05  -7.9968199e-04  -6.5065501e-04
   9.6300540e-02   1.6599725e-01   3.7512946e+00  -1.8809506e-03   3.6995627e-04   1.2653385e-04
   8.6769185e-02   1.7959593e-01   3.7622892e+00  -7.2323690e-04  -5.3676008e-05   1.4576059e-04
   8.9193357e-02   1.6063821e-01   3.7949883e+00  -2.1100976e-03   4.1661808e-05   9.8671266e-05
   8.1871122e-02   1.9781167e-01   3.8314028e+00   1.8277289e-04  -7.3439765e-04   1.6440033e-04
   9.3866505e-02   2.0223668e-01   3.7968179e+00  -2.9363101e-04  -2.7659745e-04  -1.1193953e-04
   9.9040710e-02   1.6018720e-01   3.8511291e+00  -7.4749810e-04  -4.3051512e-04  -6.3205471e-05
   8.5120717e-02   1.7322666e-01   3.8241254e+00  -1.0799722e-03   3.4470653e-05   3.7112492e-04
   1.0012469e-01   1.6718102e-01   3.9015598e+00  -3.2906750e-05   5.7180809e-05   2.4482635e-05
   1.0597263e-01   1.9112098e-01   3.8650191e+00  -4.3979919e-04  -4.2050895e-04  -3.9534622e-04
   9.3583402e-02   1.9876623e-01   3.8498898e+00  -2.0516064e-03   3.9863117e-04   6.9942100e-04
   7.1927590e-02   1.6300997e-01   3.9138711e+00  -8.0290180e-04  -4.2737720e-04   2.1134030e-04
   8.5611128e-02   1.7979950e-01   3.9250518e+00  -3.1372962e-04  -1.4718314e-05   1.7777246e-04
   8.8691986e-02   1.5776515e-01   3.9589505e+00  -8.9056482e-04   2.5004077e-04   4.6289682e-04
   8.1404979e-02   1.7528852e-01   3.9767516e+00   2.4015957e-04  -3.4321023e-04   2.8521893e-05
   1.0223974e-01   1.8703901e-01   3.9544048e+00  -3.9204058e-04  -4.3304698e-04  -1.2751675e-04
   8.4796264e-02   1.9244784e-01   3.9345427e+00  -2.9948278e-03   7.5852272e-04   4.1591661e-04
   9.3250110e-02   1.8400237e-01   3.9801910e+00  -6.4505313e-04  -9.9718168e-05   2.1674407e-04
   9.6433894e-02   1.6584063e-01   4.0166090e+00  -2.0610106e-03   2.9258726e-04   4.8621855e-04
   9.4444774e-02   2.1676160e-01   4.0178726e+00  -1.0641920e-04   1.4745962e-04   1.7602601e-04
   1.1045676e-01   2.0390166e-01   4.0043405e+00  -1.7962259e-03   5.3258710e-04   2.4226211e-04
   8.8541819e-02   1.8648098e-01   4.0911953e+00   1.7722624e-04   5.5331250e-05   1.4514304e-04
   1.0341435e-01   1.6804841e-01   4.0857710e+00  -1.4302972e-03   4.7347862e-04   1.3156305e-04
   9.8058920e-02   2.1756562e-01   4.0901824e+00   8.7011506e-05  -9.8831353e-05  -3.8850899e-04
   1.0443105e-01   2.0505299e-01   4.0706680e+00  -2.0319171e-03   9.6351360e-05   2.7532797e-04
   8.1284410e-02   1.6899545e-01   4.1613922e+00   3.6007842e-04   5.0601853e-06   4.2668987e-04
   9.8995586e-02   2.2637947e-01   4.1220499e+00  -8.5718458e-04   3.4218591e-04   4.3760587e-04
   9.2373274e-02   1.8432755e-01   4.1945037e+00  -4.3772903e-05   4.6068098e-07   5.1818107e-04
   9.1086616e-02   2.0463447e-01   4.1672664e+00   4.6519015e-04  -2.6002212e-04   2.6901094e-04
   9.0201435e-02   2.0685983e-01   4.1431392e+00  -1.9200127e-03  -1.0007105e-04   1.2877915e-04
   8.5923870e-02   2.0950203e-01   4.2025473e+00  -9.8690869e-05   1.5750404e-04   4.5922353e-05
   9.1847824e-02   2.1360234e-01   4.1850716e+00  -6.4286612e-04  -3.0662168e-04   6.4753777e-04
   1.1023309e-01   1.9213883e-01   4.2398666e+00  -7.5448900e-04  -2.7195919e-05  -4.2825805e-04
   1.0112261e-01   1.9875995e-01   4.2548816e+00   2.0815469e-04   8.5087224e-05   4.5937332e-04
   9.1878765e-02   2.2658124e-01   4.2104476e+00  -1.9457164e-03   2.1103922e-04   7.8682025e-04
   9.8929790e-02   1.7448622e-01   4.2533028e+00  -9.9709194e-04   2.8352023e-04   1.7102775e-04
   9.9912759e-02   1.6576641e-01   4.2538080e+00  -2.3468457e-03   8.9116099e-05   1.2474815e-05
   1.0540332e-01   2.3941071e-01   4.3358373e+00   7.2250192e-04  -2.6792399e-04   2.0492248e-04
   9.4821128e-02   2.0994512e-01   4.3116314e+00   1.4232103e-04  -5.5167922e-04   3.9430754e-04
   8.2526296e-02   1.4235474e-01   4.3211717e+00  -1.1333504e-03  -2.7864849e-04   3.1560840e-04
   8.9388431e-02   2.2790805e-01   4.3486844e+00   2.0136479e-04  -8.0702054e-05   5.3002122e-04
   9.2535298e-02   1.9943636e-01   4.3640515e+00   4.4967738e-05   8.1934244e-05   8.1383534e-04
   1.2339557e-01   2.4227607e-01   4.3899358e+00   8.9017261e-04  -3.9834078e-04  -4.5855064e-04
   1.2028912e-01   1.9656829e-01   4.3287358e+00  -2.7014349e-03   6.6313055e-05  -7.2143226e-06
   9.9236538e-02   1.8680037e-01   4.4181334e+00  -6.0870076e-04  -2.8608287e-04   6.2250312e-04
   1.0479738e-01   2.0367803e-01   4.3927642e+00  -6.9372903e-04  -6.6041747e-04   1.2168343e-04
   1.0606985e-01   2.1114914e-01   4.4728183e+00   1.9511385e-04  -1.1563802e-04   4.6500884e-04
   1.0514392e-01   2.4223716e-01   4.4475801e+00   2.2116338e-04  -1.1759293e-04   2.4274421e-04
   9.4649682e-02   2.3135424e-01   4.4389831e+00  -3.2573182e-04  -4.1510874e-04   3.9329476e-04
   9.3983560e-02   1.9950004e-01   4.4799100e+00   5.8058579e-04  -2.4552497e-04   6.2836534e-04
   1.0617411e-01   2.2666029e-01   4.4599846e+00  -1.3197115e-03   2.1709236e-05   9.6771465e-05
   1.2776717e-01   2.5828878e-01   4.5293040e+00   7.9562220e-04   1.5869010e-04  -4.5935529e-05
   1.1847505e-01   2.2946434e-01   4.5252653e+00   4.0291023e-04  -3.2886828e-04   1.8092816e-04
   8.0838862e-02   1.8997726e-01   4.4909938e+00  -2.2064708e-03  -3.6875430e-05   1.3052540e-03
   1.1254216e-01   2.1786043e-01   4.5025782e+00  -1.5258078e-03   4.5680968e-04   5.8887522e-04
   9.0470069e-02   2.5713063e-01   4.5921501e+00   3.5546044e-04  -5.5122981e-04   7.2945457e-04
   9.9711237e-02   2.4401173e-01   4.5968957e+00   5.5928198e-04  -4.1123359e-04   2.4507343e-04
   1.0582722e-01   2.0111339e-01   4.5880697e+00  -1.5258175e-03  -9.8120430e-05   1.6567793e-04
   1.2297007e-01   2.1937291e-01   4.5790672e+00  -5.1721536e-04  -3.9242138e-04   5.2916020e-04
   9.4041295e-02   2.1952592e-01   4.6659253e+00   3.9948003e-04   9.1454290e-05   7.0255957e-04
   1.1733929e-01   2.4661796e-01   4.6482897e+00   2.9980424e-04  -1.0143249e-03  -2.6971257e-04
   1.0356624e-01   2.2637959e-01   4.6104250e+00  -2.2014219e-03   6.7014380e-06   6.4187835e-04
   1.0620244e-01   2.3330844e-01   4.6438071e+00  -3.3588878e-05  -3.5136065e-04   6.0930784e-04
   1.1103897e-01   2.2047455e-01   4.6670942e+00  -1.4603276e-03  -3.7914602e-04   2.0788759e-04
   1.0960290e-01   2.4652729e-01   4.6942269e+00   5.8629437e-04  -8.7415378e-04   3.5322754e-04
   1.1969975e-01   2.5948569e-01   4.6922327e+00   2.7602636e-05  -4.3187915e-04   1.0018391e-04
   1.2895322e-01   1.9981418e-01   4.7405208e+00   4.6210195e-06  -1.2163518e-04  -2.4299846e-04
   1.2629789e-01   2.2776701e-01   4.7004802e+00  -1.6285622e-03   6.3328114e-04   3.6392722e-04
   1.2277990e-01   2.5577088e-01   4.7537860e+00   1.0451896e-04  -4.2984541e-04   2.7594873e-05
   1.1362085e-01   2.5314928e-01   4.7665178e+00   1.5281531e-04  -4.4072703e-04   3.6592314e-04
   1.2252340e-01   2.1779989e-01   4.7760010e+00   8.8539329e-04   1.7760979e-04   3.4690960e-04
   1.1187220e-01   2.1444782e-01   4.7621106e+00  -1.8854210e-03  -1.5064258e-04  -8.6092816e-05
   9.5984916e-02   2.6238800e-01   4.8183422e+00   7.9102871e-04  -3.6670158e-04   6.2062803e-04
   1.1222250e-01   2.4783425e-01   4.8088701e+00   4.9719206e-04  -3.3281181e-04   4.3799575e-04
   1.2146700e-01   1.9593293e-01   4.8406840e+00  -1.1605059e-03   1.4139925e-04   5.9240263e-04
   1.0364533e-01   2.2296001e-01   4.8516476e+00  -2.9980025e-04  -1.0853678e-04   3.9108756e-04
   1.3036677e-01   2.2657646e-01   4.8118621e+00  -1.4787753e-03   4.5950708e-06   2.2765419e-04
   1.1018567e-01   2.3721217e-01   4.8829953e+00   6.8628266e-04  -3.8650219e-04   4.5800295e-04
   1.2545084e-01   2.4960415e-01   4.8504897e+00  -1.1472293e-03   3.7171155e-04   7.5686854e-04
   1.1592476e-01   2.3005568e-01   4.8684058e+00  -8.7408504e-04  -7.2845522e-05   2.6102907e-04
   1.2272762e-01   2.4324682e-01   4.9370546e+00  -4.8285913e-04   2.5702997e-05   2.7970290e-04
   1.2648133e-01   2.4778747e-01   4.9016439e+00  -3.6547348e-04  -6.0997139e-05   2.1348502e-04
   1.3373300e-01   2.4947347e-01   4.9027370e+00  -8.7208956e-04  -5.2058002e-05   2.7564059e-04
   1.1325184e-01   2.2683238e-01   4.9337036e+00  -5.5222107e-04   2.7822556e-04   7.3776327e-04
   1.1697275e-01   2.6290819e-01   5.0052257e+00   6.1578520e-04  -3.4595797e-04   4.0085825e-04
   1.4543962e-01   2.6315603e-01   4.9805998e+00   6.3099476e-04  -5.3054985e-05  -5.6036817e-05
   1.2200276e-01   2.0935960e-01   4.9957733e+00  -1.8948593e-04   8.3967197e-05   2.9021663e-04
   1.4063724e-01   2.2492542e-01   4.9917489e+00  -1.8835573e-03   1.7469680e-04   2.6189491e-04
   1.2103650e-01   2.8642565e-01   5.0493652e+00   9.8628158e-04  -1.6877217e-04   4.6147076e-04
   1.2883354e-01   2.4822701e-01   5.0234470e+00   3.7477144e-04  -3.9985207e-04   2.6136522e-04
   1.2848834e-01   2.2276067e-01   5.0622044e+00  -5.9282650e-05   3.9049561e-04   2.4951667e-04
   1.2078011e-01   2.4004990e-01   5.0212279e+00  -1.9797419e-03   5.1616080e-04   6.7639837e-04
   1.3638059e-01   2.5698344e-01   5.1041230e+00   3.7678788e-04   1.1323728e-04  -2.3255171e-04
   1.5014880e-01   2.4901350e-01   5.0576470e+00   1.1732012e-04  -9.6949463e-05  -8.2208551e-05
   1.2531677e-01   2.2339128e-01   5.0573980e+00  -2.2322958e-03   5.1538605e-04   6.3329883e-04
   1.4022845e-01   2.4531971e-01   5.0838057e+00  -1.1616116e-04  -3.3280023e-04   1.7954927e-04
   1.2568088e-01   2.3237505e-01   5.1327230e+00  -8.3828845e-04  -1.2702696e-04   2.6277334e-04
   1.2666689e-01   2.5861895e-01   5.1486202e+00   8.5886974e-04  -3.7136292e-04   2.0161262e-04
   1.3272423e-01   2.4021010e-01   5.1307558e+00  -1.1528165e-04  -3.2438350e-04  -5.9520375e-05
   1.0527077e-01   2.1398472e-01   5.1782739e+00  -5.9165082e-04  -5.4621449e-04   7.7464946e-04
   1.3303361e-01   2.4992656e-01   5.1908980e+00   5.5238483e-04  -2.0995170e-04   9.9106049e-05
   1.2335482e-01   2.6083848e-01   5.1794998e+00  -2.0084385e-04   1.2529135e-04   7.2038897e-04
   1.5150412e-01   2.3582180e-01   5.2134535e+00  -4.4787360e-04   1.3704240e-04  -3.0102873e-04
   1.3695073e-01   2.6670058e-01   5.1992218e+00   3.4262190e-04  -1.4191835e-04   1.6878532e-04
   1.3979689e-01   2.4736916e-01   5.2127511e+00  -3.3957422e-04  -7.1563877e-05   1.1977568e-04
   1.4234773e-01   2.4977906e-01   5.2458688e+00   6.5757326e-04   3.0851388e-04   1.5808448e-05
   1.3805878e-01   2.2254255e-01   5.2353718e+00  -1.4684148e-03   5.8752331e-04   2.4547155e-04
   1.5419655e-01   2.6013339e-01   5.2715499e+00   5.2388793e-04  -2.4866417e-04  -2.8632004e-04
   1.5979565e-01   2.6537839e-01   5.2622020e+00  -5.2959442e-04  -3.8333460e-04  -1.8334973e-04
   1.3370767e-01   2.5359382e-01   5.2932109e+00   1.9830132e-04  -5.9579531e-04   2.2843719e-04
   1.4927593e-01   2.6744681e-01   5.2899337e+00  -1.1344594e-03   1.6744485e-04   6.5643414e-05
   1.3807132e-01   2.6165168e-01   5.3260727e+00   6.7508437e-04   4.9786441e-05   1.9911416e-06
   1.3513772e-01   2.7146936e-01   5.3228421e+00   4.9515569e-04  -6.3893285e-05   3.3874887e-04
   1.3641686e-01   2.7426680e-01   5.3124444e+00  -1.9179042e-03  -1.6091633e-04   2.1030757e-04
   1.4612191e-01   2.6055332e-01   5.3447505e+00   1.0750895e-04   4.5080658e-04   1.1418328e-04
   1.4889265e-01   2.6290005e-01   5.3415224e+00  -5.1399584e-04  -1.6011030e-05   8.9127289e-05
   1.3305330e-01   2.5997884e-01   5.3839849e+00  -6.8224456e-05  -4.2427964e-04   1.5069514e-04
   1.5565903e-01   2.8692276e-01   5.3969019e+00   9.7623312e-04   8.4899876e-05  -1.5183171e-04
   1.5404221e-01   2.6746194e-01   5.3521593e+00  -2.0314800e-03   4.2494296e-04   8.9113832e-05
   1.2896270e-01   2.6105701e-01   5.4383077e+00   3.7852985e-04   2.1262362e-04   4.6216753e-04
   1.5993898e-01   2.0846708e-01   5.4049008e+00  -1.9324575e-03   8.7146295e-04   1.6508650e-04
   1.6659752e-01   2.8874848e-01   5.4442424e+00   4.6314599e-04   3.8821035e-04  -8.1756372e-05
   1.4698438e-01   2.7413917e-01   5.4156788e+00  -1.8048634e-03   1.3427976e-04   1.8471532e-04
   1.5456248e-01   2.4411003e-01   5.4547149e+00  -1.2576959e-03   3.6557590e-04  -3.6711548e-06
   1.4457531e-01   2.5903072e-01   5.4782931e+00   4.6649973e-04  -7.8298220e-06   1.7894783e-04
   1.5523804e-01   2.6859159e-01   5.4812903e+00  -1.4214735e-03   6.9989473e-04   3.2121377e-04
   1.4861977e-01   2.7469252e-01   5.4927004e+00   2.8259520e-05   2.6916713e-04   2.6491760e-04
   1.4282387e-01   2.6679483e-01   5.4879099e+00  -9.2837781e-04   4.0932964e-04   5.2731470e-04
   1.4721865e-01   2.4461895e-01   5.5386050e+00   1.5191595e-04   6.4292743e-05   6.1656209e-05
   1.4648610e-01   2.3928869e-01   5.5755466e+00  -9.2799193e-05   1.3272490e-04   1.5960946e-04
   1.6069753e-01   3.0504944e-01   5.5777280e+00   6.4628858e-04  -1.6199327e-04  -4.0740001e-04
   1.3335273e-01   2.7914455e-01   5.5352834e+00  -1.4536264e-03  -9.2196754e-05   6.2246659e-04
   1.5965538e-01   2.4803405e-01   5.5881947e+00   8.0176646e-04  -3.4053491e-06  -7.0440619e-05
   1.5197425e-01   2.9622862e-01   5.5893094e+00  -1.1562277e-03   3.4357149e-04   2.7164556e-04
   1.5502503e-01   2.8786061e-01   5.6450771e+00   1.1695072e-03   1.5767793e-04  -1.9760409e-05
   1.7455259e-01   2.8397373e-01   5.6387129e+00   1.3789023e-03   2.6858837e-04  -2.4436717e-04
   1.5235317e-01   2.6241307e-01   5.5941389e+00  -1.6520171e-03   6.3951720e-04   4.3489256e-04
   1.2421746e-01   2.3486890e-01   5.6321000e+00  -4.3059772e-04   1.0945869e-04   6.6900136e-04
   1.4398676e-01   2.6654960e-01   5.6082683e+00  -1.8968956e-03   1.9133991e-04   2.1597900e-04
   1.4857463e-01   2.6688303e-01   5.6852396e+00  -8.9954703e-05  -8.0234615e-05   3.8817920e-04
   1.4902750e-01   2.6664324e-01   5.6885907e+00   5.9610906e-04  -2.3268763e-04   3.9171669e-04
   1.6822775e-01   2.6707393e-01   5.6734175e+00   2.7910378e-04   5.1552027e-05   2.8499914e-04
   1.5399512e-01   2.6901198e-01   5.7188582e+00   8.5447943e-04   8.2880301e-05   2.8086675e-04
   1.5131541e-01   2.7584150e-01   5.7020651e+00  -1.5969903e-03   2.0776441e-04   5.5416994e-04
   1.4740084e-01   2.8070315e-01   5.7463272e+00   5.6251812e-04  -6.2361578e-05   3.3455913e-04
   1.6943036e-01   2.7621940e-01   5.7269453e+00   1.4379731e-04  -3.8905337e-04   4.9170475e-06
   1.4997487e-01   2.4431858e-01   5.7773069e+00  -5.2842254e-04   4.3875431e-04   3.2764715e-04
   1.5234882e-01   2.6365493e-01   5.7681711e+00   1.5934819e-04  -1.1085800e-04   6.4005453e-04
   1.6550380e-01   2.4481720e-01   5.7948472e+00  -8.9712646e-04   2.8884626e-04   5.1843056e-05
   1.5259949e-01   2.7959928e-01   5.8200347e+00   1.0703896e-03  -2.1502043e-05   2.8017402e-04
   1.6827833e-01   2.7271113e-01   5.8018928e+00   5.5014529e-04   7.6238852e-05  -8.8997240e-05
   1.7309650e-01   2.4259946e-01   5.7750867e+00  -1.9881558e-03   5.2874544e-04   5.4290954e-04
   1.5951224e-01   2.7063747e-01   5.8487959e+00   8.1698182e-04   2.2169763e-04   4.7144250e-04
   1.8005939e-01   2.6757830e-01   5.8103261e+00  -1.7700050e-03   1.2524408e-03   3.6070004e-04
   1.6562123e-01   2.5768308e-01   5.8688418e+00   2.0865235e-04  -8.4210527e-05   1.8355205e-04
   1.5081213e-01   2.5725027e-01   5.8648196e+00   4.9387059e-04  -1.4165330e-04   2.1615392e-04
   1.5987100e-01   2.9206279e-01   5.8636324e+00   3.2989959e-05   1.6229426e-04   7.7962023e-04
   1.6162128e-01   2.3557492e-01   5.9175638e+00   1.2457217e-04   3.5260229e-04   4.4982273e-04
   1.6418858e-01   2.7012716e-01   5.8925869e+00  -1.4652078e-03   3.7473689e-04   2.2822435e-04
   1.7197812e-01   2.9590631e-01   5.9585278e+00   9.8370895e-04   3.4899966e-04   2.9881806e-04
   1.6584966e-01   2.7804345e-01   5.9287382e+00   3.0130258e-04   4.9221548e-04   2.0575270e-04
   1.8458979e-01   2.6665900e-01   5.9104324e+00  -2.0052646e-03   4.9547273e-04   1.0925477e-04
   1.5543058e-01   2.6165686e-01   5.9402792e+00  -8.2819424e-04   4.9284115e-04   4.4272731e-04
   1.7207908e-01   2.5519065e-01   5.9746109e+00  -1.0974789e-03   2.2453573e-04  -4.7641786e-05
   1.6292419e-01   2.8600317e-01   5.9793278e+00   1.2636633e-04  -1.9026580e-04   2.3016587e-05
   1.6415885e-01   3.0234613e-01   6.0012527e+00  -7.6275310e-04  -1.9006267e-05   2.9050621e-04
   1.8128600e-01   2.5653578e-01   6.0300363e+00   2.4136597e-04   1.1616594e-04   1.3693500e-04
   1.7351857e-01   2.8635326e-01   5.9939267e+00  -1.6713060e-03   2.7558524e-04   1.6632123e-04
   1.7166454e-01   2.8280354e-01   6.0476958e+00   2.1611955e-04  -1.3484234e-04   2.9757578e-04
   1.7415658e-01   2.9895152e-01   6.0542213e+00   5.6564531e-04  -1.9595974e-05   6.9394488e-05
   1.5357945e-01   2.6058550e-01   6.0357004e+00  -1.2149417e-03   8.3137057e-06   6.2234855e-04
   1.5701438e-01   2.6535206e-01   6.0661911e+00  -9.7716471e-04   1.8526178e-04   3.8555590e-04
   1.7468288e-01   2.7287773e-01   6.0483879e+00  -1.8850390e-03   3.1095000e-04   6.9662192e-04
   1.6560793e-01   3.0182024e-01   6.1318009e+00   6.3302009e-04   9.6035081e-05   2.5370383e-04
   1.9244614e-01   3.0691339e-01   6.1315631e+00   1.1336248e-03   2.8140759e-04  -1.2525834e-04
   1.6718166e-01   2.4794855e-01   6.0760798e+00  -1.5137629e-03   1.0701199e-04   5.2776690e-04
   1.5995889e-01   2.7641156e-01   6.1290949e+00   5.8423580e-04   1.4863628e-04   3.6364795e-04
   1.7890236e-01   3.0005921e-01   6.1165028e+00  -1.1864590e-03   3.6135718e-04   3.2412567e-04
   1.7977482e-01   2.6500418e-01   6.1631670e+00  -8.2766094e-04   1.2811238e-04  -2.0289613e-04
   1.6644118e-01   2.9401058e-01   6.1811823e+00   5.9347629e-04  -6.3506115e-05   3.0592224e-04
   1.4361038e-01   2.7993489e-01   6.1609429e+00   2.6013597e-04  -5.6682773e-04   6.4153655e-04
   1.5632227e-01   2.3508051e-01   6.1715086e+00  -6.7553356e-04  -1.8464738e-05   4.9564235e-04
   1.6408147e-01   2.8866387e-01   6.2080653e+00   5.9102355e-04  -1.9012643e-04   3.2326263e-04
   1.6552963e-01   2.6427553e-01   6.1808709e+00  -1.9048724e-03   2.9335319e-04   5.1313646e-04
   1.7996023e-01   3.1490116e-01   6.2505819e+00   9.7982623e-04  -1.6164613e-04   2.3871040e-04
   1.7356327e-01   2.9792626e-01   6.2075467e+00   2.7371107e-06  -6.1756173e-05   4.9051549e-04
   1.6883354e-01   2.8249273e-01   6.2274322e+00  -1.0060159e-03  -2.0570351e-04   2.9382257e-04
   1.7379123e-01   2.7068869e-01   6.2490371e+00   4.6256519e-04  -2.0228191e-04   3.7516315e-04
   1.7078481e-01   3.0788909e-01   6.2557668e+00  -6.6008165e-04  -3.3946892e-05  -4.3772316e-05
   1.9086378e-01   3.1063230e-01   6.2624889e+00  -9.4213888e-04   4.7675936e-04   1.0999905e-04
   1.7470868e-01   3.0772343e-01   6.3039411e+00   5.8077625e-04  -3.0606143e-04   2.0585019e-04
   1.6618115e-01   3.0585226e-01   6.3069870e+00   5.6616517e-04  -2.5822626e-04   5.0991530e-04
   1.7993691e-01   2.5942536e-01   6.3434034e+00   9.3216658e-05   1.2524580e-04   3.1885624e-04
   1.7617718e-01   3.0631398e-01   6.3370508e+00   2.3319341e-04  -3.5194701e-04   5.3028221e-04
   1.6819200e-01   2.7269204e-01   6.3325192e+00  -1.6943890e-03   2.6651032e-05   2.1164814e-04
   1.8075535e-01   2.9718302e-01   6.3686055e+00   4.5786531e-04  -5.0423283e-04   2.1265270e-04
   1.7959615e-01   2.9933784e-01   6.3395702e+00  -3.8359477e-04  -3.6099323e-04  -4.0408027e-05
   1.6302613e-01   2.8564974e-01   6.3654526e+00  -1.0121724e-03   3.7272797e-04   9.0420991e-04
   1.6984068e-01   2.8238224e-01   6.3790938e+00   2.1542128e-04  -3.7169138e-04   7.0348596e-05
   1.5904178e-01   2.6574364e-01   6.4159528e+00  -1.0278432e-03  -4.2463543e-04   6.2917889e-04
   1.6139688e-01   3.0349455e-01   6.4284276e+00   1.9808933e-04  -5.8924532e-04   4.7863499e-04
   1.7216837e-01   3.1561437e-01   6.4220455e+00   5.3084616e-04  -1.7537562e-04   3.2048920e-04
   1.6602445e-01   3.1451736e-01   6.4166005e+00  -1.0855478e-03  -5.5949992e-05   5.0033390e-04
   1.6416478e-01   2.8029013e-01   6.4556000e+00   1.1321283e-04  -1.4199036e-04   4.5035118e-04
   1.5336318e-01   2.8365006e-01   6.4306888e+00  -1.4253121e-03   6.0983840e-04   1.1622733e-03
   1.6366681e-01   3.4012936e-01   6.5257578e+00   1.3917336e-03  -4.9837694e-04   2.4973834e-04
   1.7394240e-01   3.2467531e-01   6.4900633e+00   7.0439225e-04  -1.0361970e-04   3.8895514e-04
   1.8281577e-01   2.8008297e-01   6.4847118e+00  -1.0351794e-03   3.1089651e-04   6.1812353e-04
   1.7230234e-01   3.1611055e-01   6.5102649e+00   7.6117842e-04  -2.3703723e-04   3.9301609e-04
   1.6657779e-01   2.5514508e-01   6.5343386e+00  -2.1073922e-04   1.1827349e-04   5.7087685e-04
   1.7014367e-01   3.2338584e-01   6.5433551e+00   6.4659564e-04  -3.0075191e-04   1.9090234e-04
   1.8973420e-01   3.1370903e-01   6.5129479e+00  -9.7080536e-04   2.3663678e-05   3.1745077e-04
   1.6936773e-01   2.8272043e-01   6.5644954e+00  -5.7917165e-04  -3.7953340e-05   6.7901930e-04
   1.5990143e-01   2.9288919e-01   6.5544223e+00   1.4129056e-04   4.3375226e-05   6.7077555e-04
   1.7017228e-01   2.8690210e-01   6.5871626e+00  -1.5400098e-04  -1.3033332e-04   5.6378259e-04
   1.7182833e-01   3.5682689e-01   6.5913675e+00   6.8903570e-04  -9.1747340e-04   2.7655159e-04
   1.7681428e-01   2.9676315e-01   6.5749870e+00  -1.2371438e-03  -1.4065681e-04   5.6832666e-04
   1.7406517e-01   3.1565786e-01   6.6414331e+00   1.0028602e-03  -3.5832140e-04   2.8998618e-04
   1.6965016e-01   2.8981094e-01   6.5917527e+00  -1.5139595e-03  -1.4097979e-04   8.4662600e-04
   1.5691481e-01   3.3791420e-01   6.6471808e+00   6.2268882e-04  -5.8218317e-05   8.6947194e-04
   1.8217097e-01   3.2562309e-01   6.6346146e+00   2.3674452e-04  -5.5654200e-04   1.5999747e-04
   1.8179725e-01   3.1443039e-01   6.6433318e+00  -1.2649744e-03   7.3650701e-04   9.1223228e-04
   1.6742000e-01   2.9058310e-01   6.6852095e+00   1.4912867e-04   9.2422755e-06   5.2133127e-04
   1.7097013e-01   2.9750922e-01   6.6547605e+00  -1.2696295e-03  -4.2132795e-04   5.9012419e-04
   1.7366173e-01   3.0957866e-01   6.6726619e+00  -8.1537311e-04   9.2275773e-05   2.7807965e-04
   1.7541480e-01   2.9916273e-01   6.6908295e+00   1.5986431e-05  -1.1267775e-04   2.9790843e-04
   1.8295910e-01   3.1560285e-01   6.7074722e+00   5.0781236e-04  -9.3309018e-05   4.0147094e-04
   1.7704635e-01   2.8388436e-01   6.7192799e+00  -1.3847695e-03  -1.3044980e-04   4.4399354e-04
   1.6505350e-01   2.9862332e-01   6.7421845e+00   6.7446462e-04  -4.2502778e-04   4.5628655e-04
   1.8766923e-01   3.0807340e-01   6.7391122e+00  -1.2333366e-03   1.1715684e-04   3.8730779e-04
   1.8474521e-01   3.2729960e-01   6.7924838e+00   6.8957490e-04   9.2573695e-05   3.5266336e-04
   1.8220406e-01   3.1133517e-01   6.7839550e+00   5.3109552e-04  -2.0847767e-04   3.5754294e-04
   1.7745254e-01   2.9154408e-01   6.7814247e+00  -1.0028756e-03   5.9710995e-04   6.9171557e-04
   1.9114416e-01   2.8810410e-01   6.7967575e+00  -9.2842302e-04   1.5918749e-04   1.2449146e-04
   1.7576629e-01   2.8012841e-01   6.7664413e+00  -2.8541874e-04   9.3804677e-05   9.7104685e-04
   1.7356282e-01   3.3129407e-01   6.7999158e+00  -5.4608180e-04   2.3696949e-04   8.6342625e-04
   1.8617980e-01   2.7758264e-01   6.8351807e+00  -1.4185711e-04  -3.9791380e-05   3.1800582e-04
   1.8775652e-01   3.1447732e-01   6.8127520e+00   2.7067091e-04  -2.2108433e-04   4.4905876e-04
   1.9655744e-01   3.1363060e-01   6.8215767e+00  -3.0638830e-04  -1.3453027e-04   2.5608521e-04
   1.8091683e-01   3.0518799e-01   6.8599861e+00   2.8532175e-04   4.1675526e-05   5.0572731e-04
   1.8817762e-01   3.2263667e-01   6.8308330e+00  -1.1357081e-03   2.1702583e-04   5.4063279e-04
   2.0339872e-01   3.2508943e-01   6.8629047e+00  -1.0401703e-03   1.1001815e-04   2.1560102e-04
   1.8601428e-01   2.8446343e-01   6.9041479e+00  -2.7940086e-04  -4.5392310e-05   2.6818852e-04
   1.7082803e-01   3.2154312e-01   6.9080845e+00   5.5078479e-04   1.3999889e-04   6.5871855e-04
   1.9564968e-01   3.0611970e-01   6.9131648e+00   8.0578877e-04  -2.6154258e-04   2.3102055e-05
   1.8760957e-01   3.3041119e-01   6.9077425e+00   3.5968014e-04  -2.3712185e-04   2.7168378e-04
   1.8332107e-01   2.9605007e-01   6.8902190e+00  -1.4066968e-03   2.3407697e-04   7.5159786e-04
   1.7262760e-01   2.7662324e-01   6.9622569e+00   2.9279227e-04   2.7155952e-04   1.1388780e-03
   1.8473388e-01   3.0903048e-01   6.9446898e+00   9.5105245e-05   4.5649224e-05   5.3389964e-04
   1.9615973e-01   3.1329208e-01   6.9448794e+00  -1.2239636e-03   2.8073941e-04   2.1728302e-04
   2.0508677e-01   2.8568438e-01   6.9938464e+00   3.5616163e-05   2.8310386e-04   2.9593505e-04
   1.7021154e-01   3.0428381e-01   6.9993925e+00   7.8841965e-04  -1.1292803e-04   7.4878862e-04
   1.9239874e-01   3.0881325e-01   6.9851391e+00   2.2692752e-04  -2.0809608e-04   9.2280053e-05
   1.9282292e-01   2.8401450e-01   7.0119924e+00  -4.4345946e-04   6.6433379e-04   3.7779207e-04
   2.0820176e-01   2.9799864e-01   6.9995637e+00  -1.1049699e-03   2.8580280e-04   3.7538482e-04
   1.9598290e-01   3.0745324e-01   7.0282939e+00   3.8365149e-04   3.4985276e-04   4.3710335e-04
   1.7057214e-01   3.2855992e-01   7.0415425e+00   6.7731556e-04  -3.2346698e-04   6.0851913e-04
   1.9358158e-01   2.8286705e-01   7.0381109e+00  -9.1782263e-04   2.8597991e-04   4.4961744e-04
   1.8933010e-01   3.2545584e-01   7.1083188e+00   1.0697906e-03   3.8941571e-04   6.6600988e-04
   2.0698731e-01   3.2718498e-01   7.0848988e+00   6.5403293e-04   2.1330593e-04   2.7564229e-05
   2.1211807e-01   3.3813811e-01   7.0861194e+00   4.2656096e-04  -1.7623660e-04  -3.7699058e-05
   1.9151658e-01   3.2768788e-01   7.0729954e+00  -1.6134712e-04  -2.7800655e-04   3.4467490e-04
   1.7008236e-01   3.1122918e-01   7.1258030e+00   8.1491075e-05   2.1758532e-04   4.4913913e-04
   1.9267019e-01   3.3247904e-01   7.1201886e+00   5.7403852e-04   1.8333860e-04   4.4495973e-04
   1.8283388e-01   3.1405052e-01   7.1183776e+00  -8.7776321e-04   4.2591506e-04   1.0707693e-03
   2.0581484e-01   3.0621657e-01   7.1497066e+00  -2.8181859e-04   4.7552984e-05   1.3955371e-04
   1.9604889e-01   3.1707095e-01   7.1476537e+00   1.2836914e-04  -1.9237799e-04   2.5952466e-04
   2.0103450e-01   3.2561034e-01   7.1425677e+00  -8.6752467e-04  -6.2806762e-06   4.8870471e-04
   1.9467116e-01   3.3329253e-01   7.1521033e+00  -1.5167269e-03   2.7191323e-04   8.1137660e-04
   1.7098931e-01   2.9500483e-01   7.1785090e+00   2.2456702e-04   1.6788891e-04   7.5805281e-04
   1.7874722e-01   3.2859138e-01   7.1892481e+00   2.9920393e-05   1.6965633e-04   5.7426546e-04
   1.9037995e-01   3.2190462e-01   7.1973984e+00   4.1417676e-04   1.1048685e-04   3.9288683e-04
   2.1638676e-01   3.0430442e-01   7.1833670e+00  -1.2295241e-03   3.5352259e-04  -1.5778109e-04
   1.9440346e-01   3.4806195e-01   7.2665050e+00   1.6053125e-03  -7.8170993e-05   2.4129568e-04
   1.9549518e-01   3.2163692e-01   7.2362517e+00   2.9431601e-04  -2.6036294e-04   3.9060644e-04
   1.7659419e-01   3.1293359e-01   7.2409088e+00   3.4627231e-04  -3.1435361e-04   7.4033562e-04
   2.0477660e-01   3.2476568e-01   7.2509960e+00  -1.1479929e-04  -5.3934588e-04   2.3135505e-04
   2.1606441e-01   3.0371349e-01   7.2421827e+00  -1.2871167e-03   4.4327100e-04   2.7266024e-04
   1.9021829e-01   3.1340229e-01   7.2913405e+00   6.5826925e-04   5.2243816e-05   4.1582969e-04
   1.9773924e-01   3.2142502e-01   7.2679002e+00   5.1941505e-05  -9.2682027e-05   8.7351693e-05
   1.8898340e-01   3.0519039e-01   7.2707096e+00  -1.1096857e-03  -2.4853090e-04   8.7090176e-04
   2.0062090e-01   3.3319081e-01   7.3223609e+00   3.6884516e-04  -1.9980744e-04   3.0253081e-04
   2.0178861e-01   3.3524940e-01   7.3424115e+00   1.1919756e-03  -2.9409579e-04   4.1413382e-04
   1.9036378e-01   3.1978188e-01   7.2952706e+00  -9.9381834e-04  -4.8948197e-04   9.1172454e-04
   1.8844727e-01   3.2372669e-01   7.3445853e+00  -2.7786421e-05  -1.1412951e-04   4.9972232e-04
   1.8256214e-01   3.4126839e-01   7.3665499e+00   8.6918056e-04  -6.4412496e-05   8.6515837e-04
   1.7682844e-01   3.0486856e-01   7.3568422e+00   1.9048934e-04  -3.5989647e-04   1.0924373e-03
   1.7892791e-01   3.4348928e-01   7.3564585e+00   2.1477757e-05  -4.0660863e-04   5.5302535e-04
   2.0049214e-01   2.8913056e-01   7.4057298e+00  -4.4724038e-04  -4.3036362e-05   4.4991260e-04
   1.9962194e-01   3.6399962e-01   7.4387177e+00   1.3947005e-03   9.8597401e-05   2.6728582e-04
   2.0982756e-01   3.3821854e-01   7.4331045e+00   1.0006214e-03   2.9900881e-05   1.8973640e-04
   2.0031707e-01   3.3320617e-01   7.4045267e+00  -5.8242944e-04   5.8817021e-05   4.5546032e-04
   2.0242192e-01   3.1063823e-01   7.4256033e+00  -9.8332703e-04   2.4026601e-04   6.0915591e-04
   1.7643569e-01   3.0601509e-01   7.4632094e+00   2.0743467e-04  -3.5459088e-04   6.6759190e-04
   1.9287597e-01   3.1468210e-01   7.4595034e+00  -3.0006411e-05  -3.4478716e-05   8.9783911e-04
   1.8277905e-01   3.3055519e-01   7.4552710e+00   2.0517950e-04  -3.9920639e-04   3.5937884e-04
   2.0453463e-01   3.2830026e-01   7.4693580e+00   3.7318174e-04  -7.8558241e-05   3.3716044e-04
   1.8635087e-01   3.4097952e-01   7.4655665e+00  -5.1396784e-04   8.8008367e-05   8.4286483e-04
   2.1108711e-01   3.1851961e-01   7.5100205e+00  -1.9048576e-04   2.2210216e-04   3.9696940e-04
   1.9947726e-01   3.4097726e-01   7.5201314e+00   8.5090651e-04  -2.7914260e-04   3.7612799e-04
   1.9714952e-01   3.4228351e-01   7.5196826e+00   6.9303409e-04   1.4587078e-05   5.7347937e-04
   2.0801121e-01   3.4160621e-01   7.5317381e+00   8.2703286e-04  -6.1929659e-04   3.5237828e-04
   2.1298516e-01   3.1622016e-01   7.4905519e+00  -1.2372089e-03   2.0469999e-04   3.9292938e-04
   1.9675000e-01   3.0815036e-01   7.5150785e+00  -4.6246204e-04   6.4724239e-04   1.0046554e-03
   2.0236860e-01   3.1347048e-01   7.5463919e+00  -1.7039417e-04   3.4492116e-04   2.6952948e-04
   1.8631285e-01   3.2751572e-01   7.5698726e+00   8.9827703e-04  -2.4459400e-04   9.5513894e-04
   2.0960973e-01   3.5839741e-01   7.5900134e+00   8.4250422e-04  -2.2977393e-04   6.3982355e-04
   2.1323643e-01   3.0700159e-01   7.5756116e+00  -7.4505172e-04   5.1637282e-04   4.9501137e-04
   2.0862934e-01   3.3065837e-01   7.6331925e+00   8.3570728e-04  -1.7688437e-04   3.3071610e-04
   2.1260161e-01   3.4807850e-01   7.6100290e+00   6.5963850e-04  -1.5160694e-04  -9.6907823e-05
   1.9365988e-01   3.4386360e-01   7.6170396e+00   7.7375021e-04  -6.8725744e-04   5.6394960e-04
   2.0759220e-01   3.4943311e-01   7.6304783e+00   4.8802034e-04  -1.7604236e-04   3.8567765e-07
   2.0406300e-01   3.2708503e-01   7.5985331e+00  -8.3302117e-04  -7.1881720e-05   6.0878423e-04
   1.8945416e-01   3.0357144e-01   7.6340047e+00  -2.7920364e-04  -2.0636114e-04   7.7547577e-04
   1.8842704e-01   3.3315025e-01   7.6608482e+00   7.2849536e-04  -2.3786175e-04   7.0880646e-04
   2.0592225e-01   3.6009723e-01   7.6620080e+00  -2.7656697e-04  -6.7744927e-04   2.3716887e-04
   1.9728347e-01   3.1278700e-01   7.6708736e+00  -6.4147043e-04   1.5444760e-04   3.9383491e-04
   2.0947503e-01   3.3181148e-01   7.7020261e+00   5.9839110e-04   9.8248493e-05   3.8843735e-04
   1.8897932e-01   3.4818574e-01   7.7070523e+00   1.1757097e-03  -3.0310488e-04   3.8855596e-04
   1.9469040e-01   3.2998539e-01   7.7031222e+00   9.4930317e-04  -6.5014248e-04   4.7566407e-04
   2.0635915e-01   3.4518116e-01   7.7071322e+00   3.5222528e-04  -3.7481223e-04   5.6196856e-04
   2.0942271e-01   3.3795769e-01   7.7400128e+00   7.4389794e-04  -5.4105618e-04   4.0985877e-04
   1.8032689e-01   3.3792989e-01   7.7646390e+00   9.8771225e-04  -5.6691693e-04   6.2774528e-04
   1.9154909e-01   3.4351321e-01   7.7315235e+00  -1.4133384e-04  -4.9740389e-04   6.4427196e-04
   2.2132536e-01   3.2707457e-01   7.7334775e+00  -9.9496894e-04  -7.6272234e-05   4.8761661e-04
   1.9205571e-01   3.0492028e-01   7.7843991e+00  -4.6549132e-04  -3.5576099e-04   8.3164124e-04
   1.9476582e-01   3.2999770e-01   7.7941020e+00   6.3951748e-04   7.4318904e-05   6.4177428e-04
   2.0334161e-01   3.4383234e-01   7.7796163e+00   2.0891103e-04  -2.3349155e-04   5.5046270e-04
   2.0608144e-01   3.4788468e-01   7.7801827e+00  -2.6693186e-05  -2.9451955e-04   2.9182717e-04
   2.1680833e-01   3.3246833e-01   7.8129455e+00   2.3572458e-05  -2.4774547e-04   3.5179153e-04
   2.1171692e-01   3.3522169e-01   7.8384255e+00   3.8899056e-04  -5.2236635e-05   2.7542258e-04
   1.9483323e-01   3.3674157e-01   7.8545450e+00   7.7593139e-04  -4.6847643e-04   7.0366710e-04
   2.1942038e-01   3.6674127e-01   7.8535337e+00   8.4026981e-04  -1.9742496e-04   3.5860667e-04
   2.0163940e-01   3.5032099e-01   7.8472647e+00  -1.5103353e-05  -4.1584658e-04   4.9704930e-04
   2.1004504e-01   3.3046554e-01   7.8446909e+00  -1.0767385e-03  -2.2028546e-04   2.9354365e-04
   2.1835486e-01   3.2974162e-01   7.8885611e+00  -1.1575364e-04   2.2408504e-04   1.3646916e-04
   1.8844172e-01   3.3544904e-01   7.8904803e+00   6.5067107e-04  -1.1455098e-04   5.0092021e-04
   1.9961395e-01   3.7275712e-01   7.9273180e+00   1.2182098e-03  -2.5855954e-04   3.7944186e-04
   2.0887118e-01   3.1770844e-01   7.8822964e+00  -1.2476096e-03   7.8928700e-05   7.8196159e-04
   2.1591085e-01   3.3151199e-01   7.9181062e+00  -4.1283610e-04   2.5997147e-04   2.5350149e-04
   1.9857762e-01   3.1732313e-01   7.9467889e+00   2.6114326e-04  -8.3947206e-05   7.7721449e-04
   2.0716989e-01   3.4134719e-01   7.9845273e+00   1.6430733e-03  -2.8587121e-04   4.7363814e-04
   2.0857593e-01   3.3404309e-01   7.9518285e+00   7.8402270e-04  -6.8760781e-05   4.9247157e-04
   1.9118922e-01   3.3971310e-01   7.9640204e+00   3.8524202e-04  -2.1661948e-04   5.0593068e-04
   2.1389915e-01   3.5852466e-01   7.9816449e+00   8.1836025e-04  -4.9145538e-04   2.3690083e-04
   1.9328544e-01   3.3280380e-01   7.9740763e+00   1.9618432e-04  -4.9861077e-04   5.6239855e-04
   2.0897953e-01   3.3748151e-01   7.9605289e+00  -5.1743146e-04  -4.4851168e-04   4.7544224e-04
   2.0660431e-01   3.3366055e-01   7.9960831e+00  -2.1637119e-04   8.6775932e-05   2.0527306e-04
   1.9784679e-01   3.4630308e-01   8.0153055e+00   5.1004684e-04  -1.9223276e-04   6.6157811e-04
   1.9348553e-01   3.5122239e-01   8.0106501e+00   8.0134762e-04  -6.1634590e-04   8.6158502e-04
   2.1284547e-01   3.5458243e-01   8.0185268e+00   2.7942255e-04   1.0003288e-04   4.1490256e-04
   2.0009246e-01   3.3889950e-01   8.0232033e+00  -1.0729121e-03  -4.9234681e-04   4.8473087e-04
   2.0912793e-01   3.2430765e-01   8.0551592e+00  -3.1672642e-04   1.7531049e-04   3.6812941e-04
   1.9611796e-01   3.2187500e-01   8.0594544e+00  -3.7854418e-04  -2.5454479e-04   6.0754996e-04
