   0.0000000e+00   7.1901158e-15   0.0000000e+00   0.0000000e+00   0.0000000e+00   3.1566798e-18
  -4.8392954e-03  -3.9529572e-02  -1.5774820e-02  -4.7525616e-04   2.8154559e-04   5.5507073e-04
   2.8107797e-03  -2.8144604e-02  -2.8973860e-02   1.2791765e-04  -1.1317852e-04   5.5314462e-04
  -5.8268733e-03  -2.6365921e-02  -1.0306562e-02   3.3119244e-04  -3.6209109e-05   4.3270528e-04
  -3.4463119e-03  -3.4451828e-02  -4.6761721e-02  -6.4535288e-04  -3.0583207e-04   5.9113721e-04
   9.7546714e-03  -3.3544234e-02  -3.1738743e-02   3.9481818e-04   4.7076192e-04   2.0376801e-04
  -9.8745148e-03  -1.3467628e-02  -4.8356630e-02  -1.0484937e-05  -2.2642962e-04   5.4442293e-04
   1.2730437e-02  -6.6893171e-02  -6.3901015e-02   3.1067120e-04   8.0670473e-04  -9.0019453e-04
  -1.7370517e-02  -1.9626453e-02  -1.1313626e-01   1.0475983e-03   8.7411193e-04  -4.4354654e-04
   1.3985326e-02   1.6299213e-02  -1.9548728e-01   1.8732155e-03   2.3706413e-04  -1.6521064e-03
   1.9928096e-02   3.7104037e-02  -2.8366278e-01   2.5846320e-03   2.8269364e-04  -1.2782398e-03
   1.1637395e-02   3.5579406e-02  -3.5413891e-01   3.0422975e-03  -4.4652219e-04  -1.2318614e-03
   3.1970481e-03   6.3333778e-04  -2.7014022e-01   1.6267126e-03  -1.8354317e-04  -7.1140016e-04
   2.2931733e-02  -5.2800201e-02  -2.1312466e-01   1.3950157e-03   4.7086966e-04  -9.4872479e-04
  -8.3698397e-03  -3.2318509e-02  -1.7824561e-01   1.6023966e-03   1.0161480e-04  -2.3713227e-04
   2.6863531e-04  -4.6926832e-02  -1.8739692e-01   1.0378465e-03   8.7238269e-05  -7.2324202e-04
   2.1267594e-03  -3.0452484e-02  -2.0213340e-01   4.4771560e-04   3.6793555e-04  -2.0390856e-04
   2.5313559e-02  -4.5389681e-02  -1.9537398e-01   9.0007222e-04   1.6306065e-04  -1.0908998e-03
   4.7885928e-03  -2.5659700e-02  -2.1936567e-01   5.1379115e-04   3.6638787e-04   1.8566003e-04
  -1.0005060e-02  -3.4821886e-02  -2.1250969e-01   7.5490584e-04   6.0311352e-04   1.1952420e-04
  -6.0691627e-03  -1.9247399e-02  -2.0864107e-01   7.8020827e-04  -9.8084513e-06  -2.7823546e-04
  -2.8421628e-02  -2.9433400e-02  -2.0390131e-01   8.4332782e-04   1.9028816e-04   2.3109308e-04
  -7.2407148e-03  -4.0982124e-02  -1.7349159e-01   1.5262409e-03  -1.0443246e-05  -1.2032856e-04
  -2.2315579e-02  -5.8387127e-02  -2.0262589e-01   1.4474021e-03   4.8257231e-04   2.6479315e-04
   6.4583177e-03  -5.4821209e-02  -2.0909173e-01   1.1994639e-03   4.2306278e-04  -8.5493810e-04
  -1.6012326e-02  -3.8761505e-02  -2.2654767e-01   7.6602180e-04   2.6204897e-04   3.8386645e-04
  -3.7489165e-02  -2.5296520e-02  -2.2364260e-01   1.0724425e-03  -3.8329120e-04   3.8629658e-04
  -2.4782664e-02  -4.4694654e-02  -2.3366980e-01   1.0133865e-03   3.5911524e-04  -1.9221125e-05
  -3.3557915e-02  -1.9120401e-02  -2.5030681e-01   9.1390760e-04   3.3120195e-05   3.6727925e-04
  -2.0409984e-02  -5.8696918e-02  -2.4036899e-01   5.0370073e-04   5.2996000e-04   1.2486188e-04
  -3.6702083e-02  -3.4774708e-02  -2.4505750e-01   1.1458285e-03   2.1745628e-04   6.2017212e-04
  -4.1424321e-02  -3.3729064e-02  -2.4119543e-01   8.3319648e-04   1.2797695e-04   3.6961407e-04
  -4.4094924e-02  -4.7708216e-02  -2.5237748e-01   8.5213980e-04   6.1669764e-06   1.0207776e-03
  -2.9392316e-02  -4.6997831e-02  -2.8683960e-01   3.8050213e-04   4.6636095e-05   7.1844746e-04
  -2.8916696e-02  -2.2338420e-02  -2.6832091e-01   7.0857631e-04  -4.3744945e-06   4.8503156e-04
  -4.0762487e-02  -4.4356127e-02  -2.6628845e-01   6.6700746e-04   1.1543658e-04   7.6320649e-04
   2.9856338e-02  -1.8569387e-02  -3.4354543e-01   2.9665690e-04   4.3369984e-04  -2.9503087e-04
  -3.2891905e-02  -2.5918535e-02  -2.9337603e-01   1.2039794e-03   4.8630688e-04   5.1634848e-04
  -4.3883267e-02  -5.4547849e-02  -3.0710895e-01   1.1284123e-03   2.1201173e-04   5.4171530e-04
  -4.0402152e-02  -4.3429323e-02  -2.8320870e-01   1.0673053e-03   1.8106657e-04   1.1813899e-04
  -6.3370350e-02  -1.4501713e-02  -2.7327785e-01   1.1849016e-03   9.3522623e-05   2.0616434e-04
  -4.3384571e-02  -3.6389249e-02  -2.7262421e-01   1.4286159e-03   2.9874793e-05  -1.3344945e-04
  -3.6975366e-02  -2.6041676e-02  -2.6705703e-01   7.9429801e-04   2.9474795e-04   2.2234866e-04
  -5.8078964e-02  -1.6274660e-02  -2.6175855e-01   4.7915667e-04   1.1721312e-05   5.5000646e-04
  -3.7935375e-02  -2.6447025e-02  -2.4448896e-01   7.3390987e-04  -1.7946026e-05   2.0849245e-04
  -4.8083205e-02  -1.3193024e-02  -2.5244671e-01   4.3262834e-04   3.2804103e-04   1.0222651e-03
  -4.1900889e-02  -1.0377696e-02  -2.6018209e-01   4.1379619e-04   1.9445027e-04   7.7538423e-04
  -3.3376458e-02  -3.3229967e-02  -2.3507681e-01   9.4540286e-04   2.6303562e-04   3.0988718e-04
  -4.7072568e-02  -3.5581378e-02  -2.1680705e-01   8.0161178e-04   7.7023170e-04   8.8948348e-04
  -5.9213587e-02  -3.7292895e-02  -2.1093901e-01   1.3050022e-03   1.4267840e-04   9.6401771e-04
  -5.6168998e-02  -4.6095969e-03  -2.4627138e-01   4.5593991e-04  -7.9759551e-05   7.1904204e-04
  -5.4054774e-02  -1.4119465e-03  -2.5813807e-01   3.1791216e-04  -1.2598666e-05   5.4530104e-04
  -8.7669927e-02   4.8919074e-03  -2.4773812e-01   1.1904149e-03  -1.8369485e-05   5.5505254e-04
  -7.8738680e-02  -2.3759408e-02  -2.5719235e-01   8.0692759e-04   1.1460986e-04   4.3602661e-04
  -8.7121999e-02  -1.0332027e-02  -2.3041194e-01   1.2610957e-03   3.3082926e-04   1.0081299e-03
  -7.4490532e-02  -8.4362366e-03  -2.3328635e-01   1.2484352e-03  -1.9635015e-05   4.1196896e-04
  -4.4953629e-02  -2.2631069e-02  -2.6083350e-01   2.5926211e-04  -1.1425501e-04  -1.5816234e-04
  -5.5572602e-02  -3.5754067e-02  -2.5766039e-01   8.1400106e-04  -2.5571568e-04  -1.8892512e-04
  -7.5838437e-02  -2.4731801e-02  -2.4190953e-01   8.4070829e-04   9.4743628e-05   3.0073205e-04
  -9.1817896e-02  -5.9428974e-03  -2.3349117e-01   6.8687746e-04   3.0708495e-04   1.1236272e-03
  -8.1701818e-02  -6.0725711e-03  -2.1000028e-01   1.7873224e-03  -3.5052707e-04   6.8613239e-04
  -5.5638441e-02  -3.3223197e-02  -2.5030819e-01   3.0880375e-04  -1.3513157e-04   1.4655898e-04
  -7.7657947e-02  -2.6158209e-02  -2.3570634e-01   4.5024231e-04  -1.6348412e-04   6.1086929e-04
  -8.5018080e-02  -1.0161797e-02  -2.2483435e-01   2.8383324e-04   1.7089234e-04   1.2522307e-03
  -8.0859064e-02  -1.4199542e-02  -2.0200149e-01   2.5675431e-04  -1.9912886e-05   7.5169781e-04
  -9.3211860e-02   2.9368790e-02  -1.9649310e-01   8.7886721e-04   5.8510390e-05   1.1248744e-03
  -3.7919744e-02   2.5577245e-04  -2.5736452e-01   1.0558271e-03   4.9111604e-04   9.2669113e-04
  -7.4463799e-02  -2.6890727e-03  -2.2096724e-01   4.4165495e-04  -7.5400700e-06   4.0042349e-04
  -8.1483994e-02  -3.2522405e-02  -2.2036152e-01   8.2518878e-04   9.2301467e-05   8.8404414e-04
  -8.1241652e-02   5.9874369e-03  -2.0403101e-01   1.0322706e-03   2.0141993e-04   9.6288175e-04
  -7.5995709e-02  -7.0697269e-03  -2.1313067e-01   4.8261912e-04   1.5496899e-04   5.6784313e-04
  -7.9946113e-02   5.1609455e-03  -2.0876964e-01   1.1014258e-03  -1.4048969e-04   5.6587394e-04
  -7.4001671e-02   2.0748125e-02  -2.1031971e-01   9.9833315e-04  -1.8154539e-05   7.0126135e-04
  -6.2206353e-02   5.4872674e-03  -2.0908889e-01   8.1250700e-04  -2.5270195e-04   4.1226437e-04
  -6.4517994e-02  -1.3677478e-02  -1.9958221e-01   8.3585789e-04  -1.4026131e-04   5.3033333e-04
  -7.6408115e-02  -9.1159473e-03  -1.8988982e-01   9.3186182e-04  -2.1806288e-05   7.0928154e-04
  -7.7172250e-02  -7.6108264e-03  -1.6308774e-01   1.5429632e-03   1.8579429e-04  -4.1481608e-04
  -1.2822791e-01  -3.3950061e-02  -1.7977684e-01   1.2929012e-03  -3.2251114e-04  -7.6639642e-04
  -1.1610468e-01  -2.1997373e-02  -2.2309201e-01  -5.2145008e-04  -2.6702671e-04  -4.2817740e-04
  -1.1124230e-01  -7.0073553e-03  -1.6615630e-01   9.9479975e-04   1.0651571e-04  -1.9753443e-04
  -1.1801955e-01  -6.3688718e-03  -1.6483246e-01   3.9112336e-04  -3.7756818e-04  -7.5150586e-05
  -5.4632573e-02  -4.4762375e-02  -1.6696612e-01  -2.4187478e-04  -3.6070189e-04  -1.6756356e-03
  -9.5799984e-02  -7.5610353e-03  -1.4680732e-01  -2.7918592e-04  -1.9093468e-04  -7.0391845e-05
  -9.0622846e-02  -8.7231400e-03  -1.5293685e-01   5.6129195e-04  -4.7787347e-04  -1.0957195e-03
  -8.7836992e-02  -7.0737783e-03  -1.6315178e-01  -7.4123396e-04  -3.7870252e-04  -8.0028850e-04
  -1.0839820e-01  -2.9109284e-02  -1.6005935e-01  -2.7802306e-04  -4.8405581e-04   1.6003559e-04
  -1.0106022e-01  -1.7058817e-02  -1.0331189e-01   3.0182938e-04  -5.0723996e-05  -5.1679937e-05
  -7.8574088e-02  -1.5605881e-02  -8.9193044e-02   2.1840361e-04   1.1011344e-04  -8.0816256e-04
  -7.9790411e-02  -2.2127673e-02  -1.3141408e-01  -2.2810285e-05  -6.2932936e-04  -1.0550343e-03
  -9.4928359e-02  -1.9768164e-02  -1.1060993e-01  -3.2756995e-05  -4.4548653e-04  -1.1881612e-04
  -1.0131804e-01   1.3688448e-03  -7.2459973e-02   6.2505000e-04  -9.9450438e-05  -2.4122949e-04
  -1.1150339e-01   6.7397476e-03  -7.7867694e-02   2.8127425e-04  -1.8928737e-04   1.3915529e-04
  -8.9049454e-02   1.0085215e-02  -7.7087546e-02   3.1259996e-05  -2.3853474e-04  -2.0271958e-04
  -9.2267004e-02   8.9249496e-03  -9.0111079e-02  -2.6765422e-04  -1.6782683e-04   2.8078776e-04
  -8.9217327e-02   9.1382894e-03  -8.7899462e-02  -6.5558637e-04  -3.4166698e-04  -3.8197778e-04
  -8.0957458e-02  -1.7045780e-03  -5.2978705e-02   6.6493702e-05  -1.8958573e-05   1.4869443e-04
  -7.4617357e-02  -2.3676878e-03  -5.4213115e-02  -1.0137597e-04  -2.9792576e-04  -1.0963672e-04
  -9.0423688e-02   1.1428884e-02  -6.4190587e-02  -5.6508757e-04  -1.5191875e-04   9.8741244e-05
  -9.5763812e-02   2.1418915e-02  -6.6076204e-02  -2.0330226e-04  -1.9805815e-04   2.2471839e-04
  -1.0572805e-01   2.3639394e-02  -7.1990226e-02  -6.8400664e-04  -2.4500026e-04   1.1601510e-04
  -9.7978577e-02   8.9385831e-03  -7.0137756e-02  -6.9881734e-04  -3.9291441e-04  -3.0641050e-04
  -1.0040379e-01   1.2132462e-02  -5.2203338e-02  -3.4455660e-04  -4.1037448e-04   9.9437743e-05
  -7.3030031e-02   4.1110101e-03  -4.7193613e-02  -5.5387645e-04   3.2721975e-04  -3.0394396e-04
  -7.9329731e-02   1.1978729e-03  -2.2847136e-02  -2.4641261e-04  -3.7858342e-04  -4.6680965e-04
  -8.9059233e-02   2.4946548e-02  -2.1737334e-02  -6.3532175e-04  -1.0077299e-04   1.5663747e-04
  -5.2586539e-02   1.2112076e-02  -5.9749962e-02  -8.5318859e-04  -5.8750405e-04  -6.2968385e-04
  -1.0978657e-01   1.5572840e-02  -4.6954406e-02   9.1293016e-04   1.5073551e-04  -2.2197496e-04
  -1.1263011e-01  -4.7153776e-03  -4.6701466e-02  -1.3720980e-04  -6.8123350e-05  -2.9351109e-05
  -9.3897686e-02  -1.6476787e-02  -2.8475248e-02   5.7140891e-04   5.3366680e-05  -5.5967151e-04
  -1.0842063e-01   1.9757295e-02  -1.3035686e-02   3.9964560e-04   3.0308134e-05   2.8777268e-04
  -9.6346457e-02   3.6434507e-02  -1.6113489e-02  -3.2799623e-04   8.2025282e-05   6.5637918e-04
  -8.0975379e-02   2.0788358e-02   1.9566713e-02   6.1742311e-04  -3.7314024e-04  -1.8693800e-04
  -7.8418263e-02   2.7446051e-02   1.9321695e-03  -5.4739014e-06  -3.8592580e-04  -1.1437284e-04
  -8.0915415e-02   3.9143947e-02  -3.0142075e-03  -1.6585941e-04  -4.1861752e-05  -1.5705685e-04
  -9.7257933e-02   2.1799915e-02   1.6477807e-02   6.8578745e-05  -4.5659434e-04   1.9365683e-04
  -1.0185345e-01   4.4234561e-02   1.3937548e-02  -2.7111175e-04  -2.6281455e-04   4.2866752e-04
  -8.2810182e-02   3.4770473e-02   1.6204579e-02   2.6674477e-04  -2.0540963e-04   2.4535874e-05
  -8.5721709e-02   4.1677893e-02   3.1386226e-02  -1.3067087e-04  -5.4675580e-04   6.7760513e-05
  -1.0150490e-01   2.6173470e-02   2.5345945e-02   3.4161783e-04   1.0191846e-06   3.9045507e-04
  -7.6383553e-02   1.1913493e-02   2.3217978e-02  -1.2916165e-04  -3.1328889e-05  -8.1012281e-05
  -8.2631828e-02   2.3731173e-02   4.5602759e-02   7.0336903e-04   3.2056250e-04   2.6167141e-05
  -8.7689245e-02   2.6250496e-02   4.2469098e-02  -7.2726935e-05   3.9165246e-04   6.1038219e-05
  -9.3075662e-02   2.8255657e-02   5.0348991e-02   1.8087460e-04   1.3958444e-04   6.8309571e-04
  -7.0071173e-02   1.7753508e-02   6.8136743e-02   4.0987542e-04   5.7552135e-05  -5.1130903e-04
  -9.6448695e-02   5.1626845e-02   5.2939984e-02  -2.9002741e-04   1.0414994e-04   4.7390621e-04
  -8.2347258e-02   5.6373223e-02   7.6786346e-02   8.7797799e-04  -2.3608492e-04   5.7229249e-05
  -8.9589388e-02   4.0598041e-02   6.3839021e-02   1.5181967e-04  -1.8575779e-04   3.3751983e-04
  -7.6056361e-02   2.7084483e-02   8.6882075e-02   4.5480022e-04   1.0666790e-04  -2.0936629e-05
  -6.7364721e-02   2.9072379e-02   1.0033091e-01   5.7987668e-04   2.8966550e-04   3.9929423e-05
  -8.9280650e-02   3.2485214e-02   1.1301008e-01   5.1146737e-04   6.4595438e-05   4.7328326e-04
  -6.9666651e-02   3.3715409e-02   1.0404038e-01   6.0701971e-04   3.0385922e-04  -4.1466883e-05
  -7.7522853e-02   2.7790569e-02   1.3783225e-01   1.2812704e-03   5.5213988e-04   2.4967948e-04
  -9.1651507e-02   5.1156538e-02   1.2154150e-01   9.7920006e-04  -3.3868437e-06   2.1033212e-04
  -9.0491828e-02   4.5049706e-02   1.3123895e-01   5.0756095e-04   1.6605301e-04   3.1921578e-04
  -8.6233595e-02   3.9597359e-02   1.2972466e-01   6.6631131e-04   3.2559800e-04   2.3132346e-04
  -9.7951148e-02   6.4084555e-02   1.1099103e-01   8.2913554e-05   2.2693852e-04   6.6202649e-04
  -6.7112786e-02   2.8549442e-02   1.1984453e-01   1.3681314e-03  -1.5917210e-04   4.9127395e-04
  -1.0290805e-01   7.4276834e-02   1.2438353e-01   1.4017389e-03   1.0438073e-04   6.2214841e-04
  -1.0172240e-01   5.6432742e-02   1.3968467e-01   1.3074215e-03   2.1752295e-04   2.4726485e-04
  -8.9853218e-02   2.6271321e-02   1.5531972e-01   1.5285905e-03   1.8089011e-04  -1.5403840e-04
  -7.9321121e-02   6.6509507e-02   1.5576331e-01   1.0014957e-03   1.3206051e-04  -1.7060394e-04
  -8.5588424e-02   8.6248500e-02   1.5169378e-01   8.5843777e-04   1.3871202e-05   5.5862954e-04
  -8.3574408e-02   6.1899900e-02   1.7601436e-01   6.5173389e-04  -1.7675697e-04   5.0830486e-04
  -1.0455500e-01   2.3334453e-01   2.2677966e-01   2.7684890e-03  -3.8904056e-04   7.6316613e-04
  -7.0850905e-02   5.9710917e-02   1.8179511e-01   6.7369161e-04   3.5873271e-04   1.1269365e-04
  -9.2204205e-02   5.5955713e-02   1.6333732e-01   6.8136514e-04   6.2771825e-04   5.6830968e-04
  -9.3363637e-02   3.1338113e-02   1.8708734e-01   1.0711158e-03   8.5865099e-04   5.3682576e-04
  -8.5589286e-02   4.0989666e-02   2.0084892e-01   1.1641196e-03   4.8956329e-04  -1.1350775e-04
  -8.6211071e-02   4.6982183e-02   2.0468967e-01   1.1780108e-03   1.2883629e-04   6.3822173e-04
  -8.4056200e-02   3.5457466e-02   2.1105567e-01   1.0806570e-03  -3.3695344e-04   4.0575997e-04
  -7.6153234e-02   3.2222397e-02   2.3578295e-01   7.1243047e-04   6.5707011e-04   3.1178279e-05
  -7.8929133e-02   5.8838499e-02   2.3897105e-01   9.7263797e-04   8.1959150e-04   5.5551089e-04
  -9.6700039e-02   4.7651061e-02   2.1970049e-01   8.5659105e-04   5.9751716e-05   8.8153596e-04
  -1.0022551e-01   5.8068329e-02   2.3183031e-01   1.3247559e-03   4.5459397e-04   5.2251856e-04
  -1.1372696e-01   5.1958065e-02   2.2813470e-01   9.9779953e-04   2.5575092e-05   8.4326531e-04
  -7.7996897e-02   6.6216754e-02   2.8232622e-01   1.3716890e-03  -1.7051464e-04   7.7160409e-06
  -9.1380459e-02   6.3684642e-02   2.5550877e-01   5.4413954e-04   1.7367833e-04   5.7323735e-04
  -9.3601000e-02   7.5118021e-02   2.8413663e-01   9.9612393e-04   4.3202790e-04   9.0416111e-04
  -8.3982459e-02   8.5847713e-02   3.0731872e-01   1.1084034e-03   3.3270131e-04   5.5948142e-04
  -8.7463793e-02   8.8436779e-02   2.9537573e-01   9.7363650e-04  -2.1805113e-06   6.5887047e-04
  -8.2312360e-02   7.3754293e-02   3.0484660e-01   8.4844466e-04   5.3358040e-04   8.4349444e-04
  -8.4295364e-02   7.8787960e-02   3.0622577e-01   1.0557483e-03  -1.3857247e-05   5.7223755e-04
  -7.4286212e-02   7.2416140e-02   3.1048582e-01   1.0779117e-03   4.6764651e-04   6.3036822e-04
  -9.4585571e-02   5.4078135e-02   3.3342017e-01   1.4033025e-03   4.0783715e-04   8.6605928e-04
  -7.0897503e-02   5.5446341e-02   3.4163611e-01   8.0526388e-04   6.1397381e-04   2.7673843e-04
  -8.3922130e-02   8.7196892e-02   3.2391216e-01   7.1682366e-04   2.5297236e-04   6.8287395e-04
  -7.9252800e-02   7.5005528e-02   3.4322721e-01   1.1093984e-03   7.3116545e-05   6.2209752e-04
  -8.4336914e-02   7.6989221e-02   3.6368300e-01   1.2265273e-03   3.8303562e-04   4.6094346e-04
  -1.1231988e-01   4.5671125e-02   3.6757719e-01   3.8744152e-03   3.5730043e-04   1.5527172e-03
  -1.7711791e-01   3.7544827e-01   4.0556228e-01   9.9903411e-04   2.2070357e-04   3.3638106e-03
  -1.0117909e-01   5.3694357e-02   3.6435592e-01   3.9224050e-04   6.3076163e-04   7.2841466e-04
  -9.4079340e-02   6.9151277e-02   4.3446470e-01   1.3360133e-03   1.7881331e-04   8.9177920e-04
  -8.1899399e-02   7.7483437e-02   4.2318799e-01   6.5395222e-04   1.0864718e-04   4.6085621e-04
  -8.6795336e-02   9.1837986e-02   4.0164597e-01   3.8643859e-04  -4.6658568e-04   6.1117890e-04
  -6.7823405e-02   8.6677872e-02   4.1848460e-01   1.0810817e-03   1.4374562e-05   4.4885595e-04
  -9.2418293e-02   6.5738696e-02   4.1985261e-01   4.0886142e-04   7.8882969e-05   7.9903045e-04
  -7.8058166e-02   8.7280820e-02   4.5731030e-01   1.0133430e-03  -2.6887919e-04   5.7360999e-04
  -8.6927746e-02   6.9688497e-02   4.6271565e-01   9.4178400e-04   4.4601545e-05   8.5126451e-04
  -9.5402130e-02   1.0549794e-01   4.7124531e-01   9.5744529e-04   2.3031550e-05   7.0733505e-04
  -8.4153287e-02   8.3111625e-02   4.5751618e-01   7.2165541e-04   1.5153877e-04   5.2431454e-04
  -7.8926620e-02   7.7690839e-02   4.8866359e-01   1.5529542e-03   7.5431839e-05   5.0848640e-04
  -8.9235195e-02   6.6250420e-02   4.8476802e-01   1.2990567e-03  -8.9824371e-05   2.4535442e-04
  -9.4975560e-02   9.6756500e-02   4.8449267e-01   1.0367808e-03  -3.9796812e-04   4.4238869e-04
  -8.5851390e-02   9.0362293e-02   5.2584180e-01   1.6423342e-03   3.0330060e-04   7.6483192e-04
  -7.9011123e-02   1.1364228e-01   5.1607679e-01   1.3900734e-03   1.7148643e-04   1.7069909e-04
  -9.7608586e-02   1.0128134e-01   5.2972542e-01   1.7118334e-03  -2.3520799e-05   7.0778499e-04
  -8.3541855e-02   9.2077275e-02   5.3585724e-01   7.1581577e-04   1.5949230e-04   4.6240489e-04
  -9.3960730e-02   9.0119658e-02   5.4487444e-01   1.0516175e-03  -1.8775566e-05   9.5874261e-04
  -7.8489448e-02   8.6527229e-02   5.4799619e-01   7.2617478e-04   1.1999820e-04   1.4545963e-04
  -1.0472805e-01   1.0887743e-01   5.3922921e-01   7.5361310e-04   6.2931629e-05   5.3640235e-04
  -8.4396807e-02   8.7081704e-02   5.6791933e-01   1.0795290e-03   1.5813936e-05   3.1604941e-04
  -1.0604537e-01   1.1011430e-01   5.6251554e-01   6.6352564e-04   1.4673633e-04   9.1172606e-04
  -6.9177200e-02   9.7333529e-02   5.8009364e-01   8.0197106e-04   6.3565266e-04   1.9276896e-04
  -8.2873449e-02   1.1970967e-01   5.9158396e-01   1.0386225e-03   5.0236860e-04   8.6777197e-04
  -8.7743565e-02   1.2913694e-01   5.8153688e-01   6.5167338e-04   4.3134400e-04   7.7119762e-04
  -1.0088490e-01   1.0319654e-01   5.9322753e-01   7.9107978e-04   3.1031687e-04   1.0862890e-03
  -7.5085155e-02   9.6188580e-02   6.1271891e-01   1.3069786e-03   4.0235882e-04   8.1581671e-04
  -3.3820398e-02   5.7522184e-02   5.6562579e-01   2.7561571e-04   1.1386039e-03  -1.5287020e-04
  -6.4506540e-02   9.5636615e-02   6.3859737e-01  -2.1832372e-04   1.2968192e-03   7.6581992e-04
  -6.0327527e-02  -1.3575037e-01   6.8073402e-01   1.8265585e-03  -1.1217212e-03   1.7872030e-03
  -1.0734500e-01   1.5710129e-02   6.4057064e-01   9.0180734e-04   1.2130252e-03   2.5663258e-03
  -1.0626440e-01   7.1673456e-02   6.7204941e-01   8.5211446e-04   6.0515396e-04   1.7492879e-03
  -7.9251027e-02   7.5411560e-02   6.8166442e-01   9.5770000e-04   7.8201463e-04   9.4925806e-04
  -6.2609251e-02   8.6888718e-02   6.8958851e-01   7.6056215e-04   6.6472415e-04   3.5448660e-04
  -6.3960257e-02   9.9578734e-02   6.7587590e-01   1.4450939e-04   9.7336085e-04   1.0258893e-03
  -4.8883181e-02   7.7536534e-02   6.9879917e-01   5.7041517e-04   7.5685513e-04   6.4148020e-04
  -6.5022485e-02   9.1964431e-02   7.1844449e-01   1.2052470e-03   9.7894185e-04   1.3516212e-03
  -6.2705905e-02   6.4834370e-02   7.1152141e-01   7.5132754e-04   4.3893482e-04   9.7675221e-04
  -6.9298185e-02   9.9387753e-02   7.2306523e-01   6.7332503e-04   7.6123988e-04   8.7273871e-04
  -7.0365980e-02   9.0370766e-02   7.3858062e-01   1.6856390e-03   7.2973015e-04   1.1035190e-03
  -5.1375395e-02   8.0015514e-02   7.4952098e-01   1.7743163e-03   1.1604246e-03   7.5254240e-04
  -6.3130818e-02   1.1910219e-01   7.6785696e-01   1.4573269e-03   7.5033253e-04   9.3546307e-04
  -7.7185645e-02   1.0444478e-01   7.7448225e-01   1.0348739e-03   1.2074599e-03   1.8307102e-03
  -7.2621763e-02   9.6777484e-02   7.7450928e-01   1.1416027e-03   8.7524670e-04   1.3786738e-03
  -7.6286977e-02   5.7069609e-02   7.5539860e-01   1.3119876e-03   1.1095680e-03   1.4630366e-03
  -6.6922311e-02   1.1467171e-01   7.8420878e-01   1.1477605e-03   9.4520682e-04   1.0593430e-03
  -8.8337786e-02   1.1103846e-01   7.9919129e-01   1.5107708e-03   5.9732847e-04   1.5108752e-03
  -6.1178329e-02   1.3051753e-01   8.1074645e-01   1.3931409e-03   5.0559312e-04   5.6719708e-04
  -7.8233509e-02   1.1954491e-01   8.1667424e-01   1.1157667e-03   8.0428683e-04   1.4851966e-03
  -6.5095193e-02   1.0793455e-01   8.3061759e-01   1.0116930e-03   7.6278907e-04   7.6214901e-04
  -7.3841468e-02   1.2954491e-01   8.2982235e-01   8.1280674e-04   8.2668270e-04   1.0287041e-03
  -4.9869367e-02   1.4415545e-01   8.3617342e-01   1.1754450e-03   7.8057020e-04   2.9127501e-04
  -6.6692208e-02   1.2301688e-01   8.5308882e-01   1.0330542e-03   8.5850307e-04   1.0866539e-03
  -6.2680616e-02   1.1030869e-01   8.8297341e-01   1.4055892e-03   1.0024338e-03   8.4012182e-04
  -5.8579945e-02   1.1638119e-01   8.8623216e-01   1.3247194e-03   6.6849276e-04   7.7606506e-04
  -7.4185778e-02   1.0480781e-01   9.0310450e-01   1.3443966e-03   9.8246519e-04   1.0055291e-03
  -6.7646839e-02   1.0446284e-01   8.9487499e-01   1.0162339e-03   1.0245005e-03   1.4636291e-03
  -3.0977998e-02   2.6944114e-02   2.2719875e-01   1.5590044e-03  -1.2272604e-03   3.2639366e-03
   4.5931952e-01  -2.4951385e-01  -6.9705748e-01   9.7302246e-03  -3.8366620e-03   1.0063585e-03
   3.4506684e-01  -7.3003910e-01  -1.2506776e+00   5.9480559e-02  -5.6545772e-03   3.7920571e-03
  -1.0747511e-01  -1.3435834e-01  -3.2107837e-02   2.7708265e-02  -2.5181433e-03  -3.2918695e-03
  -1.3634767e-01  -6.4332609e-04   6.0519386e-02   2.0506383e-02  -2.9187709e-03  -4.0791719e-03
  -1.4568914e-01  -4.4590403e-02   7.5935130e-02   2.1463202e-02  -3.9811856e-03  -3.5233513e-03
  -1.5421534e-01  -4.0308684e-02   1.1201553e-01   2.0580856e-02  -3.6026612e-03  -4.1005325e-03
  -1.7893328e-01  -1.1686806e-02   1.5166688e-01   2.1070241e-02  -3.9771586e-03  -3.9527015e-03
  -1.5238338e-01  -3.6977745e-02   1.6938372e-01   2.0349289e-02  -3.3451972e-03  -5.0859011e-03
  -1.8639842e-01  -6.1179422e-03   1.6967520e-01   1.9684699e-02  -3.3377677e-03  -3.6860571e-03
  -2.0220484e-01  -8.2477999e-03   1.7557816e-01   1.9338439e-02  -3.7078214e-03  -3.9885329e-03
  -1.9137192e-01   1.7486702e-02   2.0299120e-01   1.9342454e-02  -2.8795354e-03  -3.7209804e-03
  -2.0057383e-01   1.5753231e-02   2.1942481e-01   1.9662306e-02  -3.1966243e-03  -3.7932437e-03
  -1.9895068e-01   2.6663538e-02   2.3994734e-01   1.9382423e-02  -3.4283098e-03  -4.1970453e-03
  -2.1528584e-01   2.1563612e-02   2.7331236e-01   1.9795119e-02  -3.0286670e-03  -3.6806079e-03
  -2.1451891e-01  -6.2736324e-03   2.7776290e-01   1.9261424e-02  -2.9824262e-03  -3.7342570e-03
  -1.7392668e-01   1.6870370e-02   3.0826275e-01   1.9730372e-02  -3.0035808e-03  -4.6577905e-03
  -1.9826831e-01   5.3024748e-03   2.9195463e-01   1.9195082e-02  -3.1825277e-03  -3.8937040e-03
  -1.9000113e-01   2.9810087e-02   2.8959502e-01   1.9170542e-02  -3.2434458e-03  -4.2320150e-03
  -1.9703977e-01   3.3920017e-02   3.0099151e-01   1.9166874e-02  -3.1784204e-03  -3.7972418e-03
  -2.1435089e-01   5.6340702e-02   2.8859664e-01   1.8511433e-02  -3.2424690e-03  -3.7892133e-03
  -2.0153263e-01   4.0444829e-02   3.1515162e-01   1.9241414e-02  -3.1645504e-03  -3.9336372e-03
  -1.9632231e-01   6.0367936e-02   3.2040080e-01   1.9142552e-02  -3.1902488e-03  -3.9415803e-03
  -1.7139096e-01   3.5026654e-02   3.1914743e-01   1.8562158e-02  -3.8933757e-03  -5.4764736e-03
  -1.8715709e-01   3.9005854e-02   3.4593161e-01   1.8470542e-02  -3.0507018e-03  -4.3345708e-03
  -1.9390988e-01   2.0598552e-02   3.7819771e-01   1.8995149e-02  -3.2207381e-03  -4.3306572e-03
  -1.7453747e-01   3.0801690e-02   3.6044869e-01   1.8402965e-02  -2.7768213e-03  -4.1741125e-03
  -1.9231355e-01   7.4961229e-02   3.7804494e-01   1.9013843e-02  -3.3603828e-03  -4.1827621e-03
  -2.0085662e-01   7.2741129e-02   3.7610176e-01   1.8459540e-02  -3.1000573e-03  -4.2245189e-03
  -1.8804684e-01   7.4806770e-02   3.8593447e-01   1.8748418e-02  -3.5866591e-03  -4.6135924e-03
  -1.9328645e-01   7.4263256e-02   3.8290755e-01   1.8587960e-02  -3.2310392e-03  -4.6080726e-03
  -1.9938311e-01   6.6900979e-02   4.2488125e-01   1.9056413e-02  -3.3213731e-03  -4.1023234e-03
  -2.0311701e-01   6.1983786e-02   4.2066986e-01   1.8970509e-02  -2.8950548e-03  -4.0195500e-03
  -2.0037893e-01   5.9555666e-02   4.3484916e-01   1.8756144e-02  -3.1624316e-03  -4.3816696e-03
  -2.0775965e-01   8.2251632e-02   4.8232028e-01   1.9338386e-02  -2.7660343e-03  -4.3441669e-03
  -2.0740312e-01   8.7325106e-02   4.8836677e-01   1.8915427e-02  -2.8091243e-03  -4.5497008e-03
  -1.8387967e-01   5.7504889e-02   4.9351740e-01   1.8651775e-02  -3.0630670e-03  -5.1298382e-03
  -1.9301951e-01   5.2004740e-02   5.0829525e-01   1.9174839e-02  -3.0037083e-03  -4.7133325e-03
  -1.9660706e-01   4.2625007e-02   5.3314378e-01   1.9367529e-02  -2.7314611e-03  -4.3197101e-03
  -1.9224034e-01   7.5033062e-02   5.1770745e-01   1.8609877e-02  -2.8803047e-03  -4.1711822e-03
  -1.9859230e-01   7.7017365e-02   5.3540866e-01   1.8773189e-02  -3.0460297e-03  -4.9226819e-03
  -1.9414212e-01   7.3057131e-02   5.5686457e-01   1.8955433e-02  -2.9894125e-03  -4.6526168e-03
  -2.1009498e-01   7.2765636e-02   5.7106565e-01   1.8833910e-02  -2.6548718e-03  -3.9352370e-03
  -1.9275813e-01   7.6297046e-02   5.6081669e-01   1.8731473e-02  -2.8443976e-03  -5.0248993e-03
  -1.3677060e-01   7.5445459e-02   5.0081280e-01   1.7007734e-02  -3.0271071e-03  -5.3829535e-03
  -1.8008060e-01   6.5883538e-02   5.6595662e-01   1.8456003e-02  -3.1305299e-03  -4.5318696e-03
  -1.8673046e-01   6.2222762e-02   5.9149858e-01   1.7938482e-02  -3.0001721e-03  -4.8925465e-03
  -1.9476681e-01   3.0382412e-02   5.9598261e-01   1.7896048e-02  -3.4970776e-03  -4.9572158e-03
  -2.1069901e-01   5.2251640e-02   6.3869174e-01   1.8083221e-02  -3.0177053e-03  -4.4105749e-03
  -2.0013813e-01   6.6795457e-02   6.4768406e-01   1.8133747e-02  -3.4089136e-03  -4.5824336e-03
  -1.8456889e-01   5.6826216e-02   6.3261965e-01   1.7957909e-02  -3.2508853e-03  -4.6876650e-03
  -1.8457597e-01   7.6321349e-02   6.5023045e-01   1.7705922e-02  -3.0842899e-03  -4.6620411e-03
  -1.8232777e-01   7.6043199e-02   6.6348600e-01   1.7526545e-02  -3.0170511e-03  -4.5148030e-03
  -1.9278110e-01   7.5510625e-02   6.9953450e-01   1.7767690e-02  -2.9933356e-03  -4.5449281e-03
  -1.8230616e-01   5.8411693e-02   7.2284912e-01   1.7745998e-02  -2.5007827e-03  -4.5083760e-03
  -1.8515332e-01   7.1624688e-02   7.2350975e-01   1.8216794e-02  -2.6567778e-03  -4.5706758e-03
  -1.8239497e-01   1.1049047e-01   7.1416889e-01   1.7771454e-02  -2.8747191e-03  -4.5501952e-03
  -1.9990721e-01   8.7879736e-02   7.1278375e-01   1.7297769e-02  -3.3049183e-03  -4.3415771e-03
  -1.9212020e-01   8.6401025e-02   7.4240892e-01   1.7346410e-02  -2.3691732e-03  -4.2646006e-03
  -1.7724899e-01   5.2942518e-02   7.5039542e-01   1.7936012e-02  -2.5827736e-03  -4.5328681e-03
  -1.7967095e-01   5.7341926e-02   7.5257961e-01   1.7790713e-02  -2.8750843e-03  -4.8006549e-03
  -1.7994439e-01   7.9295189e-02   7.5799195e-01   1.8375908e-02  -2.9008372e-03  -4.7015409e-03
  -1.9480914e-01   6.4567679e-02   7.8378610e-01   1.8377758e-02  -2.9748601e-03  -4.2436185e-03
  -1.8394820e-01   1.0313336e-01   7.8537441e-01   1.8021804e-02  -2.9823094e-03  -4.2188276e-03
  -1.6428325e-01   8.4497004e-02   7.6640421e-01   1.7507621e-02  -2.8272786e-03  -5.2857445e-03
  -1.7396415e-01   9.2839961e-02   8.0501884e-01   1.8163727e-02  -2.5948523e-03  -4.4350678e-03
  -1.8560792e-01   8.7434103e-02   8.2375904e-01   1.8373210e-02  -2.5655781e-03  -4.3320099e-03
  -1.6976147e-01   8.4028623e-02   8.2792314e-01   1.8092054e-02  -2.8210215e-03  -5.1500711e-03
  -1.7575288e-01   8.0431558e-02   8.2044359e-01   1.8146053e-02  -2.6570575e-03  -4.9535842e-03
  -1.9062926e-01   6.8275708e-02   8.4992936e-01   1.8126468e-02  -2.6596235e-03  -4.6629105e-03
  -1.8813689e-01   6.9223515e-02   8.8986606e-01   1.8274427e-02  -2.3542461e-03  -4.9327837e-03
  -1.7647719e-01   1.0505676e-01   8.9731666e-01   1.8583977e-02  -2.7039630e-03  -5.5937772e-03
  -1.8417265e-01   1.1381530e-01   8.8266151e-01   1.8599774e-02  -2.5942135e-03  -4.8387963e-03
  -1.6885835e-01   9.2549442e-02   8.9376808e-01   1.8532276e-02  -2.7289768e-03  -5.0067192e-03
  -1.7994379e-01   8.5186463e-02   9.2097544e-01   1.8453203e-02  -2.4889185e-03  -5.0615862e-03
  -1.8062205e-01   1.1246993e-01   9.4191442e-01   1.8765834e-02  -2.1885230e-03  -4.7207893e-03
  -1.9177186e-01   1.0336353e-01   9.3096300e-01   1.8511873e-02  -2.5165565e-03  -4.8969854e-03
  -1.9016530e-01   1.0667278e-01   9.4713683e-01   1.8525123e-02  -2.2300501e-03  -4.8389617e-03
  -1.6901668e-01   9.3625789e-02   9.4833911e-01   1.8215442e-02  -2.4311880e-03  -5.0530229e-03
  -1.8144798e-01   8.4739944e-02   9.7447147e-01   1.8987986e-02  -2.2566192e-03  -4.7164076e-03
  -1.7498197e-01   1.1768215e-01   9.8163554e-01   1.8882693e-02  -2.4999699e-03  -4.8436389e-03
  -1.8622497e-01   9.3452430e-02   9.9986386e-01   1.8776105e-02  -2.1982888e-03  -4.9572290e-03
  -1.8078141e-01   1.1403848e-01   1.0120347e+00   1.8463866e-02  -2.3865419e-03  -5.0142269e-03
  -1.9966629e-01   1.1355977e-01   1.0067637e+00   1.8329161e-02  -2.5142608e-03  -4.5773110e-03
  -1.7643381e-01   1.1461438e-01   1.0238151e+00   1.8658827e-02  -2.2962592e-03  -4.5948704e-03
  -1.6507040e-01   1.3004147e-01   1.0056488e+00   1.7823836e-02  -2.5076292e-03  -5.2425814e-03
  -1.8953970e-01   1.2241129e-01   1.0248426e+00   1.8273158e-02  -2.2478085e-03  -4.5962801e-03
  -1.8362568e-01   1.1722131e-01   1.0325708e+00   1.8708678e-02  -2.5566172e-03  -4.6803287e-03
  -1.1287617e-01   7.6715181e-02   9.5616690e-01   1.7104129e-02  -1.9598913e-03  -4.9479505e-03
  -1.3778226e-01   8.1394687e-02   1.0445490e+00   1.8711847e-02  -2.3948235e-03  -4.8560865e-03
  -1.4674262e-01   4.4457670e-02   1.0367313e+00   1.7817045e-02  -2.5517141e-03  -4.6579075e-03
  -1.2000029e-01   4.1733749e-02   1.0831504e+00   1.8560522e-02  -1.9792943e-03  -5.8285651e-03
  -1.5680894e-01   8.5731212e-02   1.0735729e+00   1.8211541e-02  -2.1124885e-03  -4.4972052e-03
  -1.4993143e-01   1.0008981e-01   1.0727217e+00   1.8171920e-02  -2.5081128e-03  -4.9357850e-03
  -1.2828326e-01   6.9366156e-02   1.0907235e+00   1.8573297e-02  -2.0840969e-03  -4.9538765e-03
  -1.2792484e-01   8.8255799e-02   1.0953841e+00   1.8274654e-02  -2.6019820e-03  -5.5194945e-03
  -1.3821842e-01   1.1208229e-01   1.0907815e+00   1.8098399e-02  -2.1683006e-03  -4.7749335e-03
  -1.5268529e-01   7.0824285e-02   1.1196599e+00   1.8243969e-02  -1.6791802e-03  -4.5523930e-03
  -1.4051589e-01   9.1779256e-02   1.1116454e+00   1.8169575e-02  -1.9164885e-03  -5.1547099e-03
  -1.4325152e-01   9.5400315e-02   1.1340055e+00   1.8268275e-02  -1.9309100e-03  -4.8130041e-03
  -1.4818991e-01   8.3298665e-02   1.1491943e+00   1.8802584e-02  -1.9634898e-03  -4.9585004e-03
  -1.4170705e-01   1.0043739e-01   1.1506752e+00   1.8627883e-02  -2.3976881e-03  -4.8161169e-03
  -1.3858270e-01   9.8448257e-02   1.1729769e+00   1.8734747e-02  -2.2250251e-03  -4.7876102e-03
  -1.4270983e-01   7.8242826e-02   1.2174773e+00   1.9269148e-02  -1.5541079e-03  -4.7366449e-03
  -1.4784836e-01   9.6278599e-02   1.2015156e+00   1.8237479e-02  -1.7256575e-03  -4.9534899e-03
  -1.4470192e-01   9.8455761e-02   1.2019452e+00   1.8370970e-02  -1.6977919e-03  -4.8545076e-03
  -1.4870584e-01   1.0765279e-01   1.2018322e+00   1.8387425e-02  -2.1418314e-03  -4.9904639e-03
  -1.5316108e-01   1.0132840e-01   1.2108941e+00   1.8082654e-02  -2.1335353e-03  -4.8787454e-03
  -1.5429136e-01   1.2371177e-01   1.2404842e+00   1.8501941e-02  -1.9731855e-03  -4.8407292e-03
  -1.3982404e-01   1.2117854e-01   1.2501189e+00   1.8386443e-02  -2.1903378e-03  -5.2828707e-03
  -1.5304673e-01   1.0694551e-01   1.2543232e+00   1.8102111e-02  -2.1248343e-03  -5.1657653e-03
  -1.3727101e-01   9.8442337e-02   1.2547954e+00   1.7823544e-02  -2.1069956e-03  -5.7122328e-03
  -1.5577445e-01   1.3056231e-01   1.2542819e+00   1.7906578e-02  -2.0592188e-03  -5.0590517e-03
  -1.5813417e-01   1.2818509e-01   1.3036624e+00   1.8892684e-02  -2.2263637e-03  -5.0569928e-03
  -1.6267078e-01   1.1068704e-01   1.3096321e+00   1.8400487e-02  -1.8069970e-03  -4.2147683e-03
  -1.4320439e-01   1.1783724e-01   1.3330231e+00   1.8766531e-02  -1.9121097e-03  -5.0054196e-03
  -1.3182448e-01   1.2564998e-01   1.3297694e+00   1.8180985e-02  -1.9060426e-03  -5.2186708e-03
  -1.3696607e-01   1.0505302e-01   1.3568437e+00   1.8741129e-02  -1.4093354e-03  -4.5624730e-03
  -1.5480063e-01   1.3700710e-01   1.3543294e+00   1.8297514e-02  -1.8473022e-03  -4.9050390e-03
  -1.4796914e-01   1.2083569e-01   1.3593113e+00   1.8616334e-02  -1.5340605e-03  -4.5537244e-03
  -1.4944820e-01   1.2281381e-01   1.3732153e+00   1.8694335e-02  -1.7700603e-03  -4.6513164e-03
  -6.1328437e-02   9.0902168e-02   1.2783877e+00   1.8311749e-02  -1.1037987e-03  -4.7738681e-03
  -2.0726244e-02   7.1652406e-02   1.3676687e+00   1.7165219e-02   5.0225024e-04  -5.7596088e-03
  -4.2510868e-02   1.0950355e-01   1.3729490e+00   1.7591924e-02  -5.0832339e-06  -5.8495676e-03
  -8.5810789e-02   9.3446161e-02   1.4246748e+00   1.8249482e-02  -1.1761435e-03  -5.5026807e-03
  -8.5586714e-02   1.0007191e-01   1.4494512e+00   1.8302207e-02  -6.2359251e-04  -5.3726907e-03
  -9.4449529e-02   1.3305165e-01   1.4941243e+00   1.8853314e-02  -1.0151497e-03  -5.3580402e-03
  -1.0752330e-01   1.3860793e-01   1.4842700e+00   1.7948871e-02  -9.5848731e-04  -4.7605509e-03
  -8.6628118e-02   1.2726656e-01   1.4857833e+00   1.8114627e-02  -8.5582991e-04  -5.5022362e-03
  -8.6065854e-02   1.1694967e-01   1.4927122e+00   1.8209058e-02  -8.0958065e-04  -5.2884188e-03
  -9.4170256e-02   1.5602131e-01   1.4835498e+00   1.7812598e-02  -6.4325395e-04  -5.2170093e-03
  -1.0582909e-01   1.4525607e-01   1.4934183e+00   1.7476816e-02  -1.2445613e-03  -5.4611478e-03
  -9.2829010e-02   1.3890721e-01   1.5005448e+00   1.7530294e-02  -1.2476421e-03  -5.7769325e-03
  -1.0955564e-01   1.2858487e-01   1.5111071e+00   1.7613453e-02  -4.3953737e-04  -4.8714846e-03
  -1.0875636e-01   1.5213095e-01   1.4944419e+00   1.7489804e-02  -9.4255923e-04  -5.0009758e-03
  -1.0122205e-01   1.2872322e-01   1.4961710e+00   1.7043648e-02  -7.7460931e-04  -4.6186619e-03
  -9.5963515e-02   1.4128111e-01   1.5259393e+00   1.7749106e-02  -1.0128924e-03  -5.2348108e-03
  -1.0147631e-01   1.6865641e-01   1.5128913e+00   1.7220560e-02  -8.5151434e-04  -5.3564952e-03
  -1.0170999e-01   1.4525691e-01   1.5178313e+00   1.7505364e-02  -8.7815300e-04  -5.3216514e-03
  -1.1053765e-01   1.3193133e-01   1.5459665e+00   1.7691699e-02  -7.4326491e-04  -4.8388866e-03
  -1.0978374e-01   1.5450771e-01   1.5432863e+00   1.7284399e-02  -1.0302739e-03  -5.0910037e-03
  -9.9093922e-02   1.3910346e-01   1.5429348e+00   1.7121347e-02  -6.4397593e-04  -5.4323292e-03
  -1.0677287e-01   1.4660699e-01   1.5584155e+00   1.7772464e-02  -1.1483782e-03  -5.2910571e-03
  -1.0006304e-01   1.5445905e-01   1.5967214e+00   1.8353159e-02  -1.1565324e-03  -5.5744620e-03
  -1.0446961e-01   1.4944515e-01   1.5617883e+00   1.7374945e-02  -8.3556638e-04  -5.2854420e-03
  -1.1391250e-01   1.3422324e-01   1.5834339e+00   1.7298073e-02  -1.1403838e-03  -5.1301796e-03
  -1.1557555e-01   1.6067791e-01   1.6107396e+00   1.7750242e-02  -1.0340559e-03  -5.0026603e-03
  -1.0636502e-01   1.3671917e-01   1.6080246e+00   1.7639810e-02  -1.1117017e-03  -4.9193081e-03
  -1.1853239e-01   1.3342783e-01   1.6237180e+00   1.7319622e-02  -1.1889555e-03  -4.9721876e-03
  -1.6258364e-01   1.1925025e-02   1.6247160e+00   1.7113428e-02  -1.0420870e-03  -3.0581620e-03
  -1.0961175e-01   1.4628228e-01   1.6582898e+00   1.7941748e-02  -4.7625241e-04  -4.9344674e-03
  -5.5999930e-02   1.5076244e-01   1.6183864e+00   1.8164915e-02  -1.1816936e-03  -4.8651487e-03
  -1.8415195e-01   7.0279386e-02   1.6660544e+00   1.8224306e-02  -3.0798216e-03  -5.4794975e-03
  -1.2463660e-01   1.1168241e-01   1.6727537e+00   1.5990563e-02  -2.4789114e-03  -5.2510745e-03
  -1.4094518e-01   1.1834079e-01   1.7062927e+00   1.7484766e-02  -2.0535723e-03  -5.0934854e-03
  -1.4269658e-01   1.3242908e-01   1.7505749e+00   1.7382811e-02  -2.1865516e-03  -5.0778528e-03
  -1.3432328e-01   1.5846173e-01   1.7729613e+00   1.7186800e-02  -2.4790107e-03  -5.3100212e-03
  -1.3319539e-01   1.6592265e-01   1.7920970e+00   1.7506051e-02  -1.9683813e-03  -5.2160896e-03
  -1.3943740e-01   1.6071656e-01   1.7759941e+00   1.6778763e-02  -2.1408821e-03  -5.3681494e-03
  -1.3076986e-01   1.7125975e-01   1.7855067e+00   1.7157015e-02  -2.0236481e-03  -5.0335367e-03
  -1.3481674e-01   1.5999146e-01   1.8079322e+00   1.7318024e-02  -2.3559423e-03  -5.1896562e-03
  -1.2464283e-01   1.4466095e-01   1.8340928e+00   1.7162430e-02  -1.3557624e-03  -5.1376138e-03
  -1.2341474e-01   1.6821296e-01   1.8312049e+00   1.6920226e-02  -1.6106453e-03  -5.1463944e-03
  -1.2949875e-01   1.7905435e-01   1.8107299e+00   1.6473446e-02  -1.9612130e-03  -5.2633877e-03
  -1.1117216e-01   1.5346687e-01   1.8127492e+00   1.6238354e-02  -1.9763602e-03  -6.1364009e-03
  -1.2644579e-01   1.4379331e-01   1.8491022e+00   1.6615655e-02  -2.3988600e-03  -5.4976983e-03
  -1.4146901e-01   1.4683813e-01   1.8554700e+00   1.6820840e-02  -1.8632194e-03  -5.2488039e-03
  -1.3075079e-01   1.2804184e-01   1.8868830e+00   1.7629041e-02  -1.7117284e-03  -5.5228251e-03
  -1.3305544e-01   1.3943310e-01   1.8908756e+00   1.6886567e-02  -1.9289318e-03  -5.3386474e-03
  -1.3441861e-01   1.5597289e-01   1.8756308e+00   1.7017242e-02  -1.8230978e-03  -5.3555346e-03
  -1.1569744e-01   1.2915149e-01   1.8770688e+00   1.7224567e-02  -1.8478367e-03  -5.6492959e-03
  -1.3172776e-01   1.3351486e-01   1.8827524e+00   1.6465282e-02  -2.0187694e-03  -5.3205288e-03
  -1.3339558e-01   1.6353195e-01   1.8842175e+00   1.7712294e-02  -2.4299387e-03  -5.7080073e-03
  -1.4663901e-01   1.4472806e-01   1.9183624e+00   1.7577691e-02  -2.0533148e-03  -5.5350021e-03
  -1.3884756e-01   1.5258588e-01   1.9390508e+00   1.7733221e-02  -2.1208229e-03  -5.4450248e-03
  -1.2902857e-01   1.4974180e-01   1.9191224e+00   1.6939672e-02  -1.7803714e-03  -5.3989933e-03
  -1.4651775e-01   1.5087682e-01   1.9232833e+00   1.6775576e-02  -1.9829601e-03  -5.0766664e-03
  -1.2316669e-01   1.7862640e-01   1.9301917e+00   1.6908297e-02  -2.0568714e-03  -5.6062359e-03
  -1.3550756e-01   1.6981598e-01   1.9330955e+00   1.6718344e-02  -2.5060841e-03  -5.2461250e-03
  -1.3695866e-01   1.6969722e-01   1.9496931e+00   1.6856692e-02  -1.9394778e-03  -5.2196737e-03
  -1.2345143e-01   1.7673516e-01   1.9579928e+00   1.6850286e-02  -2.4462372e-03  -5.6165396e-03
  -1.3591307e-01   1.6548132e-01   1.9527679e+00   1.7199197e-02  -2.4991147e-03  -5.7479920e-03
  -1.3633410e-01   1.3088200e-01   1.9480962e+00   1.7043132e-02  -2.4438294e-03  -5.9096343e-03
  -1.3392296e-01   1.5115445e-01   2.0004706e+00   1.7308333e-02  -1.9121340e-03  -5.3006659e-03
  -1.2856163e-01   1.5198449e-01   1.9952389e+00   1.6677574e-02  -1.9760383e-03  -5.4037047e-03
  -1.2178131e-01   1.1633878e-01   1.9680795e+00   1.9611879e-02  -9.4416392e-04  -5.2307702e-03
  -4.7104670e-02   1.6827661e-01   1.9351874e+00   1.7605510e-02   1.6417211e-03  -6.5990804e-03
  -4.6547406e-02   1.5771858e-01   1.9368364e+00   2.0505002e-02  -8.1374184e-04  -6.6166280e-03
  -9.7827301e-02   1.5994369e-01   2.0007208e+00   1.8200832e-02  -6.9376400e-04  -6.5741917e-03
  -1.3076708e-01   1.4955258e-01   2.0838259e+00   1.8003750e-02  -1.0503828e-03  -5.6471806e-03
  -1.1603968e-01   1.7653202e-01   2.0825987e+00   1.8451005e-02  -2.5733482e-04  -5.8595943e-03
  -1.1673706e-01   1.8132721e-01   2.0892963e+00   1.7595553e-02  -3.4027801e-04  -5.9146020e-03
  -1.1716864e-01   1.5188924e-01   2.0740671e+00   1.7325196e-02  -7.2538446e-04  -5.8968104e-03
  -1.2505772e-01   1.5807208e-01   2.0804199e+00   1.7293797e-02  -4.7311400e-04  -5.4583157e-03
  -1.1083943e-01   1.7252172e-01   2.1028657e+00   1.7656819e-02  -5.9831847e-04  -6.1656365e-03
  -1.1875743e-01   1.6646212e-01   2.0914472e+00   1.7195150e-02  -1.0290625e-03  -5.8275827e-03
  -1.3250615e-01   1.5495281e-01   2.1217673e+00   1.7457885e-02  -2.0308049e-04  -5.5398922e-03
  -1.4316866e-01   1.8763122e-01   2.1301840e+00   1.7249421e-02  -7.2346373e-04  -5.6468133e-03
  -1.3277043e-01   1.7565661e-01   2.1116454e+00   1.7261977e-02  -1.1518833e-03  -5.5997020e-03
  -1.4491959e-01   1.7182327e-01   2.1031154e+00   1.8268375e-02  -1.4058201e-03  -5.4820361e-03
  -1.4512486e-01   1.5865796e-01   2.1323201e+00   1.8555622e-02  -1.0779961e-03  -5.7111205e-03
  -1.4097583e-01   1.7902949e-01   2.1359657e+00   1.8569047e-02  -1.1852608e-03  -5.7995692e-03
  -1.3792242e-01   1.7244574e-01   2.1160071e+00   1.7814971e-02  -1.2536769e-03  -5.5787091e-03
  -1.3265536e-01   1.8940842e-01   2.1196428e+00   1.7993291e-02  -1.8050777e-03  -5.9838548e-03
  -1.4494598e-01   1.5814073e-01   2.1372236e+00   1.7710613e-02  -1.4655757e-03  -5.2352202e-03
  -1.4481899e-01   1.6567302e-01   2.1396609e+00   1.7842342e-02  -1.2439623e-03  -5.2661524e-03
  -1.2581937e-01   1.7703259e-01   2.1436752e+00   1.7817421e-02  -9.0136954e-04  -5.7667335e-03
  -1.3542759e-01   1.8149962e-01   2.1561500e+00   1.7643274e-02  -1.4755690e-03  -5.7488790e-03
  -1.3552975e-01   1.8800785e-01   2.1577373e+00   1.7421753e-02  -1.7429714e-03  -5.4659598e-03
  -1.1536232e-01   1.6093694e-01   2.1619557e+00   1.7359106e-02  -2.2590505e-03  -6.7008375e-03
  -1.3788418e-01   1.8136169e-01   2.1746413e+00   1.7903130e-02  -1.8364685e-03  -5.7598838e-03
  -1.4577336e-01   1.7939262e-01   2.1865094e+00   1.8177055e-02  -1.6215847e-03  -5.7733465e-03
  -1.3211574e-01   1.5337680e-01   2.2038759e+00   1.7756310e-02  -1.4201735e-03  -5.8095160e-03
  -1.3926623e-01   1.6710807e-01   2.2173559e+00   1.7922656e-02  -1.0584954e-03  -6.0181586e-03
  -1.4687412e-01   1.6749520e-01   2.2250188e+00   1.8012132e-02  -1.8117068e-03  -5.8336800e-03
  -1.3008298e-01   1.7286716e-01   2.2126998e+00   1.7964569e-02  -1.5653558e-03  -6.0466413e-03
  -1.3645550e-01   1.7648909e-01   2.2460328e+00   1.8325156e-02  -1.8421966e-03  -6.1184388e-03
  -1.4571697e-01   1.7782022e-01   2.2548320e+00   1.8859932e-02  -1.5658047e-03  -6.0347780e-03
  -1.2144818e-01   1.2807300e-01   2.0197202e+00   1.3972914e-02   2.5198722e-03  -5.7352955e-03
  -8.7507293e-02   8.4408448e-02   2.2094611e+00   1.5665717e-02   1.0956969e-03  -6.1949334e-03
  -1.3360276e-01   1.2704971e-01   2.2514045e+00   1.5195913e-02   6.2075772e-04  -6.6448099e-03
  -1.6189793e-01   1.5039171e-01   2.2931310e+00   1.6381325e-02  -3.0308939e-04  -5.7479894e-03
  -1.4325425e-01   1.7235867e-01   2.3140433e+00   1.6491182e-02   9.5290230e-05  -6.0135219e-03
  -1.4593812e-01   1.5681299e-01   2.3386875e+00   1.6721126e-02   2.4306657e-04  -5.9699984e-03
  -1.4622661e-01   1.8443640e-01   2.3402228e+00   1.6558658e-02   7.3139198e-05  -5.5872314e-03
  -1.5770803e-01   1.6265778e-01   2.3487952e+00   1.6572781e-02  -1.1839231e-04  -5.6410805e-03
  -1.4676486e-01   1.7950717e-01   2.3593644e+00   1.6834113e-02  -2.5117172e-04  -6.0748585e-03
  -1.3233220e-01   1.7917252e-01   2.3885027e+00   1.7271346e-02  -3.2921288e-04  -6.2136000e-03
  -1.4317240e-01   1.8771912e-01   2.3675350e+00   1.6440983e-02  -3.5943654e-04  -5.8009381e-03
  -1.4522246e-01   1.8489395e-01   2.3963005e+00   1.7067719e-02  -1.5599164e-04  -5.7223019e-03
  -1.3423539e-01   1.6986362e-01   2.3920001e+00   1.6464213e-02   4.5461312e-04  -5.9229851e-03
  -1.6810152e-01   1.8371760e-01   2.3989134e+00   1.6376418e-02  -1.9847191e-04  -5.4464394e-03
  -5.3152977e-02   6.3429370e-02   2.1228608e+00   1.6504387e-02  -2.7381871e-03  -5.2217254e-03
   5.6786505e-01  -7.6277724e-02   9.4947596e-01   3.6032188e-02  -4.7302087e-03   3.7028649e-03
   8.7641946e-01  -4.2819234e-01   1.1672937e+00   3.9877141e-02  -7.0586289e-03  -4.3310350e-03
   2.1451724e-01   2.6583313e-02   1.6690010e+00   4.0208644e-02  -7.6523708e-03   3.5056753e-03
   6.9656090e-02   2.8566303e-01   2.2655481e+00   2.9823341e-02  -6.6046013e-03  -8.9006032e-03
   1.8842646e-02   2.9002342e-01   2.3476625e+00   2.8494262e-02  -6.4294275e-03  -8.3542682e-03
  -1.3656310e-02   2.8962469e-01   2.4142356e+00   2.7941694e-02  -6.1978943e-03  -8.3349203e-03
  -2.2963956e-02   3.3051219e-01   2.4666421e+00   2.8001333e-02  -5.8889644e-03  -8.1371942e-03
  -1.2660956e-02   3.1105589e-01   2.4394315e+00   2.7315159e-02  -5.9532133e-03  -8.2401244e-03
  -1.0117481e-02   3.4357682e-01   2.4575463e+00   2.7953562e-02  -5.8568528e-03  -8.1907960e-03
  -2.8247198e-02  -1.5867013e-01   2.3806804e+00   2.5535846e-02  -5.9899001e-03  -8.3538531e-03
  -1.8352025e-02   3.2672739e-01   2.4505998e+00   2.7192021e-02  -6.1536698e-03  -8.0067812e-03
  -3.8296029e-02   3.3025898e-01   2.4840294e+00   2.7835161e-02  -6.3073955e-03  -7.3992992e-03
  -3.2062296e-02   3.1470819e-01   2.4897037e+00   2.7275971e-02  -5.9842809e-03  -7.6125328e-03
  -3.3839006e-02   3.1880476e-01   2.4839382e+00   2.6728546e-02  -6.4800237e-03  -8.1966739e-03
  -3.0523501e-02   3.4236055e-01   2.5049604e+00   2.7008506e-02  -6.1907925e-03  -8.2030501e-03
  -4.9069963e-02   3.3750326e-01   2.5136557e+00   2.7309501e-02  -6.2534600e-03  -7.5083084e-03
  -3.6078184e-02   3.5071269e-01   2.5244942e+00   2.7142133e-02  -6.4194316e-03  -8.1251477e-03
  -4.0865658e-02   3.5186839e-01   2.5436297e+00   2.6891143e-02  -6.4794967e-03  -8.7461977e-03
  -5.7503918e-02   3.7154756e-01   2.5628182e+00   2.7092940e-02  -6.4017918e-03  -7.6316802e-03
  -4.1155677e-02   3.6361711e-01   2.5715621e+00   2.7326186e-02  -5.6781078e-03  -8.0227497e-03
  -4.4626705e-02   3.6189332e-01   2.5865980e+00   2.7345240e-02  -5.6495853e-03  -7.9101404e-03
  -5.9745110e-02   3.8253683e-01   2.6064306e+00   2.7416729e-02  -6.0874671e-03  -7.6662731e-03
  -5.6709793e-02   3.6053990e-01   2.6074560e+00   2.7105422e-02  -5.8055906e-03  -7.7166379e-03
  -4.4479648e-02   3.6495584e-01   2.6235198e+00   2.7497061e-02  -5.9934814e-03  -7.8667041e-03
  -4.1801357e-02   3.6875038e-01   2.6352588e+00   2.7725455e-02  -5.5414148e-03  -7.9729965e-03
  -6.1069248e-02   3.7089278e-01   2.6388894e+00   2.7586445e-02  -5.5038058e-03  -7.5766515e-03
  -4.3116193e-02   3.8209241e-01   2.6455331e+00   2.7396099e-02  -5.5790854e-03  -7.9397323e-03
  -4.3582473e-02   3.9214944e-01   2.6687630e+00   2.7347805e-02  -5.4607974e-03  -7.8862373e-03
  -5.4907916e-02   3.6804966e-01   2.7032095e+00   2.7718452e-02  -5.6712665e-03  -7.6130559e-03
  -6.3565999e-02   3.6671249e-01   2.6956619e+00   2.7393582e-02  -5.4412279e-03  -7.7954794e-03
  -7.0339157e-02   3.9039337e-01   2.6826859e+00   2.6890621e-02  -5.6031342e-03  -7.6479360e-03
  -7.8588933e-02   3.8626948e-01   2.7256124e+00   2.7593911e-02  -6.0206000e-03  -7.6755241e-03
  -4.8213315e-02   3.7872224e-01   2.7166774e+00   2.7085475e-02  -5.9657999e-03  -8.2172227e-03
  -6.3659583e-02   3.5952709e-01   2.7316271e+00   2.7549354e-02  -5.7377970e-03  -7.6474335e-03
  -6.1555638e-02   4.0064860e-01   2.7394561e+00   2.7478885e-02  -5.6239810e-03  -7.9578294e-03
  -5.2134872e-02   3.6290113e-01   2.7473100e+00   2.7451182e-02  -5.3382538e-03  -8.1415092e-03
  -4.5904337e-02   3.8546721e-01   2.7713176e+00   2.8307178e-02  -5.2064592e-03  -8.0991434e-03
  -4.7324256e-02   3.6033320e-01   2.7620649e+00   2.7629188e-02  -5.5457437e-03  -8.4265036e-03
  -5.5733303e-02   3.6294181e-01   2.7799944e+00   2.7918804e-02  -5.5029089e-03  -8.1891523e-03
  -6.2169812e-02   3.8629334e-01   2.7899089e+00   2.7727715e-02  -5.5446813e-03  -8.1310064e-03
  -4.8280344e-02   4.0824057e-01   2.7826184e+00   2.7180303e-02  -5.3615161e-03  -8.3222098e-03
  -5.3275386e-02   3.6964609e-01   2.7823893e+00   2.6701998e-02  -5.6565500e-03  -8.3160837e-03
  -5.7121665e-02   3.5978371e-01   2.7968507e+00   2.6479329e-02  -6.0016010e-03  -7.5411392e-03
  -9.9456439e-02   3.5649814e-01   2.8607387e+00   2.7588915e-02  -6.2115079e-03  -8.0140509e-03
  -9.2383032e-02   3.2191966e-01   2.8620219e+00   2.7797146e-02  -6.5117658e-03  -8.0431829e-03
  -9.3568157e-02   3.3528761e-01   2.9038834e+00   2.7968629e-02  -6.1274465e-03  -7.9168670e-03
  -9.4431196e-02   3.4429474e-01   2.9157428e+00   2.7484277e-02  -6.0673094e-03  -7.9155392e-03
  -9.9282368e-02   3.6571739e-01   2.9340441e+00   2.7210621e-02  -6.1277562e-03  -7.7328483e-03
  -9.3267328e-02   3.5423729e-01   2.9267373e+00   2.7850435e-02  -6.3185627e-03  -7.9847413e-03
  -8.5264529e-02   3.4593824e-01   2.9171520e+00   2.7414025e-02  -6.2480658e-03  -8.2517245e-03
  -1.0631363e-01   3.4616304e-01   2.9201762e+00   2.7026593e-02  -6.4159351e-03  -8.1844817e-03
  -9.8242185e-02   3.5249145e-01   2.9519403e+00   2.7631005e-02  -6.0625821e-03  -8.0068887e-03
  -9.1459564e-02   3.6961269e-01   2.9525829e+00   2.7426547e-02  -6.2835379e-03  -8.0042087e-03
  -8.6729565e-02   3.7429292e-01   2.9704525e+00   2.7686798e-02  -5.7212931e-03  -8.2222440e-03
  -9.5176463e-02   3.7338564e-01   2.9616858e+00   2.6265237e-02  -5.5777801e-03  -7.6415210e-03
  -9.1992611e-02   3.6244425e-01   2.9598416e+00   2.6759600e-02  -5.5521024e-03  -7.9500780e-03
  -1.0533039e-01   3.7731736e-01   2.9869011e+00   2.6652683e-02  -5.6194490e-03  -7.6372308e-03
  -8.7750414e-02   3.5785061e-01   3.0030429e+00   2.6826778e-02  -5.4455916e-03  -8.0508229e-03
  -9.4722551e-02   3.5772188e-01   3.0329363e+00   2.7594750e-02  -5.3919489e-03  -7.7132575e-03
  -9.9438135e-02   3.4713944e-01   3.0238938e+00   2.7084553e-02  -5.7581363e-03  -7.9474855e-03
  -9.5154851e-02   3.6641448e-01   2.9909162e+00   2.6344835e-02  -6.2803298e-03  -8.4248879e-03
  -5.9817997e-02   3.4352435e-01   3.0946112e+00   2.5915193e-02  -4.3472174e-03  -9.3708683e-03
  -1.0565372e-01   3.4150642e-01   3.0677930e+00   2.5332729e-02  -4.7679486e-03  -8.5616180e-03
  -1.1404674e-01   3.2054246e-01   3.0942130e+00   2.6306648e-02  -5.2689463e-03  -8.4888361e-03
  -1.0731158e-01   3.3793908e-01   3.1101148e+00   2.6136022e-02  -4.8723786e-03  -8.0683444e-03
  -1.2118306e-01   3.6733721e-01   3.1046003e+00   2.5989509e-02  -5.2139082e-03  -8.0099564e-03
  -9.7729346e-02   3.5770783e-01   3.1101913e+00   2.6217079e-02  -5.1581328e-03  -8.8027477e-03
  -1.1766804e-01   3.5360301e-01   3.1323052e+00   2.5783848e-02  -5.4976622e-03  -8.3375243e-03
  -1.3001907e-01   3.3243248e-01   3.1294601e+00   2.5667028e-02  -5.4753046e-03  -7.9129302e-03
  -1.0860158e-01   3.5996764e-01   3.1490263e+00   2.5716962e-02  -5.1954576e-03  -8.1519490e-03
  -1.1680980e-01   3.5307118e-01   3.1621364e+00   2.5691467e-02  -5.0653691e-03  -8.0802426e-03
  -1.4163936e-01   3.6311198e-01   3.1714252e+00   2.6248458e-02  -6.2323608e-03  -8.0833367e-03
  -1.4717845e-01   3.5396532e-01   3.1572135e+00   2.6683155e-02  -6.2935600e-03  -7.8770775e-03
  -1.2611210e-01   3.4545716e-01   3.1687577e+00   2.6915689e-02  -5.8463501e-03  -8.3039149e-03
  -1.4919577e-01   2.8306164e-01   3.1547261e+00   2.5647246e-02  -5.7377907e-03  -7.2024761e-03
  -1.3959616e-01   3.6080031e-01   3.1660541e+00   2.6483421e-02  -6.1007068e-03  -7.9648395e-03
  -1.3388404e-01   3.6099593e-01   3.1552571e+00   2.6075278e-02  -5.7989025e-03  -7.9307029e-03
  -1.1507759e-01   3.9425987e-01   3.1636647e+00   2.6015120e-02  -5.9470549e-03  -8.5312088e-03
  -1.1987127e-01   3.7904521e-01   3.1953959e+00   2.6033306e-02  -5.8295502e-03  -8.3190042e-03
  -1.3010484e-01   3.4820914e-01   3.2210360e+00   2.5982420e-02  -5.8276963e-03  -8.2250928e-03
  -1.1995018e-01   3.5483768e-01   3.2346745e+00   2.6614371e-02  -5.5585776e-03  -8.6200309e-03
  -1.2444370e-01   3.7283272e-01   3.2422978e+00   2.7047892e-02  -5.8048024e-03  -8.3428788e-03
  -1.1600817e-01   3.2962162e-01   3.2125041e+00   2.6341811e-02  -5.5497549e-03  -8.1153147e-03
  -1.0010437e-01   3.6409474e-01   3.2719988e+00   2.6639447e-02  -4.7284431e-03  -8.1425660e-03
  -1.2627932e-01   3.6864147e-01   3.2460426e+00   2.5858560e-02  -5.2843700e-03  -7.6892805e-03
  -1.2173412e-01   3.9458482e-01   3.2741841e+00   2.5828832e-02  -5.0939067e-03  -7.9915731e-03
  -1.1638765e-01   3.9051429e-01   3.2539135e+00   2.5206833e-02  -5.2244718e-03  -7.8392782e-03
  -8.6557121e-02   4.8069150e-01   3.2296142e+00   2.4381935e-02  -5.7665898e-03  -9.3589324e-03
  -7.1539816e-02   3.7182596e-01   3.2521861e+00   2.8290450e-02  -5.6556216e-03  -8.4528539e-03
  -1.1269373e-01   3.4946807e-01   3.2618768e+00   2.6414151e-02  -5.3961538e-03  -8.1860541e-03
  -1.1846093e-01   3.3066376e-01   3.2947854e+00   2.6476843e-02  -5.6155207e-03  -8.2342351e-03
  -8.8977708e-02   3.4572760e-01   3.3157448e+00   2.6554893e-02  -5.1046917e-03  -8.4674596e-03
  -1.0924109e-01   3.5621160e-01   3.3016290e+00   2.6153478e-02  -5.4769718e-03  -7.6626766e-03
  -9.4273456e-02   3.5098525e-01   3.3144269e+00   2.6209230e-02  -5.5178904e-03  -8.0750924e-03
  -1.0297292e-01   3.6464230e-01   3.3290999e+00   2.6636354e-02  -5.3926884e-03  -8.0398304e-03
  -1.0915806e-01   3.7263514e-01   3.3235548e+00   2.6578673e-02  -5.5323297e-03  -7.7978222e-03
  -1.0403597e-01   3.7537234e-01   3.3047792e+00   2.6047097e-02  -5.5839492e-03  -8.7800592e-03
  -1.1521075e-01   3.5479322e-01   3.3014032e+00   2.6593938e-02  -5.3729142e-03  -7.9501420e-03
  -1.1548773e-01   3.7218644e-01   3.3320517e+00   2.6436618e-02  -5.6409784e-03  -8.1218000e-03
  -1.0604795e-01   3.7808143e-01   3.3582043e+00   2.6463148e-02  -5.1276465e-03  -8.4424922e-03
  -4.6610552e-02   3.4883178e-01   3.3215143e+00   2.5780147e-02  -4.0102537e-03  -9.4493743e-03
  -6.9762059e-02   3.8210618e-01   3.4062221e+00   2.6801728e-02  -4.1549849e-03  -1.0183464e-02
  -7.5391580e-02   3.8875615e-01   3.3395331e+00   2.6575528e-02  -4.0666088e-03  -1.0067609e-02
  -9.8067882e-02   4.4445835e-01   3.3146496e+00   2.7643527e-02  -4.6196824e-03  -9.6077298e-03
  -9.7022153e-02   4.8171514e-01   3.2725888e+00   2.6762601e-02  -4.2403157e-03  -9.9485440e-03
  -7.3709981e-02   4.2740225e-01   3.3098064e+00   2.7324777e-02  -4.0247786e-03  -1.0140680e-02
  -6.8556087e-02   3.9955766e-01   3.4044484e+00   2.6464966e-02  -4.1022363e-03  -9.9259273e-03
  -8.4783922e-02   3.9820673e-01   3.4779522e+00   2.7100691e-02  -4.2237912e-03  -9.4477482e-03
  -8.1402013e-02   4.2367007e-01   3.4689619e+00   2.6206969e-02  -4.4410068e-03  -9.4943684e-03
  -9.3457501e-02   4.2760126e-01   3.4807129e+00   2.6781295e-02  -4.6769953e-03  -9.4378812e-03
  -7.9429526e-02   4.3783529e-01   3.4930434e+00   2.6272040e-02  -4.3277660e-03  -9.5460493e-03
  -7.4963916e-02   4.3004906e-01   3.5024399e+00   2.6441886e-02  -4.3515770e-03  -9.8691175e-03
  -3.0452537e-02   4.1496013e-01   3.5303841e+00   2.6616056e-02  -3.8058535e-03  -1.0436990e-02
   2.5265489e-01   2.6743119e-01   2.8804789e+00   1.9746562e-02  -6.0945876e-03  -7.3017767e-03
   3.2781902e-01   1.1660610e-01   2.5110824e+00   3.3534769e-02  -5.1884621e-03  -5.6407118e-03
   2.9872447e-01   3.1877321e-01   3.0042269e+00   3.7580330e-02  -4.0221224e-03  -2.9655464e-03
   7.4861384e-02   4.4579427e-01   3.3026118e+00   3.1734380e-02  -1.6567282e-03  -8.6378752e-03
   1.0831071e-02   4.0834129e-01   3.4204064e+00   2.9141885e-02  -2.5618103e-03  -1.0265363e-02
  -1.5755856e-02   3.8007066e-01   3.4732881e+00   2.8940804e-02  -2.8641031e-03  -9.4340684e-03
  -2.8376845e-02   3.7202967e-01   3.4645383e+00   2.8440190e-02  -2.6499302e-03  -9.0850018e-03
  -7.9781173e-04   4.8604451e-01   3.4250642e+00   2.7023754e-02  -3.0151979e-03  -1.1030409e-02
  -1.6604599e-02   3.7489693e-01   3.4708616e+00   2.7894706e-02  -2.1244999e-03  -9.3234507e-03
  -2.5478005e-02   3.9654733e-01   3.4847929e+00   2.8236328e-02  -2.3260887e-03  -9.3379126e-03
  -1.5192210e-02   3.8977140e-01   3.4972073e+00   2.8131197e-02  -1.7432044e-03  -9.5747229e-03
  -4.1512889e-02   4.0185222e-01   3.4918046e+00   2.7651627e-02  -1.7802743e-03  -8.7495639e-03
  -4.1593452e-02   3.9921505e-01   3.5122138e+00   2.8257179e-02  -1.9472822e-03  -8.9155832e-03
  -3.9352319e-02   4.0031726e-01   3.5005291e+00   2.7795377e-02  -2.2940670e-03  -8.8109640e-03
  -4.9178137e-02   4.0879825e-01   3.5162382e+00   2.7750676e-02  -1.9598678e-03  -8.7908543e-03
  -5.7804152e-02   3.9316975e-01   3.5579389e+00   2.8335847e-02  -1.7932909e-03  -8.5539541e-03
  -5.0061839e-02   4.1256005e-01   3.5770904e+00   2.8434909e-02  -2.1212969e-03  -9.0919100e-03
  -5.8547864e-02   4.0322942e-01   3.5533349e+00   2.8443414e-02  -2.8285843e-03  -8.7974319e-03
  -5.8901290e-02   4.1405051e-01   3.5732615e+00   2.8660785e-02  -1.9607378e-03  -8.5384331e-03
  -5.6819538e-02   4.2789939e-01   3.6210568e+00   3.0066267e-02  -2.7608974e-03  -1.1842788e-02
  -7.3868950e-02   4.2055956e-01   3.5985132e+00   2.8597771e-02  -2.5572884e-03  -8.7070312e-03
  -6.5916065e-02   4.2322532e-01   3.5856553e+00   2.8192212e-02  -2.1308808e-03  -8.6744119e-03
  -5.1835549e-02   4.1527447e-01   3.6110764e+00   2.8331666e-02  -1.8427069e-03  -8.9856919e-03
  -4.5872508e-02   3.9297662e-01   3.6034150e+00   2.7825646e-02  -2.5970856e-03  -9.3195881e-03
  -6.0890481e-02   3.9674628e-01   3.6170644e+00   2.8075952e-02  -2.7405483e-03  -8.8923873e-03
  -6.0765481e-02   4.1429686e-01   3.6322883e+00   2.8544904e-02  -2.3619435e-03  -8.7304581e-03
  -5.2719978e-02   4.1514523e-01   3.6247848e+00   2.8342992e-02  -2.5098045e-03  -9.2169009e-03
  -6.7555159e-02   4.1946369e-01   3.6407387e+00   2.8153019e-02  -2.2430303e-03  -8.5715774e-03
  -7.0353193e-02   4.2855938e-01   3.6254302e+00   2.8109816e-02  -2.0234377e-03  -8.3866833e-03
  -6.3407091e-02   4.0654548e-01   3.6481210e+00   2.8447044e-02  -2.1921553e-03  -8.6873938e-03
  -6.5579770e-02   3.9612641e-01   3.6510364e+00   2.8373972e-02  -1.9192607e-03  -8.7891140e-03
  -5.6471674e-02   3.8854980e-01   3.6523426e+00   2.8529613e-02  -2.0470957e-03  -8.8593707e-03
  -1.1713465e-01   3.6816166e-01   3.5959978e+00   2.7955607e-02  -3.5405586e-03  -7.9098089e-03
   3.3747209e-01   2.1314449e-01   2.7106669e+00   3.3296141e-02  -4.3092445e-03  -1.0665381e-04
   1.2584429e-01   5.4297945e-02   2.9312943e+00   3.2458817e-02  -5.0685608e-03  -1.7476456e-03
   2.0578437e-01   2.9503924e-01   3.2804050e+00   3.8757236e-02   1.2547209e-03  -1.2209623e-02
   6.5941494e-02   3.6115641e-01   3.4332477e+00   3.3402070e-02  -1.6459850e-03  -1.2305788e-02
  -1.5578692e-02   3.6671765e-01   3.4824191e+00   3.2498937e-02  -2.0266716e-03  -1.0434209e-02
  -2.5478428e-02   3.5715556e-01   3.5334261e+00   3.2689299e-02  -1.5762570e-03  -1.0036250e-02
  -2.6717954e-02   3.6524310e-01   3.5485458e+00   3.2648070e-02  -1.5070029e-03  -1.0287327e-02
  -1.7134156e-02   3.6389863e-01   3.5387469e+00   3.2740626e-02  -1.7974250e-03  -1.0327836e-02
  -1.6566233e-02   3.6980602e-01   3.5555323e+00   3.3386047e-02  -1.1226335e-03  -1.0424306e-02
  -2.4017987e-02   3.6467750e-01   3.5207109e+00   3.1899765e-02  -1.7039986e-03  -1.0135163e-02
  -1.9578018e-02   3.7742226e-01   3.5336265e+00   3.2592190e-02  -1.7638635e-03  -1.0339960e-02
  -4.5908014e-02   3.7780458e-01   3.5820330e+00   3.3243683e-02  -1.7186654e-03  -9.7932356e-03
  -4.7499090e-02   3.7923685e-01   3.5840961e+00   3.3269088e-02  -1.9094599e-03  -9.8238972e-03
  -4.4127332e-02   3.9129999e-01   3.5640143e+00   3.2719670e-02  -1.6059885e-03  -9.7987395e-03
  -4.3286726e-02   4.0077918e-01   3.5718083e+00   3.3097601e-02  -2.0241418e-03  -9.6924817e-03
  -3.7945815e-02   3.9089807e-01   3.5860554e+00   3.3516190e-02  -1.7664448e-03  -1.0044133e-02
  -2.9596400e-02   3.8065251e-01   3.5948211e+00   3.2763253e-02  -2.0542120e-03  -1.0765187e-02
  -4.6618545e-02   4.1044637e-01   3.6255683e+00   3.3198387e-02  -2.1036709e-03  -1.0197803e-02
  -4.2973586e-02   3.8764281e-01   3.5994050e+00   3.2464778e-02  -1.7775591e-03  -1.0351990e-02
  -4.9345542e-02   4.0793053e-01   3.6080109e+00   3.3046851e-02  -1.6563766e-03  -1.0077145e-02
  -7.4805559e-02   4.0774084e-01   3.6740068e+00   3.4067655e-02  -3.9884272e-03  -1.0163840e-02
  -7.9691457e-02   3.8890710e-01   3.6312488e+00   3.3363562e-02  -3.8894071e-03  -1.0431574e-02
  -8.4551593e-02   3.7015993e-01   3.6493485e+00   3.3564372e-02  -3.5111137e-03  -9.8539888e-03
  -5.5479102e-02   4.1818535e-01   3.6776527e+00   3.3816005e-02  -3.3305785e-03  -1.0622763e-02
  -7.4686594e-02   4.0117687e-01   3.6495159e+00   3.3146062e-02  -3.2692241e-03  -9.9638856e-03
  -5.7205307e-02   4.4961899e-01   3.6334554e+00   3.2414386e-02  -3.8557316e-03  -1.0959023e-02
  -7.7413539e-02   3.9997607e-01   3.6621158e+00   3.3382743e-02  -3.6297845e-03  -9.5018831e-03
  -6.7720658e-02   4.2385905e-01   3.6659683e+00   3.3759692e-02  -3.3655684e-03  -1.0231952e-02
  -7.1024247e-02   4.1476767e-01   3.6699047e+00   3.3051393e-02  -3.6871324e-03  -1.0116315e-02
  -7.6100277e-02   3.9654082e-01   3.6790304e+00   3.3575206e-02  -3.8214482e-03  -9.8334301e-03
  -6.3752617e-02   4.0237708e-01   3.6882066e+00   3.3645978e-02  -3.3829013e-03  -9.9719306e-03
  -5.9570334e-02   4.0960365e-01   3.6947111e+00   3.3841964e-02  -3.5246757e-03  -1.0226793e-02
  -5.1077112e-02   3.8362466e-01   3.7146145e+00   3.3759986e-02  -2.9210950e-03  -1.0257594e-02
  -6.7285460e-02   3.9791382e-01   3.7204343e+00   3.3557022e-02  -3.6002120e-03  -1.0115438e-02
  -6.8219934e-02   4.0096956e-01   3.7017002e+00   3.2611209e-02  -3.4940510e-03  -1.0164703e-02
  -7.4684875e-02   4.3140490e-01   3.7197807e+00   3.3434399e-02  -3.0872143e-03  -9.7710253e-03
  -7.0519940e-02   3.9846221e-01   3.7106603e+00   3.2952836e-02  -3.3654482e-03  -1.0140556e-02
  -6.9263591e-02   4.0413981e-01   3.7324623e+00   3.3670085e-02  -3.1331734e-03  -9.7045797e-03
  -6.3789868e-02   4.1665402e-01   3.7381611e+00   3.2674856e-02  -2.8724655e-03  -1.0546731e-02
  -3.6181265e-02   3.9038893e-01   3.7398159e+00   3.3646772e-02  -3.8290177e-03  -1.0803516e-02
  -3.7912598e-02   3.7458272e-01   3.7419233e+00   3.2861626e-02  -3.5981714e-03  -1.0486916e-02
  -6.4854273e-02   4.0413665e-01   3.7744618e+00   3.3321844e-02  -3.8567680e-03  -9.8228444e-03
  -2.6082508e-02   4.1630693e-01   3.7608123e+00   3.2819262e-02  -4.1497786e-03  -1.1124157e-02
  -3.5228567e-02   3.6878507e-01   3.7530655e+00   3.3419546e-02  -3.5872938e-03  -1.0778301e-02
  -4.2477111e-02   3.8310391e-01   3.8059990e+00   3.3459995e-02  -4.4502500e-03  -1.1122667e-02
  -4.2831283e-02   3.5978644e-01   3.7601637e+00   3.4349043e-02  -4.3597729e-03  -1.0776036e-02
  -6.0415112e-02   3.5216074e-01   3.8059976e+00   3.3740575e-02  -3.8946476e-03  -1.0010184e-02
  -1.6721900e-01   9.0668099e-01   3.8127381e+00   3.3850554e-02  -4.6084210e-03  -5.9413930e-03
  -6.3402051e-02   3.5730498e-01   3.7978063e+00   3.3147353e-02  -3.9653102e-03  -1.0785557e-02
  -2.1525632e-02   3.6987775e-01   3.8632632e+00   3.3871910e-02  -3.1065093e-03  -1.0201736e-02
  -4.1240360e-02   3.4993202e-01   3.8064524e+00   3.2585032e-02  -3.5837844e-03  -1.0392976e-02
  -5.8571345e-02   3.5776789e-01   3.8517109e+00   3.2993020e-02  -3.8068729e-03  -1.0287803e-02
  -4.8897587e-02   3.6808888e-01   3.8571138e+00   3.2962612e-02  -3.4718841e-03  -1.0203372e-02
  -5.6806675e-02   3.7050172e-01   3.8598218e+00   3.3054997e-02  -3.4419403e-03  -1.0157622e-02
  -5.8892128e-02   3.7997757e-01   3.8396871e+00   3.2658459e-02  -3.9326341e-03  -1.0176694e-02
  -7.7877787e-02   3.9629672e-01   3.8696788e+00   3.3716897e-02  -3.7388512e-03  -9.9617775e-03
  -6.2316583e-02   3.8938126e-01   3.8835737e+00   3.3470832e-02  -3.3331439e-03  -1.0198657e-02
  -5.3508746e-02   3.8367821e-01   3.8659916e+00   3.3317918e-02  -3.6183889e-03  -1.0148828e-02
  -7.5687662e-02   3.7175382e-01   3.8667587e+00   3.3012287e-02  -3.6795109e-03  -9.9677584e-03
  -7.5470763e-02   3.7777808e-01   3.8623990e+00   3.2725773e-02  -3.5504005e-03  -9.9869047e-03
  -6.5454615e-02   3.9213286e-01   3.8898787e+00   3.2930763e-02  -3.7400643e-03  -1.0105675e-02
  -7.1591213e-02   3.7484255e-01   3.8882624e+00   3.2686853e-02  -3.8583825e-03  -9.8939331e-03
  -7.3787400e-02   3.8020342e-01   3.8912445e+00   3.2929856e-02  -3.8893111e-03  -9.8502596e-03
  -7.8133275e-02   3.8099514e-01   3.9108594e+00   3.3590954e-02  -3.9906817e-03  -1.0170376e-02
  -8.9992795e-02   3.5922695e-01   3.8843146e+00   3.2549513e-02  -3.7762373e-03  -9.6244886e-03
  -5.3734161e-02   3.7566538e-01   3.9055789e+00   3.2856455e-02  -3.8435727e-03  -1.0278552e-02
  -6.2999721e-02   3.7025074e-01   3.8919519e+00   3.2330910e-02  -4.5449592e-03  -1.0329161e-02
  -8.1103282e-02   4.0731787e-01   3.8940082e+00   3.2459167e-02  -4.2652388e-03  -9.6226478e-03
  -7.4185335e-02   3.9604318e-01   3.9081571e+00   3.2429534e-02  -4.1048241e-03  -9.7003934e-03
  -6.7492552e-02   4.1949929e-01   3.9203433e+00   3.2418428e-02  -3.9784904e-03  -9.8770794e-03
  -7.5774490e-02   3.9951679e-01   3.9348378e+00   3.2603725e-02  -3.8718210e-03  -1.0029954e-02
  -2.5535930e-02   3.9419909e-01   3.9017937e+00   3.1620704e-02  -3.9531311e-03  -1.0200295e-02
   1.2329614e-01   2.6487327e-01   3.4898363e+00   3.8197139e-02  -2.9539854e-03  -4.4247341e-03
   2.6460106e-01  -4.4688643e-02   3.5285192e+00   4.5689244e-02  -6.5921470e-03  -3.9270174e-03
