   0.0000000e+00   0.0000000e+00   6.6974502e-15  -5.9624841e-20   1.8058084e-18   1.0767104e-37
   2.9412664e-02   2.5810693e-02  -2.8978264e-02   7.1819165e-04   8.9807343e-05  -4.3694505e-04
   2.0188649e-02  -1.8191267e-02   2.2630309e-03   1.0067597e-03  -3.5822269e-04   6.1769214e-05
  -3.3831358e-03  -2.1755324e-02   1.2707046e-01  -5.0186244e-04  -1.6747915e-03   4.1191436e-04
  -1.2131911e-02  -2.3435673e-02   9.2689051e-02  -1.2116039e-03  -1.2670968e-03   2.3169833e-04
  -2.4629052e-02   5.6066660e-04   1.8148725e-01  -7.3473961e-04  -1.6287693e-03   4.7260647e-04
  -2.6374810e-02  -4.1933709e-02   1.1699217e-01  -1.4738773e-03  -2.0966162e-03   4.2327119e-04
  -2.6107556e-02  -3.0848862e-02   1.2944061e-01  -1.5414925e-03  -2.0418263e-03   2.1969385e-04
  -4.9852080e-03  -8.0968612e-05   2.1254720e-01   2.6071077e-04   2.0185489e-03   2.6972706e-04
  -1.5348326e-02  -3.0595789e-02   1.0052835e-01  -2.3914155e-03  -1.0059304e-03   5.1405913e-04
  -3.0517054e-02  -4.5101946e-02   8.9057730e-02  -1.9591934e-03  -1.9830296e-03   4.3411078e-04
  -2.8242171e-02  -2.0523404e-02   1.9203111e-01  -2.7919360e-04  -1.9127817e-03   2.6957821e-04
  -2.2017130e-02  -1.3036657e-02   1.7100716e-01  -3.1963272e-03  -1.3795964e-03   3.2669533e-04
  -3.6934475e-02  -2.7875895e-02   2.3221694e-01  -2.4889668e-03  -1.3263239e-03   7.1369429e-04
  -1.1310831e-02  -4.0967792e-02   1.6758646e-01  -2.4351853e-03  -1.0602485e-03   4.6602858e-04
  -3.9302167e-02  -1.2628193e-02   2.2653031e-01  -1.8401657e-03  -1.5944558e-03   7.4275167e-04
  -1.8273889e-02  -2.9051485e-02   1.7396696e-01  -2.0879468e-03  -1.5380473e-03   3.0099740e-04
  -2.5396033e-02  -2.8107719e-02   2.1138883e-01  -3.1912517e-03  -1.4612565e-03   4.9222768e-04
  -1.7685393e-02  -4.1372006e-02   2.4597802e-01  -8.6912605e-04  -1.4765945e-03   5.0946153e-04
  -3.3798631e-02  -4.0048655e-02   1.6589028e-01  -2.7635818e-03  -1.2770286e-03   5.4270696e-04
   2.4652989e-03  -5.3585788e-02   1.6057308e-01  -2.5802125e-03  -1.4149560e-03   2.5884242e-04
  -8.8499747e-03  -2.6062701e-02   2.0009258e-01  -2.1049232e-03  -1.8193932e-03   2.6828391e-04
  -4.5634721e-04  -5.1531934e-02   1.7097265e-01  -2.8441326e-03  -1.4719594e-03   1.6944726e-04
  -3.7205800e-02  -4.6074771e-02   2.3070197e-01  -1.7594662e-03  -1.5195318e-03   9.2277095e-04
  -4.6780160e-02  -5.0118958e-02   2.0862457e-01  -2.7803496e-03  -1.8549783e-03   9.6392584e-04
  -3.4107517e-02  -2.2400386e-02   1.8321909e-01  -2.5804620e-03  -2.2676102e-03   7.4600734e-04
  -5.2088429e-02  -2.4711228e-02   2.6089088e-01  -2.2093992e-03  -2.2201383e-03   1.3761802e-03
  -3.0814709e-02  -2.3361443e-02   1.9829412e-01  -3.0692766e-03  -1.9932942e-03   5.4659628e-04
  -1.9372395e-01  -1.6740917e-01  -9.6678595e-01  -8.0614257e-03  -6.3101546e-04  -8.1423751e-04
  -1.9831836e-01  -4.7728736e-01  -1.3635206e+00  -1.6339090e-02   3.4492410e-03   5.7641890e-04
  -3.5423093e-02  -3.2460537e-01  -4.4056009e-01   7.4004331e-03   5.2513655e-04  -2.2851163e-04
  -3.9192444e-02  -2.6915761e-01  -3.5539197e-01   2.4451576e-04  -7.3744961e-04   3.3769580e-04
  -7.1380331e-03  -1.8160502e-01  -4.1726771e-01   1.4298476e-03   1.1140080e-04  -3.4939376e-04
   5.8504437e-02  -5.1565598e-02  -3.8399896e-01   9.8761644e-03   2.3542364e-03  -1.9922074e-03
   2.7198854e-02  -6.7067158e-02  -4.6758280e-01   9.3498602e-03   2.1585208e-03  -1.0803613e-03
   4.1401004e-02  -6.1116991e-02  -4.5435762e-01   1.0286388e-02   1.5705554e-03  -1.2889676e-03
   4.7273692e-02  -1.9029825e-02  -4.6223824e-01   1.0074631e-02   1.5934292e-03  -1.3369827e-03
   4.0947041e-02  -3.0804536e-02  -4.6659355e-01   1.0376058e-02   1.3883295e-03  -1.1139973e-03
   4.3485787e-02  -3.4700264e-02  -4.8072317e-01   1.0004087e-02   1.2143573e-03  -9.2841521e-04
   4.4166935e-02  -3.8597873e-02  -4.4731580e-01   1.1009364e-02   1.4250665e-03  -1.0782393e-03
   1.4424432e-02  -3.2024420e-02  -2.7411522e-01   9.2573194e-03   1.4013609e-03  -4.4024380e-04
  -1.3519200e-02  -9.0785059e-02  -2.0085771e-01   5.5811313e-03   3.7952479e-04   1.3552885e-04
  -3.4312287e-03  -7.9289797e-02  -1.2413510e-01   8.2663003e-03  -1.0900935e-04  -8.7841255e-05
  -8.9810032e-03  -7.9055114e-02  -1.2257564e-01   6.4651988e-03  -5.4907574e-05  -1.5683182e-04
  -1.1161852e-03  -8.2776149e-02  -1.4538077e-01   6.3894288e-03  -3.4773022e-04  -2.0905876e-05
  -1.0054381e-02  -8.6991663e-02  -1.8875329e-01   5.2538930e-03  -5.8061308e-04  -3.4574733e-05
  -1.2592854e-02  -8.1264408e-02  -1.6313284e-01   5.1934794e-03  -4.3105539e-04   8.6395864e-05
   6.5773152e-03  -1.0839142e-01  -1.7551392e-01   4.5441677e-03  -7.1478991e-04  -6.6503753e-04
  -1.5232583e-02  -7.6818405e-02  -1.6371010e-01   6.0992103e-03   5.0170709e-04   1.8090847e-04
   2.2821585e-02  -4.2465613e-02  -3.1926631e-01   1.0328146e-02   1.3169107e-03  -8.6698516e-04
   2.1901960e-02  -4.5564831e-02  -4.1323364e-01   1.0154187e-02   1.7041599e-03  -1.3229247e-03
   3.8932287e-02   4.5134014e-03  -4.0332090e-01   1.1658372e-02   1.8633277e-03  -1.5673423e-03
   3.7361157e-03  -6.4352099e-02  -2.5885382e-01   8.4126794e-03   1.7422254e-04  -1.2216907e-03
   3.5568089e-02  -1.0796368e-01  -1.3095048e-01   3.5328263e-03  -3.2297944e-04  -1.5296177e-03
   2.8937061e-02  -9.4940630e-02  -8.8853349e-02   5.2681588e-03  -1.1246395e-04  -1.3305920e-03
   3.1404151e-04  -9.5702271e-02  -1.1388701e-01   5.0800111e-03  -1.4116035e-04  -8.9501771e-04
   1.4856874e-02  -7.5984090e-02  -1.2520866e-01   3.8936009e-03  -4.7518751e-04  -1.1307872e-03
   3.3362848e-03  -1.0640054e-01  -5.6076487e-02   3.7026308e-03  -5.2747320e-04  -8.2816491e-04
  -8.0428498e-03  -1.5067725e-01  -3.9343598e-02   3.7282019e-03  -6.3039532e-04  -5.1247698e-04
  -4.8578053e-03  -1.3065350e-01  -1.1401518e-01   2.3120622e-03  -7.1715577e-04  -4.3416544e-04
  -8.3533451e-03  -1.3465817e-01  -1.0823107e-01   1.1360300e-03  -8.0947360e-04  -3.3180807e-04
  -1.2989592e-02  -1.3987486e-01  -8.9920300e-02   1.2919544e-03  -1.0591564e-03  -3.5725659e-04
  -5.4935733e-04  -1.4077285e-01  -1.0911226e-01   1.2353716e-03  -6.5010180e-04  -3.7199323e-04
  -1.5267927e-02  -1.3606142e-01  -8.1995425e-02   5.3086859e-04  -1.0510128e-03  -5.6212656e-04
  -2.8190129e-02  -1.3193745e-01  -6.6479776e-02   1.4192253e-03  -1.0116485e-03  -1.5006307e-05
  -1.1104716e-02  -1.4922987e-01  -8.7656712e-02   9.4537674e-04  -5.4958163e-04  -6.0168757e-05
  -1.8383995e-02  -1.4444617e-01  -8.8370623e-02   1.2403701e-03  -9.6775023e-04  -3.0097075e-04
  -2.4248165e-02  -1.4567863e-01  -5.8190920e-02  -1.9832864e-04  -8.0920943e-04   2.7859475e-04
  -1.4503905e-02  -1.6859326e-01  -8.0509378e-02   9.7067236e-05  -6.3462213e-04  -2.3530586e-04
  -3.7548461e-02  -1.4456390e-01  -1.6050503e-02   4.4591739e-04  -9.8598984e-04  -4.7444079e-05
  -1.5679701e-02  -1.4353484e-01  -5.1154184e-02   4.0687582e-04  -1.1664979e-03  -1.6047633e-04
  -4.8458903e-02  -1.2143251e-01  -1.1856354e-02  -3.2084363e-04  -1.5822173e-03   1.8677540e-04
  -4.1225786e-02  -1.5403013e-01  -4.5575745e-02   1.2345354e-04  -1.4696666e-03  -7.5791960e-05
  -1.3097940e-02  -1.3787976e-01  -4.0822583e-02   1.6696751e-04  -1.3534522e-03  -5.8285796e-04
  -5.2573722e-02  -1.3206103e-01   4.1299767e-02   8.5298628e-04  -1.5317432e-03   3.9438139e-04
  -4.0697986e-02  -1.4069685e-01  -1.7730657e-02   8.6702652e-05  -1.5085155e-03   1.6264709e-04
  -2.9118902e-02  -1.3417305e-01  -2.0295859e-02  -3.1969745e-04  -1.6264891e-03  -1.5395757e-04
  -3.6988729e-02  -1.1406696e-01   4.1289036e-03  -1.2560033e-03  -1.5605193e-03   1.6960684e-04
  -3.1431790e-02  -1.3843378e-01   4.8106987e-03   3.8634179e-05  -1.3846357e-03   5.8283303e-05
  -3.4033781e-02  -1.6077563e-01   3.2621478e-02   1.2771599e-04  -1.2376128e-03   1.6756458e-04
  -5.3433508e-02  -1.3095401e-01   5.9743863e-02  -8.3301067e-04  -1.8162785e-04   4.3039932e-04
  -6.3903234e-02  -1.1387067e-01   1.2937830e-01  -2.2199248e-04   2.3614309e-03   7.7782437e-04
  -7.7705899e-02  -1.7828479e-01  -3.0051920e-02   2.6945734e-03   1.4530732e-03   3.9714446e-04
  -5.8040143e-02  -1.9424228e-01  -2.3083505e-01   1.7225247e-03  -1.1114126e-03  -3.7729784e-04
  -9.7699232e-02  -1.7467441e-01   1.6747614e-01  -8.8312212e-04   8.2655107e-04   1.1251912e-03
  -8.4506604e-02  -1.3922830e-01   2.0094802e-01  -3.0168330e-03  -1.0637698e-03   1.0664862e-03
  -7.4613094e-02  -1.2038210e-01   2.4223282e-01  -2.8895308e-03  -1.3287605e-03   1.0662934e-03
  -8.1950924e-02  -1.0219349e-01   2.7092892e-01  -3.2430075e-03  -1.5763774e-03   1.3177411e-03
  -6.6156723e-02  -1.2264563e-01   2.8356815e-01  -2.8833701e-03  -1.0694566e-03   1.1312020e-03
  -6.6759462e-02  -8.4992590e-02   2.8072094e-01  -2.1673857e-03  -4.4908922e-04   2.6416090e-04
  -6.4978397e-02  -8.4911746e-02   3.2338804e-01  -1.0987374e-03  -4.7378331e-04   4.3856587e-04
  -5.8002193e-02  -8.2857972e-02   3.3188099e-01  -1.6943221e-03  -7.8365164e-04   1.6653973e-04
  -4.8341648e-02  -8.5621938e-02   3.7731666e-01  -1.9138623e-03  -8.5044773e-04   2.2747558e-04
  -3.9786389e-02  -8.4838730e-02   3.8061279e-01  -2.6902299e-03  -5.9392767e-04   2.5657676e-04
  -4.8619747e-02  -7.2276933e-02   3.8386360e-01  -1.4972973e-03  -8.3432485e-04   1.4222464e-04
  -5.3399114e-02  -9.2719900e-02   3.6798655e-01  -1.6837055e-03  -2.5525888e-04   1.3450217e-04
  -6.0054041e-02  -7.3123342e-02   3.7458475e-01  -1.1044083e-03   1.0670395e-04   8.2903437e-05
  -6.7149612e-02  -7.2806097e-02   3.6082734e-01  -2.9822850e-03  -6.7959567e-04   4.5971165e-04
  -6.8449734e-02  -1.1641955e-01   3.2705411e-01  -3.4548423e-03  -4.4314730e-04   2.7389768e-04
  -5.5150182e-02  -7.1917598e-02   3.7290071e-01  -3.4240937e-03  -8.4371619e-04   1.2975029e-04
  -4.6874248e-02  -8.8042176e-02   3.9175460e-01  -3.0100456e-03  -2.7407808e-04   5.3192628e-05
  -4.7981812e-02  -9.4064472e-02   4.1352003e-01  -3.4169871e-03  -8.6372323e-05   1.5558362e-04
  -6.1147279e-02  -1.0078955e-01   3.9097788e-01  -3.2663537e-03  -5.3511918e-04   4.9895000e-04
  -5.3086585e-02  -8.0346740e-02   4.2152909e-01  -2.9229127e-03  -4.0361903e-04   3.7931265e-04
  -7.2023848e-02  -1.0027988e-01   4.5721166e-01  -2.1285616e-03  -1.0071516e-03   6.7124347e-04
  -6.0134352e-02  -6.2734675e-02   3.1770505e-01  -3.8099524e-03  -2.7877228e-04   1.7662163e-04
  -4.3059881e-02  -1.1484837e-01   3.5190471e-01  -6.7986288e-04  -5.6514615e-04  -8.0676342e-05
  -4.7531219e-02  -1.1800114e-01   3.5518631e-01  -3.1638667e-03  -1.2769773e-03   7.9565616e-05
  -3.9500730e-02  -9.4344888e-02   3.8949310e-01  -4.3903966e-03  -1.2008331e-03   3.2586074e-05
  -6.1432073e-02  -8.7322490e-02   4.2934720e-01  -3.1762715e-03  -1.3692903e-03   1.4171426e-04
  -6.1099630e-02  -9.8798997e-02   4.0407908e-01  -3.3564373e-03  -8.6930402e-04   3.2934714e-04
  -5.9247287e-02  -9.4731269e-02   4.5529479e-01  -2.7423066e-03  -1.1730103e-03   4.0232201e-04
  -6.3001541e-02  -8.8443175e-02   4.0343127e-01  -3.9951979e-03  -1.1527481e-03   1.5650586e-04
  -6.2587735e-02  -6.4237632e-02   4.9511199e-01  -2.4337625e-03  -1.4051273e-03   2.0037264e-04
  -6.8739577e-02  -8.8921528e-02   4.5041047e-01  -4.0175232e-03  -8.9214629e-04   5.0598339e-04
  -7.3228505e-02  -8.3943874e-02   5.1687075e-01  -2.9430464e-03  -1.6016593e-03   6.4379261e-04
  -6.5277529e-02  -7.9898723e-02   4.5880429e-01  -3.9797076e-03  -1.2826038e-03   2.8878618e-04
  -5.3716936e-02  -8.4032741e-02   4.2783691e-01  -3.9253976e-03  -1.7646429e-03  -5.4332446e-04
  -6.1105698e-02  -8.7524985e-02   4.7212077e-01  -4.1565171e-03  -1.6238607e-03   2.3100034e-04
  -6.3688166e-02  -6.7508266e-02   5.9482330e-01  -2.7110068e-03  -1.7097952e-03   1.7552374e-04
  -9.0161596e-02  -2.1472151e-03   3.7301612e-01  -5.0372784e-04  -1.8057289e-03  -3.4321744e-04
  -8.1786843e-02  -1.0027501e-01   3.5046017e-01   6.9112977e-04  -7.5318516e-05   6.0235564e-05
  -7.6669715e-02  -9.0218905e-02   3.3057317e-01   1.4509699e-03  -1.5436598e-03   1.8505779e-04
  -6.9129402e-02  -8.5439867e-02   3.6303898e-01   1.9821554e-03  -7.8218512e-04  -2.7604527e-04
  -7.8064377e-02  -6.3301413e-02   3.6083703e-01   1.1662413e-03  -9.8318392e-04   5.1134672e-05
  -6.9664361e-02  -7.0342520e-02   4.2719728e-01   3.0612119e-04  -1.0179466e-03   1.5637346e-04
  -6.6684318e-02  -7.7931552e-02   4.4884093e-01  -1.0056271e-03  -1.0456026e-03   1.3967368e-04
  -8.5248775e-02  -7.7182382e-02   5.7234556e-01  -8.2037786e-04  -9.3639100e-04   5.2762742e-04
  -9.3817540e-02  -1.1032330e-01   5.1554244e-01  -1.6931427e-03  -1.0605572e-03   8.4530477e-04
  -7.8812047e-02  -9.3939291e-02   5.3547757e-01   1.1767042e-04  -1.0352382e-03   2.7425224e-04
  -1.0574885e-01  -6.9852861e-02   6.0259328e-01  -1.8839161e-04  -5.8477359e-04   1.1266769e-03
  -8.4506184e-02  -8.9498389e-02   5.4302640e-01  -1.0265143e-03  -1.2771116e-03   5.6719261e-04
  -1.1801284e-01  -5.4990452e-02   5.7569022e-01  -3.3591106e-04  -1.0339075e-03   1.0570520e-03
  -9.0809734e-02  -6.5379978e-02   5.5901837e-01  -5.5271208e-04  -1.4725462e-03   5.8217247e-04
  -9.4643646e-02  -7.2658876e-02   5.5988783e-01  -4.1828968e-05  -2.0169846e-03   1.1608802e-04
  -1.0655884e-01  -4.9164898e-02   5.7728213e-01  -5.5846999e-04  -1.2538432e-03   9.7434177e-04
  -9.0353096e-02  -8.5567578e-02   5.9146727e-01   8.9478801e-05  -1.2238279e-03   4.9599412e-04
  -8.5498614e-02  -4.9043842e-02   5.7199609e-01  -1.1777174e-03  -1.4297371e-03   2.7104250e-04
  -9.1887950e-02  -7.2168455e-02   6.1018778e-01  -1.9280262e-03  -1.6923832e-03   5.3770493e-04
  -1.2512659e-01  -5.5115723e-02   5.3640632e-01  -2.5119314e-03  -1.3642996e-03   8.1140022e-04
  -1.1083504e-01  -7.9170558e-02   5.9306836e-01   1.3651400e-03  -2.5913234e-03   2.9410767e-04
  -1.0356674e-01  -6.0344453e-02   6.3473221e-01  -2.1708211e-04  -2.1264908e-03   3.6953517e-04
  -1.0447628e-01  -7.3899641e-02   6.4585026e-01  -1.0753481e-03  -1.7726006e-03   3.3163539e-04
  -1.3520741e-01  -7.5818714e-02   6.7727285e-01  -1.9680056e-03  -1.9707366e-03   1.0285242e-03
  -1.3176635e-01  -4.0207721e-02   6.0778108e-01  -6.7111889e-04  -2.1237067e-03   7.2090978e-04
  -1.4112219e-01  -3.8177339e-02   6.3974865e-01   2.4366387e-05  -2.0952620e-03   9.7305074e-04
  -1.1292296e-01  -6.1453722e-02   6.5033413e-01  -5.4098664e-04  -2.0880447e-03   4.7960980e-04
  -1.0471586e-01  -8.5902635e-02   6.6927262e-01  -6.1093835e-04  -1.8663760e-03   7.0192131e-04
  -1.1889638e-01  -4.0975263e-02   6.8615839e-01  -2.0216287e-03  -1.7411006e-03   1.0449195e-03
  -1.0660310e-01  -1.0639633e-01   6.6186971e-01  -1.9853830e-03  -2.0310045e-03   6.9115216e-04
  -1.1432891e-01  -5.5100900e-02   6.7434641e-01  -1.7619977e-03  -2.0139930e-03   5.6339783e-04
  -9.7717586e-02  -9.0834996e-02   7.1610355e-01  -4.3664205e-04  -2.0889517e-03   3.3661862e-04
  -1.0391271e-01  -6.5547319e-02   6.8303662e-01  -2.5870640e-03  -2.1005958e-03   3.9185690e-04
  -1.0079596e-01  -8.4555723e-02   7.0376202e-01  -1.3795527e-03  -2.0309626e-03   3.9767608e-04
  -1.0893784e-01  -4.4956658e-02   7.7573609e-01  -1.6055480e-03  -1.6383182e-03   6.0660301e-04
  -1.0228399e-01  -8.0840431e-02   7.3938899e-01  -1.2600575e-03  -1.7171817e-03   5.1794340e-04
  -1.0125074e-01  -5.6694552e-02   7.8389030e-01  -2.4347115e-03  -1.4413602e-03   7.6956960e-04
  -9.6608000e-02  -6.4433492e-02   7.3852255e-01  -2.6431529e-03  -1.5509054e-03   6.4499540e-04
  -8.4805384e-02  -6.3269192e-02   7.5081948e-01  -3.5542694e-03  -1.6325042e-03   2.9766860e-04
  -9.5724357e-02  -6.2594224e-02   7.8346467e-01  -1.8911790e-03  -1.3472335e-03   6.9474964e-04
  -9.0397565e-02  -4.5682530e-02   7.8365132e-01  -1.9006054e-03  -1.7178521e-03   4.0279617e-04
  -1.0263343e-01  -5.5977827e-02   8.2117563e-01  -2.4978008e-03  -1.4041338e-03   7.2237009e-04
  -1.0426814e-01  -4.1625237e-02   7.9508279e-01  -2.2347649e-03  -1.4674820e-03   8.2753038e-04
  -7.9226381e-02  -5.7263682e-02   7.8555798e-01  -1.7887585e-03  -1.4007165e-03   1.5391486e-04
  -1.2797244e-01  -1.5011526e-02   8.3427282e-01  -1.6752236e-04  -2.1175421e-03   1.0615060e-03
  -1.1302900e-01  -2.8641311e-02   8.5925124e-01  -4.4334771e-04  -2.1638603e-03   3.7942243e-04
  -1.0772189e-01  -7.0903923e-02   8.6282554e-01  -2.4020279e-03  -1.6703405e-03   6.5667522e-04
  -8.7886561e-02  -5.6010392e-02   8.7584969e-01  -1.3755956e-03  -1.5510543e-03   2.6044123e-04
  -1.3892349e-01  -4.0415226e-02   9.1853699e-01  -6.3635141e-04  -1.6164966e-03   1.3383461e-03
  -9.8487259e-02  -5.1144096e-02   8.7112973e-01  -1.1061749e-03  -1.7290151e-03   6.1650021e-04
  -1.0829873e-01  -4.9670327e-02   8.5254802e-01  -6.7301906e-04  -1.8863469e-03   7.8861382e-04
  -1.1767500e-01  -6.7219308e-02   8.7161764e-01  -9.7896213e-04  -1.5801678e-03   6.9533022e-04
  -9.9665667e-02  -7.7052580e-02   8.9424796e-01   8.3509243e-04  -1.4376335e-03   3.6949472e-04
  -9.4984225e-02  -6.4545444e-02   8.9664760e-01  -8.6078607e-04  -1.7485500e-03   6.0847957e-04
  -1.0503593e-01  -8.2463962e-02   9.0430464e-01  -7.9435518e-04  -1.7822712e-03   4.9459947e-04
  -1.0592421e-01  -6.4131865e-02   9.1678658e-01  -2.3269140e-03  -1.3027414e-03   6.1760389e-04
  -1.0761142e-01  -7.5677882e-02   8.9801117e-01  -1.6066698e-03  -1.7089032e-03   9.6801062e-04
  -1.1020495e-01  -5.4017047e-02   9.3297628e-01  -1.2674653e-03  -1.2378281e-03   7.7906612e-04
  -9.7306402e-02  -7.9565258e-02   9.1063383e-01  -1.3258073e-03  -1.7551586e-03   7.1100116e-04
  -1.2255074e-01  -2.1740444e-02   9.9163958e-01  -8.4679554e-04  -1.2910269e-03   1.1512233e-03
  -1.0359994e-01  -5.8110959e-02   9.2404320e-01  -2.0550733e-03  -1.5342510e-03   2.8575444e-04
  -1.3325773e-01  -3.0396325e-02   9.8306644e-01  -1.5690184e-03  -1.4771076e-03   1.1558574e-03
  -1.0027466e-01  -5.4865281e-02   9.5287190e-01  -1.4081951e-03  -1.5405271e-03   5.0039405e-04
  -1.1739060e-01  -1.6092776e-02   9.9758022e-01  -1.2377540e-03  -1.4767704e-03   6.8704714e-04
  -9.0602794e-02  -5.1647410e-02   9.4646551e-01  -4.3593036e-04  -1.7390303e-03   4.3384072e-04
  -1.0543059e-01  -5.3741653e-02   9.6108414e-01  -8.1122567e-04  -1.6799875e-03   6.7130952e-04
  -9.1719060e-02  -4.4960104e-02   9.8646367e-01   1.3549864e-03  -1.5643564e-03   1.0784952e-04
  -8.7776026e-02  -2.9681085e-02   9.7845945e-01  -1.0958721e-03  -1.1548847e-03   3.8336437e-05
  -7.8779245e-02  -5.3411650e-02   1.0087883e+00   4.1144998e-04  -1.3626879e-03   1.9476944e-04
  -8.5273847e-02  -5.2256854e-02   1.0022234e+00  -6.6361718e-04  -9.7401228e-04   3.3693499e-04
  -1.0192023e-01  -4.0123966e-02   1.1126324e+00   4.6353282e-04  -1.5699038e-03   5.7171509e-04
  -9.7631908e-02  -5.8902291e-02   1.0841774e+00  -1.4611081e-03  -1.4962166e-03   5.9647485e-04
  -8.2472516e-02  -2.8381700e-02   1.0809828e+00  -9.8058208e-04  -1.1397098e-03   3.3290145e-04
  -9.2280606e-02  -2.8633996e-02   1.0776531e+00  -1.2186381e-03  -1.5557462e-03   4.1407195e-04
  -8.6356857e-02  -4.3895744e-02   1.0639739e+00  -1.6706506e-03  -8.8800177e-04   2.6514751e-04
  -8.9278654e-02  -2.9510340e-02   1.1069810e+00  -1.7369151e-03  -9.0437270e-04   2.7094883e-04
  -1.0868910e-01  -2.8655032e-02   1.1040635e+00  -1.3090337e-03  -9.8958095e-04   6.1997303e-04
  -9.9280409e-02  -4.2549799e-02   1.1132630e+00  -1.1031848e-03  -1.6946775e-03   3.8366581e-04
  -1.0152218e-01   6.9873192e-03   1.1761907e+00   1.8859750e-03  -5.9931287e-04   8.3283219e-05
  -8.2389866e-02  -3.1658399e-02   1.1302183e+00  -1.1826984e-03  -1.1819187e-03   1.7629947e-04
  -7.8512244e-02  -4.9792675e-02   1.1199541e+00  -9.4154028e-04  -1.3509672e-03   1.4341912e-04
  -6.8822666e-02  -2.9676534e-02   1.1873504e+00   5.4080987e-05  -1.4062808e-03   1.6260147e-04
  -7.8524357e-02  -1.7442464e-02   1.2205142e+00  -2.2514251e-03  -1.2428121e-03   2.6697980e-04
  -4.9274450e-02  -4.4975238e-03   1.2181133e+00  -1.2011425e-03  -6.9911806e-04  -1.8242469e-05
  -4.7136901e-02  -7.3665776e-03   1.2929702e+00  -3.5844184e-04  -7.7747235e-04   1.2540359e-04
  -5.8783697e-02  -2.1245458e-02   1.2414962e+00  -1.8759606e-03  -2.7638572e-04   3.9140821e-04
  -8.7693646e-02   3.7948518e-02   1.2571203e+00   1.1110202e-04  -6.6779749e-04   3.7847969e-04
  -5.3297687e-02  -1.9488418e-02   1.2761500e+00  -4.9649771e-04  -5.1469445e-04  -4.6030746e-06
  -5.5519456e-02  -1.7889412e-02   1.2458099e+00  -1.7046774e-03  -5.4493268e-04   4.5765843e-05
  -5.9501414e-02  -1.9661556e-02   1.2943393e+00  -2.6094585e-04  -1.1385125e-03  -1.6797296e-04
  -4.9598705e-02  -2.0235759e-02   1.2740516e+00  -2.5381445e-03  -3.8009465e-04  -6.9251485e-05
  -6.8110437e-02  -2.4285865e-02   1.3597462e+00  -1.5791201e-03  -5.8623492e-04   2.6430578e-04
  -5.9536893e-02  -2.0751343e-02   1.3540382e+00  -2.1085146e-03  -6.5345943e-04   1.9904080e-04
  -5.4618544e-02   1.5382078e-02   1.3586941e+00  -1.5252013e-03  -4.1134951e-04   2.8309359e-04
  -6.0003063e-02   4.7548458e-03   1.3313651e+00  -8.5678419e-04  -8.5045748e-05   5.2380212e-04
  -4.9816968e-02  -1.1281673e-02   1.2390366e+00  -1.4115704e-05  -2.7949389e-04  -1.4135874e-04
  -5.2718709e-02  -3.0937766e-02   1.2886543e+00  -5.4551774e-04  -6.5707265e-04   1.4957035e-04
  -5.4475742e-02  -1.0064074e-02   1.3316789e+00  -5.5981353e-04  -1.7283439e-04   2.3297351e-04
  -7.3768833e-02   1.9455967e-02   1.3540655e+00   2.0087451e-05  -6.4166423e-04   2.5471588e-04
  -4.9996433e-02  -1.7435097e-02   1.3285601e+00  -1.8330449e-03  -1.1633518e-03  -9.1233103e-05
  -6.6495154e-02  -1.4830073e-02   1.3451246e+00  -1.6772978e-03  -1.0288187e-03   1.4803365e-04
  -4.3676907e-02  -3.5240916e-03   1.3599445e+00  -5.2112345e-04  -7.1317144e-04   3.5983531e-05
  -5.0804310e-02   1.5559237e-02   1.3540208e+00  -1.3487323e-03  -4.6863066e-04  -1.1364947e-04
  -6.0430727e-02  -8.9305941e-03   1.3491006e+00  -1.2408688e-03  -7.7735217e-04   1.0288664e-04
  -4.1480888e-02   8.7719870e-03   1.3921164e+00  -1.2357709e-03  -1.0341967e-03   1.2213754e-04
  -7.3844025e-02  -1.1876628e-02   1.4418821e+00  -2.3500570e-03  -1.0138631e-03   2.0511195e-04
  -6.0050670e-02  -1.1600802e-02   1.3912298e+00  -2.4513171e-03  -1.1022766e-03   1.7334536e-04
  -5.7928034e-02   7.6322074e-03   1.4440209e+00  -1.5551072e-03  -9.1646763e-04  -1.1327913e-04
  -5.5260943e-02  -1.8886090e-02   1.4162895e+00  -1.6479929e-03  -1.2251169e-03  -3.4634768e-05
  -5.9231676e-02  -1.5346739e-02   1.4217173e+00  -1.8194646e-03  -7.6901462e-04  -5.0287552e-05
  -6.8029227e-02  -2.3315437e-03   1.4618230e+00  -1.9146090e-04  -9.6196986e-04   2.4587040e-04
  -5.6843160e-02   3.2397062e-02   1.3964563e+00  -2.4703234e-03  -9.6029624e-04  -2.9163822e-04
  -6.0781024e-02   5.2339777e-03   1.4657706e+00   2.5548933e-04  -1.8140528e-03  -9.5570343e-05
  -5.7391557e-02  -1.3031278e-02   1.4908518e+00  -8.1869563e-04  -1.2962493e-03   1.2053384e-05
  -5.9682894e-02  -3.8576785e-03   1.5059666e+00  -1.6165116e-03  -7.3966848e-04   2.5197458e-04
  -6.2285742e-02   1.3849550e-02   1.5397034e+00  -9.3378947e-04  -7.5644725e-04   4.1380368e-04
  -6.8695694e-02  -2.5209082e-03   1.5514027e+00  -7.8716382e-04  -7.0715160e-04   3.7551127e-04
  -6.1085529e-02  -1.6289543e-03   1.5134650e+00  -1.2638225e-03  -1.2206247e-03   2.1838608e-04
  -4.9347069e-02   2.9573805e-02   1.5358135e+00   2.2525664e-03  -7.2546345e-04  -5.1884393e-04
  -4.4387624e-02   1.4764268e-02   1.5349502e+00   6.8545747e-04  -1.7581949e-04  -1.7178701e-04
  -3.7085310e-02   1.0743483e-02   1.5390422e+00  -9.1877110e-04  -8.1541922e-04   1.4221314e-05
  -5.3188288e-02   4.6939256e-02   1.5811941e+00  -8.5689168e-04  -8.7956089e-04   1.5572007e-04
  -5.0457559e-02  -2.0359994e-03   1.5726715e+00  -6.8321046e-04  -8.9062329e-04  -3.6944963e-05
  -4.6175468e-02   7.9925907e-03   1.5613344e+00  -1.3913578e-03  -9.6773093e-04  -1.1518868e-04
  -5.4983061e-02   3.5867371e-02   1.5859382e+00  -1.1889648e-03  -1.3107695e-03   1.6479716e-04
  -3.7569302e-02   1.0827629e-03   1.5546870e+00  -1.5515881e-03  -1.2920573e-03  -2.4271253e-04
  -4.7724960e-02  -1.0205700e-02   1.6249306e+00  -1.3346774e-03  -9.6425726e-04   1.1822194e-04
  -5.6927757e-02  -2.5522697e-03   1.6142959e+00  -1.1018850e-03  -1.3979943e-04   4.9623778e-04
  -5.8537871e-02   2.0992210e-02   1.5944168e+00  -2.6217115e-03  -7.6939187e-04   1.5933382e-04
  -4.1464385e-02   1.2865731e-02   1.5912075e+00  -1.1454088e-03  -5.9545953e-04   5.2988541e-05
  -5.2767515e-02   1.8212314e-02   1.6148981e+00  -1.4956080e-03  -1.1314968e-03   5.5902841e-05
  -6.9997687e-02   7.1437896e-03   1.6141383e+00  -5.5450960e-04  -8.3536708e-04  -5.0704414e-05
  -5.4481062e-02  -5.1654649e-03   1.6222410e+00  -3.9835726e-04  -1.1936868e-03   7.4929139e-05
  -6.0211078e-02   2.6763829e-02   1.6317449e+00  -5.2551810e-05  -1.3657974e-03   1.8893357e-04
  -6.0058017e-02   2.0964387e-02   1.6633621e+00  -1.7817603e-04  -5.7951452e-04   2.3914307e-04
  -3.8930548e-02   9.4037714e-03   1.6706496e+00  -9.2851149e-04  -8.8590118e-04  -6.9149983e-05
  -4.5909871e-02   5.6279833e-03   1.7302120e+00  -1.4958221e-03  -1.1969897e-03   1.5437367e-04
  -4.9721830e-02   8.7788316e-03   1.7356574e+00  -1.3880586e-03  -1.0940559e-03   3.9519689e-04
  -4.5319014e-02   2.7812819e-02   1.7011780e+00   4.2033093e-03   2.1192625e-04  -1.2015434e-03
   7.7241765e-03  -9.4491117e-02   1.3696985e+00   2.1244374e-02   5.5568701e-03  -5.2665408e-04
   1.1096935e-02  -2.4675326e-01   1.9417798e+00   2.5857551e-02   1.5450771e-03  -1.9783071e-03
  -6.1932437e-02  -1.9765475e-01   1.3312486e+00   2.0100880e-02  -1.9805716e-03   1.5252333e-04
  -9.7902050e-03  -1.0928902e-01   1.4063088e+00   7.8038476e-03   2.6301375e-04   2.8106747e-05
  -1.2813870e-02  -6.6434837e-02   1.4819214e+00   7.7257433e-03   2.4089834e-04   1.6599740e-04
  -2.6635731e-04  -5.0822325e-02   1.5229004e+00   7.0363820e-03  -1.0440808e-04   3.7861396e-04
   1.3088760e-02  -4.3961385e-02   1.5627920e+00   7.4123874e-03  -2.2059624e-05   1.3842990e-05
  -1.3358745e-02  -5.1482827e-02   1.5634270e+00   6.0858702e-03  -5.0703342e-04   4.6392631e-04
  -2.9180283e-03  -4.9733773e-02   1.5913604e+00   7.0757507e-03  -6.9979467e-04   5.2622645e-04
  -2.8230257e-02  -4.2527713e-02   1.5671004e+00   6.4557507e-03   3.6523315e-05   8.5570756e-04
   1.3211625e-02  -6.6572136e-02   1.5915054e+00   7.0234261e-03  -6.2638153e-04  -3.2174387e-04
  -5.9342164e-03  -7.6291428e-02   1.6035836e+00   6.6921617e-03  -2.7355716e-04   1.3537748e-04
  -1.0857982e-03  -7.6767042e-02   1.6075525e+00   6.5827207e-03  -2.5365208e-04   1.8925414e-05
   1.2409704e-02  -6.2049670e-02   1.6140198e+00   6.6459286e-03  -8.2392316e-05  -1.0153477e-04
  -9.3071016e-03  -2.7096950e-02   1.6739818e+00   6.5843778e-03  -2.6338169e-04   4.5325164e-04
   3.3151228e-03  -4.8232925e-02   1.6350945e+00   5.3307839e-03  -4.7717470e-04   2.0861129e-04
   1.2441786e-02  -5.7875568e-02   1.6615197e+00   5.8044903e-03  -8.1618334e-04  -8.9630296e-05
  -4.9398144e-02  -3.2948091e-02   1.7413657e+00   7.0429744e-03  -1.0278578e-03   9.3841328e-04
  -1.6193687e-02  -4.1286839e-02   1.7035642e+00   5.6938294e-03  -1.2814965e-03   1.9346567e-04
  -1.2464379e-02  -4.4678949e-02   1.7212595e+00   4.5703336e-03  -1.6810903e-03  -4.8656702e-05
  -2.2838709e-02  -3.5751711e-02   1.7443759e+00   5.5837499e-03  -8.1965706e-04   7.5716891e-04
  -2.1723541e-02  -4.3905206e-02   1.7508121e+00   6.5073308e-03  -1.4993264e-03   1.1937622e-04
  -2.1405340e-02  -5.9253915e-02   1.7143366e+00   5.7506095e-03  -1.6110473e-03   3.4094767e-04
  -5.5327360e-02   7.3137322e-04   1.7702000e+00   6.1532640e-03  -2.3459169e-03   7.7444291e-04
  -2.0391784e-02  -3.8967985e-02   1.7772586e+00   5.4165183e-03  -2.2955762e-03   1.5840914e-05
  -2.1414974e-02  -2.4975432e-02   1.7606602e+00   4.4057037e-03  -1.9069758e-03   3.4684965e-04
  -3.8194057e-02  -1.1091795e-02   1.7750753e+00   5.1272209e-03  -1.8707685e-03   6.8107885e-04
  -2.3826540e-02  -2.0967739e-02   1.7658645e+00   4.9081315e-03  -2.0297630e-03   3.5858711e-04
  -3.0497664e-02  -2.3004256e-02   1.8076875e+00   4.6089839e-03  -2.1138665e-03   6.8926070e-04
  -2.7191769e-02  -3.4662701e-02   1.7989675e+00   4.9685483e-03  -1.5277398e-03   4.2553603e-04
  -4.6362367e-02  -1.8369871e-02   1.8180155e+00   4.1498237e-03  -1.9221385e-03   2.8320335e-04
  -3.8051211e-02   1.1621197e-02   1.8443358e+00   6.6266728e-03  -6.6647332e-04   8.7279880e-04
  -2.8766570e-02  -2.9280482e-02   1.8369390e+00   6.7303768e-03  -1.8508060e-03   1.8550475e-04
  -2.4565639e-02  -8.9714076e-03   1.8386669e+00   5.8414234e-03  -2.0152886e-03   3.9996161e-04
  -6.0716675e-02  -2.8168907e-02   1.8556308e+00   6.5991173e-03  -1.5185666e-03   1.1931924e-03
  -3.6968431e-02  -1.1752271e-02   1.8557307e+00   4.8941198e-03  -2.6861048e-03   6.5356212e-04
  -2.8271294e-02  -6.3426542e-03   1.8405118e+00   4.8627547e-03  -2.4355151e-03   6.9135371e-04
  -4.7786050e-02   2.4416498e-02   1.9106454e+00   4.9135235e-03  -2.8216673e-03   1.0347016e-03
  -3.7886222e-02  -1.5811333e-02   1.8696825e+00   4.3014721e-03  -2.4303835e-03   7.1964420e-04
  -4.2242290e-02   9.2623458e-03   1.8855050e+00   5.5288288e-03  -2.2583833e-03   6.2683430e-04
  -5.7126895e-02  -1.1651492e-02   1.8968216e+00   5.2953765e-03  -2.1108947e-03   8.4691813e-04
  -2.9616544e-02  -3.1081534e-02   1.9307614e+00   4.8878270e-03  -1.9745087e-03   1.8895033e-04
  -5.8162258e-02  -5.4212766e-02   1.9459448e+00   5.3882642e-03  -2.0469573e-03   1.0806634e-03
  -1.7714843e-02  -1.2643299e-02   1.9325760e+00   4.9669450e-03  -1.8750233e-03   2.7626248e-04
  -3.1876520e-02  -1.6697930e-02   1.9231581e+00   3.4036457e-03  -2.2708103e-03   3.5573658e-04
  -2.9628590e-02  -2.6298734e-03   1.9379948e+00   3.6946236e-03  -2.0616756e-03   6.2489560e-04
  -7.7469951e-03  -2.7008931e-02   1.9463577e+00   4.4415532e-03  -2.1957842e-03   2.0777655e-06
  -2.5994578e-02  -1.9044898e-02   1.9544912e+00   4.6382218e-03  -2.0560626e-03   4.3901273e-04
  -5.9500377e-02   7.0006834e-03   1.9467722e+00   4.2856057e-03  -2.6035958e-03   3.9061667e-04
  -3.0594419e-02  -2.2667311e-02   1.9287578e+00   4.9853005e-03  -2.3138541e-03   6.0699498e-04
  -7.3039368e-02   2.7017815e-02   1.9530116e+00   5.9931114e-03  -1.7140189e-03   7.8601887e-04
  -3.3524591e-02  -2.3141598e-02   2.0367223e+00   4.0840080e-03  -2.1375036e-03   5.1404293e-04
  -1.5473183e-02  -2.8693749e-02   2.0369377e+00   4.0795067e-03  -1.0322665e-03   3.1434182e-04
  -1.7409985e-02  -1.9041820e-02   2.0214702e+00   3.6045761e-03  -1.7985516e-03   5.0865691e-04
   4.4934447e-03  -7.3792531e-03   2.0282864e+00   4.0410400e-03  -1.6260749e-03   3.5041574e-04
  -2.5464881e-02   2.6720725e-03   2.0483291e+00   4.1948411e-03  -1.4427825e-03   8.0592100e-04
  -4.5294112e-03   2.7881865e-03   2.0349937e+00   4.6858176e-03  -1.0747784e-03   4.7169189e-04
  -2.3251297e-02  -9.7866939e-03   2.0823720e+00   4.3136232e-03  -1.6027240e-03   5.8863855e-04
  -4.4134426e-03   1.3521904e-02   2.0715693e+00   4.3371548e-03  -1.5423975e-03   1.6622027e-04
  -1.4416067e-02  -2.7162820e-02   2.0997899e+00   3.7811315e-03  -1.2395987e-03   5.5236950e-04
  -2.7358654e-02   6.2456091e-03   2.0425488e+00   5.4512573e-03  -1.4504504e-03   2.9583822e-04
  -1.4952875e-02  -3.6066287e-03   2.1086221e+00   5.9261395e-03  -1.9267442e-03  -3.3143427e-05
   1.7757524e-02  -1.6186587e-02   1.9959967e+00   1.0687446e-02   1.0707766e-03  -1.1119174e-03
   5.0300419e-02   3.7446188e-03   2.2123828e+00   2.0968888e-04   2.0596152e-03   3.6545928e-05
   4.6844668e-02   5.5941508e-03   2.2071251e+00   3.2209889e-04   1.2072134e-04  -8.7789805e-05
   3.1135604e-02   3.3442577e-02   2.2518598e+00   2.5338475e-04   4.9787159e-04   2.6223935e-04
   9.1091751e-03   5.6051823e-02   2.2352317e+00   4.8618881e-04  -2.8494240e-04  -1.1716858e-06
   2.9056360e-02   4.3881654e-02   2.2617129e+00   8.8623700e-04  -5.6021708e-04  -2.0838596e-04
   2.3223665e-02   4.6311592e-02   2.3030895e+00   1.5716686e-03  -8.4857988e-04  -1.2206969e-04
  -7.1440482e-04   3.2936313e-02   2.3420732e+00   2.8712193e-03  -8.7658998e-04  -1.8939203e-06
   9.2654137e-03   3.0466867e-02   2.2498434e+00   1.7920087e-03  -1.0044848e-03  -1.1145777e-04
   7.7801266e-03   5.1455877e-02   2.3121495e+00   3.4909485e-03  -8.4446112e-04  -1.1229972e-04
   1.8961547e-02   3.2698374e-02   2.2911807e+00   2.8711813e-03  -7.6468575e-04  -2.8419890e-04
  -6.7288550e-03   6.2061758e-02   2.2683524e+00   2.9555223e-03  -1.1202519e-03   5.5061084e-06
   1.6716289e-02   3.6625111e-02   2.3086587e+00   2.7136161e-03  -1.4373254e-03  -2.9308298e-04
   1.5317752e-03   4.2588665e-02   2.3228358e+00   3.3265661e-03  -1.7519267e-03  -1.8953205e-04
   2.2008290e-02   4.2414860e-02   2.3578561e+00   1.9664553e-03  -1.4797001e-03  -3.8954515e-04
   1.7252822e-02   5.1930490e-02   2.3543095e+00   1.8755108e-03  -1.6618728e-03   3.4018121e-05
   1.1920540e-02   3.3518575e-02   2.3868510e+00   2.1323615e-03  -1.9802021e-03  -1.7030185e-04
   1.7628396e-02   1.8799414e-02   2.3678725e+00   1.7838237e-03  -1.6179540e-03  -9.8409682e-05
  -1.7471971e-02   7.5494405e-02   2.4173147e+00   1.9016803e-03  -2.0063679e-03  -3.8990991e-05
  -1.3297379e-02   3.7859967e-02   2.4181612e+00   4.1823342e-04  -2.1447638e-03   2.3714549e-04
   1.6198353e-04   4.4272945e-02   2.3497418e+00   3.5297042e-03  -8.2467845e-04   1.5935594e-04
   1.8117991e-02   3.7246569e-02   2.3796296e+00   2.6482016e-03  -1.6821596e-03  -3.0371657e-05
   1.7988114e-02   6.6204617e-03   2.4119151e+00   2.6038285e-03  -1.4912709e-03  -1.0457980e-04
  -9.2381167e-03   5.4853123e-02   2.3460260e+00   6.7466701e-04  -1.6014964e-03   3.7544322e-04
  -1.8854118e-02   3.5826159e-02   2.4148483e+00   4.1395908e-03  -2.5247206e-03   1.0226329e-04
   9.2178359e-03   5.0508138e-02   2.3169713e+00   1.7373627e-03  -1.5280215e-03  -8.5910515e-04
   1.4015560e-02   2.6757226e-02   2.4462019e+00   3.3075524e-03  -1.6453890e-03  -3.1153740e-04
   1.2236289e-02   3.9331260e-02   2.4505863e+00   1.4520321e-03  -1.7609201e-03  -9.7517396e-05
   1.7579355e-02   4.2043511e-02   2.3909549e+00   5.2115234e-03  -2.7754181e-04  -8.2132544e-04
   3.5435822e-02   3.8781484e-02   2.4537665e+00   6.8926042e-04  -1.6313430e-03  -5.6161675e-04
   3.3150416e-02   3.1177523e-02   2.4626064e+00   1.2730302e-03  -1.5022398e-03  -8.1616955e-04
   1.0540152e-02   5.7241246e-02   2.4167901e+00  -1.0873962e-03  -1.5681569e-03  -4.0057601e-05
   1.3735368e-03   4.1346547e-02   2.4725734e+00   1.2313297e-03  -2.2794208e-03   1.0857947e-04
  -3.3412168e-03   4.7826132e-02   2.5047025e+00   1.3585152e-03  -1.7178986e-03  -2.9511526e-05
   1.5233800e-02   4.3231879e-02   2.4803459e+00   1.9731569e-03  -2.6690109e-03  -4.9001205e-04
  -1.5629243e-03   1.3033664e-02   2.5084221e+00   1.0058873e-03  -2.7957887e-03  -2.2996384e-04
   1.0338773e-02   2.9583563e-02   2.5343480e+00   1.4167983e-03  -2.3299440e-03  -2.1339275e-04
   1.9843180e-02   6.8098418e-03   2.5283907e+00   1.3334289e-03  -2.2951421e-03  -4.0031534e-04
   1.2059979e-02   5.2630707e-02   2.5331320e+00   5.2991841e-04  -1.9222243e-03  -1.0318305e-04
   3.3992576e-02   3.5544939e-02   2.5096202e+00   3.3290301e-04  -2.3234526e-03  -3.6334875e-04
  -3.5160928e-03   3.2489237e-02   2.5232398e+00   2.7662472e-05  -1.8387631e-03   5.0589975e-04
  -1.1784722e-02   7.1131403e-02   2.5383087e+00   4.1876802e-03  -2.5454422e-03   2.8700722e-04
   1.8649902e-03   2.2371425e-02   2.5150062e+00   1.0411381e-03  -2.7308125e-03   2.0917436e-04
  -7.0434377e-03   4.7995149e-02   2.5366400e+00   1.1213158e-03  -2.6178859e-03   3.5957339e-04
  -2.9272004e-03   2.9068809e-02   2.5270102e+00   8.9118830e-04  -2.8334666e-03   6.2155515e-04
  -4.9874271e-02   7.6984534e-02   2.5707304e+00   4.2185749e-03  -2.4858490e-03   7.5888175e-04
   1.9287398e-02   6.4131219e-02   2.5662554e+00   3.6550938e-03  -9.3470428e-04  -6.8470337e-05
  -6.5306089e-03   5.4394132e-02   2.5581697e+00   1.6823841e-03  -1.3739084e-03   2.4150687e-04
  -5.5764812e-03   5.5585484e-02   2.5750593e+00   3.3279890e-03  -2.4157268e-03   2.6282672e-04
  -1.7638650e-03   2.4740883e-02   2.5883732e+00   1.7814537e-03  -1.5312397e-03   4.8426073e-04
  -3.4785554e-03   4.9674656e-02   2.6174549e+00   4.3596435e-03  -2.5015012e-03   4.9689524e-05
  -1.0063140e-02   1.6548516e-02   2.6273871e+00   9.0966525e-04  -2.5897781e-03   4.9774168e-04
  -1.6637049e-02   6.8322740e-03   2.6762702e+00   1.0911084e-03  -2.5452278e-03   7.9609041e-04
  -4.8961779e-02   3.1883278e-02   2.6653320e+00   1.3713949e-03  -3.3940742e-03   7.2123719e-04
   8.8896583e-03   3.8413155e-02   2.6494635e+00   7.0368261e-04  -2.3593780e-03  -1.1994240e-04
  -1.2353701e-02   4.3549989e-02   2.6349305e+00   2.0124974e-03  -1.7505448e-03   4.7149053e-04
  -4.0605904e-02   3.1283874e-02   2.6496773e+00   1.9704707e-03  -3.5152916e-03   8.5124758e-04
  -2.3911817e-02   2.4374427e-02   2.6327383e+00   1.0861129e-03  -3.2601372e-03   4.4282540e-04
  -2.2008407e-02   3.4985682e-02   2.6533962e+00   1.6737158e-03  -2.9547112e-03   7.7740628e-04
  -2.8047001e-02   6.5173027e-02   2.7140235e+00   2.4222400e-03  -3.1415992e-03   8.4146429e-04
  -7.3187278e-03   2.4204527e-02   2.6672834e+00   7.5091432e-04  -2.9435219e-03   5.4812474e-04
  -5.6058955e-02   6.9727759e-02   2.7263719e+00   3.3213754e-03  -2.8157817e-03   1.2367534e-03
  -1.4913998e-02   4.6000153e-02   2.7049036e+00   7.7144895e-04  -3.2344372e-03   5.7893591e-04
  -3.7539530e-03   3.6716288e-02   2.7340412e+00   1.3309223e-03  -3.0054763e-03   2.9057963e-04
  -4.5554793e-02   6.7805195e-02   2.7677559e+00   9.7360113e-04  -2.7463707e-03   1.0807693e-03
  -3.2338152e-02   8.0653485e-02   2.7213055e+00   9.5945773e-05  -2.5621921e-03   6.6984212e-04
  -2.7370403e-02   5.0901500e-02   2.7896494e+00   2.2351723e-03  -3.2387623e-03   4.4116009e-04
  -3.8498647e-03   3.3831571e-02   2.7741397e+00   1.3204720e-03  -2.7592104e-03   2.2918936e-04
  -1.3881554e-02   6.6231126e-02   2.7995217e+00   1.6140131e-03  -3.1358542e-03   4.5139306e-04
  -2.1306717e-02   6.4211142e-02   2.7920348e+00   2.3776456e-03  -2.5422983e-03   6.9842375e-04
  -4.8082730e-02   3.1587073e-02   2.8070598e+00   7.9735924e-04  -4.1572170e-03   6.7959041e-04
  -1.3532926e-02   4.2687854e-02   2.7929798e+00   1.2782669e-03  -3.6660681e-03   1.2865419e-04
  -2.5185936e-02   4.7605261e-02   2.8058492e+00   1.3176341e-04  -3.6542857e-03   5.4455783e-04
  -8.4168281e-03   5.2449285e-02   2.7824426e+00   7.4693444e-04  -3.2817941e-03   4.6573551e-04
  -1.8234186e-02   5.8504196e-02   2.8375810e+00  -1.0778406e-04  -3.0989124e-03   5.1558350e-04
  -1.9136050e-03   2.2482320e-02   2.8138306e+00   6.3671353e-04  -2.5137040e-03   3.0989849e-04
  -2.8530492e-03   9.0735053e-02   2.7988945e+00   2.0616042e-03  -1.6630142e-03  -3.6531825e-04
   2.9248824e-02   5.4105931e-02   2.8670322e+00   1.3436857e-03  -8.9275909e-04  -2.7815676e-04
   3.2324285e-02   3.9237315e-02   2.8665690e+00   1.0031673e-03  -1.2886678e-03  -3.1332232e-04
   3.2725715e-02   3.0173760e-02   2.8583404e+00  -8.6925137e-04  -1.4449757e-03   8.5786490e-06
   2.7377060e-02   3.0267887e-02   2.8739219e+00   9.5271480e-05  -1.1541812e-03  -4.0729742e-05
   2.8237367e-02   4.8900292e-02   2.8670082e+00  -1.5785665e-03  -1.8352526e-03  -4.1989448e-05
   4.5341696e-02   3.8942424e-02   2.8671810e+00  -6.4825867e-04  -1.2857392e-03  -1.5489708e-04
   4.8080379e-02   4.1007453e-02   2.8868761e+00  -1.1163354e-04  -1.5971112e-03  -2.1369820e-04
   3.2402313e-02   2.8331727e-02   2.9154095e+00  -6.2991032e-04  -1.3435115e-03   1.1932621e-04
   3.8473200e-02   2.9697668e-02   2.9049429e+00  -1.2276601e-03  -1.9979348e-03  -1.4381550e-04
   1.6777645e-02   6.8947088e-02   2.9062535e+00  -9.2777949e-04  -1.6906059e-03   1.5169009e-05
   1.4718707e-02   5.2282708e-02   2.9290867e+00   1.8283491e-03  -2.0455647e-03  -3.1159754e-08
  -1.0762596e-02   9.0868286e-02   2.8734305e+00   1.5857207e-03  -1.6473942e-03  -9.0945655e-04
   1.6037044e-02   4.7057871e-02   2.9779663e+00   1.4908116e-03  -2.4310576e-03  -3.8169053e-04
   7.7144551e-03   6.2859914e-02   3.0131330e+00   5.2388299e-04  -2.5370289e-03  -2.6538540e-05
  -6.8872518e-04   5.3232803e-02   2.9876203e+00   2.3045972e-03  -2.4860238e-03   2.8873320e-04
   2.2496706e-02   8.6372874e-02   2.9139204e+00   4.5882269e-03  -8.0273421e-04  -2.9585103e-04
  -1.0972613e-02   5.5628341e-02   2.9839449e+00   1.6291611e-03  -1.6395317e-03   4.4480042e-04
  -3.3301671e-04   7.9681309e-02   3.0108306e+00   1.7240512e-03  -2.2626986e-03   9.6633386e-05
  -1.5661734e-02   1.0385127e-01   2.9953505e+00   1.4172964e-03  -2.0162395e-03   6.4735863e-04
  -7.2712424e-03   6.6611034e-02   3.0199874e+00   1.3314501e-04  -2.7508653e-03   3.1637342e-04
  -1.7858107e-03   7.0931537e-02   3.0144781e+00   6.6589867e-04  -1.8394427e-03   3.8738274e-04
   9.0788025e-03   5.9680734e-02   3.0217276e+00   1.4159189e-03  -2.0789677e-03   9.3288896e-05
   8.5297771e-03   5.2422752e-02   3.0104131e+00   6.6267158e-04  -2.0123296e-03   9.4749002e-05
  -2.9516856e-03   6.3895101e-02   3.0017330e+00  -4.9869496e-05  -2.1417561e-03   2.7877938e-04
   1.9792050e-02   4.0177994e-02   3.0085351e+00   5.1773046e-04  -2.0477779e-03   8.8089573e-05
   8.9010321e-03   5.4770455e-02   3.0076559e+00  -2.7460600e-04  -2.2932649e-03   3.4864406e-04
  -2.4065839e-02   3.2231829e-02   3.0098553e+00  -1.6366421e-03  -2.3354476e-03   1.0671220e-03
   9.1482177e-03   6.5501643e-02   3.0394937e+00   4.7999020e-03   1.1978930e-03   5.7981833e-04
   2.8411873e-03   4.2349505e-02   3.0508997e+00   8.1728015e-04  -1.6997344e-03   2.1777980e-04
   5.1854979e-03   3.8687949e-02   3.0571442e+00  -5.5980583e-05  -1.7212922e-03   8.3343322e-04
   7.8592316e-03   3.9458942e-02   3.0833593e+00  -3.3634152e-04  -1.8410333e-03   3.9691226e-04
  -1.2118008e-02   7.8513074e-02   3.0499751e+00  -1.6077742e-03  -2.1199303e-03   6.1810377e-04
  -1.9829603e-02   5.6042034e-02   3.0917818e+00   2.6300088e-03  -2.7821524e-03   5.7492296e-04
  -4.4588182e-02   7.9773677e-02   3.0276610e+00   1.9629193e-04  -2.1091430e-03   6.6168186e-04
  -1.4089263e-02   8.1456391e-02   3.1923436e+00   2.9762494e-03  -2.9675605e-03   4.5599518e-04
  -3.7641586e-03   4.8287815e-02   3.1752518e+00   6.9629850e-04  -2.9024012e-03   4.9303554e-04
  -1.1337627e-02   5.4510845e-02   3.1894088e+00   4.5777874e-04  -3.2623804e-03   4.9493543e-04
   2.5645904e-03   5.3754507e-02   3.1749294e+00   2.4588392e-04  -2.9122433e-03   2.1070213e-04
  -1.0103344e-03   1.0537842e-01   3.1532892e+00   1.7633701e-03  -2.4779747e-03   2.1903678e-04
  -5.9218358e-02   8.2186930e-02   3.1262021e+00  -7.4791834e-04  -2.8979598e-03   1.0732648e-03
  -5.7997450e-03   6.3786779e-02   3.2195425e+00   5.6828366e-03  -3.0697037e-03  -4.8531961e-05
  -2.6556470e-02   8.1593087e-02   3.2064807e+00   1.2844841e-03  -2.8279704e-03   3.8770996e-04
  -1.4168715e-02   6.9306800e-02   3.2526144e+00   9.6901275e-04  -3.6047601e-03   1.5837466e-04
  -1.8190673e-02   1.0064978e-01   3.2749679e+00   1.4308289e-03  -2.8126948e-03   6.4668128e-04
  -5.0987037e-02   1.0492368e-01   3.3407881e+00   1.8061975e-03  -3.1533455e-03   1.2628536e-03
  -5.9024610e-02   1.1872937e-01   3.3239684e+00   5.4975880e-04  -4.0798844e-03   6.8928454e-04
  -1.2444846e-02   5.1403710e-02   3.3302450e+00  -4.5750273e-04  -3.7284720e-03   2.7894176e-04
   7.4498419e-03   7.7945629e-02   3.3762655e+00  -1.2035149e-03  -3.2743991e-03   5.3619217e-04
   1.9583815e-02   6.6406782e-02   3.4022554e+00  -3.1955543e-04  -3.2896762e-03   1.3521537e-04
   2.5866650e-02   8.2089222e-02   3.3963787e+00  -4.8434835e-04  -2.9904540e-03   3.4297593e-04
   1.1714914e-03   1.1192093e-01   3.3317317e+00   8.4718221e-04  -2.1228222e-03   5.1610035e-04
   1.9000681e-02   6.8094277e-02   3.3158957e+00  -9.8439474e-04  -2.9881844e-03  -1.1467222e-04
   1.2809568e-02   7.2226196e-02   3.4072384e+00   3.1739810e-03  -2.9981140e-03  -4.6977506e-05
  -1.0769387e-02   8.2257921e-02   3.3706589e+00   7.0227804e-04  -2.8168401e-03   3.8827495e-04
   4.0782059e-03   7.5622840e-02   3.4469680e+00   5.5001420e-04  -3.4659836e-03   2.9960880e-04
   5.5977908e-04   6.6816808e-02   3.4401950e+00   5.4553200e-04  -3.5770503e-03   3.8421550e-04
   3.6206235e-03   8.9839355e-02   3.4327723e+00   7.2156641e-04  -3.4855532e-03   4.4246487e-04
  -1.1845922e-02   8.5669879e-02   3.3284782e+00   1.3625670e-03  -4.3269111e-03  -2.8366295e-04
  -2.6822587e-02   8.6844820e-02   3.2862493e+00   1.3034857e-03  -3.0464423e-03   6.0580285e-04
  -1.1593154e-02   7.9781440e-02   3.3871914e+00   1.8960991e-03  -3.3558323e-03  -1.3636051e-04
  -2.8003029e-02   7.9245360e-02   3.4568911e+00   2.1637149e-03  -4.8056698e-03  -6.7330757e-06
  -6.2941648e-03   5.5666748e-02   3.4732468e+00   8.6281317e-04  -4.4908068e-03   4.1614396e-05
   1.3181892e-03   7.1797516e-02   3.4661425e+00   2.4038633e-04  -4.0924434e-03   1.4125938e-04
  -2.8222135e-03   5.4298997e-02   3.4538053e+00  -5.4876120e-04  -3.9681793e-03   1.3241412e-04
  -1.9723599e-02   8.7156830e-02   3.5213483e+00  -3.8939609e-04  -4.3456644e-03   2.0771376e-04
  -2.3349151e-02   1.0714866e-01   3.5189718e+00   6.4603880e-04  -4.4972137e-03   4.5614674e-04
  -1.0712174e-03   7.8070029e-02   3.5318189e+00  -5.2145346e-05  -4.0353524e-03   1.9324077e-04
  -2.3782386e-02   6.5045605e-02   3.3751154e+00   9.1674827e-04  -2.4362329e-03   8.2583605e-04
   6.8692429e-03   5.8777926e-02   3.4698307e+00   2.6164125e-03  -2.7069490e-03  -2.4755741e-05
   3.6685027e-03   6.2370800e-02   3.5256672e+00   2.3603031e-03  -3.0947719e-03   3.8591082e-04
   2.1820552e-02   6.7513978e-02   3.5559670e+00   3.2524230e-04  -3.2555898e-03   1.3058712e-04
   5.0556057e-03   7.6055744e-02   3.5493416e+00   5.5189195e-05  -3.0804052e-03   5.2451594e-04
   4.5705124e-03   6.2442140e-02   3.5261917e+00   7.6275438e-05  -3.1600472e-03   5.3844636e-04
   9.6475142e-03   8.9637165e-02   3.4710746e+00   9.5160866e-04  -3.0521697e-03  -9.6518288e-05
  -3.7898984e-02   8.9568408e-02   3.4807652e+00   6.5243073e-05  -3.9203084e-03   8.3167490e-04
  -1.7900861e-02   8.7344006e-02   3.4866403e+00   2.2674995e-03  -3.6284888e-03   3.8242993e-04
  -6.5979128e-03   7.2692457e-02   3.5377832e+00   6.4842060e-04  -3.7946680e-03   2.3657890e-04
  -8.8755380e-03   1.0059689e-01   3.5401848e+00   3.1776244e-03  -3.0548603e-03  -4.6654539e-05
   7.5206122e-03   6.7701883e-02   3.6218586e+00   7.2542882e-04  -4.0454262e-03  -1.5223695e-05
  -7.7230411e-03   7.1068864e-02   3.6293086e+00   2.8229702e-04  -3.6098331e-03   3.0559091e-04
  -2.4756537e-02   6.4248883e-02   3.6279723e+00  -3.4578190e-04  -3.5397387e-03   6.6318643e-04
   3.2227269e-03   5.3442898e-02   3.5890194e+00  -4.4846843e-04  -3.6778501e-03   2.6345106e-04
   5.1705914e-04   7.5955998e-02   3.5962735e+00  -2.8211885e-04  -3.8383489e-03   5.3406098e-04
   5.3995899e-04   8.8544976e-02   3.5855273e+00  -8.0999740e-04  -3.7667605e-03   5.1609133e-04
  -6.2757898e-03   6.9970325e-02   3.6167819e+00  -3.9716504e-04  -3.3429910e-03   6.1552579e-04
   1.6254400e-02   6.1587875e-02   3.6221656e+00   2.0943340e-04  -3.2469261e-03   3.5859752e-04
  -2.2544777e-03   9.1079989e-02   3.5639565e+00   5.9311160e-04  -2.3254123e-03   6.7077287e-04
   2.6110914e-03   4.7810724e-02   3.6238663e+00   1.2494122e-03  -3.6764682e-03   2.3857930e-04
   1.8549129e-02   4.9989667e-02   3.5982812e+00   3.0665358e-04  -3.5097408e-03   2.0566507e-04
  -1.1185216e-03   4.6629320e-02   3.6010542e+00  -3.3788420e-04  -3.3751592e-03   6.0612048e-04
   1.6296179e-02   7.3808609e-02   3.5999496e+00  -5.7183926e-04  -3.2968191e-03   5.3317888e-04
  -7.4611064e-03   8.7678668e-02   3.6541716e+00   1.5646148e-03  -3.4352125e-03   7.4817685e-04
  -2.4787584e-02   9.4270990e-02   3.5794963e+00   1.7825018e-03  -2.6251607e-03   2.7561884e-04
   7.1384934e-03   5.8758101e-02   3.6924979e+00   1.6514793e-04  -3.4333296e-03   1.8659369e-04
  -1.5278565e-02   8.3373581e-02   3.7311017e+00   5.1723670e-05  -3.1781337e-03   7.2623547e-04
  -5.9834749e-03   7.4350529e-02   3.7321824e+00   2.4398541e-03  -3.3452932e-03   4.4037834e-04
  -5.1792107e-03   6.5221955e-02   3.6994377e+00  -7.4425899e-04  -4.3289077e-03   3.1086276e-04
  -2.5324936e-02   9.1193147e-02   3.6817930e+00  -6.4811155e-04  -3.1690740e-03   6.2454072e-04
   1.7497229e-02   9.9007482e-02   3.7411267e+00   9.9777785e-04  -2.1290289e-03   2.0333487e-04
   1.2089926e-02   8.9834602e-02   3.7024145e+00  -8.6736623e-05  -2.7896919e-03   2.9804866e-04
   2.3339722e-02   8.4830485e-02   3.7260784e+00   6.1477997e-04  -3.2461913e-03  -5.9752360e-05
   2.7275999e-02   9.8330424e-02   3.7327695e+00   4.7553078e-04  -2.8761744e-03   3.3102143e-05
   3.1434918e-02   8.6808422e-02   3.7123109e+00  -2.9650078e-04  -3.1508553e-03  -1.6366653e-05
   3.0556233e-02   7.9472176e-02   3.7300326e+00  -1.0052815e-03  -2.6558233e-03   1.3623908e-04
  -7.9292054e-03   1.2464623e-01   3.7808494e+00   1.1092240e-03  -3.3892935e-03   9.0933504e-05
   3.4298289e-02   8.1446627e-02   3.7514127e+00   1.8147106e-03  -1.3161013e-03  -2.3329815e-04
   1.0694537e-02   8.3505121e-02   3.7575548e+00   4.7159499e-04  -2.6177949e-03   1.8540112e-04
   2.0043316e-02   8.5051014e-02   3.7913969e+00   1.0110312e-03  -2.4001329e-03   5.4419253e-05
   3.1374769e-02   4.8784472e-02   3.7651736e+00   6.3761778e-04  -2.5770870e-03  -1.9407891e-04
   3.2640040e-02   7.6483129e-02   3.7779598e+00   2.9062212e-04  -2.3997768e-03  -3.8826144e-05
   8.9482093e-03   7.8464329e-02   3.8016586e+00   7.7231225e-04  -4.2690760e-03  -3.1232861e-04
   2.0888574e-02   6.7263034e-02   3.8131804e+00  -2.9317307e-04  -3.6148247e-03  -1.2156965e-04
   1.5464508e-02   7.0979881e-02   3.8352748e+00   1.5589250e-04  -3.7486162e-03  -1.5254400e-04
   3.2918294e-02   6.3887742e-02   3.8089198e+00  -5.5243368e-04  -3.1216143e-03  -9.2896132e-05
  -3.8587436e-03   1.0697597e-01   3.8680733e+00  -7.8046214e-05  -3.3328076e-03   6.8239148e-04
   1.0937119e-02   6.7499991e-02   3.8649689e+00   1.6526039e-03  -4.3581412e-03  -3.8735348e-04
   8.7311384e-03   8.1770206e-02   3.8920848e+00   3.3319917e-04  -4.0251459e-03  -5.9619684e-05
   4.3705785e-03   8.3537449e-02   3.9494180e+00   1.4232657e-03  -3.6106463e-03   1.2700898e-04
  -4.4647590e-03   8.4186898e-02   3.9143313e+00  -7.2747640e-04  -3.7036235e-03   5.6737775e-04
  -1.8768085e-02   1.2844319e-01   3.8365563e+00   7.2837530e-04  -4.2181547e-03  -7.3321884e-05
   1.2239256e-02   8.5464473e-02   3.9209454e+00   1.8568806e-05  -3.9871387e-03   1.1037507e-04
  -2.3876700e-02   1.0608536e-01   3.8480338e+00   1.5855364e-03  -3.0050951e-03   5.2776346e-04
   1.2848793e-02   8.1730210e-02   3.9269618e+00   1.0978958e-04  -4.1693806e-03   2.7174706e-04
   5.1885000e-03   8.1231841e-02   3.9538007e+00   4.9038502e-04  -3.5808948e-03   4.6121985e-04
   1.0247759e-02   8.6369948e-02   3.9388620e+00   2.4275358e-06  -4.1068615e-03   1.7320791e-04
  -2.0677603e-02   1.0194268e-01   3.9076006e+00  -4.9566602e-04  -3.2305788e-03   1.6204847e-04
  -1.1423945e-02   1.0687641e-01   3.9311464e+00  -8.2553730e-04  -3.4296781e-03   5.7263839e-04
   9.4856467e-03   9.7726100e-02   4.0245987e+00   3.4624194e-03  -3.4473866e-03  -5.6481178e-06
   2.9310065e-02   6.8446002e-02   4.0149321e+00  -4.1851181e-05  -3.3193364e-03  -2.3169512e-04
   2.6740849e-02   1.1060655e-01   4.0000524e+00  -9.3308057e-04  -2.4143860e-03  -8.0263027e-04
   2.7442116e-02   9.6607673e-02   4.0654322e+00  -4.5320815e-04  -3.3849432e-03  -3.7785254e-04
   7.0203212e-03   7.4464724e-02   4.0249504e+00  -8.4722035e-04  -3.4240887e-03  -1.7546344e-04
   3.0832455e-02   9.4408307e-02   4.0661609e+00  -6.3845687e-04  -3.4636516e-03  -8.3153951e-05
   2.1071775e-02   9.9540047e-02   4.0882729e+00  -8.8046735e-04  -3.8272467e-03  -1.7881733e-04
   4.3800255e-02   8.8537111e-02   4.0708411e+00  -6.5352807e-04  -3.5870253e-03  -4.0339756e-04
   1.2588936e-02   9.4257786e-02   4.0752724e+00  -7.7488087e-04  -4.1951321e-03   5.6314732e-05
   2.7331052e-02   9.7958011e-02   4.0832537e+00  -1.1342878e-03  -3.7249254e-03   1.1907190e-05
   2.2291003e-02   1.0311341e-01   4.0842437e+00  -7.9781168e-04  -3.7989715e-03  -6.1667378e-05
  -2.8691908e-02   1.3003690e-01   4.0013566e+00   7.9644747e-04  -2.6347363e-03   6.4695969e-04
   4.7338452e-03   1.0567074e-01   4.0724953e+00   1.3040518e-03  -3.1385467e-03   5.1535436e-04
  -1.1612779e-02   7.5083526e-02   4.0639793e+00   2.0033244e-04  -3.3547320e-03   8.1507435e-04
  -5.9246170e-03   9.4673348e-02   4.1188643e+00   1.4876764e-03  -3.7057574e-03   5.9931160e-04
   3.8182410e-03   9.1372254e-02   4.0666932e+00  -7.9219574e-05  -3.1715562e-03   6.8682926e-04
   7.1859109e-03   1.0871479e-01   4.0533931e+00   1.6051536e-04  -3.4743962e-03   1.7496761e-04
   1.1800249e-02   1.0549746e-01   4.1081653e+00  -3.6507470e-04  -3.6274184e-03   3.0060424e-04
  -2.4393507e-02   1.0356912e-01   4.0460051e+00  -5.6091266e-04  -3.0671269e-03   5.7043852e-04
  -1.6894018e-02   1.1528518e-01   4.0534033e+00   4.9736852e-04  -3.0637560e-03   5.1492797e-04
  -2.5392970e-02   1.0332294e-01   4.1444790e+00   4.6606302e-03  -4.1859805e-03   5.3378463e-04
  -3.2408494e-05   9.6683622e-02   4.1549565e+00   8.4472078e-04  -3.7156358e-03   7.2818532e-04
   3.5943527e-03   1.0949514e-01   4.1583323e+00   6.5878838e-04  -3.8799759e-03   4.6750948e-04
   5.4874004e-03   8.9742012e-02   4.1435136e+00   3.2072878e-04  -4.1944857e-03   2.8284924e-04
   2.9677850e-02   6.6494987e-02   4.1503831e+00   3.4078286e-04  -3.6331885e-03   4.7678686e-05
   3.1389641e-02   1.3087804e-01   4.1076551e+00   2.7389884e-04  -2.7369426e-03  -6.5274639e-04
   3.2600489e-02   8.3724101e-02   4.1962862e+00   1.2700254e-03  -3.9257101e-03  -3.5965655e-04
   1.1509485e-02   9.7085495e-02   4.1053511e+00  -1.4104932e-04  -3.2244298e-03  -4.4426311e-04
   4.4222030e-02   1.0372116e-01   4.2473132e+00   5.9408070e-04  -3.4723520e-03  -5.3346800e-04
   3.5226848e-02   1.1739896e-01   4.2331414e+00   6.0002839e-06  -3.4692086e-03  -7.5907809e-05
   4.0468892e-02   9.7616834e-02   4.2318413e+00   7.8869816e-04  -3.1918262e-03  -9.8532191e-05
   4.1925136e-02   6.9423294e-02   4.2172391e+00   7.8033422e-05  -3.3618399e-03  -1.9566189e-04
   1.9574220e-02   1.1312625e-01   4.2653625e+00   8.8305021e-04  -3.3273465e-03   2.8483860e-04
   2.2536966e-02   1.0490766e-01   4.2518110e+00   2.8764170e-03  -3.0624072e-03  -3.5874759e-04
   3.3568087e-02   7.7500948e-02   4.2339038e+00  -7.1323721e-04  -3.6452170e-03  -3.0221688e-04
  -1.7763024e-03   1.2534472e-01   4.2538286e+00   4.5773084e-05  -3.2048866e-03   1.5712700e-04
   2.7792029e-02   1.0515340e-01   4.3286206e+00   1.6316921e-03  -4.2431399e-03  -7.4862188e-05
   1.3418221e-02   8.8490177e-02   4.2365023e+00   7.0815180e-04  -3.4779996e-03  -4.1019304e-04
   1.0312906e-02   1.2327368e-01   4.2689039e+00  -6.3406181e-04  -4.0417090e-03   1.8291083e-04
   3.0558438e-02   9.7042473e-02   4.3294303e+00   1.1175367e-03  -4.0734119e-03  -1.3698430e-04
   5.0497919e-02   1.0969283e-01   4.2623195e+00   2.8593495e-03  -3.0543031e-03  -1.1635028e-03
   3.5656502e-02   9.0843400e-02   4.3376166e+00   4.4566009e-04  -3.7409986e-03  -4.1905589e-04
   2.0645880e-02   1.2944015e-01   4.3223372e+00   7.8591215e-04  -3.2304817e-03  -5.8742404e-05
   2.9062541e-02   9.6311810e-02   4.3003209e+00   1.0221685e-04  -3.3194987e-03  -4.0802281e-04
   3.5311561e-02   1.0898641e-01   4.3314725e+00   3.6934778e-04  -3.3162949e-03   1.7680121e-05
   7.4077480e-03   8.9103820e-02   4.3219590e+00  -2.6929136e-04  -3.0869563e-03   5.8281613e-04
   1.2544195e-02   1.2272639e-01   4.3789805e+00   2.8195408e-03  -3.9893465e-03   4.4944780e-04
  -2.7157716e-03   4.0352078e-02   4.3248770e+00  -1.0327626e-03  -4.3716983e-03   6.0241161e-04
  -2.2296646e-02   1.2519831e-01   4.3290180e+00  -1.5690244e-03  -3.6478673e-03   1.2476329e-03
  -9.0090754e-03   9.7666815e-02   4.4152552e+00   1.8465773e-03  -4.7065521e-03   7.8440919e-04
  -3.2573402e-02   6.0396965e-02   4.4009859e+00  -3.6783325e-04  -3.9982758e-03   4.2918036e-04
   1.0288773e-02   1.3186501e-01   4.4701842e+00   6.3519340e-04  -4.5501588e-03   3.4192221e-04
   2.1859029e-02   1.0904165e-01   4.4417627e+00  -4.6824543e-04  -3.9575000e-03   3.7626404e-05
  -1.4750356e-02   1.2872426e-01   4.4709856e+00   1.2360015e-03  -4.7633121e-03   4.6430175e-04
  -1.7769845e-02   1.1788699e-01   4.4133391e+00  -8.8211415e-04  -4.3689602e-03   5.2189656e-04
  -2.8309287e-02   1.2519476e-01   4.4341961e+00   1.0685234e-03  -5.1933780e-03   8.3780600e-04
  -6.4111182e-04   1.1651304e-01   4.4346591e+00   4.0891117e-03  -3.1278665e-03   2.7115340e-04
  -1.3207012e-02   1.2183984e-01   4.5231579e+00   5.5674473e-04  -4.4946191e-03   5.1026567e-04
   1.7508637e-03   1.1277281e-01   4.4803230e+00  -5.3567335e-04  -4.0192598e-03   6.3452270e-04
   2.6232454e-02   1.1972917e-01   4.4668508e+00  -1.1103610e-03  -4.0685120e-03   2.3624844e-04
   2.7807373e-02   1.1538584e-01   4.4936111e+00  -8.2833213e-04  -3.9515671e-03   1.6588946e-04
  -1.3666147e-02   1.5352796e-01   4.4138308e+00  -1.9025681e-03  -3.8898309e-03   5.8240459e-04
  -2.5968748e-02   1.1529822e-01   4.4777206e+00  -3.4677852e-04  -5.1908246e-03   1.0444181e-03
  -2.5228682e-02   1.3413545e-01   4.4544970e+00   2.0633249e-03  -3.5745631e-03   1.1364705e-03
  -1.3733640e-02   1.0983101e-01   4.5174984e+00   1.6074502e-04  -4.4032452e-03   8.3762081e-04
  -4.8009655e-02   1.1833078e-01   4.4896109e+00   8.4678711e-04  -4.6181067e-03   1.0360283e-03
  -1.5085862e-02   1.0254341e-01   4.5135977e+00   1.5925064e-04  -4.6544058e-03   6.9632699e-04
  -8.5023203e-03   1.0276013e-01   4.5120678e+00  -9.5468419e-04  -4.4952918e-03   6.9748359e-04
   4.1424810e-04   1.0452696e-01   4.5271081e+00  -6.3075592e-04  -4.4054269e-03   6.9876802e-04
  -1.9879875e-02   1.1779633e-01   4.5596328e+00   2.8610614e-05  -4.5467527e-03   9.4671226e-04
  -1.3963232e-02   1.0135680e-01   4.5536095e+00  -8.5277509e-04  -4.8177377e-03   5.9202717e-04
  -2.2930637e-02   1.1083177e-01   4.5360742e+00  -1.3193328e-03  -4.3083715e-03   8.8243452e-04
  -1.4345454e-03   1.0313917e-01   4.5632185e+00  -1.8323165e-03  -5.2334625e-03   1.6851788e-04
  -3.8301364e-02   1.2091924e-01   4.5246919e+00  -2.2729708e-03  -3.9861413e-03   1.0261360e-03
  -3.0674418e-03   1.0704812e-01   4.5602125e+00   5.8056393e-04  -4.8647120e-03   8.1845553e-04
  -3.8648926e-02   1.2681870e-01   4.5166088e+00   4.8681330e-04  -3.7938189e-03   1.1457211e-03
   4.8133973e-04   1.0396290e-01   4.6014909e+00  -5.7003118e-04  -4.2841484e-03   4.4903281e-04
   1.1017543e-02   1.0573640e-01   4.5893532e+00  -5.3657843e-04  -3.8357884e-03   3.9505862e-04
   3.2591872e-03   1.1262633e-01   4.5877700e+00  -1.7407843e-03  -3.5221153e-03   8.2045428e-04
   1.8346056e-02   1.1448061e-01   4.5968576e+00  -1.1092951e-03  -3.8281834e-03   4.8309837e-04
   9.9730369e-03   1.1633437e-01   4.5953192e+00  -1.0563029e-03  -3.7722660e-03   6.9719500e-04
   1.3324519e-02   1.1055155e-01   4.5842536e+00  -1.0945916e-03  -4.0259524e-03   5.8794555e-04
   2.9641351e-03   1.3086494e-01   4.6501169e+00   1.0819050e-03  -3.7366251e-03   4.9023181e-04
  -2.5031806e-02   1.2848438e-01   4.6254496e+00  -1.0416374e-03  -4.3784097e-03   1.0101212e-03
  -4.8068078e-02   1.0858047e-01   4.6899538e+00   3.3967297e-03  -4.8182785e-03   1.3722183e-03
   8.8189140e-03   9.0955458e-02   4.6689105e+00  -7.0000632e-04  -4.8371360e-03   2.2742074e-04
   1.8942222e-03   1.1413676e-01   4.6863347e+00  -1.9473263e-04  -4.5227355e-03   7.2516785e-04
  -5.6650131e-03   9.8657399e-02   4.6698419e+00  -3.4681392e-04  -4.6445584e-03   8.9545741e-04
  -1.7430011e-03   9.7124690e-02   4.7574898e+00   1.5199345e-04  -4.4513119e-03   9.0547744e-04
  -1.6035065e-03   1.0784743e-01   4.7116564e+00  -8.8378196e-04  -4.0076618e-03   8.8973533e-04
  -4.4136695e-02   1.2809715e-01   4.7034316e+00  -6.1370919e-04  -5.5420032e-03   8.5571827e-04
  -6.3155351e-02   1.2095733e-01   4.7021863e+00  -4.1331809e-04  -4.8159560e-03   1.1142405e-03
   2.6584657e-03   1.0977325e-01   4.7589829e+00  -5.4241737e-04  -4.6536799e-03  -6.4799649e-05
   9.0763381e-03   1.2643717e-01   4.7615332e+00  -4.5101398e-04  -4.6038087e-03   5.2512397e-05
   2.3775070e-04   8.9419194e-02   4.7751214e+00  -8.2484931e-04  -4.2538521e-03   3.9853570e-04
   7.5965219e-03   1.4092899e-01   4.8022231e+00  -1.7551412e-04  -3.9878745e-03   6.5323295e-04
   6.0135793e-03   1.3188335e-01   4.7512320e+00   1.0665608e-03  -4.1418075e-03   5.4043968e-04
   3.0657775e-03   1.0531751e-01   4.7506620e+00  -1.5283920e-03  -4.3450223e-03   4.2464963e-04
  -1.0243178e-02   1.4168239e-01   4.8329272e+00  -4.4916721e-04  -3.1546055e-03   4.8413728e-04
   1.0970459e-02   1.4480312e-01   4.8189149e+00  -8.1044083e-04  -4.0434846e-03   4.0542518e-04
  -1.7388066e-02   1.0209856e-01   4.7492738e+00  -6.6219310e-04  -4.0277068e-03   5.0845639e-04
  -1.6165785e-02   1.1866058e-01   4.7934045e+00  -7.5462475e-04  -4.3466831e-03   7.6570444e-04
  -2.1432839e-02   1.1402804e-01   4.8540025e+00   2.7935323e-03  -4.5355093e-03   7.2613905e-04
  -2.1970025e-04   1.1785116e-01   4.8480013e+00  -1.0922165e-03  -4.2652619e-03   4.9620410e-04
   1.8143963e-02   1.1811435e-01   4.8347111e+00  -1.5671051e-03  -3.8107363e-03   5.0787545e-04
   3.9491462e-02   1.3382428e-01   4.8451363e+00  -1.5822602e-03  -3.6815080e-03   3.4665104e-06
  -1.5424850e-02   1.5123986e-01   4.8205896e+00  -2.7342905e-03  -3.7116794e-03   1.0574142e-03
  -9.5037088e-03   1.3250247e-01   4.8590638e+00  -6.8962588e-05  -5.3348150e-03   3.9320500e-04
  -2.5478006e-02   1.3313117e-01   4.7238243e+00  -1.9364836e-03  -4.3610251e-03   3.8574615e-04
  -1.6627102e-02   1.4148483e-01   4.8695264e+00   1.0002452e-03  -5.7062644e-03   6.9744830e-04
  -4.3965863e-02   1.4305999e-01   4.8915310e+00  -3.8315881e-06  -4.4808430e-03   1.1314781e-03
   1.1455672e-02   1.3995702e-01   4.9111814e+00  -9.1349993e-04  -4.6358629e-03   5.0439936e-04
   7.3464633e-03   1.5655467e-01   4.9715742e+00   4.0350894e-04  -4.4504866e-03   7.2177677e-04
   1.9070649e-02   1.5904107e-01   4.9395803e+00   8.5199786e-04  -4.1037286e-03   4.9936461e-04
   1.1920605e-03   1.1523275e-01   4.9147075e+00   4.2533711e-04  -4.3500588e-03   2.1736152e-05
  -6.2075870e-04   1.0777986e-01   4.9567099e+00   3.4785698e-04  -4.9791170e-03   5.7703255e-04
  -3.5351077e-02   1.0974726e-01   4.8659813e+00  -2.4589743e-03  -4.0350406e-03   1.1340781e-03
  -9.3033632e-03   1.1193467e-01   4.9003374e+00   7.6633886e-04  -4.7881159e-03   3.9798928e-04
  -4.3070500e-02   1.3588153e-01   4.9353157e+00   7.1501506e-04  -4.7054085e-03   1.3486567e-03
   1.2100621e-02   1.2176546e-01   4.9625183e+00  -1.0897154e-03  -4.3326168e-03   2.4838666e-04
   1.7044487e-02   1.1428972e-01   4.9684042e+00  -1.5141926e-03  -3.8845146e-03   3.8214838e-04
   3.2747700e-02   1.2527124e-01   4.9780926e+00  -1.6660313e-03  -4.0226585e-03   1.8311147e-04
   2.8647292e-02   9.5412318e-02   4.9458278e+00  -2.1385423e-03  -4.0371476e-03   2.4733318e-04
   3.1288271e-02   1.2169815e-01   4.9580723e+00  -2.1117962e-03  -3.9206968e-03   2.9783001e-04
   3.4479457e-02   1.1113575e-01   4.9784805e+00  -1.4735577e-03  -3.8519120e-03   1.5272661e-04
  -5.0900171e-03   1.2531547e-01   4.9180287e+00   5.3069704e-05  -3.2042003e-03   9.1170935e-04
   6.8342373e-03   9.5181109e-02   4.9385416e+00  -1.2095786e-03  -4.1162655e-03   4.2637112e-04
  -2.3909448e-03   1.3481307e-01   4.9850495e+00  -9.9134071e-04  -4.1827118e-03   4.5619225e-04
   2.1569264e-02   1.4613123e-01   4.9557448e+00   1.4496393e-03  -2.8181976e-03   1.0090884e-06
   3.5338970e-02   1.2532607e-01   5.0324265e+00   8.7532390e-04  -3.3291778e-03  -9.4654902e-05
   4.6348419e-02   1.3868377e-01   5.0437948e+00   3.6919772e-04  -2.9870092e-03  -2.0122644e-04
   4.9756306e-02   1.2164146e-01   5.0422525e+00   4.2361734e-04  -2.7668455e-03   1.1930812e-05
   5.0758125e-02   1.2192577e-01   5.0319279e+00   8.0636045e-04  -3.5803022e-03  -7.6252298e-05
   4.4731629e-02   1.1800610e-01   4.9969409e+00  -6.1080865e-04  -3.5523687e-03   2.8437400e-05
   6.2605691e-02   1.1227474e-01   5.0134048e+00  -1.0113646e-03  -3.3439201e-03  -1.0972774e-04
   4.8085287e-02   1.2885488e-01   5.0389591e+00  -9.0115238e-04  -3.3511592e-03   1.7801592e-04
  -1.4020006e-02   9.4052408e-02   5.0813523e+00  -1.7944160e-03  -4.5658659e-03   6.8692027e-04
   1.8835948e-02   1.1219084e-01   5.0504769e+00  -2.5141975e-03  -4.5650452e-03  -2.5930605e-04
   6.3136422e-03   9.9177682e-02   5.0646142e+00  -1.4535913e-03  -4.5937776e-03   1.8333930e-04
   9.6696822e-03   1.2235833e-01   5.0864470e+00  -1.5378089e-03  -4.4339104e-03   2.7659888e-04
   2.6457696e-02   1.5249395e-01   5.1634278e+00   3.1867431e-03  -3.1484405e-03   5.0890727e-05
   2.6416191e-02   1.4663767e-01   5.0810644e+00  -2.1029084e-03  -4.2943334e-03  -9.9451849e-04
  -1.5161777e-02   1.6199117e-01   5.2232859e+00   4.6200364e-04  -4.6315662e-03  -4.4896708e-04
   5.7585574e-02   1.1099806e-01   5.2109741e+00  -3.7758321e-03  -1.6394345e-04   2.7532308e-04
   4.3904139e-02   9.0421938e-02   5.1445844e+00  -4.0804419e-03  -2.6686659e-03   2.5709025e-04
   5.4703294e-02   1.1114051e-01   5.1641532e+00  -3.2524749e-03  -2.4742429e-03   4.8997813e-04
   7.0485106e-02   1.3496323e-01   5.1639707e+00  -2.9722535e-03  -2.6194803e-03  -5.4421818e-05
   4.9660906e-02   1.2339114e-01   5.1628407e+00  -3.5303293e-03  -2.9318123e-03   5.0587320e-06
   5.2895939e-02   1.2549369e-01   5.1368163e+00  -2.4383368e-03  -2.8097167e-03   1.5899017e-04
   4.9438183e-02   1.3521230e-01   5.1503857e+00  -3.0108218e-03  -3.2709679e-03   1.9185107e-05
   3.8219004e-02   1.2066359e-01   5.1863640e+00  -2.4291521e-03  -3.6611316e-03   1.0840725e-04
   1.8779821e-02   1.4592205e-01   5.1670220e+00  -1.1711082e-03  -4.1586361e-03  -3.4945629e-04
   1.3432006e-02   1.5530220e-01   5.2424913e+00  -1.0590101e-03  -4.7124131e-03  -4.0164954e-05
   3.5992000e-02   1.3991431e-01   5.2586962e+00  -1.6747479e-03  -3.7622985e-03  -2.3378940e-04
   3.3521213e-02   1.3276449e-01   5.3036047e+00  -1.4407180e-03  -3.9444062e-03  -1.6236258e-04
