   0.0000000e+00   0.0000000e+00   6.7022630e-15  -1.2195319e-19   1.9836121e-18   2.4190782e-37
   2.7854534e-02   4.2959999e-03   1.0204953e-02  -4.9808949e-04   1.1259905e-04  -1.3458630e-03
   1.5801160e-02   9.3028809e-03  -5.3718007e-02  -1.0896105e-03   2.5521575e-05  -5.1133906e-04
   3.4273487e-02  -1.9253332e-02  -1.3258608e-02  -1.1748790e-03   1.3435265e-03  -5.8373029e-04
   4.2549919e-02  -1.1571549e-02  -3.6018018e-02   1.6256604e-03   1.9848508e-03  -1.5022298e-03
   2.2360249e-02  -2.3197479e-02  -2.0446412e-02  -9.8863315e-05   1.2877449e-03  -9.0384840e-04
   4.4375860e-02  -3.0359306e-02  -2.6438903e-02  -9.0608607e-04   1.2600540e-03  -8.4998041e-04
   2.9816396e-02  -8.0227140e-03  -3.7456253e-02  -1.2543916e-03   1.2302790e-03  -6.6704330e-04
   4.8614203e-02  -2.5505174e-02  -7.0109548e-02  -1.1245224e-03   1.5604547e-03  -1.3887566e-03
   3.5815550e-02  -2.8498347e-02  -6.1526432e-02  -1.4810496e-03   1.1096216e-03  -1.2413674e-03
   3.0259019e-02  -9.4674235e-03  -2.8133153e-02  -2.0868264e-03   9.8649146e-04  -6.9452775e-04
   3.8021531e-02  -3.2054498e-02  -8.9425973e-02  -1.4008405e-03   9.7858270e-04  -9.4667715e-04
   2.2184800e-02  -2.0850306e-02  -7.0593792e-02  -1.8667778e-03   1.0647890e-03  -5.4618114e-04
   2.7573537e-02  -3.5500663e-02  -3.6891591e-02  -2.3187868e-03   7.2786114e-04  -4.9762863e-04
   2.6147224e-02  -4.9520080e-02  -6.0840655e-02  -2.1147186e-03   9.6651862e-04  -6.1423083e-04
   2.3279937e-02  -5.1129114e-02   5.1543580e-02  -1.1889974e-03   4.4266433e-04  -5.0270128e-04
   7.1186993e-03  -5.6038785e-02  -2.5057364e-02  -2.3579081e-03   1.2614647e-04  -1.5822933e-04
   2.8478936e-02  -4.7997305e-02  -1.9597906e-02  -1.4595947e-03   7.0561817e-04  -6.8502137e-04
   3.9667918e-02  -2.7474086e-02   2.6817536e-02  -1.5652683e-03   3.9743985e-04  -1.0077242e-03
   1.8966018e-02  -4.2953141e-02  -9.6155322e-03  -2.0317641e-03   3.0881702e-04  -7.0778235e-04
   5.0574936e-03  -3.7103706e-02  -3.1966941e-02  -2.1124972e-03   3.2869276e-04  -5.2096508e-04
   3.1899616e-02  -1.5320040e-02   3.8999131e-03  -1.9284218e-03   4.3276988e-04  -7.1387967e-04
  -1.4255503e-03  -3.5384071e-02  -3.9312203e-02  -2.6039849e-03   3.9367705e-04  -3.4019548e-04
   4.0801736e-03  -4.7694283e-02   9.1719996e-02  -3.8871224e-04   7.5781524e-04  -3.3909579e-04
   1.4708111e-02  -3.5820523e-02  -1.1474875e-03  -2.6760673e-03   3.5613655e-04  -5.7297140e-04
   3.9287276e-03  -3.7709546e-02  -1.6061286e-02  -2.0353760e-03   4.4415045e-04  -4.2599634e-05
  -2.7861717e-03  -2.8505816e-02   4.3234323e-02  -2.2887232e-03   2.8579809e-04  -3.4527334e-04
   3.7916173e-03  -4.5883519e-02  -3.0278326e-02  -2.4665080e-03   4.7022284e-04  -6.3052336e-04
  -2.1989012e-02  -1.7823226e-02   1.5569363e-02  -2.2100196e-04   8.7394313e-04  -5.9423725e-04
  -8.7261564e-03  -2.7505698e-02  -5.6697343e-02  -1.7582294e-03   1.2101702e-03  -1.9897423e-04
   1.9053281e-04  -4.9382037e-02  -5.9168454e-02  -1.4120100e-03   1.1825770e-03  -5.8416130e-04
  -3.9718138e-03  -3.1450980e-02  -4.6800183e-02  -1.7431708e-03   7.1281278e-04  -3.9968874e-04
  -7.6785554e-03  -5.4346877e-02  -4.9562692e-02  -2.2116177e-03   7.4038780e-04   3.7113788e-05
  -2.4570610e-02  -8.1976967e-03  -3.6372262e-02  -1.6911940e-03   8.2936443e-04   3.9790502e-04
  -1.1273822e-02  -3.9665407e-02   3.1208794e-03  -2.4869634e-03   8.4178783e-04  -2.1507397e-04
  -1.0737783e-02  -3.7654209e-02   4.1399062e-02  -1.5059675e-03   7.3868276e-04  -3.5682921e-04
  -8.8970962e-03  -4.1809691e-02   1.1071981e-02  -1.9907468e-03   1.1002044e-03  -4.6796489e-04
  -1.8983326e-03  -2.4975093e-02   1.9885840e-02  -2.0297181e-03   7.9162305e-04  -4.1167571e-04
   6.7675632e-03  -3.5567177e-02   1.3712133e-02  -2.1305962e-03   1.0726378e-03  -7.5602563e-04
  -4.6775785e-04  -4.2874264e-02   2.7677799e-02  -2.2341140e-03   8.0338242e-04  -3.5027016e-04
  -2.2752018e-03  -2.6331515e-02   1.9910159e-02  -2.3291457e-03   5.6771172e-04  -5.2099313e-04
  -2.5237407e-02  -4.3131427e-02   8.5992670e-02  -1.0795705e-03   7.3938966e-04   6.1489011e-05
  -1.9578195e-02  -5.1891690e-02   1.8147028e-02  -2.3942382e-03   1.7960555e-04  -2.6498923e-04
  -8.0369234e-03  -3.6682233e-02   1.5830115e-02  -2.1274457e-03   6.3838594e-05  -5.5461752e-04
  -1.0008903e-02  -3.5851945e-02   3.4969729e-02  -1.5861618e-03   2.8576594e-04  -3.3788105e-04
  -1.5939890e-02  -1.7447687e-02   5.8608846e-02  -1.6696817e-03   2.9774511e-04  -3.2920717e-04
  -1.4644792e-02  -5.4901415e-02   2.2027624e-02  -2.4404456e-03  -6.1332653e-05  -4.4885234e-04
  -2.7070334e-02  -4.1297273e-02   3.0377369e-02  -1.9030276e-03   1.5034216e-04  -2.8471335e-04
  -2.0417094e-03  -4.5077930e-02   3.8898040e-02  -1.4779687e-03   1.7495504e-04  -3.6934701e-04
  -1.8516587e-02  -6.9312938e-02   5.1390394e-02  -1.4323708e-03   1.3883821e-04  -2.8524284e-04
  -1.9150336e-02  -3.2313437e-02   3.3254377e-02  -1.7555717e-03   1.1891982e-04  -2.9422107e-04
  -1.6013189e-02  -4.1085108e-02   2.9936725e-02  -2.1856904e-03   2.1712483e-04  -3.7296514e-04
  -4.3828564e-02  -3.1729567e-02   8.8816029e-02  -1.4451151e-03   2.7437186e-04   1.3627624e-04
  -1.5802091e-02  -6.3744348e-02   5.9668081e-02  -2.4422121e-03  -1.3497443e-04  -4.9669269e-04
  -2.2683851e-03  -4.3442728e-02   6.5834463e-02  -1.6994946e-03   5.0852800e-04  -5.0930537e-04
  -8.1419405e-03  -4.4470516e-02   6.9445715e-02  -1.8862344e-03   4.2214113e-04  -6.4940064e-04
   9.4007042e-03  -3.0917829e-02   5.1489956e-02  -2.3806021e-03   1.5758678e-04  -7.7413545e-04
  -2.2566632e-02  -2.2840613e-02   6.4748387e-02  -2.4073960e-03   1.6954460e-04  -6.2486827e-04
  -1.5981846e-02  -5.8959714e-02   4.0478842e-02  -2.9680012e-03  -2.5675009e-05  -5.7051091e-04
  -2.5690368e-02  -2.7284079e-02   7.8058483e-02  -2.2394467e-03  -1.2589423e-04  -6.4434103e-04
  -2.0699900e-02  -3.0643545e-02   6.1081270e-02  -2.1145017e-03   3.8527512e-04  -1.4818063e-04
  -2.3258456e-02  -4.2472191e-02   9.7622534e-02  -1.8119642e-03   1.3257141e-04  -4.0545150e-04
  -1.5696000e-02  -4.1610591e-02   8.6269240e-02  -1.9301428e-03   1.7936331e-04  -4.3231393e-04
  -7.6755470e-03  -5.1003528e-02   6.6509973e-02  -2.6198411e-03   8.8396644e-05  -7.3392566e-04
  -2.0396731e-02  -6.1078215e-02   9.2856864e-02  -2.1147289e-03   3.1887603e-04  -4.4377938e-04
  -1.5962106e-02  -4.6035238e-02   6.6845353e-02  -2.5816949e-03   4.8452849e-04  -4.5735753e-04
  -2.0375200e-02  -2.3512480e-02   5.9955787e-02  -3.1060856e-03   2.1561803e-04  -1.8256260e-04
  -2.1473810e-02  -3.2083650e-02   9.5517409e-02  -2.1910571e-03   3.1075297e-04  -6.2847530e-04
  -3.2334551e-02  -4.2499318e-02   1.1413039e-01  -2.8695232e-03  -3.7191430e-04  -2.7515878e-04
  -1.3210519e-02  -3.8682643e-02   1.1352520e-01  -2.1363237e-03   1.1465477e-04  -5.3274463e-04
  -1.9873427e-02  -4.1527429e-02   1.3946712e-01  -1.9573412e-03   3.1968193e-04  -4.6786517e-04
  -2.1536042e-02  -1.8252032e-02   1.2985867e-01  -2.0595743e-03  -9.9793389e-05  -5.8646927e-04
  -3.2210856e-02  -3.6167578e-02   1.1126957e-01  -2.4417419e-03  -5.2121789e-05  -3.7569435e-04
  -2.0364738e-02  -3.0041684e-02   1.4496874e-01  -2.0401971e-03   1.4787033e-04  -6.2705291e-04
  -4.0288032e-02  -3.4606517e-02   1.4469728e-01  -1.7666181e-03   3.6045374e-04  -6.0512601e-04
  -2.2629382e-02  -4.8640013e-02   1.8434081e-01  -1.9499129e-03  -5.4385403e-05  -8.1503714e-04
  -2.5271042e-02  -9.7077958e-03   1.6779626e-01  -2.0955126e-03   2.8203865e-04  -7.0235622e-04
  -4.7241273e-02  -1.9757997e-02   1.4456226e-01  -2.3720076e-03   1.8994828e-04  -2.5340487e-04
  -4.5594608e-02  -1.5945413e-02   1.4848104e-01  -1.8174662e-03   1.7347609e-04   3.5892445e-04
  -4.5977846e-02  -3.8737254e-02   1.8147704e-01  -2.0502666e-03   4.8599531e-05  -5.2338360e-04
  -3.6866500e-02  -2.5521914e-02   1.6135582e-01  -2.1402818e-03   1.1978366e-04  -1.0656802e-04
  -1.0439684e-01  -1.7281497e-01   1.0291173e-01  -8.9232111e-03   2.2009537e-03  -7.0738897e-04
  -3.2411639e-02  -7.7673390e-02   2.6487932e-01  -6.8437198e-03   6.1320463e-03   5.1455231e-04
  -3.0645142e-03  -9.7167159e-02   2.0162802e-01  -8.8747670e-03   5.8868163e-03   3.0718446e-04
  -4.2665046e-02  -8.7539888e-02   1.7394377e-01  -7.4349611e-03   3.7525340e-03  -5.1710354e-04
   5.9740459e-03  -6.9960376e-02   4.4899862e-01  -9.3151227e-03   6.7426683e-03   1.8139866e-04
   3.7264046e-03  -6.5724162e-02   3.8027246e-01  -1.2448693e-02   4.5957434e-03   4.1682025e-04
  -2.8003492e-02  -7.3807157e-02   4.6622550e-01  -1.0693367e-02   3.5513776e-03   5.9990712e-04
  -8.5939423e-03  -6.0675353e-02   4.3714029e-01  -1.0861657e-02   4.0034616e-03   3.3023645e-04
  -2.9762571e-02  -6.3045333e-02   5.1164091e-01  -9.5292674e-03   3.3349527e-03   7.1321858e-04
  -2.1815923e-02  -7.0422557e-02   4.6760195e-01  -1.1170431e-02   3.8306256e-03   6.0207371e-04
  -2.6630986e-02  -7.4507346e-02   4.8042558e-01  -1.1104196e-02   3.3163586e-03   2.7364652e-04
  -1.6511608e-02  -6.6897271e-02   5.2319006e-01  -1.1150601e-02   3.3187294e-03   2.2398570e-04
  -3.2373504e-02  -6.5440243e-02   5.9693720e-01  -1.1751404e-02   1.4477977e-03   2.6798069e-04
  -1.9503367e-02  -5.6098514e-02   5.1503334e-01  -1.2714193e-02   2.6520389e-03   4.3716963e-04
  -1.8299531e-02  -4.0664117e-02   4.2371922e-01  -6.6634890e-03   5.2712480e-03   2.9963172e-04
  -1.8143396e-02  -5.8284672e-02   4.5922253e-01  -6.9446987e-03   4.0242161e-03  -5.8513383e-05
  -1.6395297e-04  -6.5904947e-02   4.6197210e-01  -5.7893389e-03   4.2846977e-03   8.8066285e-05
  -9.5151016e-03  -5.5452218e-02   4.4957609e-01  -6.5499185e-03   4.2236151e-03  -1.3128156e-04
  -8.5342295e-03  -3.1049513e-02   5.0871358e-01  -5.5435787e-03   3.7320249e-03   2.4224500e-04
  -9.1595026e-03  -6.9820077e-02   4.6189668e-01  -7.0408569e-03   3.6671355e-03   1.2891412e-04
  -2.2836669e-02  -4.2355022e-02   4.9118739e-01  -6.7045931e-03   3.5578962e-03   2.2854230e-04
  -2.3183652e-02  -4.8631586e-02   5.1821958e-01  -7.0736402e-03   3.4543621e-03   3.1926550e-04
  -1.7183655e-02  -4.0857672e-02   5.2657609e-01  -6.8462036e-03   3.5425973e-03   5.1098079e-04
  -2.0607782e-02  -3.6737682e-02   5.4881985e-01  -5.4280985e-03   3.3922455e-03  -2.5706082e-05
  -1.0126714e-02  -4.2164228e-02   5.2118992e-01  -6.1419052e-03   3.6571786e-03   2.0764473e-04
  -4.4804305e-03  -2.9751266e-02   5.8117231e-01  -5.2658110e-03   3.9704190e-03  -5.0444213e-04
  -3.9720846e-04  -6.5482455e-02   5.3584083e-01  -6.2104675e-03   3.4793436e-03  -2.5393414e-04
  -2.3583373e-02  -2.3970320e-02   5.7563525e-01  -6.0769684e-03   3.5631879e-03  -2.0929869e-05
  -1.2325131e-02  -3.8166649e-02   5.5857378e-01  -5.9844898e-03   3.8965752e-03  -1.8633225e-04
  -1.8267172e-02  -3.3124294e-02   5.8545012e-01  -5.5362343e-03   3.7532217e-03  -1.0124009e-04
  -1.0400931e-02  -3.5830059e-02   5.6489915e-01  -5.5845881e-03   3.8977668e-03   7.6653033e-06
  -8.5459380e-03  -4.5662397e-02   5.7037724e-01  -5.5848062e-03   3.5472339e-03  -1.4208902e-04
  -2.5787228e-02  -4.4876545e-02   6.2463785e-01  -6.5944151e-03   2.7882048e-03  -8.0536667e-05
  -1.2334856e-02  -2.6417642e-02   5.9991486e-01  -6.4454305e-03   3.7008686e-03  -9.7013122e-05
  -1.0263689e-02  -5.0342437e-02   6.0544968e-01  -6.1659968e-03   3.3942336e-03  -1.2948687e-04
  -2.9057436e-03  -3.5042307e-02   5.9875550e-01  -6.2783206e-03   3.3778049e-03  -4.5936206e-04
  -8.4305972e-03  -5.6532260e-02   6.0229032e-01  -6.6291845e-03   3.5170066e-03  -1.3783319e-04
  -1.0290014e-03  -4.0460963e-02   6.2365838e-01  -6.0476714e-03   3.6792200e-03  -6.1544583e-04
  -1.2855126e-02  -4.4290312e-02   6.4637172e-01  -5.4793904e-03   3.5212254e-03  -2.7791462e-04
  -1.4179290e-02  -2.5183457e-02   6.8332953e-01  -4.7416409e-03   3.2700414e-03  -5.9852036e-04
  -8.5890448e-03  -2.5026723e-02   6.5073753e-01  -6.1023992e-03   3.7015007e-03  -3.9282549e-04
  -1.3837108e-02  -3.2953414e-02   7.1609995e-01  -5.2781867e-03   3.7988245e-03  -5.2343815e-04
   4.7774630e-03   5.7689888e-04   7.2439806e-01  -5.5271321e-03   3.4874378e-03  -6.9217639e-04
  -1.5600337e-02  -3.0015658e-02   6.7642794e-01  -6.7287971e-03   3.1824585e-03  -2.4201289e-04
  -1.5545367e-02  -3.0392157e-02   6.7642916e-01  -6.6363320e-03   3.4584328e-03  -2.9561386e-04
  -9.8861433e-03  -1.4819005e-02   6.7839109e-01  -6.6653598e-03   3.8425549e-03  -3.5702970e-04
  -3.5626516e-02  -1.4910999e-02   7.0925887e-01  -7.0549235e-03   3.1604667e-03  -1.1921731e-04
  -3.3849783e-02  -2.6990375e-02   6.8274581e-01  -6.8544473e-03   3.3118230e-03  -1.4442728e-04
  -2.7781054e-02  -4.3502861e-02   7.0549034e-01  -6.3047661e-03   3.2571440e-03  -1.9185110e-04
  -1.4091832e-02  -8.1002362e-03   7.8355999e-01  -4.2249304e-03   4.0319969e-03  -1.8027900e-04
  -4.1140631e-02  -1.3438047e-02   7.6021112e-01  -6.0211335e-03   3.3192260e-03   7.7961821e-07
  -1.3152611e-02  -2.7905969e-02   7.4960445e-01  -5.3884563e-03   3.5630126e-03  -4.9333945e-04
   2.4427268e-03  -9.0600290e-03   7.6248694e-01  -5.0072825e-03   3.1621679e-03  -1.0463055e-03
  -1.5671854e-02   1.6739277e-02   7.8443767e-01  -5.3531340e-03   3.0241204e-03  -6.2755350e-04
  -1.4453705e-02  -1.8197028e-02   8.4805368e-01  -4.6677140e-03   3.3324717e-03  -5.1222509e-04
  -2.4880337e-02  -1.3915148e-02   7.7563381e-01  -5.7327841e-03   3.1627478e-03  -3.5096240e-04
  -2.2744721e-03  -1.5736080e-02   7.9422279e-01  -6.6172070e-03   2.4693156e-03  -6.3503034e-04
   3.7334342e-04  -1.4255089e-02   7.8765694e-01  -6.7224232e-03   2.5230729e-03  -1.0119629e-03
  -6.5777835e-03   5.6246786e-03   8.1080851e-01  -6.2103467e-03   2.3921739e-03  -7.4428660e-04
  -9.2765386e-03   9.1500698e-03   8.1064368e-01  -6.4241027e-03   2.7879961e-03  -6.6086141e-04
  -7.6617212e-04  -1.2213510e-02   8.2601396e-01  -6.1032539e-03   2.0749187e-03  -8.5196839e-04
  -9.1073894e-03  -4.6137188e-03   8.3979176e-01  -7.3354496e-03   2.5964454e-03  -6.8969216e-04
  -1.8240844e-02  -2.0649535e-02   8.1881122e-01  -6.6576676e-03   2.4437268e-03  -5.9513357e-04
  -1.6128397e-02  -4.0410848e-03   8.4504696e-01  -6.2641501e-03   2.4510926e-03  -6.2209197e-04
  -2.0551707e-02  -2.0253130e-02   8.5022788e-01  -6.4848505e-03   2.5810247e-03  -4.8241934e-04
   1.4836494e-02  -5.3090816e-03   7.9245860e-01  -5.5765157e-03   4.7083173e-03  -6.3390060e-04
   1.4265422e-02  -1.3109089e-02   7.6085158e-01  -6.2778065e-03   4.2077649e-03  -6.5025054e-04
  -9.8517507e-03  -6.9026874e-03   7.6998836e-01  -6.3081065e-03   3.2886591e-03  -4.1702582e-04
  -1.5469500e-02   3.7367955e-03   8.4101964e-01  -5.5041259e-03   3.6862196e-03  -2.1103318e-04
  -6.7981472e-04  -5.0552584e-03   8.0478127e-01  -6.9895303e-03   3.4451820e-03  -6.8357645e-04
  -3.3500439e-03  -4.7624340e-04   8.4104026e-01  -6.2544569e-03   3.2415669e-03  -3.8575047e-04
   4.7688932e-03   1.5271551e-02   8.7347859e-01  -5.8812471e-03   3.4645443e-03  -1.0415767e-03
   5.4850551e-03  -1.4611366e-02   8.1837558e-01  -6.8688586e-03   3.3699841e-03  -4.7671803e-04
  -9.0707597e-03  -4.1506082e-03   8.4570718e-01  -7.2908121e-03   2.6257626e-03  -7.2973951e-04
  -9.2627730e-03   6.4274641e-03   8.7832012e-01  -6.3838935e-03   2.7276868e-03  -6.0076911e-04
  -3.9027503e-03  -2.2625530e-02   8.5727318e-01  -7.2273332e-03   2.0295472e-03  -6.8210436e-04
  -4.9588922e-03  -1.4806752e-02   8.6671402e-01  -6.7812281e-03   2.5702932e-03  -6.7994030e-04
  -6.0623050e-03  -1.5626726e-03   8.6067596e-01  -7.2620150e-03   2.8322642e-03  -5.6179222e-04
  -2.1963819e-02   2.9315926e-02   8.6496816e-01  -7.0712670e-03   2.4585486e-03  -3.6824853e-04
  -1.5038206e-02  -2.3271648e-03   8.7719925e-01  -6.8575016e-03   2.4896917e-03  -2.5644409e-04
   2.0399287e-02   2.7548303e-02   8.9535174e-01  -5.1949503e-03   3.8246802e-03  -9.7024489e-04
  -1.2445650e-02   1.2821064e-02   8.6561200e-01  -5.6841465e-03   3.8265157e-03  -6.0637142e-04
  -1.7121268e-02   2.4108375e-02   8.8276410e-01  -5.2362532e-03   3.6514262e-03  -6.0690562e-04
   9.6737353e-03   3.4871400e-02   8.7932604e-01  -5.5784083e-03   4.1314206e-03  -9.6603523e-04
   2.2615854e-02   4.7787347e-02   9.5405294e-01  -4.5255472e-03   3.4360022e-03  -1.4822873e-03
  -1.3896918e-02   2.6530989e-02   9.3918929e-01  -5.5543273e-03   2.4524158e-03  -8.2012014e-04
  -2.2463258e-04   3.9259038e-02   9.4112662e-01  -5.8614475e-03   2.6551417e-03  -1.1947205e-03
  -2.0498197e-03   2.8723520e-02   9.6443440e-01  -5.1338338e-03   2.7773549e-03  -9.5884872e-04
   2.4035146e-02   4.2058984e-02   9.7379123e-01  -5.1761822e-03   3.3373079e-03  -1.5872667e-03
   6.0079979e-03   4.1744943e-02   9.6831663e-01  -5.6452568e-03   3.0913650e-03  -8.9481087e-04
   2.2990919e-03   1.6154373e-02   9.6827042e-01  -5.7485884e-03   2.9998338e-03  -4.2836126e-04
  -4.4566731e-03   3.2973557e-02   9.6975947e-01  -5.8132795e-03   2.8195479e-03  -6.9146142e-04
  -1.1757346e-02   4.2652271e-02   9.7298478e-01  -5.8189813e-03   3.1486840e-03  -6.4522493e-04
   2.3896972e-02   4.0381870e-02   9.8641518e-01  -5.1670258e-03   3.1427742e-03  -1.4723413e-03
  -4.9209110e-03   4.0021095e-02   1.0101769e+00  -5.7068896e-03   3.2339126e-03  -5.8935985e-04
   1.8565742e-02   2.5816712e-02   1.0010214e+00  -5.8683372e-03   3.0345791e-03  -8.9607873e-04
  -3.4622712e-03   1.1519114e-02   9.9880433e-01  -6.0334041e-03   3.1570146e-03  -7.1186642e-04
  -2.5130479e-02   2.8463262e-02   1.0918909e+00  -5.4000183e-03   3.0695477e-03  -1.9789446e-04
  -2.6710850e-02   1.4032924e-02   1.0060628e+00  -6.6622853e-03   2.4499108e-03  -6.3992383e-04
  -1.8002199e-02   2.1493126e-02   1.0435913e+00  -5.3918793e-03   2.6788080e-03  -6.2023412e-04
   9.3427548e-03   1.7935092e-02   1.0299804e+00  -6.3176504e-03   2.7992038e-03  -7.0960598e-04
   1.0446986e-02   3.7055071e-02   1.0392445e+00  -6.1831777e-03   2.8661225e-03  -6.9975642e-04
   3.7468488e-03   3.0677437e-02   1.0488789e+00  -5.8038385e-03   3.0584643e-03  -6.0184488e-04
   2.6836240e-03   8.2811076e-03   1.0877182e+00  -5.3236953e-03   2.6821883e-03  -8.1792898e-04
  -1.2954626e-02   2.1338616e-02   1.0747082e+00  -5.4939233e-03   2.9549226e-03  -5.6493981e-04
   2.1106205e-03   1.6036909e-02   1.0478019e+00  -6.3449817e-03   3.2868828e-03  -6.4802983e-04
  -1.1362927e-02   4.1812888e-02   1.0568838e+00  -6.4719726e-03   2.8429078e-03  -7.9483809e-04
  -7.4797539e-03   4.6542144e-02   1.0815974e+00  -5.7132796e-03   2.8717547e-03  -6.5223732e-04
  -1.7321469e-02   5.6332054e-03   1.1215407e+00  -5.5045072e-03   2.2665067e-03  -4.7869667e-04
  -1.4283006e-02   6.2395234e-03   1.0950308e+00  -6.6172228e-03   1.8275397e-03  -2.8191639e-04
   5.4279383e-03   5.9612900e-02   1.1326624e+00  -5.5956401e-03   2.4885288e-03  -1.2256192e-03
   1.5788494e-02   3.8075562e-02   1.1379717e+00  -5.5309700e-03   2.6306491e-03  -1.0130524e-03
  -1.9988612e-02   3.3311519e-02   1.1162413e+00  -6.6692416e-03   2.2361930e-03  -5.6519137e-04
  -5.8651534e-03   2.5896016e-02   1.1276695e+00  -6.3091748e-03   2.3518192e-03  -5.8058922e-04
  -4.4807642e-03   1.7915292e-02   1.1198043e+00  -6.7266052e-03   2.6084143e-03  -5.8327549e-04
  -7.6845174e-03   6.0977994e-02   1.0304148e+00  -5.1895404e-03   1.3080001e-03  -1.2966304e-03
  -1.5951139e-02   2.9068653e-02   1.0572586e+00  -6.9136075e-03   1.1735192e-03  -4.0006076e-04
  -2.5766109e-02   2.5821700e-02   1.0765639e+00  -6.4469054e-03   1.6838749e-03  -5.7592781e-04
  -1.2779476e-02   4.6386218e-02   1.1367934e+00  -5.9660216e-03   2.5578896e-03  -7.2869644e-04
  -8.0803072e-03   3.7974243e-02   1.0802971e+00  -4.5275264e-03   2.7687754e-03  -8.8196596e-04
   6.6531418e-04   3.3616209e-02   1.0855767e+00  -5.5766464e-03   2.4951339e-03  -8.6061460e-04
  -1.9503985e-02   3.7452437e-02   1.1093503e+00  -6.1909639e-03   2.1214284e-03  -7.9849622e-04
  -1.8380855e-02   4.4203974e-02   1.1054144e+00  -6.4212876e-03   1.1770476e-03  -4.9829338e-04
  -5.3204947e-03   5.2106210e-02   1.1045671e+00  -6.1564858e-03   1.4878243e-03  -7.4509581e-04
  -2.7220917e-02   5.9075453e-02   1.1449789e+00  -5.5216738e-03   1.3331967e-03  -3.3954939e-04
  -9.6543915e-03   7.0391592e-02   1.1322047e+00  -6.5973509e-03   2.3694834e-03  -5.8906337e-04
  -1.6894687e-03   7.5057238e-02   1.1497614e+00  -6.1895095e-03   2.1108937e-03  -1.0987320e-03
  -1.4997832e-02   9.3785331e-02   1.2241204e+00  -5.4204184e-03   2.2273326e-03  -9.4573030e-04
  -1.6792206e-02   5.3559514e-02   1.2217196e+00  -6.3350392e-03   1.9272833e-03  -9.7572782e-04
  -1.3787235e-02   4.4142567e-02   1.2047691e+00  -6.5893160e-03   2.1152770e-03  -5.4971675e-04
  -1.5318960e-03   2.3870071e-02   1.2169326e+00  -6.7716250e-03   1.8919109e-03  -1.3013385e-03
  -3.2030067e-02   6.6166538e-02   1.2109550e+00  -5.7405530e-03   1.8929909e-03  -4.0729096e-04
  -3.8203040e-05   6.1122303e-02   1.1788550e+00  -6.5616018e-03   2.6808308e-03  -5.4887099e-04
   7.2967067e-03   7.3314677e-02   1.2709450e+00  -5.5841280e-03   3.1965099e-03  -1.1369215e-03
  -5.1139326e-03   5.9357173e-02   1.2087984e+00  -6.2718334e-03   2.8870507e-03  -5.9163163e-04
   2.6483600e-05   6.9192738e-02   1.2606906e+00  -6.1369280e-03   2.6176548e-03  -1.2090338e-03
   2.0845415e-02   3.6410495e-02   1.2443133e+00  -6.6925806e-03   2.3819001e-03  -1.2539575e-03
  -7.6808306e-03   5.4507453e-02   1.2460969e+00  -6.0517774e-03   2.5980704e-03  -6.9198746e-04
  -2.1394154e-03   6.0573677e-02   1.2525041e+00  -6.5587747e-03   2.0893826e-03  -1.1547050e-03
  -6.0347985e-03   4.0128230e-02   1.2637543e+00  -7.2882631e-03   2.2778980e-03  -8.2682143e-04
  -2.5041193e-02   5.3447798e-02   1.2727057e+00  -7.1247176e-03   2.1597681e-03  -2.2378664e-04
   1.0713398e-02   4.8794675e-02   1.2966595e+00  -6.6642297e-03   2.1106523e-03  -9.9965427e-04
   6.1747630e-04   5.4295305e-02   1.3388159e+00  -6.3279083e-03   2.0217921e-03  -8.4251743e-04
   9.7221102e-03   3.8882399e-02   1.3073972e+00  -7.2611886e-03   1.8968286e-03  -6.5212622e-04
  -3.0556579e-04   6.2435447e-02   1.3371953e+00  -6.7322906e-03   1.5612103e-03  -7.1076243e-04
  -1.0080016e-02   4.7109633e-02   1.3219630e+00  -6.8621976e-03   2.0325277e-03  -1.0371997e-04
   1.3232574e-02   6.3870673e-02   1.3711228e+00  -6.8506446e-03   1.5249483e-03  -9.9426231e-04
   5.4347175e-03   5.9536182e-02   1.3376885e+00  -6.9973998e-03   1.6776980e-03  -7.6567061e-04
   1.3069094e-02   6.9341558e-02   1.3200015e+00  -8.2051485e-03   1.6943720e-03  -9.1655408e-04
   1.4362157e-02   4.9587456e-02   1.3049993e+00  -7.0022654e-03   1.9386109e-03  -8.5749201e-04
  -4.0695864e-03   3.9291036e-02   1.3137097e+00  -6.9091062e-03   1.8137822e-03  -4.1659266e-04
  -1.5379455e-02   3.7275465e-02   1.3996545e+00  -5.8850406e-03   1.8020638e-03  -2.4458773e-05
   2.9232676e-03   3.9530655e-02   1.3370382e+00  -7.0360566e-03   1.8455295e-03  -7.6093990e-04
  -5.0482415e-03   4.0330219e-02   1.2900944e+00  -7.3844647e-03   2.0316664e-03  -5.6306836e-04
   1.5810688e-02   5.5612044e-02   1.3167727e+00  -6.5677188e-03   2.7829168e-03  -9.0403849e-04
  -1.1084737e-02   3.5759158e-02   1.3157263e+00  -7.2677262e-03   2.3726006e-03  -4.3393105e-04
   1.2269106e-02   7.3160596e-02   1.3502328e+00  -6.7003016e-03   2.2549396e-03  -7.9574785e-04
   1.6591817e-02   7.1452300e-02   1.3514188e+00  -6.8632670e-03   2.3443430e-03  -1.0037741e-03
   1.1017057e-02   5.2850732e-02   1.3562891e+00  -6.7644698e-03   2.4001656e-03  -9.3850638e-04
  -9.2085512e-03   4.8709319e-02   1.3553856e+00  -6.7165364e-03   1.9867879e-03  -5.1886678e-04
  -1.0453542e-03   5.5418956e-02   1.3480753e+00  -6.9632593e-03   1.8565935e-03  -5.5426865e-04
   2.0880038e-03   7.4784891e-02   1.3779989e+00  -6.6939332e-03   2.3310772e-03  -7.9661817e-04
   2.5601480e-03   5.4662124e-02   1.3791333e+00  -6.8093497e-03   2.5117805e-03  -4.7414257e-04
   6.1392197e-03   6.8499335e-02   1.4188977e+00  -6.1598737e-03   2.2490830e-03  -1.0677843e-03
   1.6876889e-03   5.1099705e-02   1.4363700e+00  -5.6414628e-03   2.1757399e-03  -9.0292517e-04
  -2.4796626e-02   2.8997368e-02   1.4377130e+00  -7.0895571e-03   1.6135055e-03  -4.6732113e-04
   8.9230749e-03   5.8538558e-02   1.4599340e+00  -6.5210183e-03   2.2131392e-03  -9.4094208e-04
  -2.6850937e-03   5.5708198e-02   1.4110730e+00  -7.3215957e-03   2.5729193e-03  -6.1247241e-04
  -6.5121494e-04   9.6248517e-02   1.4370236e+00  -6.6492398e-03   2.3237034e-03  -2.2708205e-04
   1.3958725e-02   5.9206376e-02   1.4374911e+00  -6.7444966e-03   2.4700053e-03  -9.5311827e-04
   1.7090992e-02   7.7544763e-02   1.4307511e+00  -6.9095171e-03   2.1819245e-03  -9.7830070e-04
   7.8551210e-03   9.4576726e-02   1.4210273e+00  -7.7786645e-03   2.5846089e-03  -6.8219057e-04
  -2.8054957e-03   9.8349804e-02   1.4408202e+00  -7.6355696e-03   2.3095390e-03  -4.8754092e-04
  -1.9386247e-02   1.0236008e-01   1.3865790e+00  -7.8943642e-03   7.8345904e-04  -4.0358910e-04
  -1.1530208e-02   8.4890943e-02   1.4335441e+00  -5.3238407e-03   1.3223645e-03  -7.2450765e-04
  -3.2572034e-03   6.5846428e-02   1.4430159e+00  -5.6422478e-03   1.7492225e-03  -6.8831291e-04
  -1.9409903e-02   9.1495588e-02   1.4508962e+00  -6.0298341e-03   1.2806202e-03  -7.6675317e-04
   1.4191636e-03   8.2975780e-02   1.4314732e+00  -6.3781793e-03   1.7880727e-03  -1.0532204e-03
  -3.1329572e-04   1.3814961e-01   1.4360992e+00  -6.0882258e-03   1.5748780e-03  -1.0819851e-03
  -1.1175232e-02   9.6953272e-02   1.4858746e+00  -5.3515706e-03   1.4825144e-03  -3.5112000e-04
  -1.8307783e-02   9.5839132e-02   1.5079474e+00  -7.1368713e-03   1.1510245e-03  -6.4749343e-04
  -1.5263972e-02   6.6878410e-02   1.5004685e+00  -6.4429369e-03   7.5391295e-04  -9.3895262e-04
  -2.2837732e-02   9.2061616e-02   1.5190006e+00  -6.3189044e-03   1.5513841e-03  -5.1606471e-04
  -1.6632811e-02   6.6591444e-02   1.5068665e+00  -6.9166366e-03   1.6322484e-03  -7.7713543e-04
  -1.2531703e-02   1.0120385e-01   1.5151850e+00  -6.7232280e-03   1.7998267e-03  -5.8704390e-04
   1.1927282e-02   8.6522358e-02   1.5311798e+00  -6.2496318e-03   2.0340970e-03  -8.8772064e-04
  -1.3010996e-02   6.5265235e-02   1.5483582e+00  -6.6869554e-03   1.4210172e-03  -3.1172308e-04
  -2.5266230e-03   8.7190711e-02   1.5220649e+00  -6.5633229e-03   1.9797155e-03  -5.9195177e-04
  -1.9463609e-02   8.8571999e-02   1.5359413e+00  -6.8136405e-03   1.4878546e-03  -4.1936192e-04
  -6.9054208e-03   1.0011802e-01   1.5477579e+00  -6.5456060e-03   1.7122625e-03  -9.2934928e-04
  -1.3034763e-02   8.0508033e-02   1.5587810e+00  -6.7033996e-03   1.3427563e-03  -4.4148166e-04
  -9.7693519e-03   7.8482980e-02   1.6525590e+00  -5.5152379e-03   1.2378308e-03  -9.5117753e-04
  -5.5288697e-03   8.5620718e-02   1.6052128e+00  -6.5557645e-03   1.4597396e-03  -9.4424724e-04
  -1.2507159e-02   7.1573571e-02   1.6427288e+00  -5.8208567e-03   1.0148982e-03  -6.2771587e-04
  -1.8288634e-02   7.7589418e-02   1.6151954e+00  -6.6001176e-03   1.5318664e-03  -3.9263635e-04
  -1.2309018e-02   7.3852472e-02   1.6212326e+00  -6.7697402e-03   8.7708125e-04  -5.9548191e-04
  -2.7061872e-02   6.4782206e-02   1.6224518e+00  -7.0514602e-03   1.3609972e-03  -2.2242620e-04
  -6.4364393e-02   7.7871634e-02   1.6119799e+00  -2.9137261e-03   6.7756559e-04  -3.3472605e-06
   1.3764724e-03   7.2964482e-02   1.6066280e+00  -4.5464455e-03   1.4947795e-03  -7.3230026e-04
  -4.7357841e-03   9.7861012e-02   1.6019238e+00  -5.4629572e-03   1.8030495e-03  -6.1217071e-04
   2.3284482e-02   9.2668358e-02   1.6368617e+00  -4.7592129e-03   1.9500223e-03  -1.0431103e-03
   1.5546293e-02   8.0246228e-02   1.6463410e+00  -4.3715165e-03   2.4096312e-03  -1.0171469e-03
   1.6714887e-02   1.1622039e-01   1.6616525e+00  -4.8656877e-03   2.0429251e-03  -1.1377032e-03
   2.5506522e-02   9.7658444e-02   1.6384167e+00  -5.1411883e-03   2.1615697e-03  -9.8770811e-04
   4.9551894e-03   1.0463217e-01   1.6710959e+00  -4.4923563e-03   1.8650717e-03  -8.9188208e-04
   1.3047590e-02   1.0270277e-01   1.6619214e+00  -5.0909477e-03   1.8979821e-03  -7.1275349e-04
   6.2298642e-03   1.1407781e-01   1.6879216e+00  -5.1791450e-03   1.5020525e-03  -9.2560636e-04
   1.2749572e-02   1.0067915e-01   1.6604251e+00  -5.6476555e-03   1.9559459e-03  -8.1674672e-04
   2.3595937e-02   9.6825091e-02   1.6864362e+00  -5.1134035e-03   2.1888653e-03  -1.1332950e-03
   1.6619287e-02   1.0914316e-01   1.6753756e+00  -5.2197146e-03   1.8765283e-03  -8.5715026e-04
   1.8349469e-02   1.1090187e-01   1.6951662e+00  -5.2221211e-03   1.7365116e-03  -9.6809420e-04
   1.7543474e-02   9.9494142e-02   1.7164963e+00  -5.4496800e-03   1.6498242e-03  -1.0965165e-03
   2.4179249e-02   9.4111381e-02   1.7421473e+00  -5.2773434e-03   1.7147565e-03  -1.2064742e-03
   1.8444482e-02   1.0258290e-01   1.7514005e+00  -4.9660931e-03   1.8656169e-03  -1.3126664e-03
  -4.6516391e-03   1.1109710e-01   1.7482678e+00  -6.0355031e-03   1.3855607e-03  -8.3528749e-04
   2.5134478e-02   1.0460320e-01   1.7263741e+00  -6.0442032e-03   1.9050123e-03  -1.1199868e-03
   2.5784292e-02   1.0959727e-01   1.7520080e+00  -5.5237038e-03   1.7724059e-03  -1.1973091e-03
   1.1304130e-02   1.0164419e-01   1.7401261e+00  -5.8085043e-03   1.7925117e-03  -1.0822179e-03
   5.3638273e-03   8.3526785e-02   1.7967331e+00  -5.3512970e-03   2.1301980e-03  -8.2452602e-04
   7.5704487e-03   7.5972403e-02   1.7353510e+00  -6.5836405e-03   1.9192031e-03  -6.8915144e-04
   2.0212141e-02   1.0416936e-01   1.7583603e+00  -5.4996209e-03   2.4641496e-03  -6.8619397e-04
   2.7208971e-02   1.0658991e-01   1.7411301e+00  -5.7481168e-03   2.4643457e-03  -8.5092318e-04
   3.5093482e-02   7.4268890e-02   1.7708695e+00  -5.5726980e-03   2.1799812e-03  -1.0504175e-03
  -7.8019064e-04   9.0617894e-02   1.7643802e+00  -6.1008555e-03   1.8087969e-03  -4.8234054e-04
   2.4922653e-02   6.9902277e-02   1.7727578e+00  -6.0540995e-03   1.9142442e-03  -1.2605294e-03
   2.5576742e-02   9.2584637e-02   1.8044566e+00  -5.8123000e-03   1.7930374e-03  -1.2602765e-03
   3.0725308e-02   1.0419710e-01   1.7876695e+00  -5.8770027e-03   2.1371970e-03  -1.1417061e-03
   1.7433823e-02   8.8072469e-02   1.7962278e+00  -6.2878180e-03   2.0886198e-03  -9.3806649e-04
  -2.3927467e-03   9.0621838e-02   1.8940603e+00  -6.7606418e-03   1.0816777e-03  -3.9778454e-04
   1.0477122e-02   9.6002030e-02   1.8601086e+00  -6.1710592e-03   1.5629981e-03  -7.0944065e-04
   8.4552347e-03   1.0663994e-01   1.8437398e+00  -6.4014635e-03   1.4585695e-03  -7.7075092e-04
   7.6434543e-03   9.5249705e-02   1.8987272e+00  -5.3168722e-03   1.7223736e-03  -8.5248730e-04
   9.2379303e-05   8.9813665e-02   1.8693275e+00  -6.4131419e-03   1.2056829e-03  -7.2652895e-04
   5.2558769e-03   1.1677850e-01   1.8815749e+00  -6.0449820e-03   1.1511496e-03  -1.1775491e-03
   3.0471871e-02   9.9938276e-02   1.8865835e+00  -5.7224196e-03   1.1491135e-03  -1.6086596e-03
   1.5625738e-02   1.2485268e-01   1.8822041e+00  -6.7298905e-03   5.6892455e-04  -7.2839653e-04
   2.2247686e-02   1.1355805e-01   1.8519262e+00  -6.8702153e-03   1.1728546e-03  -1.0136107e-03
   1.8372084e-02   1.1509008e-01   1.8681402e+00  -6.9990330e-03   1.4982524e-03  -7.7952758e-04
   1.3141260e-02   1.2159532e-01   1.8592024e+00  -5.8731705e-03   2.1006872e-03  -8.0375648e-04
  -2.7067181e-02   8.5897663e-02   1.8505546e+00  -5.5802216e-03   1.2122384e-03   1.4397880e-04
  -2.3772067e-02   1.1205410e-01   1.8613102e+00  -6.3228863e-03   1.5026290e-03  -1.2129740e-04
  -2.6967960e-02   9.8705269e-02   1.8972276e+00  -6.8047086e-03   7.7403160e-04  -2.9655086e-04
  -3.5494033e-02   1.2200365e-01   1.7579196e+00  -6.9334218e-03   1.7634407e-03  -1.2366717e-04
  -1.6013679e-02   1.1599023e-01   1.8547322e+00  -3.6194665e-03   6.3603106e-04  -1.1222550e-03
   3.1795355e-02   1.0684270e-01   1.7921948e+00  -5.6156040e-03   2.0345240e-03  -1.3478800e-03
   1.3039593e-02   1.3853639e-01   1.7217333e+00  -5.6553017e-03   3.2025878e-03  -1.9039558e-03
   4.4233511e-02   1.4594193e-01   1.7158614e+00  -5.4384577e-03   3.3792150e-03  -1.5364162e-03
   4.3850940e-02   1.4328461e-01   1.8542997e+00  -5.0884179e-03   2.4273476e-03  -1.7973019e-03
   2.2928869e-02   1.0857842e-01   1.8656897e+00  -6.1959214e-03   1.8192170e-03  -1.4357134e-03
   1.0429404e-02   1.0928284e-01   1.9007923e+00  -6.2230678e-03   1.4655112e-03  -1.2477949e-03
   4.4201504e-03   9.1898243e-02   1.9162596e+00  -6.0512503e-03   1.8906978e-03  -9.9138813e-04
   2.9447835e-02   1.2735169e-01   2.1122582e+00  -4.5421392e-03   1.1505659e-03  -1.5434394e-03
   1.1158175e-02   1.2452308e-01   2.0057576e+00  -6.5380565e-03   1.5649139e-03  -9.0926487e-04
  -2.4301662e-03   1.1014463e-01   2.0693385e+00  -5.7374457e-03   1.6733472e-03  -5.4128375e-04
   3.2755706e-02   1.6293731e-01   2.0464920e+00  -5.3890712e-03   1.6498349e-03  -2.1072646e-03
   4.4207239e-02   1.1139103e-01   2.0219453e+00  -3.8479103e-03   2.3155956e-03  -1.8081114e-03
   3.7304435e-02   1.0530862e-01   2.0059908e+00  -5.9480735e-03   2.3773797e-03  -1.3374102e-03
   1.1481313e-02   9.8270602e-02   2.0359715e+00  -6.8751990e-03   1.6544759e-03  -1.1381197e-03
   2.5604163e-02   1.3517996e-01   1.9000797e+00  -5.4377852e-03   1.9160739e-03  -1.5161708e-03
   5.6455608e-02   8.6380209e-02   1.8084599e+00   1.3625032e-04   1.8125854e-03  -2.1701263e-03
   3.4984053e-02   9.3824041e-02   1.8113282e+00  -2.6258193e-04   1.2091283e-03  -2.0379149e-03
   3.6595692e-02   8.8350349e-02   1.8456692e+00  -1.0986390e-03   1.6675655e-03  -1.7375438e-03
   4.8403962e-02   1.0192927e-01   1.9685246e+00  -2.8785146e-04   1.6361137e-03  -1.9154027e-03
   4.5163291e-02   1.0256394e-01   1.9332587e+00  -3.4678796e-03   1.7720409e-03  -1.5556090e-03
   1.6329202e-02   9.8782893e-02   1.9830979e+00  -3.2265705e-03   1.6725805e-03  -1.0329312e-03
   1.1706497e-02   1.1394686e-01   2.0330390e+00  -3.8254304e-03   1.1396313e-03  -1.0101732e-03
   3.2030662e-02   8.5262662e-02   1.9967137e+00  -5.2094996e-03   8.8551371e-04  -1.2644128e-03
   2.4918509e-02   1.1885038e-01   2.0325054e+00  -4.7337554e-03   9.0500157e-04  -1.1557722e-03
   4.0780725e-02   8.7205703e-02   2.0075134e+00  -5.9443210e-03   1.1816158e-03  -1.5298834e-03
   1.2338037e-02   1.0613862e-01   2.0547761e+00  -6.0471569e-03   6.5110356e-04  -7.2102500e-04
   4.7417911e-03   1.3756583e-01   2.0204767e+00  -5.8285736e-03   8.2705938e-04  -6.6381031e-04
   2.5612086e-02   1.3260035e-01   1.9966839e+00  -6.3966300e-03   1.6601464e-03  -1.1661933e-03
   1.9452849e-02   1.4650266e-01   2.0012185e+00  -5.9542926e-03   2.0785403e-03  -9.0701731e-04
   4.2301020e-02   1.1234487e-01   2.0568094e+00  -5.0472589e-03   1.2803634e-03  -1.6408181e-03
   4.3550251e-02   1.0921983e-01   2.0306438e+00  -6.0770001e-03   5.1464600e-04  -1.5582418e-03
   6.1101524e-02   1.0465347e-01   2.0614890e+00  -5.2062642e-03   1.4247087e-03  -1.4298067e-03
   5.3714169e-02   1.0656075e-01   2.0419518e+00  -5.9825743e-03   1.0808093e-03  -1.7730601e-03
   4.6632316e-02   9.4040448e-02   2.1481118e+00  -5.8799192e-03   1.6022185e-03  -1.1107908e-03
   3.6322660e-02   1.0169454e-01   2.0936055e+00  -6.0865738e-03   1.3703725e-03  -1.3881611e-03
   4.0963190e-02   1.2397136e-01   2.1047570e+00  -5.9494311e-03   1.3331533e-03  -1.3284336e-03
   3.9360595e-02   1.1054950e-01   2.1009591e+00  -6.1170141e-03   1.6244725e-03  -1.1468442e-03
   4.0676478e-02   9.9770084e-02   2.1169750e+00  -5.7232972e-03   1.3680969e-03  -1.2522561e-03
   5.1067149e-02   1.2474732e-01   2.1061992e+00  -5.9997461e-03   1.3674061e-03  -1.6348264e-03
   2.8868114e-02   1.2485996e-01   2.0962770e+00  -6.1553293e-03   1.5185703e-03  -1.2859158e-03
   4.8562239e-02   1.3780838e-01   2.1351815e+00  -5.7543635e-03   1.4700741e-03  -1.1842066e-03
   3.7917302e-02   1.1115961e-01   2.1187338e+00  -6.0951116e-03   7.6823303e-04  -1.2924235e-03
   2.3007462e-02   1.1435072e-01   2.1533379e+00  -5.7595213e-03   9.1038718e-04  -1.1587823e-03
   4.5416870e-02   1.2202659e-01   2.1199281e+00  -6.9363401e-03   1.0338934e-03  -1.3691062e-03
   3.4623395e-02   1.0730812e-01   2.1159931e+00  -7.8064284e-03   1.1059885e-03  -1.1287616e-03
   3.1715497e-02   1.4498318e-01   2.0473152e+00  -4.9504452e-03   1.4721956e-03  -1.4783440e-03
   2.9293208e-02   1.2504079e-01   2.0894374e+00  -5.6446522e-03   1.8431860e-03  -1.2612379e-03
   2.6684558e-02   1.4133209e-01   2.0732202e+00  -4.4744118e-03   1.8778766e-03  -1.3556163e-03
   3.6129867e-02   1.1611504e-01   2.1509039e+00  -4.8111031e-03   1.8203823e-03  -1.4818399e-03
   2.6330440e-02   1.3148508e-01   2.1561316e+00  -5.3973750e-03   1.6786334e-03  -9.8850761e-04
   3.9753138e-02   1.1307591e-01   2.1413201e+00  -5.3412617e-03   1.5807405e-03  -1.4218111e-03
   2.9550176e-02   1.3567467e-01   2.1396336e+00  -5.6206091e-03   1.7776350e-03  -1.4875483e-03
   5.2712747e-02   1.3463671e-01   2.2322905e+00  -4.3948594e-03   1.8801213e-03  -1.5071797e-03
   3.3619685e-02   1.1368512e-01   2.1648442e+00  -5.9822869e-03   1.3413805e-03  -1.6529967e-03
   5.1789576e-02   1.3406767e-01   2.1993746e+00  -5.4995377e-03   1.5150750e-03  -1.6138931e-03
   4.0679580e-02   1.2930969e-01   2.2400506e+00  -5.9534910e-03   1.4132087e-03  -1.2216099e-03
   3.1368303e-02   1.3037235e-01   2.2133562e+00  -5.7619008e-03   1.3144849e-03  -9.8673341e-04
   3.5548007e-02   1.3700050e-01   2.2498874e+00  -5.2759608e-03   1.2522714e-03  -9.7228223e-04
   3.9765898e-02   1.1346066e-01   2.2116588e+00  -6.1773765e-03   1.1062383e-03  -1.5296055e-03
   4.0985284e-02   1.2641661e-01   2.2536972e+00  -4.8159917e-03   1.6019506e-03  -1.1699012e-03
   3.6201416e-02   1.4616364e-01   2.2054276e+00  -6.1831456e-03   1.3456080e-03  -9.7360107e-04
   3.0920410e-02   1.1337157e-01   2.2530101e+00  -7.5585666e-03   1.3867757e-03  -7.9432708e-04
   4.1645307e-02   1.2917027e-01   2.2788041e+00  -5.0323866e-03   1.0222169e-03  -8.6683812e-04
   4.4711570e-02   8.9709581e-02   2.2320217e+00  -5.2846403e-03   5.2134466e-04  -8.1208895e-04
   6.5140302e-02   8.5752322e-02   2.1450184e+00  -3.4068748e-03   1.8537226e-03  -1.7602916e-03
   7.5752244e-02   1.5179195e-01   2.1115887e+00   2.4890546e-03   1.9850839e-03  -2.0717125e-03
   1.1029306e-01   1.6838473e-01   2.0732569e+00  -2.8319740e-03   2.5452321e-03  -3.0500661e-03
   8.4792841e-02   1.4371079e-01   2.1180822e+00  -3.1237505e-03   1.6794040e-03  -2.4163453e-03
   7.5086788e-02   1.2799307e-01   2.1510967e+00  -3.5624577e-03   4.6556180e-04  -2.0988021e-03
   7.4554237e-02   1.4736537e-01   2.1970773e+00  -3.0481577e-03   2.8302184e-04  -2.2489433e-03
   5.9800741e-02   1.4090862e-01   2.2175878e+00  -3.6073771e-03   2.0157500e-04  -1.8447266e-03
   5.7737591e-02   1.4862277e-01   2.2231829e+00  -3.4704128e-03   2.1264813e-04  -1.9699284e-03
   7.2501909e-02   1.4326341e-01   2.2437899e+00  -3.2426195e-03   9.0855703e-04  -2.4357374e-03
   5.2372614e-02   1.2396033e-01   2.2461290e+00  -4.7357118e-03   7.8507817e-04  -1.7115849e-03
   4.6641446e-02   1.1970325e-01   2.2684483e+00  -3.4915976e-03   9.0960259e-04  -1.8651246e-03
   8.1311538e-02   1.6421767e-01   2.2998928e+00  -3.0533541e-03   1.2056996e-03  -2.2602328e-03
   6.3540431e-02   1.3766583e-01   2.2866929e+00  -3.4737674e-03   1.1905242e-03  -1.7204695e-03
   7.6672918e-02   1.5474918e-01   2.3368053e+00  -2.9808503e-03   1.5733974e-03  -2.1101662e-03
   7.0085297e-02   1.2669790e-01   2.2836557e+00  -3.8530959e-03   1.2331535e-03  -1.8464396e-03
   6.8139453e-02   1.4049244e-01   2.3246611e+00  -3.3029325e-03   1.1601308e-03  -1.8552886e-03
   5.6791904e-02   1.5157440e-01   2.3184739e+00  -4.0337857e-03   7.1027413e-04  -1.8410017e-03
   6.0967934e-02   1.5530318e-01   2.3336033e+00  -3.4620435e-03   1.2048615e-03  -1.6623769e-03
   6.5669405e-02   1.3787117e-01   2.3295038e+00  -3.7553678e-03   8.6544652e-04  -2.0286328e-03
   6.8534933e-02   1.5880229e-01   2.2757179e+00  -2.9588674e-03   2.3063670e-03  -2.0376843e-03
   6.0410817e-02   1.2741405e-01   2.2811288e+00  -3.3321187e-03   1.4649610e-03  -1.6003687e-03
   5.8196507e-02   1.4662114e-01   2.3268720e+00  -2.9332416e-03   9.2576035e-04  -1.9664101e-03
   3.7679180e-02   1.1510675e-01   2.3469301e+00  -3.6350512e-03   8.2781551e-06  -8.5559964e-04
   4.1945879e-02   1.1762669e-01   2.3272609e+00  -3.8187518e-03   5.7279962e-05  -1.6885415e-03
   5.8248730e-02   1.0486463e-01   2.3355297e+00  -3.6258654e-03   5.1293548e-04  -1.7407558e-03
   8.0951231e-02   1.0881394e-01   2.1430501e+00  -1.5425928e-04   1.1362492e-03  -2.6862262e-03
   1.0679897e-01   1.4843707e-01   2.2485311e+00   3.2483831e-03   1.4940311e-03  -2.8121236e-03
   8.2134470e-02   1.5029724e-01   2.2896778e+00   2.7106947e-03   1.1339190e-03  -2.0610409e-03
   7.0792485e-02   1.2819770e-01   2.3679545e+00   2.0736984e-03   5.6185980e-04  -2.0440000e-03
   7.0534449e-02   1.6611369e-01   2.3742473e+00   1.5456070e-03  -9.1497702e-05  -2.1282324e-03
   8.0622644e-02   1.6325585e-01   2.3698496e+00   1.5201923e-03   3.9192565e-04  -2.2880892e-03
   9.4536291e-02   1.6999855e-01   2.3825432e+00   1.5602645e-03   4.5738136e-04  -2.6610797e-03
   7.8967050e-02   1.6819949e-01   2.3852410e+00   9.7460139e-04  -3.8594022e-04  -1.8684737e-03
   8.7633717e-02   1.6551377e-01   2.3881024e+00   1.1037809e-03  -1.4430623e-04  -2.4891616e-03
   7.9085044e-02   1.5237635e-01   2.3953539e+00   1.3938180e-03   1.3578095e-04  -2.1493084e-03
   7.4153698e-02   1.6559715e-01   2.4090389e+00   1.4546091e-03  -8.9544589e-05  -1.7338220e-03
   6.0260046e-02   1.5029473e-01   2.4560034e+00   8.9574560e-04   7.5177769e-05  -1.7750647e-03
   7.7487010e-02   1.4239626e-01   2.4346268e+00   9.0252024e-04  -1.5657094e-04  -1.9329923e-03
   7.6721627e-02   1.5689954e-01   2.4514343e+00   1.4704538e-03  -1.3025628e-05  -1.9265727e-03
   6.9572953e-02   1.5864286e-01   2.4816237e+00   1.7251628e-03  -2.1930731e-04  -1.6408791e-03
   5.6523598e-02   1.4684569e-01   2.4740718e+00   1.5441830e-03  -6.3183532e-04  -1.7929561e-03
   6.8182455e-02   1.5972860e-01   2.4747231e+00   8.3050420e-04   3.8660381e-04  -1.9125744e-03
   6.9041427e-02   1.4015402e-01   2.5438583e+00   1.4957502e-03   8.5035409e-05  -1.8025305e-03
   6.5735378e-02   1.4871826e-01   2.4769064e+00   7.0895521e-04   1.6436553e-04  -2.0765226e-03
   6.5121089e-02   1.4551915e-01   2.5541421e+00   1.9174374e-03   9.1355963e-04  -2.2637806e-03
   7.6486076e-02   1.3719871e-01   2.5038625e+00   2.4576180e-03   9.2378886e-04  -2.1109033e-03
   9.0725897e-02   1.6861743e-01   2.5187910e+00   1.7406708e-03   9.7127432e-04  -2.1969535e-03
   9.3341294e-02   1.7421176e-01   2.6492402e+00   3.2739898e-03   1.2700057e-03  -2.5091262e-03
   1.0437754e-01   1.5985787e-01   2.5363317e+00   1.0940447e-03   1.1801551e-03  -2.6929357e-03
   1.0552207e-01   1.7661365e-01   2.5316496e+00   8.1413462e-04   9.6585295e-04  -2.3721360e-03
   8.2491008e-02   1.8724618e-01   2.5891417e+00   1.2733468e-03   4.1347683e-04  -1.9895323e-03
   8.0985910e-02   1.4123746e-01   2.5915600e+00   8.7297197e-04   5.0417949e-04  -1.6583627e-03
   1.1155027e-01   1.5095235e-01   2.5189719e+00   9.4737270e-04   1.7103244e-03  -2.3901435e-03
   8.6313649e-02   1.5927301e-01   2.4830870e+00   8.2546987e-04   1.9913783e-03  -1.8693926e-03
   6.8333310e-02   1.6689252e-01   2.5108227e+00   4.5967760e-04   2.0184772e-03  -1.4235255e-03
   8.5610303e-02   1.8631169e-01   2.5381894e+00   7.5276291e-04   2.0862699e-03  -1.7442728e-03
   7.9297941e-02   2.0500156e-01   2.5039460e+00   1.8391889e-03   1.4138851e-03  -2.0927997e-03
   7.0986095e-02   2.0125593e-01   2.5708923e+00   6.4231619e-04   1.3859708e-03  -1.5871819e-03
   7.8914845e-02   1.8121358e-01   2.5638684e+00   8.4216047e-04   1.5802751e-03  -2.1643631e-03
   7.5301009e-02   1.6907943e-01   2.5816842e+00   1.0162650e-04   1.8092070e-03  -1.8505888e-03
   8.2959950e-02   1.9163383e-01   2.6425158e+00   7.0946961e-04   2.0090902e-03  -2.0716238e-03
   8.9790439e-02   1.9625773e-01   2.6092611e+00  -2.2787535e-04   1.4967525e-03  -2.3148923e-03
   1.0315410e-01   2.0225391e-01   2.6184601e+00   5.4347428e-04   1.8768105e-03  -2.7639237e-03
   1.1623210e-01   2.0293490e-01   2.6080837e+00  -7.8834989e-04   1.2502757e-03  -2.6091184e-03
   7.2868327e-02   1.8623265e-01   2.6249761e+00  -2.1732060e-04   9.9099138e-04  -1.5557254e-03
   8.1066143e-02   1.8563801e-01   2.6524453e+00  -2.8750942e-05   1.0499610e-03  -1.8414048e-03
   8.3370234e-02   2.0109436e-01   2.6316087e+00  -7.7227735e-04   9.0594085e-04  -1.8622424e-03
   8.2708159e-02   1.8013528e-01   2.6136772e+00  -1.0368481e-03   1.0562992e-03  -2.1099638e-03
   7.4870135e-02   1.7119978e-01   2.6727300e+00  -1.5308736e-03   9.8323179e-04  -1.7729508e-03
   7.5991988e-02   1.6797532e-01   2.6531532e+00  -6.7473132e-04   6.8189626e-04  -1.7478953e-03
   8.1694398e-02   1.8290690e-01   2.7068499e+00   7.2522919e-05   1.1764843e-03  -2.2141343e-03
   5.7765071e-02   1.5795029e-01   2.6496967e+00  -8.0446915e-04   5.3248380e-04  -1.2187640e-03
   5.5797148e-02   1.5359685e-01   2.7315568e+00  -1.3784211e-04   7.3963822e-04  -1.1164377e-03
   8.0757191e-02   2.0386601e-01   2.6747307e+00  -1.4890555e-03   1.4462515e-04  -1.9463978e-03
   3.9841793e-02   1.4831999e-01   2.5709203e+00   3.7035296e-04  -1.5699146e-04  -1.4585988e-03
   1.0007319e-01   2.1691271e-01   2.6203607e+00   2.6288442e-03  -2.5991720e-04  -3.0781944e-03
   7.5832697e-02   2.0214091e-01   2.6620691e+00   1.0714561e-03  -5.8436982e-05  -1.7225633e-03
   7.8390908e-02   1.9509794e-01   2.6718983e+00   7.5155612e-04   3.0552221e-04  -2.0233589e-03
   7.5625222e-02   1.9581332e-01   2.6629327e+00   4.6333947e-04   1.3533143e-04  -2.0309585e-03
   8.7299493e-02   2.0788632e-01   2.6833223e+00   1.1501033e-03   5.6754523e-04  -2.4265277e-03
   6.9542568e-02   2.0080151e-01   2.7681599e+00   8.9056227e-04  -1.0993020e-04  -2.5138418e-03
   8.6228362e-02   1.8167994e-01   2.7380645e+00   5.2453233e-05  -5.9115134e-04  -1.8492692e-03
   8.1853471e-02   1.7047200e-01   2.7172692e+00   2.0669987e-04  -3.6430815e-04  -1.9960925e-03
   5.6055582e-02   1.7916558e-01   2.8213064e+00   7.1670305e-04  -7.1894450e-04  -1.5653303e-03
   4.4752867e-02   1.9906180e-01   2.7593574e+00  -1.8264290e-04  -5.1146416e-05  -1.7138302e-03
   5.6244280e-02   2.0893077e-01   2.7827391e+00  -9.9134447e-04  -4.0629069e-04  -1.6088384e-03
   6.6513481e-02   1.6630818e-01   2.7269619e+00   1.2279081e-03   6.0974795e-04  -2.0920873e-03
   7.1529806e-02   1.6978121e-01   2.7357182e+00  -2.7073043e-04   6.3915863e-04  -2.3334870e-03
   7.6251689e-02   2.0371200e-01   2.7601455e+00   6.8175962e-04   6.7261324e-04  -1.8510292e-03
   7.1783840e-02   1.8671102e-01   2.7861597e+00  -4.3572309e-04   4.2425718e-04  -1.9048884e-03
   7.6280780e-02   2.0134382e-01   2.6949365e+00   1.9626034e-03   2.2692726e-03  -1.7510485e-03
   6.8210798e-02   1.6816868e-01   2.7328322e+00   6.2497460e-04   1.8256729e-03  -1.4156533e-03
   8.6422029e-02   1.6128086e-01   2.7905263e+00   8.4898378e-04   1.3319760e-03  -1.7311950e-03
   9.6696530e-02   1.8417932e-01   2.8018654e+00   1.0274367e-03   1.0764947e-03  -2.1536958e-03
   8.3708468e-02   1.9232605e-01   2.8117732e+00   5.1200196e-04   1.4000960e-03  -1.6807067e-03
   7.5203845e-02   1.8880319e-01   2.8334125e+00   4.7784657e-04   1.2028735e-03  -1.6991196e-03
   9.2685013e-02   1.7744608e-01   2.8131128e+00  -7.2357479e-05   1.2316982e-03  -1.8575178e-03
   7.5536474e-02   1.8739385e-01   2.8348627e+00  -1.0857041e-04   7.8364437e-04  -1.5923062e-03
   1.0449816e-01   1.9104104e-01   2.8469884e+00  -1.1705247e-04   8.3288256e-04  -2.4211968e-03
   1.0524172e-01   1.9513411e-01   2.8715312e+00   7.9565423e-05   6.6211904e-04  -2.5236732e-03
   8.9371858e-02   1.8826385e-01   2.8900317e+00  -7.7012163e-05   7.9579082e-04  -1.8536351e-03
   8.8119305e-02   1.7825773e-01   2.8630593e+00   1.3336851e-05   3.7777673e-04  -2.1004567e-03
   9.2571934e-02   1.5292292e-01   2.9043322e+00  -7.4124963e-04  -2.1468444e-04  -2.3597456e-03
   1.0242322e-01   1.7371961e-01   2.8945770e+00  -1.8333190e-04   5.4524138e-04  -2.0087021e-03
   1.0633933e-01   1.7991291e-01   2.8127309e+00   8.4173404e-04   1.6717068e-03  -3.1212699e-03
   6.8520493e-02   1.7872889e-01   2.7696051e+00   2.1240305e-03   1.8241769e-03  -1.8051679e-03
   5.8269046e-02   2.0944622e-01   2.8313510e+00   1.2341617e-03   1.4513499e-03  -1.8288252e-03
   6.5145549e-02   1.9970028e-01   2.8229003e+00   3.6816126e-04   1.3671669e-03  -1.9169079e-03
   6.9904405e-02   1.8839471e-01   2.8146575e+00  -2.7553422e-04   1.3317329e-03  -1.9447799e-03
   5.7905365e-02   1.9327575e-01   2.8197511e+00  -3.7835752e-04   7.2138278e-04  -2.0523969e-03
   6.6499533e-02   1.9308044e-01   2.8467283e+00   6.2949380e-04   1.3989488e-03  -1.8487848e-03
   8.4572994e-02   1.8340850e-01   2.8977617e+00   1.4067185e-04   1.3433762e-03  -2.2276800e-03
   7.4527706e-02   1.9420440e-01   2.9238896e+00   5.3793767e-04   1.3454535e-03  -2.1696701e-03
   8.4534931e-02   1.9089309e-01   2.9286785e+00  -5.6905226e-04   1.9125731e-03  -2.1185063e-03
   7.8363484e-02   2.1016977e-01   2.9611075e+00  -4.9811483e-04   1.5855707e-03  -2.2578771e-03
   9.6057795e-02   2.0218392e-01   2.9475313e+00  -1.3537704e-03   1.4355301e-03  -2.4345458e-03
   7.8497411e-02   1.7634025e-01   2.9661172e+00  -1.9732841e-03   5.9536804e-04  -2.1308562e-03
   7.7685357e-02   1.7264105e-01   2.9773146e+00  -9.7582761e-04   1.4876317e-03  -1.8319841e-03
   7.9513598e-02   2.0428703e-01   2.9805308e+00  -9.1480720e-04   1.1663758e-03  -1.9618019e-03
   7.4871693e-02   1.7602979e-01   3.0076384e+00  -1.0583702e-03   1.0547549e-03  -1.5987312e-03
   8.3080910e-02   1.7762491e-01   2.9821535e+00  -1.7525141e-03   9.2340632e-04  -1.8482543e-03
   5.1848146e-02   1.5837945e-01   3.0050790e+00   5.3200927e-04   7.5607424e-04  -1.6388310e-03
   6.5821636e-02   1.6993705e-01   2.9814952e+00  -8.6000424e-04   1.4450637e-03  -1.7438650e-03
   7.5821248e-02   1.7295968e-01   2.9961553e+00  -1.5366080e-03   1.7667392e-03  -1.7702566e-03
   7.1359331e-02   1.6711500e-01   3.0120225e+00  -3.3369972e-04   1.6413781e-03  -1.8801933e-03
   9.3629898e-02   1.6258123e-01   2.9985346e+00  -1.0166767e-03   1.5540581e-03  -2.3720944e-03
   8.8258040e-02   2.0383861e-01   3.0020057e+00  -7.4573140e-04   1.7342714e-03  -1.7181403e-03
   9.1820207e-02   2.0808510e-01   3.0116013e+00  -7.3622186e-04   1.8888391e-03  -1.8250219e-03
   8.5435466e-02   1.6955317e-01   2.9811374e+00  -1.1053283e-03   1.6852484e-03  -1.8090417e-03
   6.8415578e-02   1.6234241e-01   3.0518075e+00  -3.8146135e-04   1.3958053e-03  -1.7265359e-03
   9.0524167e-02   1.8179212e-01   3.0019791e+00  -1.8583783e-03   1.0475591e-03  -1.6448060e-03
   8.3811754e-02   1.9277589e-01   3.0423892e+00   1.0498859e-03   1.5599806e-03  -2.3663172e-03
   7.4624632e-02   1.7095908e-01   3.0373460e+00  -4.4371058e-04   1.5121666e-03  -1.6595105e-03
   7.0003474e-02   1.9953290e-01   3.0319864e+00  -8.2272378e-04   1.6302722e-03  -1.5171251e-03
   7.4757994e-02   1.8108217e-01   3.0229175e+00  -1.4651399e-03   1.9434512e-03  -1.4892000e-03
   7.7632143e-02   1.8282726e-01   3.0640135e+00  -1.0026170e-03   1.5241877e-03  -1.6646193e-03
   7.8534490e-02   1.6412788e-01   3.0468847e+00  -1.4267008e-03   8.3242643e-04  -1.8045446e-03
   7.4710855e-02   1.7161250e-01   3.1139284e+00  -1.9418793e-03   8.3573683e-04  -1.3452789e-03
   6.6051328e-02   1.8840568e-01   3.0658034e+00  -2.3493963e-03   6.0424887e-04  -1.4234878e-03
   6.8371464e-02   1.8310922e-01   3.0911586e+00  -1.4401094e-03   1.2138537e-03  -1.1902238e-03
   6.2729212e-02   1.6955642e-01   3.1041511e+00  -1.2963202e-03   9.5454310e-04  -1.4248180e-03
   7.3968835e-02   1.8068223e-01   3.0889118e+00  -1.8429188e-03   1.3771082e-04  -1.7811966e-03
   6.1484422e-02   1.8475136e-01   3.0904909e+00  -1.5632128e-03   9.4996841e-04  -1.1017100e-03
   5.7500551e-02   1.8959621e-01   3.0923487e+00  -1.8713584e-03   6.9023216e-04  -1.0231844e-03
   6.6686523e-02   1.6880605e-01   3.0887861e+00  -2.0925941e-03   7.3656264e-04  -1.4700926e-03
   8.1334089e-02   1.7444089e-01   3.1151362e+00  -1.2225563e-03   1.4452820e-03  -1.2985423e-03
   5.6633444e-02   1.7226983e-01   3.1772819e+00  -7.0511104e-04   1.0700942e-03  -1.1260932e-03
   6.8836560e-02   1.7908556e-01   3.1259264e+00  -1.9523831e-03   9.2320944e-04  -1.2633317e-03
   9.0698864e-02   1.7034341e-01   3.1349774e+00  -1.7118520e-03   9.4382083e-04  -1.8521037e-03
   7.5592957e-02   1.6356316e-01   3.1530811e+00  -1.2727422e-03   9.1397135e-04  -1.4737841e-03
   6.9952326e-02   1.7015866e-01   3.1328721e+00  -1.7908040e-03   1.1351299e-03  -1.3511463e-03
   5.7094005e-02   1.7833371e-01   3.1527246e+00  -1.6002865e-03   8.3928998e-04  -1.1945095e-03
   9.1222406e-02   1.7802456e-01   3.1570845e+00  -1.6583926e-03   1.4810058e-03  -1.7785902e-03
   6.7920467e-02   1.7800406e-01   3.1610039e+00  -1.7853501e-03   1.0480247e-03  -1.4729930e-03
   7.1638641e-02   1.7750780e-01   3.1709755e+00  -1.5432944e-03   1.0857465e-03  -1.1881590e-03
   5.1534906e-02   1.8039212e-01   3.1945775e+00  -1.5926237e-03   9.9042198e-04  -9.5365592e-04
   3.5903987e-02   1.6503667e-01   3.0631788e+00  -2.6292890e-03   3.3451163e-04  -4.2398936e-04
   7.1667621e-02   2.1325650e-01   3.1047535e+00   2.2271990e-03  -1.0402326e-04  -1.8737013e-03
   9.3518120e-02   1.9491598e-01   3.1210885e+00  -2.3085834e-04   1.5842668e-03  -1.8892104e-03
   9.0033248e-02   1.9838950e-01   3.1219774e+00  -5.8541361e-07   1.2463645e-03  -1.8587402e-03
   8.9359949e-02   2.2395234e-01   3.1770300e+00   3.8876522e-04   1.3715487e-03  -1.7144355e-03
   8.4092838e-02   2.1579130e-01   3.1736987e+00   4.1568647e-04   1.3841232e-03  -1.7180482e-03
   9.8391513e-02   2.1553068e-01   3.1750686e+00   6.9905053e-06   1.3693951e-03  -2.2770986e-03
   8.5784537e-02   2.0980395e-01   3.1721796e+00  -8.2454561e-04   1.4397842e-03  -1.7763189e-03
   5.7840142e-02   1.9084286e-01   3.1410630e+00  -7.5034033e-04   1.3116576e-04  -1.6115613e-03
   5.3045078e-02   1.9735100e-01   3.2569395e+00   1.6442441e-04   3.0578881e-04  -1.5687362e-03
   5.0329228e-02   2.0621638e-01   3.2579054e+00  -9.3417775e-04  -3.4538038e-05  -1.2853309e-03
   6.0826356e-02   2.0584852e-01   3.2770506e+00  -1.1469334e-03  -3.4106139e-04  -1.6822081e-03
   7.3988815e-02   2.0764706e-01   3.2741492e+00  -6.9368016e-04  -3.0078373e-04  -1.5529887e-03
   4.8838654e-02   2.2741041e-01   3.2852915e+00  -5.5645453e-04  -4.6710530e-04  -1.3143337e-03
   4.0328084e-02   2.0309889e-01   3.2786063e+00  -1.1246838e-03  -4.1695477e-04  -7.7360566e-04
   5.0193398e-02   1.9959573e-01   3.2767125e+00  -8.6697959e-04  -1.5807808e-04  -8.5469995e-04
   8.5282508e-02   1.9499347e-01   3.2556979e+00   2.9564057e-05   9.3765901e-04  -1.7627704e-03
   8.8397134e-02   2.1692834e-01   3.2884725e+00  -1.0575311e-04   1.5549623e-04  -1.9718309e-03
   7.5309751e-02   1.9881107e-01   3.3337536e+00  -6.7580777e-04  -6.4699047e-04  -1.4775699e-03
   8.5117665e-02   1.8559914e-01   3.4085290e+00   5.3252005e-04  -2.0122608e-04  -1.6064345e-03
   8.1616335e-02   2.0975493e-01   3.3418084e+00  -7.3464059e-04   3.9122672e-04  -1.8731977e-03
   9.6295357e-02   1.9663112e-01   3.3445344e+00  -1.0172248e-03   2.5517585e-04  -1.6682744e-03
   8.6762902e-02   1.9517457e-01   3.3388251e+00  -1.1292645e-03   4.9679128e-05  -1.7305671e-03
   9.3490175e-02   1.7275755e-01   3.3569438e+00  -8.0355934e-04   5.5944749e-05  -1.9462555e-03
   4.7867193e-02   2.0669721e-01   3.3898253e+00  -2.4646529e-03  -2.3502085e-04  -9.5627656e-04
   8.2026772e-02   2.0027417e-01   3.3886551e+00  -8.8788949e-04   4.6712571e-04  -1.6229927e-03
   7.7707621e-02   2.0984522e-01   3.3807963e+00  -7.7302549e-04   5.8258944e-04  -1.6552871e-03
   8.6038579e-02   2.0093446e-01   3.3740238e+00  -1.3242681e-03   4.5657604e-04  -1.5524064e-03
   1.0392716e-01   2.1303637e-01   3.2876486e+00  -1.1341466e-03   1.0638541e-03  -2.6108514e-03
   1.0905573e-01   1.8936928e-01   3.3103054e+00  -1.8835738e-03   1.1961307e-03  -1.9474902e-03
   9.4538200e-02   2.1417548e-01   3.3229618e+00  -1.5639234e-03   1.0855073e-03  -1.4281576e-03
   9.9457608e-02   2.2471928e-01   3.4091068e+00  -1.7767918e-04   1.2476598e-03  -1.8721308e-03
   7.5384280e-02   2.0653930e-01   3.4019133e+00  -2.0828809e-03  -1.5313269e-04  -1.1485237e-03
   7.8875842e-02   1.9537981e-01   3.3951280e+00  -2.0684756e-03  -5.1325143e-04  -1.4076284e-03
   7.8909050e-02   1.9312312e-01   3.3480606e+00  -1.9487435e-03   3.3495998e-04  -1.5644394e-03
   5.3657555e-02   2.1914831e-01   3.3514675e+00  -2.2299784e-04   1.0153450e-03  -9.5796939e-04
   5.9776714e-02   2.1363970e-01   3.4198778e+00   4.7996134e-04   1.2120759e-03  -9.2262648e-04
   4.7686523e-02   1.9160456e-01   3.4191584e+00  -1.9089104e-03   6.6398024e-04  -7.0475321e-04
   3.9270901e-02   2.0921876e-01   3.4160875e+00  -1.3804840e-03   8.3321494e-04  -9.9147346e-04
   5.6181987e-02   1.9909876e-01   3.4440001e+00  -1.2591139e-03   6.7848669e-04  -1.0259710e-03
   4.3376882e-02   1.8723464e-01   3.4239278e+00  -1.5270263e-03   2.3298984e-04  -8.2296366e-04
   3.6873542e-02   1.6993397e-01   3.4625305e+00  -1.4831200e-03   3.3077421e-04  -5.5864606e-04
   5.9713498e-02   2.0062195e-01   3.4883218e+00  -9.2932008e-04   4.0448511e-04  -8.7343867e-04
   4.3361729e-02   1.8312609e-01   3.4754985e+00  -2.7106854e-03  -1.3663742e-04  -7.9483015e-04
   2.8398236e-02   1.7467745e-01   3.4675377e+00  -2.4593995e-03  -4.6940926e-04  -5.4806298e-04
   4.8695025e-02   1.8356478e-01   3.4850964e+00  -2.4063817e-03  -1.9065969e-04  -1.3159101e-03
   4.0202904e-02   1.8534078e-01   3.4756159e+00  -2.6711445e-03  -3.7046367e-04  -1.1093193e-03
   4.7043143e-02   1.9817780e-01   3.5350079e+00  -2.2018271e-03  -1.9217838e-04  -9.4068992e-04
   7.4581429e-02   1.7671100e-01   3.4948994e+00  -2.5352963e-03   2.8859281e-04  -1.5109504e-03
   3.7031031e-02   1.9508913e-01   3.4992217e+00  -3.3371901e-03  -3.8403492e-04  -6.0314801e-04
   5.1741970e-02   1.7629032e-01   3.5173388e+00  -2.0637425e-03  -8.5865897e-05  -9.6338163e-04
   6.1553727e-02   1.9841592e-01   3.5166570e+00  -2.3030392e-03   4.7519764e-04  -1.0281893e-03
   5.8729504e-02   1.8535919e-01   3.5333648e+00  -1.9290354e-03   3.4157400e-04  -1.0928171e-03
   5.3245238e-02   1.9004929e-01   3.5502203e+00  -2.2351839e-03   4.7132142e-04  -9.4177872e-04
   4.9290138e-02   1.8256693e-01   3.5467765e+00  -1.9978499e-03   2.3051136e-04  -1.2499207e-03
   7.5009299e-02   1.8411565e-01   3.5343485e+00  -2.1869186e-03   3.9456100e-04  -1.3012482e-03
   4.2264365e-02   1.9948871e-01   3.5865508e+00  -2.3780013e-03  -5.2241093e-05  -1.0696222e-03
   5.4107920e-02   1.8618456e-01   3.5379590e+00  -2.5549309e-03  -2.9293610e-06  -8.9941346e-04
   6.3754188e-02   1.6847210e-01   3.5628418e+00  -1.9634890e-03   3.3757105e-04  -7.9185941e-04
   6.5508934e-02   1.8105095e-01   3.5651272e+00  -1.9341816e-03  -1.2064536e-04  -1.4326183e-03
   6.3022765e-02   2.0436133e-01   3.6074085e+00  -2.0575565e-03   2.9292814e-04  -1.3459175e-03
   7.1522047e-03   1.6481636e-01   3.7114558e+00   6.0861938e-04   2.5053149e-03  -2.5214200e-04
   8.0558054e-02   2.0452045e-01   3.5110911e+00  -5.6327285e-03   3.2921018e-03  -6.8931544e-04
   8.0271816e-02   1.8863665e-01   3.4886892e+00  -4.3600821e-03   1.6895358e-03  -1.3903771e-03
   9.2395353e-02   2.0293988e-01   3.5361608e+00  -3.3282702e-03   1.7712921e-03  -1.5662276e-03
   7.3025067e-02   1.5146065e-01   3.5715841e+00  -4.3480875e-03   1.2150729e-03  -1.7074419e-03
   7.8400882e-02   2.0930537e-01   3.5751959e+00  -2.1126645e-03   1.7458318e-03  -1.8617428e-03
   9.1455161e-02   1.7770447e-01   3.5937320e+00  -2.9541583e-03   2.1736273e-03  -1.5758485e-03
   7.0889225e-02   1.8009600e-01   3.5777707e+00  -3.7629187e-03   1.1146556e-03  -1.4421481e-03
   9.2878015e-02   1.8797545e-01   3.6050628e+00  -3.9373174e-03   1.6137662e-03  -1.6475391e-03
   8.3166944e-02   1.8281898e-01   3.6183342e+00  -3.2187574e-03   1.6249596e-03  -1.4073176e-03
   7.1249112e-02   1.9546415e-01   3.6373253e+00  -4.0072067e-03   1.8935446e-03  -1.2336063e-03
   6.1232928e-02   1.8849726e-01   3.6432745e+00  -3.2610652e-03   1.3683794e-03  -1.1881773e-03
   6.2142595e-02   2.1398267e-01   3.6576796e+00  -3.0807276e-03   1.7848499e-03  -9.7269574e-04
   9.1549355e-02   2.0071846e-01   3.6394933e+00  -3.9041519e-03   2.1051718e-03  -1.5337285e-03
   7.6967709e-02   2.0931928e-01   3.6581059e+00  -3.3576911e-03   1.7689108e-03  -1.4594714e-03
   8.4853783e-02   1.8129815e-01   3.7110664e+00  -3.0898974e-03   1.4722504e-03  -1.5142479e-03
  -3.9084487e-02   1.1491233e-01   3.5787017e+00  -3.9455789e-03   9.2530387e-04  -8.0392328e-04
   4.2704719e-02   1.6289286e-01   3.4437249e+00  -1.3077896e-02   1.6444609e-03  -3.7706312e-04
   8.0409254e-02   1.8539203e-01   3.6906199e+00  -9.5550198e-03   6.8578688e-04  -1.0362550e-03
   8.7140354e-02   1.6284693e-01   3.7435836e+00  -9.2407702e-03   9.7930713e-04  -1.1790685e-03
   9.4472238e-02   1.7090447e-01   3.8268910e+00  -8.5076778e-03   9.8153392e-04  -1.3675894e-03
   8.3366182e-02   1.9313011e-01   3.8383014e+00  -9.0456163e-03   9.4464487e-04  -1.6047217e-03
   6.1783093e-02   2.1132244e-01   3.8470681e+00  -8.9946696e-03   7.1962531e-04  -9.0786330e-04
   1.0479326e-01   2.0582346e-01   3.9098725e+00  -8.1221154e-03  -4.6946601e-04  -1.9043966e-03
   7.2267544e-02   1.9452603e-01   3.9363164e+00  -8.1022016e-03  -7.9094770e-04  -1.4201444e-03
   1.0344699e-01   1.9943394e-01   3.9352091e+00  -8.4854936e-03  -1.8007485e-04  -2.0419354e-03
   7.4092606e-02   1.9903882e-01   3.9416951e+00  -8.4593712e-03  -4.6082524e-04  -1.6149130e-03
   7.8271014e-02   1.8794981e-01   3.9572726e+00  -7.6988528e-03  -1.3723970e-04  -1.6589907e-03
   8.0767164e-02   1.8395763e-01   3.9588217e+00  -8.5597392e-03  -2.9918162e-04  -1.5214808e-03
   9.4707602e-02   1.9942876e-01   3.9726408e+00  -7.9748834e-03   4.7727446e-04  -1.9459699e-03
   1.0194467e-01   2.2605531e-01   3.9545534e+00  -8.2557960e-03  -2.3021758e-04  -1.9466902e-03
   1.0158884e-01   2.0961651e-01   3.9736187e+00  -7.6216682e-03  -3.2799806e-04  -2.0303842e-03
   7.2413508e-02   1.9903290e-01   4.0096508e+00  -8.1317875e-03  -5.0500899e-04  -1.5115002e-03
   7.1329160e-02   1.7982382e-01   3.9789771e+00  -8.2632911e-03  -3.4031159e-04  -1.0747094e-03
   6.8929464e-02   1.6753179e-01   4.1164256e+00  -6.7012079e-03  -2.8465807e-04  -1.2096827e-03
   8.5151259e-02   1.6110396e-01   4.0142188e+00  -7.3849870e-03   3.7092670e-04  -1.3966449e-03
   7.2596320e-02   2.0194583e-01   4.0058991e+00  -7.9457058e-03   1.3381992e-04  -1.4642320e-03
   8.0912259e-02   1.9847666e-01   4.0310850e+00  -7.1052170e-03   5.6757866e-04  -1.4522817e-03
   7.4064181e-02   1.9983504e-01   4.0064778e+00  -7.9321436e-03  -6.8362234e-05  -1.1626390e-03
   9.6750022e-02   1.9379921e-01   4.0159139e+00  -7.4552184e-03  -6.2793262e-05  -1.6428557e-03
   8.6629936e-02   1.9403255e-01   4.0181416e+00  -7.7240658e-03   1.3366836e-04  -1.5525128e-03
   8.5964096e-02   1.9525169e-01   4.0883926e+00  -7.1883310e-03   4.5847549e-04  -1.6431063e-03
   8.7129242e-02   2.0459566e-01   4.0478813e+00  -7.7331442e-03   4.0807049e-04  -1.7972329e-03
   9.1720992e-02   1.7612424e-01   4.0656996e+00  -6.9248334e-03   9.7488104e-04  -1.5383419e-03
   6.9861872e-02   1.7534538e-01   4.0770193e+00  -6.8077076e-03   3.0829097e-04  -1.3256474e-03
   7.8087902e-02   2.0581735e-01   4.0686931e+00  -7.2778778e-03   3.1471451e-05  -1.2882767e-03
   8.9247678e-02   1.8724218e-01   4.1349215e+00  -6.1446381e-03   3.6519513e-04  -1.8972661e-03
   8.1120887e-02   1.8642513e-01   4.1162960e+00  -6.9245707e-03  -2.7306089e-04  -1.6307135e-03
   8.7245669e-02   1.9559453e-01   4.1114146e+00  -7.6181573e-03   2.5902594e-04  -1.4541204e-03
   1.0613748e-01   1.9933037e-01   4.1006598e+00  -7.0304982e-03   5.3615464e-04  -2.1029538e-03
   1.0462920e-01   2.1364419e-01   4.0806869e+00  -7.1328694e-03   1.1510922e-03  -1.7822521e-03
   9.2511113e-02   2.0555020e-01   4.1006701e+00  -7.2089585e-03   8.7647565e-04  -1.3743746e-03
   1.0744207e-01   1.8145640e-01   4.0995968e+00  -7.4596734e-03   8.8885669e-04  -2.2941577e-03
   8.3658537e-02   2.2405168e-01   4.1567378e+00  -7.2752258e-03   5.2857222e-04  -1.6901243e-03
   8.9594811e-02   1.7355599e-01   4.1613160e+00  -7.3859492e-03   1.7507290e-04  -1.5275145e-03
   7.7832275e-02   1.8636446e-01   4.1354169e+00  -7.8558413e-03  -3.8169235e-04  -1.0315021e-03
   9.8727572e-02   2.1535257e-01   4.1790467e+00  -6.9767483e-03  -4.4514886e-05  -1.8087297e-03
   9.7768518e-02   2.1186064e-01   4.1761322e+00  -7.6687856e-03  -2.5300567e-05  -1.3446164e-03
   9.9259522e-02   2.1646665e-01   4.1765235e+00  -7.3131812e-03   3.0665447e-04  -1.7276204e-03
   1.1458711e-01   2.0651989e-01   4.2000276e+00  -7.2710243e-03   6.5448753e-04  -2.2238149e-03
   9.5463796e-02   2.0266777e-01   4.1768714e+00  -7.2444711e-03   6.7813010e-04  -1.6987274e-03
  -2.6684812e-02   2.8851740e-01   3.5843981e+00  -1.8954703e-03   1.6653076e-03  -2.3176198e-03
   3.1846071e-02  -9.2981710e-02   3.5687130e+00   1.6312317e-02  -3.1503423e-04  -4.9134347e-03
  -7.0441315e-02   6.5408661e-02   3.0930740e+00   2.2126391e-03  -9.7316344e-04  -2.3537798e-03
   9.5581147e-02   1.2462573e-01   3.1783534e+00  -6.4366409e-03   4.0401106e-03  -1.8681284e-03
   9.3981788e-02   1.3978244e-01   3.4565573e+00  -4.1508973e-03   2.0315951e-03  -1.8176529e-03
   1.1452689e-01   1.2257261e-01   3.5240072e+00  -4.0544099e-03   1.9975115e-03  -2.3020095e-03
   1.0663731e-01   1.3725692e-01   3.5712789e+00  -4.2884099e-03   1.8236121e-03  -2.0611296e-03
   1.1262786e-01   1.4388042e-01   3.6033145e+00  -3.5466031e-03   2.1042920e-03  -2.3289785e-03
   1.2038263e-01   1.4258105e-01   3.6042693e+00  -3.9974103e-03   2.3811041e-03  -2.4366795e-03
   1.0318459e-01   1.4359480e-01   3.6030478e+00  -4.5926032e-03   2.0477713e-03  -1.9892303e-03
   1.1416658e-01   1.6164625e-01   3.6275373e+00  -3.6631052e-03   2.3397970e-03  -2.0142931e-03
   1.1040792e-01   1.5644427e-01   3.6321708e+00  -3.9704305e-03   2.2439345e-03  -2.2151365e-03
   1.1312855e-01   1.6994732e-01   3.6707696e+00  -3.5652349e-03   1.9847659e-03  -2.2574775e-03
