   0.0000000e+00   0.0000000e+00   0.0000000e+00   0.0000000e+00   0.0000000e+00   0.0000000e+00
  -2.7745501e-03   1.3309142e-02   1.2769188e-02  -4.4486857e-04   6.4151200e-04   1.2927530e-04
  -5.3258067e-03  -1.2351809e-03   2.0031106e-02  -2.1030301e-04  -2.4189011e-04  -4.3266870e-05
  -4.1231159e-03  -5.2557452e-03   1.6393382e-02  -2.2317663e-04  -5.0025549e-04  -9.5984807e-06
  -5.5548882e-03   5.4134340e-03   3.0357963e-02  -4.4551390e-04  -4.1730579e-05  -4.4779531e-04
  -7.2741613e-03  -1.0986008e-02   7.7938773e-03  -1.2654750e-03  -3.6917072e-04  -4.2772837e-04
  -3.6574192e-03   9.1787071e-03   1.1124958e-02  -9.1227641e-04  -1.3340070e-03  -6.4659065e-04
   2.2108375e-03   6.4584784e-03   1.5821211e-02  -1.0196996e-03  -6.0637101e-04  -4.4473744e-04
  -6.0525436e-03   1.1862754e-02   6.4313220e-03  -1.5505155e-03   2.3954924e-04   3.2811052e-04
   9.1337948e-04   5.1304641e-03   7.8967785e-03  -1.5896290e-03  -6.8635775e-04  -2.1785366e-04
  -2.4906785e-02  -4.1158425e-03   1.6433922e-02  -1.6009971e-03  -1.5059672e-03  -1.9809485e-04
  -1.0259083e-02   4.0669925e-02   1.0018045e-02  -1.9527669e-03  -8.6324160e-04  -1.7172225e-04
  -8.7559863e-03   6.4851840e-03   2.8099502e-02  -1.3779446e-03  -6.7293924e-04  -2.7771023e-04
  -2.6643842e-02  -2.5352327e-02   2.1356460e-02  -1.7600809e-03  -6.0995090e-04  -1.5318947e-04
  -3.0203719e-02   2.8658684e-02   2.3910978e-02  -2.1040316e-03  -1.4609568e-04  -4.3232663e-04
  -2.2096374e-02  -1.7820767e-02   1.6296282e-02  -2.8856128e-03  -4.9466371e-04  -2.0641959e-04
  -3.1835196e-02   1.3081057e-02   3.5076105e-02  -1.9713708e-03  -4.1338253e-04   1.9600153e-04
  -3.5597396e-02   1.7752039e-02   1.5088332e-02  -2.5303954e-03  -1.2751497e-03  -5.0465570e-05
  -2.9632912e-02   1.2671502e-02   3.2448116e-02  -2.7089011e-03  -7.5430964e-04   3.8438623e-04
  -2.1113524e-02   2.8313525e-02   5.9068684e-02  -2.6816514e-03  -5.5266210e-04  -4.9017951e-06
  -2.9337667e-02   1.1600001e-02   5.3576571e-02  -2.8853534e-03  -8.4782420e-04  -5.5718814e-05
  -3.6134032e-02   2.1779031e-02   3.2430293e-02  -3.6093834e-03  -8.6864101e-04  -2.1614850e-04
  -4.2322370e-02   8.8193475e-03   6.2357756e-02  -2.9972836e-03  -1.3360509e-03   9.0180614e-05
  -4.5598149e-02   8.9545649e-03   7.1860801e-02  -2.4639391e-03  -5.6134618e-04   1.0841479e-04
  -4.4234639e-02   4.6289438e-04   5.9265878e-02  -3.9717160e-03  -1.4496126e-03  -8.4348295e-05
  -2.2496833e-02   2.1513604e-02   9.2304442e-02  -4.0673329e-03  -4.5081775e-04  -2.9759455e-04
  -4.8481856e-02   1.5118351e-02   1.1656817e-01  -3.0516138e-03  -4.2677476e-04  -1.2732627e-04
  -4.5428882e-02  -7.0231143e-03   1.2689860e-01  -3.4399619e-03  -6.5302539e-05   2.6836652e-04
  -4.5916751e-02   3.4969924e-02   1.1035641e-01  -4.1322531e-03   3.2651973e-04  -4.2116227e-04
  -5.2058788e-02   7.0827258e-03   9.7445413e-02  -3.5776611e-03  -9.0859368e-04  -1.1767813e-04
  -3.9033326e-02   6.8707339e-03   1.3110394e-01  -3.8522172e-03  -4.6599397e-04  -3.6400273e-04
  -3.7416352e-02   1.9498548e-02   1.5306894e-01  -3.6245248e-03  -9.4863451e-05  -2.4063800e-04
  -5.7001699e-02   1.0077616e-02   9.1508962e-02  -4.0348481e-03   1.2065949e-05  -1.6144750e-04
  -4.7350114e-02   7.1871856e-03   1.2457494e-01  -3.9889762e-03  -1.6045707e-04   5.0131314e-05
  -4.1335755e-02   1.2995827e-02   1.4883659e-01  -3.8615714e-03  -3.7254168e-04  -5.1408114e-04
  -4.3025935e-02   4.5996971e-02   4.0852465e-02  -4.8048643e-03   7.8221428e-05  -6.4198925e-04
  -3.8347487e-02   1.9687713e-02   1.2248067e-01  -3.0655768e-03   2.2852511e-04  -5.9854529e-04
  -5.0720337e-02   4.2007102e-03   1.5636928e-01  -3.4958837e-03  -4.0577679e-04  -8.3847118e-04
  -6.8339185e-02   1.4259105e-02   1.5933811e-01  -4.0272846e-03  -1.6989887e-04  -2.1305712e-04
  -5.6648312e-02   5.1820175e-02   1.2904482e-01  -4.0729114e-03   1.0951001e-04  -6.8231085e-04
  -4.6843081e-02   3.1427705e-02   1.6609766e-01  -3.9198742e-03   3.7400409e-04  -5.5756078e-04
  -4.9205254e-02   3.3158041e-02   1.4372067e-01  -4.7574510e-03  -2.9084575e-04  -7.6081397e-04
  -8.0691650e-02   2.8735844e-02   1.4126262e-01  -4.5056124e-03   5.2289565e-04   2.9045365e-04
  -9.3225458e-02   3.7287112e-02   9.7561159e-02  -4.4218305e-03  -3.7337335e-04   6.0038352e-04
  -7.2814093e-02   1.3488176e-02   1.8366029e-01  -4.6940197e-03  -4.7393152e-04  -2.5167632e-04
  -7.7391396e-02   2.5092627e-02   1.9640488e-01  -4.8294563e-03  -3.1103836e-04  -1.6403650e-04
  -8.3249995e-02   5.8296842e-03   1.7064911e-01  -4.3592828e-03  -1.8416299e-04  -3.8723565e-05
  -9.3194677e-02   1.1416196e-02   2.0629636e-01  -4.8090868e-03  -7.9292109e-05   1.1198985e-04
  -9.2346089e-02   4.1232881e-02   1.6662195e-01  -6.2459077e-03   7.0396380e-04   1.1673013e-04
  -9.3281562e-02   1.8573549e-02   2.0286707e-01  -2.3881163e-03   3.7727546e-05  -2.6743878e-04
  -9.4097872e-02   3.5168991e-02   2.4928057e-01  -4.5249471e-03  -5.9849456e-04   7.3450368e-05
  -8.6735879e-02   4.8587209e-02   2.4426944e-01  -4.1345330e-03   4.0230498e-04  -6.4343045e-04
  -9.3337171e-02   5.5366485e-02   2.4782739e-01  -3.1782960e-03   2.4151725e-04  -4.9208424e-04
  -1.0030097e-01   3.8594219e-02   2.4881003e-01  -5.1559998e-03  -3.6108911e-04  -3.1194480e-04
  -9.9807896e-02   6.5540646e-02   2.5816614e-01  -4.9594977e-03  -1.0172367e-05  -2.3353520e-04
  -1.0323376e-01   8.7787068e-02   1.5574193e-01  -6.2694535e-03   7.4969295e-04  -4.5129718e-04
  -1.1718460e-01   6.0566291e-02   2.0413480e-01  -4.2281704e-03  -1.2063471e-03  -3.1430845e-04
  -9.5794858e-02   1.8808214e-02   2.4175715e-01  -5.1813689e-03  -2.6534544e-04  -4.6395517e-04
  -1.1921995e-01   4.3293578e-02   2.8698713e-01  -4.3077583e-03   2.0884685e-04  -3.2507371e-04
  -1.2126424e-01   1.7881756e-02   2.9787897e-01  -5.0601737e-03   5.9254663e-04  -3.3895022e-04
  -9.4852941e-02   4.4254787e-02   2.3827240e-01  -6.2702289e-03   7.2288060e-04  -3.6004763e-04
  -9.9232294e-02   1.0292584e-02   2.8015162e-01  -5.5236214e-03   3.8343244e-04  -2.0696277e-04
  -1.0629034e-01   3.3425912e-02   3.0895197e-01  -5.3821357e-03   2.4567706e-04  -6.4202031e-05
  -1.3461773e-01   5.4058270e-02   2.3188504e-01  -4.3969807e-03   3.0134425e-04  -1.2732780e-04
  -1.1770301e-01   3.9130564e-02   3.0661777e-01  -4.9041881e-03   4.4817252e-04  -3.1836983e-04
  -1.2828544e-01   2.9780693e-02   3.3324470e-01  -4.9997591e-03   5.2414366e-04   1.2910143e-04
  -1.1173996e-01   2.8283610e-02   3.6755445e-01  -5.1328735e-03   5.1508435e-04  -3.4565914e-04
  -1.1857957e-01   3.6148808e-02   3.4745963e-01  -5.2268847e-03   1.1667343e-03  -9.1626973e-05
  -1.2514748e-01   4.7895447e-02   3.4963298e-01  -5.3609340e-03   8.5826827e-04   3.7080505e-05
  -1.2498127e-01   6.7508203e-02   3.7237575e-01  -5.5376829e-03   1.0323994e-03   1.1607395e-04
  -1.2058105e-01   8.4051374e-02   3.6912487e-01  -6.3045898e-03   7.0357573e-04   8.7366190e-05
  -1.4144168e-01   6.9816172e-02   3.5483911e-01  -6.1285640e-03   3.6347043e-04   7.0359280e-05
  -1.2055243e-01   6.7043881e-02   3.8202689e-01  -5.6265541e-03   4.4979027e-04  -5.8610056e-04
  -1.3346735e-01   7.8266344e-02   2.4344146e-01  -4.6784196e-03   1.2156869e-03  -1.8521512e-04
  -1.5118518e-01   9.7923343e-02   2.6911383e-01  -4.0672203e-03   1.9407601e-03  -4.1145110e-04
  -1.2608595e-01   3.8411344e-02   3.4890884e-01  -3.0113883e-03   6.7815191e-04  -7.4854815e-04
  -1.2686185e-01   5.6730523e-02   4.1266970e-01  -4.7268669e-03   1.1140800e-03  -5.2034446e-04
  -1.3118431e-01   6.6470728e-02   4.2994381e-01  -5.3883115e-03   1.2389471e-03  -6.3241940e-04
  -1.2913286e-01   9.4361055e-02   4.8602793e-01  -4.4441871e-03   9.6444868e-04  -4.5626627e-04
  -1.2758178e-01   6.9818533e-02   4.6859090e-01  -5.1439801e-03   1.7362116e-03  -5.8653025e-04
  -1.4595710e-01   5.2224131e-02   4.4054471e-01  -5.5713126e-03   1.2075552e-03  -1.5234681e-04
  -1.3966496e-01   4.3698726e-02   4.3349353e-01  -6.1080427e-03   1.6877778e-03  -2.6290570e-04
  -1.4469437e-01   2.2311189e-02   4.6974249e-01  -5.4192662e-03   6.4344755e-04  -4.1756289e-04
  -1.3919349e-01   3.2947799e-02   4.6671715e-01  -5.6866824e-03   1.0121102e-03   1.5764171e-04
  -1.3004539e-01   5.5049365e-02   4.7659712e-01  -6.1380292e-03   1.5787001e-03  -5.9054279e-04
  -1.3950722e-01   8.2165431e-02   4.9352099e-01  -6.1592242e-03   1.4753174e-03  -4.5227982e-04
  -1.2728949e-01   1.0179487e-01   5.1253781e-01  -5.3841140e-03   2.0211002e-03  -8.6525814e-04
  -1.3852969e-01   9.0945820e-02   5.0283422e-01  -5.7863637e-03   1.5364472e-03  -3.1513610e-04
  -1.3787741e-01   1.1197163e-01   5.2027404e-01  -5.5453431e-03   1.0831520e-03  -3.0469815e-04
  -1.5934115e-01   1.0149347e-01   4.4329229e-01  -5.6300362e-03   1.0974205e-03  -1.2987484e-04
  -1.4332831e-01   8.4749760e-02   5.4388771e-01  -5.4970076e-03   8.3178903e-04  -3.1338466e-04
  -1.3701151e-01   8.4776536e-02   5.8610681e-01  -5.7120936e-03   1.0623914e-03  -6.5094456e-04
  -1.4260132e-01   1.3502740e-01   5.6704139e-01  -5.9624170e-03   8.1545277e-04  -1.0225424e-03
  -1.4872629e-01   8.6806309e-02   5.2969043e-01  -4.9957573e-03   1.2317695e-03  -6.7010637e-04
  -1.3205753e-01   9.0930627e-02   5.8572381e-01  -6.4083398e-03   1.7033296e-03  -9.9831677e-04
  -1.5475140e-01   1.0321931e-01   5.2605854e-01  -6.0204999e-03   1.0113204e-03  -9.0851300e-04
  -1.5940273e-01   6.7275737e-02   5.6300388e-01  -4.5573891e-03   1.1033895e-03  -1.0399223e-03
  -1.3712697e-01   1.0248200e-01   6.4168985e-01  -5.7528902e-03   3.2796392e-04  -1.4404276e-03
  -1.3797794e-01   7.5885045e-02   6.5480749e-01  -5.5939675e-03   1.1573741e-03  -8.8888405e-04
  -1.4617319e-01   1.0914470e-01   6.6213709e-01  -6.3343009e-03   1.4208274e-03  -3.7786350e-04
  -1.6084853e-01   7.1251220e-02   6.4447497e-01  -6.2245535e-03   1.1058974e-03  -3.3534950e-04
  -1.6853694e-01   8.7504842e-02   6.4962204e-01  -6.4094137e-03   1.0514085e-03   1.6488740e-05
  -1.6332820e-01   5.6741041e-02   6.1525410e-01  -6.8124775e-03   9.7592967e-04   4.9534113e-05
  -1.5704371e-01   1.1080707e-01   6.4529837e-01  -6.1857923e-03   1.5693697e-03  -4.1515327e-04
  -1.4936597e-01   1.1426926e-01   6.3189203e-01  -6.9767986e-03   1.1134530e-03  -8.7882106e-04
  -1.7873367e-01   1.4933265e-01   5.8401476e-01  -5.1336641e-03   5.0509170e-04  -6.2324105e-04
  -1.5608508e-01   9.4262673e-02   6.4416708e-01  -5.6532222e-03   7.0750616e-04  -4.8009801e-04
  -1.5995787e-01   1.0390720e-01   6.9045354e-01  -5.4912648e-03   1.0421826e-03  -1.5568934e-04
  -1.7470233e-01   1.3550395e-01   5.8479928e-01  -5.3529651e-03   2.2127593e-03  -7.3876035e-05
  -1.4755755e-01   1.2168013e-01   7.0728118e-01  -4.5449555e-03   3.0866410e-04  -4.9558886e-04
  -1.4974678e-01   1.2018282e-01   7.4867174e-01  -4.6066067e-03   2.0592863e-04  -6.2309288e-04
  -1.7176988e-01   1.2330210e-01   7.0487562e-01  -6.5490036e-03   1.0494596e-03  -3.4579192e-04
  -1.5649151e-01   1.3465552e-01   7.0495131e-01  -3.9670187e-03   9.7035328e-04  -8.9017460e-04
  -1.5878400e-01   1.2376115e-01   7.4265259e-01  -6.1531783e-03   6.9599096e-04  -6.9168753e-04
  -1.5535361e-01   1.0481907e-01   8.1006162e-01  -5.3691779e-03   6.0052666e-04  -7.8599898e-04
  -1.6210952e-01   1.1042094e-01   8.1140092e-01  -5.6936023e-03   6.5158982e-04  -5.2600923e-04
  -1.4052790e-01   1.3243416e-01   7.9355404e-01  -6.3699909e-03   9.2920062e-04  -7.3209475e-04
  -1.7144287e-01   1.1721114e-01   7.6480932e-01  -6.2034163e-03   7.8247583e-04   5.9736813e-05
  -1.6434690e-01   1.2075232e-01   8.1510006e-01  -5.8862374e-03   1.0348519e-03  -3.3403835e-04
  -1.7285049e-01   1.1269362e-01   7.4915494e-01  -7.8769116e-03   1.2265405e-03  -3.4172133e-05
  -1.8132318e-01   1.3719848e-01   7.4579348e-01  -4.3823906e-03   7.3644779e-04  -3.9738791e-04
  -1.8261688e-01   1.3264188e-01   7.3190864e-01  -4.5807107e-03   9.1881195e-04  -8.9715821e-05
  -1.6297180e-01   1.2724974e-01   8.2479766e-01  -3.6684823e-03   1.0994516e-03  -4.7076558e-04
  -1.7344467e-01   1.3824141e-01   8.6660818e-01  -4.6196327e-03   7.5754805e-04  -2.6354392e-04
  -2.0055610e-01   2.0213326e-01   7.4053301e-01  -7.7112535e-03   1.7822397e-03  -8.3477681e-04
  -1.6023236e-01   1.6075930e-01   8.0287204e-01  -3.4383155e-03   3.4266217e-03  -9.8675009e-05
  -1.4762843e-01   1.3281792e-01   8.8656673e-01  -5.0380603e-03   1.8513505e-03  -8.1952473e-04
  -1.6114214e-01   1.1998885e-01   8.8578060e-01  -6.2280485e-03   1.3358351e-03  -5.7405517e-04
  -1.6750513e-01   1.3663168e-01   9.3308479e-01  -6.4057981e-03   1.3199650e-03  -5.0423338e-04
  -1.8571299e-01   1.8173224e-01   8.9263702e-01  -6.6549581e-03   1.8700932e-03   1.8606051e-04
  -1.5625665e-01   1.8034112e-01   9.0303359e-01  -6.1319742e-03   1.4230260e-03  -4.5776156e-04
  -1.6124242e-01   1.1992432e-01   9.3752463e-01  -6.3166991e-03   1.8106149e-03  -6.0528261e-04
  -1.7616780e-01   1.5854935e-01   9.5085564e-01  -7.0123532e-03   9.3892533e-04  -5.4972136e-04
  -1.6633856e-01   1.6723994e-01   9.4231183e-01  -6.9504272e-03   1.3443562e-03  -7.4913574e-04
  -1.5826457e-01   1.5304355e-01   9.5655258e-01  -7.0092230e-03   1.1554086e-03  -1.0846550e-03
  -1.9886986e-01   1.5316747e-01   8.9084841e-01  -5.7665589e-03   1.8546852e-03  -3.6689391e-04
  -1.7935492e-01   1.3012534e-01   9.6189900e-01  -6.1942025e-03   1.1308506e-03  -7.8907063e-04
  -1.8434428e-01   1.4940346e-01   9.8466435e-01  -6.2554638e-03   1.2210932e-03  -7.1090343e-04
  -1.8138993e-01   1.4684103e-01   1.0291540e+00  -6.0580315e-03   2.0201709e-03  -6.1194936e-04
  -1.7673535e-01   1.4736212e-01   1.0120355e+00  -6.9369794e-03   1.3441445e-03  -2.0382540e-04
  -1.7649272e-01   1.6429373e-01   9.7440796e-01  -7.7503035e-03   2.0296830e-03  -2.4749486e-05
  -1.7343700e-01   1.5704080e-01   1.0094528e+00  -6.8306442e-03   1.2568130e-03  -1.8510567e-04
  -1.6874968e-01   1.6856047e-01   1.0463604e+00  -6.2788284e-03   7.3620853e-04  -6.8839749e-04
  -1.8960330e-01   1.6460175e-01   1.0794878e+00  -6.5558382e-03   1.3804876e-03  -6.2385413e-04
  -1.7475084e-01   1.5269860e-01   1.0738966e+00  -6.6098081e-03   1.0598961e-03  -5.9654089e-04
  -1.7218642e-01   1.7089113e-01   1.0697649e+00  -6.1330337e-03   1.3032530e-03  -5.6377772e-04
  -1.7186577e-01   1.7292365e-01   1.0775645e+00  -6.0769132e-03   2.0307546e-03  -6.6311636e-04
  -1.7366582e-01   1.8636282e-01   1.0804892e+00  -5.8078090e-03   1.1864056e-03  -7.2639353e-04
  -1.7182338e-01   1.7044482e-01   1.0879444e+00  -6.5123864e-03   1.4552436e-03  -5.0440940e-04
  -1.8039508e-01   1.8738844e-01   1.0971754e+00  -6.4270568e-03   1.5735174e-03  -6.8395870e-04
  -1.8215061e-01   1.5587211e-01   1.1120492e+00  -6.6305407e-03   1.7113892e-03  -3.7617470e-04
  -1.8324907e-01   1.8435982e-01   1.1049845e+00  -7.1466653e-03   1.5258705e-03  -4.2519244e-04
  -1.8000890e-01   1.8252652e-01   1.1366401e+00  -6.9040584e-03   7.2668785e-04  -7.0725330e-04
  -1.9483272e-01   1.9363757e-01   1.0883440e+00  -5.4315066e-03   1.8511835e-03  -3.7195123e-04
  -1.7899060e-01   1.7646306e-01   1.1581322e+00  -3.7240006e-03   1.1333276e-03  -1.1690213e-03
  -1.7694455e-01   1.5296837e-01   1.1967085e+00  -4.7197353e-03   1.7491714e-03  -4.3914187e-04
  -1.8519577e-01   1.9187312e-01   1.1805716e+00  -5.2598153e-03   2.3755238e-03  -1.6127709e-04
  -1.8852611e-01   1.9026809e-01   1.1750790e+00  -5.4183079e-03   1.8269008e-03  -3.5218340e-04
  -1.7593675e-01   2.1564592e-01   1.2121598e+00  -5.4212354e-03   1.8997562e-03  -5.4117084e-04
  -1.8198487e-01   1.9294504e-01   1.2204671e+00  -5.7976258e-03   2.0221397e-03  -4.2025101e-04
  -1.9117211e-01   2.1792249e-01   1.2511764e+00  -6.0402638e-03   1.8297756e-03  -2.1501732e-04
  -1.7834044e-01   2.0542495e-01   1.2616442e+00  -6.0591824e-03   2.1332938e-03  -4.1363735e-04
  -1.7642355e-01   2.2536057e-01   1.2309931e+00  -6.5999452e-03   2.4974224e-03  -3.7139056e-04
  -1.6403604e-01   2.3094995e-01   1.2505521e+00  -6.4119368e-03   1.6786171e-03  -5.7864602e-04
  -1.8285294e-01   1.8372518e-01   1.2632724e+00  -6.6037250e-03   1.0939295e-03  -5.8899622e-05
  -1.5571651e-01   2.4033378e-01   1.2658081e+00  -6.9149109e-03   2.4526483e-03  -1.5328138e-03
  -1.9191843e-01   2.5523733e-01   1.1751701e+00  -5.3884292e-03   2.6390277e-03  -7.3367909e-04
  -1.4489297e-01   2.0804648e-01   1.2998045e+00  -4.5582102e-03   1.6150993e-03  -1.1470789e-03
  -1.7449031e-01   2.3058226e-01   1.3327671e+00  -5.8776692e-03   1.4572393e-03  -5.4661183e-04
  -1.6348754e-01   2.2964158e-01   1.3737622e+00  -5.9781182e-03   1.3593450e-03  -9.4881042e-04
  -1.7276535e-01   2.1644605e-01   1.3698831e+00  -6.4008003e-03   1.7020453e-03  -7.5227996e-04
  -1.5553376e-01   2.1617168e-01   1.3918645e+00  -5.7603969e-03   1.8285057e-03  -1.0591738e-03
  -1.5687820e-01   2.5293842e-01   1.3722072e+00  -6.7781046e-03   1.4979899e-03  -1.0933534e-03
  -1.9243756e-01   2.6548444e-01   1.2743117e+00  -5.8045713e-03   1.5976686e-03  -2.1381294e-04
  -1.9087831e-01   2.2846249e-01   1.3584575e+00  -7.1420502e-03   1.2041682e-03  -3.2558359e-04
  -1.9484280e-01   1.9586606e-01   1.4072260e+00  -6.2176332e-03   1.5421452e-03   1.6570509e-04
  -1.7530583e-01   2.2673536e-01   1.4405208e+00  -5.6129055e-03   1.4287467e-03  -4.5587194e-04
  -1.6821023e-01   2.2813506e-01   1.4138869e+00  -6.6506930e-03   2.3752527e-03  -6.2315137e-04
  -1.7835770e-01   2.1939533e-01   1.4175643e+00  -6.7573157e-03   2.0079409e-03  -4.4574097e-04
  -1.6855402e-01   2.1126182e-01   1.4633016e+00  -6.0594974e-03   1.7604293e-03  -4.2942688e-04
  -1.7917045e-01   2.2381649e-01   1.4788083e+00  -6.9665240e-03   1.8513923e-03  -2.3513819e-04
  -1.7217694e-01   2.2029473e-01   1.4997975e+00  -6.1467358e-03   1.5694107e-03  -4.2981770e-04
  -1.9624156e-01   2.9880643e-01   1.4017799e+00  -4.8834358e-03   1.8054707e-03  -5.7127800e-06
  -1.6256378e-01   2.2561502e-01   1.4729198e+00  -6.0255476e-03   1.5874814e-03  -8.6634806e-04
  -1.7268738e-01   2.2680793e-01   1.5085045e+00  -6.9490505e-03   1.7312079e-03  -6.7718809e-04
  -1.7281840e-01   2.4284731e-01   1.5017736e+00  -6.6937862e-03   1.5062918e-03  -8.0754319e-04
  -1.4263829e-01   2.4640274e-01   1.5670173e+00  -6.3617525e-03   2.2150979e-03  -1.1291239e-03
  -1.6691332e-01   2.5407985e-01   1.5622665e+00  -6.6170149e-03   1.4942620e-03  -1.0325578e-03
  -1.5874601e-01   2.4731555e-01   1.5841289e+00  -7.2851966e-03   2.0734123e-03  -7.1678794e-04
  -1.7633780e-01   2.8228595e-01   1.5191093e+00  -8.6543008e-03   1.5596631e-03  -9.7349901e-04
  -1.8002504e-01   2.5247867e-01   1.5313395e+00  -5.4516123e-03   1.8527254e-03  -7.3749997e-04
  -1.7842291e-01   2.1824641e-01   1.5997912e+00  -6.8339161e-03   1.5362836e-03  -4.7559441e-04
  -1.9421577e-01   2.5763518e-01   1.5568299e+00  -7.0760393e-03   2.8080341e-03  -9.1562685e-04
  -1.7964771e-01   2.7602200e-01   1.5264709e+00  -3.9605434e-03   2.9868147e-03  -5.7161968e-04
  -1.5848407e-01   2.7242480e-01   1.6618013e+00  -4.6705094e-03   2.4347422e-03  -1.0615500e-03
  -1.6785576e-01   2.5886985e-01   1.6830287e+00  -6.7517786e-03   1.7350820e-03  -9.2987423e-04
  -1.6833788e-01   2.7302388e-01   1.7209521e+00  -6.8300690e-03   2.2729044e-03  -1.0140368e-03
  -1.8311070e-01   3.1587260e-01   1.6525836e+00  -8.2019240e-03   2.1699483e-03  -9.3252889e-04
  -1.7068189e-01   2.6764226e-01   1.7004570e+00  -4.5043205e-03   1.8955345e-03  -5.3035557e-04
  -1.8180386e-01   2.7948564e-01   1.7537611e+00  -6.4076792e-03   2.1905070e-03  -6.2320898e-04
  -1.7108438e-01   2.4505612e-01   1.7696664e+00  -6.7676920e-03   1.8864545e-03  -7.5427578e-04
  -1.7753523e-01   2.5128245e-01   1.7876961e+00  -7.0380166e-03   2.2690696e-03  -4.2307890e-04
  -1.5604289e-01   2.6801950e-01   1.7869290e+00  -6.5983670e-03   2.1872460e-03  -9.2853830e-04
  -1.6170097e-01   2.9232756e-01   1.7793210e+00  -7.1884713e-03   2.5450898e-03  -1.2238284e-03
  -1.8100842e-01   3.1197137e-01   1.7515896e+00  -8.6558418e-03   2.1364943e-03  -3.9185214e-04
  -1.7550118e-01   2.5986888e-01   1.7911295e+00  -8.6047753e-03   2.6738505e-03  -2.5549879e-04
  -1.6130561e-01   4.2232634e-01   1.8128914e+00  -8.1607390e-03   1.5889448e-03  -2.1320395e-03
  -1.6360586e-01   3.1153548e-01   1.7962261e+00  -8.2082492e-03   2.7242776e-03  -9.6431814e-04
  -1.7183432e-01   2.6928540e-01   1.8295688e+00  -9.0120878e-03   1.9092354e-03  -7.1454868e-04
  -1.7266625e-01   2.5123765e-01   1.8556855e+00  -8.0380689e-03   2.0236668e-03  -6.8507215e-04
  -1.8271734e-01   2.8032539e-01   1.8582081e+00  -8.7698765e-03   1.9791147e-03  -6.4238643e-04
  -1.8129414e-01   2.9421215e-01   1.8884067e+00  -8.1433805e-03   2.4676608e-03  -7.2795698e-04
  -1.7737344e-01   2.8933355e-01   1.8960972e+00  -7.9182685e-03   2.2359145e-03  -8.2088239e-04
  -1.8170862e-01   3.0402706e-01   1.8377543e+00  -7.1223166e-03   1.6328399e-03  -7.2705903e-04
  -1.6271437e-01   3.0353490e-01   1.8606336e+00  -7.5623992e-03   1.7758002e-03  -6.7597112e-04
  -1.7100777e-01   2.6018443e-01   1.9043496e+00  -6.7106107e-03   2.1650940e-03  -5.9507524e-04
  -1.8254923e-01   2.8282771e-01   1.9341441e+00  -7.1990510e-03   1.9855010e-03  -4.0575190e-04
  -1.6358032e-01   3.1644770e-01   1.9319307e+00  -7.2743482e-03   1.7203306e-03  -8.1324962e-04
  -1.8136062e-01   3.2200724e-01   1.8773950e+00  -7.6245952e-03   2.2081578e-03  -3.7363204e-04
  -1.6150500e-01   3.1059270e-01   1.9077804e+00  -5.4440647e-03   1.8452305e-03  -4.6247570e-04
  -1.8340980e-01   2.9808024e-01   1.9381666e+00  -7.1993510e-03   1.1153630e-03  -2.4944522e-04
  -2.1728321e-01   2.3866303e-01   1.9769995e+00  -6.3725006e-03   2.1343183e-03  -4.6148650e-04
  -1.6844643e-01   3.3895412e-01   1.9011188e+00  -6.7531207e-03   2.2205301e-03  -6.8644096e-04
  -1.7566233e-01   3.1239492e-01   2.0147625e+00  -6.1655215e-03   1.7772721e-03  -8.8099538e-04
  -1.6105636e-01   3.2396220e-01   2.0192488e+00  -7.5227187e-03   2.2347563e-03  -8.5266225e-04
  -1.8381694e-01   3.6886953e-01   1.9568968e+00  -4.1574225e-03   2.4185447e-03  -6.4600781e-04
  -1.7284318e-01   3.5826618e-01   2.0392915e+00  -5.2550490e-03   1.3499754e-03  -1.2466803e-03
  -1.6472468e-01   3.3154501e-01   2.0608146e+00  -6.1274288e-03   2.0580536e-03  -9.0322863e-04
  -1.6226303e-01   3.5621188e-01   2.0553510e+00  -6.4697259e-03   2.6764424e-03  -1.8190907e-03
  -2.4119816e-01   3.1051098e-01   2.0766812e+00  -2.3490950e-03   1.0835646e-03   7.2212067e-04
  -1.7905493e-01   3.4293084e-01   2.1000975e+00  -5.0029754e-03   1.6507681e-03  -8.1555807e-04
  -1.8491356e-01   3.3326606e-01   2.1095034e+00  -5.9881441e-03   2.3698269e-03  -7.0471489e-04
  -1.6747928e-01   3.2999202e-01   2.1301986e+00  -6.6833289e-03   1.9007687e-03  -1.1032599e-03
  -1.8169409e-01   3.4774247e-01   2.0739569e+00  -5.9991180e-03   1.4394367e-03  -6.8413034e-04
  -1.6366315e-01   3.5619045e-01   2.0937667e+00  -7.5493687e-03   2.4804762e-03  -1.3247965e-03
  -1.8816466e-01   3.6562850e-01   2.1039367e+00  -5.6546670e-03   1.1456711e-03  -7.1235032e-04
  -1.7911487e-01   3.5658430e-01   2.1498681e+00  -6.8740074e-03   1.5916581e-03  -9.3145361e-04
  -1.8872705e-01   3.6931033e-01   2.1030487e+00  -5.6884202e-03   2.3655807e-03  -6.4464098e-04
  -1.8289133e-01   3.3206426e-01   2.1753666e+00  -6.0141299e-03   1.9551862e-03  -1.0444465e-03
  -1.7618824e-01   3.3729753e-01   2.2279165e+00  -5.5181256e-03   2.2031568e-03  -9.5106938e-04
  -1.7815361e-01   3.4366088e-01   2.2196713e+00  -6.5474412e-03   1.8694242e-03  -9.3200778e-04
  -2.0344599e-01   3.1069398e-01   2.2045937e+00  -7.3166205e-03   1.8568225e-03  -3.3069861e-04
  -1.8464800e-01   3.5055617e-01   2.2179188e+00  -7.6204612e-03   2.0858743e-03  -8.4467639e-04
  -1.8196012e-01   3.2380279e-01   2.2327023e+00  -6.9670802e-03   1.8871439e-03  -4.5045099e-04
  -1.7629608e-01   3.5687104e-01   2.2518700e+00  -7.2830799e-03   1.8178501e-03  -1.2127117e-03
  -1.7038882e-01   3.4502985e-01   2.2578051e+00  -7.4135989e-03   1.8015331e-03  -1.0946615e-03
  -1.8126828e-01   3.8417050e-01   2.2497530e+00  -7.3755937e-03   2.4206636e-03  -1.0184444e-03
  -1.9415045e-01   3.7510534e-01   2.2716400e+00  -6.4185236e-03   1.4872128e-03  -6.2066577e-04
  -1.8976203e-01   3.4666933e-01   2.3170866e+00  -7.8791178e-03   2.0539914e-03  -4.0009436e-04
  -1.8062635e-01   3.5464955e-01   2.3591006e+00  -6.7196553e-03   1.6141325e-03  -9.0935371e-04
  -1.8711540e-01   3.6348711e-01   2.3406570e+00  -7.7683984e-03   1.4122493e-03  -1.4139222e-03
  -1.8860445e-01   3.6052920e-01   2.3387767e+00  -7.6071498e-03   1.6491278e-03  -8.8347888e-04
  -1.6433114e-01   3.5368257e-01   2.3665874e+00  -7.6265294e-03   2.2735746e-03  -6.6340401e-04
  -1.8872410e-01   3.7810765e-01   2.3306036e+00  -8.4018584e-03   1.7046946e-03  -7.1776930e-04
  -1.6654800e-01   3.6986405e-01   2.3661751e+00  -7.9628369e-03   2.1309526e-03  -9.4973163e-04
  -1.7559289e-01   3.8351402e-01   2.3899533e+00  -7.9698027e-03   3.0290153e-03  -6.2798597e-04
  -1.7925780e-01   3.8691067e-01   2.4285790e+00  -7.1222170e-03   1.7367891e-03  -6.3758362e-04
  -1.8581402e-01   3.5447726e-01   2.4490379e+00  -7.9188833e-03   2.3247479e-03  -2.3848647e-04
  -1.9006992e-01   3.5403022e-01   2.4714036e+00  -7.0270003e-03   2.4689014e-03  -4.5878152e-04
  -1.5392682e-01   3.8027714e-01   2.4578252e+00  -8.0018673e-03   2.4306799e-03  -9.5656936e-04
  -1.8213015e-01   4.0057949e-01   2.4968183e+00  -6.7867746e-03   2.7217938e-03  -7.6821463e-04
  -1.6790724e-01   3.7203566e-01   2.4888940e+00  -7.5752164e-03   2.3763243e-03  -8.4144737e-04
  -1.6043611e-01   3.9818160e-01   2.4552105e+00  -8.6477456e-03   2.4313815e-03  -9.8209186e-04
  -1.6338042e-01   3.8149459e-01   2.4925895e+00  -8.0549265e-03   1.9666037e-03  -8.2637732e-04
  -1.7393683e-01   3.9705968e-01   2.5190242e+00  -6.1990986e-03   2.3357034e-03  -3.9038436e-04
  -1.5881629e-01   3.8580620e-01   2.5548414e+00  -6.4102151e-03   2.1426106e-03  -8.5351292e-04
  -1.6928169e-01   3.6535197e-01   2.5634965e+00  -6.9150010e-03   2.3773342e-03  -6.2514639e-04
  -1.5754652e-01   3.8573833e-01   2.5903167e+00  -6.6094467e-03   2.6363217e-03  -7.4014085e-04
  -1.5690990e-01   3.9899321e-01   2.6051733e+00  -6.6444522e-03   2.2843168e-03  -8.8674557e-04
  -1.5773279e-01   3.9728993e-01   2.5866063e+00  -8.0661018e-03   2.4575634e-03  -8.1415008e-04
  -1.5283426e-01   4.0828710e-01   2.6217959e+00  -7.4493119e-03   2.4279586e-03  -7.2058005e-04
  -1.5287382e-01   4.1742623e-01   2.6135621e+00  -7.6513614e-03   2.9694369e-03  -8.7396979e-04
  -1.6215678e-01   4.0488893e-01   2.6640026e+00  -6.8917854e-03   2.4825426e-03  -9.3141758e-04
  -1.5466140e-01   4.0158991e-01   2.6665888e+00  -7.4953297e-03   2.5012839e-03  -1.0186499e-03
  -1.4957235e-01   4.1608680e-01   2.6506950e+00  -8.2509192e-03   3.1213722e-03  -1.1168639e-03
  -1.6801220e-01   4.0702662e-01   2.6739463e+00  -7.4549196e-03   2.4530605e-03  -7.7147097e-04
  -1.6212381e-01   4.0823939e-01   2.7059626e+00  -7.5396094e-03   1.7684741e-03  -7.2720860e-04
  -1.6161178e-01   4.0814856e-01   2.7166712e+00  -6.6276606e-03   2.4663144e-03  -7.8343077e-04
  -1.6114601e-01   4.1862397e-01   2.7040247e+00  -7.3614846e-03   2.1609288e-03  -6.0414374e-04
  -1.8008355e-01   4.0455717e-01   2.7195771e+00  -7.1374022e-03   1.8534934e-03  -2.3241506e-04
  -1.7165783e-01   4.0172472e-01   2.7507011e+00  -6.9908925e-03   1.7571634e-03  -8.4629380e-04
  -1.6538054e-01   3.9695939e-01   2.7520981e+00  -7.4067355e-03   2.3291805e-03  -4.5644808e-04
  -1.7387993e-01   4.1499930e-01   2.7666082e+00  -7.6836263e-03   2.1750237e-03  -4.6760358e-04
  -1.4891251e-01   4.2272899e-01   2.7715750e+00  -7.6590344e-03   2.2318779e-03  -8.7972184e-04
  -1.5048640e-01   3.9887020e-01   2.7926486e+00  -7.5096790e-03   2.2086898e-03  -6.8341214e-04
  -1.6581052e-01   4.3768410e-01   2.8142638e+00  -7.0363000e-03   2.3911601e-03  -2.8145485e-04
  -1.4744134e-01   3.9273234e-01   2.8283307e+00  -7.1108520e-03   2.4411012e-03  -7.1904392e-04
  -1.6314617e-01   4.5427322e-01   2.8302053e+00  -7.1327638e-03   2.4922182e-03  -4.1387579e-04
  -2.0853870e-01   4.1552082e-01   2.7388797e+00  -6.0067171e-03   2.7413984e-03  -3.2250165e-04
  -6.3264931e-02   3.1816545e-01   2.7407411e+00  -4.1642711e-03  -4.2778895e-04  -1.6432941e-03
  -5.2274498e-02   2.6984551e-01   2.4990565e+00  -1.5022135e-03  -2.1846906e-03   2.0741507e-04
  -1.1143478e-01   3.6518523e-01   2.6985024e+00  -1.4988734e-03  -3.8191402e-04   2.8207882e-04
  -8.2346996e-02   3.9157620e-01   2.7128917e+00  -2.9968859e-03  -5.0365781e-05  -2.5463990e-04
  -6.1256829e-02   4.2340678e-01   2.7986606e+00  -2.0563070e-03  -3.7136490e-04  -7.4761201e-05
  -6.5940192e-02   4.3081559e-01   2.8584258e+00  -1.9368820e-03  -1.5775054e-04  -3.6634421e-04
  -5.1463641e-02   4.1076720e-01   2.8968457e+00  -1.5422146e-03  -3.8060141e-04  -9.1699303e-04
  -8.3385504e-02   4.1104064e-01   2.9154424e+00  -2.8600121e-03  -3.8197119e-04  -3.2634896e-04
  -5.0715827e-02   4.1634775e-01   2.9230720e+00  -3.8957412e-03  -6.1232765e-04  -6.2690497e-04
  -5.1580358e-02   4.2754421e-01   2.9325640e+00  -4.2328981e-03   4.8649606e-05  -3.2740684e-04
  -4.7081930e-02   4.2339737e-01   2.9610900e+00  -3.9354977e-03  -1.1716487e-03  -7.8288491e-04
  -4.4108517e-02   4.4081434e-01   2.9733355e+00  -4.1920951e-03  -6.3267785e-04  -6.7306437e-04
  -5.8472155e-02   4.0511680e-01   2.9953231e+00  -4.1709182e-03  -2.9970334e-04  -4.2071916e-04
  -6.2029151e-02   4.1432498e-01   2.9928502e+00  -4.8023044e-03  -1.0009226e-03  -1.4483537e-04
  -6.4486586e-02   4.1563300e-01   3.0053161e+00  -5.0332475e-03  -1.0260600e-03  -1.5591534e-04
  -6.0352567e-02   4.3042576e-01   3.0193783e+00  -4.8155618e-03  -4.2457323e-04  -2.3133637e-04
  -5.8275361e-02   4.2053240e-01   3.0411347e+00  -5.5665870e-03  -6.1402132e-04  -5.3088171e-04
  -6.4923011e-02   4.4623004e-01   3.0640512e+00  -4.7150824e-03  -9.7935357e-04  -1.7910981e-04
  -6.5899035e-02   4.1751669e-01   3.0725835e+00  -5.3492885e-03  -8.2786778e-04  -1.3124317e-04
  -8.2049995e-02   4.3814687e-01   3.0781061e+00  -5.5487100e-03  -1.7918943e-04   3.1336629e-04
  -6.7667372e-02   4.3334808e-01   3.1189489e+00  -5.5092291e-03  -3.8011334e-05   1.2720886e-04
  -5.2216708e-02   4.1718102e-01   3.1337144e+00  -5.2969272e-03   6.2745278e-04  -3.3776430e-04
  -6.2408405e-02   4.0107330e-01   3.1281491e+00  -5.7956503e-03  -5.9369439e-04  -6.7582844e-05
  -5.7702285e-02   4.2872708e-01   3.1457518e+00  -6.0006495e-03  -2.0759218e-04  -3.1398127e-04
  -5.2483718e-02   4.3923035e-01   3.1792543e+00  -5.4858935e-03  -1.7834600e-05  -2.3522321e-04
  -5.3144159e-02   4.3783901e-01   3.1972190e+00  -5.5763532e-03  -3.1669729e-04  -6.2389222e-05
  -8.4833901e-02   4.7544631e-01   3.1692115e+00  -6.5269747e-03   1.7975270e-04   6.0739191e-04
  -7.3531256e-02   4.3999804e-01   3.2216630e+00  -6.8237245e-03   4.2280633e-05  -1.6535765e-04
  -8.0964099e-02   4.3489024e-01   3.2596886e+00  -6.8317562e-03   3.9507906e-04  -3.9630349e-05
  -5.6943012e-02   4.5784164e-01   3.2907560e+00  -6.5217514e-03   8.7241034e-04  -4.1313684e-04
  -6.6312560e-02   4.5367142e-01   3.3038661e+00  -6.8324041e-03   9.3452289e-04  -5.7278529e-04
  -4.9557497e-02   4.7530019e-01   3.3039033e+00  -5.9106925e-03   7.3814249e-04  -6.1960606e-06
  -7.1150396e-02   4.5010481e-01   3.2875436e+00  -6.9835534e-03   3.7278960e-04  -1.2399249e-04
  -6.0351412e-02   4.3582736e-01   3.3273650e+00  -5.8947065e-03   5.6223711e-04  -3.6298662e-04
  -5.7392489e-02   4.3311056e-01   3.3525218e+00  -6.7584642e-03   9.7000443e-04  -2.5403466e-04
  -7.1755707e-02   4.5511204e-01   3.3536503e+00  -6.5305167e-03   8.8911817e-04  -2.5822150e-05
  -9.9501619e-02   4.9189620e-01   3.3158489e+00  -7.1890955e-03   1.4697955e-03   5.8730816e-04
  -7.2795077e-02   4.4731983e-01   3.3808188e+00  -5.5822518e-03   5.1906519e-04  -2.0309321e-04
  -4.3085444e-02   4.5886405e-01   3.3945943e+00  -6.6362505e-03   6.3472334e-04  -9.9083641e-04
  -5.3634959e-02   4.8286661e-01   3.4286295e+00  -6.6104044e-03   6.7632243e-04  -8.8060056e-04
  -3.5913838e-02   4.8427322e-01   3.4200853e+00  -7.1092974e-03   9.5114986e-04  -6.5988384e-04
  -4.9930272e-02   4.8726799e-01   3.4515252e+00  -6.3401095e-03   9.0648390e-04  -4.9753715e-04
  -5.0097454e-02   4.5762143e-01   3.4375176e+00  -7.5712152e-03   9.2742106e-04  -8.8266618e-04
  -4.9699859e-02   4.7946802e-01   3.4629286e+00  -7.2271714e-03   5.6208730e-04  -1.0390423e-03
  -1.0392545e-01   5.7903872e-01   3.4490886e+00  -7.7782806e-03  -3.3014069e-04   9.6923893e-05
  -5.1120841e-02   4.7851793e-01   3.4877720e+00  -6.8676804e-03   9.7837339e-04  -4.0585904e-04
  -7.0519585e-02   4.7822856e-01   3.4875224e+00  -8.3139932e-03   8.0995338e-04   1.5493518e-04
  -6.6838136e-02   4.6194361e-01   3.5073277e+00  -7.7015209e-03   8.3253575e-04  -1.7904927e-04
  -5.3257661e-02   5.0430740e-01   3.5392354e+00  -6.6626167e-03   1.0869194e-03  -3.2795288e-04
  -5.4001788e-02   4.8922731e-01   3.5594824e+00  -6.6444146e-03   1.1578728e-03  -4.4378024e-04
  -5.7068322e-02   4.7691322e-01   3.5902572e+00  -6.3017075e-03   1.9292248e-03  -1.7581471e-04
  -9.3533874e-02   4.9650630e-01   3.4513772e+00  -3.7483265e-03   1.8829793e-03  -3.5612707e-05
  -9.7041755e-02   4.1211392e-01   3.0376470e+00  -1.2515901e-03   1.4002486e-03  -1.3889818e-03
  -6.4436739e-02   2.9649856e-01   2.8445881e+00   6.7582751e-03  -4.9919994e-04  -1.2691251e-03
  -8.4523167e-02   3.6455345e-01   3.0465560e+00  -4.8036836e-03  -3.3725787e-03  -3.5330267e-03
  -1.1739318e-01   2.4448571e-01   3.4051614e+00   1.0622453e-03   1.9642857e-03  -3.4129121e-03
  -2.0246417e-02   3.3647565e-01   3.5532412e+00   6.7833733e-05   2.2431598e-03  -2.8116343e-03
  -4.4426097e-02   3.8868566e-01   3.6215929e+00  -4.8696350e-03   2.3684692e-03  -9.1345574e-04
  -1.2604425e-02   4.3047325e-01   3.6721981e+00  -4.1656214e-03   3.2120349e-03  -1.0448721e-03
  -3.6488394e-02   4.4222700e-01   3.6626716e+00  -5.6068022e-03   2.6825204e-03  -7.6015051e-04
  -1.2447244e-02   4.4915856e-01   3.7018544e+00  -5.1080181e-03   3.0509720e-03  -7.3589594e-04
  -2.5626716e-02   4.5386815e-01   3.7178709e+00  -5.3971503e-03   2.9494609e-03  -7.1577312e-04
  -1.5046568e-02   4.5855016e-01   3.7471315e+00  -5.1151176e-03   2.3355921e-03  -1.1560561e-03
  -2.0874584e-02   4.6331929e-01   3.7522612e+00  -5.3596098e-03   2.6807716e-03  -5.9241534e-04
  -9.3419849e-03   4.4423473e-01   3.7585964e+00  -5.6573041e-03   2.6809482e-03  -7.3163145e-04
   9.7533609e-03   4.6996575e-01   3.7796302e+00  -5.8600911e-03   2.9599558e-03  -1.2575255e-03
  -2.6794854e-03   4.6149290e-01   3.7955035e+00  -5.8308966e-03   3.0296847e-03  -8.3700241e-04
   2.4076730e-04   4.7361271e-01   3.8323592e+00  -5.4916176e-03   2.6470446e-03  -8.6425970e-04
  -1.5228003e-02   4.6148085e-01   3.8300944e+00  -6.0568708e-03   3.1407381e-03  -3.9814963e-04
  -1.4456961e-02   4.7921886e-01   3.8495587e+00  -6.2927040e-03   2.6519117e-03  -7.2128607e-04
  -2.1226318e-02   4.9700039e-01   3.8641051e+00  -6.4022232e-03   2.7686129e-03  -8.8333850e-04
  -1.2818453e-02   4.9587738e-01   3.9191579e+00  -5.4663656e-03   2.6190449e-03  -6.7045496e-04
   2.6391961e-03   4.9285966e-01   3.9375733e+00  -5.9975981e-03   2.5931932e-03  -1.0458852e-03
  -1.2758202e-02   4.9464416e-01   3.9804385e+00  -6.1798207e-03   2.5066322e-03  -8.1488638e-04
  -4.4064976e-03   5.0735744e-01   3.9744606e+00  -6.7430930e-03   2.9627927e-03  -1.0338596e-03
  -1.3748851e-02   4.9093963e-01   4.0024669e+00  -6.4088228e-03   2.0451703e-03  -1.0601806e-03
  -5.9565468e-03   5.1249711e-01   4.0231196e+00  -6.1725907e-03   2.7231632e-03  -7.1832295e-04
  -6.2272215e-03   5.0136278e-01   4.0159430e+00  -6.1959715e-03   2.2840580e-03  -7.6898143e-04
  -2.1561430e-03   4.9341519e-01   4.0332803e+00  -6.9771726e-03   2.1343711e-03  -9.9437956e-04
   7.8772277e-03   4.7876254e-01   4.0621897e+00  -7.0015836e-03   2.7662416e-03  -7.3996771e-04
  -8.1271552e-04   5.0685307e-01   4.0615901e+00  -7.5404084e-03   2.7811113e-03  -5.3091808e-04
  -2.6827405e-03   5.1223626e-01   4.0851707e+00  -7.3788620e-03   2.3585563e-03  -1.1102547e-03
  -9.5210348e-03   5.2050742e-01   4.1203165e+00  -7.3902143e-03   2.6355491e-03  -6.8939605e-04
   2.8291380e-03   5.3498156e-01   4.1240008e+00  -7.4676148e-03   2.5779141e-03  -9.6533973e-04
  -9.9059936e-03   5.1701762e-01   4.1328205e+00  -7.1617620e-03   3.0250146e-03  -6.6736375e-04
   1.4777072e-03   5.2587206e-01   4.1497723e+00  -7.3563748e-03   3.0474102e-03  -3.0067847e-04
  -1.3980063e-02   5.0347769e-01   4.1245158e+00  -7.3703900e-03   2.0426574e-03  -4.4075001e-04
  -2.4964361e-02   5.0520539e-01   4.1647298e+00  -6.7032481e-03   2.1505358e-03  -6.4352343e-04
  -1.3243134e-02   5.0014691e-01   4.1651418e+00  -6.9281168e-03   2.5873733e-03  -4.8621550e-04
  -2.8800023e-02   4.9881615e-01   4.1815153e+00  -6.8779971e-03   2.4555090e-03  -4.1945021e-04
   2.3398156e-03   5.1157770e-01   4.1978096e+00  -6.8821634e-03   2.2707826e-03  -1.0594453e-03
  -2.9298317e-02   5.3444901e-01   4.1927367e+00  -7.4542070e-03   1.5857473e-03  -7.5290868e-04
  -1.5469504e-02   5.3425354e-01   4.2182119e+00  -6.9263847e-03   2.4908032e-03  -6.9529404e-04
  -1.6534570e-02   5.2168330e-01   4.2139032e+00  -7.0850718e-03   2.3504309e-03  -4.2811549e-04
  -2.3004666e-02   5.3082681e-01   4.2228062e+00  -6.7719618e-03   2.0233336e-03  -7.4111085e-04
  -5.4267343e-03   5.2123119e-01   4.2402745e+00  -6.6066593e-03   2.3197312e-03  -7.4119401e-04
  -1.5889310e-02   5.1056076e-01   4.2487461e+00  -7.2816570e-03   2.5104651e-03  -4.6965196e-04
  -2.5923509e-02   5.4482189e-01   4.2688862e+00  -6.7853709e-03   2.1097233e-03  -1.0842253e-04
  -2.5491637e-02   5.1012141e-01   4.2964308e+00  -6.7233621e-03   2.5187622e-03  -1.6257051e-04
  -8.6418853e-03   5.3783692e-01   4.2797088e+00  -6.9097129e-03   2.0268629e-03  -1.0059854e-04
  -1.8887616e-02   5.1245783e-01   4.2959487e+00  -6.7005528e-03   2.5016367e-03  -9.1444256e-05
  -3.8131183e-03   5.4827930e-01   4.3194432e+00  -6.5760217e-03   2.7679825e-03  -6.8312640e-04
   2.7581483e-04   5.3437207e-01   4.3249478e+00  -6.1872499e-03   2.9993672e-03  -3.1088184e-04
  -2.1475836e-03   5.3218329e-01   4.3583299e+00  -5.6845805e-03   3.1164160e-03  -7.1010689e-04
  -5.4391150e-03   5.4445723e-01   4.3615487e+00  -6.8676026e-03   2.7347796e-03  -5.2976781e-04
  -6.0252783e-04   5.4472358e-01   4.4046945e+00  -5.8786810e-03   2.9237328e-03  -6.2194957e-04
  -1.4834600e-02   5.4597140e-01   4.4168959e+00  -6.2045910e-03   2.4510384e-03  -2.2076589e-04
  -5.1030651e-03   5.3446731e-01   4.4287309e+00  -5.8726605e-03   3.2881357e-03  -6.0201690e-04
  -2.5875844e-02   5.2597202e-01   4.4376706e+00  -6.3975507e-03   2.2106263e-03  -2.7460940e-04
   1.8415890e-02   5.4040305e-01   4.4288520e+00  -6.8250110e-03   2.9596859e-03  -6.9912134e-04
  -2.3859270e-03   5.5977793e-01   4.4544022e+00  -6.6389688e-03   2.6610064e-03  -4.2151672e-04
   1.6570919e-02   5.6823335e-01   4.4448352e+00  -6.8419453e-03   2.4644744e-03  -8.5835212e-04
   1.0169593e-02   5.6998409e-01   4.4778201e+00  -6.5119000e-03   2.3402767e-03  -9.0636423e-04
  -1.5936575e-02   5.3809690e-01   4.4815085e+00  -7.1126545e-03   2.3631800e-03  -6.0248457e-05
   7.7840906e-03   5.5734560e-01   4.4901237e+00  -7.0434768e-03   2.0773788e-03  -7.2272260e-04
  -1.4526284e-02   5.4751245e-01   4.5092688e+00  -6.9137759e-03   2.6723621e-03  -4.2377240e-04
   5.3227759e-03   5.5951687e-01   4.5227834e+00  -6.9974670e-03   2.5359683e-03  -5.2162432e-04
  -8.5096722e-04   5.5280182e-01   4.5430529e+00  -5.9534700e-03   2.5962273e-03  -6.4312482e-04
   4.2061430e-03   5.6767746e-01   4.5270646e+00  -6.7918953e-03   2.8124650e-03  -3.4165492e-04
  -1.1299986e-02   5.6505500e-01   4.5611879e+00  -6.5213355e-03   2.5874117e-03   7.2606155e-05
   1.3208976e-02   5.5571218e-01   4.5871412e+00  -5.6798861e-03   3.1042433e-03  -7.8566867e-04
   5.1444723e-03   5.6666237e-01   4.5770022e+00  -6.6184840e-03   2.7927425e-03  -1.4967146e-04
  -5.3121943e-03   5.7689324e-01   4.5754945e+00  -7.0924261e-03   2.1849036e-03  -5.4575141e-04
  -3.1668696e-04   5.7130806e-01   4.6078050e+00  -6.4855731e-03   2.7500407e-03  -2.9778202e-04
   7.4198904e-03   5.5465237e-01   4.6070428e+00  -6.3451066e-03   2.5179415e-03  -5.9164237e-04
  -1.6994091e-02   5.6521639e-01   4.6209491e+00  -6.3595648e-03   2.5349238e-03  -1.7434858e-04
  -2.1816953e-03   5.7215023e-01   4.6288414e+00  -6.2051226e-03   2.6019502e-03  -6.7110897e-04
  -5.3631695e-03   5.6335684e-01   4.6462961e+00  -6.1105490e-03   2.9508478e-03  -2.1963205e-04
   1.8710096e-03   5.5366797e-01   4.6520745e+00  -6.6213569e-03   2.6984328e-03  -3.7872194e-04
  -8.6688825e-03   5.5384213e-01   4.6702376e+00  -6.2021365e-03   2.5248338e-03  -7.9841551e-04
   5.1877944e-03   5.7426787e-01   4.6929679e+00  -5.7268589e-03   3.0318892e-03  -3.2498265e-04
  -6.5417155e-03   5.7854092e-01   4.6997979e+00  -6.6133023e-03   2.7324537e-03  -4.5156098e-06
   8.6699646e-04   5.9252823e-01   4.7054761e+00  -6.5457392e-03   2.6526666e-03  -5.8013958e-04
   5.9901548e-03   5.6479036e-01   4.7105159e+00  -6.9249964e-03   2.0296352e-03  -8.0898762e-04
  -5.6606944e-02   5.6179558e-01   4.5897397e+00  -7.9697630e-03   3.6216547e-03   1.2350828e-04
   4.5684884e-02   4.9269371e-01   4.4247858e+00  -1.3878027e-03   4.3330375e-03  -7.5885190e-04
  -4.1953689e-02   4.1847327e-01   4.5997078e+00   9.8893154e-04  -9.1226055e-03  -5.1362652e-04
  -4.0987609e-02   4.1880359e-01   4.3736347e+00   7.6238907e-03   3.1674889e-03  -2.5543495e-03
  -7.1466292e-02   4.6951394e-01   4.5724664e+00  -2.7351233e-03   2.4976298e-04  -1.0835254e-03
  -6.8309467e-02   5.0423970e-01   4.6297538e+00  -3.7287364e-03   1.0840254e-03  -8.4018321e-04
  -4.7944630e-02   5.4613843e-01   4.6793324e+00  -3.4808296e-03   2.6753032e-04  -1.2357881e-03
  -5.6800062e-02   5.3334196e-01   4.6960373e+00  -4.0986815e-03   8.1445359e-04  -7.4871820e-04
  -3.3810888e-02   5.7612220e-01   4.7133602e+00  -4.1073418e-03   1.1662111e-03  -1.1039403e-03
  -4.7552613e-02   5.7277303e-01   4.7460081e+00  -4.2357773e-03   4.8170615e-04  -9.9750626e-04
  -2.6762326e-02   5.9453738e-01   4.7536834e+00  -4.5158113e-03   7.6853471e-04  -1.2554127e-03
  -3.4601264e-02   5.7428494e-01   4.7644900e+00  -4.6847908e-03   1.6146985e-03  -7.4172971e-04
  -1.3933188e-02   5.8372536e-01   4.7754796e+00  -4.2104787e-03   9.9712058e-04  -1.3826779e-03
  -3.0124087e-02   5.8813235e-01   4.7794163e+00  -5.3507084e-03   1.1579483e-03  -8.7890808e-04
  -3.6037405e-02   6.0055991e-01   4.7881698e+00  -4.6979736e-03   6.3839864e-05  -1.0537221e-03
  -4.0107151e-02   6.1063988e-01   4.8409342e+00  -3.8486995e-03   5.4904902e-04  -7.8145069e-04
  -3.9836804e-02   5.8408212e-01   4.8259358e+00  -4.6703329e-03   3.5180877e-04  -1.0481804e-03
  -4.1872330e-02   5.8747727e-01   4.8332153e+00  -4.6527488e-03  -1.8606732e-04  -7.7146539e-04
  -2.9036748e-02   5.9130138e-01   4.8651995e+00  -4.3568841e-03   6.7808000e-04  -1.3681994e-03
  -3.4418407e-02   5.9899802e-01   4.8774190e+00  -4.6504672e-03   6.4684504e-04  -6.7520758e-04
  -2.5180626e-02   6.1839332e-01   4.8710731e+00  -4.9878596e-03   6.2261922e-04  -5.4772571e-04
  -2.4460288e-02   6.1093472e-01   4.8805777e+00  -5.5310426e-03   4.7294262e-04  -7.6139633e-04
  -9.7435094e-03   6.2364014e-01   4.8807146e+00  -5.2616898e-03   7.6972466e-04  -1.3400524e-03
  -4.2648789e-02   6.1819400e-01   4.9177706e+00  -4.5133239e-03   1.5258364e-04  -8.9265614e-04
  -3.0136810e-02   6.1113781e-01   4.9047996e+00  -5.5019349e-03   4.0506467e-05  -1.0932731e-03
  -3.0327376e-02   6.0988716e-01   4.8952980e+00  -6.0023602e-03   1.8872259e-04  -1.0548993e-03
  -2.3821325e-02   6.3133229e-01   4.9444064e+00  -5.0015580e-03   1.5637267e-04  -1.1135213e-03
  -1.6384021e-02   6.1920026e-01   4.9829703e+00  -5.3399536e-03   5.7221358e-04  -6.2250594e-04
  -2.5454891e-02   6.2559421e-01   4.9761686e+00  -5.8515366e-03  -5.2467960e-04  -9.1512804e-04
  -4.7002670e-02   5.9069385e-01   4.9823216e+00  -6.1526669e-03   5.1528655e-04   1.1529448e-04
  -2.4700976e-02   6.0975757e-01   5.0152427e+00  -5.0201142e-03   9.1604679e-04  -6.0244674e-04
  -4.0600577e-02   6.1947610e-01   5.0223506e+00  -5.3724597e-03   3.2900191e-04  -4.1628771e-04
  -3.6530531e-02   6.0712883e-01   5.0459493e+00  -5.6888670e-03   6.2071111e-04   2.4730443e-04
  -5.3634901e-03   6.1691719e-01   5.0399448e+00  -6.1621775e-03   6.3669681e-04  -8.0790299e-04
  -2.4097602e-02   6.4427155e-01   5.0750342e+00  -5.2097614e-03   1.2090199e-04  -5.9771383e-04
  -1.7283040e-02   6.3639103e-01   5.0922944e+00  -5.1355381e-03   7.7301639e-04  -1.1294286e-03
   1.4279294e-03   5.9053264e-01   5.0805520e+00  -5.2931596e-03   9.1276657e-04  -9.5412529e-04
  -1.8971928e-02   6.2180543e-01   5.1064911e+00  -5.3281468e-03   7.7957318e-04  -8.5858234e-04
  -3.2103466e-02   6.3144647e-01   5.1188702e+00  -5.4621741e-03   3.1560773e-04  -4.1611193e-04
  -1.6094805e-02   6.4364000e-01   5.1147981e+00  -5.8750257e-03   2.9872935e-04  -1.1009267e-03
  -1.3513672e-02   6.2912567e-01   5.1309919e+00  -5.9822466e-03   6.1956943e-04  -6.9119497e-04
  -1.2746983e-02   6.4849782e-01   5.1119296e+00  -6.5503876e-03   1.0712426e-03  -4.8857757e-04
  -3.3175641e-02   6.2349446e-01   5.1517881e+00  -5.9077640e-03   6.2719475e-04  -2.7401186e-04
  -7.6871961e-04   6.3384228e-01   5.1911362e+00  -5.2504899e-03   2.4223432e-04  -9.4244294e-04
  -1.9300835e-02   6.2771695e-01   5.1926602e+00  -5.7945296e-03   6.1847706e-04  -7.3640807e-04
  -1.2214765e-02   6.2027057e-01   5.2136714e+00  -5.3930187e-03   5.2145138e-04  -9.6177515e-04
  -3.0605158e-02   6.3604870e-01   5.2116797e+00  -6.4013899e-03   6.0816366e-04  -1.9777365e-04
  -9.7274774e-04   6.4998154e-01   5.2394085e+00  -5.6770415e-03   6.1361869e-04  -1.1169979e-03
  -2.1280355e-02   6.6516459e-01   5.2365609e+00  -6.1227497e-03   6.3299986e-04  -5.0866745e-04
  -3.1163570e-02   6.3130044e-01   5.2344785e+00  -6.0103602e-03   1.5462759e-04  -3.4259382e-04
  -1.9920943e-02   6.2937276e-01   5.2499506e+00  -6.2170395e-03   9.1589891e-04  -5.6694519e-04
  -1.9822461e-02   6.3955291e-01   5.2735707e+00  -5.8757276e-03   6.7965719e-04  -7.9094442e-05
  -1.6013968e-02   6.5405158e-01   5.2766738e+00  -6.8869960e-03   4.8156906e-04  -4.2821968e-04
  -1.5693145e-02   6.5663643e-01   5.2944216e+00  -5.6025909e-03  -1.0222113e-04  -1.1180594e-03
  -1.1710633e-02   6.4741767e-01   5.3040259e+00  -5.6179239e-03   6.0608676e-04  -5.3942089e-04
  -1.3081438e-02   6.3053199e-01   5.2922369e+00  -6.8563983e-03   9.4880587e-04  -7.4985104e-04
  -1.6278864e-02   6.4864750e-01   5.2918220e+00  -6.8592367e-03   3.9918214e-04  -1.0173770e-03
  -1.1110677e-02   6.2086833e-01   5.3259342e+00  -6.1750863e-03   3.9876823e-04  -8.4138923e-04
  -1.4839164e-02   6.3964959e-01   5.3298740e+00  -6.4720152e-03   7.7291737e-04  -4.4420714e-04
  -1.7392517e-02   6.4019493e-01   5.3742773e+00  -5.7308418e-03   1.0522793e-03  -5.4518800e-04
  -1.6969111e-02   6.4721174e-01   5.3730094e+00  -6.6013249e-03   1.1143694e-03  -3.2802894e-04
  -1.8572856e-02   6.5060682e-01   5.3788850e+00  -5.8640806e-03   6.0884670e-04  -8.2181840e-04
  -2.9685335e-02   6.3204208e-01   5.4072907e+00  -5.7229571e-03   5.4802410e-04  -7.3616069e-04
  -3.2009248e-02   6.4641493e-01   5.4332617e+00  -5.5325162e-03   8.4446937e-04  -2.7324049e-04
  -1.5317419e-02   6.4998205e-01   5.4189259e+00  -5.5356961e-03   1.1299551e-03  -9.8440856e-04
   8.1849126e-04   6.7310423e-01   5.4157662e+00  -5.7860211e-03   5.5597664e-04  -9.7694377e-04
  -1.2095284e-02   6.4261629e-01   5.4361339e+00  -5.8820511e-03   4.5091735e-04  -1.0118108e-03
  -1.2368200e-02   6.4343216e-01   5.4120436e+00  -6.3841170e-03   7.0398119e-04  -8.2535596e-04
  -2.4981057e-02   6.7546741e-01   5.4170939e+00  -6.8476726e-03   2.3928114e-04  -5.0575638e-04
   9.4714993e-03   6.6021483e-01   5.4612556e+00  -6.4066574e-03   8.5247394e-04  -7.9084894e-04
  -2.3538998e-02   6.4192083e-01   5.4570371e+00  -6.5631433e-03   1.1397711e-03  -9.8514081e-05
  -8.4662546e-03   6.6374086e-01   5.4734313e+00  -6.4905080e-03   8.6296142e-04  -9.3826892e-04
  -4.7292140e-03   6.8472591e-01   5.4893669e+00  -6.5218059e-03   1.1796127e-03  -6.2739330e-04
  -1.8878854e-02   6.5538731e-01   5.5107020e+00  -5.9530809e-03   6.1961092e-04  -7.2171781e-04
  -1.5147300e-02   6.8363401e-01   5.5418399e+00  -5.5987110e-03   3.7586381e-04  -6.4864363e-04
   1.0249594e-03   6.5012515e-01   5.5409782e+00  -5.8168767e-03   1.1905632e-03  -2.6759249e-04
  -1.1116908e-02   6.4372375e-01   5.5377040e+00  -6.4065485e-03   8.9234932e-04  -8.3158065e-04
  -2.4328328e-02   6.7039452e-01   5.5778245e+00  -6.2937757e-03   1.1842736e-03  -5.4047137e-04
  -1.5206126e-02   6.4839926e-01   5.5916472e+00  -6.2417154e-03   1.0466344e-03  -5.1962461e-04
  -1.1873090e-02   6.6703902e-01   5.5996735e+00  -6.0776452e-03   5.1633785e-04  -6.1927679e-04
  -9.0690172e-03   6.7400460e-01   5.5995482e+00  -6.1573372e-03   1.5914502e-03  -5.6490898e-04
   1.4117646e-03   6.6511695e-01   5.6240765e+00  -6.1429234e-03   1.0562329e-03  -9.7708961e-04
   6.4645195e-03   6.6849335e-01   5.6406386e+00  -5.8432506e-03   1.0529794e-03  -7.2066223e-04
  -1.0737286e-02   6.8568505e-01   5.6429453e+00  -6.3776428e-03   1.3531139e-03  -3.8000849e-04
  -2.0448875e-02   7.0250910e-01   5.6626577e+00  -5.9609577e-03   1.0082624e-03  -5.7571671e-04
  -2.0591311e-02   6.8667580e-01   5.6417925e+00  -6.2220110e-03   7.4805671e-04  -3.1530949e-04
  -2.1100125e-02   6.6855466e-01   5.6716391e+00  -6.1944951e-03   1.0928088e-03  -3.6336771e-04
  -2.0488292e-02   6.7142334e-01   5.6867578e+00  -5.9798407e-03   6.1522532e-04  -3.9736317e-04
  -1.1201091e-02   6.8016830e-01   5.6919150e+00  -6.2444446e-03   9.8148557e-04  -3.5865863e-04
  -2.0495630e-02   6.9731838e-01   5.7023129e+00  -6.1809065e-03   5.8287504e-04  -4.1661796e-04
  -2.3483812e-03   6.7283229e-01   5.7274558e+00  -6.1380200e-03   1.2442140e-03  -7.5640571e-04
  -4.2902318e-03   6.8164181e-01   5.7172314e+00  -6.0994812e-03   3.2426658e-04  -6.0526022e-04
  -1.4045792e-02   6.9782558e-01   5.7393810e+00  -5.8912005e-03   7.5717210e-04  -4.5076633e-04
  -1.0727153e-02   6.9536984e-01   5.7181481e+00  -6.6533651e-03   5.4485255e-04  -6.6062175e-04
  -1.6124556e-02   7.1471029e-01   5.7425788e+00  -6.2222316e-03   1.0336565e-03  -6.0451802e-04
  -1.4054188e-02   6.8702310e-01   5.7602531e+00  -6.3480060e-03   1.2244354e-03  -5.5110775e-04
  -1.0748814e-02   6.7978542e-01   5.7799833e+00  -6.5309810e-03   1.6531067e-03  -2.2843927e-04
  -1.8766366e-02   6.9584398e-01   5.8077762e+00  -5.5197856e-03   1.4882935e-03  -1.5633031e-04
   1.5914153e-03   6.7140737e-01   5.8080779e+00  -6.1854810e-03   1.6967744e-03  -1.7369237e-04
  -7.4681077e-03   6.6306718e-01   5.8041898e+00  -6.2327552e-03   1.2142675e-03  -2.0987683e-04
   1.0956106e-02   6.9919402e-01   5.8100527e+00  -6.2795624e-03   7.7074635e-04  -5.3719451e-04
   1.3825221e-02   7.1016462e-01   5.8024913e+00  -6.7663665e-03   1.5302026e-03  -7.0025955e-04
  -1.7774771e-03   7.0673980e-01   5.8562245e+00  -5.6185996e-03   1.1063136e-03  -3.9741985e-04
   1.3191539e-03   6.8429806e-01   5.8467164e+00  -6.5590207e-03   7.0508593e-04  -7.4041308e-04
   7.0631487e-03   6.8375275e-01   5.8831924e+00  -5.7233194e-03   1.0532479e-03  -5.5440125e-04
   1.1402506e-02   7.0244988e-01   5.8927720e+00  -6.0468424e-03   1.4776553e-03  -8.5056072e-04
   1.4538633e-02   6.9899285e-01   5.9137881e+00  -5.4047330e-03   1.4656548e-03  -5.1046870e-04
  -8.5465352e-03   6.9805870e-01   5.9148770e+00  -5.9041052e-03   8.9580080e-04  -5.4541442e-04
   7.6008045e-03   7.0422080e-01   5.9010163e+00  -6.8815838e-03   1.1534517e-03  -4.5771612e-04
  -1.2296618e-03   7.0711601e-01   5.9343311e+00  -5.6647702e-03   8.9344541e-04  -5.7893161e-04
  -1.3646995e-02   7.0331353e-01   5.9501658e+00  -5.9280509e-03   8.0857376e-04   1.1575607e-05
   8.7242303e-03   6.9790143e-01   5.9777111e+00  -5.6628416e-03   9.9882541e-04  -7.3821954e-04
  -7.8113356e-03   6.9956124e-01   5.9720916e+00  -6.0971724e-03   1.3246433e-03  -8.5850828e-05
   1.2191394e-02   6.9335847e-01   5.9610363e+00  -6.8066716e-03   1.3390487e-03  -6.8553913e-04
   2.3214787e-03   7.2070520e-01   5.9930068e+00  -5.8109380e-03   8.3459053e-04  -6.3179871e-04
   1.0233315e-02   7.2608299e-01   5.9939442e+00  -6.1369146e-03   9.4212704e-04  -7.1723659e-04
   1.9499155e-03   7.4161901e-01   6.0138828e+00  -5.9177186e-03   8.5708663e-04  -6.1893527e-04
   1.6767320e-02   7.2681923e-01   6.0246540e+00  -5.8580542e-03   1.1166909e-03  -6.0656582e-04
   2.9723786e-03   7.0097469e-01   6.0499640e+00  -5.8873968e-03   7.3677027e-04  -4.3249270e-04
  -3.2826287e-04   7.2334402e-01   6.0577158e+00  -6.0189981e-03   8.3383103e-04   5.0383848e-06
   1.2743080e-03   7.1970473e-01   6.0538137e+00  -5.8079511e-03   1.0410555e-03  -3.9509367e-04
  -4.3528973e-03   6.9873534e-01   6.0690866e+00  -5.9915693e-03   1.1103618e-03  -2.8834296e-04
   3.5885602e-04   7.1179204e-01   6.0751631e+00  -6.5906404e-03   1.3881224e-03  -5.1796253e-04
   4.2820856e-03   7.2246605e-01   6.0874950e+00  -5.7906143e-03   9.2824128e-04  -1.0687878e-03
   4.1478411e-03   7.3438583e-01   6.1128898e+00  -5.5194994e-03   1.2670286e-03  -6.1646596e-04
  -1.9288909e-02   7.0193142e-01   6.0836251e+00  -7.0017425e-03   5.6950729e-04   2.3461309e-04
   1.4533067e-02   7.2382692e-01   6.1304714e+00  -5.4873013e-03   1.7539516e-03  -2.8221262e-04
   3.4931345e-03   7.5327490e-01   6.1066825e+00  -6.4471733e-03   1.1096653e-03  -5.1654610e-04
   2.9158700e-02   7.3265761e-01   6.1345200e+00  -6.0711535e-03   1.2621413e-03  -9.5709166e-04
   1.7536968e-02   7.4512640e-01   6.1621545e+00  -5.9985139e-03   1.2992725e-03  -1.7967331e-04
   1.2881591e-02   7.3459928e-01   6.1594590e+00  -5.8282956e-03   7.4355917e-04  -7.7171572e-04
   2.0765175e-02   7.7023270e-01   6.1671790e+00  -6.0250091e-03   5.6496949e-04  -1.0249646e-03
  -3.5005385e-04   7.3339473e-01   6.1803407e+00  -6.1743928e-03   1.0820928e-03  -5.9144464e-04
   2.3090231e-02   7.5014673e-01   6.2090512e+00  -6.0028993e-03   1.0086258e-03  -6.4696176e-04
   2.7119942e-03   7.0900620e-01   6.2030624e+00  -6.7007039e-03   1.1020548e-03  -3.5414993e-04
   1.7296490e-02   7.2512900e-01   6.1998998e+00  -6.6065441e-03   1.1006007e-03  -6.2839239e-04
   8.8793882e-03   7.1326739e-01   6.2440052e+00  -5.6933980e-03   9.5833155e-04  -7.8867295e-04
   5.2593959e-03   7.0626793e-01   6.2449064e+00  -6.0656767e-03   1.3033341e-03  -2.7358438e-04
   8.8913468e-03   7.3517481e-01   6.2564976e+00  -6.0557448e-03   8.7348935e-04  -4.6887429e-04
   3.5549581e-02   7.6719997e-01   6.2436503e+00  -6.2689025e-03   1.3265393e-03  -1.0376072e-03
   6.6011080e-03   7.5658807e-01   6.2702453e+00  -5.7509650e-03   1.2084662e-03  -2.7023158e-04
   1.0781945e-02   7.3963223e-01   6.2596634e+00  -6.4067666e-03   1.3928942e-03  -5.7396966e-04
   2.1170537e-02   7.4696898e-01   6.2818810e+00  -6.3423953e-03   1.0160632e-03  -5.8991712e-04
  -6.2993959e-03   7.6657989e-01   6.3047248e+00  -5.8042737e-03   1.2017182e-03  -1.2526594e-04
   3.9760856e-03   7.4896530e-01   6.3168441e+00  -5.8095969e-03   9.4376743e-04  -2.7779516e-04
   1.1276905e-02   7.4032620e-01   6.3218390e+00  -6.0293480e-03   5.3420838e-04  -4.3925250e-04
   1.2206388e-02   7.5206645e-01   6.3197451e+00  -6.3973069e-03   1.2897200e-03  -5.8880342e-04
   1.7315667e-02   7.3051220e-01   6.3441558e+00  -5.9834785e-03   1.0311410e-03  -1.8444983e-04
   2.5270521e-02   7.4496597e-01   6.3530387e+00  -6.1633225e-03   7.1177156e-04  -8.9321299e-04
   2.2021089e-02   7.5725408e-01   6.3742132e+00  -5.9840121e-03   9.8908667e-04  -7.1382653e-04
   7.8651141e-03   7.3556874e-01   6.3620538e+00  -6.8010842e-03   7.6646943e-04  -6.9613808e-04
   1.8222784e-02   7.4502031e-01   6.3897119e+00  -5.7439097e-03   1.4854606e-03  -5.2051800e-04
   1.5059488e-02   7.6358142e-01   6.3847127e+00  -5.8713919e-03   1.3669792e-03  -2.5488812e-04
   8.5462086e-03   7.6355695e-01   6.3795330e+00  -6.4335587e-03   1.1184745e-03  -3.5115939e-04
   1.5626170e-02   7.4259034e-01   6.3906431e+00  -6.5567495e-03   1.0407681e-03  -5.0031964e-04
   2.4057744e-02   7.4707049e-01   6.4138294e+00  -5.8989697e-03   6.7786799e-04  -7.1021528e-04
   7.5507494e-03   7.5592203e-01   6.4356108e+00  -5.4012927e-03   9.9761770e-04  -4.8530868e-04
   1.5925304e-02   7.4421631e-01   6.4403974e+00  -6.1607888e-03   1.1021760e-03  -7.1087624e-04
   1.6402494e-02   7.4623816e-01   6.4437209e+00  -6.2304593e-03   7.6651922e-04  -4.8649333e-04
   1.8903109e-02   7.8834807e-01   6.4493777e+00  -6.5042755e-03   7.7088289e-04  -8.5915827e-04
   1.0888639e-03   7.4317985e-01   6.4704508e+00  -6.3112137e-03   3.6196290e-04  -7.1956154e-04
  -2.3529626e-03   7.7419871e-01   6.4862753e+00  -5.8175502e-03   1.0377038e-03  -3.0866184e-04
   2.4653871e-02   7.8210368e-01   6.4934697e+00  -6.4207126e-03   8.8154764e-04  -9.5570732e-04
   8.1322406e-03   7.4637069e-01   6.4414682e+00  -6.7884613e-03   1.1711268e-03  -6.3725083e-04
   1.4119677e-01   7.1494873e-01   6.3253079e+00   2.3964787e-03   8.9694129e-04  -1.5436806e-03
   3.6985138e-02   5.3635271e-01   6.0352581e+00   3.2061133e-03  -1.1489861e-02  -2.3979531e-03
   3.3096825e-02   6.6502661e-01   6.4569243e+00   1.1007751e-02   1.7363876e-04  -2.1126151e-03
  -1.4426992e-02   6.4360512e-01   6.2414199e+00  -8.1482462e-04   5.0353918e-03  -1.1944739e-03
  -5.8708541e-03   7.5090117e-01   6.3289223e+00  -1.8169366e-03   3.5511305e-03  -8.1012933e-04
   2.4713514e-02   7.6624415e-01   6.3788297e+00  -1.5823348e-03   3.6156526e-03  -1.0228192e-03
   5.0867998e-02   7.9306478e-01   6.3915119e+00  -1.1849010e-03   3.3881758e-03  -1.1065053e-03
   4.1094601e-02   7.9441215e-01   6.4112429e+00  -1.4052079e-03   2.8788511e-03  -1.3352135e-03
   3.7754108e-02   7.8601819e-01   6.4544350e+00  -1.1746116e-03   2.9597310e-03  -1.1566411e-03
   6.0349624e-02   7.7997920e-01   6.4404506e+00  -2.6170831e-03   3.4091011e-03  -1.2101115e-03
   4.5255243e-02   7.9086114e-01   6.4547344e+00  -3.1266886e-03   3.1362516e-03  -9.4042455e-04
   3.9148618e-02   8.1458951e-01   6.4618535e+00  -2.8749601e-03   2.4440947e-03  -1.3161787e-03
   5.4375592e-02   8.6816940e-01   6.5038342e+00  -2.2153344e-03   3.3643513e-03  -1.4800055e-03
   3.6810308e-02   7.9515696e-01   6.4974587e+00  -3.0917367e-03   2.6721094e-03  -1.3121704e-03
   2.0312796e-02   7.9234651e-01   6.5178520e+00  -2.8233796e-03   2.3499531e-03  -6.7852984e-04
   4.3540422e-02   7.8175752e-01   6.5390616e+00  -2.7801987e-03   2.5818211e-03  -1.0670977e-03
   3.8216035e-02   7.9546849e-01   6.5434850e+00  -3.2832779e-03   2.6522520e-03  -1.2258002e-03
   3.1226048e-02   7.9291850e-01   6.5707093e+00  -2.8575944e-03   2.8559387e-03  -8.2810589e-04
   4.8802458e-02   8.1601322e-01   6.5820983e+00  -3.0892544e-03   2.8305358e-03  -1.3148982e-03
   3.4741358e-02   7.7670067e-01   6.5664341e+00  -3.2127582e-03   2.9934447e-03  -7.4905951e-04
   3.3437073e-02   8.0012137e-01   6.5829183e+00  -2.9075286e-03   2.5391219e-03  -1.1902485e-03
   4.7713849e-02   7.7832869e-01   6.5900735e+00  -3.6064152e-03   3.0485410e-03  -7.4784920e-04
   2.1153778e-02   7.8073853e-01   6.6189033e+00  -3.0317808e-03   2.6057864e-03  -9.6227257e-05
   2.5491960e-02   7.9935441e-01   6.6343525e+00  -2.9267598e-03   2.7606598e-03  -5.7357273e-04
   4.0638271e-02   7.8549788e-01   6.6275506e+00  -2.8423393e-03   2.6603918e-03  -8.6280233e-04
   5.1527972e-02   8.0149845e-01   6.6465114e+00  -2.9994878e-03   3.1252434e-03  -7.9822468e-04
   2.8505330e-02   8.0941982e-01   6.6388038e+00  -3.3621378e-03   2.2986465e-03  -6.0431550e-04
   4.8481335e-02   7.9732389e-01   6.6620764e+00  -2.7895269e-03   2.3780539e-03  -8.3328833e-04
   3.4975878e-02   7.8427886e-01   6.6650336e+00  -3.8254766e-03   2.0508339e-03  -7.2297186e-04
   9.9011385e-03   7.8530098e-01   6.6621417e+00  -3.8725904e-03   2.0855208e-03  -3.4658741e-04
   2.7636530e-02   7.9976211e-01   6.7020881e+00  -2.5151276e-03   2.9233937e-03  -4.0853538e-04
   4.0664037e-02   7.8703633e-01   6.6783228e+00  -3.5448016e-03   3.0567747e-03  -4.2381797e-04
   2.2174032e-02   8.0063232e-01   6.6875760e+00  -3.6709616e-03   2.3425071e-03  -4.9986243e-04
   1.8171647e-02   8.0598178e-01   6.7010989e+00  -3.7371980e-03   1.6573878e-03  -4.5112816e-04
   2.1210281e-02   8.0183872e-01   6.7309526e+00  -3.0359084e-03   2.5515914e-03  -3.7123113e-04
   3.7080103e-02   8.1361717e-01   6.7219649e+00  -3.4930876e-03   2.4849947e-03  -7.0755404e-04
   3.4814123e-02   8.1375031e-01   6.7240084e+00  -3.6208017e-03   2.4313118e-03  -8.7540603e-04
   2.8706505e-02   8.2037360e-01   6.7347020e+00  -3.7617438e-03   2.7674807e-03  -1.6917488e-04
   4.0094606e-02   8.2881635e-01   6.7519334e+00  -3.1588698e-03   2.3195054e-03  -1.2227264e-03
   3.9837594e-02   8.2216817e-01   6.7548448e+00  -3.5312697e-03   2.0971094e-03  -4.3956804e-04
   2.4069563e-02   7.9617873e-01   6.7823849e+00  -3.5383958e-03   2.3339904e-03  -6.9760649e-04
   2.7933075e-02   8.0158711e-01   6.7831230e+00  -3.6599490e-03   2.2452155e-03  -3.6613174e-04
   3.1327243e-02   8.3028971e-01   6.8053842e+00  -2.9268133e-03   2.4786438e-03  -6.0793760e-04
   4.2645901e-02   8.1574361e-01   6.7882021e+00  -3.4874785e-03   2.3125656e-03  -3.0038179e-04
   3.7257075e-02   8.0996369e-01   6.7936154e+00  -3.8575902e-03   2.7424073e-03  -4.9977265e-04
   3.9336566e-02   8.2113111e-01   6.8036026e+00  -3.2084897e-03   2.7717575e-03  -5.2618889e-04
   4.0285241e-02   8.2592806e-01   6.8019794e+00  -3.8956920e-03   2.4740231e-03  -2.7378980e-04
   2.2848951e-02   8.3226184e-01   6.8404372e+00  -3.4539605e-03   2.0659796e-03  -6.2925727e-04
   3.1926358e-02   8.3749093e-01   6.8713261e+00  -3.1626293e-03   3.0316789e-03  -8.2786125e-05
   3.6213418e-02   8.0986837e-01   6.8701934e+00  -3.3716092e-03   3.0687741e-03  -4.3899025e-04
   2.4654538e-02   8.2772289e-01   6.8845882e+00  -3.2978302e-03   1.9991491e-03  -4.9528377e-04
   3.8366326e-02   8.1583399e-01   6.8704461e+00  -4.0925060e-03   2.6430678e-03  -2.3248952e-04
   5.0296817e-02   8.1685801e-01   6.8865388e+00  -3.4866173e-03   2.3040422e-03  -5.7564157e-04
   3.2205808e-02   8.4321074e-01   6.9075465e+00  -2.8077727e-03   2.2335228e-03  -8.8163623e-04
   5.3908775e-02   8.1262225e-01   6.9037972e+00  -3.8020860e-03   2.5128098e-03  -9.3750822e-04
   3.0791688e-02   8.2015732e-01   6.9100421e+00  -3.7866956e-03   2.4291552e-03  -1.2313418e-04
   4.4367847e-02   8.3358442e-01   6.9221899e+00  -3.7012868e-03   2.9320478e-03  -5.8102283e-04
   3.0208061e-02   8.3542869e-01   6.9461879e+00  -2.8072734e-03   2.6803908e-03  -2.8214344e-04
   3.7729992e-02   8.2627538e-01   6.9618099e+00  -3.3395742e-03   2.3428601e-03  -6.0841211e-04
   4.6846495e-02   8.2460516e-01   6.9500415e+00  -3.7041534e-03   2.5600222e-03  -6.7035511e-04
   3.0452793e-02   8.2045661e-01   6.9644023e+00  -4.1832965e-03   2.3953434e-03  -5.8410768e-04
   5.6045602e-02   8.2582148e-01   6.9893372e+00  -3.1953844e-03   2.2463929e-03  -5.9884438e-04
   2.9259156e-02   8.1493963e-01   6.9957873e+00  -3.3802800e-03   2.3863114e-03  -9.3977028e-05
   2.7871113e-02   8.1447065e-01   7.0122662e+00  -3.3304757e-03   2.0933224e-03  -2.4813632e-04
   3.8124477e-02   8.2125503e-01   7.0243345e+00  -3.1247306e-03   2.3742928e-03  -6.1416632e-04
   1.7781709e-02   7.9852411e-01   7.0297460e+00  -3.6532657e-03   2.6291936e-03  -1.0290861e-05
   4.2391145e-02   8.4291797e-01   7.0290225e+00  -3.1707208e-03   2.6853947e-03  -1.7723353e-04
   4.8088294e-02   8.2177384e-01   7.0225885e+00  -4.4428880e-03   2.9141313e-03  -6.0703362e-04
   3.4784401e-02   8.7357021e-01   7.0237986e+00  -3.9129585e-03   2.6330895e-03  -5.7451311e-04
   2.0850805e-02   8.6124891e-01   7.0217787e+00  -3.6803454e-03   2.4077178e-03  -3.7691322e-04
   7.1918229e-02   7.2174675e-01   6.7871758e+00  -1.2066932e-02   2.8838657e-03  -8.6903981e-04
   4.7562319e-02   6.7386729e-01   6.7730248e+00   1.0890509e-02  -1.7850227e-03  -3.3454051e-03
   3.4316170e-02   6.9098051e-01   7.0485788e+00   1.0559261e-02  -3.7322682e-03  -1.0308336e-03
   9.8961598e-02   7.0479231e-01   6.9958726e+00   6.1526121e-03   6.5128135e-03  -2.4591355e-03
   8.3137586e-02   7.8956084e-01   7.0557332e+00  -1.9500299e-03   6.3256802e-03  -9.6821410e-04
   1.2764462e-01   7.9572479e-01   7.0971230e+00  -2.0864010e-03   6.6920560e-03  -1.1069576e-03
   1.1351244e-01   7.9921146e-01   7.1197465e+00  -2.3203566e-03   6.3332752e-03  -3.2242341e-04
   1.1284760e-01   8.4426486e-01   7.1473071e+00  -1.9556852e-03   6.3225222e-03  -5.9836033e-05
   1.3777584e-01   8.4357303e-01   7.1761515e+00  -1.9365385e-03   6.5811701e-03  -4.2900967e-04
   1.2766256e-01   8.7014922e-01   7.1967325e+00  -1.8009985e-03   5.8640908e-03  -4.0939128e-04
   1.2661603e-01   8.5032699e-01   7.2028472e+00  -1.9429949e-03   6.1235730e-03  -3.4312461e-04
   1.3592560e-01   8.6012747e-01   7.2264519e+00  -2.5097336e-03   6.2342120e-03  -1.1912624e-04
   1.2456162e-01   8.7870936e-01   7.2295558e+00  -2.8878906e-03   5.8587677e-03  -3.6009669e-04
   1.2256312e-01   8.4429908e-01   7.2505445e+00  -2.4960831e-03   5.7534119e-03  -5.0244664e-04
   1.2111679e-01   8.5638089e-01   7.2632372e+00  -2.4243795e-03   5.7251414e-03  -4.8737588e-04
   1.2044726e-01   8.3843979e-01   7.2539431e+00  -3.2019664e-03   5.8904294e-03  -1.5803633e-04
   1.0734203e-01   8.5458193e-01   7.3032050e+00  -2.8500344e-03   5.4890036e-03   1.2310886e-04
   1.5248475e-01   8.3591949e-01   7.3116197e+00  -2.7041187e-03   6.1082155e-03  -3.3766864e-04
   1.4145483e-01   8.6889780e-01   7.3089132e+00  -3.2715347e-03   6.0216253e-03  -3.9208924e-04
   1.1899061e-01   8.6666034e-01   7.3171925e+00  -3.3080461e-03   5.7822945e-03  -3.9797474e-04
   1.0717467e-01   8.5225785e-01   7.2990744e+00  -3.7457717e-03   5.3980371e-03   9.0292222e-05
   1.1850907e-01   8.6868815e-01   7.3287975e+00  -3.4572266e-03   5.8225170e-03   3.8944906e-04
   1.1605744e-01   8.6560206e-01   7.3400022e+00  -3.4884429e-03   5.8234491e-03  -1.7521550e-04
