   0.0000000e+00   0.0000000e+00   6.7482900e-15  -6.2502903e-20   1.9828138e-18   1.2393162e-37
   2.6322744e-02  -5.0239896e-02   9.2403972e-02  -4.0544843e-03   7.5800363e-03  -3.4568512e-03
  -9.0732154e-03   8.0950272e-04  -1.0066253e-02  -3.6363478e-03   9.8765540e-03  -3.0835367e-03
   1.4395181e-02   3.7120643e-03  -3.3189111e-02  -2.8716526e-03   1.0356772e-02  -3.1082810e-03
  -4.4516467e-03   1.6111687e-02  -6.9075565e-02  -2.0792402e-03   1.0257884e-02  -3.3894962e-03
   5.2319023e-02   1.2891533e-01  -8.5301483e-02  -1.5435145e-03   9.8475438e-03  -5.1433070e-03
  -1.1192044e-02   4.1442313e-02  -7.6999061e-02  -8.7568551e-04   1.1226232e-02  -3.0455921e-03
  -1.0569230e-02   2.3033377e-02  -1.1340258e-01  -1.7139746e-03   1.0878165e-02  -2.9652949e-03
  -9.9796438e-03   4.7477894e-02  -5.2359791e-02  -9.2303322e-04   1.1282473e-02  -2.9694402e-03
  -1.0352896e-02   5.1580731e-02  -7.1798219e-02  -8.1561962e-04   1.0998470e-02  -3.5358850e-03
  -9.4026541e-03   3.0086760e-02  -9.8315864e-02  -1.3470845e-03   1.1559294e-02  -3.4634139e-03
  -1.7181946e-02   9.1105352e-02  -5.2552910e-02   4.9668141e-04   1.1535847e-02  -3.3420365e-03
  -3.0999644e-02   5.4045993e-02  -3.9952107e-02  -3.3201858e-05   1.1864877e-02  -2.8129157e-03
  -5.5548783e-03   5.2569378e-02  -3.8315626e-02   1.4106341e-04   1.1791896e-02  -3.3680405e-03
  -1.6623822e-02   4.2064860e-02  -5.1534190e-02  -5.8282004e-04   1.1688446e-02  -3.0673027e-03
  -3.9805142e-02   8.0386374e-02   4.4112056e-03  -1.6807692e-04   1.1500056e-02  -2.9832119e-03
  -6.4184741e-02   6.3567657e-02  -3.1350849e-02  -9.3728142e-04   1.1178914e-02  -1.9821163e-03
  -2.4058375e-02   5.4919798e-02  -3.1274986e-02  -7.9992371e-04   1.1535495e-02  -3.0557898e-03
  -5.9609558e-02  -8.1090019e-04  -1.4984476e-02  -2.7178521e-04   1.1815243e-02  -2.9598155e-03
  -4.7343879e-02   5.7011827e-02  -5.2972433e-02  -4.0120234e-05   1.1528265e-02  -3.0286808e-03
  -5.1893614e-02   6.2540666e-02   1.6478165e-03   6.9908067e-04   1.1393111e-02  -2.8891683e-03
  -5.2027796e-02   3.6842231e-02  -1.9653747e-02   3.3153900e-04   1.1050396e-02  -3.5807415e-03
  -7.5892936e-02   7.5916752e-02   1.6948554e-02   5.5287022e-04   1.1356025e-02  -2.9476040e-03
  -6.0387954e-02   8.0608066e-02  -1.4616434e-01   8.4258864e-05   1.2532274e-02  -3.1784758e-03
  -8.9691462e-02   7.7279643e-02  -2.1100667e-01   4.2419153e-03   1.2728333e-02  -3.4564859e-03
  -7.3598985e-02   4.4311793e-02  -2.1419560e-01   3.2882910e-03   1.3377164e-02  -3.1092855e-03
  -8.6406141e-02   6.4588532e-02  -2.5723960e-01   1.9516659e-03   1.3132859e-02  -3.0552304e-03
  -1.0352452e-01   9.6473538e-02  -2.1299715e-01   2.8816640e-03   1.2881309e-02  -2.8746333e-03
  -7.8891602e-02   2.2445605e-02  -1.3690830e-01   7.5872024e-04   1.1769076e-02  -3.0372164e-03
  -1.3498468e-02   1.1528433e-01  -1.3496505e-01   2.0333416e-03   1.2965465e-02  -4.0161497e-03
  -8.5709864e-02   2.7101066e-02  -4.7576642e-02   1.8567555e-03   1.2939118e-02  -2.4147658e-03
  -1.2518980e-01   4.3160680e-02   8.4685737e-03   2.7448678e-03   1.2860308e-02  -2.2030496e-03
  -8.1647555e-02   8.8103186e-02   2.6081833e-02   3.7089882e-03   1.3124531e-02  -2.8621713e-03
  -6.5200697e-02   1.0327018e-01  -2.3571189e-02   3.2649639e-03   1.2763999e-02  -3.6541696e-03
  -5.9036448e-02   2.3447654e-01  -3.8104803e-02   1.6580271e-03   1.1736269e-02  -4.0476429e-03
  -7.2327658e-02  -3.0387968e-02  -7.9406701e-02   2.8099596e-03   1.2249326e-02  -3.3291088e-03
  -9.6594648e-02   8.9791286e-02  -8.8372180e-02   3.0094717e-03   1.3756202e-02  -2.5742180e-03
  -1.0842729e-01   4.9438588e-02  -4.3216365e-02   2.9651030e-03   1.2488026e-02  -3.7143772e-03
  -8.7691978e-02   7.4000802e-02   9.3661590e-04   3.1822677e-03   1.2758202e-02  -3.1594064e-03
  -7.4127553e-02   5.9009071e-02  -5.4720771e-02   1.6911445e-03   1.3302246e-02  -3.6466407e-03
  -9.0450097e-02   9.0361981e-02  -6.9672868e-02   2.0075626e-03   1.2367213e-02  -3.4224093e-03
  -1.4298389e-01  -3.5060266e-01  -6.3138916e-02   2.3415927e-03   1.1789229e-02  -2.5246607e-03
  -7.7812290e-02   8.1176618e-02  -3.1645549e-02   2.3916185e-03   1.2633598e-02  -3.8670442e-03
  -9.0045020e-02   3.5863971e-02  -1.3371625e-01  -1.0512622e-03   1.1942012e-02  -2.5671362e-03
  -6.2567047e-02   4.5665804e-02  -1.0890902e-01   1.2415735e-03   1.2862132e-02  -3.9401008e-03
  -8.0168699e-02   2.2760358e-02  -5.5498721e-02   1.2905289e-03   1.2817974e-02  -2.9440648e-03
  -9.1001607e-02   7.4573137e-02  -9.0190319e-02   1.6697537e-03   1.2522526e-02  -3.1857869e-03
  -8.9172940e-02   4.1291253e-02  -6.1265569e-02   2.1665646e-03   1.2236402e-02  -3.3173929e-03
  -8.7775332e-02   6.4887638e-02  -4.2395686e-02   1.1264634e-03   1.2143820e-02  -3.0365814e-03
  -9.0971828e-02   6.4661303e-02  -8.3763107e-02   4.7425610e-04   1.2783302e-02  -3.2513905e-03
  -1.1617296e-01   7.0648559e-02  -3.3570214e-02   8.6317617e-04   1.1974577e-02  -2.9117296e-03
  -1.2383052e-01   2.4262568e-02  -1.0972212e-02   1.0761316e-03   1.1972743e-02  -2.5932049e-03
  -1.1422859e-01   2.8680743e-02  -4.8406352e-02   4.6569432e-04   1.2141928e-02  -2.3767290e-03
  -9.0885624e-02   4.9298352e-02  -5.1639448e-02   2.7835154e-04   1.2103868e-02  -3.1008375e-03
  -1.0069542e-01   3.2911364e-02   2.0801848e-02   1.7168805e-03   1.2394095e-02  -3.1808560e-03
  -1.2100166e-01   5.2298798e-02  -1.3707303e-03   1.0573281e-03   1.2947988e-02  -2.2597476e-03
  -1.1092033e-01   3.6928732e-02   1.3569265e-02   7.4457206e-04   1.2130679e-02  -3.1346943e-03
  -8.3237824e-02   8.0576251e-03  -1.7198733e-02   3.9893149e-04   1.1675862e-02  -2.4440799e-03
  -8.6928450e-02   6.0761066e-02  -8.5604775e-02   1.6109599e-03   1.1564587e-02  -3.5070207e-03
  -9.9121947e-02   1.6251065e-02  -4.6178459e-02   1.8182294e-03   1.1753478e-02  -3.1454784e-03
  -1.1356384e-01   3.1758839e-02  -1.7618103e-02   2.0298965e-03   1.1907497e-02  -2.5680172e-03
  -9.8831603e-02   5.4429039e-02  -2.4171517e-02   7.0569555e-04   1.0802978e-02  -3.6174362e-03
  -8.7760046e-02   4.5122764e-02  -1.1261227e-03  -4.1273127e-04   1.1433763e-02  -2.9036613e-03
  -1.1573635e-01   3.6837208e-02   1.4170731e-03   1.2352606e-03   1.1509595e-02  -2.7610696e-03
  -1.2300629e-01   3.9310225e-02   7.0735750e-03   9.9920183e-04   1.1520337e-02  -3.1114966e-03
  -1.0046523e-01   2.2630382e-02   3.7173972e-02   1.0362151e-03   1.2225099e-02  -3.0767539e-03
  -1.1518318e-01   3.4369179e-02   8.9589101e-02   1.6702583e-03   1.1844467e-02  -3.1143838e-03
  -1.1532799e-01   3.4668029e-02   7.0418498e-02  -2.5172204e-04   1.0505696e-02  -3.0936936e-03
  -1.2554344e-01   2.1469883e-02   7.5432243e-02   1.9248963e-03   1.2092266e-02  -2.1157804e-03
  -1.2796668e-01   3.3095599e-02   7.5874266e-02   7.2589356e-04   1.1559115e-02  -2.8162464e-03
  -9.9128420e-02   6.2618980e-02   4.9023072e-02   9.4162037e-04   1.0924121e-02  -2.4949672e-03
  -1.2952165e-01   3.3538539e-02   2.8865356e-02   9.0296619e-04   1.1097676e-02  -2.8036493e-03
  -1.3781279e-01   4.4690751e-02   7.0751905e-02   5.7110857e-04   1.1327916e-02  -2.4992171e-03
  -1.4157967e-01   2.2951239e-02   9.1771886e-02   1.3516418e-03   1.1164988e-02  -1.8475887e-03
  -1.3060026e-01   7.2593339e-03   1.1540685e-01   8.2886427e-04   1.0765491e-02  -2.6853708e-03
  -1.3823653e-01   1.4814190e-02   1.5519484e-01   9.7641236e-04   1.0812515e-02  -2.4061037e-03
  -1.2853535e-01   2.0874212e-03   1.4659814e-01   7.9765246e-04   1.0420541e-02  -2.5972998e-03
  -1.4696793e-01   1.0909437e-02   1.2103670e-01  -7.3853824e-04   1.0760085e-02  -1.8111641e-03
  -1.2757388e-01   2.8819506e-02   1.2035923e-01  -3.3666690e-04   1.1010283e-02  -2.5342151e-03
  -1.5716584e-01   1.5066106e-02   1.3154517e-01  -3.3720045e-04   1.1445050e-02  -2.1089424e-03
  -1.0634570e-01   3.0847145e-02   1.3581186e-01   8.8454442e-05   1.0668359e-02  -2.8347842e-03
  -1.1339984e-01   6.7176227e-03   1.2773578e-01   4.0056455e-05   1.1005899e-02  -2.4993606e-03
  -1.3778571e-01   2.4950853e-02   1.7801691e-01  -7.5295742e-05   1.0908028e-02  -2.0463227e-03
  -1.2835477e-01   6.6076858e-03   1.6847586e-01   6.4905624e-04   1.0977026e-02  -2.1798096e-03
  -9.3938824e-02   4.5164937e-02   1.4440654e-01  -6.0531739e-04   1.0906296e-02  -3.3165547e-03
  -1.1075264e-01   1.4185246e-02   1.7841495e-01  -2.1410386e-04   1.1602257e-02  -2.3925889e-03
  -1.0102062e-01   9.2857329e-03   1.8278419e-01   3.2185714e-04   1.1242087e-02  -3.1313407e-03
  -1.1953384e-01   2.4772097e-02   1.5807418e-01  -4.8006313e-04   1.0596833e-02  -1.8093339e-03
  -1.1662431e-01   2.9897028e-02   1.9068132e-01   2.5034771e-03   1.1150210e-02  -3.1893556e-03
  -1.2043340e-01   4.2335467e-02   2.0068983e-01   1.5203555e-03   1.1070323e-02  -2.8510881e-03
  -8.2879534e-02   4.5040652e-02   1.7234025e-01   1.5725547e-03   1.1700367e-02  -2.4035695e-03
  -1.3817989e-01   7.8756958e-02   1.7838909e-01   9.1019765e-04   1.0967163e-02  -2.5407677e-03
  -1.5136078e-01   2.1120164e-02   1.6471099e-01   2.6445616e-04   1.0457855e-02  -2.5584035e-03
  -1.5223717e-01   2.0031863e-02   2.2720167e-01   6.8840447e-04   1.0166762e-02  -2.1593925e-03
  -1.2074486e-01   5.0243155e-02   2.7726351e-01   7.1555857e-04   9.6851365e-03  -3.2470161e-03
  -1.2696149e-01   2.7944852e-02   2.5482070e-01  -2.7476448e-05   1.0887167e-02  -2.8451576e-03
  -1.3320998e-01   1.0918377e-02   2.7830409e-01   4.2932695e-04   9.9793057e-03  -2.7212132e-03
  -1.3991093e-01  -5.5729763e-03   2.5643357e-01  -9.0814820e-04   1.0473160e-02  -1.4637726e-03
  -1.4175161e-01  -2.4911317e-03   2.7923604e-01  -5.4744116e-04   1.0076756e-02  -1.9718588e-03
  -1.5739068e-01   2.6701309e-02   3.0326825e-01   4.1407794e-04   9.8601637e-03  -2.4619999e-03
  -1.3663025e-01   8.7540590e-02   2.8717073e-01   1.2332861e-03   1.0751817e-02  -2.3398625e-03
  -1.0378045e-01   1.3147271e-02   3.0141301e-01   1.0933860e-03   1.0687598e-02  -2.5733713e-03
  -1.0047915e-01   4.2055815e-02   1.6924588e-01  -2.7567342e-03   1.0682294e-02  -2.6064985e-03
  -1.1439073e-01   5.9708375e-02   2.9005745e-01   2.2826072e-03   1.1597565e-02  -3.2725183e-03
  -1.3946225e-01   6.2217972e-02   3.3044372e-01   1.6435927e-03   1.1132133e-02  -2.8273280e-03
  -1.5125335e-01   5.3357677e-02   3.3585694e-01   1.4515803e-03   1.1406434e-02  -1.4985254e-03
  -1.3000807e-01   6.0164054e-02   3.6498657e-01   8.5225516e-04   1.0354165e-02  -2.8438407e-03
  -1.4042863e-01   4.3403609e-02   4.1604563e-01   1.4891013e-03   1.0712680e-02  -2.6726252e-03
  -1.7026272e-01   5.4009130e-02   4.3087564e-01   1.3547433e-03   1.0279411e-02  -1.9206622e-03
  -1.4580190e-01   1.2467159e-02   4.2724752e-01   3.0833043e-04   1.0302318e-02  -2.0670736e-03
  -1.3079679e-01  -3.1566889e-01   2.6672520e-01  -4.7069297e-03   9.8254943e-03  -3.5809265e-03
  -1.4214906e-01   3.5354614e-02   4.4605562e-01   4.6916229e-04   1.0009867e-02  -2.6826730e-03
  -8.9857206e-02   3.8610863e-02   3.7732782e-01  -1.3876175e-03   1.0694033e-02  -3.3230277e-03
  -8.9996058e-02   4.0697722e-02   4.3352590e-01   1.7955097e-03   1.1391528e-02  -3.5778252e-03
  -1.0770656e-01   7.9489392e-02   4.3713401e-01   1.2569798e-03   1.1598678e-02  -3.3670503e-03
  -1.1409630e-01  -5.1755087e-02   3.9920910e-01  -1.4516502e-03   1.1385549e-02  -2.1235058e-03
  -1.0210457e-01   1.2341898e-03   4.6158647e-01   1.2261572e-03   1.1440916e-02  -3.8904001e-03
  -1.1803914e-01   5.5220810e-02   4.8415162e-01   1.1834686e-03   1.1353921e-02  -3.1490746e-03
  -1.5498736e-01   3.8806956e-02   5.6397351e-01   1.8018461e-03   1.1527317e-02  -2.8845565e-03
  -1.1962103e-01   5.8482334e-02   5.5307787e-01   1.2024326e-03   1.0826002e-02  -2.7620771e-03
  -8.3903991e-02   6.0046795e-02   4.8261768e-01  -1.2522209e-03   1.0967318e-02  -3.1964408e-03
  -1.1360212e-01   6.4198961e-02   4.7650822e-01   2.4453567e-04   1.0780205e-02  -3.3469495e-03
  -1.0039189e-01   4.7924338e-02   5.2287046e-01   1.2188581e-03   1.1768176e-02  -3.4464208e-03
  -8.1764188e-02   6.4983585e-02   4.9669985e-01   5.6532252e-04   1.2450327e-02  -3.0212511e-03
  -1.2605007e-01   2.9938256e-02   5.2144222e-01  -1.9547647e-05   1.1079062e-02  -2.7183601e-03
  -1.2444488e-01   3.4885078e-02   5.5290185e-01   7.0083659e-04   1.1577813e-02  -2.7387816e-03
  -1.2160020e-01   3.9638504e-02   5.9790228e-01   1.2093069e-03   1.2086521e-02  -2.2767357e-03
  -1.3280630e-01   2.5110737e-02   5.8713592e-01   5.8131559e-04   1.1120883e-02  -2.1761140e-03
  -9.3519496e-02   3.8869898e-02   5.4873260e-01   5.2105049e-05   1.3204521e-02  -3.0926859e-03
  -1.3921445e-01   5.3488296e-02   4.9929392e-01   5.5613903e-04   1.2167935e-02  -1.9097704e-03
  -9.7401692e-02   4.5475724e-02   5.8021961e-01   2.0910529e-03   1.1930359e-02  -3.9348772e-03
  -1.2323028e-01  -3.0523713e-02   6.2496573e-01   3.5254514e-03   1.1477965e-02  -2.4942866e-03
  -5.8814349e-02   7.7305765e-02   5.5213562e-01   6.5186998e-04   1.2238722e-02  -3.6447125e-03
  -1.1174860e-01   4.1044522e-02   5.8931118e-01   2.0518099e-03   1.1909650e-02  -3.2243322e-03
  -1.2520920e-01   6.4207455e-02   6.4767032e-01   2.8258258e-03   1.2682563e-02  -2.8148066e-03
  -9.8592891e-02   7.8519162e-02   5.8180016e-01   1.2989133e-03   1.2241184e-02  -2.5918637e-03
  -1.0905174e-01   5.1675481e-02   6.6950625e-01   2.0925012e-03   1.1920576e-02  -3.3553098e-03
  -8.8623962e-02   6.4881631e-02   7.2702347e-01   2.0135456e-03   1.1702213e-02  -3.1911532e-03
  -1.0917200e-01   6.0268962e-02   6.9510536e-01   1.0864662e-03   1.1470989e-02  -3.3719293e-03
  -1.1103349e-01   9.0942069e-02   7.1402948e-01   1.2550435e-03   1.1433259e-02  -2.8843694e-03
  -1.0487990e-01   6.2370710e-02   6.8237348e-01   2.3378198e-04   1.1399212e-02  -2.7441780e-03
  -1.0950973e-01   8.6502339e-02   7.1543437e-01   7.3235381e-04   1.1305181e-02  -2.6990333e-03
  -9.2856305e-02   8.7311645e-02   5.6187715e-01  -3.8929390e-04   1.1759766e-02  -2.3813839e-03
  -1.1094810e-01   8.6482168e-02   6.2972454e-01   1.1014966e-03   1.1949485e-02  -3.2441146e-03
  -1.1505939e-01   7.2375696e-02   7.2749609e-01   2.7275006e-03   1.1532212e-02  -3.4829489e-03
  -1.1008727e-01   5.4590181e-02   7.1959192e-01   1.9670467e-03   1.1901089e-02  -2.6626002e-03
  -8.0223389e-02   1.0139829e-01   7.9324020e-01   1.7675886e-03   1.2141436e-02  -3.2214131e-03
  -1.0688273e-01   8.1598825e-02   7.5721738e-01   1.3803445e-03   1.1312244e-02  -3.0211746e-03
  -9.5420781e-02   1.1617751e-01   7.7736779e-01   1.5181791e-03   1.1782102e-02  -3.5123389e-03
  -1.1403736e-01   8.9847865e-02   7.5305549e-01   1.1226066e-03   1.1194454e-02  -2.9616458e-03
  -9.8552756e-02   4.2110180e-02   7.6568673e-01   3.3104741e-04   1.1590971e-02  -3.2609411e-03
  -1.1323652e-01   6.0960791e-02   8.0060682e-01   8.7176665e-04   1.1685205e-02  -2.6509416e-03
  -1.2346966e-01   7.2583199e-02   8.3260780e-01   1.2707548e-03   1.1820676e-02  -2.1992267e-03
  -1.2574524e-01   5.9672517e-02   7.6696562e-01   4.4353474e-04   1.2340111e-02  -2.6304168e-03
  -1.0643133e-01   7.0622329e-02   8.1282902e-01   1.2764226e-03   1.1851218e-02  -2.9274008e-03
  -1.0108022e-01   6.0703246e-02   7.9623151e-01   1.0604198e-04   1.2029890e-02  -2.7724653e-03
  -1.0014175e-01   9.1323540e-02   7.8811236e-01   1.5745012e-03   1.2086071e-02  -3.2727519e-03
  -1.0898301e-01   7.8950758e-02   8.4381997e-01   9.7827655e-04   1.1527657e-02  -2.6868686e-03
  -9.8955591e-02   7.2831412e-02   8.6171202e-01   1.3550544e-03   1.1453236e-02  -2.8227395e-03
  -7.1964483e-02   9.8237763e-02   9.2821796e-01   2.4609682e-03   1.0651572e-02  -3.7241228e-03
  -1.0712042e-01   5.7279079e-02   9.1933308e-01  -2.0166601e-04   1.0402453e-02  -1.6819724e-03
  -1.0948153e-01   8.7730416e-02   8.5702663e-01   1.4559379e-03   1.1067511e-02  -3.1356197e-03
  -1.0194371e-01   1.0468824e-01   9.5521968e-01   1.7683297e-03   1.1690191e-02  -3.2093266e-03
  -7.0567490e-02   8.2237142e-02   9.4527898e-01   1.0049519e-03   1.2798327e-02  -2.8554147e-03
  -1.0646552e-01   7.7239337e-02   9.9990329e-01   1.2180659e-03   1.2046167e-02  -3.3366207e-03
  -1.4676532e-01   8.8718640e-02   1.0179864e+00   1.1213510e-03   1.1948670e-02  -2.3618644e-03
  -1.0033858e-01   7.5283845e-02   9.5551938e-01   4.6490221e-04   1.2002238e-02  -2.8620624e-03
  -1.0151948e-01   7.7022856e-02   9.9877688e-01   1.8923443e-03   1.2338133e-02  -3.4077302e-03
  -1.0998369e-01   1.0342493e-01   9.7733543e-01   1.3035198e-03   1.2177982e-02  -3.4598696e-03
  -1.2754101e-01   9.5845577e-02   1.0118505e+00   1.4728068e-03   1.1414746e-02  -2.9398289e-03
  -1.0708215e-01   9.8540520e-02   1.0201573e+00   1.3119626e-03   1.1154028e-02  -2.6399983e-03
  -1.0309934e-01   1.0370323e-01   1.0189573e+00   1.5908281e-03   1.1624731e-02  -3.2969609e-03
  -1.2401174e-01   6.8625189e-02   1.0413346e+00   9.2522286e-04   1.1040457e-02  -2.5993955e-03
  -1.0548827e-01   1.0909674e-01   1.0304419e+00   7.3006333e-04   1.1372431e-02  -2.7101290e-03
  -7.7106838e-02   8.2345147e-02   1.0675465e+00   7.4714247e-04   1.1357318e-02  -3.0075972e-03
  -9.2567130e-02   8.1193573e-02   1.0547947e+00   4.5372804e-04   1.1446946e-02  -2.8935269e-03
  -9.2627742e-02   1.0805454e-01   1.1172743e+00   1.4346315e-03   1.1443457e-02  -3.1421791e-03
  -1.0215835e-01   1.2405609e-01   1.0806725e+00   1.3214726e-03   1.1760577e-02  -2.9276937e-03
  -9.3766869e-02   8.5964213e-02   1.1078124e+00   4.1587397e-04   1.1295419e-02  -2.8194708e-03
  -9.3838360e-02   9.9407134e-02   1.0850927e+00   7.6201582e-04   1.1445219e-02  -3.0592077e-03
  -1.1028827e-01   1.4158393e-01   1.0616183e+00   5.0616957e-04   1.2367521e-02  -2.3648419e-03
  -1.4302100e-01   1.0005918e-01   9.6358230e-01  -6.1124715e-04   1.2320292e-02  -2.4400236e-03
  -8.6452937e-02   1.1814455e-01   1.0635254e+00   1.4566523e-03   1.1800103e-02  -3.4259453e-03
  -9.2078574e-02   7.6014316e-02   1.1176920e+00   6.2680852e-04   1.1273180e-02  -3.1405309e-03
  -1.0855186e-01   1.0812495e-01   1.1445671e+00  -2.9920375e-05   1.0737170e-02  -2.6833878e-03
  -9.5600138e-02   1.0932254e-01   1.1960244e+00   2.1116338e-04   1.1367820e-02  -2.2573107e-03
  -1.1328020e-01   1.0397011e-01   1.2119455e+00   2.4492158e-04   1.1422869e-02  -2.8135886e-03
  -1.1810541e-01   9.4814586e-02   1.2257731e+00   7.6399400e-04   1.0587262e-02  -2.9657337e-03
  -1.1162672e-01   7.2997792e-02   1.1992940e+00  -9.5513805e-04   1.0408801e-02  -2.0302115e-03
  -1.2319747e-01   1.4146501e-01   1.2728935e+00   6.5721023e-04   1.1264019e-02  -2.7680862e-03
  -1.3175612e-01   1.3170014e-01   1.2458849e+00  -1.8711627e-04   1.0899368e-02  -2.5245126e-03
  -1.0718607e-01   1.0447131e-01   1.3151757e+00   6.0462631e-04   1.0868987e-02  -2.4996038e-03
  -9.4257228e-02   1.0639570e-01   1.3138559e+00   7.2707401e-04   1.0925797e-02  -2.1439044e-03
  -1.1444103e-01   1.0296651e-01   1.3208651e+00   4.6314888e-04   1.0432059e-02  -2.4795716e-03
  -1.1365385e-01   9.3933542e-02   1.3063864e+00   3.2666599e-04   1.0743617e-02  -2.7644555e-03
  -1.1443383e-01   8.3426700e-02   1.3025594e+00  -9.4366837e-04   1.0916012e-02  -1.5465795e-03
  -1.0835436e-01   9.7535851e-02   1.3201783e+00   1.9165042e-03   1.1147303e-02  -2.7428032e-03
  -1.2120670e-01   1.2129599e-01   1.3364391e+00   1.3461408e-03   1.0971019e-02  -2.4863745e-03
  -1.5676235e-01   1.1913463e-01   1.3694812e+00   1.1757599e-03   1.0922146e-02  -1.3926673e-03
  -1.2558422e-01   1.0246976e-01   1.4108357e+00   1.4816578e-03   1.1541384e-02  -1.7480460e-03
  -1.0884064e-01   1.2310128e-01   1.3565019e+00   1.2319799e-03   1.0792142e-02  -1.4522384e-03
  -8.2259016e-02   8.5737239e-02   1.3794933e+00   1.0342466e-03   1.1172050e-02  -3.4497090e-03
  -8.3713922e-02   1.4186497e-01   1.4372903e+00   1.5961709e-03   1.0925405e-02  -3.1029270e-03
  -1.2149732e-01   1.3521003e-01   1.4332663e+00   7.6431476e-04   1.0997995e-02  -2.1245794e-03
  -1.0806148e-01   1.3204507e-01   1.3806148e+00  -4.7169483e-04   1.1713383e-02  -1.6276120e-03
  -1.2801423e-01   1.5704763e-01   1.3377611e+00  -1.7899954e-04   9.5520306e-03  -2.1437822e-03
  -1.0928021e-01   1.4218504e-01   1.4178984e+00   7.5902349e-04   1.1029647e-02  -2.6695632e-03
  -1.1363512e-01   1.3811666e-01   1.4355173e+00   7.4407795e-04   1.1028925e-02  -2.3389363e-03
  -1.1877004e-01   1.4250420e-01   1.4234026e+00   1.2898905e-03   1.1398960e-02  -2.6175607e-03
  -1.0487382e-01   1.3417497e-01   1.4619861e+00   1.2941139e-03   1.0995030e-02  -2.7419168e-03
  -1.2132792e-01   1.2105300e-01   1.5032177e+00   1.4158333e-03   1.0882455e-02  -1.9668676e-03
  -9.4321798e-02   1.4327632e-01   1.5072388e+00   2.1072884e-03   1.0843406e-02  -2.8754946e-03
  -1.0035088e-01   1.2255940e-01   1.4884526e+00   1.0590365e-03   1.1134191e-02  -2.3342801e-03
  -1.2641278e-01   1.0840266e-01   1.5164895e+00   1.0732482e-04   1.0681842e-02  -2.0597407e-03
  -9.1350144e-02   1.1355090e-01   1.5030246e+00   2.1328217e-04   1.0888948e-02  -2.4949853e-03
  -1.0118908e-01   1.0878972e-01   1.5566392e+00   9.0509150e-04   1.0235153e-02  -2.5717383e-03
  -9.2699982e-02   1.2581648e-01   1.5444363e+00   6.6180249e-04   1.0292058e-02  -2.5659185e-03
  -8.5427434e-02   1.2925167e-01   1.5768803e+00   1.1017135e-03   1.0778220e-02  -2.3901390e-03
  -7.7309001e-02   1.3580478e-01   1.6177213e+00   1.4846623e-03   1.1921367e-02  -2.8831063e-03
  -7.7172916e-02   1.2839188e-01   1.5780868e+00   3.3059387e-05   1.1307291e-02  -1.6661623e-03
  -1.1488042e-01   1.4898342e-01   1.5156444e+00   2.0079210e-03   1.1131354e-02  -1.2578022e-03
  -6.8522816e-02   1.1359337e-01   1.5167832e+00   6.8824338e-04   1.1846450e-02  -3.2651221e-03
  -1.0094537e-01   1.4692824e-01   1.6159409e+00   1.6971497e-03   1.1307276e-02  -2.6969320e-03
  -1.2342540e-01   1.3639631e-01   1.6462368e+00   1.1438504e-03   1.0788516e-02  -2.5212718e-03
  -8.4550840e-02   1.4400688e-01   1.6500503e+00   2.1332152e-04   1.0690867e-02  -2.9666233e-03
  -9.0142630e-02   1.4132895e-01   1.5612688e+00  -5.5034597e-04   1.0925387e-02  -2.0380436e-03
  -1.0837814e-01   1.6342322e-01   1.6426973e+00   1.3050944e-03   1.1256825e-02  -2.8404033e-03
  -1.2263667e-01   1.7764142e-01   1.6621794e+00   1.3671465e-03   1.1600538e-02  -1.9813332e-03
  -1.1058307e-01   1.1021144e-01   1.6897004e+00   1.8348563e-03   1.2197904e-02  -1.5010359e-03
  -1.1533838e-01   1.6437168e-01   1.6664477e+00   1.1451393e-03   1.1377516e-02  -2.7344060e-03
  -9.2496913e-02   1.4703794e-01   1.7252133e+00   1.3772899e-03   1.1584292e-02  -2.5148695e-03
  -8.6725048e-02   1.5706354e-01   1.7319781e+00   8.8370168e-04   1.1624700e-02  -2.5511764e-03
  -9.2641402e-02   1.3768475e-01   1.7116664e+00   7.6593476e-04   1.1332685e-02  -2.2538383e-03
  -1.1137393e-01   1.3032183e-01   1.7132133e+00  -2.0879002e-04   1.1347595e-02  -2.1895772e-03
  -1.0426173e-01   1.5854464e-01   1.7793049e+00   7.7796695e-04   1.1175129e-02  -1.7701103e-03
  -8.8585987e-02   1.3126530e-01   1.7844717e+00   3.4905503e-04   1.1633237e-02  -2.9707202e-03
  -9.8824067e-02   1.7214167e-01   1.8530554e+00   1.4894709e-03   1.1090078e-02  -2.6433309e-03
  -1.0838378e-01   1.2903316e-01   1.8348496e+00   3.5337804e-04   1.1397839e-02  -2.3641967e-03
  -6.7563153e-02   1.5886058e-01   1.8702901e+00   1.0539287e-03   1.0946530e-02  -2.6572305e-03
  -8.2995482e-02   1.4500817e-01   1.8266184e+00  -8.0062300e-05   1.1772373e-02  -2.4640272e-03
  -1.1456339e-01   1.1332656e-01   1.8677711e+00   1.3074356e-04   1.1007027e-02  -1.9039553e-03
  -7.1375966e-02   1.3937766e-01   1.9014873e+00   1.2242080e-03   1.0969259e-02  -2.7187170e-03
  -9.4330899e-02   1.5352749e-01   1.8334527e+00  -8.3693457e-04   1.1164744e-02  -2.4490901e-03
  -7.4609893e-02   1.1706618e-01   1.8666334e+00  -2.0960962e-05   1.0481675e-02  -2.5218747e-03
  -7.8586328e-02   1.5599027e-01   1.9065793e+00   4.1142809e-04   1.1131399e-02  -2.6178125e-03
  -7.2020937e-02   1.3489500e-01   1.8925404e+00   3.9835452e-04   1.0898641e-02  -2.7915739e-03
  -1.0173967e-01   1.3809226e-01   1.9336358e+00   8.0639476e-04   1.0574774e-02  -2.5663335e-03
  -7.7394729e-02   1.4175162e-01   1.9329528e+00  -2.7744868e-04   1.0460608e-02  -2.3372599e-03
  -8.9449475e-02   1.3958686e-01   1.9411994e+00  -3.8610538e-04   1.0675835e-02  -2.0614995e-03
  -6.1066875e-02   1.4548574e-01   1.9281433e+00  -3.7563752e-04   1.0561928e-02  -2.6523929e-03
  -1.2699722e-01   1.4641357e-01   2.0155644e+00   9.0074459e-04   9.1053526e-03  -2.6293859e-03
  -1.1275632e-01   1.6416505e-01   1.9983568e+00  -8.8588929e-04   9.3838620e-03  -3.2550476e-03
  -9.4151327e-02   1.7197394e-01   2.0807681e+00   2.8118344e-04   9.5366157e-03  -2.8289048e-03
  -4.6662906e-02   1.8314207e-01   1.8874539e+00  -1.8873822e-03   1.0723538e-02  -3.1850443e-03
  -7.8265510e-02   1.4333003e-01   2.0221588e+00   5.2501205e-04   1.0772815e-02  -3.3725394e-03
  -7.8177682e-02   1.4628328e-01   2.0472661e+00   1.6786316e-04   1.0319312e-02  -3.1532183e-03
  -7.3478258e-02   1.6147360e-01   2.0608857e+00  -4.6229876e-04   1.0837779e-02  -2.5206356e-03
  -6.7990018e-02   1.8914183e-01   2.0111537e+00   3.3436396e-04   1.0798937e-02  -2.8852968e-03
  -7.5884133e-02   2.6909805e-01   2.0852586e+00   8.4699044e-04   1.1050488e-02  -3.6339925e-03
  -8.1389480e-02   1.6301026e-01   2.0794177e+00   5.0978136e-05   1.1121965e-02  -2.5868119e-03
  -7.1283456e-02   1.8675674e-01   2.0786834e+00  -3.0520082e-05   1.0507660e-02  -3.2003859e-03
  -8.7683523e-02   1.5647021e-01   2.1427543e+00   5.7758741e-04   1.1146131e-02  -2.5664367e-03
  -8.7154488e-02   1.2740455e-01   2.0943751e+00  -5.3635446e-04   1.1014745e-02  -2.2213683e-03
  -7.7575723e-02   1.1692954e-01   2.1133466e+00  -7.6095070e-04   1.1141775e-02  -2.6370744e-03
  -6.0892453e-02   1.4206395e-01   2.1222551e+00  -5.2061963e-05   1.1009908e-02  -2.2680711e-03
  -9.8573738e-02   1.5995449e-01   2.1515216e+00  -8.6774474e-06   9.9293451e-03  -2.6254353e-03
  -6.8037267e-02   1.8136230e-01   2.1641783e+00   1.2491029e-04   1.0575527e-02  -2.7274397e-03
  -7.5399559e-02   1.7694627e-01   2.2040373e+00   7.7548147e-05   1.0724355e-02  -2.5352566e-03
  -6.8687647e-02   1.4005656e-01   2.0551540e+00  -2.9246702e-03   1.0446223e-02  -1.9687544e-03
  -1.0039238e-01   1.5036220e-01   2.1408910e+00   9.2145393e-05   1.1158797e-02  -2.3816592e-03
  -6.3454488e-02   1.5523318e-01   2.2059011e+00   7.5067502e-04   1.1310763e-02  -2.7180233e-03
  -6.8482491e-02   1.8101108e-01   2.2051597e+00   1.7702988e-04   1.0411992e-02  -3.0268545e-03
  -6.4249999e-02   1.7599255e-01   2.2314958e+00   5.0326560e-04   1.1072718e-02  -2.5781736e-03
  -5.7511724e-02   1.5594859e-01   2.2818860e+00   1.1054140e-03   1.0251538e-02  -3.1515813e-03
  -7.3882662e-02   1.5755394e-01   2.2595872e+00  -4.6852061e-04   1.0600930e-02  -2.2913021e-03
  -1.6502343e-02   1.8298968e-01   2.2331051e+00  -1.2561704e-03   1.0175331e-02  -3.0466146e-03
  -6.3633243e-02   1.9556258e-01   2.2965359e+00   1.4701765e-03   1.1695607e-02  -2.7183478e-03
  -3.0997240e-02   1.9364200e-01   2.3219994e+00   2.1684476e-04   1.1278379e-02  -3.6622825e-03
  -4.4227478e-02   1.8853123e-01   2.3888599e+00   2.5286848e-04   1.0843260e-02  -3.2943339e-03
  -4.2966562e-02   1.6017506e-01   2.3824574e+00   2.6859547e-04   1.0550232e-02  -3.0690113e-03
  -5.5191520e-04   1.9336790e-01   2.3858398e+00   9.5931850e-04   9.6311851e-03  -3.4435719e-03
  -1.1533099e-02   2.1250452e-01   2.3867516e+00   1.5700832e-03   1.1129474e-02  -4.5399305e-03
  -1.9770238e-02   2.2039888e-01   2.3956380e+00   6.0222052e-04   1.1806321e-02  -4.3146613e-03
  -5.6965976e-02   1.8112986e-01   2.4847889e+00   1.1570507e-03   1.3248284e-02  -2.6355576e-03
  -6.2473566e-02   2.1012714e-01   2.4925808e+00   1.3795201e-03   1.1443019e-02  -3.1206970e-03
  -7.0131463e-02   1.9412482e-01   2.4638439e+00   5.9088739e-04   1.1303676e-02  -2.9976267e-03
  -5.7409208e-02   2.0374682e-01   2.4498221e+00  -4.9190706e-04   1.1810484e-02  -2.7814789e-03
  -6.5629271e-02   1.9052699e-01   2.4916300e+00  -5.4111124e-04   1.1154874e-02  -2.7063677e-03
  -6.1047793e-02   2.0162789e-01   2.4722065e+00  -4.3384960e-04   1.0802141e-02  -3.6752194e-03
  -6.0997313e-02   1.9793431e-01   2.5177724e+00  -9.6096788e-04   1.0614138e-02  -2.7398028e-03
  -4.9065364e-02   1.8481303e-01   2.5111947e+00  -6.7411168e-04   1.0763025e-02  -3.1310237e-03
  -4.2648809e-02   1.9605982e-01   2.5363794e+00  -8.5134018e-04   1.0096473e-02  -3.5337712e-03
  -5.6682756e-02   2.0811693e-01   2.5547194e+00   1.9969286e-04   1.1079595e-02  -2.8563416e-03
  -5.7387293e-02   2.2150136e-01   2.4908517e+00  -6.3162901e-04   1.1804571e-02  -2.8752787e-03
  -2.9760959e-02   2.1541480e-01   2.5158402e+00  -5.2865105e-04   1.1637276e-02  -3.2469898e-03
  -2.3726102e-02   2.0762907e-01   2.5711654e+00   3.4028207e-04   1.0873429e-02  -3.5563958e-03
  -3.0306572e-02   2.1564292e-01   2.5915403e+00   2.9297213e-04   1.0651422e-02  -3.5363023e-03
  -4.9181747e-02   2.4073550e-01   2.5344584e+00  -1.0021940e-03   1.1108413e-02  -2.8569913e-03
  -4.1055008e-02   2.3772497e-01   2.5744472e+00   4.4997037e-04   1.1576891e-02  -3.8082296e-03
  -5.5193873e-02   2.1738343e-01   2.6029940e+00   1.7663408e-04   1.0728772e-02  -3.4106223e-03
  -4.8214765e-02   2.1270302e-01   2.6342692e+00   2.3923538e-04   1.1344962e-02  -2.7686150e-03
  -3.7345957e-02   1.8349186e-01   2.6536315e+00  -8.7164397e-05   1.0877386e-02  -2.7606645e-03
  -6.0991866e-02   1.8844356e-01   2.6737897e+00  -1.0308406e-04   1.0601762e-02  -2.7908450e-03
  -3.0612656e-02   2.0410842e-01   2.6715503e+00  -7.8933505e-05   1.1417372e-02  -2.8836962e-03
  -4.3324628e-02   1.8368245e-01   2.6636195e+00  -1.1296215e-03   1.1791775e-02  -2.5824630e-03
  -3.4606403e-02   2.7872571e-01   2.6410880e+00  -1.4166034e-03   1.0940647e-02  -2.7987461e-03
  -2.2214566e-02   1.9462629e-01   2.7174937e+00  -5.8048994e-06   1.1112717e-02  -3.4072349e-03
  -3.8525478e-02   2.6260395e-01   2.6906726e+00  -3.1661425e-05   1.1183632e-02  -3.9542159e-03
  -2.8321181e-02   2.2459482e-01   2.7635358e+00   8.5320957e-04   1.1342195e-02  -4.3264911e-03
  -5.7639266e-02   2.3589679e-01   2.7562728e+00   5.1432094e-04   1.0461449e-02  -3.0924137e-03
  -5.8043268e-02   2.2650610e-01   2.7630076e+00  -5.6110128e-04   1.0501611e-02  -2.9800555e-03
  -5.2350340e-02   2.2233225e-01   2.7735158e+00  -1.9388624e-04   1.0456488e-02  -2.7957966e-03
  -2.3823602e-02   2.0739641e-01   2.6986691e+00  -3.1278549e-03   1.0143670e-02  -2.6448551e-03
  -2.0553516e-02   2.3392856e-01   2.7703934e+00   2.0489811e-03   1.1897722e-02  -3.1125734e-03
  -3.0558211e-02   2.5194722e-01   2.7568076e+00  -6.0709272e-04   1.2080767e-02  -3.5322493e-03
  -8.7045662e-04   2.3544216e-01   2.8185931e+00   1.9828419e-04   1.1697690e-02  -3.9068960e-03
  -3.2867628e-02   2.4508201e-01   2.8433086e+00   7.0606150e-04   1.0377721e-02  -3.4954961e-03
  -3.1948118e-02   2.7199977e-01   2.8238137e+00   2.8306426e-04   1.0684805e-02  -3.1291165e-03
  -2.0134195e-02   2.0898443e-01   2.8834261e+00   6.0162326e-06   1.0491378e-02  -3.1123374e-03
  -3.7427287e-02   2.1932135e-01   2.9007039e+00  -1.6127097e-04   1.0585337e-02  -2.4050782e-03
  -4.9819086e-02   2.3980441e-01   2.8843397e+00  -8.5023876e-05   1.0539462e-02  -2.5771865e-03
  -3.4879529e-02   2.2176068e-01   2.9295901e+00  -5.8257136e-05   1.1013718e-02  -2.2987767e-03
  -3.3641136e-02   2.4973846e-01   2.9252635e+00  -5.5309012e-04   1.0889473e-02  -2.4447318e-03
  -2.6677519e-02   2.2260172e-01   2.9168232e+00  -1.2297113e-03   1.0988107e-02  -2.5346273e-03
  -1.7109353e-02   2.3059424e-01   2.9357952e+00   1.6179039e-04   1.0753539e-02  -3.4679592e-03
  -1.5431940e-02   2.5310515e-01   2.9389044e+00  -5.0494105e-05   1.0693767e-02  -3.4723232e-03
  -3.3237840e-02   2.1728145e-01   2.9882258e+00  -3.4615885e-04   1.0626874e-02  -2.8239176e-03
  -2.1843269e-02   2.4455115e-01   2.9578673e+00  -4.3318256e-04   1.1803851e-02  -2.9326165e-03
  -5.4798232e-02   2.3805131e-01   3.0064952e+00  -1.8264909e-03   8.4651765e-03  -2.8183919e-03
  -4.6262216e-02   2.6283313e-01   3.0253747e+00  -1.5276936e-03   8.5313730e-03  -3.9768056e-03
  -5.9228348e-02   2.5353547e-01   3.0639669e+00  -6.9655744e-04   9.7798652e-03  -2.7606742e-03
   1.1081904e-02   2.5880508e-01   3.0510875e+00   2.4021780e-04   1.2471861e-02  -2.4328523e-03
  -1.5540437e-02   2.6677785e-01   3.0789590e+00  -2.0629677e-04   1.2724355e-02  -3.4465710e-03
  -2.5304234e-02   2.5446437e-01   3.1454403e+00   6.2530681e-04   1.3052968e-02  -2.6506447e-03
  -3.1211505e-02   2.4128971e-01   3.0966689e+00  -4.1787409e-04   1.2212533e-02  -2.8857649e-03
  -3.8257966e-02   2.8012932e-01   3.0325854e+00  -8.1022573e-04   1.1353509e-02  -3.2319838e-03
  -8.2109059e-03   2.5108757e-01   3.0937440e+00   5.2244712e-04   1.2434463e-02  -3.7534794e-03
  -4.2201344e-02   2.3091050e-01   3.1021118e+00  -9.5102444e-04   1.1045297e-02  -2.8032251e-03
  -3.3033341e-03   2.4596181e-01   3.1089573e+00  -2.6783659e-04   1.1394175e-02  -3.5409141e-03
  -1.6362441e-02   2.5082409e-01   3.0753418e+00  -1.2122645e-03   1.1684868e-02  -2.6956401e-03
  -4.3303232e-02   2.6737963e-01   3.1108764e+00   4.9042590e-05   1.1156578e-02  -3.0345723e-03
  -1.3858962e-02   2.4895891e-01   3.1741721e+00   4.9435187e-04   1.2033978e-02  -3.5598542e-03
  -1.6092910e-02   2.7151498e-01   3.1946551e+00   1.2163352e-03   1.1237373e-02  -3.5806418e-03
  -1.7109989e-02   2.4635366e-01   3.1434581e+00  -1.1427294e-03   1.1464638e-02  -2.6352656e-03
  -7.5190738e-03   2.4044866e-01   3.1599533e+00  -1.9216282e-03   1.1599607e-02  -3.2093873e-03
  -4.9544127e-02   2.5468992e-01   3.1762953e+00  -7.7665304e-04   1.0943519e-02  -2.3829718e-03
  -5.1820617e-02   2.4425809e-01   3.2190660e+00  -3.5028575e-04   1.1123595e-02  -2.6892727e-03
  -2.5289882e-02   2.7643495e-01   3.2985364e+00   7.6997058e-04   1.0692793e-02  -3.4736010e-03
  -3.1734424e-02   2.3186332e-01   3.2676104e+00   5.7533171e-04   1.1693715e-02  -2.4586148e-03
   4.5159493e-03   2.5733306e-01   3.2941542e+00   8.0976100e-04   1.1747968e-02  -3.4283481e-03
  -1.4139754e-02   2.5322347e-01   3.2810061e+00   3.2998963e-04   1.1277003e-02  -3.0559160e-03
  -1.0854446e-02   2.5842566e-01   3.2966440e+00   7.6933658e-05   1.0877953e-02  -2.7851521e-03
  -1.9776905e-02   2.2243419e-01   3.2590435e+00   2.4697112e-04   1.1886993e-02  -2.3975567e-03
  -4.8139735e-02   2.4259287e-01   3.2556143e+00   6.8976350e-04   1.2097058e-02  -2.6419213e-03
   4.1899053e-04   2.8924992e-01   3.2385942e+00   1.0346903e-03   1.2345390e-02  -2.9185582e-03
   2.4483020e-02   2.4702809e-01   3.3658338e+00   3.3671058e-04   1.1927745e-02  -3.5243552e-03
  -8.9119849e-03   2.8517042e-01   3.4203577e+00  -7.7789131e-04   1.0828861e-02  -3.6981946e-03
  -1.3457773e-02   2.4784753e-01   3.4392951e+00  -3.1485480e-04   1.1111362e-02  -3.4096111e-03
  -2.5051615e-02   2.9105282e-01   3.4998953e+00   4.8566453e-04   1.1521542e-02  -2.8122599e-03
  -4.4383843e-03   2.6657542e-01   3.4667756e+00  -1.6873808e-04   1.1105354e-02  -3.1032696e-03
  -6.6458776e-03   2.8585869e-01   3.4884521e+00   8.9946372e-04   1.0733207e-02  -3.2589043e-03
  -3.2926000e-02   2.9723391e-01   3.5229187e+00   1.3594184e-04   1.0837109e-02  -2.6081591e-03
  -4.8155870e-03   2.9891880e-01   3.5011050e+00  -1.0893194e-04   1.1858192e-02  -2.6718672e-03
  -8.0529802e-03   2.8961355e-01   3.5637918e+00   7.2436083e-05   1.1033792e-02  -3.0112086e-03
  -3.0268647e-02   2.5174396e-01   3.5051513e+00  -9.2945759e-04   1.0710105e-02  -2.4713036e-03
   9.9936611e-04   2.5805950e-01   3.5502817e+00  -4.7832128e-04   1.0942735e-02  -3.0181084e-03
  -2.6861838e-02   2.6435257e-01   3.5730147e+00  -9.5782591e-05   1.0641410e-02  -2.4224279e-03
  -1.9036427e-02   2.8392404e-01   3.5616657e+00   1.0723594e-05   1.0510519e-02  -3.0558410e-03
  -7.0792131e-03   2.6511719e-01   3.5899412e+00  -1.1628561e-03   1.0570842e-02  -2.8385261e-03
   4.5664878e-03   2.6902666e-01   3.5602255e+00  -6.5425406e-04   1.0928873e-02  -3.2372973e-03
   1.2695139e-02   2.5768501e-01   3.4841301e+00  -2.2373471e-03   1.0673397e-02  -2.8783131e-03
  -1.0008944e-02   2.6880057e-01   3.5708638e+00  -3.0080857e-04   1.0749337e-02  -2.6920566e-03
   2.6190530e-02   2.7940292e-01   3.6079209e+00   2.0377748e-04   1.1771052e-02  -4.0147105e-03
  -1.2940091e-02   2.4724588e-01   3.5901502e+00  -8.5818235e-04   1.1555414e-02  -3.0284103e-03
   6.7181766e-03   2.8775337e-01   3.6092942e+00  -8.1018194e-06   1.1207436e-02  -3.1255326e-03
  -1.1944201e-02   2.8714176e-01   3.5982987e+00  -3.6108714e-04   1.0731100e-02  -3.3427956e-03
  -1.7596766e-03   2.9005495e-01   3.6638394e+00   8.1215502e-04   1.1026385e-02  -3.1775001e-03
   3.2431491e-02   3.2744208e-01   3.6769910e+00  -1.1321881e-04   1.0418427e-02  -3.7571353e-03
   2.3320861e-03   2.5469886e-01   3.6553770e+00  -8.7990144e-04   1.1035497e-02  -2.8096450e-03
   1.6655086e-02   2.8564281e-01   3.6750657e+00  -4.3453051e-04   1.1100210e-02  -3.1912026e-03
  -5.7955826e-03   2.7448316e-01   3.6990622e+00  -1.1918175e-03   1.0692841e-02  -2.9456665e-03
  -3.0840123e-03   2.5767285e-01   3.6713861e+00  -1.5048358e-03   1.0529594e-02  -2.4717708e-03
  -3.1326892e-02   3.0447529e-01   3.7376812e+00   5.0372607e-04   1.0720024e-02  -2.6960666e-03
  -5.3843190e-03   3.2483589e-01   3.7771609e+00   3.5551016e-04   1.0729335e-02  -4.0246843e-03
  -3.9672023e-04   2.8543163e-01   3.8042910e+00  -3.9901061e-04   1.0319748e-02  -3.0323193e-03
   2.4065942e-02   3.2723641e-01   3.7934086e+00  -9.2095210e-04   1.0970122e-02  -3.4959299e-03
   2.6356762e-02   2.8251876e-01   3.7697102e+00  -2.0117461e-03   1.0745423e-02  -2.7944458e-03
  -2.5696843e-02   3.2530551e-01   3.8178584e+00  -2.6631216e-06   1.0606754e-02  -3.3547674e-03
  -3.3368203e-03   2.7620397e-01   3.8484556e+00  -6.4297274e-04   1.1023737e-02  -3.7636311e-03
  -2.7018579e-02   2.7855524e-01   3.8943197e+00  -9.7532347e-04   1.0675426e-02  -2.6652423e-03
  -2.0835501e-02   3.0742160e-01   3.8846015e+00  -1.5904512e-04   1.0392228e-02  -3.0802096e-03
  -2.0857151e-02   1.9797473e-01   3.8570494e+00  -2.1895351e-03   1.1188686e-02  -2.2584569e-03
  -9.7149367e-03   2.8266675e-01   3.8865688e+00  -9.5860241e-04   1.0477823e-02  -2.7691482e-03
   2.1015352e-02   2.6662633e-01   3.9511792e+00  -4.0669600e-04   1.0574571e-02  -3.5960195e-03
  -1.8634479e-02   2.9918077e-01   3.9217970e+00  -6.9783604e-04   1.0162368e-02  -2.9981947e-03
   5.1291963e-03   3.2007153e-01   3.9233593e+00  -5.0139471e-04   1.1423928e-02  -2.8916737e-03
  -4.2314532e-03   2.4539741e-01   4.0218066e+00  -4.8767112e-04   1.0606372e-02  -2.9122744e-03
  -5.5810631e-05   2.8367483e-01   3.9531756e+00  -1.1706554e-03   1.0675609e-02  -3.1861186e-03
   5.0438647e-03   2.9028663e-01   4.0380745e+00  -5.8387009e-04   1.0597164e-02  -3.2331708e-03
  -2.7695862e-03   2.8424456e-01   3.9987638e+00  -8.3083351e-04   1.0614055e-02  -3.1781816e-03
  -3.2735831e-03   2.9796350e-01   4.0156455e+00  -9.3213093e-04   1.0497359e-02  -3.0296726e-03
   5.3846931e-03   2.9319939e-01   3.9841044e+00  -1.0078669e-03   1.1030060e-02  -3.0065111e-03
   2.6338224e-02   3.3859093e-01   4.0385597e+00  -4.2456999e-04   1.0903616e-02  -3.8003573e-03
   5.7262383e-03   2.9424730e-01   4.0131947e+00  -1.1837168e-03   1.1143160e-02  -2.7853328e-03
   4.4224349e-03   2.9391318e-01   4.0239628e+00  -1.3698461e-03   1.1440029e-02  -3.0550245e-03
   2.4562941e-02   2.8517803e-01   4.0773746e+00  -3.1840676e-05   1.1145980e-02  -3.3909830e-03
   4.1764836e-03   2.9545870e-01   4.0975387e+00  -2.3163787e-04   1.0235150e-02  -2.4924805e-03
  -9.8854187e-03   3.0598850e-01   4.0699461e+00  -3.6703459e-04   1.1629896e-02  -2.7809854e-03
  -3.0393458e-02   2.9924972e-01   4.1485453e+00   7.1518486e-04   1.1254879e-02  -3.4214823e-03
  -6.1995107e-03   3.1046715e-01   4.1623492e+00  -3.8631546e-04   1.0711404e-02  -3.3770636e-03
   1.5313750e-02   3.1463565e-01   4.1562004e+00  -5.8109534e-04   1.1518925e-02  -3.6170876e-03
   2.1093228e-02   3.0812110e-01   4.1531153e+00  -4.1621143e-04   1.0857252e-02  -3.8276903e-03
  -6.6649692e-03   3.1019757e-01   4.1848017e+00  -2.7827682e-04   1.1069679e-02  -3.0517803e-03
   3.3283523e-03   2.8597831e-01   4.1934040e+00  -5.6698546e-04   1.0782959e-02  -2.9547513e-03
   1.0500093e-02   2.7353948e-01   4.1804236e+00  -3.3228209e-04   1.1167229e-02  -3.1375328e-03
   2.3840580e-02   3.0351544e-01   4.1966115e+00  -7.4441669e-04   1.0807747e-02  -3.1681543e-03
   3.3556244e-02   2.8703922e-01   4.2172409e+00  -7.2149370e-04   1.0918757e-02  -3.5228072e-03
   4.0553960e-02   3.0871662e-01   4.2441898e+00  -6.0296567e-04   1.0808624e-02  -3.7510205e-03
   1.9720426e-02   2.9749997e-01   4.2488296e+00  -2.9303472e-04   1.1193130e-02  -3.3595265e-03
   2.1607345e-02   2.9955706e-01   4.2656975e+00   9.2746415e-05   1.1182259e-02  -3.4757608e-03
   3.5944190e-03   2.9021998e-01   4.2395143e+00   5.5919477e-04   1.0706448e-02  -3.2598216e-03
   4.7706831e-03   2.8729769e-01   4.2661801e+00  -2.5778308e-04   1.1198294e-02  -3.5659783e-03
   6.4353995e-03   3.1590730e-01   4.2192032e+00  -2.3394061e-03   1.0798268e-02  -3.5372139e-03
   1.9453629e-02   3.0992035e-01   4.2715952e+00  -2.1217774e-03   9.6481404e-03  -3.4330658e-03
   3.1894646e-03   3.2807204e-01   4.3352498e+00  -4.5427239e-04   9.7306654e-03  -4.1031328e-03
   9.0206592e-03   3.2910985e-01   4.3837370e+00   1.6783869e-04   9.9664355e-03  -3.4397426e-03
  -3.1576873e-03   3.2884373e-01   4.4319926e+00   1.0654897e-03   1.0379822e-02  -3.4985262e-03
   2.8196327e-02   2.7226182e-01   4.4034125e+00  -1.1937652e-03   1.0808017e-02  -3.5395585e-03
   3.8498313e-03   3.0177733e-01   4.3860716e+00  -3.3531973e-04   1.0111531e-02  -3.3993636e-03
   1.4585887e-02   3.2619372e-01   4.4386941e+00   7.2122799e-05   1.0805473e-02  -3.0339321e-03
   1.9356900e-02   3.2344029e-01   4.3966573e+00  -3.9840886e-04   1.0781437e-02  -2.9622777e-03
   5.1761268e-02   3.2395138e-01   4.3991652e+00  -4.6907512e-04   1.0595635e-02  -4.0531173e-03
   2.6935497e-02   3.2030749e-01   4.4165966e+00  -1.0286170e-03   1.0187305e-02  -2.9086292e-03
   2.2645018e-02   3.1711831e-01   4.4298587e+00   1.3869941e-04   1.0280212e-02  -3.4707722e-03
   8.4920192e-03   3.2999615e-01   4.4652584e+00   6.3584387e-06   1.1042165e-02  -3.4128673e-03
  -1.9825519e-02   3.0898940e-01   4.4845939e+00   2.4793094e-04   1.0635721e-02  -2.5696126e-03
  -8.6262471e-03   3.0272026e-01   4.5187983e+00  -1.5642180e-03   1.0026392e-02  -3.0253450e-03
   1.7498707e-02   3.2200686e-01   4.5198090e+00   2.8213456e-04   1.0697142e-02  -2.9655505e-03
   7.4631983e-03   2.9665063e-01   4.5012952e+00  -2.6872030e-04   1.1043923e-02  -3.3322105e-03
   1.1854351e-03   3.2489925e-01   4.5978845e+00   7.5125857e-04   1.0526018e-02  -3.0145339e-03
  -1.5649079e-02   3.1280679e-01   4.5662856e+00   5.6400770e-04   1.0625628e-02  -2.7681418e-03
  -3.5814859e-03   3.2986242e-01   4.5809199e+00   5.7160669e-04   1.0437293e-02  -2.9637424e-03
   6.5688845e-03   3.4049136e-01   4.5281387e+00  -9.6031842e-04   1.0979323e-02  -2.9450779e-03
  -2.0470008e-02   3.0939215e-01   4.5359485e+00  -5.6088727e-04   1.0237599e-02  -2.4191431e-03
   1.8047943e-02   3.1220489e-01   4.5316470e+00  -1.9771045e-03   1.0054938e-02  -3.1998357e-03
   2.6895559e-02   3.0883476e-01   4.5328288e+00  -2.6016787e-04   1.0506749e-02  -3.6178784e-03
  -2.1222867e-03   3.2846705e-01   4.5810808e+00  -1.4288418e-04   1.0765520e-02  -3.1417859e-03
   1.0721980e-02   3.0341319e-01   4.6826569e+00  -7.7807723e-04   9.9039494e-03  -3.2345639e-03
   2.6500980e-03   2.9610204e-01   4.6083967e+00  -5.3067719e-04   1.0573396e-02  -2.7419626e-03
   5.1456498e-03   3.1159408e-01   4.6769375e+00  -4.3410526e-04   1.0066615e-02  -3.0544190e-03
   5.2814501e-05   3.2240823e-01   4.6581624e+00   7.7534973e-05   1.0745960e-02  -2.9165247e-03
   1.7865458e-02   2.9253040e-01   4.6682375e+00  -2.5740702e-04   1.1040681e-02  -2.8020497e-03
   1.5867584e-02   3.0375881e-01   4.6887511e+00   1.1124085e-04   1.0954760e-02  -2.7120038e-03
   1.6083838e-02   3.2033831e-01   4.6860315e+00  -1.3944890e-04   9.7262495e-03  -3.1655220e-03
  -3.8231029e-03   3.0991144e-01   4.6974931e+00  -1.3822898e-03   9.7201512e-03  -2.5762740e-03
  -6.9598412e-03   3.2049477e-01   4.6989691e+00   1.7274799e-04   1.0151147e-02  -2.8248984e-03
   7.2695694e-04   3.2162379e-01   4.7055899e+00  -1.5817392e-04   1.0398656e-02  -2.6945505e-03
  -9.5337175e-04   3.1649092e-01   4.7267058e+00  -3.5373580e-04   9.6360613e-03  -3.0409593e-03
   2.1058439e-02   3.2439434e-01   4.6939264e+00  -1.9335028e-04   1.0808845e-02  -3.3323040e-03
  -8.0801791e-03   3.2640796e-01   4.7476949e+00  -7.2512109e-04   1.0377549e-02  -2.5762385e-03
   2.2072046e-02   3.4602291e-01   4.7415150e+00  -3.0559431e-04   9.7551306e-03  -3.0936554e-03
  -2.1208411e-02   1.4902690e-01   4.7155059e+00  -2.1011742e-03   9.8904142e-03  -2.0323329e-03
   2.8740322e-02   3.3003861e-01   4.7844679e+00   2.8362548e-04   1.0596901e-02  -3.3050547e-03
   1.0444820e-02   3.0773316e-01   4.8012319e+00  -1.3011938e-03   1.0243343e-02  -2.8463110e-03
  -1.2557033e-02   3.2392892e-01   4.7619254e+00  -1.0398738e-03   1.0673999e-02  -2.6382043e-03
   5.4417495e-03   3.3639766e-01   4.8619022e+00   2.3779210e-04   1.0408172e-02  -3.0631842e-03
   8.9709327e-03   3.1336766e-01   4.8169618e+00  -1.8817407e-03   9.8394499e-03  -2.7628229e-03
   2.7976615e-02   3.3091876e-01   4.8207970e+00   4.0795347e-05   1.0497024e-02  -3.5008666e-03
   2.7638193e-03   3.2028497e-01   4.8354969e+00   3.6380839e-05   1.0030106e-02  -2.8574767e-03
  -2.7222965e-03   3.4770660e-01   4.8490095e+00   2.1972293e-04   1.0081280e-02  -2.7320018e-03
   1.3014456e-02   3.3317587e-01   4.8719731e+00   3.3824790e-04   1.0559796e-02  -2.8316756e-03
   1.1838222e-02   3.1715415e-01   4.8748734e+00  -3.3011489e-04   1.0416722e-02  -3.0042535e-03
  -7.7561001e-03   3.3383586e-01   4.9194981e+00  -6.8131905e-04   1.0466281e-02  -2.3916389e-03
   5.3506287e-03   3.5252691e-01   4.8883398e+00  -3.2775204e-04   9.7709369e-03  -3.1409773e-03
   6.5103960e-02   3.5190967e-01   4.8832819e+00  -4.8791331e-04   1.0958765e-02  -3.4810823e-03
   2.8925322e-02   3.7258892e-01   4.9113701e+00  -8.5894341e-05   1.0860093e-02  -3.5778069e-03
   2.2564750e-02   3.4512571e-01   4.9467302e+00  -1.6813655e-05   1.0657626e-02  -3.1671309e-03
   3.9708251e-02   3.4790567e-01   4.9162907e+00  -5.0825433e-04   1.0481412e-02  -3.5068353e-03
   4.3437358e-02   3.1361780e-01   4.9490759e+00   9.7349224e-05   1.0348093e-02  -3.2267630e-03
   2.8074247e-02   2.8737972e-01   4.9714431e+00  -4.3734103e-04   1.0363570e-02  -3.1801202e-03
   1.9167871e-02   3.0298781e-01   4.9779212e+00  -9.8073200e-05   1.0269407e-02  -2.6475497e-03
   3.2823878e-02   3.3217597e-01   4.9916771e+00  -5.8978744e-04   1.0425742e-02  -3.4161617e-03
   6.7582868e-02   5.7594886e-01   5.0554516e+00   1.9869291e-03   9.7446991e-03  -5.3506190e-03
   4.6681309e-02   3.1030300e-01   5.0791525e+00  -2.6640106e-04   1.0561342e-02  -3.3737292e-03
   3.1673226e-02   3.4405343e-01   4.9835011e+00  -9.2372228e-04   1.0508524e-02  -3.2698249e-03
   1.2139484e-02   3.0442038e-01   5.0607933e+00   1.9866637e-05   1.0022321e-02  -2.3167297e-03
   3.5306263e-02   3.1012676e-01   5.0387897e+00  -1.1052562e-05   1.0586649e-02  -3.0820824e-03
   1.9202399e-02   3.3765453e-01   5.0941203e+00  -1.6006192e-04   1.0199840e-02  -2.6476546e-03
   3.0264115e-02   3.4430736e-01   5.0768626e+00  -3.5546554e-05   1.0520453e-02  -3.0351515e-03
   1.8348753e-02   3.4545539e-01   5.1074365e+00  -3.8237636e-04   9.5650630e-03  -2.8520485e-03
   4.2625014e-02   3.2207011e-01   5.1017666e+00   3.3456057e-04   1.0566314e-02  -3.2391341e-03
   3.7992590e-02   3.7192140e-01   5.1347440e+00   3.2871333e-04   1.0242173e-02  -3.7694523e-03
   2.9357044e-02   3.4863044e-01   5.1367763e+00  -2.4460684e-05   1.0219011e-02  -3.4173381e-03
   1.6806347e-02   3.2714015e-01   5.1587459e+00  -9.7737100e-04   1.0158641e-02  -3.4614421e-03
   5.3420157e-02   3.4723762e-01   5.1650506e+00   3.1731756e-04   1.0991850e-02  -3.5680492e-03
   2.2552791e-02   3.3274029e-01   5.1814964e+00  -3.3702923e-04   1.0639647e-02  -3.0376287e-03
   5.4515256e-02   3.0477317e-01   5.1804710e+00  -1.2110017e-03   1.0702905e-02  -3.5032179e-03
   5.5461666e-02   3.4484722e-01   5.1501882e+00  -1.2661711e-03   1.0149575e-02  -3.4446131e-03
   3.8305682e-02   3.2974878e-01   5.2317926e+00  -2.7058030e-05   1.0908405e-02  -3.6694620e-03
   4.2138892e-02   3.4630620e-01   5.2370153e+00   3.4589396e-04   1.0721891e-02  -3.2888350e-03
   6.2665643e-02   3.2669959e-01   5.2122617e+00  -7.4292435e-04   1.1378115e-02  -3.6306651e-03
   2.1748000e-02   3.2709263e-01   5.2061127e+00  -5.6183272e-04   1.0385597e-02  -3.2164362e-03
   5.1900739e-02   3.4378961e-01   5.2370797e+00  -1.3849913e-03   1.1073594e-02  -3.5403319e-03
   1.8620423e-02   3.4043600e-01   5.2362823e+00  -6.0395102e-04   1.0874420e-02  -3.0202585e-03
   2.8972941e-02   3.2898935e-01   5.2963974e+00   1.8849217e-04   9.9315949e-03  -3.4245834e-03
   2.0640027e-02   3.4348352e-01   5.3104613e+00   8.7130861e-04   1.0500467e-02  -2.8628057e-03
   5.5719652e-02   3.4319552e-01   5.3062592e+00  -5.1710367e-04   1.0715260e-02  -3.5231926e-03
   6.1729206e-02   3.5676381e-01   5.2781343e+00  -1.2402071e-03   1.1499733e-02  -3.2897772e-03
   3.0323084e-02   3.5506764e-01   5.3133023e+00  -1.8065388e-04   1.0428784e-02  -3.4784995e-03
   4.3920499e-02   3.3664060e-01   5.2992656e+00  -6.4977398e-04   1.1426428e-02  -3.4588171e-03
   4.0080947e-02   3.4398497e-01   5.3785987e+00   7.3132171e-04   1.1120814e-02  -3.5380966e-03
   4.3750811e-02   3.3613531e-01   5.3345973e+00  -1.1424185e-03   1.0530701e-02  -3.6316714e-03
   4.9652102e-02   3.6756866e-01   5.3764582e+00   6.0755062e-04   1.0883440e-02  -3.7703204e-03
   1.7669182e-02   3.7704602e-01   5.3360626e+00  -9.9313142e-04   1.0501593e-02  -2.5392476e-03
   4.0598055e-02   3.3467705e-01   5.4099633e+00  -8.6084570e-04   1.0131863e-02  -3.2707955e-03
  -6.0122719e-03   3.3430809e-01   5.4108242e+00  -2.3004046e-04   1.1040716e-02  -2.5544113e-03
   1.7440059e-02   3.3103096e-01   5.3902493e+00  -1.8986330e-03   1.0164784e-02  -2.7824619e-03
   2.3889781e-02   3.3209651e-01   5.3732377e+00  -1.1851839e-03   9.9727158e-03  -3.6063690e-03
   5.0312635e-03   3.3346756e-01   5.4412550e+00  -7.5486300e-04   1.0280677e-02  -2.5825714e-03
   3.9821756e-02   3.4399197e-01   5.4247671e+00  -8.3973191e-04   1.1180326e-02  -3.0398791e-03
   2.3570416e-02   3.2781214e-01   5.4685098e+00  -2.7837248e-04   1.1235132e-02  -2.9848744e-03
   6.7134470e-02   3.4009495e-01   5.4433703e+00  -6.1890121e-04   1.0755739e-02  -4.1497341e-03
   2.3139028e-02   3.2970583e-01   5.4305120e+00  -1.0384887e-03   1.0798878e-02  -3.2250386e-03
   3.4482653e-02   3.5201537e-01   5.4670165e+00  -7.0740448e-04   1.0481159e-02  -3.3720128e-03
   6.3480414e-02   3.6627956e-01   5.4898404e+00   2.0249362e-04   1.0669040e-02  -3.5094071e-03
   5.2641257e-02   3.0961608e-01   5.4919033e+00  -2.3292951e-03   1.0486761e-02  -3.2525691e-03
   2.7065719e-02   3.4398814e-01   5.4338248e+00  -1.4408815e-03   9.9399734e-03  -3.1706541e-03
   3.4895659e-02   3.6740129e-01   5.4751948e+00  -1.2908781e-03   1.0166229e-02  -3.5390121e-03
   3.5836535e-02   3.6146669e-01   5.5115157e+00  -4.7805670e-04   9.8572221e-03  -3.5909856e-03
   2.9331838e-02   3.3402463e-01   5.5271601e+00  -2.0670698e-03   9.8513853e-03  -3.2569586e-03
   4.3827014e-02   3.4841922e-01   5.5859038e+00  -4.6270317e-04   1.0651230e-02  -3.7528400e-03
   7.7516472e-02   3.0941847e-01   5.6447782e+00  -1.0741065e-03   1.0694141e-02  -4.5160860e-03
   5.5850436e-02   3.5825345e-01   5.6192865e+00  -4.0924283e-04   1.0096352e-02  -4.0384554e-03
   4.4597921e-02   3.4481186e-01   5.6369872e+00  -4.3686053e-05   1.0662250e-02  -3.8595519e-03
   2.6900378e-02   3.5081060e-01   5.6480152e+00  -1.3425788e-03   1.0689174e-02  -3.1000417e-03
   4.3557882e-02   3.7581369e-01   5.6475981e+00  -7.2211037e-04   1.0775741e-02  -3.0854685e-03
   1.4112891e-02   3.7856974e-01   5.6558683e+00  -1.2027176e-03   1.0287013e-02  -2.9051566e-03
   6.3975597e-02   3.3019012e-01   5.6257442e+00  -1.8943310e-03   1.0408086e-02  -4.1958836e-03
   6.4104907e-02   3.5324836e-01   5.6654912e+00  -1.8166538e-03   9.6620655e-03  -3.7737335e-03
   2.5733845e-02   3.7132554e-01   5.6817216e+00  -1.2332756e-04   9.8008766e-03  -3.4693845e-03
   3.3118555e-02   3.6119560e-01   5.6987680e+00  -1.6469350e-03   1.0074853e-02  -2.4504586e-03
   3.8578108e-02   3.6037162e-01   5.7378858e+00  -6.5763029e-06   9.8285728e-03  -3.9826225e-03
   2.3009390e-02   3.4347985e-01   5.6991454e+00  -1.4616255e-03   9.9222898e-03  -2.9897417e-03
   2.9607813e-02   3.3954767e-01   5.7120914e+00  -4.9438384e-04   9.8344715e-03  -3.2739208e-03
   5.5990124e-03   3.5772725e-01   5.7201839e+00  -1.1061100e-03   9.5912039e-03  -2.5402237e-03
   4.1181034e-03   3.0819364e-01   5.6942276e+00  -3.3168833e-03   8.5953094e-03  -3.0616869e-03
   8.5423231e-03   3.4131429e-01   5.6943721e+00  -1.8793970e-03   9.2522826e-03  -3.2595472e-03
   3.8353823e-02   4.0744154e-01   5.7909868e+00   2.4129481e-06   1.0351928e-02  -3.0641899e-03
   4.0686230e-02   3.8346710e-01   5.8183846e+00  -6.0151832e-04   1.0034472e-02  -3.3014696e-03
   2.7006209e-02   3.6049344e-01   5.7701698e+00  -1.1653873e-03   1.0580705e-02  -2.5510578e-03
   2.3796693e-02   3.4435894e-01   5.8114089e+00  -1.6891144e-03   1.0111974e-02  -2.4727327e-03
   2.6720245e-02   3.5241265e-01   5.8048711e+00  -5.6357250e-04   9.7225459e-03  -3.2326280e-03
   1.1589814e-02   3.6335288e-01   5.8602881e+00  -6.2138072e-04   1.0248444e-02  -2.1495786e-03
   4.7750448e-02   3.6645720e-01   5.8092163e+00  -1.7103700e-03   9.9050569e-03  -3.2555068e-03
   6.7959126e-02   3.5803163e-01   5.8946237e+00  -2.1025984e-04   1.0155671e-02  -4.1889101e-03
   1.4270410e-02   3.6125600e-01   5.8515526e+00  -8.0977696e-04   9.3540460e-03  -2.9611809e-03
   3.4627742e-02   3.3820830e-01   5.8768838e+00  -9.6974193e-04   1.0516725e-02  -2.8704235e-03
   3.8768165e-02   3.5203118e-01   5.8964557e+00   3.8138038e-05   1.0438803e-02  -3.5925367e-03
   3.9763428e-02   3.6753056e-01   5.8707095e+00  -1.7623715e-03   1.0768121e-02  -3.3362670e-03
   4.6476532e-02   3.8049500e-01   5.8643911e+00  -1.3108644e-04   9.2525666e-03  -3.8614888e-03
   4.9818287e-02   3.4939947e-01   5.8509959e+00  -1.4947740e-03   1.0294938e-02  -3.5031288e-03
   5.6292138e-02   3.7076457e-01   5.9365013e+00  -1.8721275e-03   1.0404298e-02  -3.6872426e-03
   3.6703910e-02   3.6355502e-01   5.9368682e+00  -1.2555433e-03   9.7170189e-03  -3.2929613e-03
   4.0493309e-02   3.8849096e-01   5.9609056e+00  -1.8716367e-03   9.5335455e-03  -3.5197998e-03
   4.3018337e-02   3.5563370e-01   5.9469117e+00  -1.0696522e-03   1.0458206e-02  -3.4294795e-03
   3.6350740e-02   3.7393907e-01   5.9559020e+00  -2.6951869e-03   9.9039403e-03  -3.5955360e-03
   3.3392813e-02   3.8785317e-01   5.9868518e+00  -4.1039581e-04   1.0113130e-02  -3.4535206e-03
   6.5033753e-02   3.8197167e-01   5.9922125e+00  -5.4012559e-04   1.0206181e-02  -4.3518364e-03
   3.3019154e-02   3.7286726e-01   6.0217480e+00  -5.9974794e-04   1.0791384e-02  -2.8680326e-03
   3.8409464e-02   4.0349676e-01   6.0334126e+00  -4.1783877e-04   1.0356209e-02  -3.3919091e-03
   3.1492515e-02   3.8312950e-01   6.0186382e+00  -1.6063427e-03   9.9424545e-03  -3.2112505e-03
   5.7414335e-02   3.8731121e-01   6.0514341e+00  -3.2437771e-04   1.0486111e-02  -3.7109067e-03
   4.4070620e-02   3.3991797e-01   5.9930736e+00  -2.7409418e-03   1.0565328e-02  -3.0301678e-03
   2.9282398e-02   3.8466984e-01   6.0588449e+00  -6.2366136e-04   1.0171020e-02  -3.1551167e-03
   1.5238268e-02   2.6458524e-01   6.0809762e+00  -1.1301760e-03   9.6608521e-03  -2.8148699e-03
   7.2108858e-02   3.6475213e-01   6.0583790e+00  -1.0345373e-03   1.0839347e-02  -3.5532644e-03
   4.2503734e-02   3.5583491e-01   6.1247771e+00  -7.4188103e-04   9.6971805e-03  -3.4459652e-03
   4.9012860e-02   3.7300741e-01   6.1013447e+00  -8.6893611e-04   1.0171623e-02  -3.1991439e-03
   4.5679188e-02   3.6867897e-01   6.1137496e+00  -2.0911482e-03   1.0316019e-02  -2.7207093e-03
   5.0335563e-02   3.9399895e-01   6.0981626e+00  -1.2911894e-03   1.0282092e-02  -3.7389213e-03
   2.8021957e-02   3.6915087e-01   6.1465044e+00  -1.3704898e-04   9.7150206e-03  -3.4099272e-03
   3.5992904e-02   3.8398038e-01   6.1697823e+00  -1.0244280e-03   1.0443484e-02  -2.7821751e-03
   3.8570178e-02   3.5162190e-01   6.1102825e+00  -1.6558732e-03   9.7885346e-03  -3.3491650e-03
   3.3068021e-02   3.9377556e-01   6.1684130e+00  -4.3647740e-04   1.0235481e-02  -3.0621060e-03
   5.1087511e-03   3.4631179e-01   6.1547910e+00  -1.3710012e-03   9.8564476e-03  -2.8265716e-03
   2.7780356e-02   3.9414140e-01   6.1896758e+00  -6.3659756e-04   1.0467901e-02  -3.2318280e-03
   3.4525379e-02   3.5202421e-01   6.1765746e+00  -1.7536106e-03   9.8041064e-03  -3.1874747e-03
   6.1977741e-02   3.6176606e-01   6.1867538e+00  -1.0025098e-03   1.0217509e-02  -3.9038666e-03
   6.3108599e-02   3.5808047e-01   6.2066754e+00  -1.4238607e-03   1.0513414e-02  -3.4676806e-03
   5.2995656e-02   3.7827402e-01   6.1924081e+00  -7.2891029e-04   1.1156529e-02  -3.0006530e-03
   4.7308614e-02   3.9372661e-01   6.2382692e+00  -5.3863251e-04   1.0348713e-02  -3.1330635e-03
   3.0298307e-02   3.7717146e-01   6.2613356e+00  -5.5936383e-04   1.0276741e-02  -2.9949509e-03
   3.4082939e-02   3.8536360e-01   6.2568063e+00  -5.0323131e-04   1.0109980e-02  -3.1174885e-03
   4.4717411e-02   3.7297161e-01   6.2824218e+00  -9.6482611e-04   1.0412063e-02  -3.3982771e-03
   5.9209471e-02   4.2103018e-01   6.2545243e+00  -4.2861236e-04   1.0613875e-02  -3.6179480e-03
   3.5323155e-02   3.4760112e-01   6.3094897e+00  -7.5575087e-04   1.0373708e-02  -3.1069457e-03
   8.3982412e-03   3.5905182e-01   6.2840535e+00  -9.5101596e-04   9.9234147e-03  -2.8649762e-03
   3.8519656e-02   3.5260329e-01   6.3370488e+00  -3.7658527e-04   9.7636215e-03  -3.1115454e-03
   5.8158054e-02   3.7698325e-01   6.3032809e+00  -9.7481489e-04   9.5627045e-03  -3.3653354e-03
   7.7635834e-02   4.1435746e-01   6.3385793e+00  -2.3237296e-04   9.5044521e-03  -4.2904677e-03
  -1.3755183e-03   3.6584306e-01   6.2972779e+00  -1.4617541e-03   8.6662621e-03  -3.0455470e-03
   4.7459169e-02   3.6561706e-01   6.3280604e+00  -2.1103500e-04   9.9677063e-03  -3.8794901e-03
   2.9554606e-02   3.9304591e-01   6.3716793e+00  -6.9180771e-05   9.3854254e-03  -3.7112563e-03
   1.1654185e-02   3.7736739e-01   6.3785606e+00  -1.5924253e-05   9.2774949e-03  -3.2422861e-03
   1.6546641e-02   3.6549819e-01   6.4022401e+00  -4.6238065e-04   9.2058345e-03  -3.1080318e-03
   3.7794373e-02   3.4482254e-01   6.4004806e+00  -4.5793985e-04   9.9997355e-03  -3.2677402e-03
   5.1895014e-02   3.6980327e-01   6.4249255e+00   3.0797253e-04   1.0114363e-02  -3.4914066e-03
   3.7324917e-02   3.7305719e-01   6.3852247e+00  -7.1824813e-04   9.8026216e-03  -3.2531302e-03
   2.5624476e-02   3.7710079e-01   6.3833752e+00  -5.9652727e-04   8.9257700e-03  -3.2025151e-03
   3.0217726e-02   3.5615595e-01   6.4201593e+00  -8.7071760e-04   1.0018621e-02  -2.9129611e-03
   5.8509849e-02   3.8668263e-01   6.4124198e+00  -9.3565186e-04   1.0035022e-02  -3.3490001e-03
   5.8415825e-02   3.7625071e-01   6.4866158e+00  -1.9424291e-04   9.9074155e-03  -2.9712464e-03
   5.1816294e-02   3.8644133e-01   6.4591051e+00  -8.8985891e-04   9.7921067e-03  -3.5695836e-03
   5.3837608e-02   3.8152553e-01   6.4577442e+00  -1.4435483e-03   9.8182529e-03  -3.3488155e-03
   7.9352622e-02   3.7135820e-01   6.4559581e+00  -6.9585061e-04   1.0432546e-02  -3.6051840e-03
   7.9177926e-02   4.0004300e-01   6.5179489e+00  -5.1926755e-05   9.6149557e-03  -3.9272857e-03
   5.4359136e-02   3.8808599e-01   6.5054150e+00  -6.8143745e-04   9.6412262e-03  -3.8522705e-03
   9.5940659e-02   3.8166054e-01   6.5474071e+00  -4.0305864e-04   1.0311673e-02  -3.9820685e-03
   6.8491950e-02   3.8979552e-01   6.4931729e+00  -9.8917593e-04   1.0750790e-02  -3.8292120e-03
   6.1069936e-02   3.8078747e-01   6.5139372e+00  -5.4932276e-04   9.7090937e-03  -3.8336410e-03
   4.0435523e-02   3.9951265e-01   6.5904803e+00  -6.9414584e-05   1.0004552e-02  -3.0204164e-03
   4.0816088e-02   3.4348764e-01   6.5436788e+00  -1.7342924e-03   9.3545006e-03  -3.2433158e-03
   5.6653015e-02   3.8432601e-01   6.5353607e+00  -9.9139960e-04   9.3748395e-03  -2.7478052e-03
   5.5704975e-02   3.4473832e-01   6.5258150e+00  -1.4418167e-03   1.0470281e-02  -3.3133430e-03
   6.5798891e-02   3.7682653e-01   6.5993913e+00  -7.2305404e-04   9.5735715e-03  -3.4498414e-03
   1.8325719e-01   3.4317611e-01   6.4261013e+00  -1.6470361e-03   1.3284473e-02  -3.2167253e-03
   5.3614428e-02   3.0337223e-01   6.5108383e+00  -2.5858539e-04   1.0556722e-02  -3.2092519e-03
   5.8966873e-02   2.8608964e-01   6.4473527e+00  -1.4235107e-03   1.2906230e-02  -2.5505993e-03
   7.9861041e-02   3.3200520e-01   6.5193942e+00  -1.1002759e-03   1.2190482e-02  -3.3525500e-03
   8.1943961e-02   3.3089588e-01   6.5592083e+00  -5.9658594e-04   1.2285315e-02  -3.3051698e-03
   9.3770281e-02   3.9065565e-01   6.5661069e+00  -5.6586996e-04   1.2680253e-02  -3.6171025e-03
   1.0260105e-01   4.0578794e-01   6.5793543e+00  -2.7360736e-04   1.2439228e-02  -3.8624512e-03
   9.5252629e-02   3.7276481e-01   6.6032148e+00   2.7920828e-04   1.2228473e-02  -3.8853457e-03
   7.3549405e-02   3.7514419e-01   6.6013671e+00  -7.8814743e-04   1.1544703e-02  -3.7122382e-03
   8.0820402e-02   3.7843489e-01   6.6236057e+00  -6.6096580e-04   1.2001441e-02  -3.5647718e-03
   9.5670787e-02   3.7350428e-01   6.6151066e+00  -6.4114597e-04   1.2036951e-02  -3.5970322e-03
   8.9114373e-02   3.6333745e-01   6.6335880e+00  -8.9402922e-04   1.2067584e-02  -3.2704873e-03
   7.5303580e-02   3.6316713e-01   6.6505340e+00  -8.4943587e-04   1.1747666e-02  -3.1102316e-03
   6.3058882e-02   3.6577454e-01   6.6801291e+00  -4.3793931e-04   1.2143151e-02  -3.1082537e-03
   6.3361093e-02   3.6946399e-01   6.6836943e+00  -8.8706670e-04   1.1513802e-02  -3.0440252e-03
   4.1219324e-02   3.7262749e-01   6.7262713e+00  -6.2286683e-04   1.1787261e-02  -2.3310213e-03
   9.7480836e-02   3.7361016e-01   6.7154470e+00  -9.6645486e-04   1.2264845e-02  -3.5260522e-03
   8.0699384e-02   3.5132475e-01   6.7524124e+00  -9.4488248e-04   1.1684003e-02  -3.4153826e-03
   9.8187980e-02   3.8033431e-01   6.7668098e+00   4.2066018e-04   1.1830516e-02  -3.6672820e-03
   9.3553231e-02   3.7287608e-01   6.7107596e+00  -1.7306462e-03   1.1311286e-02  -4.0752729e-03
   7.5952385e-02   3.7546667e-01   6.7390871e+00  -2.2242055e-03   1.0969426e-02  -3.1785836e-03
   6.3398444e-02   4.0794589e-01   6.7436794e+00   4.2823004e-04   1.1211383e-02  -3.2610565e-03
   5.4931859e-02   3.9361497e-01   6.7798027e+00   3.3062648e-04   1.1317836e-02  -3.1848523e-03
   7.1877788e-02   4.0858796e-01   6.8083836e+00  -9.5531675e-04   1.1584716e-02  -3.2761768e-03
   6.8046127e-02   4.0310512e-01   6.8222256e+00   4.0270480e-04   1.1239527e-02  -3.6754004e-03
   6.2458789e-02   3.9303141e-01   6.8457644e+00  -2.9547112e-04   1.1158109e-02  -3.0214968e-03
   9.4414828e-02   3.9871565e-01   6.8264525e+00  -1.0432644e-04   1.1805548e-02  -3.9457570e-03
   6.2600089e-02   3.6106393e-01   6.8182640e+00  -1.0527042e-03   1.0863469e-02  -3.7120320e-03
   1.0425418e-01   3.9520810e-01   6.8530598e+00   3.2055648e-04   1.1546483e-02  -4.0629046e-03
   6.2147383e-02   4.3480949e-01   6.8720856e+00   2.4177871e-04   1.1812096e-02  -3.4290598e-03
   6.5115944e-02   4.0935099e-01   6.8321085e+00  -3.3080730e-04   1.1576932e-02  -3.1885789e-03
   6.9662666e-02   3.9246715e-01   6.8878589e+00   1.0311482e-04   1.1531031e-02  -3.4194638e-03
   7.1099817e-02   3.9003505e-01   6.8646046e+00  -3.2960567e-04   1.2008612e-02  -3.3966476e-03
   6.3303902e-02   3.8692496e-01   6.8746981e+00  -3.8459650e-04   1.1216042e-02  -3.2839040e-03
   1.0438687e-01   3.9737446e-01   6.9434971e+00  -9.8183971e-05   1.1649459e-02  -3.8776218e-03
   7.8363805e-02   4.0518235e-01   6.8840234e+00  -4.4333529e-04   1.2084569e-02  -3.0909510e-03
   5.8544045e-02   4.0333985e-01   6.9386539e+00  -5.5150779e-04   1.1805067e-02  -3.3064588e-03
   9.2124601e-02   3.8608925e-01   6.9354283e+00  -1.3212930e-03   1.1702349e-02  -3.9414797e-03
   1.0561461e-01   3.7388071e-01   6.9277829e+00  -1.4197070e-03   1.2104417e-02  -3.6996231e-03
   6.2162112e-02   4.0968648e-01   6.9355126e+00  -8.7933208e-04   1.1218853e-02  -3.2684188e-03
   6.9596854e-02   3.9295302e-01   6.9557457e+00  -7.0553083e-04   1.1940588e-02  -3.1725162e-03
   7.1044770e-02   4.1239186e-01   6.9314168e+00  -1.1915690e-03   1.1148914e-02  -3.1030213e-03
   6.9264167e-02   3.9792715e-01   6.9561041e+00  -1.6909632e-04   1.1090891e-02  -3.2746171e-03
   5.6110917e-02   3.8922601e-01   6.9959838e+00  -1.0330749e-03   1.1124583e-02  -3.0238464e-03
   7.9922034e-02   3.9593162e-01   6.9778868e+00  -8.2936173e-04   1.1231703e-02  -3.7866482e-03
   7.0094086e-02   4.0709961e-01   6.9698994e+00  -1.1450651e-03   1.1722145e-02  -3.0599266e-03
   1.9724137e-02   4.2848878e-01   6.9969966e+00  -2.3277816e-04   9.5264698e-03  -2.9161595e-03
   5.0815621e-02   3.7804373e-01   6.9871574e+00  -5.4372326e-04   9.9076926e-03  -3.8310052e-03
   5.4237636e-02   3.9419890e-01   7.0217549e+00  -9.2617356e-04   9.8839412e-03  -3.3927384e-03
   6.6374037e-02   4.3294411e-01   7.0595697e+00   1.7391647e-04   1.0729588e-02  -3.7111151e-03
   8.8770336e-02   3.9792430e-01   7.1040107e+00  -1.0715777e-03   1.0164241e-02  -4.3770090e-03
   7.4339674e-02   4.3787660e-01   7.0735458e+00  -1.1571790e-03   9.9595261e-03  -4.0867067e-03
   5.5386023e-02   3.8387532e-01   7.0773688e+00  -1.5422306e-03   9.8640215e-03  -3.5626716e-03
   4.6259439e-02   3.7688235e-01   7.0377908e+00  -1.6892708e-03   9.8807427e-03  -3.2668366e-03
   9.4595975e-02   3.7923420e-01   7.0940233e+00  -9.1116563e-04   1.0877789e-02  -3.8252060e-03
