   0.0000000e+00   0.0000000e+00   0.0000000e+00   0.0000000e+00   0.0000000e+00   0.0000000e+00
  -2.0643632e-02  -1.0211718e-02  -1.8267325e-02  -3.9621171e-04  -9.6672257e-05   2.3663339e-04
  -1.3928256e-02  -4.3369012e-02   1.3101720e-02   6.0098191e-04  -1.6643776e-04  -2.4276341e-04
  -1.1539995e-02  -2.8120665e-02   3.1449319e-02   3.9666682e-04  -2.5898546e-04   2.6777087e-04
  -1.8017528e-02   1.1121172e-02   3.6552488e-02  -1.2542659e-04   4.4103029e-05   2.0185868e-04
  -1.1861562e-02   3.3927444e-02   5.6897918e-04   9.9258092e-04  -1.4348391e-04  -3.1685552e-04
  -3.9234330e-03   1.8745715e-02   5.1855169e-03   1.8686106e-03  -4.1149621e-04  -7.2722278e-04
   1.0165768e-02   6.5922947e-02   2.4786558e-02   3.6753889e-03   4.7424064e-04  -9.8804097e-04
  -7.4550840e-03   1.0974954e-01  -3.2781108e-02   3.2851148e-03   1.5396730e-03  -8.7196439e-04
   2.9336980e-03   4.2814368e-02   7.9213351e-04   3.2686239e-03   8.5778906e-04  -3.7175601e-04
   1.2239872e-02   4.0609408e-02   2.6355067e-02   2.5754192e-03   4.5971119e-04  -5.3307654e-04
   3.0019253e-02   3.4792867e-02  -3.1773726e-03   1.7279321e-03   7.8830973e-04  -2.7187358e-04
   1.7204771e-02   1.4160946e-02  -6.6634305e-03   2.3630650e-03   3.1207189e-04  -3.2516023e-04
   2.8411239e-02   9.0855818e-03   1.2774602e-02   2.1209979e-03   2.5885376e-04  -7.3695791e-04
   1.3925710e-03   2.3393828e-02   3.1903489e-02   2.1042990e-03   5.1440373e-04  -1.0039457e-04
  -1.4398628e-02   6.3835322e-02   1.4807292e-01   3.0429818e-03   1.6402481e-03  -2.4392997e-04
  -1.2860228e-01   6.0680001e-02   2.2557135e-01  -4.8371975e-03  -7.4358105e-03  -8.0600272e-04
  -5.7693552e-02   3.7965155e-02   1.9581878e-01  -8.4418131e-03  -4.6131173e-03  -9.6214675e-04
  -5.7321979e-02   3.6879749e-02   2.0310575e-01  -6.7342873e-03  -2.4100267e-03  -7.7313188e-04
  -4.9370023e-02   9.0666185e-02   2.6000673e-01  -5.2010516e-03  -1.6505895e-03  -5.0296111e-04
  -4.0014972e-02   8.2995383e-02   2.2850316e-01  -5.8145706e-03  -2.6526584e-03  -3.8033374e-04
  -5.1258323e-02   7.4315496e-02   1.8668293e-01  -6.1549870e-03  -2.8295146e-03  -6.0867979e-04
  -4.1221071e-02   1.0258999e-01   2.3551011e-01  -3.4153216e-03  -1.7272337e-03  -7.5379287e-04
  -5.5987841e-02   1.0115312e-01   2.5014631e-01  -4.9916306e-03  -2.0553566e-03  -2.7868100e-04
  -4.2170480e-02   8.9305921e-02   2.8726868e-01  -4.0549219e-03  -1.7746786e-03  -6.6604977e-04
  -4.0411044e-02   1.0004056e-01   2.7581458e-01  -4.2233598e-03  -1.6050974e-03  -5.0830572e-04
  -3.7361127e-02   1.3793302e-01   2.9253942e-01  -3.5505939e-03   2.8013433e-05  -9.0027622e-04
  -5.4603549e-02   9.6411366e-02   2.3332241e-01  -1.5474410e-03  -1.3555338e-03  -2.3235877e-04
  -3.8996644e-02   7.1332787e-02   2.3412946e-01  -2.0573933e-03  -7.9525859e-04  -4.9515210e-04
  -2.3328484e-02   8.5861151e-02   2.5972352e-01  -2.0346400e-03  -2.2705080e-04  -7.1370777e-04
  -6.5326876e-02   9.9248204e-02   2.6906198e-01  -1.8906484e-03  -1.3033160e-03  -2.1116458e-04
  -3.2046327e-02   9.5241835e-02   2.4203297e-01  -2.2616770e-03  -1.6394150e-03  -4.8156954e-04
  -3.2915643e-02   6.7300978e-02   2.3624150e-01  -2.5458183e-03  -1.3687243e-03  -6.6088638e-04
  -5.3884343e-02   6.8896452e-02   2.4849041e-01  -2.6437410e-03  -1.3563853e-03  -1.8928508e-04
  -3.7672906e-02   5.7706444e-02   2.2811629e-01  -2.5704092e-03  -1.1820191e-03  -5.7298552e-04
  -5.0287392e-02   7.5397446e-02   2.3572393e-01  -2.4772339e-03  -7.0304327e-04  -2.4521661e-05
  -5.2470618e-02   7.6504626e-02   2.6626606e-01  -2.0485968e-03  -2.7448861e-04  -1.8859203e-04
  -7.7957650e-02   1.4434765e-01   2.4650546e-01  -3.2366302e-03   8.3340376e-05  -3.5575860e-04
  -1.2604782e-01   1.1964302e-01   3.1123397e-01  -2.9524232e-03  -4.9338350e-03  -8.6730450e-04
  -6.9779775e-02   1.0407576e-01   3.3061603e-01  -3.5900263e-03  -2.6122505e-03  -1.0321394e-03
  -6.8897687e-02   1.2073182e-01   3.9136503e-01  -2.7529392e-03  -1.8021143e-03  -4.8622472e-04
  -5.8017301e-02   1.3431678e-01   3.8027607e-01  -4.2399272e-03  -2.0728133e-03  -6.7433112e-04
  -6.7660171e-02   1.4625983e-01   3.8569480e-01  -3.5721398e-03  -2.4361458e-03  -2.5982782e-04
  -6.7134334e-02   1.4861699e-01   3.6933971e-01  -3.9508461e-03  -2.6668736e-03  -5.6636808e-04
  -7.2327935e-02   1.2599234e-01   3.7329965e-01  -4.0570756e-03  -2.7293742e-03  -4.9429573e-04
  -5.7310872e-02   1.2738295e-01   3.8778559e-01  -4.1496707e-03  -2.7191563e-03  -6.9727597e-04
  -7.2260987e-02   1.1483403e-01   3.7688311e-01  -4.4586760e-03  -2.8343792e-03  -1.6927265e-04
  -6.4224953e-02   1.4767748e-01   4.0602071e-01  -4.1897844e-03  -2.0522262e-03  -5.9153165e-04
  -7.1765306e-02   1.2346999e-01   4.2449888e-01  -4.6248727e-03  -1.8204758e-03  -2.7550550e-04
  -8.8358644e-02   1.1843189e-01   4.1990964e-01  -4.5253800e-03  -1.7615928e-03  -4.5305907e-05
  -7.4216878e-02   1.2682378e-01   4.1809973e-01  -4.1120208e-03  -1.4362670e-03  -2.5102661e-04
  -8.1502587e-02   1.2969285e-01   4.3271450e-01  -4.3427493e-03  -1.5695469e-03  -3.1488874e-04
  -7.3724384e-02   1.1097517e-01   4.3501905e-01  -4.8166584e-03  -1.2596240e-03  -3.1747533e-04
  -8.7387270e-02   1.3023101e-01   4.5991622e-01  -4.2861853e-03  -1.2843143e-03   1.4685268e-05
  -8.9477636e-02   1.3786934e-01   4.5534830e-01  -3.8626518e-03  -1.2534208e-03   9.3224161e-05
  -7.5270788e-02   1.2968780e-01   4.4099475e-01  -4.6679762e-03  -1.1082126e-03  -3.5381809e-04
  -5.7883035e-02   1.6196265e-01   4.8333788e-01  -4.0946580e-03  -1.2460036e-03  -5.0689285e-04
  -8.2874786e-02   1.3173620e-01   4.6154197e-01  -4.3913469e-03  -2.0735527e-03  -1.3211654e-04
  -7.9771795e-02   1.2359618e-01   4.5902779e-01  -4.4377335e-03  -2.0877720e-03  -2.3177432e-04
  -7.2719738e-02   1.5280228e-01   4.8487678e-01  -3.7133018e-03  -1.8837862e-03  -8.3403140e-04
  -6.5571566e-02   1.3215843e-01   5.0962825e-01  -3.6893784e-03  -1.6320242e-03  -4.0986349e-04
  -6.6492260e-02   1.2081617e-01   5.1234995e-01  -3.0825897e-03  -1.9138715e-03  -1.6208303e-04
  -8.6043429e-02   1.3903619e-01   5.2505755e-01  -2.8265808e-03  -1.2911489e-03  -3.1075237e-04
  -7.2920025e-02   1.3609786e-01   5.3386175e-01  -1.1071165e-03  -9.1544299e-04  -4.2995653e-04
  -5.2248981e-02   1.4294149e-01   5.5937749e-01  -2.1246544e-03  -7.3156655e-04  -8.7726224e-04
  -4.8120002e-02   1.6267935e-01   5.5887009e-01  -2.6187949e-03  -8.2164600e-04  -8.0823981e-04
  -7.2701467e-02   1.6652661e-01   5.5961858e-01  -2.3917419e-03  -7.0530238e-04  -9.2173131e-04
  -5.5692037e-02   1.4087113e-01   5.2961935e-01  -3.1488402e-03  -1.1526093e-03  -7.9582005e-04
  -7.1548075e-02   2.0935921e-01   5.8474274e-01  -2.0740765e-04   1.7684329e-04  -2.0294782e-04
  -6.4534043e-02   1.9611260e-01   5.9260635e-01  -1.8807069e-03  -1.6597581e-03  -4.0086158e-04
  -6.4221379e-02   1.7361685e-01   6.1825569e-01  -2.0349220e-03  -9.2694211e-04  -6.1048843e-04
  -7.0472019e-02   2.0173723e-01   6.6138829e-01  -1.5278052e-03  -9.0866001e-04  -3.8025471e-04
  -7.8575971e-02   2.0025631e-01   6.8847795e-01  -1.7585296e-03  -1.1825539e-03  -2.3362785e-04
  -6.8009140e-02   1.7929549e-01   6.6163151e-01  -2.6326082e-03  -1.5161403e-03  -5.9159505e-04
  -8.6593971e-02   2.0822846e-01   6.9721093e-01  -2.6033741e-03  -9.3475958e-04  -2.2689944e-04
  -7.8065963e-02   1.8864376e-01   6.9212969e-01  -2.2004422e-03  -9.0830666e-04  -8.4897344e-08
  -5.7195026e-02   1.8200843e-01   6.9629609e-01  -2.8238085e-03  -8.8515861e-04  -5.7584558e-04
  -6.7474641e-02   1.9101026e-01   7.0691672e-01  -2.1973532e-03  -1.0002363e-03  -5.8207832e-04
  -5.3909716e-02   1.7241003e-01   6.9368874e-01  -2.2700074e-03  -8.9797909e-04  -3.7350395e-04
  -6.8954416e-02   1.6539932e-01   7.0498637e-01  -2.4218408e-03  -5.8270294e-04  -3.0789326e-04
  -1.4285694e-01   2.6877202e-01   7.4521596e-01  -1.2103756e-03  -1.2240548e-03   1.0358441e-04
  -1.3427068e-01   2.1756585e-01   7.7414320e-01  -1.3224233e-03  -4.6688899e-03  -1.9232641e-03
  -8.6971788e-02   2.2036174e-01   7.4404585e-01  -5.6162045e-04  -2.0526350e-03  -1.5749282e-03
  -8.6216592e-02   2.4716179e-01   7.5727136e-01  -2.7996035e-04  -1.6151601e-03  -1.1755784e-03
  -8.0371462e-02   2.3747107e-01   7.6552677e-01  -4.4660982e-04  -1.9680040e-03  -1.2718743e-03
  -7.8950470e-02   2.3334595e-01   7.5278957e-01  -1.2358731e-03  -1.7924966e-03  -7.6646250e-04
  -7.1849708e-02   2.2258850e-01   7.9405885e-01  -1.3586312e-03  -2.2018141e-03  -6.1621495e-04
  -9.8602920e-02   2.3816252e-01   8.4024098e-01  -2.2686860e-03  -2.1251943e-03  -4.7011702e-04
  -1.7618407e-01   2.0839737e-01   9.0624223e-01  -1.3417730e-03  -4.8496077e-03   2.9411176e-04
  -1.3919823e-01   2.1838250e-01   8.9862809e-01  -3.1617630e-03  -4.6279329e-03  -9.5842797e-05
  -1.3618819e-01   2.0535824e-01   9.0391888e-01  -2.5147969e-03  -3.4522871e-03  -2.4804937e-04
  -1.0355584e-01   2.2810131e-01   9.1265581e-01  -2.6829101e-03  -2.7315843e-03  -5.1976575e-04
  -9.5502901e-02   2.3536566e-01   8.7790565e-01  -2.9249640e-03  -2.4787981e-03  -4.5246318e-04
  -1.1107181e-01   2.2052667e-01   8.6560249e-01  -2.8720433e-03  -3.1325024e-03  -2.8809659e-04
  -7.7353413e-02   2.4284120e-01   9.1590276e-01  -2.7525525e-03  -1.8352201e-03  -9.4397347e-04
  -9.1110748e-02   2.2569367e-01   9.0540491e-01  -3.1703208e-03  -2.3261346e-03  -5.7583239e-04
  -8.5964581e-02   2.1965046e-01   9.2259747e-01  -2.6820195e-03  -1.9644426e-03  -7.5945737e-04
  -1.0852528e-01   2.3314089e-01   9.9029567e-01  -2.0438385e-03  -7.2821207e-04  -1.3871010e-04
  -1.0397806e-01   2.5683343e-01   1.0298362e+00  -1.5630672e-03  -1.5300934e-03  -3.5719782e-04
  -1.1395142e-01   2.4386253e-01   1.0481262e+00  -1.7940779e-03  -1.2791212e-03  -4.6095334e-05
  -1.2614945e-01   2.7647676e-01   1.0617682e+00  -2.4512198e-03  -1.8168571e-03   1.9674174e-04
  -1.0224003e-01   2.3034334e-01   1.0518921e+00  -2.8215026e-03  -1.8105969e-03  -2.3657709e-04
  -1.0901089e-01   2.5216132e-01   1.0605881e+00  -2.6768078e-03  -1.4108473e-03  -1.3478801e-04
  -9.6435514e-02   2.7793080e-01   1.0370274e+00  -2.8785203e-03  -1.4929336e-03  -8.6452707e-04
  -1.1097606e-01   2.7281215e-01   1.0494647e+00  -3.2240783e-03  -1.5920379e-03  -1.3579593e-04
  -1.1076637e-01   2.6700790e-01   1.0873528e+00  -2.6362464e-03  -1.5251543e-03  -2.9446574e-04
  -1.1882621e-01   2.4593605e-01   1.1065925e+00  -1.7709073e-03  -1.6319766e-03  -7.3116082e-05
  -1.0982901e-01   2.3861462e-01   1.1250363e+00  -2.4452889e-03  -1.8496975e-03  -3.1209009e-04
  -1.1743702e-01   2.4389550e-01   1.1541220e+00  -2.4480989e-03  -1.7360679e-03  -1.3888991e-04
  -1.2053763e-01   2.4968196e-01   1.1455126e+00  -2.7501378e-03  -1.6637894e-03   2.6793664e-05
  -9.9053160e-02   2.5797307e-01   1.1564444e+00  -1.8492195e-03  -1.1061542e-03  -2.6296603e-04
  -1.0868897e-01   2.7201276e-01   1.1844290e+00  -3.1231284e-03  -7.5245609e-04  -1.2044984e-05
  -1.0635778e-01   2.7341346e-01   1.2054244e+00  -2.4099677e-03  -1.4391245e-03   9.6317687e-05
  -1.1611472e-01   2.5462953e-01   1.2205767e+00  -2.5060996e-03  -1.5536248e-03   3.0736652e-05
  -8.3901492e-02   2.8129386e-01   1.2144315e+00  -2.9068222e-03  -1.1128771e-03  -2.2195560e-04
  -1.1924878e-01   2.7456768e-01   1.1974165e+00  -3.2198843e-03  -1.4889842e-03   2.7947624e-04
  -1.4819030e-01   3.0625541e-01   1.1983617e+00   1.2140200e-03   2.9623040e-05   1.4227992e-04
  -1.4187857e-01   2.9072412e-01   1.2307430e+00  -2.1568615e-03  -3.9603544e-03  -1.2412694e-04
  -1.2049157e-01   3.0574532e-01   1.2739297e+00  -1.9511183e-03  -3.8001726e-03  -8.0310756e-04
  -1.0605443e-01   2.9348207e-01   1.2802108e+00  -1.5535139e-03  -3.5031771e-03  -6.2175473e-04
  -1.0957157e-01   3.4357272e-01   1.3543461e+00  -4.3117306e-04  -2.5028669e-03  -6.4561961e-04
  -9.9383721e-02   3.1537829e-01   1.3286217e+00  -2.3863868e-03  -3.4835764e-03  -1.0333276e-03
  -1.1241015e-01   2.9309079e-01   1.3427474e+00  -2.2187909e-03  -3.3164003e-03  -5.3406572e-04
  -1.1661285e-01   2.9284299e-01   1.3285296e+00  -2.3625165e-03  -3.3216784e-03  -4.1865819e-04
  -1.0687808e-01   2.9186657e-01   1.3319603e+00  -2.1737548e-03  -3.1942446e-03  -9.3983719e-04
  -1.0011109e-01   3.1774425e-01   1.3417562e+00  -1.9602717e-03  -2.7779254e-03  -4.4126215e-04
  -1.0399026e-01   3.0175785e-01   1.3589986e+00  -2.3795979e-03  -2.7626416e-03  -3.7012695e-04
  -1.0335271e-01   3.0267792e-01   1.3610428e+00  -2.5138608e-03  -2.3023837e-03  -5.3256434e-04
  -9.5845461e-02   3.0743540e-01   1.3874968e+00  -2.2838848e-03  -2.5213132e-03  -7.2586694e-04
  -1.1602147e-01   3.2175004e-01   1.4124562e+00  -2.0165165e-03  -2.5218734e-03  -3.1956601e-04
  -1.1225164e-01   3.2889784e-01   1.4160941e+00  -3.2797295e-03  -1.9774075e-03  -2.3032965e-04
  -1.2686256e-01   3.5861745e-01   1.5041379e+00   1.7544204e-03   2.8914840e-04   4.7130659e-04
  -1.2122887e-01   3.7853094e-01   1.5224721e+00  -4.3585739e-04  -1.3788845e-03   4.7642782e-04
  -9.7610402e-02   3.5708244e-01   1.5256686e+00  -1.8483953e-04  -1.7258259e-03  -5.2782926e-04
  -8.6280281e-02   3.5422690e-01   1.5409238e+00   5.6138111e-05  -1.2513403e-03  -2.7308956e-04
  -9.0225498e-02   3.6676657e-01   1.5259138e+00  -4.0812085e-04  -1.4233272e-03  -1.9040680e-04
  -7.8001571e-02   3.6763721e-01   1.5088105e+00  -5.1916171e-04  -9.0802205e-04  -1.8322960e-04
  -1.1286226e-01   3.6694913e-01   1.5364942e+00  -7.9640650e-04  -5.8632118e-04  -4.1820410e-05
  -8.9988281e-02   3.5692629e-01   1.5428704e+00  -5.2936763e-04  -9.8001629e-04  -5.0218540e-05
  -8.8606645e-02   3.4931744e-01   1.5715943e+00  -8.7268653e-04  -1.1580591e-03  -2.7077540e-04
  -9.2760349e-02   3.6038632e-01   1.6208478e+00  -7.4999350e-04  -1.5270655e-03  -2.8799073e-04
  -7.9376474e-02   3.7469233e-01   1.6279380e+00  -6.0099446e-04  -1.6291068e-03  -5.6297787e-04
  -1.0566412e-01   3.7130107e-01   1.6519659e+00  -9.6210726e-05  -2.1681259e-03  -1.1537464e-05
  -9.7023406e-02   3.9735159e-01   1.6289674e+00  -9.6057865e-04  -1.7116186e-03  -1.5570773e-04
  -1.2735785e-01   4.3803769e-01   1.6348210e+00  -8.8378221e-04  -2.5635686e-03  -4.6498904e-04
  -1.2435239e-01   4.0500717e-01   1.7134076e+00  -1.4083255e-03  -2.4347010e-03  -2.0574935e-04
  -1.0085113e-01   3.8714789e-01   1.7386126e+00  -1.4361881e-03  -1.8900459e-03  -5.1694616e-04
  -1.1075031e-01   3.9747149e-01   1.7371849e+00  -2.6597539e-03  -1.7780648e-03  -2.9245122e-04
  -7.0883668e-02   4.1465456e-01   1.7358654e+00  -4.9061479e-04  -1.8824475e-03  -1.1996163e-03
  -7.2432262e-02   4.3411160e-01   1.6896361e+00   6.9298947e-05  -1.2436533e-03  -1.4355129e-03
  -6.5902726e-02   4.6978349e-01   1.6632746e+00   8.7681865e-04  -4.6593525e-05  -1.4271162e-03
  -8.2153375e-02   4.0119170e-01   1.7025549e+00   7.1729290e-04  -7.6061415e-04  -9.6688970e-04
  -7.7879451e-02   3.9335592e-01   1.7484234e+00   2.3400400e-04  -7.4108390e-04  -7.1922684e-04
  -7.5418683e-02   4.0407266e-01   1.7404449e+00  -8.9780386e-04  -4.2836657e-05  -5.9463392e-04
  -8.4456253e-02   4.0694211e-01   1.7289388e+00  -1.2227095e-03  -4.9610550e-04  -6.8127115e-04
  -8.8868772e-02   4.1777892e-01   1.7305771e+00  -9.6996503e-04  -8.7824370e-04  -6.1518162e-04
  -9.5130339e-02   4.1632098e-01   1.7514481e+00  -2.0046394e-04  -1.0032050e-03  -4.1475794e-04
  -9.2803790e-02   3.9421112e-01   1.7704690e+00   2.2326140e-04  -1.0613258e-03  -6.8511156e-04
  -8.6004360e-02   3.8638644e-01   1.7613230e+00  -5.9353315e-04  -1.2815325e-03  -6.3325102e-04
  -1.1302913e-01   3.8640723e-01   1.7694458e+00  -6.1725663e-04  -1.9303025e-03  -1.6642014e-04
  -1.0669127e-01   4.0213678e-01   1.7799520e+00  -8.0327204e-04  -1.7249304e-03  -2.9930014e-04
  -1.0183855e-01   4.1208651e-01   1.8137044e+00  -3.6706673e-04  -1.1795906e-03  -1.4412372e-04
  -9.8348612e-02   4.4074170e-01   1.8356625e+00  -9.6004105e-04  -1.1537553e-03  -2.5875811e-04
  -1.5911544e-01   4.5643375e-01   1.9431594e+00  -1.2338102e-03  -3.9095994e-03   4.7429855e-05
  -1.2037140e-01   4.5174876e-01   1.9267338e+00  -2.8595970e-03  -3.7926064e-03  -5.3294394e-04
  -1.0432107e-01   4.3921655e-01   1.9470512e+00  -2.1969983e-03  -3.1539277e-03  -5.5161595e-04
  -1.1031139e-01   4.5452735e-01   1.9478128e+00  -2.2544590e-03  -2.5710617e-03  -6.9265946e-04
  -9.7097323e-02   4.6024700e-01   1.9747012e+00  -2.2876797e-03  -2.6450777e-03  -4.0102322e-04
  -9.0336729e-02   4.3731725e-01   1.9817874e+00  -1.5667632e-03  -2.5151457e-03  -5.3253820e-04
  -8.5421683e-02   4.1647383e-01   1.9678763e+00  -2.0264333e-03  -2.5479941e-03  -3.7963689e-04
  -8.9916495e-02   4.3974740e-01   2.0115823e+00  -1.7636170e-03  -2.5537237e-03  -4.0810286e-04
  -1.0615324e-01   4.4834779e-01   2.0200240e+00  -2.4037730e-03  -3.3169383e-03  -2.6029509e-04
  -8.0802823e-02   4.6897747e-01   2.0498892e+00  -2.1407095e-03  -2.9007347e-03  -7.7379346e-04
  -1.1123867e-01   4.4820057e-01   2.0755227e+00  -2.1748936e-03  -3.1902185e-03  -1.6167419e-04
  -9.4043008e-02   4.6345018e-01   2.0496058e+00  -3.1161321e-03  -2.0727607e-03  -1.8241421e-04
  -1.0717163e-01   4.4964836e-01   2.0965562e+00  -2.2305553e-03  -2.2244162e-03  -7.6394219e-05
  -1.1140218e-01   4.8167862e-01   2.0944212e+00  -2.5893000e-03  -2.5017380e-03   1.2444369e-04
  -1.0667326e-01   4.5707723e-01   2.1145573e+00  -2.3971219e-03  -2.1630383e-03  -2.9415681e-05
  -1.0638528e-01   4.7384772e-01   2.1217392e+00  -2.5329797e-03  -2.0610986e-03   1.2703462e-04
  -8.5520232e-02   4.6238052e-01   2.1129950e+00  -2.8579987e-03  -1.9236376e-03  -3.0588773e-04
  -1.0365347e-01   4.9594389e-01   2.1429905e+00  -2.8126069e-03  -2.1724477e-03  -5.0598084e-05
  -9.3323159e-02   4.7833419e-01   2.1708349e+00  -2.6601027e-03  -2.2555323e-03  -7.6553177e-04
  -9.6281063e-02   4.7235589e-01   2.1682073e+00  -2.1577784e-03  -1.9576443e-03  -1.4558145e-04
  -1.0345536e-01   4.7288997e-01   2.1927442e+00  -1.8872656e-03  -1.7359484e-03   9.6512349e-05
  -8.6908196e-02   4.8930842e-01   2.2267926e+00  -1.7663597e-03  -1.9576085e-03  -3.3236926e-04
  -1.0714592e-01   4.7132417e-01   2.2299921e+00  -1.7454167e-03  -2.2591830e-03  -2.3810810e-04
  -1.0057596e-01   5.1150149e-01   2.2555715e+00  -2.1677393e-03  -1.8126937e-03   1.2446099e-04
  -8.9533131e-02   5.0430073e-01   2.2388673e+00  -2.5958235e-03  -1.8108736e-03  -3.2399832e-04
  -6.6904004e-02   4.9150174e-01   2.2452789e+00  -2.3775337e-03  -2.0747574e-03  -5.7136394e-04
  -8.1575060e-02   4.8616872e-01   2.2640181e+00  -2.5647937e-03  -1.8726345e-03  -1.8728888e-04
  -1.0322791e-01   5.1882161e-01   2.2952172e+00  -2.4780138e-03  -1.7877518e-03   2.8253900e-04
  -9.1434108e-02   5.0456140e-01   2.3337180e+00  -1.8603162e-03  -2.3947795e-03   2.4826716e-04
  -6.0007061e-02   5.2264411e-01   2.3370687e+00  -2.2489984e-03  -1.4906075e-03  -4.3705781e-04
  -9.0702223e-02   5.0490826e-01   2.3350595e+00  -2.5463023e-03  -1.9990928e-03   2.4124076e-05
  -7.9846689e-02   5.2373146e-01   2.3707922e+00  -2.3468437e-03  -2.1734735e-03  -3.1207160e-04
  -9.0291599e-02   5.1592862e-01   2.3755811e+00  -2.5370479e-03  -2.8312856e-03  -6.8046206e-06
  -1.0134215e-01   5.1936079e-01   2.3862984e+00  -3.2528849e-03  -2.6464899e-03   6.9428837e-07
  -1.0502377e-01   5.2765276e-01   2.4274063e+00  -3.1860162e-03  -2.3490737e-03   3.6930113e-04
  -9.0641757e-02   5.3305882e-01   2.4315564e+00  -2.5007877e-03  -2.6170910e-03   1.0504974e-04
  -8.5166021e-02   5.7095049e-01   2.4254608e+00  -1.9807924e-03  -1.5416994e-03   4.3436266e-05
  -1.2616949e-01   5.5088014e-01   2.4437865e+00  -9.0306703e-04  -3.0298240e-03   2.1536527e-04
  -9.7094304e-02   5.4897832e-01   2.4704879e+00  -1.9106141e-03  -2.5126117e-03  -5.7864760e-04
  -9.7173252e-02   5.5775723e-01   2.5070240e+00  -1.1309143e-03  -2.3018306e-03  -1.5424182e-04
  -1.0047975e-01   5.5070204e-01   2.4891861e+00  -1.8488971e-03  -1.9702381e-03   1.9619087e-04
  -8.3875255e-02   5.8092695e-01   2.4922696e+00  -1.6921356e-03  -1.8785123e-03  -7.0498215e-05
  -9.6314283e-02   5.7910649e-01   2.4811592e+00  -1.9612497e-03  -2.0057542e-03  -1.7444767e-04
  -9.2836670e-02   5.4652835e-01   2.5018498e+00  -1.7553812e-03  -2.4384190e-03  -3.6439788e-04
  -9.1562104e-02   5.5451681e-01   2.5046145e+00  -1.9571304e-03  -1.9077562e-03  -1.9905263e-04
  -6.9055417e-02   5.6169078e-01   2.5375403e+00  -1.9218739e-03  -1.5202585e-03  -2.1744878e-04
  -8.0956479e-02   5.5558234e-01   2.5173805e+00  -2.2986995e-03  -2.0865778e-03  -2.7927355e-04
  -8.0965960e-02   5.6024149e-01   2.5484506e+00  -2.0355243e-03  -1.3326244e-03  -2.2618702e-04
  -8.3677125e-02   5.7793106e-01   2.5541753e+00  -2.7126632e-03  -1.5438898e-03  -2.9678342e-05
  -8.0654796e-02   5.5069104e-01   2.5863664e+00  -2.1651305e-03  -1.8531321e-03  -3.1574376e-04
  -6.5777886e-02   5.6578154e-01   2.6003141e+00  -2.2314494e-03  -1.0388977e-03  -5.4356432e-04
  -7.8579725e-02   5.8380498e-01   2.6123073e+00  -2.3297919e-03  -1.5991772e-03  -1.8927835e-04
  -9.9572486e-02   5.8462375e-01   2.6326030e+00  -3.0533091e-03  -1.6450522e-03   3.0728388e-05
  -8.7930313e-02   5.8276936e-01   2.6480959e+00  -2.2144687e-03  -2.2834837e-03  -1.6359874e-04
  -8.5180797e-02   5.7154363e-01   2.6702650e+00  -2.3216693e-03  -2.7268577e-03   7.6196395e-05
  -6.8075107e-02   5.8176446e-01   2.6580630e+00  -2.9850811e-03  -2.3404963e-03  -2.0519908e-04
  -9.2656092e-02   5.6796095e-01   2.6699124e+00  -1.8914856e-03  -1.6966953e-03   2.2454031e-04
  -1.0032232e-01   5.6497330e-01   2.6726052e+00  -2.4318948e-03  -2.1497636e-03   2.1472405e-04
  -9.0548273e-02   5.5218225e-01   2.6964713e+00  -2.7780583e-03  -1.8132704e-03   5.8957138e-05
  -9.1505552e-02   5.7791268e-01   2.7177388e+00  -2.3369588e-03  -1.8804230e-03   4.2726206e-04
  -7.2515565e-02   6.1387615e-01   2.7476676e+00  -2.1561244e-03  -1.2904595e-03  -1.1917604e-04
  -8.5861105e-02   6.0196551e-01   2.7621321e+00  -1.9418311e-03  -1.4927002e-03  -2.7778404e-04
  -7.7203091e-02   5.7549254e-01   2.7643294e+00  -1.7264154e-03  -1.3216551e-03   2.0199095e-04
  -5.1235543e-02   6.2460077e-01   2.7904267e+00  -2.4878805e-03  -1.0726933e-03  -4.2285873e-04
  -7.6766949e-02   5.9784371e-01   2.7933177e+00  -2.0306736e-03  -1.7504261e-03  -3.6360772e-04
  -7.7917482e-02   6.0965413e-01   2.8014121e+00  -2.8790527e-03  -1.1037996e-03  -5.8822850e-05
  -7.8753577e-02   6.1560579e-01   2.8341347e+00  -1.7996133e-03  -1.3784970e-03   1.1440560e-04
  -6.2748672e-02   6.2459303e-01   2.8343789e+00  -2.0514725e-03  -1.0079137e-03  -3.1066692e-04
  -6.1101975e-02   6.4095727e-01   2.8653023e+00  -1.6658674e-03  -1.1451559e-03  -7.0037314e-04
  -7.7586348e-02   6.3606582e-01   2.8818843e+00  -2.2112129e-03  -1.2255887e-03   2.9097589e-05
  -5.8633426e-02   6.2818031e-01   2.8971435e+00  -2.0019111e-03  -1.8555216e-03  -5.6734900e-04
  -7.2493519e-02   6.1746111e-01   2.9079419e+00  -1.8288831e-03  -2.0687343e-03  -2.0039429e-04
  -8.5325809e-02   6.1626763e-01   2.9150274e+00  -2.7831007e-03  -2.5555062e-03  -4.0847778e-04
  -8.2077346e-02   6.2625568e-01   2.9597949e+00  -2.0376244e-03  -2.0754225e-03  -1.8886723e-04
  -9.5197208e-02   6.4051252e-01   2.9800034e+00  -2.6102975e-03  -1.9260388e-03   2.4532741e-04
  -1.1487186e-01   6.9331437e-01   3.0911296e+00   5.7483161e-05  -3.2695099e-03  -4.8573914e-04
  -8.5251847e-02   6.8492430e-01   3.0577751e+00  -9.6862303e-04  -3.6412496e-03  -9.5968928e-04
  -7.8639841e-02   6.6615828e-01   3.0541241e+00  -1.9118315e-03  -2.9058548e-03  -7.9825568e-04
  -7.5099418e-02   6.7685126e-01   3.0867977e+00  -8.5489696e-04  -2.4539753e-03  -4.2178457e-04
  -8.6523248e-02   6.8382867e-01   3.0813596e+00  -1.6098125e-03  -2.4976414e-03  -5.2646592e-04
  -6.3148361e-02   6.9108803e-01   3.0987011e+00  -1.1987636e-03  -1.9252094e-03  -7.1599456e-04
  -6.1217095e-02   6.7687799e-01   3.1050366e+00  -1.2618059e-03  -2.3106441e-03  -7.7488916e-04
  -5.7930548e-02   6.7644220e-01   3.1327153e+00  -1.2671447e-03  -1.8681183e-03  -6.3188298e-04
  -4.7063951e-02   6.8802787e-01   3.1340767e+00  -1.4074821e-03  -2.1064526e-03  -7.4122499e-04
  -6.5048224e-02   6.9330177e-01   3.1454261e+00  -1.7771836e-03  -2.1357524e-03  -2.2962233e-04
  -6.2497643e-02   6.7429143e-01   3.1506117e+00  -1.7722689e-03  -2.5307735e-03  -5.8514807e-04
  -7.6163732e-02   7.1504095e-01   3.1513180e+00  -1.7027661e-03  -2.3539975e-03  -2.5662522e-04
  -6.8058969e-02   7.0826094e-01   3.1780526e+00  -1.7605003e-03  -2.0709581e-03  -3.2021539e-04
  -7.0953862e-02   6.6988122e-01   3.1715267e+00  -2.0038445e-03  -2.2080515e-03  -2.5971166e-04
  -5.6154706e-02   6.8725542e-01   3.1951214e+00  -1.7422804e-03  -1.6139492e-03  -4.8428095e-04
  -4.8880275e-02   7.1595980e-01   3.2279845e+00  -1.6027449e-03  -1.6431502e-03  -4.6545604e-04
  -6.7845557e-02   7.0434409e-01   3.2423412e+00  -1.3899160e-03  -2.2503835e-03  -3.1151053e-04
  -7.6523580e-02   7.1842392e-01   3.2543743e+00  -1.8626630e-03  -2.0873507e-03  -2.4281387e-05
  -5.7775471e-02   7.1875860e-01   3.2570754e+00  -1.8782862e-03  -2.3052943e-03  -3.9903055e-04
  -6.7200302e-02   7.3406481e-01   3.2714722e+00  -2.3378227e-03  -2.7734412e-03   5.3942061e-05
  -3.4345402e-02   7.2106245e-01   3.2936190e+00  -1.8488763e-03  -1.7956374e-03  -6.8376950e-04
  -6.1221582e-02   7.4248885e-01   3.3087202e+00  -1.9851020e-03  -1.6347085e-03  -1.0634602e-04
  -5.4319260e-02   7.2559476e-01   3.3138503e+00  -1.8054360e-03  -2.4046301e-03  -5.0850893e-04
  -6.0443412e-02   7.4537903e-01   3.3492018e+00  -1.3890712e-03  -2.3646977e-03   5.3621416e-05
  -4.3635625e-02   7.1358915e-01   3.3395838e+00  -2.1029329e-03  -2.8469148e-03  -6.6838075e-04
  -5.8792922e-02   7.3996341e-01   3.3744974e+00  -1.9138394e-03  -2.3430716e-03  -3.0770215e-04
  -4.2382242e-02   7.2933308e-01   3.3739456e+00  -1.5461952e-03  -2.2820246e-03  -7.6069012e-04
  -3.8987412e-02   7.4825636e-01   3.3998534e+00  -1.7114567e-03  -2.1349664e-03  -6.6105748e-04
  -5.5857186e-02   7.2337469e-01   3.4016214e+00  -1.2647586e-03  -2.4980727e-03  -8.5686157e-04
  -5.5333992e-02   7.7000844e-01   3.4252769e+00  -1.8628227e-03  -2.2647658e-03  -3.2278898e-04
  -4.8277400e-02   7.3915741e-01   3.4261755e+00  -1.9784051e-03  -2.3069458e-03  -6.1480842e-04
  -3.6923122e-02   7.5689329e-01   3.4818927e+00  -1.3571270e-03  -1.9917232e-03  -8.4473491e-04
  -4.5772903e-02   7.6556733e-01   3.4523374e+00  -2.5902108e-03  -1.9302392e-03  -1.4066362e-04
  -6.4335596e-02   7.3201030e-01   3.5019654e+00  -1.8903294e-03  -2.0639549e-03  -5.3969684e-05
  -4.4816457e-02   7.6084643e-01   3.5065692e+00  -1.8233021e-03  -1.6547543e-03  -3.2051460e-04
  -3.0700563e-02   7.7834977e-01   3.5112795e+00  -1.9725073e-03  -1.8577764e-03  -4.6970919e-04
  -4.2229754e-02   7.6890319e-01   3.5005090e+00  -2.1976549e-03  -1.8999672e-03  -2.6930278e-04
  -4.1196588e-02   7.6212926e-01   3.5011124e+00  -2.3624569e-03  -2.2126890e-03  -4.8000765e-04
  -4.4226205e-02   7.6376569e-01   3.5539379e+00  -1.8340104e-03  -2.6941398e-03  -6.2253885e-04
  -5.3652639e-02   7.6788770e-01   3.5674657e+00  -2.5049534e-03  -2.7723300e-03  -3.5310064e-04
  -5.5143748e-02   7.6320192e-01   3.6118697e+00  -1.7345286e-03  -2.5703216e-03  -3.6014823e-04
  -4.0606672e-02   7.7376507e-01   3.6196696e+00  -1.6884970e-03  -2.5693394e-03  -4.0572004e-04
  -5.0737230e-02   7.7809352e-01   3.6343441e+00  -1.6451366e-03  -2.6497535e-03  -3.1451496e-04
  -2.8450750e-02   7.9499638e-01   3.6208162e+00  -2.4194390e-03  -1.7278228e-03  -1.3760070e-04
  -4.1549718e-02   7.9551015e-01   3.6373791e+00  -1.6828664e-03  -2.4448898e-03  -6.9196650e-04
  -3.1083329e-02   7.9195351e-01   3.6444141e+00  -2.0132499e-03  -2.0975436e-03  -7.0796469e-04
  -4.1743783e-02   8.1243296e-01   3.6724258e+00  -1.3870932e-03  -2.1928881e-03  -6.3581198e-04
  -3.8286174e-02   8.0348905e-01   3.6823747e+00  -1.4178068e-03  -2.2571103e-03  -3.7106975e-04
  -3.7156302e-02   7.9193589e-01   3.6899967e+00  -1.9853824e-03  -2.3186840e-03  -1.4044175e-04
  -4.6541545e-02   7.9709419e-01   3.7252059e+00  -1.0452699e-03  -1.9513398e-03  -2.3760662e-04
  -3.0710913e-02   8.1670348e-01   3.7363870e+00  -2.1043787e-03  -2.5334439e-03  -1.9222838e-04
  -2.1592137e-02   8.0338472e-01   3.7685456e+00  -1.5480530e-03  -1.9116748e-03  -4.0948940e-04
  -3.7589683e-02   8.0490408e-01   3.7624233e+00  -2.3286229e-03  -2.1062953e-03   1.1336308e-04
  -5.1852421e-02   8.0545989e-01   3.7803176e+00  -1.8054067e-03  -2.6449449e-03  -2.6435603e-04
  -6.1005694e-02   8.3454688e-01   3.7981004e+00  -2.8871454e-03  -2.3578772e-03   2.1277144e-04
  -6.3087922e-02   8.3382619e-01   3.8308393e+00  -1.0986130e-03  -2.7705322e-03  -1.1871465e-04
  -2.5577322e-02   7.8902211e-01   3.8358512e+00  -1.7326512e-03  -2.1636891e-03  -4.8541823e-04
  -5.2998194e-02   8.1795899e-01   3.8774024e+00  -1.5647125e-03  -3.0111600e-03   3.5337752e-05
  -5.4084334e-02   8.2807845e-01   3.8948208e+00  -1.7040189e-03  -3.0511358e-03  -3.8609505e-05
  -1.9764540e-02   8.4303018e-01   3.8848464e+00  -2.1464605e-03  -2.7547549e-03  -6.9165122e-04
  -5.7967082e-02   8.4691241e-01   3.9225924e+00  -1.6664764e-03  -3.2283300e-03   1.3492256e-04
  -3.7536659e-02   8.4884028e-01   3.9118889e+00  -2.0355631e-03  -3.1304626e-03  -4.3179766e-04
  -4.3813609e-02   8.5277776e-01   3.9242361e+00  -2.6943903e-03  -2.8801175e-03  -5.1446182e-04
  -4.7424896e-02   8.4609271e-01   3.9445043e+00  -2.1890407e-03  -2.3028675e-03   1.3200100e-04
  -5.9451811e-02   8.5418250e-01   4.0172530e+00  -8.0171248e-04  -2.3227037e-03   2.1406676e-04
  -2.9376065e-02   8.3542808e-01   3.9778448e+00  -2.7721532e-03  -2.0257494e-03  -2.2103727e-04
  -2.2626139e-02   8.4687642e-01   4.0108267e+00  -2.4014680e-03  -1.8528116e-03  -3.5762580e-04
  -3.0242911e-02   8.5774889e-01   4.0210176e+00  -2.0135542e-03  -2.7683753e-03  -2.9113507e-04
  -4.6895281e-02   8.5017012e-01   4.0076618e+00  -2.7692122e-03  -3.0913437e-03  -2.5155037e-05
  -2.4966683e-02   8.4536666e-01   4.0345394e+00  -2.3338740e-03  -2.4748545e-03  -1.4817144e-04
  -2.0612411e-02   8.5340373e-01   4.0284326e+00  -2.5288439e-03  -2.0790847e-03  -2.6240579e-04
  -2.1418693e-02   8.5706452e-01   4.0463293e+00  -2.7096782e-03  -2.8155018e-03  -2.1039755e-04
  -3.9654288e-02   8.5363054e-01   4.0604915e+00  -2.0924669e-03  -2.5029407e-03  -2.1077465e-04
  -3.6583224e-02   8.9798326e-01   4.0809962e+00  -2.4845190e-03  -2.4520998e-03   4.3276200e-04
  -4.3888554e-02   8.8004545e-01   4.0967275e+00  -2.7566374e-03  -2.7737953e-03   2.2254289e-04
  -2.1465839e-02   8.8872130e-01   4.1161435e+00  -2.3897247e-03  -2.3343353e-03  -4.2774349e-04
  -4.9736576e-02   8.8301056e-01   4.1303069e+00  -2.6172718e-03  -2.5336849e-03   3.7152603e-04
  -3.8659675e-02   8.6455965e-01   4.1645336e+00  -2.4990430e-03  -2.2662779e-03   3.8888256e-04
  -4.1998845e-02   8.9694860e-01   4.1746465e+00  -2.4973111e-03  -2.5043401e-03   1.9940416e-04
  -2.1929449e-02   8.9318341e-01   4.1843724e+00  -2.0659900e-03  -2.4093321e-03  -1.0855792e-04
  -3.7382097e-02   8.9358487e-01   4.1884169e+00  -2.3892749e-03  -2.5333209e-03   3.2535762e-04
  -5.7678862e-02   8.9999630e-01   4.2174068e+00  -2.9948157e-03  -2.6612925e-03   4.2217417e-04
  -5.2019306e-02   8.8426957e-01   4.2064600e+00  -3.0730003e-03  -2.5130249e-03   3.4208434e-04
  -2.6441698e-02   8.5811863e-01   4.2241430e+00  -2.5577008e-03  -2.7256575e-03  -2.1970998e-04
  -3.1540075e-02   9.0734248e-01   4.2611610e+00  -2.5516218e-03  -2.1590492e-03   1.4782434e-04
  -1.0717842e-02   9.0287570e-01   4.2725933e+00  -2.9675830e-03  -2.3001793e-03  -3.8263489e-04
  -2.0173188e-03   8.9673192e-01   4.2443052e+00  -3.6183155e-03  -1.9645684e-03  -4.7059740e-04
  -2.3055329e-02   9.0273082e-01   4.2972778e+00  -2.8575559e-03  -2.0892881e-03  -2.8284142e-04
  -3.7804792e-02   9.0776112e-01   4.3102810e+00  -2.9964213e-03  -1.8544599e-03  -3.6005823e-05
   2.5695167e-03   9.2780655e-01   4.3333147e+00  -2.5764400e-03  -1.9454578e-03  -7.5762174e-04
  -4.6622402e-02   9.3222806e-01   4.3278107e+00  -3.2221862e-03  -2.2358357e-03   2.8969469e-04
  -2.5695662e-02   9.0912467e-01   4.3506825e+00  -3.1931967e-03  -2.4201986e-03  -1.2952252e-04
  -1.8217770e-02   9.2034391e-01   4.3609641e+00  -3.5601480e-03  -2.1343348e-03  -3.1437776e-04
  -1.1585720e-02   9.1002033e-01   4.3869128e+00  -3.4724692e-03  -2.4579348e-03  -2.4645615e-04
   8.2205465e-03   9.5010840e-01   4.4109247e+00  -2.6178216e-03  -2.0985818e-03  -9.5533463e-04
  -9.6149844e-03   9.4501803e-01   4.4112622e+00  -3.0483517e-03  -2.4880238e-03   3.4025230e-05
   4.7642755e-03   9.4263948e-01   4.4110749e+00  -3.1641903e-03  -2.6248191e-03  -5.4625326e-04
  -1.3020231e-02   9.3389208e-01   4.4363622e+00  -3.2912552e-03  -2.4732084e-03  -1.5516882e-04
  -3.6371984e-03   9.5668498e-01   4.4610531e+00  -2.7433171e-03  -2.1423035e-03  -3.8206360e-04
  -2.2210303e-02   9.5996674e-01   4.5040236e+00  -1.1071706e-03  -2.3639221e-03  -1.1880241e-04
  -1.8131340e-02   9.4425526e-01   4.4849443e+00  -2.3772181e-03  -2.7316776e-03  -4.8740341e-04
  -4.7422829e-02   9.3823898e-01   4.5352772e+00  -2.2715361e-03  -3.5563179e-03  -2.7890132e-05
  -1.6153684e-02   9.5866629e-01   4.5514475e+00  -1.9947017e-03  -3.2817175e-03  -2.8381966e-04
  -2.5353194e-02   9.5330796e-01   4.5396725e+00  -2.8105132e-03  -3.2348994e-03   3.5001028e-05
  -1.8535709e-02   9.8682576e-01   4.5463142e+00  -2.7856844e-03  -3.6282665e-03  -2.2603162e-04
  -3.9527851e-02   8.3487528e-01   4.5700332e+00  -2.1016180e-03  -4.0301664e-03   4.7786650e-07
  -3.2936856e-02   9.2172841e-01   4.5462217e+00  -3.6449858e-03  -2.9372071e-03   4.6240769e-04
  -2.8713244e-02   9.7185187e-01   4.5714661e+00  -2.5533356e-03  -3.4034129e-03  -3.0828888e-05
  -1.5610207e-02   9.6917116e-01   4.5794466e+00  -2.9372845e-03  -3.2256128e-03  -3.7295182e-04
  -1.9357857e-02   9.5764698e-01   4.5890659e+00  -3.2688878e-03  -3.3218613e-03  -2.9623809e-05
  -7.3853621e-03   9.6954694e-01   4.6212984e+00  -2.4460508e-03  -2.7364647e-03  -4.2816423e-04
  -1.0946622e-02   9.6526133e-01   4.6443571e+00  -2.7304323e-03  -2.6711477e-03  -2.7614479e-04
   7.5665353e-03   9.6061853e-01   4.6580925e+00  -3.2482696e-03  -2.8566530e-03  -2.8963218e-04
  -1.6228935e-02   9.8467581e-01   4.6856279e+00  -2.6036769e-03  -3.3151135e-03  -2.1342756e-04
  -1.5165899e-02   9.7131715e-01   4.6995080e+00  -2.8528091e-03  -2.6259658e-03  -1.3391909e-05
  -1.1317725e-02   9.8597488e-01   4.6944360e+00  -2.5162133e-03  -3.1173297e-03  -2.0132003e-04
  -8.9946450e-03   9.9529643e-01   4.6946013e+00  -3.1578756e-03  -2.6338400e-03  -1.6626144e-04
  -2.0784046e-03   1.0055918e+00   4.7248842e+00  -3.2439247e-03  -2.6345411e-03  -2.0928442e-04
   7.2703806e-03   1.0054372e+00   4.7442277e+00  -2.6388282e-03  -2.4662272e-03  -3.5451532e-04
  -6.9098174e-03   9.8529978e-01   4.7548727e+00  -2.8928954e-03  -2.6184213e-03  -1.9440029e-04
   8.2022533e-03   1.0117682e+00   4.7683243e+00  -2.7205120e-03  -2.4177552e-03  -5.0866898e-04
  -2.3836714e-03   1.0080624e+00   4.7950933e+00  -2.4036984e-03  -2.5880903e-03  -3.5754837e-04
   5.0522745e-03   1.0206845e+00   4.7997327e+00  -2.0550716e-03  -2.3054832e-03  -3.5006694e-04
  -1.4734036e-03   9.9164926e-01   4.8117656e+00  -2.8998826e-03  -2.5982294e-03  -1.9613662e-04
  -1.7169680e-02   1.0047172e+00   4.8454278e+00  -1.9865850e-03  -2.4342346e-03   1.3011834e-04
  -7.1284720e-03   9.9855748e-01   4.8426765e+00  -2.5368444e-03  -2.5003702e-03  -1.6663022e-04
   3.4000294e-03   9.9331850e-01   4.8576195e+00  -2.8507787e-03  -2.5763822e-03  -2.1630003e-04
  -5.4001774e-03   1.0461941e+00   4.8852550e+00  -2.4588244e-03  -2.4371653e-03  -5.1363633e-04
   9.6726011e-03   1.0316318e+00   4.8980908e+00  -2.3670794e-03  -3.1845995e-03  -4.1245235e-04
   1.5169732e-02   1.0449970e+00   4.9280412e+00  -2.3278769e-03  -3.2334479e-03  -7.1269747e-04
  -2.4435471e-02   1.0407136e+00   4.9166801e+00  -3.0122101e-03  -3.3782248e-03   1.4995242e-04
   1.4193076e-03   1.0521707e+00   4.9285166e+00  -3.2110324e-03  -2.9579814e-03  -3.5256327e-04
   1.1266957e-02   1.0382815e+00   4.9521143e+00  -2.6157024e-03  -2.7654960e-03  -6.4947215e-04
  -2.9047496e-02   1.0379181e+00   4.9727194e+00  -1.9784715e-03  -3.1633871e-03   1.4315614e-04
  -1.5723123e-02   1.0245324e+00   4.9744422e+00  -3.2030652e-03  -3.0729321e-03   8.6845534e-05
  -3.8323013e-02   1.0372072e+00   4.9743993e+00  -2.6845561e-03  -3.6742071e-03  -2.2277103e-04
  -9.6444105e-03   1.0397901e+00   4.9987523e+00  -2.6723182e-03  -2.3581600e-03   2.0964495e-04
  -5.0851752e-03   1.0462945e+00   5.0184376e+00  -2.7051311e-03  -3.2347586e-03  -5.0796593e-04
   6.9520882e-03   1.0548967e+00   5.0053041e+00  -3.4716917e-03  -2.7646480e-03  -4.0208399e-04
  -6.3681486e-03   1.0483483e+00   5.0619197e+00  -2.6008464e-03  -3.5468839e-03  -4.7497077e-04
  -3.0513281e-02   1.0500466e+00   5.0628999e+00  -2.7072640e-03  -3.4472406e-03  -3.3965157e-04
   4.8889689e-03   1.0717143e+00   5.0936537e+00  -2.2938609e-03  -3.3262563e-03  -8.4748917e-04
   8.6903047e-03   1.0530200e+00   5.0976704e+00  -3.0206850e-03  -3.0559274e-03  -5.1341353e-04
  -3.1236070e-03   1.0695860e+00   5.1429935e+00  -2.5247745e-03  -3.1353282e-03  -2.4650950e-04
   1.6737911e-02   1.0648983e+00   5.1062634e+00  -3.7411025e-03  -2.9372494e-03  -7.0312204e-04
   1.3610316e-02   1.0861409e+00   5.1257648e+00  -3.4103955e-03  -2.8425647e-03  -6.8573895e-04
   1.8387985e-03   1.0999634e+00   5.1685973e+00  -2.5455751e-03  -2.9053999e-03  -1.4780654e-04
   9.4525854e-03   1.0911319e+00   5.1675981e+00  -2.6994908e-03  -2.7336068e-03  -2.1118634e-04
  -8.4725952e-03   1.0898235e+00   5.1958289e+00  -2.8087294e-03  -2.8165787e-03  -4.5458965e-05
   7.0307868e-03   1.0921957e+00   5.2147196e+00  -2.6616090e-03  -2.7770745e-03  -3.8890684e-04
  -3.1093282e-02   1.1222870e+00   5.2292145e+00  -2.9151361e-03  -3.0493649e-03   1.3376756e-03
  -1.6905995e-03   1.1055573e+00   5.2253628e+00  -2.9484265e-03  -2.7709428e-03  -2.2360352e-04
   6.2203484e-04   1.1067258e+00   5.2738194e+00  -2.2930774e-03  -2.8472990e-03  -1.4444184e-04
   1.0045676e-02   1.0892817e+00   5.2641305e+00  -2.9452333e-03  -2.5911885e-03  -2.6917201e-05
   2.0345150e-02   1.0941965e+00   5.3192842e+00  -2.5979741e-03  -2.4858274e-03  -3.1364139e-04
   1.3542141e-02   1.1092056e+00   5.3078764e+00  -2.5408576e-03  -2.5827771e-03  -2.9277285e-04
  -3.4858517e-03   1.0919231e+00   5.3503030e+00  -2.3105339e-03  -2.6554627e-03  -8.4389388e-05
  -2.5644855e-03   1.1089723e+00   5.3640173e+00  -2.5819047e-03  -2.9102647e-03  -3.3628310e-04
  -1.3115415e-02   1.1013238e+00   5.3807061e+00  -2.8457646e-03  -2.7188828e-03   4.5373120e-04
   9.5361997e-03   1.1195724e+00   5.3833691e+00  -2.3234183e-03  -3.4626324e-03  -2.5954124e-04
  -9.3027663e-03   1.0917352e+00   5.3822444e+00  -3.5821168e-03  -3.3030768e-03  -4.6746721e-05
   5.0091082e-03   1.1060033e+00   5.3952218e+00  -3.3767075e-03  -3.4587440e-03  -2.6222732e-04
  -2.9743912e-02   1.1165920e+00   5.4808636e+00  -2.1775008e-03  -4.3161901e-03   2.7717093e-04
  -3.0643596e-02   1.1391125e+00   5.4959935e+00  -2.8308314e-03  -4.5531104e-03  -5.0400918e-04
  -1.0338226e-02   1.1092957e+00   5.4739853e+00  -2.5758116e-03  -4.0059801e-03  -3.3337665e-04
  -2.3918261e-02   1.1249018e+00   5.4834210e+00  -2.9252903e-03  -3.5688185e-03   3.1950099e-04
   2.4808019e-03   1.1260275e+00   5.5002733e+00  -2.3818423e-03  -3.2567448e-03  -1.6692000e-04
   4.3050270e-03   1.1344139e+00   5.5054079e+00  -3.1818460e-03  -3.9127911e-03  -3.1305235e-04
   8.6516978e-03   1.1491472e+00   5.4991102e+00  -2.9897727e-03  -3.2959862e-03  -9.6056079e-05
   8.6400788e-04   1.1268058e+00   5.5036518e+00  -3.3962393e-03  -3.0154152e-03   1.1302852e-04
   2.1741424e-02   1.1352982e+00   5.5099455e+00  -3.2435185e-03  -3.3916841e-03  -3.3301908e-04
   1.0990518e-02   1.1169220e+00   5.5509181e+00  -2.5348022e-03  -2.8607612e-03  -1.2826543e-05
   1.4862963e-02   1.1389493e+00   5.5915417e+00  -2.3710226e-03  -3.1342493e-03  -3.3344775e-05
   9.7148418e-03   1.1273140e+00   5.5909566e+00  -2.5536140e-03  -3.4302464e-03  -4.8164488e-05
   1.4883326e-02   1.1428370e+00   5.5955134e+00  -2.2218221e-03  -3.2859712e-03  -9.2269554e-05
   7.4193004e-03   1.1550928e+00   5.5929377e+00  -3.1025573e-03  -3.0748913e-03   1.3302909e-04
   3.4368761e-02   1.1541969e+00   5.6114716e+00  -2.8537390e-03  -2.6074139e-03  -2.0373047e-04
   1.8722434e-02   1.1590769e+00   5.6572088e+00  -2.5782427e-03  -3.0975662e-03  -3.2906030e-05
   2.8608510e-02   1.1556287e+00   5.6416149e+00  -2.8160183e-03  -3.0885996e-03  -3.0368573e-04
   1.7876080e-02   1.1512407e+00   5.6523320e+00  -2.6863770e-03  -3.2512756e-03  -3.0853811e-04
   3.1464751e-02   1.1516961e+00   5.6557390e+00  -3.5439656e-03  -2.6611477e-03  -2.1888410e-04
  -4.5098791e-03   1.1808797e+00   5.7097041e+00  -2.7694752e-03  -2.7496793e-03   2.3419467e-05
  -1.0032057e-02   1.1934685e+00   5.6634288e+00  -1.1560698e-03  -2.6151337e-03  -9.3892206e-04
   7.2473648e-02   1.0971618e+00   5.6015708e+00  -2.8529210e-03   6.4752272e-04   4.0881693e-04
   1.3443421e-02   9.5996121e-01   5.5056110e+00   1.0433407e-03  -6.5335536e-04   1.7124079e-03
   5.2792374e-02   9.4770821e-01   5.3927830e+00  -4.8151581e-03  -5.0173590e-04   1.2727055e-03
  -3.6880963e-02   9.9947855e-01   5.5395071e+00  -4.4051579e-03  -7.2605984e-03  -8.2362130e-04
  -2.0939135e-02   1.0364680e+00   5.5925231e+00  -5.6323352e-03  -6.2885968e-03  -7.4010935e-04
  -1.3160700e-02   1.0629601e+00   5.6715351e+00  -6.1435789e-03  -5.8630815e-03  -1.5621932e-04
   1.1505033e-02   1.0950091e+00   5.7310877e+00  -6.1116972e-03  -4.8699402e-03  -1.7407263e-04
   2.8063531e-02   1.1184195e+00   5.7790705e+00  -5.7382208e-03  -4.5851157e-03  -5.5658140e-04
   2.8763677e-02   1.1343280e+00   5.8072190e+00  -5.5682303e-03  -4.6036759e-03  -2.9068232e-04
   2.6627573e-02   1.1487865e+00   5.7817855e+00  -6.6969616e-03  -4.9468835e-03  -4.9726023e-04
   3.4975315e-02   1.1480275e+00   5.7895186e+00  -6.5994131e-03  -4.6713575e-03  -5.1212086e-04
   3.8168584e-02   1.1451941e+00   5.8038259e+00  -6.6816731e-03  -4.7316493e-03  -5.6609908e-04
   1.7235621e-02   1.1657668e+00   5.8182362e+00  -6.3034771e-03  -4.7550415e-03  -1.1813380e-04
   2.4485369e-02   1.1451694e+00   5.8149762e+00  -6.7255260e-03  -4.9701196e-03  -2.7938968e-04
   2.6283560e-02   1.1415050e+00   5.8677718e+00  -5.9249056e-03  -4.5007421e-03  -3.4312633e-04
   2.8391947e-02   1.1615808e+00   5.9172253e+00  -5.5848278e-03  -4.0984040e-03   5.3870795e-05
   3.6606426e-02   1.1694054e+00   5.9241313e+00  -5.7066595e-03  -4.3762620e-03  -6.2257655e-05
   2.3700551e-02   1.1701541e+00   5.9147200e+00  -6.2363211e-03  -4.6976650e-03  -4.9174189e-04
   1.8231628e-02   1.1972640e+00   5.9867648e+00  -5.2074744e-03  -3.7694090e-03   1.5992694e-04
   2.5291928e-02   1.1823870e+00   5.9561807e+00  -5.4761254e-03  -3.8084224e-03  -1.0001221e-04
   3.9980073e-02   1.1840312e+00   5.9707975e+00  -5.7099056e-03  -3.9879930e-03  -3.9834905e-04
   4.0228277e-02   1.1991983e+00   6.0097600e+00  -5.1607225e-03  -3.9170925e-03  -4.7683062e-04
   3.6772242e-02   1.2043220e+00   5.9840399e+00  -6.3479329e-03  -3.5938986e-03  -1.0622890e-04
   3.6840169e-02   1.2083090e+00   6.0093033e+00  -5.5213755e-03  -3.6800166e-03  -3.5891981e-04
   5.1409184e-02   1.2097574e+00   5.9938722e+00  -6.3350141e-03  -3.7144911e-03  -6.7263505e-04
   4.9962731e-02   1.2221968e+00   6.0260918e+00  -5.5712232e-03  -3.6337030e-03  -5.8991276e-04
   4.0382504e-02   1.2452346e+00   6.0503436e+00  -5.3890107e-03  -3.7723940e-03  -3.6092649e-04
   4.4712556e-02   1.2544889e+00   6.0562024e+00  -5.4731510e-03  -3.7744462e-03  -5.5154131e-04
   2.4952946e-02   1.2177569e+00   6.0644193e+00  -6.2803196e-03  -4.0684927e-03  -2.1077646e-04
   4.2086824e-02   1.2126314e+00   6.0968440e+00  -5.1155933e-03  -4.0078476e-03  -3.5266856e-04
   3.0255221e-02   1.2190540e+00   6.1259429e+00  -4.9462484e-03  -3.7580381e-03  -7.6237585e-05
   4.7865542e-02   1.2555533e+00   6.1302617e+00  -4.7458042e-03  -3.0103053e-03   3.4616843e-05
   3.2317355e-02   1.2219868e+00   6.1186864e+00  -5.8438980e-03  -3.6563197e-03  -1.5732231e-04
   4.4816774e-02   1.2448831e+00   6.1580926e+00  -5.5395853e-03  -3.3914992e-03  -4.3116497e-04
   6.1342325e-02   1.2580105e+00   6.1620552e+00  -5.3393050e-03  -3.7774967e-03  -7.3355864e-04
   4.0705082e-02   1.2601490e+00   6.2007215e+00  -5.0338726e-03  -3.7127774e-03  -1.7580432e-04
   5.3852427e-02   1.2583417e+00   6.1939686e+00  -5.2185064e-03  -3.2875370e-03  -6.2796114e-04
   3.6473134e-02   1.2565349e+00   6.2332746e+00  -5.5404740e-03  -3.1966310e-03  -2.4191378e-04
   3.8451732e-02   1.2712129e+00   6.2346122e+00  -5.1745082e-03  -4.0202470e-03  -8.3409492e-04
   4.2038805e-02   1.2499876e+00   6.2558747e+00  -5.4765095e-03  -3.8252381e-03  -6.7592332e-04
   4.9071565e-02   1.2678557e+00   6.2821254e+00  -5.0821379e-03  -3.5613258e-03  -4.3560215e-04
   6.6062988e-02   1.2999704e+00   6.2756333e+00  -5.3761855e-03  -3.1720470e-03  -6.6512801e-04
   5.3235606e-02   1.3015172e+00   6.2760746e+00  -5.5602791e-03  -3.5420649e-03  -5.6551588e-04
   4.6342864e-02   1.2691680e+00   6.3139219e+00  -4.9692833e-03  -3.9260308e-03  -6.1732627e-04
  -1.0148738e-01   1.2804971e+00   6.2995572e+00  -1.8517318e-03  -6.8909743e-03  -2.4202371e-04
  -4.5331852e-02   1.2410901e+00   6.3055949e+00  -1.1958875e-03  -6.1124199e-03  -6.4816728e-04
  -3.0505058e-02   1.2572761e+00   6.3381274e+00  -2.3736889e-03  -5.3424961e-03  -5.0854647e-04
  -5.1444353e-03   1.2668022e+00   6.3949745e+00  -2.5255491e-03  -4.7810226e-03  -4.8875763e-04
  -1.6146920e-03   1.2728440e+00   6.4283340e+00  -3.2815806e-03  -5.2130920e-03  -3.4310177e-04
   1.6028881e-02   1.2930834e+00   6.4268773e+00  -3.6326354e-03  -5.1615021e-03  -3.6407146e-04
  -1.5879959e-02   1.2946684e+00   6.4425514e+00  -4.0498046e-03  -5.5149553e-03  -2.6230142e-04
   1.0286653e-02   1.2953017e+00   6.4593761e+00  -4.3268523e-03  -5.1920355e-03  -6.3520303e-04
   5.6873354e-03   1.2992173e+00   6.4760308e+00  -3.8847840e-03  -5.5735337e-03  -5.6018897e-04
  -1.5333372e-03   1.2964136e+00   6.4845230e+00  -4.2562973e-03  -5.2071300e-03  -3.6965959e-05
   9.7273099e-03   1.2993106e+00   6.4646079e+00  -4.9506163e-03  -5.0927306e-03  -2.3600366e-04
   4.1346219e-03   1.3072790e+00   6.5086940e+00  -4.0217637e-03  -4.7774226e-03  -8.6109739e-07
   2.0554100e-02   1.3071605e+00   6.5035553e+00  -4.0436463e-03  -4.6922614e-03  -3.6247980e-04
   1.6231070e-02   1.2835901e+00   6.5279629e+00  -3.8533068e-03  -4.8402430e-03  -3.4150376e-04
   1.3030640e-02   1.2789511e+00   6.5258942e+00  -4.6137258e-03  -4.3611156e-03  -1.1995868e-04
   1.0411160e-02   1.3166750e+00   6.5742884e+00  -3.0742343e-03  -4.4490669e-03  -2.2748522e-04
   5.9272058e-02   1.3881177e+00   6.5488988e+00  -1.1898532e-03  -3.1740619e-03  -1.5112043e-03
   5.6263341e-02   1.3737564e+00   6.5284165e+00  -8.9913756e-04  -3.3093593e-03  -1.5478411e-03
   5.6691907e-02   1.3645603e+00   6.5793449e+00  -1.6697785e-03  -3.2834568e-03  -1.0416562e-03
   4.0888723e-02   1.3962097e+00   6.6392135e+00  -1.7918675e-03  -3.5531046e-03  -6.3662242e-04
   4.8867904e-02   1.3798002e+00   6.6276856e+00  -2.7678578e-03  -4.1031909e-03  -1.0094108e-03
   3.3716385e-02   1.3772103e+00   6.6638612e+00  -2.1649697e-03  -3.8432059e-03  -6.9014011e-04
   2.5663382e-02   1.4003017e+00   6.7258923e+00  -2.4146711e-03  -3.7756593e-03  -3.3123686e-04
  -6.2022414e-02   1.4085754e+00   6.7254334e+00   1.2838721e-03  -5.0505045e-03  -2.5573689e-04
   1.2160772e-02   1.3657172e+00   6.6909726e+00  -2.7191468e-04  -4.0098373e-03  -6.2135009e-04
  -6.9843097e-02   1.3062596e+00   6.5357678e+00   5.1881636e-03  -1.0627506e-02  -3.0006178e-04
   4.9120709e-03   1.1181470e+00   6.1336919e+00   8.1344049e-03  -5.8002892e-03   4.6634151e-04
  -1.0330948e-01   1.1531615e+00   6.5824947e+00  -3.8731288e-03  -1.1546857e-02   1.5476433e-03
  -8.7833076e-02   1.2097037e+00   6.6540553e+00  -6.1010607e-03  -1.0436269e-02   1.1803801e-03
  -8.3978594e-02   1.2455535e+00   6.7278879e+00  -6.6618679e-03  -9.4182249e-03   1.9120657e-03
  -6.7086547e-02   1.2846876e+00   6.7917076e+00  -6.7667446e-03  -9.0006625e-03   1.0105229e-03
  -5.3794866e-02   1.2835473e+00   6.8217680e+00  -7.4074638e-03  -9.2505457e-03   9.4601408e-04
  -6.3106143e-02   1.2815399e+00   6.8130900e+00  -8.0943215e-03  -9.4050904e-03   9.4699525e-04
  -5.3864324e-02   1.2985174e+00   6.8539266e+00  -7.9553407e-03  -9.2289848e-03   8.4698830e-04
  -3.9214492e-02   1.2951871e+00   6.8720536e+00  -8.0695516e-03  -9.3276297e-03   3.3373689e-04
  -3.7936821e-02   1.3195309e+00   6.8976205e+00  -7.3985769e-03  -9.1355004e-03   4.6004925e-04
  -3.6659828e-02   1.2907822e+00   6.9171591e+00  -7.6234765e-03  -8.7397655e-03   3.5896629e-04
  -3.6448215e-02   1.3268925e+00   6.9213642e+00  -7.6781006e-03  -8.3552687e-03   8.9291672e-04
  -3.2020641e-02   1.3544401e+00   6.9351976e+00  -7.5852774e-03  -8.3078936e-03   6.7525607e-04
  -3.1497019e-02   1.3422896e+00   6.9377115e+00  -7.6540382e-03  -8.5973894e-03   3.3946217e-04
  -1.3590093e-02   1.3417400e+00   6.9516114e+00  -7.8191672e-03  -8.3509080e-03   1.0618662e-04
  -3.1158158e-02   1.3540950e+00   6.9725234e+00  -8.3773292e-03  -7.9515701e-03   9.6321734e-04
  -4.2780338e-02   1.3480686e+00   7.0060014e+00  -7.6924794e-03  -8.4181236e-03   6.4976171e-04
  -3.6477699e-02   1.3657819e+00   7.0267663e+00  -7.3921689e-03  -8.3634876e-03   6.1682531e-04
  -4.4787263e-02   1.3481325e+00   7.0125096e+00  -8.0560486e-03  -8.6362637e-03   4.3173571e-04
  -3.3064426e-02   1.3517019e+00   7.0395728e+00  -7.4621993e-03  -8.0335863e-03   3.3165532e-04
  -2.3801060e-02   1.3614601e+00   7.0583970e+00  -7.2481763e-03  -8.1597526e-03   2.1722065e-04
  -2.6261950e-02   1.3647050e+00   7.0788513e+00  -7.4689173e-03  -8.0379460e-03   2.6913033e-04
  -8.7189812e-03   1.3828726e+00   7.0973910e+00  -7.3193918e-03  -7.9058721e-03   4.6885800e-04
  -2.3628047e-02   1.3771521e+00   7.1181410e+00  -7.8648917e-03  -7.6882520e-03   6.6961899e-04
  -2.6703785e-02   1.3748495e+00   7.1461934e+00  -7.0061068e-03  -7.6896124e-03   4.1878366e-04
  -3.3204812e-02   1.3800412e+00   7.1696460e+00  -6.9013332e-03  -7.7488705e-03   6.7114013e-04
  -4.3159376e-02   1.3651848e+00   7.1460982e+00  -7.1296328e-03  -7.9434648e-03   7.4968795e-04
  -3.6219396e-02   1.3756422e+00   7.1956010e+00  -6.5959087e-03  -7.7967162e-03   6.4379301e-04
  -5.7466845e-03   1.4078470e+00   7.1804893e+00  -7.1830077e-03  -7.3520131e-03   2.6597402e-04
  -1.6481333e-02   1.4135899e+00   7.1832732e+00  -7.7472935e-03  -7.0721853e-03   7.6107004e-04
  -2.2671976e-02   1.4054615e+00   7.2043577e+00  -7.2889750e-03  -7.9567534e-03   1.9625414e-04
  -1.4231290e-02   1.4040594e+00   7.2270838e+00  -6.9701854e-03  -7.6363217e-03   2.9575033e-04
  -7.3303290e-04   1.3948214e+00   7.2340008e+00  -7.1763049e-03  -7.6016887e-03   2.3672486e-04
  -1.8581063e-02   1.3998561e+00   7.2476242e+00  -7.2242036e-03  -7.5725033e-03   2.2710424e-04
  -8.4908762e-03   1.4070051e+00   7.2725388e+00  -7.0420747e-03  -7.5155026e-03   2.2026826e-04
  -1.1733745e-02   1.4259317e+00   7.2871373e+00  -7.2502084e-03  -7.7373647e-03   6.6017638e-05
  -1.7800726e-02   1.4081909e+00   7.2993534e+00  -7.5192700e-03  -7.9095361e-03   3.9994296e-04
  -1.8233220e-02   1.4056131e+00   7.3289432e+00  -7.7678146e-03  -7.8555522e-03   1.1922482e-05
  -2.3394317e-02   1.4180658e+00   7.3343211e+00  -7.1992259e-03  -8.2331689e-03   1.3423508e-04
  -3.6710622e-02   1.4139386e+00   7.3502547e+00  -7.0763737e-03  -8.1200000e-03   4.9961937e-04
  -3.0007387e-02   1.4109446e+00   7.3634518e+00  -7.4022989e-03  -7.4230519e-03   7.8580214e-04
  -1.3835117e-02   1.3994149e+00   7.3328545e+00  -7.7097572e-03  -7.8856752e-03   4.0314278e-04
  -1.9012402e-02   1.4053770e+00   7.3501756e+00  -7.0757567e-03  -7.7865986e-03   3.8457874e-04
  -1.3282864e-02   1.4181528e+00   7.3629748e+00  -7.1882934e-03  -7.5904338e-03   4.6577043e-04
  -2.6078834e-02   1.4174145e+00   7.3880029e+00  -6.9635191e-03  -7.6424551e-03   4.1018783e-04
  -1.5632285e-02   1.4506725e+00   7.4079055e+00  -7.2767216e-03  -7.2432682e-03   3.3709195e-04
  -2.9939417e-02   1.4197959e+00   7.4194186e+00  -7.1077068e-03  -7.7593184e-03   5.1531104e-04
  -2.6798738e-02   1.4468019e+00   7.4351025e+00  -7.2245266e-03  -7.8527073e-03   2.4533449e-04
  -1.3006409e-02   1.4253588e+00   7.4490593e+00  -7.4423808e-03  -7.6876582e-03   2.5078195e-04
  -2.2947532e-02   1.4270355e+00   7.4581006e+00  -7.4403227e-03  -7.3181973e-03   4.2460864e-04
  -2.5448886e-02   1.4432013e+00   7.4833374e+00  -6.8000492e-03  -7.4418628e-03   2.3771533e-04
  -3.0311539e-02   1.4580320e+00   7.4694663e+00  -7.8736749e-03  -7.8693306e-03   3.5700892e-04
  -2.1620302e-02   1.4454400e+00   7.5041335e+00  -7.4952373e-03  -7.7363087e-03   3.0742187e-04
  -3.2309559e-02   1.4568620e+00   7.5350992e+00  -7.3521173e-03  -7.8161362e-03   7.8469073e-04
  -2.1238365e-02   1.4548372e+00   7.5615994e+00  -7.1879139e-03  -7.6600484e-03   6.1782189e-04
  -1.8008628e-02   1.4394826e+00   7.5627874e+00  -7.8407149e-03  -8.0590752e-03   4.6909451e-04
  -9.1666121e-03   1.4426036e+00   7.5745728e+00  -7.5798533e-03  -7.5536372e-03   6.2650109e-04
  -2.6715753e-02   1.4565753e+00   7.6167586e+00  -7.5285483e-03  -7.2870977e-03   5.5060476e-04
   1.0153344e-02   1.4674527e+00   7.6171162e+00  -7.6182005e-03  -7.3793764e-03   3.0694815e-04
  -5.3552028e-03   1.4563431e+00   7.6240588e+00  -7.6345917e-03  -7.2164693e-03   6.2480639e-04
  -1.8376655e-02   1.4707122e+00   7.6690680e+00  -7.4440577e-03  -7.3411734e-03   7.9200128e-04
  -1.5967822e-02   1.4699618e+00   7.6656337e+00  -7.3465119e-03  -6.9798668e-03   6.1838295e-04
   1.1451244e-03   1.4852429e+00   7.6667448e+00  -7.6753489e-03  -6.7435487e-03   8.8315723e-05
  -6.8037426e-03   1.4784870e+00   7.6799198e+00  -7.2722709e-03  -7.0862488e-03   1.7404824e-05
  -1.8826668e-02   1.4768626e+00   7.6747558e+00  -7.3259056e-03  -7.1855827e-03   4.0380025e-04
  -1.7069399e-02   1.4981187e+00   7.6924099e+00  -7.3081627e-03  -7.1544666e-03   3.1976220e-04
  -1.0286865e-02   1.4978477e+00   7.7132887e+00  -7.0126905e-03  -7.2376858e-03   2.7980866e-04
  -5.5857262e-03   1.4878726e+00   7.7382038e+00  -7.6212175e-03  -7.1442059e-03   4.0343503e-04
  -7.6898897e-03   1.4852823e+00   7.7435772e+00  -7.8148688e-03  -7.1212225e-03   3.9712211e-04
  -1.0340326e-02   1.4711641e+00   7.7584531e+00  -7.6280359e-03  -7.3258878e-03   7.3944372e-04
  -1.7655342e-02   1.5176591e+00   7.7866779e+00  -7.6811387e-03  -7.4722745e-03   8.0138579e-05
   5.1828447e-03   1.5152280e+00   7.7974446e+00  -7.5756191e-03  -7.2207319e-03   2.4995253e-04
   4.0901476e-03   1.5026074e+00   7.8203949e+00  -6.9694417e-03  -7.0511330e-03   2.2298176e-05
   8.9432836e-03   1.4947783e+00   7.8146719e+00  -7.8285472e-03  -7.3174037e-03   5.2418080e-05
  -7.4173556e-03   1.4970108e+00   7.8257775e+00  -7.9942320e-03  -7.1981555e-03   4.3812851e-04
  -6.4658984e-03   1.5260163e+00   7.8407667e+00  -7.4971038e-03  -7.4180036e-03   3.1056978e-04
  -2.6135501e-03   1.5211251e+00   7.8587651e+00  -7.1587650e-03  -7.1876960e-03   6.4931235e-04
   8.2696576e-04   1.5094135e+00   7.8851240e+00  -7.6105583e-03  -7.1268137e-03   4.2337252e-04
  -1.4394315e-02   1.5258489e+00   7.9236214e+00  -6.5639293e-03  -7.3026722e-03   7.7569165e-04
  -8.9249024e-03   1.5270666e+00   7.9185357e+00  -7.1383265e-03  -7.1832513e-03   4.6562114e-04
  -1.1700089e-02   1.5173897e+00   7.9231001e+00  -7.4332337e-03  -6.8158221e-03   4.3940585e-04
  -1.2816366e-02   1.5186277e+00   7.9554750e+00  -7.4976113e-03  -6.5010368e-03   6.8242418e-04
  -2.1262274e-03   1.5413314e+00   7.9804460e+00  -6.9540723e-03  -6.3020492e-03   2.2813952e-04
  -8.0742000e-03   1.5332990e+00   7.9988499e+00  -7.2866995e-03  -6.8960051e-03   2.1008241e-04
  -1.0029908e-02   1.5398227e+00   8.0041346e+00  -7.5241668e-03  -6.8964664e-03   2.6893799e-04
  -1.3347232e-02   1.5437409e+00   8.0486402e+00  -8.2969972e-03  -6.8858298e-03   5.6557756e-04
  -1.9448178e-02   1.5449629e+00   8.0532730e+00  -6.9800709e-03  -6.6832975e-03   5.2182548e-04
  -1.6024685e-02   1.5366708e+00   8.0698527e+00  -6.9793340e-03  -6.8270533e-03   4.1858676e-04
  -2.1018896e-02   1.5601667e+00   8.0635405e+00  -7.1316387e-03  -6.9096906e-03   5.4988294e-04
  -6.7291161e-03   1.5343327e+00   8.0847803e+00  -7.3397795e-03  -6.8759817e-03   3.1763981e-04
  -7.3871675e-03   1.5767972e+00   8.0757208e+00  -7.4010214e-03  -6.5447170e-03   3.8636052e-04
   4.3026186e-03   1.5859100e+00   8.1058554e+00  -7.4904943e-03  -6.8807405e-03   1.5083944e-04
  -8.0726523e-03   1.5854553e+00   8.1294691e+00  -6.8580010e-03  -6.3334242e-03   2.1763879e-04
  -5.1375031e-02   1.6228507e+00   8.0390195e+00  -2.9582456e-03  -6.0507174e-03   6.9030613e-04
  -6.1142636e-02   1.6019812e+00   8.0655665e+00   8.7029600e-04  -8.2639125e-03   6.8480268e-07
  -4.2318620e-02   1.5853159e+00   8.0844346e+00  -4.0519376e-04  -7.5712243e-03   6.0353200e-04
  -1.8000048e-02   1.5968057e+00   8.1217454e+00  -1.2255678e-03  -6.8476624e-03   6.0800272e-04
  -3.0191414e-02   1.6032906e+00   8.1850915e+00  -1.1402109e-03  -7.1630918e-03   5.4718696e-04
  -2.5356135e-02   1.6238133e+00   8.1752420e+00  -2.2464971e-03  -7.2815608e-03   8.5670358e-06
  -1.4009570e-02   1.6286972e+00   8.1979691e+00  -2.8161846e-03  -6.7746601e-03   2.3955602e-04
  -1.5997437e-02   1.6146945e+00   8.1745355e+00  -3.5808995e-03  -6.8746635e-03  -1.5787879e-04
  -5.8077522e-03   1.6022850e+00   8.2142372e+00  -3.0672449e-03  -5.9210383e-03   9.8928144e-05
  -3.9182160e-02   1.6160721e+00   8.1830443e+00  -3.1797634e-03  -5.3114929e-03   5.1665053e-04
   5.9841744e-02   1.4848513e+00   7.7156799e+00   1.0382295e-03  -6.0359659e-03  -5.5065329e-04
   9.8634183e-03   1.5487390e+00   7.9585292e+00   1.3498643e-02  -2.3856842e-03   3.9811561e-04
   1.3532676e-02   1.5414916e+00   8.0634612e+00   8.5453643e-03  -3.4190666e-03   2.7675905e-04
   4.3444621e-02   1.6062598e+00   8.1717371e+00   5.6579809e-03  -1.7234344e-03   3.4781257e-04
   5.8988831e-02   1.6118753e+00   8.2283981e+00   4.4318456e-03  -1.2532246e-03   2.4604470e-04
   6.2153936e-02   1.6112169e+00   8.2334163e+00   4.4704807e-03  -1.7786391e-03  -9.0424814e-05
   5.8367101e-02   1.6315573e+00   8.2455234e+00   4.7300160e-03  -2.1369826e-03  -2.2120672e-04
   5.4462327e-02   1.6399136e+00   8.2597379e+00   4.4380890e-03  -1.9810517e-03  -2.3929693e-04
   8.4793311e-02   1.6350489e+00   8.2851594e+00   4.9898079e-03  -1.3359698e-03  -6.6389002e-04
   6.1621455e-02   1.6513526e+00   8.3044284e+00   4.1886489e-03  -1.2075544e-03  -1.2486905e-05
   6.6254549e-02   1.6455562e+00   8.3442407e+00   4.4416371e-03  -4.7355914e-04  -2.0177544e-04
   6.3002698e-02   1.6181845e+00   8.3490615e+00   4.2477820e-03  -4.9635078e-04  -5.3444440e-05
   7.0943539e-02   1.6706497e+00   8.3761189e+00   4.5125976e-03  -4.4193829e-04  -1.6449842e-04
   7.3226894e-02   1.6606137e+00   8.4028935e+00   4.8084003e-03  -4.3814025e-04   4.3848903e-04
   7.4761392e-02   1.6523944e+00   8.4046516e+00   4.7942535e-03  -3.2884822e-04   1.2480218e-04
   7.0144264e-02   1.6689942e+00   8.4128600e+00   4.5090074e-03  -6.7822109e-04  -5.5858076e-05
   7.7949300e-02   1.6654728e+00   8.4169089e+00   4.3286753e-03  -3.9460905e-04   2.0735356e-04
   7.9631085e-02   1.6420532e+00   8.4243272e+00   4.3312599e-03  -2.9654327e-04   3.7007594e-04
   6.2502756e-02   1.6617083e+00   8.4393918e+00   4.4237004e-03  -3.3966632e-04   4.5342853e-04
   7.6457181e-02   1.6668441e+00   8.4844012e+00   5.2884320e-03  -4.3648176e-05   2.8452880e-04
   7.0629021e-02   1.6687720e+00   8.4859486e+00   5.3361610e-03  -1.2409220e-04   4.0178790e-04
   7.6409679e-02   1.6898181e+00   8.4956914e+00   4.9709402e-03  -8.4617434e-05   4.6904034e-04
   8.2720673e-02   1.6630777e+00   8.4986183e+00   5.0670630e-03   2.8299066e-04   1.0465350e-04
   7.5630582e-02   1.6634363e+00   8.5018585e+00   4.6244402e-03   1.0991241e-04   2.5631010e-04
   6.6700100e-02   1.6691863e+00   8.5354825e+00   5.4928766e-03  -2.5774918e-04   3.9738869e-04
   6.5371756e-02   1.6769206e+00   8.5597263e+00   5.3956605e-03  -3.9144201e-04   4.3029282e-04
   7.3106039e-02   1.6839758e+00   8.5655169e+00   5.1290244e-03  -1.6834367e-04   3.3812035e-04
   7.3783199e-02   1.6757760e+00   8.5500472e+00   4.5915089e-03  -6.8220508e-04   1.3787723e-04
   9.1628833e-02   1.6968901e+00   8.5541831e+00   4.9010268e-03  -7.2323344e-05  -3.8756960e-04
   7.4259271e-02   1.6988537e+00   8.5770004e+00   4.5573900e-03  -5.4723506e-04   6.5604115e-05
   8.7696278e-02   1.7180157e+00   8.5776594e+00   4.5041215e-03   3.4829813e-05   1.5471740e-04
   4.4556425e-02   1.7074685e+00   8.6220678e+00   3.7309790e-03  -5.3858661e-05   3.3597485e-04
   7.9206085e-02   1.7278703e+00   8.6429963e+00   4.8664178e-03   5.8495691e-04  -1.6264209e-04
   4.2145555e-02   1.7238939e+00   8.6825947e+00   5.4012420e-03   3.4697263e-04   1.0553706e-03
   5.4656381e-02   1.7193802e+00   8.6958334e+00   5.2031720e-03   2.9671541e-04   3.4008343e-04
   7.6526885e-02   1.7494869e+00   8.7142628e+00   5.3636082e-03   6.7854827e-04   4.0961887e-05
   6.1699412e-02   1.7580888e+00   8.7219371e+00   5.3923977e-03   1.1379585e-03   5.8321058e-04
   7.2621448e-02   1.7388418e+00   8.7271564e+00   5.3369631e-03   2.3805005e-04   3.4951717e-04
   8.1912598e-02   1.7583502e+00   8.7486695e+00   5.4039513e-03   3.9461768e-04   3.0886790e-04
   6.6478287e-02   1.7634286e+00   8.7704692e+00   4.6875841e-03  -2.0545590e-04   4.0759146e-04
   6.7359080e-02   1.7484532e+00   8.7742779e+00   4.8263878e-03   8.6228296e-05   3.6865764e-04
   8.5848659e-02   1.7522466e+00   8.7720798e+00   4.8285002e-03   8.8963533e-04   4.5844477e-05
   9.0254017e-02   1.7608961e+00   8.7636717e+00   4.2716397e-03   7.0940686e-04  -6.9875473e-06
   9.4695349e-02   1.7670262e+00   8.8030731e+00   5.0498003e-03   7.3217007e-04   2.3876374e-04
   1.1185427e-01   1.7798520e+00   8.8292603e+00   5.1363731e-03   8.9944985e-04  -2.5656998e-04
   7.8951142e-02   1.7591294e+00   8.8157243e+00   4.6137311e-03   6.1318088e-04   2.4350396e-04
   9.5839330e-02   1.7861583e+00   8.8524005e+00   4.8679539e-03   7.7635508e-04  -8.2168834e-05
   9.1675609e-02   1.7659776e+00   8.8615839e+00   4.9432553e-03   5.6657582e-04  -2.6300783e-04
   9.3734211e-02   1.7765581e+00   8.8583402e+00   4.4925110e-03   7.6640893e-04  -1.8249593e-04
   8.6032748e-02   1.7539884e+00   8.8697941e+00   4.6667082e-03   6.7380732e-04   2.0275439e-04
   9.2183826e-02   1.7609973e+00   8.9021657e+00   4.8466098e-03   1.0321125e-03  -2.4697080e-05
   9.0302737e-02   1.7641801e+00   8.9039635e+00   5.0550564e-03   9.2985462e-04  -1.6036439e-05
   9.0284746e-02   1.7816472e+00   8.9220564e+00   5.4000322e-03   8.6770338e-04   3.7562549e-05
   9.5873587e-02   1.7753580e+00   8.9101203e+00   4.8649604e-03   7.3639150e-04  -7.3013366e-05
   1.0362358e-01   1.7749634e+00   8.9139867e+00   4.5582105e-03   6.1710286e-04   1.1368915e-04
   9.0284011e-02   1.7756752e+00   8.9528193e+00   5.0022817e-03   4.9302666e-04   1.5350098e-05
   9.4991884e-02   1.7938758e+00   8.9586213e+00   5.0780501e-03   2.8839603e-04   6.4198277e-05
   8.6519799e-02   1.7989895e+00   8.9750719e+00   5.3358277e-03   3.2842474e-04  -4.2303674e-05
   1.0387980e-01   1.7872097e+00   8.9583202e+00   4.9343176e-03   5.7165294e-04  -2.4922357e-04
   9.1694834e-02   1.7980323e+00   8.9783412e+00   4.7801668e-03   1.6256081e-04  -1.5605495e-05
   9.3353983e-02   1.8112688e+00   8.9882382e+00   4.8263255e-03   3.1086456e-04  -2.0883518e-05
   8.5278651e-02   1.7843231e+00   8.9932679e+00   4.3756935e-03   1.7854213e-04  -1.8391456e-04
   9.2908827e-02   1.7938252e+00   9.0047933e+00   4.4288050e-03   3.4841722e-04  -1.0914073e-04
   9.4584488e-02   1.8010465e+00   9.0423953e+00   4.7502459e-03   5.0509421e-04  -1.8221189e-04
   7.9156230e-02   1.8092421e+00   9.0448652e+00   4.9314691e-03   2.7738595e-04  -1.6939990e-04
   8.9221800e-02   1.7931507e+00   9.0590716e+00   4.9091270e-03   5.5750049e-04   6.9887629e-05
   8.5308895e-02   1.7990585e+00   9.0583185e+00   4.5268997e-03   2.9902693e-04   1.8775726e-04
   1.1434898e-01   1.8028641e+00   9.0779206e+00   4.5226263e-03   3.9599769e-04  -4.7949700e-04
   8.9774340e-02   1.8247217e+00   9.1076795e+00   5.1276392e-03   7.2874759e-05  -2.6792202e-04
   7.8709961e-02   1.8307342e+00   9.1177328e+00   4.8084974e-03  -6.0399305e-04   1.5011628e-06
   8.9501438e-02   1.8210922e+00   9.1368504e+00   5.1652560e-03  -2.1838508e-04   9.4701448e-05
   7.7145152e-02   1.8138342e+00   9.1296909e+00   4.5534291e-03  -5.1900446e-04  -1.7744186e-04
   8.0554383e-02   1.8050026e+00   9.1495725e+00   4.8500489e-03  -1.9632146e-04   1.1319029e-04
   7.9605316e-02   1.8209141e+00   9.1231401e+00   4.6297234e-03  -1.8798567e-04  -1.2279961e-05
   7.3841126e-02   1.8280120e+00   9.1579312e+00   5.3850883e-03  -2.5026313e-04   3.6266564e-05
   8.6637189e-02   1.8207478e+00   9.1596716e+00   4.7954323e-03  -1.3349789e-04  -2.6466151e-04
   9.5432057e-02   1.8260976e+00   9.1903424e+00   4.6729442e-03  -3.7994011e-04  -3.1512176e-04
   7.0122381e-02   1.8212337e+00   9.1992363e+00   4.7844165e-03  -1.0410311e-03   1.0202898e-04
   8.2426638e-02   1.8121353e+00   9.2407595e+00   4.9895632e-03  -1.7439164e-04  -1.7967614e-04
   9.0032619e-02   1.8288912e+00   9.2360259e+00   4.7570437e-03  -7.9870887e-04  -5.6747662e-04
   8.4270233e-02   1.8372396e+00   9.2568437e+00   5.0599712e-03  -9.0270340e-04  -1.6129057e-04
   8.0820452e-02   1.8337148e+00   9.2596338e+00   4.9779379e-03  -6.9832670e-04  -3.6128526e-04
   9.0868258e-02   1.8428325e+00   9.2683778e+00   4.7322900e-03  -5.1782680e-04  -3.8145821e-05
   8.9121359e-02   1.8470213e+00   9.2727851e+00   4.3094505e-03  -8.0325563e-04  -3.9780412e-04
   8.3112453e-02   1.8560002e+00   9.2964891e+00   5.0248627e-03  -1.3698014e-03  -1.0411944e-04
   7.9959877e-02   1.8550055e+00   9.3057424e+00   4.7390507e-03  -9.5715421e-04  -6.1076300e-05
