  -7.0932048e-15   0.0000000e+00   6.5755816e-15   3.1673407e-18   1.8228892e-18  -7.7037198e-34
   2.4689285e-03   4.7645548e-03  -2.1061201e-02  -2.8823649e-04   1.5748034e-05   2.8350217e-04
  -3.2121945e-02  -8.1682252e-04   7.5278641e-03  -4.9706537e-05  -3.1864836e-04   6.2228917e-04
  -3.2901352e-02  -1.6929709e-03   9.5810955e-03   7.5779898e-05  -2.7599603e-04   7.0752257e-04
  -3.3058717e-02   1.5377285e-02  -1.2763900e-01  -1.9177920e-03  -6.3912064e-04   4.6876203e-04
  -3.4966345e-02  -2.8745501e-02  -5.6877277e-02  -1.3769468e-03  -1.3335103e-03   2.5859851e-04
  -2.5035509e-02  -3.8549669e-02  -3.7835735e-02  -1.3929569e-03  -1.7384200e-03   6.2413663e-04
  -1.9577545e-02  -1.1487189e-02  -9.1438228e-02  -9.5875402e-04  -1.9885150e-03   6.7251480e-04
  -3.1565151e-02  -4.6878995e-02  -5.2317851e-02  -1.6233196e-03  -1.5266786e-03   4.6605819e-04
  -2.4290362e-02  -5.4907755e-02  -1.5322915e-02  -2.1516340e-03  -2.1015400e-03   6.9787722e-04
  -2.6533391e-02  -7.1857766e-02  -1.8459396e-02  -1.7111792e-03  -2.0419755e-03   6.1404216e-04
  -3.1834015e-02  -7.0916012e-02   3.9100290e-03  -1.6128853e-03  -1.8143627e-03   1.1812650e-03
  -4.8671893e-02   1.7794272e-02  -1.3482539e-01  -7.1033758e-04  -6.0768692e-04   5.0969371e-04
  -4.3941756e-02  -3.1914073e-02  -1.3398171e-03  -2.2020375e-03  -2.3188497e-03   9.5739918e-04
  -5.3363382e-02  -3.8092024e-02   2.4001618e-02  -2.1013459e-03  -2.9080461e-03   7.2419313e-04
  -4.3716787e-02  -1.3896337e-02   7.0883130e-02  -1.4878734e-03  -2.6839122e-03   3.6994385e-04
  -7.1095929e-02  -1.3458063e-02   2.5251886e-02  -3.2789209e-03  -2.5508547e-03   9.9959501e-04
  -6.0745557e-02   4.8133308e-02   3.6622660e-02   2.8700808e-04   3.4346816e-04   1.9524133e-04
  -5.3595418e-02  -1.5598789e-02   1.1406545e-01  -3.3228377e-03  -1.8826990e-03   6.6361452e-04
  -4.6335120e-02  -2.1846395e-02   4.9910849e-02  -4.5762376e-03  -2.8394082e-03   4.5741504e-04
  -5.4880655e-02  -3.0999795e-02   3.1727959e-01   3.7412700e-03   1.1693494e-03   9.0644968e-05
  -3.0784396e-02   8.5946505e-03   3.1022103e-01  -4.3630496e-03  -5.5631861e-04   8.2092315e-04
  -5.1770048e-02  -6.1401832e-02   2.8209215e-01  -3.3130491e-03  -5.7518990e-04   1.1638796e-03
  -5.3915887e-02  -7.5823261e-02   2.4494085e-01  -3.5729396e-03  -1.0898963e-03   1.0805021e-03
  -7.5789358e-02  -7.0354760e-02   2.2675016e-01  -3.7866757e-03  -1.1416068e-03   9.8140936e-04
  -7.6317226e-02  -5.4906948e-02   1.9165190e-01  -4.2954781e-03  -1.5431060e-03   1.2024774e-03
  -6.8613282e-02   1.0712720e-04   7.0316978e-02  -5.3207374e-03  -5.3374576e-04  -6.7109154e-05
  -7.0487391e-02  -5.9885026e-02   1.5894549e-01  -2.5860082e-03  -6.0005651e-04   1.0567856e-03
  -7.0681349e-02  -5.5598740e-02   2.1963193e-01  -5.3863036e-03  -1.6367194e-03   6.4672602e-04
  -1.9992241e-01   7.4523667e-02   1.1291430e-01  -1.4143804e-03  -1.6278163e-03   1.1737297e-04
  -1.0771408e-01   1.4010386e-02   3.9391301e-01  -5.4407533e-03  -4.7195678e-03   5.8572712e-05
  -4.7254748e-02   1.2690461e-02   3.7678218e-01   5.2195388e-03   4.0356586e-05  -4.2685168e-04
  -3.1332445e-02   5.7347771e-02   3.7035222e-01  -2.6420773e-03  -2.3201926e-03   4.4365002e-04
  -5.3614286e-02   3.0248628e-02   2.4045038e-01  -1.8793860e-03  -1.4748588e-03   6.7806564e-06
  -3.8731940e-02   5.3108182e-02   4.1998107e-01  -2.7502891e-03  -2.4295188e-03   9.5583116e-05
  -3.7108799e-02   2.0795030e-02   4.2821021e-01  -2.1172106e-03  -1.6176315e-03   2.8458817e-04
  -4.6162062e-02   6.6727355e-02   2.9329447e-01   1.2823770e-03   5.3039267e-04   1.2157500e-04
  -3.0234426e-02   1.9653693e-02   5.0729443e-01  -3.6338005e-03  -1.4061758e-03   9.4457919e-05
  -3.9534842e-02   2.2632869e-02   4.8430527e-01  -3.2338006e-03  -1.3103949e-03   3.4183868e-04
  -8.2407401e-02   4.9742032e-02   2.6400059e-01  -4.8606506e-03  -3.0758206e-04   1.1805116e-03
  -4.3352424e-02   6.6636434e-03   4.4530441e-01  -4.8243467e-03  -1.8162082e-03   3.2876978e-04
  -4.4984891e-02   1.6180105e-02   4.2383794e-01  -4.6867053e-03  -1.4838906e-03   7.6024980e-04
  -5.1060378e-02  -1.8467884e-02   4.5450836e-01  -4.6818870e-03  -1.6486235e-03   7.9676660e-04
  -6.3986278e-02   2.5949449e-02   2.6340750e-01  -2.8780562e-03   1.3322511e-03   4.0539616e-04
  -3.1109819e-02   2.7790031e-02   5.5945520e-01  -5.2223982e-03  -1.0593037e-03   1.4285641e-04
  -5.5054027e-02   3.5503003e-02   5.5768635e-01  -4.6693780e-03  -7.0486928e-04   5.2797431e-04
  -6.7971127e-02   2.7994338e-02   5.1969994e-01  -5.4990082e-03  -1.0161864e-03   9.0741575e-04
  -5.2971477e-02   1.5947629e-02   5.0002299e-01  -5.1455931e-03  -9.7911047e-04   4.6763348e-04
  -9.4968911e-02   5.7138377e-02   3.0904254e-01  -7.4749608e-03  -4.0018279e-04   1.0391777e-03
  -4.5439551e-02  -5.0954926e-03   5.6295757e-01   8.6363972e-04   2.1691389e-05   3.7439300e-04
  -3.9566334e-02   2.7998963e-02   5.7943306e-01  -4.6670222e-03  -1.2352561e-03   5.2684470e-04
  -3.5886365e-02   6.6557576e-02   5.0788880e-01  -2.7046404e-03  -2.0974347e-04  -1.8049667e-05
  -6.1115364e-02  -7.2010359e-03   5.8103279e-01  -3.6226200e-03  -1.4575570e-03   8.0240833e-04
  -4.8814794e-02   1.5764770e-02   5.8615471e-01  -6.2910200e-03  -1.5730662e-03   7.7530578e-04
  -7.3864578e-02   8.8069863e-02   3.7308903e-01  -8.8647076e-03  -1.8388172e-04   1.0833050e-03
  -3.9284848e-02   3.5624107e-02   6.1254113e-01  -4.1951494e-03  -1.0742648e-03   5.9127350e-04
  -6.0456076e-02   3.8837240e-02   6.0537497e-01  -4.3818419e-03  -1.5819936e-03   6.7959859e-04
  -5.5189926e-02   9.7932225e-03   6.1261239e-01  -4.0663450e-03  -1.8292992e-03   6.1398558e-04
  -8.6771197e-02   1.0015627e-01   3.9451557e-01  -3.1149401e-03  -2.9207480e-04   6.9710810e-04
  -6.0233652e-02   1.8338060e-02   5.4762020e-01  -5.5295893e-04  -1.6375725e-04  -8.0510478e-05
  -5.7818496e-02   3.7782232e-02   6.9377480e-01  -4.3499589e-03  -2.6494554e-03   3.1962464e-04
  -5.4112054e-02   3.6787201e-02   6.9159696e-01  -4.7714238e-03  -2.8355459e-03   6.8253409e-04
  -6.1405356e-02   4.5768541e-02   5.2598327e-01  -7.6237503e-03  -2.1551821e-03   5.4795460e-04
  -3.8721724e-02   6.9458727e-02   7.3901115e-01  -3.6427414e-03  -1.4136426e-03   1.0612331e-03
  -3.3515769e-02   4.3046761e-02   7.5780163e-01  -6.1041450e-03  -1.8796916e-03   8.3060558e-04
  -6.0595136e-02   1.2764897e-02   7.5717918e-01  -5.5844280e-03  -2.2075123e-03   8.2728463e-04
  -7.7570577e-02   1.3181706e-01   5.4273124e-01  -3.9466182e-03   1.1124064e-03   9.2606142e-04
  -5.3886869e-02   7.3616209e-02   8.6677536e-01  -4.4589569e-03  -1.0218258e-03   9.2664446e-04
  -4.5147675e-02   1.3360264e-01   7.1290213e-01  -2.8544412e-03   3.2858660e-04  -6.0098991e-05
  -6.9757151e-02   9.5468264e-02   7.5499080e-01  -1.3106936e-03  -5.8429207e-04   5.7328557e-04
  -3.0824447e-02   1.0538075e-01   9.3445247e-01  -4.3963621e-03  -1.4265004e-03   7.5424722e-04
  -3.2420946e-02   9.0641854e-02   9.3014298e-01  -3.4458644e-03  -1.2812306e-03   9.3636087e-04
  -3.6973312e-02   9.2792770e-02   8.9102311e-01  -3.6834105e-03  -1.2830011e-03   7.1204824e-04
  -4.3040381e-02   7.0178869e-02   8.6239170e-01  -4.4116727e-03  -9.7543187e-04   7.1338806e-04
  -6.8197529e-02   7.2254579e-02   6.7132033e-01  -4.0211433e-03   1.1074772e-03   6.1373617e-04
  -6.9007608e-02   5.6788848e-02   8.9402248e-01  -3.1497244e-03  -1.9211539e-03   1.2101457e-03
  -2.8295963e-02   7.3004610e-02   9.5675101e-01  -5.8638731e-03  -1.5539602e-03   7.6213277e-04
  -6.6457202e-02   9.8465006e-02   8.1620342e-01   3.0236537e-03   5.7110543e-04   3.5923730e-05
  -4.3766126e-02   8.7282226e-02   1.0130997e+00  -4.1999959e-03  -2.5852954e-03   5.4159140e-04
  -3.0826454e-02   1.3688788e-01   8.6266699e-01  -2.8876981e-03  -7.6182594e-04   1.3976633e-04
  -4.7646198e-02   9.8127461e-02   1.0371129e+00  -4.2860333e-03  -2.6679050e-03   5.6463499e-04
  -4.6970493e-02   9.0396592e-02   9.9777315e-01  -5.2090130e-03  -2.4215340e-03   8.0912637e-04
  -5.8381312e-02   6.8109819e-02   9.8072480e-01  -5.2278094e-03  -2.5164372e-03   1.2417218e-03
  -5.7167483e-02   7.2685442e-02   9.8083703e-01  -5.2186326e-03  -2.4865812e-03   9.2377364e-04
  -5.6314851e-02   6.2810123e-02   9.4257228e-01  -6.4456383e-03  -2.8406922e-03   1.0101382e-03
  -5.8166385e-02   1.0044853e-01   7.8653555e-01  -8.4348440e-03  -1.5644240e-03   7.3727873e-04
  -4.4835341e-02   1.3590568e-01   9.6973923e-01  -2.9813186e-03  -1.1202173e-03   3.4241867e-04
  -3.4910957e-02   1.3754826e-01   1.1342619e+00  -4.7825254e-03  -2.5626246e-03   6.8723476e-04
  -6.2311366e-02   1.2969151e-01   9.0353063e-01   6.7726838e-04   7.9016031e-04   2.2714984e-04
  -3.3481067e-02   1.2124049e-01   1.1916814e+00  -4.1726142e-03  -2.8484914e-03   3.7125327e-04
  -2.8578102e-02   1.1019339e-01   1.1710663e+00  -4.0498376e-03  -2.5147532e-03   6.0911877e-04
  -4.1228156e-02   1.3288429e-01   9.5031322e-01  -2.7973148e-03  -8.0675415e-05   3.6242462e-04
  -2.3118867e-02   1.5080109e-01   1.0961158e+00  -2.7579962e-03  -1.5419005e-03   4.5320060e-04
  -1.3888986e-02   1.6542652e-01   1.2403997e+00  -4.3122805e-03  -2.2890004e-03   4.0641087e-04
  -1.4421264e-02   1.3730106e-01   1.2124299e+00  -4.2016216e-03  -2.1614869e-03   8.2384417e-04
  -2.5252653e-02   1.0886019e-01   1.2293122e+00  -2.8719010e-03  -1.9155117e-03   9.8240045e-04
  -2.5953656e-02   1.4763588e-01   1.1940004e+00  -4.3932137e-03  -2.0543873e-03   8.9425941e-04
  -6.3645340e-02   1.3893586e-01   1.0124915e+00  -7.3289183e-03  -1.8188571e-03   1.4349542e-03
  -3.4552669e-02   1.5197699e-01   1.1017761e+00  -4.6205204e-03  -1.5408187e-03   9.8979832e-04
  -2.6663424e-02   1.1172905e-01   1.1385374e+00  -5.8921874e-03  -2.8730244e-03   7.0424717e-04
  -3.1979286e-02   7.9671762e-02   1.1775457e+00  -4.9892373e-03  -2.7072477e-03   8.5016868e-04
  -3.5027533e-02   8.5852584e-02   1.1849441e+00  -4.7695038e-03  -2.9793883e-03   1.0118524e-03
  -7.7774785e-02   1.4056165e-01   1.2569653e+00  -2.7116402e-03   1.0407013e-03   9.7108307e-04
  -1.3138679e-02   1.3183498e-01   1.4017996e+00  -9.1826586e-03  -6.2444326e-04   5.2785603e-04
  -5.3778351e-02   1.3238074e-01   1.3793894e+00   5.3742730e-04   9.5469205e-04   6.1513321e-04
  -2.2787397e-02   1.3132461e-01   1.5479308e+00  -5.8976446e-03  -1.7466998e-03   9.0299431e-04
  -3.2671629e-02   1.2024624e-01   1.5106042e+00  -6.0882041e-03  -2.1333868e-03   7.6674145e-04
  -3.2086405e-02   1.1549415e-01   1.4859191e+00  -5.9400589e-03  -2.0632413e-03   8.4142434e-04
  -2.2270813e-02   1.2540421e-01   1.3120777e+00  -9.6262572e-03  -1.7397436e-03   6.5288854e-04
  -9.5076934e-03   7.8899936e-02   1.3475080e+00  -3.1474915e-04   3.7755008e-04   2.9436026e-04
  -7.4994832e-03   1.3155487e-01   1.3812341e+00  -5.8707996e-03  -2.0483664e-03   7.0943378e-04
  -2.1789516e-02   1.1565279e-01   1.3786996e+00  -5.7355115e-03  -2.3851822e-03   1.0434367e-03
  -4.7991785e-02   9.2188616e-02   1.1750473e+00  -5.1860305e-03   4.3810269e-05   1.2358411e-03
  -1.5410137e-02   1.4746036e-01   1.6157676e+00  -2.7652948e-04  -1.0066188e-03   9.4780408e-04
  -2.1336861e-02   1.4218030e-01   1.2971539e+00  -1.2713697e-02  -1.9551592e-03   7.1540843e-04
   2.1133133e-03   1.5344304e-01   1.5534194e+00   1.0087611e-03  -1.0329412e-03   1.8238478e-05
  -1.3086400e-03   1.6871935e-01   1.6138990e+00  -6.0270394e-03  -2.7921169e-03   1.0200568e-03
  -1.6277221e-02   1.4907468e-01   1.3610403e+00  -9.9502427e-03  -2.1655754e-03   8.2013759e-04
  -1.7389280e-02   8.0469315e-02   1.5541477e+00   4.4483495e-03   8.8020977e-04  -1.9632014e-04
   1.8694151e-02   1.9942412e-01   1.6955837e+00  -5.1030416e-03  -3.0268503e-03   3.4459588e-04
   1.7056329e-02   1.6772494e-01   1.6352307e+00  -5.2872768e-03  -2.9165908e-03   4.1127786e-04
   1.4175607e-02   1.3006426e-01   1.4872329e+00  -8.8108834e-03  -2.2951586e-03   5.5097786e-04
   7.0881307e-03   1.6251344e-01   1.5808287e+00  -9.3851737e-04  -1.0765796e-03   3.9840226e-04
   2.0726263e-03   1.5422507e-01   1.6607616e+00  -5.8408778e-03  -2.8764433e-03   1.3150247e-03
  -1.9323698e-02   1.6341380e-01   1.5178879e+00  -8.0955550e-03  -1.8549216e-03   1.0686609e-03
  -5.1381978e-03   1.2444987e-01   1.7211851e+00  -2.4409184e-03  -7.9854452e-04   4.4331093e-04
   2.1513619e-03   1.5426282e-01   1.7611591e+00  -7.4182557e-03  -3.5998712e-03   6.0416378e-04
  -9.1290113e-03   1.4888461e-01   1.7199300e+00  -7.9180557e-03  -3.2083350e-03   1.0304099e-03
  -1.4923694e-02   1.1506841e-01   1.5706862e+00  -5.8964923e-03  -1.0463104e-03   8.2117761e-04
   4.2679004e-03   1.7260828e-01   1.6957058e+00  -6.2436493e-03  -2.6621167e-03   1.1015531e-03
  -3.1032232e-03   1.2949805e-01   1.5127007e+00  -1.0206641e-02  -2.8510425e-03   5.2391715e-04
  -2.2085166e-02   1.5243299e-01   1.7391707e+00  -1.6578839e-03  -7.0212435e-04   1.1754770e-03
   1.3866405e-02   1.4900986e-01   1.8900689e+00  -6.9540604e-03  -3.1756286e-03   7.9560319e-04
   2.6836548e-03   1.6671943e-01   1.8333060e+00  -7.9876468e-03  -3.2324550e-03   1.0757871e-03
  -7.8859027e-04   1.6527838e-01   1.6560804e+00  -2.2576929e-04   6.9076230e-05   6.4838565e-04
   1.6412300e-02   1.9261770e-01   1.8469786e+00  -6.9361482e-03  -3.0862143e-03   8.0036840e-04
   5.3286634e-03   1.7188301e-01   1.8015124e+00  -7.1949786e-03  -3.2086958e-03   1.0129910e-03
  -6.5833782e-03   1.4668801e-01   1.8607317e+00  -5.7158385e-03  -3.1319429e-03   1.2596875e-03
  -1.4744486e-02   1.7525630e-01   1.8124855e+00  -2.5714420e-03   1.8740165e-03   7.6254032e-04
   2.0691899e-02   1.8342158e-01   2.0579711e+00  -9.9125736e-03  -2.0418325e-03   7.3477828e-04
   7.9271272e-03   1.5028988e-01   2.0215255e+00  -8.8168614e-03  -2.0311067e-03   1.0694022e-03
   7.7805755e-03   1.3869650e-01   2.0277434e+00  -8.1543210e-03  -2.5655105e-03   8.1146839e-04
  -3.9371334e-02   1.4207620e-01   1.6662493e+00  -9.0303925e-03   1.1029377e-04   1.4768841e-03
   2.2124033e-02   1.9193912e-01   2.0390270e+00  -8.1785709e-03  -3.3941803e-03   3.2781345e-04
   1.9949026e-02   1.8596317e-01   2.0362799e+00  -7.7513753e-03  -3.5854101e-03   7.9870165e-04
  -1.4742942e-02   1.7883301e-01   1.7468486e+00  -7.1313651e-03  -2.0458440e-04   1.0222680e-03
   3.2036294e-02   1.9245448e-01   2.1254386e+00  -7.6555969e-03  -3.3846467e-03   5.5200355e-04
   2.3682790e-02   1.7857003e-01   2.1217344e+00  -8.2181345e-03  -3.8419398e-03   6.5356503e-04
   9.4091222e-03   1.7851745e-01   2.0700138e+00  -9.7851193e-03  -3.4531364e-03   8.2952616e-04
  -1.0451490e-02   1.7945427e-01   1.9457588e+00  -4.8849624e-03  -7.3978682e-04   1.3766180e-04
   1.4884026e-02   2.0352170e-01   2.1067284e+00  -8.7391845e-03  -3.8745071e-03   6.0613982e-04
  -2.4443723e-02   2.2635495e-01   1.8417774e+00  -1.2098643e-02  -3.1115175e-03   5.3103347e-04
   4.0604473e-02   1.9942374e-01   2.2023099e+00  -5.8349935e-03  -2.0595195e-03   6.2345539e-04
   4.4224813e-02   2.1268357e-01   2.2298944e+00  -8.5391326e-03  -4.2582053e-03   2.4887843e-04
   1.3816780e-02   2.1662888e-01   1.9422957e+00  -6.5431458e-03  -1.0820050e-03  -1.2075241e-04
   4.2079125e-03   1.7752146e-01   2.2571444e+00  -5.5943030e-03  -3.9914877e-03   8.8129645e-04
   1.2140888e-02   2.2156432e-01   2.2401672e+00  -8.2739473e-03  -4.3883358e-03   8.8199382e-04
  -8.0627822e-03   1.8428097e-01   2.0132512e+00  -6.6898641e-03  -1.2355468e-03   7.3195338e-04
   3.5786191e-02   1.7129145e-01   2.3469306e+00  -8.8721557e-03  -3.7688171e-03   4.3493942e-04
   2.1287345e-02   2.0409726e-01   2.2834410e+00  -9.4711130e-03  -4.5380827e-03   5.2663066e-04
  -1.3785275e-03   1.6812456e-01   2.2910170e+00  -9.9259594e-03  -4.5342030e-03   1.1196987e-03
   1.4228768e-02   1.7444559e-01   2.2813959e+00  -9.5747310e-03  -4.7002098e-03   9.1612898e-04
  -1.3294600e-02   2.2108809e-01   1.9449133e+00  -1.0129336e-02  -1.1122912e-03   7.3165316e-04
   5.7392100e-02   2.3917534e-01   2.3402778e+00  -8.3067846e-03  -3.9878989e-03   3.8283999e-05
   2.8193800e-02   2.3358033e-01   2.3397546e+00  -8.3384104e-03  -3.8299023e-03   1.0824223e-03
   3.3310128e-02   2.3403137e-01   2.3680740e+00  -7.6055602e-03  -4.1876576e-03   9.8661278e-04
   5.1897350e-02   2.2667620e-01   2.0711238e+00  -5.9948875e-03   3.7844967e-04   6.9153440e-05
   6.2022080e-02   2.3945811e-01   2.4660995e+00  -8.5153972e-03  -2.8621101e-03   6.9304216e-04
   5.1086584e-02   2.1979410e-01   2.4481351e+00  -8.4579268e-03  -3.8371636e-03   5.7072960e-04
   3.3551938e-02   2.1791574e-01   2.4576969e+00  -8.8778027e-03  -3.8270584e-03   9.6455615e-04
   2.8183440e-02   2.0087055e-01   2.4700881e+00  -9.4333385e-03  -4.3440556e-03   1.1209031e-03
   1.4786668e-02   2.3578760e-01   2.2155969e+00  -1.1212379e-02  -2.2024681e-03   4.6831108e-04
   4.7268033e-02   2.1408538e-01   2.5088741e+00  -4.3750285e-03  -3.0219646e-03   4.5401945e-04
   3.8783894e-02   2.2674808e-01   2.5063089e+00  -1.1022508e-02  -3.9850421e-03   7.2301832e-04
   2.5032075e-02   2.3379294e-01   2.4570111e+00  -3.9604019e-03  -8.9403814e-04   5.0408856e-04
   5.3166602e-02   2.4125799e-01   2.6257564e+00  -9.5590796e-03  -3.8916722e-03   7.3178090e-04
   4.9912916e-02   2.2988791e-01   2.6282880e+00  -8.3233690e-03  -3.9126262e-03   5.6327478e-04
   5.8254964e-02   2.2065674e-01   2.6180048e+00  -9.3517383e-03  -3.8160184e-03   7.5014869e-04
   3.2119899e-02   2.2871520e-01   2.6187664e+00  -9.8802093e-03  -3.8917383e-03   1.1963110e-03
   4.1436197e-02   2.7080064e-01   2.5135061e+00  -4.6678730e-03   1.6189807e-04  -9.0659195e-05
   5.0855468e-02   2.4525904e-01   2.7293555e+00  -9.4111292e-03  -4.1979052e-03   3.5251935e-04
   3.9489394e-02   2.3441248e-01   2.6999461e+00  -9.2057356e-03  -4.4614910e-03   4.9017644e-04
  -6.4948040e-03   3.2007325e-01   2.4655127e+00  -8.9086620e-03  -1.8335966e-03   1.5684328e-03
   6.9003212e-02   2.6032182e-01   2.7818066e+00  -9.7083889e-03  -3.7518814e-03   2.5523161e-04
   3.8980832e-02   2.2670976e-01   2.7324400e+00  -1.0377541e-02  -4.1072709e-03   9.0878530e-04
   3.2729461e-02   2.3150254e-01   2.7308585e+00  -9.8159381e-03  -4.3972788e-03   6.1558013e-04
   3.5500720e-02   2.0873986e-01   2.6542897e+00  -1.2214381e-02  -4.2635564e-03   6.6991333e-04
   6.9157711e-02   2.2312670e-01   2.6853845e+00  -5.0689077e-03  -1.4359148e-03  -7.6772089e-05
   6.6857023e-02   2.7732158e-01   2.7617634e+00  -9.4903210e-03  -3.7756926e-03   2.2855404e-04
   4.9702931e-02   2.5518000e-01   2.7726846e+00  -9.0467927e-03  -4.2788309e-03   4.2324460e-04
   5.3646330e-02   2.2781741e-01   2.8021597e+00  -9.0623524e-03  -4.1931763e-03   6.6861472e-04
   3.8865324e-02   2.2928365e-01   2.7800297e+00  -9.8613136e-03  -4.4928056e-03   7.7431241e-04
   4.8216962e-02   1.7034961e-01   2.6586164e+00  -4.5272252e-03  -1.1736533e-03   3.1671681e-04
   7.1277943e-02   2.4496377e-01   2.8306280e+00  -1.3316660e-02  -2.1061952e-03   7.2854243e-04
   9.3396461e-02   2.6957535e-01   2.8385169e+00  -3.8360926e-03  -8.8396393e-04   1.0624012e-04
   6.5002652e-02   2.7503769e-01   2.7766841e+00  -1.1959572e-02  -3.4714320e-03   8.0399308e-04
   6.6042136e-02   2.0724100e-01   2.8046273e+00   2.1230653e-04  -9.4329016e-06  -4.1457299e-04
   8.8245165e-02   2.8097592e-01   3.0169431e+00  -8.5952773e-03  -3.9041812e-03   2.6405878e-04
   7.1790928e-02   2.8244029e-01   2.9899989e+00  -9.1439453e-03  -4.0190057e-03  -5.3669342e-05
   4.1109366e-02   3.1484036e-01   2.6826180e+00  -1.1260156e-02  -2.1160109e-03   7.0674768e-04
   8.7720876e-02   2.6815077e-01   3.0688833e+00  -5.7175154e-03  -3.1784329e-03   1.4317184e-04
   7.8556757e-02   2.9122995e-01   3.0578795e+00  -1.0031780e-02  -4.4124333e-03   2.6051892e-04
   5.7058981e-02   2.5409043e-01   3.0351382e+00  -9.2243687e-03  -4.5840623e-03   6.4981463e-04
   6.8394637e-02   2.4851411e-01   2.9474109e+00  -1.1621698e-02  -4.0483345e-03   2.7512304e-04
   8.3165468e-02   2.6723776e-01   3.1214588e+00  -3.2963296e-03  -8.2586041e-04  -7.3253841e-05
   8.1786376e-02   2.8895708e-01   3.1380820e+00  -1.0759168e-02  -3.6069862e-03   3.7001903e-04
   6.3975054e-02   2.5371121e-01   3.1179995e+00  -1.0024741e-02  -4.0652862e-03   5.7111796e-04
   7.9092788e-02   2.5259263e-01   3.1302679e+00  -1.0163823e-02  -3.8198675e-03   4.1856688e-04
   5.5997850e-02   2.7475623e-01   2.9283970e+00  -1.3857455e-02  -3.3868193e-03   6.7279642e-04
   6.0154669e-02   2.3664272e-01   3.1215343e+00  -4.2799198e-03  -1.5084059e-03   2.3261538e-04
   9.6903522e-02   3.1266860e-01   3.1871427e+00  -1.0339989e-02  -4.4382643e-03   1.6686628e-04
   5.7369599e-02   2.8249898e-01   3.1881563e+00  -9.9033451e-03  -5.2086056e-03   5.9210408e-04
   4.2483301e-02   3.1545032e-01   2.9881232e+00  -1.3657994e-02  -3.8643574e-03   7.6505185e-04
   8.4567953e-02   2.6641262e-01   3.2091362e+00  -2.4489566e-03  -1.1850727e-03  -7.5821704e-05
   6.2495583e-02   3.0709074e-01   3.1412613e+00  -1.3484582e-02  -4.2015453e-03   3.7069083e-05
   7.2316922e-02   2.7052598e-01   3.2904649e+00  -7.1126835e-03  -4.2014998e-03   2.0092251e-04
   6.7699975e-02   2.8490167e-01   3.2742312e+00  -9.7943542e-03  -4.7773029e-03   3.9452626e-04
   3.7214034e-02   3.2924279e-01   3.0721189e+00  -1.0375469e-02  -2.5581428e-03   7.9509776e-04
   7.7776024e-02   3.0822410e-01   3.3223307e+00  -1.1915648e-02  -4.7186301e-03   7.7185234e-04
   1.0135022e-01   2.9122028e-01   3.3975174e+00  -4.4767298e-03  -2.4036296e-03  -1.9288787e-04
   8.9169331e-02   3.1297265e-01   3.3629076e+00  -9.7756209e-03  -4.2622055e-03   1.7059077e-05
   7.2154161e-02   2.8416816e-01   3.3570625e+00  -1.0343016e-02  -4.0749849e-03   7.4897379e-04
   9.0459197e-02   3.0443059e-01   3.2087359e+00  -5.9379155e-03  -1.5366556e-03  -5.6738338e-04
   9.4322916e-02   3.2475843e-01   3.4266778e+00  -1.1033104e-02  -4.8698227e-03   2.4936874e-04
   9.1230626e-02   2.8048632e-01   3.4039898e+00  -1.0965828e-02  -5.1216664e-03   1.5570599e-04
   7.8586183e-02   2.7791365e-01   3.4149591e+00  -1.0528206e-02  -5.1719333e-03   4.1887820e-04
   7.2715354e-02   2.6743405e-01   3.4150866e+00  -1.1231989e-02  -5.4241967e-03   6.2449720e-04
   7.2233056e-02   2.5636374e-01   3.3959443e+00  -1.1829215e-02  -5.5532218e-03   4.3250685e-04
   8.2054249e-02   2.6533242e-01   3.3945329e+00  -1.2086355e-02  -5.6902517e-03   3.9077425e-04
   6.1396772e-02   3.2701426e-01   3.2987623e+00  -1.1234172e-02  -2.4993898e-03   2.1933891e-05
   1.2048826e-01   3.4129320e-01   3.5624791e+00  -1.1910314e-02  -2.9935726e-03   2.4967595e-04
   1.1212459e-01   3.2158118e-01   3.5421683e+00  -1.0905272e-02  -3.7610951e-03  -1.9960801e-04
   8.8519324e-02   3.1330081e-01   3.5712796e+00  -9.9982251e-03  -4.4190212e-03   1.1314802e-04
   6.1476688e-02   3.1037523e-01   3.4682128e+00  -1.4302078e-02  -4.1682205e-03   8.4725631e-04
   7.3685202e-02   3.2859831e-01   3.5346007e+00  -7.4668176e-03  -6.8634068e-04   4.9772804e-04
   1.1200507e-01   3.4296729e-01   3.7203132e+00  -1.1789661e-02  -3.6781674e-03   3.8889457e-04
   6.4415068e-02   3.3119510e-01   3.4952885e+00  -1.5230554e-02  -3.1985458e-03   1.0231977e-03
   8.3974650e-02   2.8695985e-01   3.6304652e+00  -3.8818484e-03  -1.4792487e-03  -3.8523186e-04
   1.2024784e-01   3.4412431e-01   3.7567669e+00  -1.1629463e-02  -4.5338259e-03  -1.3632022e-04
   9.5549075e-02   3.7850421e-01   3.5015368e+00  -1.1598851e-02  -2.2582038e-03  -1.5201045e-04
   1.1622365e-01   3.3721076e-01   3.7940494e+00  -9.3257066e-03  -3.2635419e-03   7.7780773e-05
   1.0468714e-01   3.5947242e-01   3.7523884e+00  -1.1246765e-02  -4.6769095e-03   8.2714269e-06
   9.8533186e-02   3.2788074e-01   3.7819754e+00  -1.0254864e-02  -4.5421134e-03   5.9731796e-05
   9.8506277e-02   3.0570116e-01   3.7909086e+00  -1.1689248e-02  -4.7131398e-03  -5.8733422e-06
   8.3221340e-02   3.1255048e-01   3.7441262e+00  -1.2676920e-02  -5.2680723e-03   5.5554671e-04
   8.0368487e-02   3.1030557e-01   3.7664980e+00  -1.2440101e-02  -5.5537894e-03   4.6721404e-04
   7.9371493e-02   3.2096402e-01   3.6377397e+00  -1.4163232e-02  -4.6373575e-03  -9.8887149e-05
   1.0944747e-01   3.1898178e-01   3.8093953e+00  -6.7807379e-03  -2.6524302e-03  -5.7802572e-04
   9.9651686e-02   3.2396731e-01   3.8733406e+00  -1.2563911e-02  -5.0421872e-03   7.7410933e-05
   1.0389970e-01   2.5654926e-01   3.8944640e+00  -1.1590134e-02  -5.3268639e-03   1.3381886e-04
   8.3108050e-02   3.6189342e-01   3.7158120e+00  -1.2683611e-02  -3.6034740e-03  -7.3137286e-05
   1.2730239e-01   3.4709326e-01   3.8941727e+00  -6.1632232e-03  -2.3709095e-03   2.0206554e-04
   1.0058581e-01   3.0940992e-01   3.6624931e+00  -1.1445794e-02  -1.9315975e-03   4.4386948e-04
   1.1913079e-01   3.4068705e-01   3.9894052e+00  -1.0349138e-02  -4.5692505e-03   2.3072558e-04
   1.3079614e-01   3.5492149e-01   3.9936871e+00  -1.0045469e-02  -4.3334620e-03   1.0724993e-04
   1.0508119e-01   3.1989273e-01   3.9498088e+00  -1.1276056e-02  -5.4169436e-03   3.9365253e-05
   1.0783186e-01   3.3362971e-01   3.9347997e+00  -1.2053873e-02  -5.0528359e-03   4.4427093e-04
   9.5697389e-02   3.3602128e-01   3.7281889e+00  -1.6070510e-02  -4.7513089e-03   2.5169982e-04
   1.4091927e-01   3.3186409e-01   3.9915869e+00  -6.0445310e-03  -2.2650865e-03  -3.3307890e-04
   1.2231132e-01   3.7199022e-01   3.9516341e+00  -1.4121320e-02  -4.3903595e-03   6.8854179e-04
   1.3823405e-01   3.4586843e-01   4.0695849e+00  -4.8404163e-03  -1.8804845e-03  -8.5150577e-04
   1.1566901e-01   3.8241291e-01   4.1495047e+00  -1.1001400e-02  -4.8100617e-03   2.7333373e-04
   1.0337501e-01   3.8452482e-01   4.0537322e+00  -5.4261172e-03  -1.5793088e-03   2.8989229e-04
   1.4294476e-01   3.7725143e-01   4.1829529e+00  -1.1397275e-02  -3.9574326e-03   4.4750888e-04
   1.3609379e-01   3.4874102e-01   4.1609341e+00  -1.0916841e-02  -4.4963389e-03   3.1572892e-04
   1.0962050e-01   3.4842489e-01   4.1821488e+00  -1.1414699e-02  -4.7422189e-03   9.0575465e-04
   1.2183635e-01   3.4968247e-01   4.1507734e+00  -1.2139264e-02  -4.5549060e-03   3.8239056e-04
   1.1327000e-01   3.3809394e-01   4.1780305e+00  -1.2081326e-02  -4.9248703e-03   4.3150740e-04
   9.8601042e-02   3.4502447e-01   4.0930919e+00  -1.3877685e-02  -3.6402698e-03   4.5980615e-04
   1.1756957e-01   3.3619903e-01   4.1670313e+00  -6.6662123e-03  -2.0734708e-03   5.7507349e-04
   1.3677089e-01   3.6090968e-01   4.1888618e+00  -1.1102231e-02  -4.4335978e-03   2.1144148e-04
   1.2008785e-01   3.6880675e-01   4.2482012e+00  -1.0756249e-02  -4.8232593e-03   2.1510444e-04
   1.2191084e-01   3.6384084e-01   4.2547209e+00  -1.1741421e-02  -4.5674639e-03   3.3314756e-04
   1.2865801e-01   3.7302630e-01   4.2136279e+00  -1.1998418e-02  -4.4983439e-03   1.4532476e-04
   1.1049375e-01   3.7154330e-01   4.2123320e+00  -1.3145768e-02  -5.1824135e-03   2.5763242e-04
   1.0418163e-01   3.8041017e-01   4.2297260e+00  -1.2417950e-02  -4.7627810e-03  -9.2385369e-05
   1.0983416e-01   3.7593924e-01   4.2381108e+00  -1.1126690e-02  -4.9441311e-03   3.8052739e-04
   1.2242487e-01   3.6986686e-01   4.2641557e+00  -1.1273317e-02  -4.8170910e-03   2.0127331e-04
   1.1356655e-01   3.5816546e-01   4.2983080e+00  -1.0861487e-02  -5.3332246e-03   3.8178211e-04
   1.2019700e-01   3.7358925e-01   4.2936538e+00  -1.2158413e-02  -5.5251522e-03   2.1631621e-04
   1.2149176e-01   3.6937042e-01   4.3059389e+00  -1.2483464e-02  -5.1614620e-03   1.9127002e-04
   1.4609674e-01   3.5724912e-01   4.3083488e+00  -1.2205291e-02  -4.9285477e-03  -3.1286035e-04
   1.1945503e-01   3.6925327e-01   4.3241192e+00  -1.2056653e-02  -5.5772140e-03  -5.4153975e-05
   1.0637915e-01   3.8505263e-01   4.3432046e+00  -1.1954572e-02  -5.3818676e-03   1.6675126e-04
   1.0743463e-01   3.8757457e-01   4.3755116e+00  -1.2344930e-02  -5.4497905e-03   1.2251801e-04
   1.0966147e-01   3.6556378e-01   4.3925656e+00  -1.2696505e-02  -5.7189860e-03   2.7608738e-04
   1.0172209e-01   3.6992952e-01   4.4202589e+00  -1.1686869e-02  -5.6454491e-03  -6.1567021e-05
   1.0997330e-01   3.7206083e-01   4.4385938e+00  -1.1927117e-02  -5.4919769e-03   2.0880377e-04
   1.1009649e-01   3.6586958e-01   4.4641950e+00  -1.1494027e-02  -5.8637579e-03  -7.5357914e-05
   1.0606365e-01   3.8468341e-01   4.4454819e+00  -1.2371976e-02  -5.6250122e-03   2.6065501e-04
   1.2099857e-01   3.5306132e-01   4.4695594e+00  -1.2417573e-02  -5.6650231e-03   4.6840973e-05
   1.2433055e-01   3.7513024e-01   4.5011705e+00  -1.2205315e-02  -5.4710471e-03   1.2579690e-04
   1.2217734e-01   3.9198780e-01   4.4820506e+00  -1.2544647e-02  -5.6012255e-03   2.3133739e-04
   1.2951399e-01   3.8765416e-01   4.5052470e+00  -1.2051713e-02  -5.8374919e-03  -2.6939683e-04
   1.2466217e-01   3.9736435e-01   4.5171957e+00  -1.2530152e-02  -5.3541977e-03   7.0507718e-05
   1.0622316e-01   3.7502775e-01   4.5381767e+00  -1.2269563e-02  -5.6796595e-03   3.9644568e-04
   1.2208330e-01   3.8393915e-01   4.5600173e+00  -1.1800358e-02  -5.6842237e-03  -6.4265652e-06
   1.1896653e-01   3.9275031e-01   4.5500792e+00  -1.2556567e-02  -5.9516287e-03   1.7382482e-04
   1.2515302e-01   3.9226314e-01   4.5808097e+00  -1.2112905e-02  -5.3181226e-03  -1.6180276e-05
   1.2648309e-01   4.0757949e-01   4.5997702e+00  -1.2220710e-02  -5.6313109e-03  -1.8300159e-04
   1.1852630e-01   4.0109914e-01   4.6270851e+00  -1.1671420e-02  -5.9682930e-03  -3.6685338e-05
   1.1995542e-01   3.8711101e-01   4.6451626e+00  -1.1865498e-02  -5.7679059e-03   7.2725635e-05
   1.2038025e-01   4.2529531e-01   4.6697030e+00  -1.2970995e-02  -3.6542660e-03  -5.0942851e-04
   1.5535921e-01   3.9954519e-01   4.7617740e+00  -1.3999594e-02  -4.7558101e-03  -1.5728274e-04
   4.4308083e-03   3.9014610e-01   4.5198316e+00  -2.5139196e-03  -1.8761754e-03  -6.0092521e-04
   3.6844912e-02   2.7783189e-01   4.5304951e+00   1.0111023e-02   6.0972097e-04  -9.9309241e-04
   1.5745213e-01   3.6172089e-01   4.8201594e+00   9.2641595e-03   3.7659293e-03  -1.0214894e-03
   1.5682120e-01   3.7773519e-01   4.7599323e+00   2.1129933e-03   9.2163255e-04  -1.1004602e-04
   1.4063760e-01   4.1747739e-01   4.8403680e+00   3.1537256e-03  -5.8194913e-04  -1.9426786e-04
   1.3326877e-01   4.0655510e-01   4.9148543e+00   1.4335642e-04  -1.5972071e-03   2.3880105e-04
   1.2083057e-01   4.3444568e-01   4.9463559e+00   1.5784820e-04  -1.8601863e-03   1.9185820e-04
   1.2950712e-01   4.3667252e-01   4.9355332e+00  -7.2422293e-04  -2.0679969e-03   3.7785315e-04
   1.2914136e-01   4.4274363e-01   4.9486093e+00  -3.3935124e-04  -1.8496024e-03   4.2739623e-04
   1.2401097e-01   4.6615758e-01   4.9257548e+00  -1.0716273e-03  -2.6804060e-03   1.7070880e-04
   1.2989078e-01   4.6663499e-01   4.9522605e+00  -6.1212561e-04  -2.4083519e-03   6.1053450e-04
   1.3273769e-01   4.5606997e-01   4.9439494e+00  -5.8795185e-04  -2.6338279e-03   7.1805607e-05
   1.4378999e-01   4.7900878e-01   4.8795070e+00  -2.1765575e-03  -1.4665539e-03  -1.4439221e-04
   1.1871342e-01   5.1246495e-01   4.9286594e+00   4.7908592e-04  -2.6280978e-03   1.5736189e-04
   1.5264897e-01   4.6361518e-01   4.9421846e+00  -2.9957450e-03  -3.2823069e-03   2.2326595e-05
   1.2527410e-01   4.5441034e-01   4.9637975e+00  -2.7627272e-03  -3.5800552e-03   4.0853402e-04
   1.3578898e-01   4.7551450e-01   4.9991563e+00  -2.3831106e-03  -3.4994425e-03   1.9957722e-04
   1.6158062e-01   4.5158604e-01   5.0134611e+00  -2.7086234e-03  -3.0208112e-03  -5.3178104e-05
   1.4553110e-01   4.9283908e-01   5.0026963e+00  -3.3626919e-03  -3.6003815e-03  -1.8431858e-04
   1.3515665e-01   4.7343027e-01   5.0025401e+00  -3.5389611e-03  -3.5854665e-03   2.0569694e-04
   1.3055161e-01   4.9309922e-01   5.0290181e+00  -3.3950864e-03  -3.7631135e-03   4.1509729e-04
   1.4155915e-01   4.7579911e-01   5.0341135e+00  -3.6633594e-03  -4.0225009e-03  -7.1479525e-05
   1.5474080e-01   5.1481025e-01   5.1487907e+00  -2.5054290e-03  -2.8457026e-04   4.0496828e-04
   1.6234481e-01   4.6701026e-01   5.1996612e+00  -4.1371009e-03  -2.3056203e-03   2.8005678e-04
   1.5552301e-01   4.7557738e-01   5.2104697e+00  -2.9018842e-03  -2.9820650e-03   3.9986847e-04
   1.7418252e-01   4.8428611e-01   5.2265991e+00  -3.7170041e-03  -2.3570634e-03   6.7087211e-05
   1.6688043e-01   4.9579707e-01   5.2473164e+00  -3.2141113e-03  -2.7522366e-03   2.0013760e-04
   1.7006667e-01   4.9469248e-01   5.2191741e+00  -4.4869378e-03  -3.0559719e-03  -4.0826133e-05
   1.6373693e-01   4.8279961e-01   5.2364345e+00  -3.6234192e-03  -2.9713140e-03  -1.9827942e-04
   1.5909213e-01   4.8238877e-01   5.2404737e+00  -3.4915851e-03  -3.4078193e-03  -1.3153233e-04
   1.5238903e-01   4.4803090e-01   5.2532779e+00  -3.2494995e-03  -3.2160416e-03   2.2663007e-04
   1.4385610e-01   5.2308225e-01   5.1697002e+00  -3.3251023e-03  -8.2217641e-04   3.6184302e-04
   1.4805727e-01   5.0108405e-01   5.3408143e+00  -5.3395715e-03  -2.8539451e-03   3.8188575e-04
   1.4741404e-01   4.8350989e-01   5.2984441e+00  -3.0508408e-03  -1.8000888e-03   4.7451257e-04
   1.3003170e-01   5.4956388e-01   5.4305168e+00   7.0175794e-04   8.3464105e-04   3.6785984e-04
   2.7722761e-01   4.6806603e-01   5.6493391e+00   3.3810320e-04   5.5962791e-03   4.0039105e-04
   2.5487116e-01   4.9607400e-01   5.4694701e+00  -4.7187114e-03   2.9115316e-03   9.0623063e-04
   1.8299265e-01   4.5384186e-01   5.5459163e+00  -7.5744314e-03  -7.8947149e-04   4.8985058e-04
   1.6777091e-01   5.0591253e-01   5.4625561e+00  -8.4325155e-03  -1.7605103e-03   6.9250582e-04
   1.8031806e-01   4.8975485e-01   5.5367581e+00  -5.2921453e-03  -1.4242475e-03   8.4595888e-04
   1.9398241e-01   5.0960266e-01   5.5630460e+00  -6.4042765e-03  -2.1837795e-03   7.0214888e-04
   1.8010264e-01   5.2722397e-01   5.5757985e+00  -6.2258393e-03  -2.6891498e-03   4.8840815e-04
   1.6100396e-01   5.3439631e-01   5.5817884e+00  -6.1409703e-03  -3.3935380e-03   5.0242363e-04
   1.6675196e-01   5.4926952e-01   5.4375253e+00  -8.3253624e-03  -2.6270400e-03   9.3497632e-05
   1.7093581e-01   5.3856412e-01   5.4831777e+00  -5.1910325e-03  -3.1734644e-03   1.6191176e-04
   1.7386582e-01   5.0831230e-01   5.5257316e+00  -7.1717852e-03  -4.0439971e-03   2.5518633e-04
   1.6111530e-01   5.2548579e-01   5.5639857e+00  -5.9095636e-03  -4.1853993e-03  -1.4391217e-04
   1.3760814e-01   5.1643797e-01   5.5576039e+00  -7.2005485e-03  -4.7187337e-03   6.6725079e-04
   1.3854591e-01   5.1494005e-01   5.5662817e+00  -7.4771157e-03  -4.5596137e-03   2.7295861e-05
   1.4846105e-01   5.0704609e-01   5.5754711e+00  -7.1731751e-03  -4.5823843e-03   2.2034568e-04
   1.5029151e-01   5.0084649e-01   5.5732594e+00  -7.4495744e-03  -4.7080197e-03   7.3626176e-04
   1.6967145e-01   5.2510474e-01   5.5365001e+00  -7.9319063e-03  -2.6225725e-03   4.3069674e-04
   1.6477242e-01   5.0831925e-01   5.6782338e+00  -7.8487657e-03  -3.5948805e-03   3.9400976e-04
   1.8137317e-01   5.6518531e-01   5.6387126e+00  -4.4335404e-03  -1.4910488e-03   5.6337671e-04
   1.9551280e-01   5.2438416e-01   5.7868852e+00  -6.5731004e-03  -2.7286684e-03   4.7281175e-04
   1.8071468e-01   5.1862092e-01   5.7516051e+00  -6.8164835e-03  -3.4382122e-03   2.8893102e-04
   1.7495381e-01   5.3979653e-01   5.7714367e+00  -6.6444129e-03  -3.6703571e-03   1.6180662e-04
   1.8979296e-01   5.9372536e-01   5.6884293e+00  -6.9668112e-03  -1.7219255e-03   1.0476871e-04
   1.7556652e-01   5.3437740e-01   5.7313968e+00  -8.3271923e-03  -3.0884472e-03   5.8505489e-04
   1.6861628e-01   5.4969127e-01   5.7511409e+00  -7.3408279e-03  -3.3566291e-03   8.6076989e-04
   1.6246290e-01   5.2839741e-01   5.8530852e+00  -5.8688469e-03  -3.2484946e-03   3.8667144e-04
   1.6705925e-01   5.2789769e-01   5.8184920e+00  -7.9151717e-03  -3.7269806e-03  -8.8452022e-05
   1.5797500e-01   4.9185472e-01   5.7917705e+00  -8.5101684e-03  -3.8050444e-03   1.6249220e-04
   1.7187834e-01   5.1425459e-01   5.7834388e+00  -8.3617548e-03  -3.8041935e-03   1.6307475e-05
   1.5606965e-01   5.0022455e-01   5.7867676e+00  -8.4651825e-03  -3.7149486e-03   1.8621965e-04
   1.5012595e-01   4.8145846e-01   5.8049145e+00  -8.2952247e-03  -4.1397266e-03   2.8700188e-04
   1.6176909e-01   5.1821385e-01   5.8159296e+00  -8.0235283e-03  -4.1408268e-03   5.5482432e-05
   1.4610138e-01   5.0644691e-01   5.8269946e+00  -7.8426346e-03  -4.4485770e-03   1.7685587e-04
   1.6418024e-01   5.1623864e-01   5.8419369e+00  -7.8952191e-03  -3.8378286e-03   1.7952891e-04
   1.5526076e-01   5.3385994e-01   5.8987980e+00  -6.5014369e-03  -4.0472590e-03  -1.9103340e-05
   1.4898785e-01   5.1285020e-01   5.8605076e+00  -8.1004856e-03  -4.4455012e-03   2.5277930e-04
   1.5655847e-01   5.1484312e-01   5.8784420e+00  -7.5007001e-03  -4.3943869e-03   1.6824043e-04
   1.8308435e-01   5.4745921e-01   5.8551482e+00  -6.0386234e-03  -3.7233134e-03   5.9841285e-05
   1.6263139e-01   5.2990180e-01   5.9019565e+00  -7.2167402e-03  -4.5047229e-03   3.6073797e-04
   1.6646844e-01   5.2211089e-01   5.9324241e+00  -7.2058960e-03  -4.0869300e-03   8.7175681e-05
   1.8317855e-01   5.2660299e-01   5.9556773e+00  -7.5425402e-03  -3.8300838e-03  -1.8324702e-04
   1.8710956e-01   5.3969180e-01   5.8963288e+00  -8.8110169e-03  -3.5049184e-03  -1.5763552e-04
   1.8271938e-01   5.4373247e-01   6.0288309e+00  -6.5731853e-03  -3.5129755e-03   4.8932460e-04
   1.7720850e-01   5.3975646e-01   6.0117225e+00  -7.6394820e-03  -3.8979859e-03   2.8884689e-04
   1.9197721e-01   5.7716411e-01   6.0123063e+00  -4.0327199e-03  -2.1585163e-03  -7.1748739e-04
   2.0078689e-01   5.6701270e-01   6.1533491e+00  -6.7165440e-03  -2.0007990e-03   9.3452891e-05
   2.0967053e-01   5.6830922e-01   6.1091953e+00  -7.8962631e-03  -2.8580233e-03   1.3119848e-04
   1.8645250e-01   5.5877551e-01   6.1214332e+00  -6.6819822e-03  -3.5727669e-03   2.5886145e-04
   1.9019012e-01   6.0162202e-01   6.1304787e+00  -4.7736740e-03  -1.5030729e-03  -6.7825733e-04
   1.9041647e-01   5.6605265e-01   6.2009778e+00  -7.0492899e-03  -2.0626727e-03   3.6117894e-04
   1.9987857e-01   5.6296233e-01   6.1711455e+00  -7.2688079e-03  -3.1972452e-03   8.2322959e-05
   1.8546819e-01   5.8621848e-01   6.1933434e+00  -6.5718914e-03  -3.1962833e-03   1.3451935e-04
   1.7574219e-01   5.8105736e-01   6.1767705e+00  -7.1874703e-03  -3.2805152e-03   3.4947450e-04
   1.9359285e-01   5.7275692e-01   6.1588158e+00  -7.5907561e-03  -3.1687921e-03   1.3223656e-04
   1.7786499e-01   5.5594600e-01   6.1671268e+00  -6.9230062e-03  -3.2985606e-03   3.1198610e-04
   1.8034916e-01   5.8114640e-01   6.1635568e+00  -7.4384525e-03  -3.7695964e-03   3.9549931e-04
   1.8533338e-01   5.6935043e-01   6.1860126e+00  -7.2981370e-03  -3.7356431e-03  -1.7835914e-05
   1.9468549e-01   5.8494109e-01   6.2099220e+00  -7.1317937e-03  -3.7039990e-03   7.4500968e-05
   1.8349461e-01   5.8179803e-01   6.2379406e+00  -6.5715042e-03  -3.8018372e-03   3.2769674e-04
   1.9072184e-01   5.8681840e-01   6.2330674e+00  -6.4889206e-03  -3.4647071e-03   1.0543028e-04
   1.6438114e-01   5.7435116e-01   6.2390043e+00  -6.5262856e-03  -3.9682197e-03   4.7678542e-04
   1.8290065e-01   5.7462975e-01   6.2415353e+00  -7.1171972e-03  -3.6676001e-03   1.6203119e-04
   1.6442654e-01   5.7076620e-01   6.2435899e+00  -7.0420139e-03  -4.0026191e-03   5.3720029e-04
   1.8369520e-01   5.7422345e-01   6.2505031e+00  -7.2301826e-03  -3.8031408e-03   1.6812158e-04
   1.8487364e-01   5.9197051e-01   6.2555467e+00  -7.2775126e-03  -2.5096392e-03   2.5322522e-04
   1.9758472e-01   5.7093153e-01   6.3098860e+00  -8.3861174e-03  -2.6814856e-03   4.3843287e-05
   1.8665493e-01   5.6682872e-01   6.3193206e+00  -7.5184827e-03  -3.6080408e-03   2.5084154e-04
   1.9840441e-01   5.7909195e-01   6.3540068e+00  -6.4569307e-03  -3.8831956e-03   1.9904009e-04
   2.0138882e-01   6.0708235e-01   6.3269337e+00  -7.5068185e-03  -3.9946806e-03  -1.0506432e-05
   1.9746434e-01   6.0898706e-01   6.3223820e+00  -7.8835174e-03  -3.8292553e-03  -9.6576569e-05
   1.7910277e-01   5.6756559e-01   6.2820501e+00  -8.2756503e-03  -3.8986733e-03   2.7174505e-04
   1.7003869e-01   5.7784996e-01   6.3364253e+00  -7.2789752e-03  -4.3332048e-03   1.9353977e-04
   1.7881179e-01   6.0226534e-01   6.3088363e+00  -7.4986729e-03  -3.1884429e-03   2.0603799e-04
   1.9831133e-01   5.8269775e-01   6.4084027e+00  -6.9632817e-03  -3.4042210e-03   3.3509779e-05
   1.9236008e-01   5.7620902e-01   6.4075173e+00  -7.7414862e-03  -3.7102584e-03   4.4086196e-04
   2.2280921e-01   5.7876232e-01   6.4449251e+00  -5.3439369e-03  -3.0522587e-03  -1.6508163e-04
   2.0805390e-01   5.8758941e-01   6.4640575e+00  -7.7962664e-03  -2.4854059e-03   6.8766427e-04
   2.1720634e-01   6.0264480e-01   6.4518289e+00  -8.1270352e-03  -2.6062226e-03   1.7186777e-04
   2.0199534e-01   5.9206416e-01   6.4733625e+00  -7.4812379e-03  -3.2716187e-03   4.9319621e-04
   2.0141091e-01   5.8765419e-01   6.4640036e+00  -7.9902542e-03  -3.3496451e-03   4.0236534e-04
   1.7928623e-01   6.1718834e-01   6.4492919e+00  -7.3298735e-03  -3.5701333e-03  -2.6560490e-05
   2.0189198e-01   5.6934746e-01   6.4675062e+00  -7.5955291e-03  -3.0902664e-03   4.8726046e-05
   1.9258213e-01   5.6444591e-01   6.5390878e+00  -8.2582433e-03  -2.3646503e-03   2.3020606e-04
   2.2809496e-01   6.0627488e-01   6.5955179e+00  -7.5143663e-03  -1.4849764e-03   3.8339121e-04
   2.2839428e-01   6.1005576e-01   6.5867479e+00  -7.4201479e-03  -2.4201441e-03   2.2324061e-04
   2.1250844e-01   6.0801706e-01   6.6250465e+00  -6.8490791e-03  -2.6204002e-03   4.1518515e-04
   2.3354044e-01   7.1225538e-01   6.5745872e+00  -7.6903421e-03  -2.7355059e-03  -3.7569703e-04
   2.0601926e-01   5.9664900e-01   6.5759843e+00  -8.0610241e-03  -2.8715987e-03   3.1360063e-04
   2.0771855e-01   6.2586780e-01   6.5791522e+00  -7.7485111e-03  -3.3405393e-03   2.5421509e-04
   2.1444528e-01   6.1049654e-01   6.5705749e+00  -8.7835150e-03  -3.1160464e-03   6.7897023e-05
   2.0517466e-01   5.9937429e-01   6.5966902e+00  -7.9171767e-03  -3.2737254e-03   1.9089814e-04
   1.8677370e-01   5.9543090e-01   6.6041138e+00  -8.2428619e-03  -3.1648320e-03   2.2229590e-04
   1.8536362e-01   5.8696818e-01   6.6204406e+00  -7.5430618e-03  -4.4106322e-03  -1.3322002e-04
   1.7838150e-01   5.7981955e-01   6.6235254e+00  -7.9579095e-03  -4.6968932e-03   1.8908448e-05
   1.9160868e-01   6.1704953e-01   6.6764329e+00  -6.8960224e-03  -4.6953631e-03  -2.1144933e-04
   1.9323371e-01   6.1825366e-01   6.6786937e+00  -7.2359762e-03  -4.5669412e-03   4.2090420e-05
   1.8441849e-01   6.1327053e-01   6.6472404e+00  -7.6531687e-03  -4.9103582e-03  -2.8236810e-04
   1.4965357e-01   6.0726401e-01   6.7052494e+00  -5.8473056e-03  -3.7542329e-03   6.2038721e-04
   2.1292052e-01   6.0482455e-01   7.1354435e+00  -4.1475977e-03   2.6453945e-03  -2.2020910e-04
   2.3439379e-01   5.9316294e-01   6.8959590e+00  -1.1392331e-02  -3.8150548e-06   1.2657578e-03
   2.2488295e-01   5.7953684e-01   7.0072672e+00  -9.5458540e-03  -9.5750719e-04   7.6335766e-04
   2.2277860e-01   6.1532654e-01   7.0192715e+00  -9.0954590e-03  -2.1644724e-03   6.0831775e-04
   2.1074188e-01   6.3017687e-01   7.0585764e+00  -8.1990137e-03  -2.3974592e-03   5.9001684e-04
   2.2837954e-01   6.4545693e-01   7.0450235e+00  -8.1288409e-03  -2.6032231e-03   4.6765394e-04
   2.2647126e-01   6.4736185e-01   7.0157234e+00  -8.5448891e-03  -2.5762926e-03   4.4564561e-04
   2.1165032e-01   6.5867894e-01   7.0147088e+00  -8.6151194e-03  -2.6420097e-03   4.1601189e-04
   2.1659542e-01   6.4790901e-01   6.9865362e+00  -8.9858274e-03  -3.2151444e-03   2.0175995e-04
   2.2273476e-01   6.7909154e-01   6.9838926e+00  -8.0602922e-03  -2.1194325e-03   7.3260119e-04
   2.2684774e-01   6.0355969e-01   7.0316823e+00  -9.0477333e-03  -2.2600047e-03   5.1809363e-04
   2.1305142e-01   6.0809894e-01   7.0538127e+00  -8.5810334e-03  -2.7913594e-03   3.6231009e-04
   2.2658053e-01   6.3706577e-01   7.0927904e+00  -8.2516515e-03  -2.7024520e-03   9.6675850e-05
   2.2208245e-01   6.5599902e-01   7.0787871e+00  -8.3134047e-03  -3.0514876e-03   3.5702977e-04
   2.2649513e-01   6.4760130e-01   7.0438321e+00  -9.3132532e-03  -2.9129801e-03   1.3311589e-04
   2.2720269e-01   6.4943401e-01   7.0296328e+00  -9.5427429e-03  -3.1750788e-03   1.6594233e-04
   2.0313301e-01   6.3869500e-01   7.0563915e+00  -8.9004566e-03  -3.0200797e-03   3.6585178e-04
   2.0857375e-01   6.3589150e-01   7.0584999e+00  -8.6571317e-03  -3.5525589e-03   8.8444259e-05
   2.0819341e-01   6.0395315e-01   7.0778937e+00  -8.2181248e-03  -3.0022955e-03   2.7011137e-04
   2.0578913e-01   6.4238752e-01   7.0660272e+00  -9.1493209e-03  -3.6672471e-03   1.2459242e-04
   2.3274072e-01   6.2077747e-01   7.1979431e+00  -1.0703121e-02  -2.7370455e-04  -3.5287854e-04
   1.9685067e-01   5.9341543e-01   7.1778382e+00  -1.0803851e-02  -2.1492283e-03   5.9737779e-04
   2.1396201e-01   6.2788680e-01   7.1896840e+00  -1.0380004e-02  -2.5074186e-03   1.0831243e-04
   2.0754428e-01   6.3496195e-01   7.2254037e+00  -1.0393058e-02  -2.8593035e-03   3.1955099e-04
   2.3587972e-01   5.3896894e-01   7.3101080e+00  -1.4308656e-02  -7.5272031e-04   8.5519397e-04
   2.6880938e-01   5.6954991e-01   7.3795377e+00  -1.5331524e-02   8.7014309e-04   5.4278399e-04
   2.3137611e-01   5.7302800e-01   7.3228390e+00  -1.4197662e-02  -3.9610792e-04   1.0060102e-03
   2.3721272e-01   5.9925345e-01   7.2497234e+00  -1.1881291e-02  -1.2879040e-03   7.9154680e-04
   2.4818532e-01   6.2589832e-01   7.3221804e+00  -1.2277228e-02  -9.1454757e-04   4.8912752e-04
   2.2675338e-01   6.1943255e-01   7.3333552e+00  -1.1019273e-02  -1.5547967e-03   6.8199416e-04
   2.1336508e-01   6.3909273e-01   7.3644132e+00  -1.0487387e-02  -1.9086295e-03   1.0532597e-03
   2.2585202e-01   6.3804817e-01   7.3305277e+00  -1.0988279e-02  -1.9999662e-03   6.7184917e-04
   2.0769683e-01   6.3517002e-01   7.3076699e+00  -1.0924835e-02  -2.4587063e-03   6.3991919e-04
   2.1589972e-01   6.5294770e-01   7.3041327e+00  -1.1370930e-02  -2.2674093e-03   4.0364580e-04
   2.0528733e-01   6.5465851e-01   7.3200753e+00  -1.1147972e-02  -2.5263556e-03   4.7276770e-04
   2.1201864e-01   6.4924512e-01   7.3084004e+00  -1.1372484e-02  -2.8335072e-03   2.0326428e-04
   2.2936197e-01   6.5217615e-01   7.3384383e+00  -1.0763791e-02  -2.7838679e-03  -1.4202140e-05
   2.1197850e-01   6.5781003e-01   7.3558715e+00  -1.0495088e-02  -2.6277272e-03   5.4619742e-04
   2.0277952e-01   6.3458608e-01   7.3739788e+00  -1.0666915e-02  -3.1357062e-03   6.0775582e-04
   2.1453461e-01   6.5075592e-01   7.3931676e+00  -1.0391208e-02  -3.0392289e-03   4.2027632e-04
   2.1764582e-01   6.3924498e-01   7.4191472e+00  -1.0194914e-02  -2.8604246e-03   3.8333003e-04
   2.2882315e-01   6.5940926e-01   7.3960206e+00  -1.0601103e-02  -2.8116268e-03   1.5321587e-04
   2.1279153e-01   6.3144128e-01   7.4026223e+00  -1.0497635e-02  -3.2498232e-03   4.5339926e-04
   2.1562546e-01   6.6194958e-01   7.4082922e+00  -1.0594960e-02  -3.1008749e-03   2.1657896e-04
   2.2533726e-01   6.5133567e-01   7.4066350e+00  -1.0671677e-02  -3.2852891e-03   1.1798526e-04
   2.3900939e-01   6.5831532e-01   7.4176748e+00  -1.1907403e-02  -2.1269897e-03   1.8491258e-04
   2.3158371e-01   6.4128490e-01   7.4804814e+00  -1.2092175e-02  -2.4556536e-03   2.1164308e-04
   2.0190569e-01   6.0479656e-01   7.4506130e+00  -1.2023857e-02  -3.3725112e-03   7.3136550e-04
   1.9518142e-01   6.2678014e-01   7.4904938e+00  -1.1167367e-02  -3.5322285e-03   3.0270424e-04
   1.9717274e-01   6.2144287e-01   7.4840714e+00  -1.1973085e-02  -3.8263300e-03   5.9660551e-04
   2.0965947e-01   6.5146747e-01   7.4864439e+00  -1.1740723e-02  -3.6012642e-03   5.2981174e-04
   2.1818500e-01   6.6350077e-01   7.5139620e+00  -1.0701197e-02  -3.7216069e-03   2.4295263e-04
   2.0727763e-01   6.3188590e-01   7.5257909e+00  -1.1079140e-02  -3.7392230e-03   4.3034284e-04
   1.9883439e-01   6.7335704e-01   7.5429198e+00  -1.1112364e-02  -4.0374094e-03   3.2584388e-04
   1.8889871e-01   6.3824078e-01   7.5275943e+00  -1.1420985e-02  -4.1982680e-03   5.4512416e-04
   1.9342491e-01   6.3902529e-01   7.5706647e+00  -1.0636829e-02  -4.1061630e-03   1.2673834e-04
   2.1296203e-01   6.1103003e-01   7.5350565e+00  -1.2116184e-02  -4.5241623e-03  -3.0921287e-04
   2.1465850e-01   6.1727976e-01   7.5802592e+00  -1.1114734e-02  -4.1877937e-03  -9.0495981e-05
   2.0498675e-01   6.4267772e-01   7.5921364e+00  -1.0988671e-02  -4.5468790e-03   2.3393679e-04
   1.9557886e-01   6.6511456e-01   7.6143872e+00  -1.0553254e-02  -5.0899087e-03   2.9407608e-04
   2.2078536e-01   6.7752335e-01   7.6008078e+00  -1.1412095e-02  -4.4801678e-03   6.2215970e-06
   2.1581047e-01   6.5684598e-01   7.5891871e+00  -1.1222206e-02  -4.4265609e-03   2.1662940e-04
   2.1720037e-01   6.3932236e-01   7.6092818e+00  -1.1568154e-02  -4.8203179e-03  -2.8732494e-04
   2.1376050e-01   6.3987662e-01   7.6273064e+00  -1.1535820e-02  -4.5040675e-03   5.3333872e-06
   2.0364142e-01   6.3247404e-01   7.6475127e+00  -1.0999035e-02  -4.8964934e-03   1.9498241e-04
   2.1752822e-01   6.5044490e-01   7.6755847e+00  -1.1060036e-02  -4.5621704e-03   2.4775342e-04
   2.1756661e-01   6.5430119e-01   7.6728005e+00  -1.1301067e-02  -4.6381390e-03   5.4826098e-05
   2.0763832e-01   6.4397638e-01   7.6742792e+00  -1.1462140e-02  -4.4651596e-03   5.3107134e-04
   2.0895915e-01   6.4523541e-01   7.6633370e+00  -1.2032912e-02  -4.6985964e-03   5.6397942e-04
   2.1594203e-01   6.5730220e-01   7.6910335e+00  -1.1381345e-02  -4.9095984e-03   4.6812287e-05
   2.1162702e-01   6.7186993e-01   7.7216000e+00  -1.1104816e-02  -5.2334871e-03   1.7932309e-04
   2.1214198e-01   6.4113149e-01   7.7349331e+00  -1.1107894e-02  -4.8118098e-03   4.7177504e-04
   2.1763267e-01   6.2040018e-01   7.7634708e+00  -1.2215333e-02  -2.2571847e-03   3.1692897e-04
   1.5827551e-01   6.4606413e-01   7.8571604e+00  -3.5886554e-03  -2.1899053e-03  -1.3099147e-04
   1.8496837e-01   6.6923057e-01   7.6084211e+00  -1.4116447e-03  -1.8284959e-03   9.0166841e-04
   1.8096806e-01   6.6328490e-01   7.6146901e+00  -9.4750769e-04  -2.8147230e-03   6.5963713e-04
   1.6357743e-01   6.8932462e-01   7.6501364e+00  -1.3750945e-03  -3.6936536e-03   4.8542299e-04
   1.7886686e-01   6.7844943e-01   7.6643055e+00  -1.0710843e-03  -3.2862840e-03   2.7237114e-04
   1.8162227e-01   6.8844338e-01   7.7166431e+00  -7.2227261e-04  -3.4099655e-03   7.2907480e-04
   1.8473026e-01   7.0981986e-01   7.7351056e+00  -1.2892426e-03  -3.2038209e-03   5.2235354e-04
   1.7882924e-01   6.9661437e-01   7.7390746e+00  -1.2816158e-03  -3.2553784e-03   5.2584872e-04
   1.9028571e-01   6.9948273e-01   7.7207318e+00  -1.5046008e-03  -3.4612865e-03   5.6940794e-04
   1.7995358e-01   6.8898820e-01   7.7463023e+00  -1.2778012e-03  -3.2878860e-03   3.6450939e-04
   1.7638611e-01   6.9737752e-01   7.7475937e+00  -1.3125238e-03  -3.6735457e-03   5.9953651e-04
   1.9454903e-01   7.1355707e-01   7.7532808e+00  -1.1417049e-03  -3.4317251e-03   4.4880405e-04
   1.7406099e-01   7.2268347e-01   7.7879654e+00  -1.4293832e-03  -3.5088931e-03   7.7661513e-04
   1.8460407e-01   7.1147273e-01   7.7826245e+00  -1.6495286e-03  -3.5470926e-03   5.1025386e-04
   1.7570035e-01   7.1290490e-01   7.7978027e+00  -7.7745644e-04  -3.6286607e-03   6.9479614e-04
   1.8614101e-01   7.1981436e-01   7.8294810e+00  -1.1619843e-03  -3.5754237e-03   4.4037431e-04
   1.9819294e-01   6.8719869e-01   7.8012949e+00  -1.9039029e-03  -3.3334517e-03   3.1424210e-04
   2.0740452e-01   7.0139085e-01   7.8197480e+00  -1.5475030e-03  -3.4714182e-03   3.6294147e-04
   1.9536722e-01   7.0385142e-01   7.8452441e+00  -1.6267658e-03  -3.9824383e-03   3.2449669e-04
   1.8853929e-01   7.2283266e-01   7.8614407e+00  -1.4883043e-03  -4.3991744e-03   5.1362583e-04
   2.1567082e-01   7.3640215e-01   7.8579639e+00  -1.6070193e-03  -4.0527833e-03  -8.8667614e-05
   1.8817306e-01   7.2501551e-01   7.8890562e+00  -1.3642152e-03  -4.0086207e-03   8.2265491e-04
   1.9657433e-01   7.2329699e-01   7.9035366e+00  -1.8952668e-03  -3.8061272e-03   3.9246362e-04
   1.8674120e-01   7.2502326e-01   7.9060589e+00  -1.4622715e-03  -4.3676829e-03   3.9305259e-04
   2.2047485e-01   7.3745088e-01   7.8967511e+00  -2.1903660e-03  -4.0237387e-03   2.1603250e-04
   2.3393265e-01   7.3649273e-01   8.0210146e+00  -3.6575679e-03  -8.9890173e-04   2.3659202e-05
   2.0533585e-01   6.8518887e-01   7.9648287e+00  -6.0764721e-03  -2.7040968e-03   9.3804228e-04
   1.9822727e-01   7.0175077e-01   7.9990429e+00  -4.7844704e-03  -3.1508075e-03   3.7302046e-04
   2.1032667e-01   7.1554067e-01   8.0263418e+00  -3.6967004e-03  -3.3524519e-03   1.9488828e-04
   1.9857799e-01   7.3678151e-01   8.0165021e+00  -4.6603871e-03  -3.2079358e-03   5.5127491e-04
   2.0538866e-01   7.3261661e-01   8.0260768e+00  -4.2667367e-03  -3.4309806e-03   5.6135212e-04
   2.0565837e-01   7.2878020e-01   8.0443991e+00  -4.4125633e-03  -3.7571736e-03   1.0972775e-05
   1.9687001e-01   7.0877883e-01   8.0616818e+00  -4.2942243e-03  -3.7745986e-03   5.8084304e-04
   1.2514825e-01   6.5968724e-01   7.8438207e+00  -2.1608039e-03  -1.1145955e-03   6.0509527e-04
   2.2912621e-01   5.9387797e-01   8.4008457e+00   1.8632035e-03  -1.6400724e-03  -1.4240088e-03
   2.7327227e-01   7.0000738e-01   8.0938421e+00   9.5559987e-03   4.8789107e-03  -5.8245679e-05
   2.5219625e-01   6.4274564e-01   8.0322337e+00   1.9733016e-03   4.8390639e-04   1.0742076e-03
   2.3619382e-01   6.6191519e-01   8.1160224e+00   3.2710977e-03  -6.4559791e-04   1.1930274e-03
   2.5141052e-01   6.9717952e-01   8.1474245e+00   3.4465574e-03  -9.9936757e-04   7.7147136e-04
   2.2662232e-01   7.1884797e-01   8.1564981e+00   2.8623809e-03  -1.4230253e-03   1.2766904e-03
   2.2673774e-01   7.3828666e-01   8.1969695e+00   3.6167187e-03  -1.5365184e-03   7.8543147e-04
   2.4912767e-01   7.4330526e-01   8.2036780e+00   3.5981291e-03  -1.6905474e-03   6.3124559e-04
   2.3266055e-01   7.5677043e-01   8.1928422e+00   3.4487135e-03  -2.0414855e-03   5.1684658e-04
   2.2798570e-01   7.5071022e-01   8.2068344e+00   2.7373057e-03  -2.4496364e-03   6.1023337e-04
   2.2587341e-01   7.4343860e-01   8.2351445e+00   3.3393544e-03  -2.3234065e-03   9.4567085e-04
   2.3224524e-01   7.5132334e-01   8.2561790e+00   3.7342373e-03  -2.5256384e-03   2.7421775e-04
   2.3087955e-01   7.5206258e-01   8.2508096e+00   2.7706753e-03  -2.3112399e-03   9.3790973e-04
   2.3976524e-01   7.5880491e-01   8.2651683e+00   3.1435598e-03  -2.3816577e-03   4.9876818e-04
   2.2409344e-01   7.4317203e-01   8.2674716e+00   2.5159096e-03  -2.7687500e-03   7.6340977e-04
   2.3563736e-01   7.3614682e-01   8.2871094e+00   2.9739169e-03  -2.5358584e-03   5.0754060e-04
   2.4109341e-01   7.6367956e-01   8.2854570e+00   2.5217004e-03  -2.5545979e-03   5.7053385e-04
   2.1732841e-01   7.5093038e-01   8.2851155e+00   2.7262000e-03  -3.2600133e-03   3.1213695e-04
   2.3042065e-01   7.5090030e-01   8.2887577e+00   2.5547227e-03  -3.0197424e-03   4.7145117e-04
   2.1565043e-01   7.7987840e-01   8.3219084e+00   3.3606225e-03  -3.4820640e-03   6.8993500e-04
   2.3409350e-01   7.5733831e-01   8.3221987e+00   2.9923641e-03  -3.2487866e-03   1.8707031e-04
   2.0984166e-01   7.6653860e-01   8.3375555e+00   3.2117901e-03  -3.9415642e-03   3.3212266e-04
   2.3249038e-01   7.5138236e-01   8.3126642e+00   2.1318419e-03  -3.6797207e-03   8.7031231e-05
   2.2030900e-01   7.4529366e-01   8.3229237e+00   2.4671034e-03  -3.7843022e-03   5.7861239e-04
   2.0050129e-01   7.6391632e-01   8.1968291e+00   3.4617318e-03  -1.6325008e-03   2.4158243e-04
   2.0441480e-01   6.6653690e-01   8.3821254e+00  -8.3683711e-04  -1.3035779e-03  -2.6774244e-04
   2.1692404e-01   6.8609043e-01   8.2815931e+00  -1.9667479e-03  -3.1607290e-03   4.7515309e-04
   2.1372482e-01   6.8250114e-01   8.4165238e+00   2.2327475e-03  -2.8295087e-03   9.4750289e-04
   2.4355959e-01   7.1549850e-01   8.4116920e+00  -9.6351767e-05  -2.0399313e-03   1.2907560e-03
   2.1752646e-01   6.9941363e-01   8.3744132e+00  -1.5429018e-03  -3.1574474e-03   8.5739678e-04
   2.1989444e-01   7.2488477e-01   8.4197454e+00   2.8431940e-04  -3.4665606e-03   8.0730153e-04
   2.2144847e-01   7.3645209e-01   8.4213907e+00  -8.5515698e-05  -3.6565770e-03   7.3318076e-04
   2.1799366e-01   7.5867518e-01   8.3885069e+00  -2.6732290e-04  -3.6629782e-03   5.8006658e-04
   2.1976719e-01   7.2648416e-01   8.3995605e+00  -5.6675767e-04  -3.9304758e-03   3.2409867e-04
   2.2525416e-01   7.4446905e-01   8.4065898e+00  -8.8156827e-04  -3.4537425e-03   5.5669099e-04
   2.1596752e-01   7.4528640e-01   8.3997410e+00  -1.5235571e-03  -3.7598466e-03   8.2838840e-04
   2.1750864e-01   7.3823193e-01   8.4077080e+00  -6.7390416e-04  -4.5204439e-03   3.3265752e-04
   2.1966455e-01   7.3849183e-01   8.4165585e+00  -1.1371057e-03  -4.3322468e-03   3.3897487e-04
   2.1097268e-01   7.5294559e-01   8.4347564e+00  -1.8373148e-04  -4.7041313e-03   4.1304489e-04
   2.1593150e-01   7.5874913e-01   8.4355682e+00  -5.1096567e-04  -4.2429138e-03   6.9897501e-04
   2.1932755e-01   7.4382339e-01   8.4244093e+00  -1.1373387e-03  -4.9720484e-03   4.0278992e-04
   2.0888029e-01   7.4488429e-01   8.4415650e+00  -1.0180636e-03  -4.8559341e-03   4.6149807e-04
   1.9874385e-01   7.4798326e-01   8.4545833e+00  -4.8859331e-04  -5.1544138e-03   7.6919844e-04
   2.0594750e-01   7.3342426e-01   8.4776200e+00  -7.8755582e-04  -5.3208344e-03   2.0793344e-04
   2.0300031e-01   7.6201922e-01   8.4953696e+00  -4.3410966e-04  -5.1906003e-03   6.2820371e-04
   2.0294521e-01   7.5576068e-01   8.4715100e+00  -9.4553545e-04  -5.1894337e-03   5.2182552e-04
   1.9670220e-01   7.4158596e-01   8.5180614e+00  -4.2338261e-05  -5.3790476e-03   4.9886405e-04
   2.0001184e-01   7.5793668e-01   8.5312843e+00  -1.1684347e-04  -5.1668193e-03   3.2665414e-04
   1.9981757e-01   7.5503657e-01   8.5145846e+00  -4.4201781e-04  -5.0688600e-03   4.9046891e-04
   2.0330391e-01   7.5710568e-01   8.5175580e+00  -7.3688462e-04  -5.1601288e-03   9.3000481e-05
   2.0713736e-01   7.6772089e-01   8.5459639e+00  -5.8394103e-04  -5.2537977e-03   4.1127096e-04
   2.0327335e-01   7.5475175e-01   8.5519792e+00  -6.1783934e-04  -5.7216507e-03   2.5966126e-04
   1.9798839e-01   7.7593911e-01   8.5609248e+00  -4.4088859e-04  -5.6249047e-03   4.3776083e-04
   1.9527584e-01   7.3719249e-01   8.5677969e+00  -6.0761170e-04  -5.5823330e-03   8.0670408e-04
   2.1063999e-01   7.4426959e-01   8.5716611e+00  -6.9427622e-04  -6.1136389e-03   1.7464495e-04
   2.1138479e-01   7.6847405e-01   8.6177216e+00   3.1689470e-04  -5.7987224e-03   5.6158493e-04
   2.0906378e-01   7.5974495e-01   8.6167835e+00  -4.7754656e-04  -5.4801740e-03   6.2297220e-04
   2.1153188e-01   7.7571110e-01   8.6385925e+00  -1.6482497e-04  -5.7654286e-03   8.9950026e-04
   2.0992728e-01   7.4907369e-01   8.6537307e+00  -7.0900394e-05  -5.7984072e-03   5.2083000e-04
   2.0206272e-01   7.7365580e-01   8.6682814e+00  -2.6693897e-04  -5.9608136e-03   4.7194052e-04
   2.0540404e-01   7.5404644e-01   8.6694338e+00  -1.0385936e-03  -5.4636003e-03   7.5821162e-04
   2.0441768e-01   7.6209099e-01   8.6791424e+00  -4.3742501e-04  -5.8221307e-03   3.6075146e-04
   2.0658301e-01   7.6844013e-01   8.7095220e+00  -7.6302888e-04  -5.8731137e-03   2.8787573e-04
   2.0772854e-01   7.3976372e-01   8.6873511e+00  -1.1787432e-03  -5.6825045e-03   7.4407945e-04
   2.0708787e-01   7.6066065e-01   8.7330581e+00   3.7233192e-05  -6.0154018e-03   3.2175728e-04
   2.1517427e-01   7.7823068e-01   8.7460687e+00  -2.5175698e-04  -6.0092214e-03   3.2378112e-04
   2.2288700e-01   7.6429906e-01   8.7050362e+00  -1.3910840e-03  -5.7552202e-03   5.7650077e-04
   2.1109950e-01   7.7644403e-01   8.7427370e+00  -3.8390335e-04  -5.8353922e-03   5.0256607e-04
   2.3156707e-01   7.6622128e-01   8.7642801e+00  -2.6983615e-04  -5.1860582e-03   5.1899443e-04
   1.9554827e-01   7.8746924e-01   8.9216494e+00  -1.0227690e-04  -3.2713400e-03   2.8145901e-04
   2.5759470e-01   6.2489660e-01   9.2155103e+00  -8.7661399e-04   1.0324629e-03   1.5676236e-03
   3.3733905e-01   6.6340589e-01   9.2386005e+00  -1.1339400e-02   4.2017537e-04   9.3376758e-04
   3.0249616e-01   6.7072807e-01   9.2235063e+00  -1.1606840e-02  -1.3084948e-03   7.5653161e-04
   2.8985675e-01   6.9065443e-01   9.2724213e+00  -1.0383455e-02  -1.8083754e-03   7.6909638e-04
   2.9467641e-01   7.1362387e-01   9.2987904e+00  -1.0878303e-02  -2.0292692e-03   8.1870268e-04
   3.0235170e-01   7.2208985e-01   9.2952228e+00  -1.0753654e-02  -2.0785561e-03   9.0985742e-04
   3.0030681e-01   7.4889107e-01   9.2875897e+00  -1.1074751e-02  -2.5168300e-03   5.7191276e-04
   2.7378160e-01   7.3500081e-01   9.2795913e+00  -1.1258008e-02  -3.3604274e-03   6.9166653e-04
   2.7102845e-01   7.2603001e-01   9.2818567e+00  -1.0794402e-02  -3.5505182e-03   7.5634736e-04
   2.8314976e-01   7.3929585e-01   9.3119437e+00  -1.0120877e-02  -3.2530359e-03   5.5314089e-04
   2.8697548e-01   7.4102021e-01   9.3231380e+00  -1.0081395e-02  -3.5852009e-03   6.4555662e-04
   2.7099809e-01   7.6999769e-01   9.3364231e+00  -1.0178962e-02  -3.2871102e-03   8.5121235e-04
   2.8225341e-01   7.8438672e-01   9.2872406e+00  -9.3996643e-03  -2.8544403e-03   5.5260028e-04
   2.7903925e-01   7.4046064e-01   9.3237203e+00  -9.8295021e-03  -3.3644966e-03   4.6852488e-04
   2.6697748e-01   7.7634380e-01   9.3877896e+00  -8.3732314e-03  -3.4721741e-03   4.4591088e-04
   2.8406922e-01   7.7537590e-01   9.3764159e+00  -9.4440707e-03  -3.2770697e-03   2.8621028e-04
   2.7633912e-01   7.7319267e-01   9.3608279e+00  -9.6810433e-03  -3.6702871e-03   5.0914514e-04
   2.6086712e-01   7.5878884e-01   9.3733579e+00  -1.0090538e-02  -3.6788558e-03   6.2114275e-04
   2.7990111e-01   7.7029804e-01   9.3892484e+00  -1.0075856e-02  -3.3009175e-03   4.9197215e-04
   2.7280303e-01   7.6891967e-01   9.4031262e+00  -9.9661096e-03  -3.7602782e-03   4.3676683e-04
   2.7719781e-01   7.8908437e-01   9.3756053e+00  -1.0362864e-02  -4.3726340e-03   4.5031319e-05
   2.6471437e-01   7.8014146e-01   9.3757523e+00  -1.0262328e-02  -4.3876401e-03   2.8595086e-04
   2.6599792e-01   7.8305073e-01   9.3977832e+00  -1.0261367e-02  -4.4870426e-03   3.6817084e-04
   2.6432109e-01   7.7162130e-01   9.4263568e+00  -9.6472598e-03  -4.1087250e-03   1.1561852e-04
   2.4884194e-01   7.5019427e-01   9.4038983e+00  -1.0563210e-02  -4.4405211e-03   3.5072205e-04
   2.6169565e-01   7.6300224e-01   9.4289186e+00  -1.0167911e-02  -4.3869189e-03   7.5266530e-04
   2.6177510e-01   7.6327014e-01   9.4689651e+00  -9.6283257e-03  -4.3799622e-03   4.9200085e-04
   2.5840097e-01   7.6470642e-01   9.4625199e+00  -9.5170575e-03  -4.4717436e-03   8.0493373e-04
   2.7197562e-01   7.6513181e-01   9.5162757e+00  -9.5009104e-03  -4.1242906e-03   3.3935125e-04
   2.6920102e-01   7.8142521e-01   9.4954660e+00  -1.0154810e-02  -4.2394080e-03   4.4316638e-04
   2.6414227e-01   7.5527521e-01   9.5027697e+00  -1.0170272e-02  -4.5196668e-03   4.4863899e-04
   2.6877860e-01   7.7579057e-01   9.5223945e+00  -1.0033156e-02  -4.4067089e-03   3.2371862e-04
   2.7407118e-01   7.8642221e-01   9.5370373e+00  -9.7404054e-03  -4.4232057e-03   8.0069281e-05
   2.7107174e-01   7.9270295e-01   9.5276105e+00  -1.0463312e-02  -4.7225845e-03   1.7985219e-04
   2.5170835e-01   7.7947067e-01   9.5333124e+00  -1.0198357e-02  -4.8264938e-03   4.6177739e-04
   2.5913043e-01   7.6945715e-01   9.5165828e+00  -1.0803387e-02  -5.1048892e-03   2.6419706e-04
   2.5417637e-01   7.6682439e-01   9.5406003e+00  -9.9475073e-03  -5.1173157e-03   2.1989993e-04
   2.7671820e-01   7.8299264e-01   9.5444773e+00  -1.0414855e-02  -4.8756710e-03   8.7325427e-05
   2.4516719e-01   7.6242053e-01   9.5419921e+00  -1.0579400e-02  -5.2740935e-03   4.1437249e-04
   2.4701746e-01   7.7893094e-01   9.5769369e+00  -9.7026573e-03  -5.4102360e-03   1.4927675e-04
   2.6512552e-01   7.7774779e-01   9.5680964e+00  -1.0467056e-02  -5.1324488e-03   1.0355928e-04
   2.5803533e-01   7.8805295e-01   9.5630800e+00  -1.0457367e-02  -5.1832243e-03   1.5871496e-04
   2.6315353e-01   7.8765003e-01   9.6667604e+00  -1.1340410e-02  -3.8772095e-03  -1.2868586e-04
   3.1875564e-01   7.6318305e-01   9.6699730e+00  -1.1852041e-02  -2.1141937e-03   7.6012755e-04
   2.7727336e-01   7.3004446e-01   9.6559957e+00  -1.2222104e-02  -3.8009154e-03   8.2429083e-04
   3.0992284e-01   7.9400984e-01   9.6892771e+00  -1.0515418e-02  -3.2034010e-03   1.1838468e-04
   2.8965569e-01   7.7829934e-01   9.7011898e+00  -1.0964819e-02  -4.1784056e-03   9.1452550e-05
   2.6316585e-01   7.9215467e-01   9.7251087e+00  -1.1081969e-02  -5.0863200e-03   3.6249390e-04
   2.6687234e-01   7.9750206e-01   9.7366778e+00  -1.1309232e-02  -5.2755969e-03   2.6546397e-04
   2.6693557e-01   7.8556839e-01   9.7314329e+00  -1.1093670e-02  -5.4444037e-03   3.4944887e-04
   2.5380882e-01   7.7218990e-01   9.6953901e+00  -1.2150246e-02  -5.5235566e-03   8.6229348e-04
   2.6362991e-01   7.5488169e-01   9.7106957e+00  -1.2926256e-02  -5.5528103e-03   5.0088403e-04
   2.6357649e-01   7.5394439e-01   9.7282299e+00  -1.2186407e-02  -5.6457520e-03  -9.4911553e-05
   2.4831134e-01   7.7378268e-01   9.7392554e+00  -1.2254391e-02  -5.6055005e-03   6.0635340e-04
   2.5704399e-01   7.8256118e-01   9.7509567e+00  -1.2343667e-02  -5.7783856e-03   6.2393045e-04
   2.5278176e-01   7.7379236e-01   9.7605799e+00  -1.2322299e-02  -6.1562650e-03   5.7029444e-04
   2.5043604e-01   7.6766757e-01   9.7377720e+00  -1.3043254e-02  -5.8561587e-03   4.8689464e-04
   2.6462978e-01   7.7183985e-01   9.7548175e+00  -1.3273627e-02  -6.0665613e-03   2.5932765e-04
   2.5451501e-01   7.5991658e-01   9.7552196e+00  -1.3241582e-02  -5.8050758e-03   3.9596990e-04
   2.5341642e-01   7.6504936e-01   9.7768527e+00  -1.2351769e-02  -5.7660122e-03   7.0587928e-04
   2.5478293e-01   7.6793921e-01   9.8053255e+00  -1.2243262e-02  -5.7463373e-03   6.2793928e-04
   2.6885447e-01   7.6327929e-01   9.8198318e+00  -1.2173645e-02  -5.5174111e-03   4.3887013e-04
   2.6232256e-01   7.6048323e-01   9.8467992e+00  -1.1731560e-02  -5.8611600e-03   5.5227287e-04
   2.7494447e-01   7.8891633e-01   9.8426899e+00  -1.2385601e-02  -5.6342334e-03   5.8460551e-04
   2.7886211e-01   7.6334754e-01   9.8743817e+00  -1.3215206e-02  -3.7021368e-03   9.0802900e-04
   2.8490260e-01   7.2703366e-01   9.8719704e+00  -1.3593864e-02  -3.6727350e-03   7.1232693e-04
