  -6.4539699e-15  -1.4210855e-14   6.7425747e-15   3.1673407e-18   1.8228892e-18  -7.7037198e-34
   4.5257736e-03  -2.3237656e-02   9.6975502e-03   1.6856895e-04   1.0361821e-04   8.4896230e-05
   8.8815935e-03  -2.7661706e-02   6.4329925e-03   6.8531793e-05  -3.6460602e-05  -9.9085552e-05
   1.5745998e-02  -3.1166380e-02   1.8012345e-02   4.2171432e-04  -4.6546881e-05  -2.7781484e-04
  -7.5231982e-03  -2.7834286e-02  -1.8355310e-03  -3.2045163e-04  -6.5096596e-04  -1.4868847e-04
   4.6900661e-03  -3.5977401e-02   1.7467825e-02   7.2011610e-04  -5.1514116e-04  -4.9663509e-04
   2.2031550e-02  -1.8292472e-03  -5.7890489e-02  -6.7557972e-04  -5.5430992e-04  -3.9342943e-04
   7.0418296e-03  -4.1168636e-02  -1.3133881e-02  -6.1456017e-04  -4.9052395e-04  -3.0442857e-04
   6.9454285e-03  -2.3350410e-02  -6.8265395e-02  -5.9244489e-04   1.5204853e-04   3.1585275e-04
   3.0641881e-02  -4.5881081e-02   9.5659033e-03  -2.2100993e-04  -2.4563569e-04  -9.2970525e-04
   2.1645630e-02  -2.5760366e-02   6.7387693e-02   5.5433824e-04  -6.2450886e-04  -1.1198919e-03
   4.1547052e-02   3.3209759e-02  -1.1464615e-02  -1.7969945e-03   8.3808736e-04  -8.3188597e-04
   2.5442981e-02  -1.9303243e-02  -7.5717819e-02   1.0825492e-03   7.3936578e-04  -1.2746551e-04
   1.7838811e-02   7.1397644e-03  -1.3309049e-01   9.6192315e-04   1.5002306e-04  -7.8374931e-04
   4.6241912e-02   4.8934616e-02  -2.4646979e-01   8.1013730e-04   4.8613574e-04  -1.4163136e-03
   4.4470461e-02   3.1020100e-02  -2.1465454e-01   2.4236748e-03   3.1690128e-04  -1.3088486e-03
   5.1490849e-02  -1.6848912e-02  -1.7597908e-01   2.1503225e-03   3.8102557e-04  -6.2788527e-04
   1.6352440e-02  -1.5843445e-02   6.0710234e-02   7.5109679e-04   9.4289196e-04  -9.7037495e-04
   2.0672081e-02  -2.1332638e-02   8.0417494e-02   7.7312085e-04   9.0532394e-04  -9.8853791e-04
  -1.5052575e-02  -3.4045503e-02   3.6459747e-02   3.3539772e-03   6.0188072e-05  -6.0870232e-05
  -1.2906541e-02   3.6410273e-03   2.0153492e-01   7.0310051e-04  -4.6334862e-04  -1.5650256e-03
  -2.2809352e-02  -1.6267088e-02   1.8316844e-01  -2.5465332e-04   2.6622311e-04  -1.3221337e-03
  -2.8134992e-02  -1.3146210e-02   1.9195036e-01   1.9339219e-04   9.8231198e-05  -9.3825829e-04
  -1.8332743e-02  -2.0138182e-02   2.0115813e-01   1.2288749e-04   2.4302604e-04  -6.2543826e-04
  -1.2729355e-02  -1.0784955e-02   1.7241268e-01  -1.1467685e-03  -6.5087224e-05  -6.5996638e-04
  -1.9787182e-03  -8.9083349e-03   1.5563271e-01  -1.4682183e-03  -3.8176413e-04  -8.8007826e-04
   1.0649186e-02  -2.4759465e-02  -4.4651491e-03  -6.7345224e-04  -1.9754270e-04   4.0410401e-05
  -2.2270946e-03  -3.8163123e-02   1.3724770e-01   4.2265924e-04  -4.0693208e-05  -7.7094460e-04
  -5.7285681e-03   1.3740673e-02   1.5907392e-01   2.2064227e-04   8.0770329e-04  -1.2149452e-03
   6.2191343e-04   4.9218929e-03   1.6820427e-01   6.6471666e-04   5.8370783e-04  -1.0092512e-03
   4.0575735e-03   1.0608509e-02   1.4754136e-01  -1.2331442e-04   3.0945436e-04  -9.6351297e-04
  -7.3935795e-03   1.5432771e-02   1.4030757e-01  -2.4820367e-04   4.1095404e-04  -4.2971229e-04
   1.6123271e-02   1.0656346e-02  -6.2851504e-02  -2.2908299e-03   9.1610316e-04  -4.0216874e-04
  -8.4184325e-03  -4.1439746e-02   9.5113676e-02   1.6091325e-03  -2.6856938e-04  -1.2334346e-03
  -9.3691297e-03  -9.5359439e-03   1.7916383e-01   1.3874208e-03   3.2855630e-04  -1.0366423e-03
   1.1969252e-02  -3.5224286e-03   1.8203462e-01   1.4662744e-03   3.9213983e-04  -1.4717285e-03
   2.3188316e-02  -6.8827937e-03   1.3346168e-01   2.5145238e-03   5.4177624e-04  -1.5872763e-03
   4.9809608e-02   4.7051438e-02   8.3304926e-03  -3.9488978e-03   2.4731062e-04  -1.7688577e-03
  -1.9000325e-03   1.0817448e-02   1.9681883e-01   3.4740391e-03  -1.1416405e-04  -2.0440795e-03
  -7.7683035e-03   2.4131573e-02   2.1894110e-01   6.3992828e-04   2.2383435e-04  -1.8657041e-03
  -2.6371741e-02   2.9174736e-02   2.3240286e-01   5.1372016e-04  -7.2481957e-05  -7.9288598e-04
   2.1294092e-02   2.5499617e-02   8.0630495e-02   4.3297031e-05  -1.9650923e-04  -1.7282313e-03
  -1.6749383e-02   1.7590136e-02   2.3329274e-01   3.8286435e-05  -6.2318133e-05  -1.6661783e-03
  -4.5327890e-04   1.1208141e-02   2.4880766e-01   3.4714695e-04   2.1167542e-04  -1.6482306e-03
   1.6437343e-02   3.4097737e-03   1.0390211e-01  -2.9293173e-03   2.6008595e-04  -1.3637088e-03
   4.9054944e-03   1.8953105e-02   1.8884399e-01   1.5969186e-03   3.2781766e-04  -1.6675480e-03
   8.7505232e-03   8.0371171e-03   2.5369995e-01   1.6452012e-04   7.5165950e-04  -1.7950026e-03
   4.8878585e-03  -5.0257128e-03   2.5094588e-01   8.8606183e-04   1.0115438e-03  -1.2756873e-03
   4.8153192e-03  -1.3646137e-02   2.5975129e-01   6.0914304e-04   2.8405701e-04  -1.0560403e-03
   1.1437225e-02   7.1430524e-03   1.7076860e-01   3.4478602e-04   8.4260145e-04   2.2919836e-05
  -7.1528873e-03   6.2383413e-03   1.7304334e-01   6.1628404e-04   5.5909109e-05  -1.4363493e-03
  -3.0365762e-02   1.2547615e-02   2.3946814e-01   1.1154828e-04  -2.2693631e-04  -9.9605398e-04
  -1.5380617e-02   1.6537420e-02   2.7667977e-01  -6.4622083e-05  -2.9787828e-04  -1.0557540e-03
  -2.2057426e-02  -1.7794390e-03   2.8525652e-01  -1.0241593e-03  -6.3523729e-04  -7.4046272e-04
  -2.6972944e-02   2.1587282e-02   3.1344081e-01  -8.1177259e-04  -2.8919923e-04  -7.7121033e-04
   5.8537962e-03   3.0039099e-02   7.6037793e-02  -2.3733867e-03   3.2656468e-04  -2.2267305e-04
  -1.8963804e-02   2.8213181e-02   3.1472066e-01   3.4805408e-03  -7.7581135e-04  -1.2710498e-03
  -1.6614688e-02   3.7540013e-02   3.3585758e-01   2.3521570e-04  -6.8576753e-04  -1.3354663e-03
  -2.5733132e-02   1.9684139e-02   3.9864589e-01   1.6396354e-03  -8.4538171e-04  -1.1774093e-03
  -2.9706005e-02   1.9211286e-02   4.4571797e-01  -8.6444649e-05  -6.3860715e-04  -1.4051556e-03
  -2.8646838e-02   4.3601482e-03   4.2136757e-01  -3.1996801e-04  -5.2102411e-04  -1.3094100e-03
  -3.2747066e-02   2.2031811e-02   4.3009150e-01  -4.4496845e-04  -5.3745031e-04  -1.0570401e-03
  -3.5827589e-02   3.3699680e-02   4.0773459e-01  -9.1544626e-04  -9.1432353e-04  -9.0599530e-04
  -2.8908514e-02   1.9650583e-02   4.1234805e-01  -7.6091649e-04  -5.3378779e-04  -7.3824912e-04
  -1.7727143e-02   1.8455984e-02   3.8888894e-01  -7.6364820e-04  -6.6787955e-04  -9.6892118e-04
   1.3155506e-02   1.6161776e-02   2.2454889e-01  -1.4730012e-03  -6.4451665e-05  -1.2723382e-03
  -3.0915965e-02   5.2561272e-02   4.2488775e-01  -4.8667352e-04  -9.0578679e-05  -1.1515636e-03
  -2.0380108e-02   3.4180118e-02   4.3699878e-01  -2.3418911e-04  -3.0434898e-04  -1.0754223e-03
  -2.1143371e-02   2.7497102e-02   4.8205860e-01  -1.0409450e-04  -3.1900167e-04  -1.0137348e-03
  -1.0257867e-02   2.6820943e-02   4.4296856e-01  -8.7413581e-04   2.6386918e-04  -1.2266437e-03
  -1.2161250e-02   3.5477939e-02   2.6914925e-01  -4.7008581e-04   4.1151245e-04  -3.8859284e-04
  -3.4083647e-03   2.9936238e-02   4.5231964e-01  -3.5461368e-04  -2.5434785e-04  -1.3503680e-03
  -8.1412415e-03   3.5224213e-02   4.9218729e-01  -1.4352902e-04  -1.4411947e-04  -1.2704796e-03
  -6.0147117e-03   1.4743053e-02   4.8270902e-01  -1.6563100e-04  -4.4856112e-04  -1.1755234e-03
  -2.4181401e-02   2.6291678e-02   5.0004454e-01  -1.0010873e-04  -3.8310359e-04  -6.6675095e-04
  -1.5973062e-02   3.2524895e-02   4.8612969e-01  -2.5029454e-04  -2.7166617e-04  -1.0121438e-03
  -2.1714325e-02   3.1448043e-02   4.8723994e-01  -1.7703982e-04  -1.8726266e-04  -7.9132296e-04
  -1.3660863e-02   1.4692129e-02   4.8286607e-01  -2.1924147e-04  -1.4364991e-04  -9.3347113e-04
  -1.6046312e-02   2.1504999e-02   4.7835923e-01  -1.3549771e-03  -4.9921243e-04  -9.7682036e-04
  -7.2357246e-03   4.1598539e-02   4.6682371e-01   5.8935086e-05  -1.6242724e-04  -9.7955553e-04
   2.0163557e-02   4.3932639e-02   2.0197824e-01   4.0891239e-04   6.9825887e-04  -5.9354812e-04
  -4.7071884e-04   6.8077044e-02   3.1744567e-01   1.4869175e-04  -2.9615328e-04  -1.9674640e-03
   2.4891772e-02   7.1909328e-02   2.2160687e-01  -3.9245222e-04   5.2004937e-05  -2.5423227e-03
   1.3020082e-02   8.0069919e-02   2.8823927e-01   1.6478868e-03  -4.0588251e-05  -2.1737022e-03
   1.6324285e-02   6.1888323e-02   3.6594143e-01   1.2009455e-03   3.1855481e-04  -1.5755596e-03
   9.7133524e-03   4.3249531e-02   4.4164982e-01   6.9926952e-04   1.5951274e-04  -1.2165745e-03
   1.2211943e-02   2.5901808e-02   4.6525461e-01  -5.5369940e-04  -2.7904255e-04  -1.4094206e-03
   4.4770741e-02   4.5960199e-02   5.6137161e-01   3.5328238e-03   8.6385723e-04  -1.2194884e-03
  -1.1966004e-02   7.6140191e-02   6.4485970e-01  -7.4547262e-04  -7.5768197e-05  -1.7745663e-03
   3.3943322e-05   6.4995820e-02   6.6432480e-01  -9.2847469e-04   6.2565036e-04  -1.7334927e-03
   7.5819421e-03   5.3146798e-02   6.8279312e-01  -6.1205908e-04   5.0293550e-04  -1.4467038e-03
   1.0379410e-02   7.3683689e-02   5.1098673e-01   1.2468323e-03   3.1980064e-04  -1.2638471e-03
   1.9478265e-03   6.5740139e-02   6.5183680e-01  -4.4765281e-04   7.3459295e-06  -2.1972053e-03
   1.2989218e-02   6.4314799e-02   5.7460585e-01   1.3971372e-03   4.6321348e-04  -1.9212197e-03
  -1.3245490e-02   4.2921544e-02   6.9390451e-01   1.6157282e-04  -3.2973059e-04  -1.9895273e-03
   1.7980318e-03   6.1422256e-02   6.7923015e-01  -9.3417091e-04  -4.8921520e-05  -1.9467896e-03
  -1.0889448e-02   6.7588921e-02   6.8392623e-01  -6.1331393e-04  -5.2639232e-04  -1.5176745e-03
  -7.4349771e-03   6.0680700e-02   7.2401942e-01  -4.0153743e-04  -8.5947203e-04  -1.6448516e-03
   6.6294456e-02   5.4581862e-02   4.9584447e-01  -1.8419040e-03   5.3843667e-04  -1.6121376e-03
   1.7854280e-03   6.4714961e-02   7.0289024e-01   4.8607985e-04  -3.3296257e-04  -1.7474722e-03
   2.1651741e-02   8.7161773e-02   6.1071208e-01   4.2080626e-03  -3.2475994e-05  -1.7357254e-03
  -1.4097923e-02   6.1001662e-02   7.3655863e-01   3.9044287e-05   3.3539748e-05  -1.7069095e-03
  -2.0853869e-03   7.9926134e-02   7.5811026e-01   2.3350515e-04  -4.8089316e-04  -1.6458458e-03
   3.3897416e-03   7.4762432e-02   7.3639098e-01  -6.8670312e-04  -4.9756420e-05  -1.6500737e-03
   2.6657914e-02   1.0240734e-01   6.3398825e-01   2.8323055e-03   1.5580807e-04  -1.6024015e-03
  -1.3167653e-02   8.3589652e-02   7.7738078e-01  -6.4608136e-04   4.2952019e-04  -1.8190090e-03
   1.3043537e-03   7.5680451e-02   7.8643946e-01  -5.3479812e-04   1.5135136e-04  -1.6978462e-03
  -8.6613379e-03   9.6534840e-02   7.8961165e-01  -4.2791496e-04   2.2583122e-04  -1.3124469e-03
   7.3986392e-02   4.3247468e-02   4.8031449e-01   7.1984069e-04   1.0219966e-03  -1.7249507e-03
   1.5367874e-02   9.6208410e-02   7.9902302e-01  -1.0743529e-04   5.9139697e-04  -2.2905233e-03
   7.4666060e-03   1.0615852e-01   8.3411503e-01   3.9343944e-04  -6.5836711e-05  -2.4116563e-03
   4.0127300e-03   9.9198966e-02   8.4743467e-01   4.8516738e-04  -4.0425598e-05  -1.7119269e-03
   1.4735948e-02   1.2239421e-01   8.1716379e-01  -1.0996532e-04   3.4619154e-04  -1.4666415e-03
   5.1986057e-02   1.1177688e-01   6.4533296e-01  -3.4116217e-03   9.2928145e-04  -7.5740956e-04
   1.7772102e-02   7.5963508e-02   8.3237419e-01   3.7927450e-03   3.8953060e-04  -1.4159170e-03
  -6.6248453e-03   1.0716341e-01   8.8688597e-01  -2.6939391e-04  -2.4153042e-04  -1.8985140e-03
  -1.1196893e-02   9.2556603e-02   9.2046307e-01  -7.5519586e-05  -2.9074491e-04  -1.4371793e-03
   5.1689571e-03   9.7243992e-02   9.2714975e-01  -9.4948217e-04  -4.7875103e-04  -1.3585325e-03
  -3.1565564e-03   9.7469771e-02   9.2498265e-01  -1.1726834e-03  -4.2964790e-04  -1.4207653e-03
   2.4837247e-02   1.1972163e-01   7.8671838e-01   1.4186872e-04   1.2944748e-04  -2.0827996e-03
   1.5167722e-02   1.0100177e-01   8.7092235e-01  -9.3771412e-04  -1.4165253e-04  -1.6828851e-03
   3.6706961e-02   6.8717778e-02   7.5937658e-01   1.4877977e-04   7.1789649e-04  -1.6445841e-03
   4.1398574e-03   8.8440505e-02   9.6566240e-01  -1.9606383e-04  -6.3540211e-04  -2.0298396e-03
  -3.3654661e-03   9.3725232e-02   9.4233969e-01  -4.7830733e-04  -7.2950348e-04  -1.7612693e-03
   3.7820575e-03   9.5000789e-02   9.6091048e-01  -4.7978785e-04  -5.3349088e-04  -1.6458774e-03
   1.4231439e-02   1.0310784e-01   9.4179989e-01  -1.1466982e-03  -5.5651936e-04  -1.4839588e-03
   2.4801984e-02   1.0725317e-01   9.2493597e-01  -1.1771428e-03  -6.0805934e-04  -1.7119782e-03
   4.4298726e-02   1.0162758e-01   8.2567249e-01  -3.6703470e-03   9.0564528e-06  -1.4691868e-03
  -4.8119386e-03   1.1787032e-01   9.4132691e-01   8.0202816e-04  -2.5139652e-04  -1.6870144e-03
   1.8653622e-03   9.0122043e-02   9.2490660e-01  -2.5059070e-03   9.2896300e-05  -2.0246974e-03
   1.5170676e-02   1.2227719e-01   9.1129701e-01   2.5967421e-03   7.8811750e-05  -1.8243623e-03
   1.2705656e-02   1.1752875e-01   1.0170472e+00  -1.4553448e-04   3.5295258e-04  -1.7833812e-03
   3.6312497e-02   1.2495511e-01   9.5188743e-01  -1.4081836e-03   9.8424301e-04  -1.5150607e-03
   2.0643908e-02   1.1978062e-01   1.0257634e+00  -5.8678679e-04   1.1267518e-05  -1.7235037e-03
   1.6292494e-02   1.0286872e-01   1.0134279e+00  -1.0852647e-03   4.0671427e-05  -1.4363453e-03
   1.8343735e-02   1.0781257e-01   1.0357615e+00  -1.3895115e-03  -1.2497912e-04  -1.1572707e-03
   3.1826647e-02   1.0044483e-01   1.0318170e+00  -1.2366246e-03  -2.0950303e-04  -1.5836377e-03
   1.7506691e-02   1.1156411e-01   1.0081529e+00  -1.9896536e-03  -2.9068663e-04  -1.3175088e-03
   1.4300236e-03   1.2622062e-01   8.2949705e-01   2.0407877e-03  -3.2060787e-04  -9.3175943e-04
   3.2949766e-04   1.5510099e-01   1.0770901e+00  -1.2496275e-03   1.1130960e-04  -2.1551970e-03
  -4.1090059e-03   1.4151680e-01   1.0079723e+00   9.9225471e-04  -4.5714596e-04  -1.9547820e-03
  -9.2601723e-03   1.3337996e-01   1.0936039e+00  -5.5313669e-04  -1.8761424e-04  -2.0939854e-03
  -1.4876357e-02   1.3359953e-01   1.1339612e+00  -5.4373626e-04  -3.6272236e-04  -1.5099127e-03
  -1.0174611e-02   1.1149280e-01   1.1280831e+00  -6.1859656e-04  -5.2846486e-04  -1.7590466e-03
  -4.2538018e-03   1.3638945e-01   1.1201854e+00  -7.6657224e-04  -4.7131225e-04  -1.8013297e-03
   1.6652593e-04   1.3102967e-01   1.1193681e+00  -1.1972273e-03  -4.4718658e-04  -1.7285991e-03
   3.2635961e-03   1.3312664e-01   1.1219172e+00  -8.8661874e-04  -7.4944450e-04  -1.5645345e-03
   1.8843648e-03   1.3177518e-01   1.1341157e+00  -9.4414843e-04  -4.8136528e-04  -1.7716695e-03
   5.7232993e-02   1.3342440e-01   9.0574248e-01  -2.2049677e-03   4.4194379e-04  -1.1408397e-03
   1.0507577e-02   1.3157135e-01   1.1611112e+00   1.5373545e-03   5.2780358e-04  -3.4850057e-04
   4.9350814e-03   1.4179777e-01   1.2131980e+00  -7.8226989e-04   6.4685849e-04  -1.7721588e-03
  -5.6249248e-04   1.2707106e-01   1.2311730e+00  -1.1339255e-04   4.9425895e-04  -1.5576897e-03
  -6.7171080e-03   1.4003062e-01   1.2427197e+00   1.2283793e-05   6.1271146e-04  -1.2532853e-03
  -1.7837943e-03   1.6349190e-01   1.2319709e+00  -8.5713894e-04   2.8815578e-04  -1.1162658e-03
   1.4855178e-02   1.5257201e-01   1.2594391e+00  -1.2097463e-03   5.2950879e-04  -1.5200216e-03
   1.8181986e-02   1.5091876e-01   1.2281368e+00  -1.0235521e-03   3.8692339e-04  -1.4397412e-03
   7.1125165e-02   1.6959261e-01   1.0165591e+00  -7.0578755e-04   1.2144717e-03  -8.4668542e-04
   6.6367050e-03   1.5714674e-01   1.2918622e+00   1.4022814e-03   8.3168316e-04  -1.2252753e-03
   1.3709677e-02   1.5589848e-01   1.3133994e+00  -7.5999218e-05   9.6439462e-04  -1.7149284e-03
   5.9525654e-03   1.5375107e-01   1.3295306e+00   2.5841663e-04   8.2943633e-04  -1.4782474e-03
   1.0611719e-02   1.6617365e-01   1.3215097e+00  -1.2954864e-05   6.8631562e-04  -1.7628476e-03
   2.1735128e-02   1.8363796e-01   1.2528080e+00  -2.2073757e-03   1.0984018e-03  -1.4689070e-03
   3.1732626e-02   1.7289606e-01   1.2763486e+00   3.4500401e-03   1.5084553e-03  -9.8595307e-04
  -6.1115201e-03   1.6620280e-01   1.3886521e+00  -1.0344144e-03   6.4496024e-04  -1.5952188e-03
   4.0776717e-03   1.6335471e-01   1.4072337e+00  -4.3843553e-04   8.2701617e-04  -1.8609525e-03
   1.3699446e-02   1.7136820e-01   1.4268050e+00  -5.8805658e-04   6.2006398e-04  -1.8155158e-03
   1.8618521e-02   1.6222431e-01   1.3932792e+00  -1.0746050e-03   8.3613536e-04  -1.7372891e-03
   1.9596226e-02   1.8829714e-01   1.2313716e+00  -2.6696145e-03   1.1769746e-03  -1.1771819e-03
  -1.4145166e-02   1.3972288e-01   1.3704945e+00  -1.6734051e-03  -1.1673710e-04  -1.5975811e-03
  -7.5142418e-03   1.5119311e-01   1.3846660e+00  -7.0018058e-04  -1.7580868e-04  -1.6882969e-03
  -2.3298767e-03   1.6252842e-01   1.4135887e+00  -1.4047407e-03  -5.4009956e-04  -1.3685422e-03
  -3.0470042e-03   1.4729722e-01   1.4094231e+00  -1.4149921e-03  -7.2788418e-04  -1.4551273e-03
   5.0464150e-02   1.9689126e-01   1.2785168e+00  -2.2669037e-03   5.2654365e-04  -2.0255905e-03
   1.1171263e-02   1.7655990e-01   1.4293721e+00  -8.3575649e-04   3.9104297e-04  -1.7012992e-03
   1.7752732e-02   1.6550550e-01   1.4412127e+00  -9.2364930e-04  -2.2221842e-04  -2.0972624e-03
   2.5354542e-02   1.6146354e-01   1.3503553e+00   1.1165179e-03   5.7856132e-04  -1.1754391e-03
   2.0039837e-02   1.6823999e-01   1.4819270e+00  -4.2121697e-04   2.3459832e-04  -1.9788810e-03
   1.0857528e-02   1.5694343e-01   1.5498345e+00  -4.3903456e-04   1.9895685e-04  -1.8625744e-03
   1.1100186e-02   1.7589415e-01   1.5586018e+00  -9.2508101e-04   1.8594546e-04  -1.8341027e-03
   3.1686601e-03   1.8448023e-01   1.5281627e+00  -1.1910723e-03   2.6423583e-04  -1.2384397e-03
   1.6230221e-02   1.9800530e-01   1.5570429e+00  -9.1213450e-04   1.5071476e-04  -1.7394056e-03
   2.5970705e-02   2.1811212e-01   1.3821388e+00  -4.7680384e-04   3.9178543e-04  -8.8377097e-04
   5.0586572e-03   1.9250960e-01   1.5331562e+00  -8.8415783e-04   4.3365935e-04  -1.8044593e-03
   1.6186546e-02   1.7799733e-01   1.5819762e+00   4.4707767e-05   3.1550230e-04  -1.9738919e-03
   1.6563415e-02   1.8626246e-01   1.5958424e+00  -3.6354641e-05   2.5234972e-04  -1.8006557e-03
   2.4587504e-02   1.8746316e-01   1.6050948e+00  -9.3975461e-04   2.5675799e-04  -1.6247010e-03
   4.7642465e-02   1.9182712e-01   1.4248214e+00  -1.2353700e-03   1.0994554e-03  -1.6192797e-03
   1.4204678e-02   1.8054360e-01   1.6575386e+00  -1.4628948e-03   3.4036696e-04  -2.0169947e-03
   1.9458747e-02   1.8856728e-01   1.6901848e+00  -7.7348374e-04   4.7254171e-04  -1.9905950e-03
   1.9566604e-02   1.8823607e-01   1.6749537e+00  -1.2909194e-03   7.5360146e-04  -1.4828267e-03
   1.8893730e-02   1.9776231e-01   1.6458731e+00  -1.1392056e-03   4.2916971e-04  -1.6371623e-03
   3.4592626e-02   2.1238163e-01   1.6634806e+00  -7.4983545e-04   5.5528291e-04  -2.0173395e-03
   3.3833772e-02   1.9100906e-01   1.6746394e+00  -9.4693650e-04   4.0898121e-04  -1.6407113e-03
   4.1156393e-02   1.8135420e-01   1.6997698e+00  -6.7637201e-04   3.7602258e-04  -1.4618033e-03
   4.0701465e-02   1.9531274e-01   1.6347459e+00   6.9185193e-04   1.3854309e-03  -2.9539482e-04
   3.0113308e-02   2.1521291e-01   1.6887433e+00   6.1728838e-04   1.0873652e-03  -2.5281615e-03
   4.5319988e-02   2.1900045e-01   1.4798525e+00  -7.7828482e-04   1.9854946e-03  -1.7391968e-03
   4.2716408e-02   1.9335511e-01   1.7282634e+00   1.5935832e-03   9.5952512e-04  -2.5940746e-03
   2.9957077e-02   2.0063822e-01   1.7816730e+00  -5.6808582e-04   8.7514909e-04  -2.0305560e-03
   3.1381091e-02   1.9416337e-01   1.8019157e+00  -4.6414530e-04   6.9209502e-04  -2.0758063e-03
   3.5678827e-02   1.8601856e-01   1.8058578e+00  -6.5311994e-04   9.2221295e-04  -1.9022749e-03
   3.6225784e-02   1.9508165e-01   1.8115884e+00  -5.1331092e-04   7.5423326e-04  -1.7240988e-03
   3.5558435e-02   2.0262566e-01   1.7876602e+00  -1.0584203e-03   9.0872024e-04  -1.4538751e-03
   4.9710668e-02   1.9164583e-01   1.7972079e+00  -6.6846639e-04   1.0151991e-03  -1.7970893e-03
   5.6269059e-02   1.8348688e-01   1.6477091e+00  -8.1281680e-04   9.9448951e-04  -2.3454034e-03
   3.1167723e-02   2.1262537e-01   1.8721059e+00  -9.1557565e-04   6.9316038e-04  -2.6788434e-03
   2.3661250e-02   2.2717974e-01   1.8930757e+00  -4.0439739e-04   2.1823988e-04  -2.1841696e-03
   3.3225658e-02   2.3100481e-01   1.8959529e+00  -3.5310188e-04   7.3626910e-04  -2.0879502e-03
   4.5946063e-02   2.1398730e-01   1.8620020e+00  -8.7211840e-04   8.0994022e-04  -1.9786575e-03
   3.6491397e-02   2.1622593e-01   1.8784430e+00  -1.2279045e-03   5.1849704e-05  -1.7035876e-03
   3.9891943e-02   2.0722357e-01   1.8874303e+00  -6.7905137e-04   1.9128162e-05  -1.9420491e-03
   1.0686934e-01   2.1651843e-01   1.6895576e+00  -1.7551459e-03   1.7407744e-03  -1.7416740e-03
   1.3430610e-02   2.1333200e-01   1.9586567e+00  -1.1112721e-03   1.3077473e-03  -1.8418986e-03
   2.0715558e-02   2.1147023e-01   2.0027451e+00  -3.2258913e-04   1.2528075e-03  -2.0765299e-03
   2.3407263e-02   2.1079947e-01   2.0042028e+00  -7.7039800e-04   8.9134850e-04  -1.5189975e-03
   9.0574937e-02   2.4475094e-01   1.8496893e+00  -3.2399534e-03   1.7001564e-03  -1.9084770e-03
   3.7790571e-02   2.1497061e-01   1.9444422e+00   2.5226152e-03   4.7743888e-04  -1.6125536e-03
   2.8583845e-02   2.2290655e-01   2.0307897e+00  -1.1164423e-03   9.1717200e-05  -2.3104003e-03
   1.9459094e-02   2.3084539e-01   2.0661369e+00  -3.3978324e-04   3.2641534e-04  -2.0184375e-03
   2.8401406e-02   2.3495617e-01   2.0629049e+00  -7.2870842e-04   3.9793470e-04  -1.8348921e-03
   2.8813800e-02   2.2690098e-01   2.0730188e+00  -3.0000952e-04   4.8915340e-04  -1.1512320e-03
   3.4033265e-02   2.0416591e-01   2.0717473e+00  -4.5965471e-04   2.7577461e-04  -1.5645093e-03
   2.7652982e-02   2.1662681e-01   2.0913420e+00  -8.5861139e-04   7.7341683e-04  -1.5192767e-03
   4.1571364e-02   2.2338381e-01   2.1058579e+00  -7.0491791e-04   1.0384981e-03  -1.7830208e-03
   5.2792004e-02   2.2412572e-01   2.0996366e+00  -1.0119772e-03   6.6853651e-04  -1.8522416e-03
   5.7072482e-02   2.3044648e-01   2.1273434e+00  -2.9975481e-04   6.3703899e-04  -1.7270823e-03
   5.0602231e-02   2.3678083e-01   2.1234476e+00  -1.0271622e-03   7.3152140e-04  -1.6910010e-03
   6.1849866e-02   2.1680782e-01   2.1332147e+00  -9.2472000e-04   4.0414400e-04  -1.9984515e-03
   4.8193066e-02   2.0578581e-01   2.1760495e+00  -7.0981438e-04   1.4612775e-04  -1.8165101e-03
   5.6968704e-02   2.1060131e-01   2.1715195e+00  -1.4651053e-03   4.6561455e-04  -1.7315357e-03
   2.6558594e-02   2.5636257e-01   2.1304088e+00   1.0828712e-03   9.5460979e-04  -2.5437515e-03
   4.6233981e-02   2.6927962e-01   2.2330186e+00  -1.4704421e-03   5.6264830e-04  -2.9539201e-03
   4.6565400e-02   2.5714788e-01   2.2587151e+00  -6.5032718e-04   6.1917725e-04  -2.7733168e-03
   4.9022217e-02   2.5681354e-01   2.2464519e+00  -9.6591547e-04   5.2357542e-04  -2.4041369e-03
   4.9951815e-02   2.5819680e-01   2.2320112e+00  -1.2566582e-03   5.7525035e-04  -2.2684394e-03
   6.6666898e-02   1.9958864e-01   2.0865100e+00   9.5860230e-04   7.5694774e-04  -1.7628003e-03
   5.7228677e-02   2.6335113e-01   2.3250527e+00  -5.5489638e-04   8.1399119e-04  -2.7056874e-03
   6.3251450e-02   2.5153201e-01   2.3542462e+00   6.7110366e-05   1.2451547e-03  -2.3956324e-03
   6.7150368e-02   2.4958261e-01   2.3633217e+00   1.7449846e-04   1.3189590e-03  -2.0471638e-03
   7.2014356e-02   2.5596189e-01   2.3701542e+00  -1.8050098e-04   8.9694204e-04  -2.2565482e-03
   7.2283428e-02   2.5528770e-01   2.3360473e+00  -1.1555853e-03   1.0353236e-03  -2.1774679e-03
   7.3031926e-02   2.6123599e-01   2.3243320e+00  -1.2484377e-03   1.2308143e-03  -1.8751216e-03
   1.0838522e-01   2.2102091e-01   2.0756619e+00  -2.1891672e-03   2.5607954e-03  -1.0883760e-03
   5.1369817e-02   2.4227046e-01   2.3607229e+00  -1.3922295e-03   1.3384485e-03  -1.8570764e-03
   6.0958196e-02   2.5512855e-01   2.3991075e+00  -2.3881281e-05   1.4062184e-03  -2.0948353e-03
   4.9033498e-02   2.6051509e-01   2.3991878e+00  -5.1630852e-04   1.5126570e-03  -1.4884735e-03
   6.5317506e-02   2.7400583e-01   2.3840488e+00  -3.3016840e-04   1.6703484e-03  -1.6023170e-03
   7.5476499e-02   2.7730020e-01   2.3698822e+00  -1.0909733e-03   1.6236194e-03  -1.8087491e-03
   7.0215216e-02   2.3539415e-01   2.3945284e+00  -5.8158139e-04   1.3942639e-03  -1.6961645e-03
   7.2363700e-02   2.5522252e-01   2.3993273e+00  -6.2136745e-04   1.7090406e-03  -1.6684539e-03
   7.5974121e-02   2.4255327e-01   2.3973747e+00  -6.9106536e-04   1.5113241e-03  -1.5214786e-03
   8.1891480e-02   2.5438808e-01   2.3914745e+00  -1.2029991e-03   1.4268586e-03  -1.7551718e-03
   6.0844202e-02   2.5818888e-01   2.4263118e+00  -8.6198032e-04   1.3089690e-03  -1.2959666e-03
   9.3122327e-02   2.4809135e-01   2.4304480e+00  -1.6861510e-03   1.6032506e-03  -1.3521374e-03
   1.1319958e-01   2.5767835e-01   2.2408065e+00   1.9449014e-03   2.0635348e-03  -2.2909614e-03
   6.6991214e-02   3.0413951e-01   2.3340920e+00  -8.2270760e-04   1.1058028e-03  -2.1336136e-03
   9.9255557e-02   2.9776085e-01   2.3003572e+00   4.3738211e-04   1.5867105e-03  -2.3873539e-03
   1.0092543e-01   3.0864984e-01   2.2684857e+00   6.8364414e-04   1.2132238e-03  -2.0608962e-03
   1.1642337e-01   2.8911909e-01   2.3112305e+00   4.5005561e-04   1.4203815e-03  -2.4481383e-03
   1.0828724e-01   2.5936902e-01   2.4116400e+00  -3.4340590e-04   1.5671303e-03  -2.0082527e-03
   8.9497396e-02   2.3572806e-01   2.4253234e+00  -1.8106615e-03   9.9334381e-04  -1.5211508e-03
   1.0642270e-01   2.5939090e-01   2.4596665e+00  -1.6755909e-03   1.1479837e-03  -1.9044063e-03
   7.4796351e-02   2.4798810e-01   2.4848376e+00  -1.6405323e-03   8.3699292e-04  -1.8253996e-03
   7.8329644e-02   2.4022522e-01   2.4827363e+00  -1.9020160e-03   9.5630751e-04  -1.8599341e-03
   7.9429642e-02   2.4605046e-01   2.4921290e+00  -1.6575306e-03   8.3354035e-04  -1.9338273e-03
   1.1010056e-01   2.6154620e-01   2.3702222e+00  -1.5221158e-03   1.8724089e-03  -1.7770234e-03
   6.8067266e-02   2.5899471e-01   2.6230532e+00  -1.0045203e-03   9.2898730e-04  -2.5714738e-03
   7.5470623e-02   2.6662112e-01   2.6404647e+00  -1.7536671e-03   7.0831168e-04  -2.5997714e-03
   6.7019034e-02   2.6922803e-01   2.6241654e+00  -1.6904973e-03   8.5180296e-04  -2.1349195e-03
   6.7402216e-02   2.6865547e-01   2.6206667e+00  -1.4387792e-03   1.0979361e-03  -1.9385084e-03
   8.0622704e-02   2.7091992e-01   2.6139263e+00  -1.4389174e-03   1.1256722e-03  -2.0945770e-03
   7.8376981e-02   2.6550433e-01   2.6465987e+00  -1.0252251e-03   6.8529158e-04  -2.0709821e-03
   6.9143145e-02   2.6450265e-01   2.6349186e+00  -1.8350865e-03   1.1276864e-03  -1.7667782e-03
   7.4309560e-02   2.7671219e-01   2.6430270e+00  -1.6106960e-03   8.0359140e-04  -1.9210166e-03
   7.2722301e-02   2.5896315e-01   2.5647352e+00  -3.5053649e-04   7.4440747e-04  -2.3048847e-03
   4.0053205e-02   2.5913640e-01   2.7440753e+00  -2.3658833e-03  -6.6754024e-04  -3.6402193e-03
   5.9121852e-02   2.5832492e-01   2.7411801e+00  -1.4479978e-03   1.4546213e-04  -2.7747255e-03
   8.3391457e-02   2.6718665e-01   2.6214632e+00   7.7927497e-04   1.3229247e-03  -2.0093375e-03
   8.0908832e-02   2.6920557e-01   2.7440859e+00  -1.2873551e-03   3.5068732e-04  -2.4842292e-03
   9.2138506e-02   2.6466201e-01   2.7401435e+00  -1.5996136e-03   7.9028389e-04  -2.7598630e-03
   8.0765558e-02   2.7151031e-01   2.7486165e+00  -1.3595153e-03   9.0355255e-04  -2.2662569e-03
   7.8789336e-02   2.8119083e-01   2.6168553e+00   5.4900373e-04   9.7435151e-04  -1.4535474e-03
   8.6886549e-02   2.8136012e-01   2.7862695e+00  -4.3847029e-04   7.3048594e-04  -2.8002221e-03
   1.0939839e-01   2.6808049e-01   2.7904059e+00  -8.8446570e-04   5.6114830e-04  -2.9969210e-03
   1.0090499e-01   2.8115590e-01   2.8178881e+00  -4.4110417e-04   8.6475332e-04  -2.4870905e-03
   1.0642861e-01   2.9231992e-01   2.7823128e+00  -1.6155405e-03   3.2497065e-04  -2.2622124e-03
   1.2024028e-01   2.9978925e-01   2.6163201e+00  -2.4496815e-03   6.2155141e-04  -2.5189136e-03
   8.8374633e-02   2.8343554e-01   2.8037039e+00  -1.4642684e-03   4.7968787e-04  -2.6288179e-03
   1.0890648e-01   3.0042786e-01   2.8434000e+00  -9.0481099e-04   5.5957341e-04  -2.3618095e-03
   8.8330722e-02   3.0534284e-01   2.8563325e+00  -9.7273500e-04   2.0204506e-04  -1.9087723e-03
   1.3731561e-01   3.1578018e-01   2.6130377e+00  -4.1500457e-03   8.8793854e-04  -2.0194682e-03
   8.0664907e-02   2.9767254e-01   2.8730531e+00  -6.6744552e-04   1.1145731e-03  -2.3575078e-03
   8.6410307e-02   2.9532520e-01   2.8954529e+00  -1.0147498e-03   9.8643428e-04  -2.6911109e-03
   8.8781603e-02   3.0612961e-01   2.9124800e+00  -6.9412194e-04   1.0321248e-03  -2.4708365e-03
   9.9319819e-02   3.1185343e-01   2.8791120e+00  -1.2911539e-03   1.1723310e-03  -2.5188806e-03
   9.1161392e-02   2.9963047e-01   2.7422769e+00  -2.8985571e-03  -1.2844776e-04  -2.9573383e-03
   6.3892531e-02   2.6385811e-01   2.9481273e+00  -1.9680525e-03  -3.3208257e-04  -2.6409567e-03
   6.8100828e-02   2.8275296e-01   2.9675604e+00  -1.4407204e-03  -2.9747561e-04  -2.4680949e-03
   6.4625975e-02   3.0785558e-01   3.0018696e+00  -1.2262716e-03  -1.1532468e-04  -2.4965557e-03
   8.2055849e-02   3.3615671e-01   2.8149896e+00  -7.1733719e-04   7.6823281e-04  -1.6527086e-03
   9.5587601e-02   3.0681559e-01   3.0273885e+00  -1.0764530e-03   1.2862314e-04  -2.9452082e-03
   9.9800060e-02   2.9606052e-01   3.0516979e+00  -1.2382165e-03   5.8896140e-04  -2.7161396e-03
   8.4601674e-02   3.0836712e-01   3.0436644e+00  -1.4807287e-03   6.6279379e-04  -2.1403893e-03
   1.3605501e-01   2.9476313e-01   2.9135448e+00  -1.7536674e-03   1.7821077e-03  -1.9344959e-03
   9.1076366e-02   3.0021089e-01   2.9923949e+00  -1.7316027e-03   2.2106872e-03  -1.8965816e-03
   9.4018913e-02   2.8755723e-01   2.9997391e+00  -1.2250225e-03   1.8156361e-03  -2.1593869e-03
   9.6612667e-02   3.0669760e-01   3.0301730e+00  -6.6289735e-04   2.1035468e-03  -2.0831232e-03
   1.0401540e-01   3.1169390e-01   3.0327413e+00  -9.5059292e-04   1.9432627e-03  -2.3248296e-03
   8.7736462e-02   3.0465672e-01   3.0207233e+00  -1.5007255e-03   1.4901576e-03  -1.9552757e-03
   1.0010969e-01   3.0368861e-01   3.0367059e+00  -1.1966315e-03   1.8785850e-03  -2.0412802e-03
   9.0656426e-02   3.0598965e-01   3.0611372e+00  -6.9445116e-04   1.7681151e-03  -2.0084664e-03
   9.5992101e-02   3.0587058e-01   3.0636543e+00  -1.1369598e-03   1.8068892e-03  -2.1554159e-03
   1.0072111e-01   3.1398891e-01   3.0824887e+00  -8.7512074e-04   1.7571326e-03  -2.1826051e-03
   1.0897786e-01   3.1916824e-01   3.0535452e+00  -1.4977858e-03   1.9683592e-03  -1.7463674e-03
   1.1519438e-01   2.7540814e-01   3.1052394e+00   2.8329273e-03   1.1646860e-03  -2.1559583e-03
   9.2251809e-02   3.0593231e-01   3.1461935e+00  -8.6682812e-04   7.3529347e-04  -2.3984117e-03
   9.6913519e-02   2.9947060e-01   3.1364664e+00  -6.7786687e-04   1.4292410e-03  -2.3213582e-03
   9.6353727e-02   3.0076105e-01   3.1471036e+00  -7.1083516e-04   1.1177163e-03  -2.3948250e-03
   1.0856716e-01   3.1391048e-01   3.1050540e+00  -1.7201773e-03   1.2339686e-03  -2.1539984e-03
   1.0330845e-01   2.9090458e-01   3.1099870e+00  -2.2266739e-03   1.2927626e-03  -2.5477812e-03
   9.7867891e-02   3.0978664e-01   3.1382858e+00  -1.8436723e-03   1.1684161e-03  -2.5581527e-03
   8.7953144e-02   3.2153755e-01   3.1677843e+00  -1.6227049e-03   1.1795359e-03  -2.1443831e-03
   1.0489597e-01   3.2098411e-01   3.1671881e+00  -1.6672622e-03   1.3359934e-03  -2.3791772e-03
   1.2576621e-01   3.4084600e-01   3.1345080e+00  -1.9882961e-03   1.7355703e-03  -2.6519796e-03
   1.1288709e-02   2.7382559e-01   3.3177064e+00   3.6311351e-04  -2.0413921e-03  -2.0892728e-03
   4.6375089e-02   2.9849877e-01   3.3038348e+00  -1.6901848e-03  -1.0895205e-03  -2.3823586e-03
   4.8456683e-02   3.3128700e-01   3.3425099e+00  -7.6184189e-04  -1.0469539e-03  -2.3018561e-03
   5.9497115e-02   3.3381013e-01   3.3067915e+00  -1.7665352e-03  -9.8896999e-04  -2.2807214e-03
   6.4648266e-02   3.2863745e-01   3.2737691e+00  -2.4519510e-03  -8.8122728e-04  -2.2254872e-03
   7.2151635e-02   3.2966141e-01   3.2996712e+00  -2.1553113e-03  -6.8515844e-04  -2.4703275e-03
   7.0945099e-02   3.2442078e-01   3.3244767e+00  -2.2431709e-03  -7.9722673e-05  -2.1704365e-03
   8.6482187e-02   3.1766670e-01   3.3258416e+00  -1.9058051e-03  -9.8442000e-05  -2.6282695e-03
   7.5115189e-02   3.2619137e-01   3.3430694e+00  -1.0990712e-03  -2.2528618e-04  -2.3672735e-03
   1.0519400e-01   2.7225220e-01   3.0471342e+00  -2.3460960e-03   6.3793160e-04  -1.8030473e-03
   1.0761022e-01   2.9474224e-01   3.3806285e+00  -9.9667938e-04   4.7468299e-04  -2.6815063e-03
   1.1103826e-01   3.2412506e-01   3.3933499e+00  -8.3321922e-04   5.6893406e-04  -2.7217857e-03
   1.3444083e-01   3.1680007e-01   3.3707490e+00   1.9173264e-03   1.3157824e-03  -1.8462281e-03
   9.4400839e-02   3.2342010e-01   3.4194639e+00  -1.4363709e-03   7.8682077e-04  -2.2142400e-03
   1.1119440e-01   3.0893854e-01   3.4247482e+00  -1.2625434e-03   5.7983320e-04  -2.4261664e-03
   1.1766604e-01   3.2287920e-01   3.4321722e+00  -1.1061740e-03   8.8840310e-04  -2.2233519e-03
   1.2013194e-01   3.1755881e-01   3.4135968e+00  -1.4340360e-03   7.2880765e-04  -2.3133559e-03
   1.1704585e-01   3.1613230e-01   3.4371847e+00  -8.3434031e-04   6.6774731e-04  -2.0181402e-03
   1.2335123e-01   3.1375237e-01   3.4269940e+00  -1.4046769e-03   1.0359421e-03  -2.1844324e-03
   1.2808554e-01   3.0136958e-01   3.4244869e+00  -2.0751176e-03   6.8807884e-04  -2.0734444e-03
   1.2172756e-01   2.9830662e-01   3.4533565e+00  -1.4752247e-03   8.2337790e-04  -1.9155497e-03
   1.3094501e-01   3.1415153e-01   3.4551001e+00  -1.5566941e-03   7.2695472e-04  -2.1040129e-03
   1.3693593e-01   3.1296563e-01   3.4662576e+00  -9.2664511e-04   7.1232302e-04  -2.4172866e-03
   1.2985674e-01   3.1433124e-01   3.4615708e+00  -9.5329086e-04   9.9130805e-04  -2.4717003e-03
   1.2353175e-01   3.0153707e-01   3.3785781e+00  -3.0726389e-04   1.3897141e-03  -1.7748494e-03
   1.1016091e-01   2.9865741e-01   3.5092317e+00  -1.9624366e-03   1.2137309e-03  -2.2801715e-03
   1.4356190e-01   3.2540255e-01   3.3818897e+00  -4.6034469e-04   9.4165425e-04  -2.4508559e-03
   1.1903405e-01   3.0113993e-01   3.5190211e+00  -9.8472269e-04   1.0589117e-03  -2.5639516e-03
   1.1569223e-01   3.1528495e-01   3.5299877e+00  -1.5136349e-03   6.9502633e-04  -2.3562836e-03
   1.2424492e-01   3.4197440e-01   3.5295401e+00  -1.0435624e-03   1.0117487e-03  -2.5670132e-03
   1.1666342e-01   3.2993826e-01   3.5242380e+00  -1.6456343e-03   7.9501316e-04  -2.2297520e-03
   1.1611055e-01   3.2607444e-01   3.5545510e+00  -1.0718288e-03   8.2588668e-04  -2.4964252e-03
   1.2009280e-01   3.2160790e-01   3.5455815e+00  -1.3558514e-03   5.4896490e-04  -2.3320431e-03
   1.3179156e-01   3.1799595e-01   3.5711482e+00  -1.2694665e-03   1.0227380e-03  -2.0541657e-03
   1.4241322e-01   3.1622281e-01   3.5787336e+00  -1.2871309e-03   9.8624305e-04  -2.4891677e-03
   1.3091013e-01   3.2561884e-01   3.5848926e+00  -1.8172196e-03   6.2622456e-04  -2.3696855e-03
   1.2316538e-01   3.1325591e-01   3.5925216e+00  -1.8918070e-03   7.0152980e-04  -2.4178769e-03
   1.2427046e-01   3.2313474e-01   3.5901914e+00  -2.3558207e-03   4.5832179e-04  -1.9833130e-03
   1.2313478e-01   3.2856756e-01   3.6100630e+00  -1.8120905e-03   9.7745009e-04  -2.0675001e-03
   1.6354903e-01   3.4219007e-01   3.5256861e+00   2.3446027e-04   1.1810837e-03  -2.7774623e-03
   1.1211612e-01   3.0291019e-01   3.6485374e+00  -1.3598900e-03   1.0546700e-03  -2.2798976e-03
   1.1730692e-01   2.9793581e-01   3.6734950e+00  -1.4878108e-03   9.7571381e-04  -2.0790070e-03
   1.2744772e-01   3.4162819e-01   3.6769326e+00  -1.6913655e-03   5.0089828e-04  -2.4952975e-03
   1.2679005e-01   3.4024674e-01   3.6727116e+00  -1.8345535e-03   1.0884299e-03  -2.4170014e-03
   1.2263928e-01   3.3895882e-01   3.6849977e+00  -1.9664894e-03   9.8950177e-04  -2.4339372e-03
   1.2774687e-01   3.2814056e-01   3.6737358e+00  -1.7108761e-03   1.0679312e-03  -2.2355036e-03
   1.4157026e-01   3.0247736e-01   3.6943537e+00  -1.5001934e-03   8.1653386e-04  -2.7156584e-03
   1.3637932e-01   3.1756978e-01   3.7254400e+00  -1.2842756e-03   1.2276652e-03  -2.2376902e-03
   1.6521241e-01   3.4469152e-01   3.7236428e+00   7.7385640e-04   2.4921244e-03  -1.4990372e-03
   1.2785640e-01   3.3519612e-01   3.7730140e+00  -2.7329418e-03   1.3443931e-03  -2.2747751e-03
   1.3937694e-01   3.2144278e-01   3.8117799e+00  -1.3874189e-03   1.2047185e-03  -2.6941479e-03
   1.3856088e-01   3.2499387e-01   3.8258420e+00  -1.0363123e-03   7.8078238e-04  -2.8038717e-03
   1.3458292e-01   3.5059192e-01   3.8118775e+00  -1.8028209e-03   1.0580073e-03  -2.1739267e-03
   1.4884190e-01   3.4390124e-01   3.7788813e+00  -1.9232865e-03   9.8078608e-04  -2.4609768e-03
   1.3758584e-01   3.3409928e-01   3.8073830e+00  -1.3356097e-03   1.2897377e-03  -2.3924439e-03
   1.4259785e-01   3.2971737e-01   3.8195077e+00  -1.3192110e-03   8.0618769e-04  -2.4441758e-03
   1.4264742e-01   3.3843883e-01   3.8209515e+00  -1.8435832e-03   9.2309324e-04  -2.1652486e-03
   1.3435906e-01   3.3374135e-01   3.8414307e+00  -1.3247356e-03   6.7430620e-04  -2.3805939e-03
   1.3478597e-01   3.2822683e-01   3.8629796e+00  -1.3041603e-03   9.4404107e-04  -2.3611051e-03
   1.4828316e-01   3.3590834e-01   3.8718028e+00  -1.2173668e-03   1.0138691e-03  -2.5210949e-03
   1.3920351e-01   3.4543804e-01   3.8938138e+00  -1.4543830e-03   7.1105324e-04  -2.2263948e-03
   1.1964669e-01   3.5262900e-01   3.9053914e+00  -1.4184937e-03   7.3340408e-04  -2.0620140e-03
   1.4289156e-01   3.5288224e-01   3.8715343e+00  -2.4598105e-03   8.2101709e-04  -2.3072339e-03
   1.2497272e-01   3.6135941e-01   3.8925767e+00  -1.7568620e-03   1.0824794e-03  -2.0651780e-03
   1.4415861e-01   3.3937343e-01   3.8840928e+00  -1.9682226e-03   6.0976482e-04  -2.5824392e-03
   1.1990020e-01   3.3138947e-01   3.8895260e+00   2.2404633e-04   4.2351978e-04  -2.7963179e-03
   1.2672741e-01   3.2328560e-01   3.9438042e+00  -2.6500475e-03   9.1249445e-04  -2.3050754e-03
   1.2465335e-01   3.4027300e-01   3.9265847e+00  -2.0833112e-03   1.9333974e-04  -2.4886748e-03
   1.3310019e-01   3.6186512e-01   3.9728156e+00  -1.2559069e-03   9.5748969e-04  -2.4857934e-03
   1.4680092e-01   3.3766074e-01   3.9515084e+00  -2.2299783e-03   8.3407804e-04  -2.6637469e-03
   1.4667069e-01   3.4861330e-01   3.9593844e+00  -1.6855318e-03   3.9995299e-04  -2.3796935e-03
   1.4182517e-01   3.3959973e-01   3.9805192e+00  -2.2001454e-03   5.7320519e-04  -2.4263170e-03
   1.3838207e-01   3.3905578e-01   4.0175154e+00  -1.4340945e-03   6.5246118e-04  -2.4103843e-03
   1.5145637e-01   3.4472412e-01   4.0116033e+00  -2.1089767e-03   8.6322008e-04  -2.3932672e-03
   1.6197206e-01   3.4687390e-01   3.9987942e+00  -2.0599838e-03   1.0868594e-03  -2.4201007e-03
   1.4507961e-01   3.3323663e-01   3.9336215e+00  -7.0076296e-04   1.0795281e-03  -3.0549905e-03
   1.3757055e-01   3.4857603e-01   4.0848506e+00  -2.0677405e-03   8.9289875e-04  -2.7968977e-03
   1.5340762e-01   3.5910329e-01   4.1196791e+00  -1.0023958e-03   9.4532013e-04  -3.0696039e-03
   1.5149267e-01   3.8218401e-01   4.0837835e+00  -1.6421072e-03   7.4355278e-04  -2.8891291e-03
   1.4722011e-01   3.6794027e-01   4.0678997e+00  -1.6739723e-03   6.7511721e-04  -2.7644783e-03
   1.5916304e-01   3.4722826e-01   4.0732491e+00  -1.4505054e-03   8.6203663e-04  -2.7365371e-03
   1.4437338e-01   3.5255741e-01   4.0756440e+00  -1.3668501e-03   5.9777025e-04  -2.4453598e-03
   1.5456949e-01   3.5175207e-01   4.1031970e+00  -1.5822406e-03   5.3784097e-04  -2.3900060e-03
   1.3648063e-01   3.3936001e-01   4.1001936e+00  -2.2449501e-03   6.7440192e-04  -2.3709740e-03
   1.4075395e-01   3.4363420e-01   4.0981488e+00  -1.6909027e-03   3.7074124e-04  -2.6664647e-03
   1.4180416e-01   3.3736764e-01   4.1372027e+00  -1.6197989e-03   4.0927029e-04  -2.4204447e-03
   1.6989341e-01   3.4148826e-01   4.1042088e+00  -2.9813024e-03   1.2773963e-03  -2.6858330e-03
   1.5025323e-01   3.6277828e-01   4.0970759e+00  -8.6318997e-04   4.8761465e-04  -2.6179780e-03
   1.4735716e-01   3.3589587e-01   4.1344876e+00  -1.6443811e-03   7.1582365e-04  -2.6195782e-03
   1.4784018e-01   3.4481657e-01   4.1882542e+00  -8.8898949e-04   5.4634657e-04  -2.4364336e-03
   1.3957972e-01   3.5004564e-01   4.1597500e+00  -1.7435608e-03   3.7952820e-04  -2.3189571e-03
   1.4836670e-01   3.5674720e-01   4.1501757e+00  -1.6708945e-03   7.2995946e-04  -2.5946404e-03
   1.4207747e-01   3.4788043e-01   4.1490004e+00  -1.6243614e-03   4.9171134e-04  -2.2519723e-03
   1.5484457e-01   3.5176533e-01   4.1547468e+00  -1.7168609e-03   6.2655782e-04  -2.6130485e-03
   1.5565934e-01   3.5065818e-01   4.1990063e+00  -1.1058510e-03   9.2225921e-04  -2.5873620e-03
   1.5808083e-01   3.3997855e-01   4.1853225e+00  -1.9759686e-03   6.4608870e-04  -2.4262622e-03
   1.7297375e-01   3.4617525e-01   4.0910066e+00   1.0323711e-03   1.3739850e-03  -1.1613209e-03
   1.3507601e-01   3.5982098e-01   4.2374920e+00  -2.6945500e-03   1.6113926e-03  -2.0784915e-03
   1.4704256e-01   3.3936443e-01   4.2738304e+00  -1.7391897e-03   1.0772444e-03  -2.1792810e-03
   1.5208257e-01   3.3202564e-01   4.3281042e+00  -1.1427210e-03   7.3655940e-04  -2.2889783e-03
   1.6431252e-01   3.3959428e-01   4.2750638e+00  -1.9496754e-03   8.1645878e-04  -2.4116168e-03
   1.5932162e-01   3.5485880e-01   4.2896014e+00  -1.8379195e-03   9.6286310e-04  -2.1893844e-03
   1.5454899e-01   3.4680724e-01   4.3059446e+00  -1.8131668e-03   5.5399745e-04  -2.4495733e-03
   1.6304158e-01   3.4614471e-01   4.3074543e+00  -2.2996952e-03   1.2251877e-03  -2.4006158e-03
   1.5500135e-01   3.6906908e-01   4.3186752e+00  -1.6219138e-03   1.1693004e-03  -1.9238729e-03
   1.6153396e-01   3.4785322e-01   4.3214481e+00  -2.2395084e-03   1.1165043e-03  -2.1636312e-03
   1.5539143e-01   3.6006623e-01   4.3478839e+00  -1.7130440e-03   7.5104259e-04  -2.1943350e-03
   1.4831305e-01   3.8856285e-01   4.3686359e+00   3.7316438e-04   8.7961984e-04  -2.5316093e-03
   1.3946586e-01   3.6626352e-01   4.4199553e+00  -2.1902043e-03   9.5996426e-04  -2.6605499e-03
   1.4332902e-01   3.5200847e-01   4.4251042e+00  -1.9338084e-03   7.3738304e-04  -2.7756856e-03
   1.4119667e-01   3.8272244e-01   4.4300590e+00  -1.9193141e-03   6.5549926e-04  -2.5851981e-03
   1.5262986e-01   3.9725866e-01   4.4018077e+00  -2.1847137e-03   1.6980673e-04  -2.5939445e-03
   1.5104007e-01   3.7514184e-01   4.4077086e+00  -1.7370666e-03   6.7355748e-04  -2.5734313e-03
   1.5239714e-01   3.8787919e-01   4.4210699e+00  -1.7800355e-03   5.7549552e-04  -2.4587411e-03
   1.4819335e-01   3.9085031e-01   4.4254712e+00  -1.7741429e-03   8.2829102e-05  -2.5332420e-03
   2.4008054e-01   3.6723386e-01   4.2830514e+00  -9.8362996e-04   2.3446734e-03  -1.9201604e-03
   1.6488411e-01   3.5529252e-01   4.5191384e+00  -1.5105665e-03   1.6439717e-03  -2.6235212e-03
   1.6923742e-01   3.6860063e-01   4.5258453e+00  -1.7483741e-03   1.3727761e-03  -2.6126522e-03
   1.6382425e-01   3.7912721e-01   4.5448662e+00  -1.6555407e-03   1.4259341e-03  -2.3457706e-03
   1.5835418e-01   3.5038006e-01   4.4986707e+00  -2.8551408e-03   1.2558923e-03  -2.0713045e-03
   1.7509454e-01   3.7014197e-01   4.5206248e+00  -1.9704153e-03   1.4743038e-03  -2.1825883e-03
   1.8480107e-01   3.6856409e-01   4.4968655e+00  -2.1047369e-03   1.3569749e-03  -2.2894168e-03
   1.8718400e-01   3.6704577e-01   4.5175777e+00  -2.0701605e-03   1.1276264e-03  -2.6942175e-03
   1.8955792e-01   3.5467295e-01   4.5321232e+00  -2.0321820e-03   1.2267723e-03  -2.5985624e-03
   2.0070223e-01   3.7344519e-01   4.5628484e+00  -1.1577621e-03   1.3043204e-03  -2.9202208e-03
   1.5859051e-01   3.6959988e-01   4.5974091e+00  -2.4330048e-03   1.3030030e-03  -3.2094154e-03
   1.7336572e-01   3.7850117e-01   4.6401195e+00  -2.0254685e-03   1.3318936e-03  -3.1467269e-03
   1.6172224e-01   3.9041486e-01   4.6646374e+00  -1.4335279e-03   7.6197940e-04  -2.9302968e-03
   1.6751779e-01   3.8696433e-01   4.6251101e+00  -2.2468969e-03   6.6713209e-04  -2.7842638e-03
   1.6013356e-01   3.7727501e-01   4.6287178e+00  -2.1944051e-03   4.7477318e-04  -2.9351628e-03
   1.4687197e-01   3.5427847e-01   4.6423211e+00  -3.9726694e-04   4.8385620e-04  -2.5026421e-03
   1.2009445e-01   3.4227708e-01   4.6840747e+00  -1.7396685e-03   2.4034853e-04  -2.2889627e-03
   1.4325804e-01   3.7527702e-01   4.7059798e+00  -1.2931880e-03   3.1131342e-04  -2.6754745e-03
   1.4072854e-01   3.8529563e-01   4.6836820e+00  -2.3547711e-03  -2.6708700e-05  -2.6364525e-03
   1.4855585e-01   3.8175720e-01   4.6823749e+00  -2.0197077e-03   6.4128496e-04  -2.8472174e-03
   1.4831328e-01   3.9409071e-01   4.6780326e+00  -2.3237631e-03   1.7195645e-04  -2.6706927e-03
   1.3184836e-01   3.8589542e-01   4.7236145e+00  -8.4992713e-04  -4.5644394e-04  -2.4422655e-03
   1.3627932e-01   3.7868741e-01   4.7447845e+00  -3.4791636e-03  -6.8603775e-04  -2.7852432e-03
   1.4266373e-01   3.6442257e-01   4.7555902e+00  -2.7128358e-03  -2.8513252e-04  -2.8993113e-03
   1.4898136e-01   3.5788627e-01   4.7866323e+00  -1.7424629e-03  -4.5848555e-04  -3.0575696e-03
   1.5914110e-01   3.8603787e-01   4.7541570e+00  -2.5272617e-03  -1.6361950e-04  -3.1302288e-03
   1.5329893e-01   3.8455244e-01   4.7477479e+00  -2.6522605e-03  -7.5340318e-05  -3.0372515e-03
   1.4747535e-01   3.7017908e-01   4.7531479e+00  -2.9705375e-03  -4.0578019e-04  -2.9929611e-03
   1.5793370e-01   3.7135970e-01   4.7960241e+00  -2.1458871e-03  -4.0287972e-04  -2.9635607e-03
   1.4856452e-01   3.7918879e-01   4.7840628e+00  -2.8964646e-03   3.3880751e-05  -2.8807908e-03
   1.5450069e-01   3.7432324e-01   4.8330627e+00  -1.6301850e-03   1.2325528e-04  -2.8731518e-03
   1.4910401e-01   3.8355513e-01   4.8064564e+00  -2.8092386e-03  -1.1530081e-04  -2.4954638e-03
   1.5139156e-01   3.7358796e-01   4.8139931e+00  -2.1192377e-03  -2.4172458e-04  -2.9244426e-03
   1.5377220e-01   4.0331615e-01   4.8234639e+00  -2.6911586e-03  -5.3784604e-05  -2.7609991e-03
   1.5721535e-01   3.9380105e-01   4.8049263e+00  -2.9009720e-03  -4.6905769e-05  -2.7003421e-03
   1.8626986e-01   3.8528399e-01   4.7719403e+00  -3.3787842e-03   2.4385625e-04  -2.2938332e-03
   1.5417548e-01   3.7496014e-01   4.8346516e+00  -2.4369751e-03   2.2078280e-04  -2.4137961e-03
   1.5071712e-01   3.4461057e-01   4.8549772e+00  -2.7457048e-03   4.7275587e-04  -2.3941696e-03
   1.7320809e-01   3.5795917e-01   4.8988195e+00  -1.7352762e-03   1.0280993e-04  -2.8320632e-03
   1.7258827e-01   3.8645798e-01   4.8842308e+00  -1.9784207e-03   3.6117220e-04  -2.6608273e-03
   1.8130513e-01   4.0198126e-01   4.8746267e+00  -2.0551216e-03   4.3594157e-04  -3.0099613e-03
   1.6306080e-01   3.9470913e-01   4.8782474e+00  -2.1772526e-03  -2.7146599e-05  -2.4211037e-03
   1.8506562e-01   3.7856805e-01   4.8835645e+00  -2.2391873e-03  -7.1919933e-05  -2.9730709e-03
   1.4850803e-01   4.1581452e-01   4.8640212e+00  -1.8577684e-03  -4.1651442e-04  -2.8328236e-03
   1.3843870e-01   3.7175567e-01   4.9698294e+00  -3.0969486e-03  -1.3510683e-03  -3.3299909e-03
   1.5026040e-01   3.9846217e-01   5.0038270e+00  -2.1852945e-03  -5.4932418e-04  -3.1097126e-03
   1.5286290e-01   4.2573133e-01   5.0207064e+00  -1.8543431e-03  -6.5271117e-04  -2.9221268e-03
   1.6380374e-01   4.3686903e-01   4.9919092e+00  -2.4241856e-03  -3.6986980e-04  -3.3378317e-03
   1.5262043e-01   4.0426884e-01   4.9875644e+00  -2.1456103e-03  -6.1783073e-04  -2.9256938e-03
   1.5720323e-01   4.0737455e-01   4.9945886e+00  -2.4040972e-03  -6.5242180e-04  -2.8336841e-03
   1.6218172e-01   3.9615812e-01   5.0088443e+00  -2.3641756e-03  -3.1100413e-04  -2.9214423e-03
   1.4936418e-01   3.9094622e-01   5.0224063e+00  -2.6353515e-03  -6.6908996e-04  -2.9719886e-03
   1.5113483e-01   3.8881189e-01   5.0429848e+00  -2.1047355e-03  -4.2200801e-04  -2.8840700e-03
   1.5872244e-01   3.9606430e-01   5.0474949e+00  -1.9691779e-03  -4.1765087e-04  -2.7994920e-03
   1.7770480e-01   4.0455455e-01   5.0830330e+00  -1.2841963e-03  -1.8927605e-04  -3.1747845e-03
   1.5659472e-01   3.8498844e-01   5.0634400e+00  -2.6567553e-03  -1.8020969e-04  -2.8965719e-03
   1.6598313e-01   3.8701116e-01   5.0635065e+00  -2.4470051e-03  -2.6462625e-04  -2.8990604e-03
   1.5221539e-01   4.0798309e-01   5.0932111e+00  -2.0075146e-03  -2.9627030e-04  -2.5559600e-03
   1.6723341e-01   3.9694587e-01   5.0787508e+00  -2.7570574e-03  -4.3625446e-04  -3.0074592e-03
   1.5794439e-01   3.8397531e-01   5.1070951e+00  -2.4024361e-03  -3.4941657e-04  -2.7181076e-03
   1.6757048e-01   3.9450189e-01   5.1310954e+00  -1.8036651e-03   1.4237224e-04  -2.7262381e-03
   1.6649491e-01   3.8694707e-01   5.1062291e+00  -2.8420860e-03  -5.7385452e-04  -2.8864484e-03
   1.6834300e-01   3.7652852e-01   5.1229664e+00  -2.3852124e-03  -4.6025896e-04  -2.9681886e-03
   1.5858691e-01   3.8172570e-01   5.1345199e+00  -2.5753578e-03  -3.6783828e-04  -2.7317433e-03
   1.6093068e-01   3.9657873e-01   5.1621090e+00  -1.5647053e-03  -1.9787863e-04  -2.7112773e-03
   1.6669753e-01   3.9049703e-01   5.1536979e+00  -2.3151997e-03  -6.3853557e-04  -2.7514504e-03
   1.6495990e-01   3.8934369e-01   5.1632145e+00  -2.4039028e-03  -5.5244313e-04  -2.7747697e-03
   1.6707579e-01   4.0183581e-01   5.1798277e+00  -3.0048421e-03  -4.6533286e-04  -2.8366117e-03
   1.9003122e-01   3.8647756e-01   5.1585978e+00  -3.2843042e-03  -4.8206524e-04  -2.2702684e-03
   1.5981097e-01   3.8108045e-01   5.2376537e+00  -2.3739773e-03  -1.1023527e-03  -2.9904463e-03
   1.5938721e-01   3.6319037e-01   5.2108988e+00  -3.6629311e-03  -6.3213441e-04  -2.7196996e-03
   1.6399778e-01   3.9593142e-01   5.2342018e+00  -2.9055894e-03  -5.1545855e-04  -2.6794528e-03
   1.5945293e-01   4.0666305e-01   5.2774412e+00  -2.3246738e-03  -4.2462287e-04  -2.4955867e-03
   2.0565749e-01   4.0981538e-01   5.1071308e+00  -4.0116033e-03   3.8155412e-04  -2.3993769e-03
   1.6991063e-01   4.0299900e-01   5.2675227e+00  -1.4550289e-03   7.7456971e-04  -2.1497999e-03
   1.8431892e-01   3.7669525e-01   5.2768133e+00  -2.2988567e-03   4.4339436e-05  -2.8753314e-03
   1.8835286e-01   4.0356873e-01   5.2915565e+00  -1.6678636e-03   6.5602007e-05  -2.9523300e-03
   1.8244518e-01   4.0385812e-01   5.2723883e+00  -2.4636073e-03   4.9484169e-05  -2.8685281e-03
   1.9360197e-01   3.9201070e-01   5.2650264e+00  -2.7998980e-03   3.2570722e-04  -2.8723968e-03
   2.1531546e-01   4.2690256e-01   5.2823127e+00  -2.5218530e-03   1.1333863e-03  -2.9819763e-03
   1.9123672e-01   3.8044446e-01   5.2997165e+00  -3.0011440e-03   2.2246236e-04  -2.9353779e-03
   1.7874839e-01   3.8511917e-01   5.3563944e+00  -1.5425836e-03   8.8079348e-04  -2.6540619e-03
   1.8978753e-01   3.9357568e-01   5.3355705e+00  -2.7087252e-03   5.1879058e-04  -2.7142471e-03
   2.0156865e-01   3.8192067e-01   5.3362737e+00  -1.9910943e-03   7.4709932e-04  -3.2141727e-03
   1.7970145e-01   3.9009265e-01   5.3239495e+00  -2.6728039e-03   3.8083543e-04  -2.4813240e-03
   1.7092679e-01   3.9942394e-01   5.3497528e+00  -2.3786368e-03   3.8909237e-04  -2.3594683e-03
   1.8514901e-01   3.7508709e-01   5.3496517e+00  -3.1827786e-03   3.6661128e-04  -2.8770389e-03
   1.8677603e-01   3.8180016e-01   5.3608766e+00  -2.3200636e-03   3.6767274e-04  -2.4574931e-03
   2.0862536e-01   3.9029675e-01   5.3147838e+00  -4.5233662e-03   1.1120906e-03  -2.9025835e-03
   1.8872397e-01   3.7255712e-01   5.4150157e+00  -2.4576788e-03   4.3911344e-04  -2.9594859e-03
   1.8134541e-01   3.8433009e-01   5.4229697e+00  -2.3999640e-03   6.5940536e-04  -3.0665698e-03
   1.8395453e-01   3.7015820e-01   5.4416239e+00  -1.9743115e-03   3.7060346e-04  -3.1001551e-03
   1.9369360e-01   3.9380967e-01   5.4148927e+00  -2.8575317e-03   3.6428649e-04  -3.0251516e-03
   1.8573010e-01   3.9548472e-01   5.3828946e+00  -2.4915944e-03   4.2075537e-04  -2.5638577e-03
   1.5761237e-01   3.8007608e-01   5.5045739e+00  -3.6132068e-03  -1.2310861e-03  -3.1485408e-03
   1.6098681e-01   3.7296448e-01   5.5091187e+00  -3.4780387e-03  -7.7585132e-04  -3.1844244e-03
   1.4769479e-01   4.0672831e-01   5.5330675e+00  -3.0378627e-03  -8.0320233e-04  -2.9438502e-03
   1.6113277e-01   4.1437534e-01   5.5373947e+00  -3.1832585e-03  -5.5479676e-04  -2.9626955e-03
   1.5922875e-01   3.8294022e-01   5.5262584e+00  -3.3373197e-03  -9.8393484e-04  -2.8603507e-03
   1.5764464e-01   3.9757746e-01   5.5484843e+00  -2.9346758e-03  -8.0821460e-04  -2.8526032e-03
   1.7318402e-01   3.9763092e-01   5.5401094e+00  -3.3594294e-03  -3.3893226e-04  -2.8170340e-03
   1.6083324e-01   4.0017441e-01   5.5439096e+00  -2.4615543e-03  -5.8018795e-04  -2.5595807e-03
   1.6539400e-01   3.9287627e-01   5.5440973e+00  -3.1177162e-03  -8.3599806e-04  -2.7391547e-03
   1.6660746e-01   3.9381017e-01   5.5497511e+00  -3.3274029e-03  -5.5952343e-04  -2.7376013e-03
   1.7084894e-01   4.0827675e-01   5.5735899e+00  -3.1124082e-03  -8.5969373e-04  -2.8364895e-03
   1.7836276e-01   4.1388564e-01   5.6057591e+00  -2.9516075e-03  -6.1106224e-04  -3.1292827e-03
   1.7172708e-01   3.8891519e-01   5.5945040e+00  -3.4732394e-03  -6.3855846e-04  -2.7233026e-03
   1.6943741e-01   3.6688614e-01   5.5907601e+00  -3.4582459e-03  -6.7635843e-04  -2.6962251e-03
   1.7721813e-01   3.9350172e-01   5.6227648e+00  -2.9290307e-03  -7.4231514e-04  -3.0569151e-03
   1.7579596e-01   3.8987405e-01   5.6214578e+00  -2.9561199e-03  -3.6518708e-04  -2.6739411e-03
   1.8343237e-01   3.9174357e-01   5.6442331e+00  -2.4527493e-03  -7.2984972e-04  -2.9223719e-03
   1.6665040e-01   3.8972613e-01   5.6377240e+00  -2.6858953e-03  -1.0742186e-03  -2.6159029e-03
   1.7485714e-01   3.8886108e-01   5.6781561e+00  -3.8824285e-03  -1.2739547e-03  -3.0092549e-03
   1.7299611e-01   3.8964961e-01   5.6916792e+00  -2.6220459e-03  -1.1667606e-03  -3.0523926e-03
   1.6545476e-01   4.1468619e-01   5.6998294e+00  -2.4330055e-03  -7.0600000e-04  -2.7352473e-03
   1.6789880e-01   4.1712413e-01   5.6756473e+00  -3.7162063e-03  -5.8123674e-04  -2.5379845e-03
   1.6466901e-01   4.1431237e-01   5.6698291e+00  -3.4997568e-03  -5.6615755e-04  -2.6364447e-03
   1.6717643e-01   4.4408211e-01   5.6863962e+00  -3.5682403e-03  -6.7884174e-04  -2.7649111e-03
   1.7239031e-01   4.0757076e-01   5.6855546e+00  -3.8843036e-03  -9.2499240e-04  -3.1656146e-03
   1.7696533e-01   4.0951914e-01   5.7167021e+00  -3.1737674e-03  -1.0158382e-03  -2.9851255e-03
   2.4864007e-01   4.1262874e-01   5.7272564e+00  -4.7634426e-04   2.1397333e-03  -1.7112346e-03
   1.6859310e-01   3.6358275e-01   5.7697343e+00  -2.8554690e-03   1.0206028e-03  -2.7966489e-03
   1.7208076e-01   3.9282227e-01   5.8039817e+00  -2.0150911e-03   1.5482924e-03  -2.7628767e-03
   1.8530571e-01   4.1071566e-01   5.8183715e+00  -1.9182506e-03   1.3435939e-03  -2.9763485e-03
   1.9323492e-01   4.2543587e-01   5.7980033e+00  -2.7493835e-03   1.1462678e-03  -3.1265828e-03
   1.9289016e-01   4.1291030e-01   5.8095181e+00  -2.9810009e-03   1.1759792e-03  -3.0551024e-03
   1.8405849e-01   4.3227868e-01   5.8229959e+00  -2.6168011e-03   1.2609328e-03  -2.6958346e-03
   1.9792259e-01   4.2062850e-01   5.8305057e+00  -2.7767814e-03   9.9786220e-04  -3.0468778e-03
   1.7949246e-01   4.0910876e-01   5.8293177e+00  -2.3346697e-03   6.7700485e-04  -2.9232736e-03
   1.8436925e-01   3.9759472e-01   5.8445277e+00  -2.4985426e-03   8.0498460e-04  -2.8198746e-03
   1.9139603e-01   4.1652622e-01   5.8665509e+00  -2.0392104e-03   1.1898761e-03  -3.0014906e-03
   1.7500372e-01   4.0961526e-01   5.8694288e+00  -2.2551741e-03   1.0917922e-03  -2.5509445e-03
   1.7839290e-01   4.3760776e-01   5.8803002e+00  -2.0903229e-03   9.4391020e-04  -2.6428460e-03
   1.9856295e-01   4.0625979e-01   5.8697926e+00  -2.8340387e-03   9.0785960e-04  -3.0994419e-03
   1.8283699e-01   3.9968231e-01   5.8926531e+00  -2.3660787e-03   6.6586578e-04  -2.8742416e-03
   1.9787237e-01   4.0233742e-01   5.9123588e+00  -2.1977907e-03   1.4290488e-03  -2.8486748e-03
   1.7798168e-01   4.2423854e-01   5.9254430e+00  -2.0585215e-03   6.5411115e-04  -2.4223317e-03
   1.8933710e-01   4.1237784e-01   5.9616918e+00  -2.1346969e-03   8.8955207e-04  -2.6454657e-03
   1.9144545e-01   4.0536277e-01   5.9231647e+00  -2.7688329e-03   9.0754630e-04  -2.3580927e-03
   1.9164895e-01   3.8176825e-01   5.9126083e+00  -3.3204757e-03   8.3148507e-04  -2.4625177e-03
   1.9723615e-01   4.1145891e-01   5.9216944e+00  -6.8801705e-04   1.4795847e-03  -1.9847909e-03
   1.9247140e-01   3.8118961e-01   5.9077915e+00  -3.0698255e-03   1.2281717e-03  -2.6565446e-03
   1.8877123e-01   3.8809294e-01   5.9609229e+00  -2.2557238e-03   9.1782981e-04  -2.9043582e-03
   1.8528310e-01   4.3286137e-01   5.9553058e+00  -2.6657970e-03   5.9146186e-04  -2.6172600e-03
   1.9380497e-01   4.0879975e-01   5.9629715e+00  -2.4651697e-03   8.7440231e-04  -2.6225201e-03
   1.8355922e-01   4.0911698e-01   5.9716591e+00  -2.1423544e-03   8.7925871e-04  -2.4881686e-03
   1.9089459e-01   4.1237475e-01   5.9818059e+00  -2.5016204e-03   1.1280612e-03  -2.4837350e-03
   1.9779198e-01   3.9961481e-01   5.9976300e+00  -2.5276029e-03   1.1014167e-03  -2.6722226e-03
   1.8899409e-01   4.1192495e-01   5.9894191e+00  -2.6368826e-03   9.8902412e-04  -2.4375801e-03
   1.8130507e-01   4.0703514e-01   6.0057378e+00  -3.2775646e-03   7.0287314e-04  -2.4444074e-03
   1.8632282e-01   3.9806455e-01   6.0256015e+00  -2.4769129e-03   5.9082272e-04  -2.5971801e-03
   1.9278393e-01   4.1091593e-01   6.0407051e+00  -2.7623120e-03   9.4088502e-04  -2.4999531e-03
   1.9165688e-01   4.0091539e-01   6.0431423e+00  -3.0306342e-03   7.3077172e-04  -2.4982365e-03
   2.0109062e-01   4.0171276e-01   6.0660616e+00  -2.4320167e-03   5.8019962e-04  -2.5758384e-03
   1.9629316e-01   4.1653600e-01   6.0757171e+00  -2.6331240e-03   1.0932970e-03  -2.7137865e-03
   1.9602136e-01   4.3567989e-01   6.0828335e+00  -2.8293820e-03   8.8731624e-04  -2.8188454e-03
   1.9797228e-01   4.0865475e-01   6.0740291e+00  -3.0908764e-03   7.5000569e-04  -2.6720822e-03
   2.0912620e-01   3.8971050e-01   6.1107272e+00  -2.7615276e-03   7.6076186e-04  -2.8823565e-03
   2.0739196e-01   3.9987131e-01   6.0912086e+00  -3.1035174e-03   7.8641992e-04  -2.5183297e-03
   2.1062725e-01   3.8195699e-01   6.1093125e+00  -3.0617080e-03   6.1031630e-04  -2.7035869e-03
   2.0524391e-01   3.9897293e-01   6.1566328e+00  -2.7477240e-03   1.0875116e-03  -2.3941963e-03
   2.0091794e-01   3.9940925e-01   6.1204857e+00  -3.3494993e-03   5.9149377e-04  -2.4684307e-03
   1.9362501e-01   4.2943036e-01   6.1383159e+00  -3.4748640e-03   8.1185430e-04  -2.6717950e-03
   1.8365179e-01   3.9119445e-01   6.2519352e+00  -1.0593613e-03  -1.5879737e-04  -2.0081417e-03
   1.2768402e-01   3.9062050e-01   6.2542988e+00  -3.5980101e-03  -2.7598513e-03  -1.6779194e-03
   1.7582301e-01   3.9236459e-01   6.1522712e+00  -2.9309496e-03  -9.7674067e-04  -2.1061373e-03
   1.9239102e-01   4.2662763e-01   6.2542200e+00  -3.5071583e-03  -8.5171421e-04  -2.6073304e-03
   2.0432245e-01   4.2806652e-01   6.2677446e+00  -4.2671296e-03  -5.9079095e-04  -3.1065518e-03
   2.0125549e-01   4.2648807e-01   6.3015756e+00  -3.3613292e-03  -6.8816690e-04  -2.8903129e-03
   1.9646898e-01   4.3467674e-01   6.3064025e+00  -3.8256639e-03  -7.8099123e-04  -2.9232974e-03
   2.0690276e-01   4.2744114e-01   6.2772491e+00  -4.2442489e-03  -4.2719908e-04  -2.8046424e-03
   2.0546699e-01   4.0447015e-01   6.2849444e+00  -3.5694179e-03  -3.7758377e-04  -3.0263039e-03
   1.9673899e-01   4.0890533e-01   6.2508397e+00  -4.6704868e-03  -7.4754459e-04  -2.7292214e-03
   1.9252310e-01   4.1491699e-01   6.2679505e+00  -4.2871018e-03  -3.0794882e-04  -2.4142585e-03
   1.9995834e-01   4.3277356e-01   6.2795031e+00  -4.6616633e-03  -4.2606619e-04  -2.6170953e-03
   1.9833739e-01   4.1660579e-01   6.3042322e+00  -4.3571214e-03  -3.9432873e-04  -2.7491953e-03
   2.1276595e-01   3.9882263e-01   6.3068195e+00  -4.2685916e-03  -5.1391729e-04  -2.9325553e-03
   2.1548311e-01   4.3637679e-01   6.3383119e+00  -3.1547126e-03   6.2856163e-04  -2.3302829e-03
   2.0297833e-01   4.0389443e-01   6.3286142e+00  -4.0139257e-03   2.1401726e-04  -2.3374648e-03
   2.1352963e-01   4.0464546e-01   6.3576808e+00  -2.6466002e-03   1.7836211e-04  -2.6103533e-03
   2.0845908e-01   4.2978252e-01   6.3616484e+00  -3.2053858e-03  -2.9398549e-04  -2.5451194e-03
   2.0568948e-01   4.3442959e-01   6.3583955e+00  -3.3530388e-03   2.1903097e-04  -2.4935913e-03
   1.9629894e-01   4.1590585e-01   6.3248667e+00  -3.7737512e-03  -1.4780549e-04  -2.0825519e-03
   2.0600294e-01   4.0303696e-01   6.3475193e+00  -3.8926007e-03  -1.4165949e-04  -2.6413098e-03
   2.0412211e-01   4.0719602e-01   6.3731042e+00  -3.2837456e-03  -2.2249344e-04  -2.7312928e-03
   1.9143209e-01   3.9794578e-01   6.4039988e+00  -4.4386114e-03  -1.8072167e-03  -2.6214172e-03
   1.9487837e-01   4.1182569e-01   6.4472955e+00  -5.3357603e-03  -1.5015403e-03  -2.9227046e-03
   1.8234414e-01   4.0244737e-01   6.4393310e+00  -4.3777553e-03  -1.3256713e-03  -2.6661453e-03
   2.2232008e-01   4.2552783e-01   6.4644829e+00  -4.1417373e-03  -9.1462485e-04  -3.0316699e-03
   2.0211440e-01   4.3898121e-01   6.4424942e+00  -5.0729552e-03  -7.7171097e-04  -2.3844803e-03
   2.1195086e-01   4.2101457e-01   6.4674259e+00  -4.2286758e-03  -1.1125630e-03  -3.1046652e-03
   2.0988466e-01   4.2708540e-01   6.4935793e+00  -3.7795529e-03  -8.4278290e-04  -2.7115187e-03
   2.3393554e-01   4.2600970e-01   6.4526279e+00  -4.7128142e-03  -4.5831431e-04  -3.0245112e-03
   2.0649496e-01   4.2636924e-01   6.4698048e+00  -4.4352544e-03  -8.8950324e-04  -2.7914219e-03
   2.1101026e-01   4.2883894e-01   6.4966716e+00  -4.2388996e-03  -8.9404866e-04  -2.7293205e-03
   2.0513594e-01   4.1297339e-01   6.5228933e+00  -3.7665071e-03  -1.1712993e-03  -3.0699126e-03
   2.0968120e-01   4.2166831e-01   6.5289555e+00  -3.8997369e-03  -6.0038860e-04  -2.5787179e-03
   2.0622732e-01   4.2978776e-01   6.5219023e+00  -4.3577139e-03  -1.4231038e-03  -3.0578737e-03
   2.0512018e-01   3.9569231e-01   6.5374719e+00  -4.3424107e-03  -1.0665286e-03  -2.4722886e-03
   2.0848690e-01   3.9416673e-01   6.4987975e+00  -4.6839974e-03  -1.0735126e-03  -2.5820640e-03
   2.0172780e-01   4.0701300e-01   6.5611316e+00  -3.6022745e-03  -1.1938910e-03  -2.4058095e-03
   2.1823784e-01   4.3302407e-01   6.5900156e+00  -4.0891852e-03  -1.8661799e-03  -2.5431680e-03
   1.9846647e-01   4.0946311e-01   6.5907915e+00  -4.9036744e-03  -1.4177649e-03  -2.8933787e-03
   1.9577639e-01   4.1047795e-01   6.6206681e+00  -4.1896517e-03  -1.3960164e-03  -2.7939316e-03
   2.0646560e-01   4.2220905e-01   6.6392255e+00  -4.2469012e-03  -1.6095643e-03  -3.1255205e-03
   2.3240280e-01   4.3061663e-01   6.5788434e+00  -3.2765674e-03  -5.8689772e-04  -2.4423410e-03
   1.9129548e-01   4.5150229e-01   6.5981609e+00  -4.8539155e-03  -3.6098111e-04  -2.6048482e-03
   2.2684254e-01   4.1771049e-01   6.6312442e+00  -4.5153865e-03  -1.6514457e-03  -3.7732157e-03
   2.0063833e-01   4.2963115e-01   6.6832428e+00  -4.5717357e-03  -2.2268936e-03  -3.5374951e-03
   1.8919729e-01   4.3671082e-01   6.6798643e+00  -4.3022759e-03  -1.8743710e-03  -2.9549479e-03
   1.9932837e-01   4.3887487e-01   6.7069804e+00  -4.0538218e-03  -1.6053856e-03  -3.1197679e-03
   2.9402445e-01   4.3244609e-01   6.5446444e+00  -6.8315066e-03   2.6996229e-04  -3.6891918e-03
   2.1631980e-01   4.5530919e-01   6.6903223e+00  -4.7195335e-03  -2.0210819e-04  -2.9455538e-03
   2.2973997e-01   4.3868180e-01   6.7240801e+00  -3.1720153e-03  -1.7053870e-04  -3.3269516e-03
   2.2409577e-01   4.7473525e-01   6.7201707e+00  -3.8911688e-03  -6.3407175e-05  -2.8841206e-03
   2.2565827e-01   4.5444594e-01   6.7066296e+00  -4.4849157e-03  -1.1845178e-04  -3.0257592e-03
   2.2218312e-01   4.4103174e-01   6.7434177e+00  -3.8279759e-03   2.0050833e-04  -3.1515918e-03
   2.4970276e-01   4.4482833e-01   6.6787098e+00  -3.9879763e-03   6.8377730e-04  -2.3110671e-03
   2.0591868e-01   4.1169022e-01   6.7011501e+00  -3.8954016e-03   2.2925373e-04  -2.1721630e-03
   2.0522373e-01   4.1763891e-01   6.7015297e+00  -4.4190088e-03   2.9356914e-04  -2.6559512e-03
   2.1244828e-01   4.2195620e-01   6.7388518e+00  -3.6244341e-03   1.8772541e-04  -2.6603049e-03
   1.9953773e-01   4.4156757e-01   6.7356341e+00  -3.8162504e-03   2.4616888e-04  -2.4724554e-03
   2.0943354e-01   4.2062435e-01   6.7329036e+00  -3.8478164e-03   2.0807721e-04  -2.5128464e-03
   2.0120891e-01   4.1634245e-01   6.7418977e+00  -3.6875497e-03   3.0407519e-04  -2.5214428e-03
   2.1030566e-01   4.0576430e-01   6.7635959e+00  -3.7565257e-03   5.2361767e-04  -2.6209575e-03
   2.0768008e-01   4.2286996e-01   6.7713237e+00  -3.4900529e-03   3.7529377e-04  -2.4392543e-03
   2.0831985e-01   4.3612579e-01   6.7923757e+00  -3.6538372e-03   9.5865295e-05  -2.5354439e-03
   2.2067997e-01   4.2306572e-01   6.7811846e+00  -3.6379623e-03   5.9648752e-04  -2.7581112e-03
   2.1056079e-01   4.3635464e-01   6.7986562e+00  -4.1864236e-03   5.4966276e-04  -2.5669159e-03
   2.2424947e-01   4.1985869e-01   6.7891514e+00  -4.3802740e-03   5.4445507e-04  -2.6797700e-03
   2.0677468e-01   4.3202608e-01   6.8337559e+00  -3.7602691e-03   3.4838171e-05  -2.4720896e-03
   2.1050984e-01   4.4254989e-01   6.8233695e+00  -4.1706479e-03   2.1463208e-04  -2.6190485e-03
   2.2285445e-01   4.2294610e-01   6.8506091e+00  -3.5790178e-03   5.8986585e-04  -2.7231510e-03
   2.1507820e-01   4.4848633e-01   6.8492771e+00  -4.1155486e-03   2.2504747e-04  -2.6059690e-03
   2.1735175e-01   4.2558896e-01   6.8533902e+00  -4.2332542e-03   4.0440299e-04  -2.9199981e-03
   2.1284988e-01   4.1605991e-01   6.8753450e+00  -4.0238769e-03   4.4224210e-04  -2.7238172e-03
   2.1774946e-01   4.3374954e-01   6.8974018e+00  -4.0984395e-03   6.3425062e-04  -2.6257637e-03
   2.1211796e-01   4.2452732e-01   6.9005997e+00  -3.8220556e-03   2.7415860e-04  -2.5990569e-03
   2.2322102e-01   4.3824224e-01   6.9089407e+00  -3.9334553e-03   2.6061566e-04  -2.8241114e-03
   2.1937460e-01   4.3003501e-01   6.9513674e+00  -3.4930518e-03   2.6755659e-04  -2.6362572e-03
   2.3622792e-01   4.3423597e-01   6.9394705e+00  -3.6462570e-03   3.9696526e-04  -2.9421932e-03
