  -6.6409506e-15   8.1575096e-15   0.0000000e+00   0.0000000e+00  -1.9701520e-34   2.0626551e-18
  -2.2422091e-03   1.0306152e-02  -3.4254345e-02  -7.0325705e-04   4.4980988e-04  -3.5203461e-04
  -1.1900944e-02  -2.1752856e-02  -4.7906463e-02  -9.9918548e-04   2.6490182e-04  -8.6453480e-06
  -2.0110841e-03   9.9474667e-03  -5.2276860e-02  -6.9529293e-04   7.7792317e-05  -4.5541460e-04
  -2.1218035e-02  -2.3860417e-02  -7.3554097e-02  -1.1160571e-03  -2.0442374e-04   3.2439232e-04
  -2.2542260e-02  -2.4394147e-02  -5.6686171e-02  -6.0641907e-04  -3.1636361e-04   1.3251201e-04
  -3.0758321e-02  -4.1834324e-02  -3.8791217e-02  -9.8537519e-05   1.2979850e-04   9.1606777e-04
  -6.5668444e-03  -4.4481480e-02  -9.7162439e-02  -1.0985502e-03   9.4693260e-05  -1.3801083e-04
   1.1764811e-03  -5.0851888e-02  -7.5744164e-02  -6.2989715e-04   7.4322226e-04  -1.3117230e-04
  -1.1137670e-02  -1.2694536e-02  -4.0691394e-02  -1.5680414e-04  -4.3603722e-05  -1.7885083e-05
  -1.8760411e-02   1.1438058e-03  -4.9165058e-02  -1.9902343e-04   9.7418951e-05   1.0124543e-04
  -1.9468698e-02  -2.9213210e-02  -6.6162164e-02  -3.6276983e-04  -5.7937188e-06   7.7919769e-05
  -1.6575487e-02  -2.6100565e-03  -5.1159398e-02  -4.2658821e-04   3.7124800e-04   2.3504100e-04
  -3.7197280e-02  -2.3862887e-02  -8.6011022e-02  -6.5382172e-04  -2.3480263e-04   4.5603632e-04
  -1.1202442e-02  -1.6128699e-02  -1.1087390e-01  -9.8957816e-04  -8.9725727e-05  -1.6861731e-04
  -2.2184060e-03  -2.7432054e-02  -1.1495814e-01  -8.9118112e-04   4.1902279e-05  -8.1225840e-05
  -3.8595762e-02   3.7284442e-03  -1.4517976e-01  -1.6379852e-03  -2.0911171e-04   6.5421061e-06
  -4.8819663e-02  -2.8676636e-02  -1.6547260e-01  -1.7635883e-03  -2.9538561e-04  -1.3537014e-04
  -3.9617800e-02  -4.2683777e-02  -1.0389167e-01   2.7567113e-04  -7.7836952e-05   6.8800709e-05
   1.6928985e-03  -4.6634916e-02  -1.4226680e-01  -5.3192474e-04   1.5633682e-04  -4.0542726e-04
  -3.0996713e-02  -7.1161009e-02  -1.5449277e-01  -3.7735913e-04   5.7847501e-04   3.4053504e-04
  -2.0278087e-02  -6.1736544e-02  -1.5092078e-01  -9.3618076e-04   9.6229124e-05  -1.7374553e-04
  -1.8181657e-02  -2.9570872e-02  -1.4389966e-01  -1.0295313e-03   4.4199159e-04  -2.6418889e-04
  -1.9236644e-02  -2.9230878e-02  -1.4094330e-01  -7.0934819e-04  -1.0355620e-05  -8.1395640e-05
  -3.5907958e-02  -4.6503304e-02  -1.1766316e-01  -3.3950891e-04  -1.3987465e-04   3.3543975e-04
  -1.4123232e-02  -2.1529868e-02  -1.5847495e-01  -8.5519161e-04   4.8685974e-04  -3.0103622e-04
  -4.0863411e-02  -8.0641765e-02  -2.0395939e-01  -1.4313882e-03  -1.1059604e-04   1.7773882e-04
  -3.3380634e-02  -7.8950488e-02  -1.9212470e-01  -1.3890399e-03  -3.2596312e-04   5.1180202e-05
  -5.9446781e-02  -5.7437600e-02  -1.7838565e-01  -1.1481174e-03   4.5189901e-05   4.9959047e-04
  -2.2643461e-02  -5.5731221e-02  -1.3765928e-01  -6.6298724e-04   1.0117233e-04  -3.5802192e-04
  -4.1762811e-02  -5.7980830e-02  -1.2548379e-01  -9.6816546e-04  -4.9085342e-04   1.8072074e-04
  -3.8739080e-02  -1.8337634e-01  -1.6398887e-01  -1.9027405e-03  -9.9410142e-04  -9.8927605e-04
  -1.8946623e-02  -8.4532910e-02  -1.1588556e-01  -6.0711379e-04   7.8067942e-05  -6.7200809e-04
  -4.1884069e-02  -8.4450647e-02  -7.4283559e-02   1.6276151e-04   2.6885755e-04  -1.1103378e-04
  -6.0499177e-02  -6.6599588e-02  -9.8097739e-02   3.9370977e-04   1.5566065e-04   2.7184435e-04
  -3.9524634e-02  -9.0347477e-02  -1.4695104e-01  -6.8955085e-04  -3.0672340e-04  -3.6065187e-04
  -6.5813974e-02  -5.9436886e-02  -1.6125015e-01  -8.7641286e-04   2.7932678e-04   3.7986775e-04
  -4.7513309e-02  -9.2322979e-02  -1.6856729e-01  -1.1311491e-03  -2.1163828e-04  -5.3305465e-04
  -6.8104503e-02  -5.5114467e-02  -1.5608431e-01  -7.1834582e-04   1.4777789e-05   2.5095680e-04
  -5.1652340e-02  -4.8729617e-02  -1.6613755e-01  -1.4633869e-03  -3.7475405e-04   6.9159293e-05
  -4.6512670e-02  -3.8585376e-02  -1.4814043e-01  -1.2937439e-03  -3.7976059e-04  -1.1450494e-04
  -5.0858629e-02  -6.2142695e-02  -1.4313738e-01  -4.8107981e-04   4.1781120e-04   5.0450085e-05
  -4.6184339e-02  -8.9596529e-02  -1.5971909e-01  -9.9591889e-04   7.0832786e-05  -5.0321374e-04
  -3.3763929e-02  -1.2018823e-01  -1.1270749e-01  -3.5493641e-04  -1.3378265e-04  -5.0587674e-04
  -7.1126707e-02  -6.5869665e-02  -1.4552100e-01  -1.0254449e-03  -2.1656023e-04   1.7024606e-04
  -6.8801033e-02  -9.5275462e-02  -1.4148161e-01  -8.6152927e-04  -4.2069363e-04   7.0327658e-04
  -6.4128195e-02  -8.8791076e-02  -1.1649559e-01  -5.1596188e-04  -3.4768645e-04  -1.7085519e-04
  -5.3270582e-02  -7.0602321e-02  -1.2435687e-01  -9.6811704e-04   1.1502007e-04   3.1846317e-06
  -6.4429313e-02  -6.3575313e-02  -1.2653962e-01  -5.7455962e-04  -3.7465880e-04  -2.2551077e-04
  -4.8453846e-02  -1.1956085e-01  -1.5511607e-01  -1.3980111e-03  -2.7300964e-04  -1.5756700e-04
  -8.3733845e-02  -8.9534169e-02  -1.6532991e-01  -1.6300409e-03  -9.8087845e-05   3.6288205e-04
  -7.1540637e-02  -7.0812485e-02  -1.2210859e-01  -8.2128917e-04  -7.2340333e-04  -2.4198967e-04
  -6.4213735e-02  -1.0872908e-01  -1.1395001e-01  -4.0244233e-04   2.3879474e-04  -1.8204555e-05
  -4.8275598e-02  -1.1274533e-01  -8.8065266e-02  -5.1073678e-04  -2.2861929e-04  -4.8398512e-04
  -7.6883019e-02  -1.0575507e-01  -1.1756368e-01  -1.3300015e-03  -5.5581965e-04   2.7608058e-04
  -6.8887247e-02  -8.7638247e-02  -1.0360541e-01  -1.2261694e-03  -1.9803352e-04   2.2521194e-04
  -9.9505315e-02  -1.0856096e-01  -8.1936680e-02  -5.7658974e-04  -4.2938014e-04   4.9501598e-04
  -5.8426454e-02  -4.0885043e-02  -8.0841718e-02  -3.2696005e-04  -9.3442764e-05  -5.5343121e-04
  -6.8561204e-02  -8.3703061e-02  -8.8252263e-02  -7.5548315e-04   2.8378224e-04  -3.7475883e-05
  -5.9398499e-02  -7.6266782e-02  -6.6167394e-02  -9.0499055e-04   1.0641622e-04   5.7131005e-05
  -5.4053031e-02  -9.0409892e-02  -5.9159319e-02  -9.3912640e-04   1.8917772e-05  -1.7467956e-04
  -9.0660069e-02  -9.6771880e-02  -7.6300089e-02  -4.9638327e-04  -1.5112023e-04   3.1344010e-04
  -9.1300661e-02  -7.4072605e-02  -7.5456607e-02  -1.1933432e-03   2.5449149e-04   3.2222088e-04
  -1.0235730e-01  -8.7248708e-02  -9.5784112e-02  -1.7422417e-03  -1.8530128e-04   3.0750562e-04
  -6.6326731e-02  -7.2154273e-02  -7.0044003e-02  -1.4779617e-03   1.8912031e-04  -7.2096667e-05
  -9.0609582e-02  -4.5828567e-02  -5.0191813e-02  -1.1405383e-03   1.0614798e-04   4.2574177e-04
  -1.0529374e-01  -4.4633739e-02  -6.1032666e-02  -1.3535006e-03  -6.6904011e-04   7.0852310e-04
  -6.8125193e-02  -4.9332544e-02  -8.3061998e-02  -1.7680399e-03  -1.5768216e-04  -3.5833543e-04
  -9.8129929e-02  -6.1551601e-02  -4.9286135e-02  -5.6809842e-04  -9.5250968e-05   3.4065793e-04
  -9.7501930e-02  -6.0926304e-02  -6.4420692e-02  -9.5758474e-04  -4.4413006e-04   4.8385490e-04
  -9.7549971e-02  -1.0714230e-01  -7.9554059e-02  -1.5927659e-03  -4.1429858e-04   5.3242484e-04
  -7.3890570e-02  -5.9266735e-02  -3.5024873e-02  -4.7065768e-04   4.4458156e-04  -6.4065884e-05
  -1.0808405e-01  -7.0162036e-02  -4.0931780e-02  -9.8029213e-04  -3.0395460e-04   2.3656966e-04
  -9.6140637e-02  -5.2769358e-02  -4.2938932e-02  -7.7319679e-04  -7.6392483e-05   4.0778499e-04
  -8.2216503e-02  -4.7159916e-02  -9.3080520e-02  -1.9800956e-03  -2.1287716e-04  -4.4667434e-04
  -6.3197152e-02  -7.1867551e-02  -2.8014710e-02  -4.7763806e-04   3.3776231e-05  -4.9147086e-04
  -9.8135199e-02  -5.3432831e-02  -2.9585907e-02  -1.0802227e-03  -3.9912771e-04   3.1866346e-04
  -8.0241496e-02  -6.9704078e-02  -1.9878771e-02  -8.0236630e-04   6.9116319e-04  -3.9650217e-05
  -8.1148905e-02  -6.1544977e-02   3.3551373e-03  -1.0158218e-03  -1.2980065e-04  -4.2606593e-05
  -6.9018423e-02  -7.2709878e-02  -1.7526716e-02  -1.0889190e-03  -4.9570689e-05  -4.2748925e-04
  -7.2229951e-02  -3.0484491e-02   9.4576468e-03  -7.7675104e-04   4.8223925e-04   2.9321643e-05
  -1.1002945e-01  -7.4427766e-02   3.1633783e-02  -4.2797088e-04  -3.6894763e-04   2.7357314e-04
  -1.1866079e-01  -8.1539786e-02   6.2868360e-02   1.1021037e-04  -2.9191897e-04   5.9884046e-06
  -1.0468676e-01  -4.9135794e-02   6.6709588e-02  -4.3347464e-04  -1.0349791e-04   4.6795612e-04
  -8.3716318e-02  -5.2453299e-02   1.2111610e-01   1.2933421e-04  -3.9805896e-04  -1.4603622e-04
  -8.1060713e-02  -3.3630023e-02   1.4006871e-01   1.8735253e-04  -1.9745280e-04  -2.6141576e-04
  -1.0187415e-01  -2.4139554e-02   1.2021438e-01   1.6602858e-04  -4.1631161e-04   2.3268775e-05
  -5.3368584e-02  -3.6917225e-02   1.3099846e-01   9.5787902e-04   1.8650146e-05  -2.9285675e-04
  -9.0303419e-02  -5.3276854e-02   1.2535605e-01  -3.2739086e-04  -1.9244373e-04   3.6871780e-04
  -6.8685198e-02  -3.3141541e-02   1.3650977e-01   7.1921193e-05  -8.7066391e-05  -2.5428539e-04
  -1.0572241e-01  -3.0791695e-02   1.6376323e-01   5.3490478e-04   4.3860072e-04   3.7427161e-04
  -1.0138549e-01  -3.4418049e-02   1.4037778e-01  -8.2572347e-05   3.4669785e-04   1.9929381e-04
  -1.2606339e-01  -5.9959887e-02   1.3543457e-01  -3.7812708e-04  -5.4997507e-04   6.9169230e-04
  -9.8695776e-02  -1.4025294e-02   1.7096481e-01   1.3963996e-04  -4.4181924e-04   8.5055568e-04
  -1.1950286e-01   3.1317094e-02   1.6006607e-01  -1.1234531e-04  -2.5676355e-04   2.9504188e-04
  -8.5486106e-02   1.1662737e-02   1.3389746e-01  -6.9684592e-04  -4.1952572e-04  -1.1954597e-04
  -8.8515773e-02   1.9098847e-02   1.5735697e-01  -6.0940630e-04  -7.0923766e-04   1.8280097e-04
  -6.8091699e-02   7.0051957e-03   1.6646945e-01   3.6508914e-04   8.4467639e-04  -3.4921434e-04
  -1.1791078e-01  -2.5277317e-02   1.5449199e-01  -6.4383848e-04   2.7161058e-05   4.5521484e-04
  -1.1441991e-01   3.0994448e-02   1.6759734e-01  -5.0431152e-04   1.2940848e-04   5.1873723e-04
  -1.0333171e-01  -5.4983149e-02   1.5587701e-01  -7.3750672e-04  -2.6353975e-04  -4.3654971e-04
  -1.1648020e-01  -2.7497360e-02   1.7801145e-01  -3.8360806e-04  -4.3413579e-05   4.2426079e-04
  -8.7039362e-02  -2.0208746e-02   1.8725207e-01  -8.7517633e-05  -6.7607809e-05   3.2352748e-04
  -1.0683745e-01  -9.6952541e-03   1.9618998e-01  -3.9681552e-04  -4.6629816e-04   2.3691376e-04
  -1.1364193e-01  -1.3208617e-02   1.4209163e-01  -1.0076588e-03   1.3664811e-04   3.6332793e-04
  -9.9115213e-02  -1.4161639e-03   1.6625293e-01  -7.7834588e-04  -9.3588842e-05  -9.1416586e-05
  -8.7297815e-02  -4.7678066e-03   1.9117511e-01  -3.0171565e-04  -2.5303478e-04   2.9719314e-04
  -1.0510428e-01   2.2879522e-02   1.9596290e-01  -9.3096594e-04  -3.9188934e-04   1.3708236e-04
  -1.2187971e-01  -5.8110244e-03   1.6189909e-01  -1.7866528e-03  -9.2255968e-04   5.5060730e-04
  -1.2222051e-01   1.0915542e-02   1.9593803e-01  -1.3445628e-03  -1.5457434e-03   2.8960376e-04
  -1.0400621e-01   2.3183554e-02   1.9867198e-01  -1.1346489e-03  -3.3213088e-04  -1.3218609e-04
  -1.0713730e-01  -1.7136891e-02   1.9551675e-01  -1.0860720e-03  -2.6740007e-04   3.4581651e-04
  -1.0282727e-01   1.5555101e-02   2.1808061e-01  -8.7158440e-04  -6.8300103e-04  -8.1397583e-05
  -1.0837498e-01   1.4325280e-02   2.0524654e-01  -1.1433038e-03  -4.8479411e-04   2.4357637e-04
  -1.0514169e-01  -1.0452999e-02   2.0909265e-01  -7.1275131e-04   2.6398605e-05   2.1197760e-05
  -1.1346966e-01   1.7969293e-02   1.8373612e-01  -1.8882912e-03  -4.2003509e-04   4.0551339e-05
  -1.2682520e-01   1.3113855e-02   2.1625608e-01  -1.5029837e-03  -3.9592734e-04   8.4909914e-04
  -9.7460573e-02   1.5999829e-02   2.1561235e-01  -1.2177268e-03   4.7698695e-04   1.8915570e-04
  -1.0288496e-01   1.4098541e-02   1.9560382e-01  -1.7181162e-03  -2.9807931e-04  -9.4716159e-05
  -1.1161294e-01   4.3207826e-02   2.3695369e-01  -1.0586385e-03  -5.1768948e-04   5.0956725e-04
  -1.0436686e-01   2.3009359e-02   2.8260869e-01  -1.0897120e-03  -7.9509428e-04  -2.7371375e-04
  -8.5004941e-02  -9.5449838e-03   2.8933677e-01  -9.6785362e-04  -3.9839818e-04   3.5683069e-04
  -1.3371379e-01  -3.8864362e-02   2.6172920e-01  -1.9108959e-03  -2.6033384e-04   7.0259996e-04
  -1.0122432e-01  -1.6574501e-02   3.1276097e-01  -1.0269209e-03  -9.9832862e-05   2.3556760e-06
  -1.1962002e-01   1.9595459e-02   2.3391184e-01  -2.5562572e-03  -1.8391456e-04   2.1162361e-04
  -9.7971945e-02  -1.2001383e-02   2.5093765e-01  -1.8462761e-03  -3.4875168e-04  -9.2550314e-05
  -8.6898922e-02  -1.0253094e-02   2.4615812e-01  -1.7627185e-03  -5.5815951e-04  -3.0320631e-04
  -1.0189031e-01  -9.8840972e-03   2.4886618e-01  -1.7906454e-03  -3.8041567e-04   1.4840307e-04
  -9.9027207e-02   3.0789859e-02   2.6814936e-01  -1.7794239e-03   7.1948362e-08  -1.9876188e-04
  -8.7813987e-02  -9.9249341e-03   3.0026992e-01  -1.5177329e-03  -8.7154421e-04  -1.6575633e-04
  -1.0523975e-01   1.3173112e-02   3.0579757e-01  -1.2603986e-03  -2.9871831e-06  -6.4978526e-05
  -1.1840604e-01   7.3697166e-03   3.3283153e-01  -1.0182262e-03  -4.0698938e-04   6.5753443e-05
  -9.2505550e-02  -8.3982505e-03   3.6084684e-01  -9.8141584e-04  -1.0329948e-03  -2.2427753e-04
  -9.1648771e-02  -1.9251167e-02   3.2377635e-01  -1.8362814e-03  -8.9842998e-04  -2.0249339e-04
  -1.2763302e-01  -1.6819719e-02   3.6790138e-01  -1.3421832e-03  -7.0904120e-04   3.3541030e-04
  -1.1256662e-01  -1.9154334e-03   3.5430878e-01  -1.1747539e-03  -4.7899567e-04  -9.8304492e-05
  -1.0818030e-01  -1.4255081e-02   3.5735670e-01  -1.3258681e-03  -2.7445855e-04   2.5766682e-04
  -9.3674243e-02  -1.9467218e-02   4.0137063e-01  -7.9750305e-04  -1.0935985e-05  -2.0617984e-04
  -1.2465831e-01  -5.7314561e-02   3.9428587e-01  -1.4065135e-03  -2.9990446e-04   3.9462366e-04
  -1.1071408e-01  -1.4189590e-02   3.9405844e-01  -1.2892747e-03  -6.1732517e-04   1.9797941e-04
  -9.1254803e-02  -1.6991465e-02   4.0423403e-01  -1.1844971e-03   2.6781992e-04  -9.5705971e-05
  -9.5931918e-02   2.1536814e-02   3.7696852e-01  -2.1944166e-03  -4.7783669e-04   6.9202189e-05
  -1.4042441e-01   1.8569108e-02   4.3330830e-01  -1.1698403e-03  -2.0498338e-04   9.4872970e-04
  -1.1279714e-01  -5.9853106e-03   4.3659239e-01  -1.5563600e-03   3.6697386e-04   6.4015377e-04
  -8.5619543e-02  -1.5575223e-02   4.2716908e-01  -1.4523248e-03  -5.7112364e-04  -4.5099143e-04
  -8.4698131e-02  -1.2001718e-02   4.0621555e-01  -2.6042836e-03  -2.7261264e-04  -1.8260766e-04
  -1.0156414e-01   3.2147203e-02   4.3132168e-01  -2.1425744e-03  -8.6501715e-04  -1.8120331e-05
  -1.0330904e-01   3.0159661e-03   4.2694438e-01  -1.7352246e-03  -4.3682057e-04  -3.6259256e-04
  -1.0407428e-01   4.2390109e-02   4.1797291e-01  -2.1925483e-03  -5.1105174e-04   1.3356623e-04
  -1.2673962e-01  -1.8007884e-02   4.4845960e-01  -1.2275313e-03  -5.1312305e-04   5.9330973e-04
  -1.1091584e-01   1.0965950e-02   4.4220834e-01  -2.0906796e-03  -3.8497393e-04   2.8879956e-04
  -1.2659946e-01   1.0462083e-02   4.5645232e-01  -1.9484464e-03  -5.5310474e-04   2.6080276e-04
  -1.5964965e-01  -4.4466811e-02   4.4420713e-01   3.2368233e-04  -4.3688658e-04   5.6057227e-05
  -1.4804332e-01   1.3743004e-02   4.6460139e-01  -1.2714825e-03  -8.7823410e-04   4.5877959e-04
  -1.2490936e-01  -4.4934117e-03   4.4654671e-01  -1.9877445e-03  -3.5639892e-04   4.4453989e-04
  -1.1790516e-01  -1.3108810e-02   4.8528534e-01  -1.4401736e-03  -9.4065697e-04  -6.8689252e-04
  -1.1506369e-01   3.4110904e-03   4.5939657e-01  -2.5007964e-03  -8.9149059e-04   1.4980352e-04
  -1.4027004e-01  -2.7600510e-03   4.5239824e-01  -2.5515372e-03  -4.9475757e-04   1.6194754e-04
  -1.2788706e-01   3.1885145e-02   4.8250447e-01  -1.7717341e-03   1.7637788e-04   1.0369623e-04
  -1.1035644e-01   1.0668641e-02   4.9033448e-01  -1.8008108e-03  -2.5633044e-04  -3.3211097e-04
  -1.2927401e-01   1.4970131e-02   4.7503096e-01  -2.4629453e-03   2.2571642e-04   5.0557729e-04
  -1.4239221e-01   1.2440870e-02   5.1147187e-01  -2.0127316e-03  -8.0736740e-04   8.6205363e-04
  -1.0424183e-01  -4.3510857e-02   4.8355527e-01  -1.9632100e-03  -7.9585452e-04  -4.4557065e-04
  -8.7994334e-02  -1.4929759e-02   4.7176717e-01  -2.7193325e-03  -1.5514805e-04  -6.4295743e-04
  -1.2946814e-01   1.0315886e-02   5.0548973e-01  -2.5243120e-03  -1.0746895e-03   3.9821871e-04
  -1.0142560e-01  -6.3911830e-04   4.8345975e-01  -2.9842393e-03  -6.5084456e-04  -6.3765830e-04
  -1.1751458e-01   1.5627459e-02   5.3348237e-01  -1.7315986e-03   2.3084110e-04  -8.1133717e-05
  -1.0784260e-01  -4.3573656e-03   5.4535576e-01  -1.7042998e-03  -3.2715776e-04  -4.1071851e-04
  -1.0990342e-01   3.8602687e-05   5.2860736e-01  -2.6159998e-03  -5.1573838e-04  -2.7686041e-04
  -1.2871461e-01  -2.9688772e-02   5.1986870e-01  -2.6688583e-03  -9.2326870e-04   2.4439129e-04
  -9.1821438e-02  -1.7211486e-02   5.6823839e-01  -2.1180797e-03  -3.0900520e-04   8.2686646e-05
  -1.2004904e-01  -9.5973477e-03   5.6913524e-01  -1.8627679e-03  -4.8816249e-04   6.0456131e-05
  -1.1550647e-01  -1.1544294e-02   5.6607392e-01  -2.3906705e-03  -9.0999543e-04   5.9399274e-04
  -1.4991730e-01  -7.2014438e-02   5.8031904e-01  -2.3713010e-03  -5.2354374e-04   9.9767639e-04
  -9.3010885e-02  -7.7605306e-03   5.6338556e-01  -2.9807145e-03  -4.5957665e-04   1.8397241e-04
  -1.0023566e-01  -4.9785218e-03   5.9576562e-01  -2.2439544e-03  -3.9799583e-04   1.8343723e-04
  -8.6648444e-02   7.2591819e-03   6.0736076e-01  -2.3934525e-03  -4.7085475e-04  -1.2669800e-04
  -9.2058217e-02   1.9154565e-02   5.9344296e-01  -2.6899801e-03  -9.7387605e-04  -4.2411236e-05
  -8.0840509e-02   3.4980450e-03   6.1822641e-01  -2.7844967e-03  -4.7061229e-04  -6.2481759e-04
  -8.3045511e-02   5.3465248e-06   6.5705863e-01  -1.9894973e-03  -2.5564320e-04  -6.2361907e-04
  -1.0270596e-01  -5.8172567e-03   6.4558125e-01  -2.3404620e-03  -9.1405071e-04   2.7304586e-05
  -9.3195433e-02   9.2240780e-03   6.3796588e-01  -3.1844100e-03  -5.2328825e-04  -1.8543954e-04
  -1.0453922e-01  -5.1871276e-03   6.3737328e-01  -3.0752813e-03  -8.7322585e-04   2.1266964e-04
  -9.2446085e-02  -8.0500086e-04   6.7187129e-01  -1.7545561e-03  -3.3630294e-04  -2.0835966e-04
  -8.9023612e-02  -1.7174146e-02   6.7224787e-01  -2.4902887e-03  -3.8332413e-04   1.1431671e-04
  -1.0996071e-01  -2.0679477e-02   6.7083748e-01  -2.6689284e-03  -5.4509638e-04  -4.3699054e-05
  -7.7680305e-02   5.1541662e-05   6.4899573e-01  -2.9258566e-03  -7.2660587e-04  -4.1233759e-05
  -9.9578285e-02   2.3935281e-02   6.4111519e-01  -3.1671164e-03  -7.6457359e-04  -6.9935402e-05
  -8.0606422e-02  -1.5027303e-02   6.8225853e-01  -2.5996645e-03  -7.8457333e-05  -5.8102877e-04
  -7.2028008e-02  -9.9561623e-03   7.0754035e-01  -2.7761135e-03  -5.1584484e-04  -2.2108088e-04
  -9.8591511e-02  -8.6310204e-03   7.1020714e-01  -2.8035971e-03  -9.9114932e-04  -1.5688147e-04
  -9.5755639e-02  -4.3988731e-03   7.2881908e-01  -2.1428431e-03  -4.6063818e-04   4.1378226e-05
  -1.1892829e-01   1.3663961e-02   7.3969593e-01  -2.2545034e-03  -3.8250510e-04   5.3742097e-04
  -9.9287336e-02  -1.2590358e-04   7.3178002e-01  -2.4886341e-03  -7.3512695e-04   1.7991041e-04
  -7.6451009e-02   3.1172350e-02   7.7180015e-01  -2.0095958e-03  -3.8674911e-04  -2.1475721e-04
  -9.3389640e-02  -1.1816153e-02   7.7142188e-01  -2.2821748e-03  -2.1195914e-04   2.3381013e-04
  -8.4010616e-02  -1.2563073e-02   7.4931215e-01  -2.6518292e-03  -6.4946234e-04  -1.5409567e-04
  -1.0367033e-01   1.5550533e-02   7.6677270e-01  -2.6802048e-03  -7.3099709e-04   2.9239058e-04
  -7.0383129e-02   1.0496291e-02   7.9690641e-01  -2.4226444e-03   2.1630209e-04  -1.6516652e-04
  -8.5156771e-02   8.2705388e-03   8.5240439e-01  -1.5238735e-03  -5.1883906e-04   1.0598657e-05
  -9.2289962e-02   1.8723358e-02   8.0359461e-01  -2.8402189e-03  -7.2404190e-04   2.0816333e-04
  -7.9873430e-02   1.4517256e-03   8.5740299e-01  -2.1591124e-03  -4.0378791e-04  -2.2752595e-04
  -6.7542116e-02  -8.8776682e-03   8.6515906e-01  -2.0885243e-03  -1.3885938e-04  -4.9451215e-04
  -7.3759423e-02  -3.6666353e-03   9.3270789e-01  -9.5006629e-04  -3.0916404e-06   2.7779799e-05
  -9.1144469e-02   9.7395390e-03   9.2684759e-01  -1.8683636e-03  -1.1979997e-03   3.4875068e-04
  -9.1460659e-02   4.1009413e-03   9.0344294e-01  -1.9414765e-03  -9.9736100e-04   6.3296470e-06
  -6.7292164e-02   3.5325504e-02   9.2752684e-01  -1.6928455e-03  -1.1756952e-04  -2.7229476e-05
  -1.0078255e-01   1.7230411e-02   9.3298070e-01  -2.1217997e-03  -6.1851172e-04   5.4967962e-04
  -1.0578730e-01   3.9958276e-02   9.5180461e-01  -1.4935163e-03  -5.3584659e-04   4.7501752e-04
  -8.5557820e-02   4.5583355e-02   9.8487001e-01  -1.5811914e-03  -3.4259509e-04   4.4646702e-04
  -7.2168719e-02   6.1488800e-02   9.9330078e-01  -1.4772076e-03  -7.5003832e-04   7.3498452e-05
  -6.9577534e-02   5.9515861e-02   9.8644358e-01  -2.1722191e-03  -7.3369643e-04   1.3725527e-05
  -7.3421140e-02   6.7332021e-02   9.9458355e-01  -2.0333527e-03  -6.3670102e-04  -7.3350337e-05
  -4.7543618e-02   8.7995580e-02   9.9474896e-01  -1.3757664e-03  -4.4686246e-04  -4.9724510e-04
  -9.8807956e-02   5.3326883e-02   1.0114387e+00  -2.0268383e-03  -8.3852733e-04   8.9055852e-04
  -6.4774076e-02   8.2884350e-02   1.0308073e+00  -2.0460421e-03  -9.5108801e-04  -1.1543099e-04
  -3.7812146e-02   6.4143421e-02   1.0665146e+00  -1.6270741e-03  -3.8813327e-04  -6.9170770e-04
  -4.9401792e-02   7.2579870e-02   1.1297858e+00  -2.4257916e-04  -4.7624148e-04  -6.7207139e-05
  -9.2311480e-02   6.0831724e-02   1.0667784e+00  -2.0977576e-03  -8.3397404e-05   5.6694626e-04
  -6.0415574e-02   7.5587662e-02   1.0559692e+00  -2.1251866e-03  -4.7572264e-04  -8.1891173e-04
  -8.0821845e-02   5.9910551e-02   1.0913428e+00  -1.3284962e-03  -6.2241732e-04   1.3839399e-04
  -6.3731992e-02   7.1149226e-02   1.0852853e+00  -1.4486668e-03  -7.6531488e-04  -1.2346718e-04
  -6.2526356e-02   7.2388261e-02   1.0786027e+00  -1.9355733e-03  -4.5445611e-04  -1.8910775e-04
  -8.7899422e-02   8.0501582e-02   1.1083801e+00  -1.4718318e-03  -4.9717738e-04   5.1190804e-04
  -7.4602378e-02   8.5762167e-02   1.1232068e+00  -1.8760362e-03  -8.3055223e-04  -6.7545381e-05
  -8.2640623e-02   1.2845142e-01   1.1248377e+00  -1.7336701e-03   3.9414180e-04   6.7623376e-04
  -6.1969436e-02   1.0318004e-01   1.1277251e+00  -2.3964269e-03  -3.2694740e-04  -3.4376269e-05
  -6.7428453e-02   1.2196756e-01   1.1406548e+00  -1.7092591e-03  -7.5739046e-04  -1.8721007e-04
  -5.9613799e-02   1.0780007e-01   1.1374009e+00  -1.4949961e-03  -3.9954085e-04   3.1423701e-04
  -8.2849611e-02   9.8034368e-02   1.1533877e+00  -1.7283594e-03  -3.8222365e-04   5.5566593e-04
  -8.8148381e-02   9.7134969e-02   1.1344300e+00  -2.5291192e-03  -8.5643539e-04   3.6042304e-04
  -4.5033434e-02   1.4368981e-01   1.1799520e+00  -1.6643005e-03   8.9863408e-05  -1.5271481e-04
  -4.8054108e-02   1.3122485e-01   1.1836322e+00  -1.2687302e-03   1.5635680e-04  -1.5121558e-04
  -5.7816858e-02   8.8326272e-02   1.1983595e+00  -1.6410832e-03  -4.6158085e-04  -1.3387472e-04
  -7.2343438e-02   9.4504598e-02   1.1975421e+00  -1.5032140e-03  -4.7309284e-04   1.3550422e-04
  -6.2724397e-02   1.2018298e-01   1.1844503e+00  -1.9083388e-03   1.3793921e-04   1.9162942e-04
  -5.4736973e-02   1.1977227e-01   1.1941722e+00  -2.0517230e-03  -2.3085953e-04  -8.0939810e-05
  -7.4222159e-02   1.0588278e-01   1.1799357e+00  -2.5209420e-03  -3.4128297e-04   6.4072549e-04
  -9.5097708e-02   1.2659528e-01   1.1765296e+00  -2.0938843e-03  -5.1419916e-04   6.3101345e-04
  -6.7723750e-02   1.0605751e-01   1.2370487e+00  -1.3576496e-03  -5.3249192e-04  -1.5694747e-04
  -8.6513231e-02   9.8689476e-02   1.2271041e+00  -2.0121170e-03  -1.6128875e-04   5.1606326e-04
  -7.0948374e-02   1.0090315e-01   1.2300400e+00  -2.3890262e-03  -5.2377530e-04   3.2136038e-04
  -6.8673370e-02   1.0236836e-01   1.2605267e+00  -2.4906140e-03  -5.4500844e-04   2.9634241e-04
  -5.9790925e-02   1.1402313e-01   1.2426273e+00  -2.6526682e-03  -7.3074825e-04  -5.2330407e-05
  -7.5066669e-02   1.0150271e-01   1.2787706e+00  -1.9686047e-03  -5.9521123e-04   2.9360760e-04
  -5.9890203e-02   1.0667237e-01   1.2712451e+00  -2.7062312e-03  -7.3245967e-04   2.8620256e-04
  -5.0671523e-02   1.1196002e-01   1.3008250e+00  -2.1657895e-03  -7.6996553e-04  -4.1955211e-04
  -7.8304575e-02   1.1180735e-01   1.3102437e+00  -2.0059295e-03  -3.4345210e-04   3.8553878e-04
  -6.9714634e-02   1.2083571e-01   1.3365656e+00  -1.6811024e-03  -5.0995884e-04   9.4368849e-05
  -5.9939574e-02   1.3806363e-01   1.3355677e+00  -2.2937730e-03  -8.1264379e-04   4.3977678e-05
  -7.6671641e-02   1.0257137e-01   1.3371033e+00  -2.2285014e-03  -4.9864831e-04   1.4449142e-04
  -7.4399170e-02   1.3618531e-01   1.3344467e+00  -2.3196406e-03   1.0614395e-04   4.2330247e-04
  -8.9219258e-02   1.1867241e-01   1.3383272e+00  -2.9243460e-03  -6.9936333e-04   6.2933371e-04
  -1.9456568e-02   1.2488185e-01   1.3334712e+00  -2.7142761e-03   9.0001539e-05  -7.1361621e-04
  -4.7613517e-02   1.3857111e-01   1.3300671e+00  -2.7846858e-03  -4.0564257e-04  -1.2784492e-04
  -4.8618989e-02   1.3025876e-01   1.3617062e+00  -2.3566475e-03  -7.7651354e-04  -9.4468612e-05
  -6.6770717e-02   1.0964421e-01   1.3796547e+00  -2.1653980e-03  -3.9022192e-05   2.5713052e-04
  -4.6354455e-02   1.2637846e-01   1.4060867e+00  -2.3016508e-03  -4.5467159e-04   9.5315060e-05
  -6.2563338e-02   1.0580189e-01   1.4374957e+00  -1.7955940e-03   1.5671961e-04   1.7535073e-04
  -2.4376515e-02   1.2508512e-01   1.4658019e+00  -1.4546356e-03  -2.5418684e-04  -8.2750383e-04
  -7.3347478e-02   1.2088664e-01   1.4527292e+00  -2.3569351e-03  -2.3016605e-04   4.1663406e-04
  -3.6665766e-02   1.3702370e-01   1.4899599e+00  -1.4726251e-03   3.6281522e-07  -9.3387680e-05
  -5.6356507e-02   1.5344190e-01   1.4320547e+00  -2.9513555e-03  -3.8509589e-04  -2.7629758e-04
  -5.0668621e-02   1.4933187e-01   1.4664975e+00  -2.5456124e-03  -2.5850834e-04   2.4333075e-04
  -4.5427574e-02   1.3280918e-01   1.4997067e+00  -2.2115894e-03  -2.3822629e-04   9.8802061e-05
  -5.0491621e-02   1.4814295e-01   1.4958189e+00  -2.5489836e-03  -5.6254567e-04  -3.2873951e-04
  -5.0931441e-02   1.3853525e-01   1.4872877e+00  -2.6651138e-03  -2.3349191e-04  -6.4228393e-05
  -6.9885595e-02   1.0843267e-01   1.4894265e+00  -2.8547664e-03  -7.1098990e-04   3.2616892e-04
  -5.4172193e-02   1.2899246e-01   1.5452006e+00  -1.4962830e-03  -2.3846130e-04   8.6670457e-05
  -2.8826914e-02   1.2681498e-01   1.5538027e+00  -1.8265263e-03  -3.6418210e-04  -5.7404846e-04
  -6.3602453e-02   1.2461656e-01   1.5477267e+00  -1.6872169e-03  -2.3439646e-04   5.6602796e-04
  -2.9470848e-02   1.3141946e-01   1.5603739e+00  -1.7179561e-03  -3.4330691e-04  -3.8430596e-04
  -5.8498794e-02   1.2567423e-01   1.5938139e+00  -1.5761780e-03  -7.5349791e-04  -1.2702635e-04
  -3.8411803e-02   1.3101820e-01   1.5980258e+00  -1.6331550e-03  -1.2195272e-03  -1.2950847e-04
  -3.1891067e-02   1.5398766e-01   1.6020394e+00  -1.7307852e-03  -5.5748293e-04  -5.0851732e-04
  -3.5373050e-02   1.6791364e-01   1.6030703e+00  -1.6519427e-03  -6.8560934e-04  -2.8398203e-04
  -5.4335556e-02   1.5461724e-01   1.5845960e+00  -2.4047540e-03  -9.6340888e-05   2.4387526e-04
  -5.1503078e-02   1.6966901e-01   1.6021330e+00  -2.3948345e-03  -4.8351084e-04   3.9276425e-05
  -3.3138589e-02   1.6077948e-01   1.6398959e+00  -1.8215572e-03  -4.1946850e-04  -2.4623143e-04
  -4.3762030e-02   1.6351286e-01   1.6307117e+00  -2.2330720e-03   1.5570716e-04   4.1103355e-04
  -3.8200479e-02   1.3447088e-01   1.6930290e+00  -1.4915579e-03  -4.1539133e-05   1.0023206e-04
  -2.6233266e-02   1.7251286e-01   1.6605274e+00  -2.3295742e-03  -7.8025581e-05  -1.3568967e-05
  -2.5160104e-02   1.7265974e-01   1.6577273e+00  -2.4202338e-03   1.6687034e-04  -1.4287805e-04
  -4.5262304e-02   1.4697007e-01   1.6754679e+00  -2.2921916e-03  -4.0248639e-04  -3.4726498e-05
  -5.4127938e-02   1.5545966e-01   1.6728650e+00  -2.6556520e-03  -6.5560476e-04   4.6494812e-04
  -3.2755624e-02   1.8074187e-01   1.7296780e+00  -1.8489466e-03  -4.2516734e-04  -1.1728584e-04
  -4.0085878e-02   2.0599970e-01   1.7411902e+00  -1.9572695e-03  -3.7632297e-04  -3.6829856e-04
  -2.9703598e-02   1.6741282e-01   1.7405833e+00  -2.0191366e-03  -3.3463790e-04   7.8836843e-05
  -4.5115244e-02   1.7580694e-01   1.7216513e+00  -2.0854617e-03  -1.5568231e-06   2.8040403e-04
  -2.7893246e-02   1.6655611e-01   1.7264832e+00  -2.4542814e-03  -9.6187789e-05  -2.9117725e-04
  -9.2403994e-03   1.9049384e-01   1.7379825e+00  -2.2015340e-03   1.3073312e-04  -5.1329722e-04
  -8.0120099e-03   1.7123879e-01   1.7944775e+00  -1.3414241e-03   1.4930541e-04  -5.0921434e-04
  -5.5756410e-02   1.7314542e-01   1.8466251e+00  -9.2855731e-04  -3.4200620e-04   3.4187783e-04
  -4.4998142e-02   1.6475314e-01   1.8146151e+00  -1.7644243e-03  -5.0996338e-05  -1.9157187e-04
  -2.0727641e-02   1.7360447e-01   1.8051166e+00  -2.1677825e-03   3.8157698e-05  -4.4806174e-04
  -2.0476376e-02   1.8181801e-01   1.8251548e+00  -1.9324497e-03  -1.8625687e-04  -2.9621110e-04
  -3.9614991e-02   1.7204430e-01   1.8366205e+00  -1.8336921e-03  -2.2099576e-04   1.1770033e-04
  -3.7042242e-02   1.7951516e-01   1.8384777e+00  -1.8486383e-03   1.4108524e-04  -1.5278349e-04
  -2.1341723e-02   1.7617721e-01   1.8585228e+00  -1.8455155e-03   1.3800411e-04  -1.1066172e-04
  -2.5600729e-02   1.8042102e-01   1.8858231e+00  -1.0466840e-03   2.8914382e-04  -3.7703707e-05
  -3.8264451e-03   2.0502737e-01   1.8581466e+00  -2.3309490e-03  -6.6165675e-04  -4.1092182e-04
  -1.5658655e-02   1.8230958e-01   1.8823107e+00  -2.0528117e-03   1.6616207e-04  -5.4531621e-04
  -3.5774829e-02   1.8533849e-01   1.9117749e+00  -1.2809128e-03  -3.2855443e-04   2.1587677e-05
  -2.1521438e-02   1.7561130e-01   1.8852086e+00  -2.0650062e-03   7.2663366e-05   4.7471355e-05
  -2.4120069e-02   1.8673731e-01   1.9161648e+00  -2.0008799e-03  -1.3299771e-04   1.7774263e-04
  -1.8993321e-02   1.7113145e-01   1.9055603e+00  -2.2968919e-03  -2.5276551e-04   9.9686450e-05
  -3.7271647e-02   1.8374993e-01   1.9382278e+00  -1.6135057e-03  -3.4961698e-04   3.8019888e-04
  -6.9428133e-02   1.4660025e-01   1.9542706e+00  -1.7852057e-03  -2.6899924e-04   9.0412541e-04
  -3.0875070e-02   1.8751986e-01   1.9744413e+00  -1.5325127e-03   2.3103401e-05   2.8677418e-04
  -2.7525659e-02   1.6408417e-01   1.9713237e+00  -1.9761342e-03   1.9101392e-04  -1.1775224e-04
  -2.7619627e-02   1.7109385e-01   1.9618229e+00  -2.2003333e-03   1.6675198e-04  -5.1963766e-05
  -2.2703074e-02   1.5586475e-01   1.9961279e+00  -1.7433640e-03  -1.2249747e-04  -8.5851021e-05
  -3.5251313e-02   1.8516491e-01   2.0069312e+00  -2.2052263e-03  -1.5238646e-04   6.7944013e-05
  -3.0441666e-02   1.7201830e-01   2.0153930e+00  -1.6488278e-03   2.9514757e-04  -1.9683559e-04
  -3.3205243e-02   1.8669021e-01   2.0457742e+00  -2.1852791e-03  -1.8962932e-04   3.4778301e-04
  -7.9249755e-03   1.5333457e-01   2.0562963e+00  -1.6620350e-03  -1.7830483e-04  -1.2329856e-04
  -4.6842233e-02   1.9002080e-01   2.0414907e+00  -2.1836992e-03  -3.4934679e-04   4.6963372e-04
  -3.2640857e-02   1.9861768e-01   2.0563463e+00  -1.9857315e-03   1.7149253e-04  -2.9044507e-04
  -3.8466603e-02   2.0626633e-01   2.0606175e+00  -2.2861878e-03  -6.6395126e-05   2.5160796e-04
  -2.7837338e-02   2.2509671e-01   2.0561300e+00  -2.3818364e-03   9.4483684e-05   3.0652640e-04
  -3.3217064e-02   2.1076538e-01   2.0491529e+00  -2.5479421e-03  -1.9341169e-04   1.7621348e-04
  -5.0933372e-02   2.1826023e-01   2.0556338e+00  -2.8075980e-03  -2.6140512e-04   4.2371605e-04
  -3.7661761e-02   1.9237229e-01   2.1643677e+00  -8.8684121e-04   2.4441260e-04   2.8624304e-04
  -4.6547423e-02   2.1467773e-01   2.1836609e+00  -1.6981322e-03  -6.1345878e-04  -1.1774747e-04
  -4.5618246e-02   1.8861735e-01   2.2189641e+00  -5.9199724e-04   3.7238619e-04   2.7154601e-04
  -9.4200117e-03   2.2723712e-01   2.2468102e+00  -1.0857510e-03  -1.8621477e-04  -3.9740244e-05
  -1.8286437e-02   2.3934614e-01   2.2211385e+00  -1.7356732e-03   1.0718346e-04  -6.5233929e-05
  -3.1022614e-02   2.1756322e-01   2.1888680e+00  -1.9375383e-03   3.2770517e-04   4.4977852e-04
  -3.3573678e-02   1.9709895e-01   2.2453197e+00  -1.1768117e-03   4.1838193e-04   2.3286081e-04
  -4.4782377e-02   2.2730988e-01   2.3036087e+00  -3.0102480e-04   2.1335817e-04   6.4133099e-04
  -3.4169291e-02   2.4139412e-01   2.2917826e+00  -1.0094870e-03   2.6678841e-04   1.6292021e-04
  -3.7092693e-02   2.3819475e-01   2.2781042e+00  -9.2361821e-04   1.1101507e-04   5.7111691e-04
  -3.4723208e-02   2.2572672e-01   2.3067694e+00  -6.5990402e-04   4.3852073e-04   8.4728991e-04
  -2.1451052e-02   2.5908609e-01   2.2650156e+00  -2.0388836e-03   1.7341250e-04   7.9005903e-05
  -2.6902128e-02   2.5180211e-01   2.2931113e+00  -1.6965821e-03   3.5923884e-04   2.1314454e-04
  -3.7862182e-02   2.6076266e-01   2.3044477e+00  -1.2629546e-03  -3.5349449e-05   5.3611909e-04
  -2.9493391e-02   2.5614135e-01   2.2998476e+00  -1.4250841e-03   2.6319345e-04   2.7724921e-04
  -4.6501548e-02   2.6216385e-01   2.3514765e+00  -8.5272908e-04   1.6207962e-04   4.9193831e-04
   6.5858747e-03   2.6575651e-01   2.3270637e+00  -1.8618917e-03   5.8582073e-05  -6.5307080e-04
   2.6122807e-04   2.6136294e-01   2.3431572e+00  -1.6629048e-03  -3.5835776e-04  -4.7506609e-04
  -1.5435644e-03   2.4902058e-01   2.3601420e+00  -1.2249662e-03   8.1492974e-05  -4.2087228e-04
  -4.3856378e-02   2.7427666e-01   2.3500438e+00  -1.7446242e-03   1.0811587e-06   3.0168202e-04
  -1.0048883e-03   2.6361848e-01   2.3564044e+00  -1.7520489e-03   4.5030392e-04  -2.3158455e-05
  -3.5157252e-02   2.6465780e-01   2.3864705e+00  -1.3131783e-03   4.2416324e-04   1.5140731e-04
  -7.7351993e-02   2.4253489e-01   2.2912494e+00  -3.3852998e-03   9.6292806e-04   1.0579020e-03
  -5.0937812e-02   2.8961179e-01   2.4085929e+00  -9.6562054e-04   4.3291596e-04  -1.3439007e-04
  -6.1004897e-02   2.8099032e-01   2.3748343e+00  -2.2293937e-03  -4.2900216e-04   2.5390642e-04
  -3.1465985e-02   2.7217874e-01   2.4079420e+00  -1.0115766e-03   5.8315028e-04   1.8008574e-04
  -4.4044377e-02   2.7108717e-01   2.4205864e+00  -1.4807828e-03   9.5486945e-04  -1.8131098e-04
  -3.2927538e-02   2.7033026e-01   2.4118642e+00  -2.3497608e-03  -1.6899689e-04   1.5379382e-04
  -3.1636731e-02   2.7268288e-01   2.4268123e+00  -2.0561620e-03   7.5408195e-04   7.1444407e-04
   8.1184172e-03   2.7703787e-01   2.4419546e+00  -1.7037237e-03   1.1451402e-03  -5.7017118e-04
  -1.4074850e-02   2.3673378e-01   2.4710088e+00  -1.6269157e-03  -1.5053267e-05  -1.9897523e-04
  -4.4788504e-02   2.6956793e-01   2.4478831e+00  -2.1971573e-03   9.1447631e-04   6.4092092e-04
   2.1402854e-03   2.4531006e-01   2.4809474e+00  -2.2615260e-03   3.0789673e-04  -7.5963839e-05
  -2.0737273e-02   2.3613420e-01   2.4802918e+00  -1.9427556e-03   1.8664210e-04   1.6546843e-04
  -2.0876861e-02   2.6734104e-01   2.5065350e+00  -1.3713508e-03   9.5411906e-04  -7.5396055e-05
   6.7991175e-03   2.4689242e-01   2.5170788e+00  -1.5610249e-03   5.2497723e-04  -2.4779942e-04
   9.9649679e-03   2.6956825e-01   2.5362561e+00  -1.2562799e-03   8.1822231e-04  -2.5981624e-04
  -1.1748342e-02   2.7281061e-01   2.5310432e+00  -2.4548428e-03   5.2296609e-04   2.5877624e-04
  -4.9973720e-02   2.6794448e-01   2.5542010e+00  -2.0616041e-03   2.8681104e-04   4.8603242e-04
  -3.2559864e-02   2.6853394e-01   2.5482491e+00  -2.2905444e-03   6.9909180e-04   1.4810792e-04
  -2.6007287e-03   2.5020902e-01   2.5820094e+00  -1.2393179e-03   8.5925371e-04  -2.8549190e-04
   4.0399466e-03   2.7801371e-01   2.5464429e+00  -2.2181731e-03   8.0990732e-04  -4.0648771e-04
  -6.5794423e-03   2.8585030e-01   2.5572235e+00  -2.5935368e-03   4.0463522e-04  -1.9990434e-04
  -6.0258296e-03   2.4838068e-01   2.5828226e+00  -2.5340901e-03   6.3378790e-04  -3.5764995e-04
   1.0534791e-02   2.7808290e-01   2.5936435e+00  -2.0542119e-03   1.0826549e-03  -3.5732518e-04
   1.0045130e-02   2.7615871e-01   2.5858262e+00  -1.9165992e-03   8.8643701e-04  -5.0942967e-04
  -5.0172169e-03   2.6290431e-01   2.6085399e+00  -1.9394988e-03   8.5050144e-04  -4.4084084e-04
  -2.7120666e-02   2.5117115e-01   2.5950792e+00  -2.8037057e-03   1.0203723e-03   3.2207002e-04
   1.4762968e-02   2.9103076e-01   2.6505872e+00  -1.3698455e-03   7.7127375e-04  -3.3043827e-04
  -1.7642930e-02   2.6570663e-01   2.6359441e+00  -2.0805353e-03   8.6004757e-04   5.9476030e-05
   3.3787417e-02   2.9192026e-01   2.6344101e+00  -2.3644358e-03   5.8223421e-04  -8.8922376e-04
   2.8627643e-03   2.9204086e-01   2.6298663e+00  -2.4442770e-03   1.6687141e-04  -2.4542703e-04
   2.9877090e-02   2.8523390e-01   2.6553368e+00  -2.2554053e-03   2.6197057e-04  -7.0544059e-04
   6.9598227e-03   2.8465863e-01   2.6910939e+00  -1.7417643e-03   7.5006770e-04  -4.9634821e-04
   1.0920475e-02   2.9528258e-01   2.6806817e+00  -2.4687124e-03   5.5041958e-04  -2.9655416e-04
  -1.9525366e-02   2.8773458e-01   2.6554464e+00  -2.4992706e-03   6.6706164e-04   1.2500702e-04
  -4.5041205e-04   2.6346473e-01   2.6944017e+00  -1.9756789e-03   9.5343738e-04  -1.4898968e-04
  -8.0068524e-03   2.7236561e-01   2.6980090e+00  -2.4171364e-03   2.4458568e-04   1.6627401e-04
  -1.7125640e-02   2.8962815e-01   2.7070511e+00  -2.3551058e-03   3.5891285e-04   2.8642046e-04
   1.9582137e-02   2.8653977e-01   2.7429830e+00  -1.7937339e-03   1.4143087e-03  -3.2967062e-04
   1.0138519e-02   2.7380659e-01   2.7495550e+00  -2.3086496e-03   7.2035310e-04  -3.3106996e-05
   3.1901412e-02   2.6706319e-01   2.7704967e+00  -1.9841206e-03   4.9192317e-04  -3.8606492e-04
   8.7705581e-03   2.8331995e-01   2.7762929e+00  -2.5521056e-03   3.7448188e-04  -7.7659215e-04
   7.7215919e-03   3.0073553e-01   2.7949367e+00  -2.4108292e-03   1.1643232e-04  -2.8625136e-04
   1.1567196e-02   2.9566529e-01   2.8159629e+00  -1.6993751e-03   4.1222462e-04  -3.7283318e-04
   5.2636817e-03   2.7506969e-01   2.8367125e+00  -1.5439807e-03   7.8185299e-04   3.6976002e-05
  -5.3030603e-03   2.9135731e-01   2.8458385e+00  -1.6182201e-03   6.2167321e-04   4.6088135e-04
   1.0080827e-02   2.8547345e-01   2.8506864e+00  -2.0719394e-03   9.9536268e-04  -2.3335344e-04
   7.4850925e-04   2.8167877e-01   2.8418001e+00  -2.2341504e-03   7.2633090e-04   1.6683766e-04
  -7.5921503e-03   2.7227162e-01   2.8538644e+00  -1.9134760e-03   8.9442947e-04   1.4323437e-04
   9.6712721e-03   2.8597792e-01   2.8757062e+00  -1.9880213e-03   7.6597333e-04  -4.6760416e-04
   3.7299058e-02   2.8099470e-01   2.8595844e+00  -2.5086901e-03   5.9966585e-04  -9.4779919e-04
   1.3292254e-02   3.1081391e-01   2.8668889e+00  -1.9051368e-03   2.8168546e-04  -7.6161180e-04
   8.0670500e-03   3.1797178e-01   2.8747774e+00  -1.8309000e-03   8.3449022e-04   2.0708323e-04
   4.6512541e-02   3.1336166e-01   2.8984553e+00  -2.2285964e-03   8.2992991e-04  -4.6473347e-04
  -2.4529577e-03   3.3348993e-01   2.9005810e+00  -2.2964025e-03   6.3244985e-04  -1.6389256e-04
   1.0990209e-02   2.9674897e-01   2.9637482e+00  -1.4074246e-03   1.3630818e-03  -2.0914903e-04
   3.5347361e-02   3.3460461e-01   2.9420713e+00  -1.8349610e-03   1.3055102e-03  -9.0922856e-04
   2.0026396e-02   3.2453659e-01   2.9428521e+00  -2.0303847e-03   1.1582547e-03   2.0995920e-04
   1.6536604e-02   3.0322567e-01   2.9455962e+00  -2.0337091e-03   1.4506139e-03  -2.8163727e-04
   2.7416861e-02   3.0958180e-01   2.9776919e+00  -2.0726723e-03   4.0349708e-04  -4.5834436e-04
   3.8133299e-02   2.9778171e-01   3.0118170e+00  -1.5410014e-03   1.2746102e-03  -7.5261622e-04
  -9.3734952e-03   2.9600692e-01   2.9855469e+00  -2.4968849e-03   6.4712399e-04   3.1351958e-04
   5.3703589e-02   2.9173979e-01   2.9959004e+00  -2.0102989e-03   1.2074268e-03  -1.2784018e-03
   2.6238718e-02   2.8757115e-01   3.0262774e+00  -1.9567857e-03   1.0443428e-03  -2.2245132e-04
   1.9742161e-03   2.9413864e-01   3.0516049e+00  -1.6981941e-03   1.1403018e-03   6.1305681e-04
   1.5403697e-02   3.3201958e-01   3.0535047e+00  -1.8694118e-03   1.0501676e-03  -2.3591096e-04
   3.4854639e-02   2.9737297e-01   3.0517444e+00  -1.7721440e-03   1.0106829e-03  -3.7268935e-05
   1.9256759e-02   3.1238027e-01   3.0871821e+00  -1.2755630e-03   9.5467995e-04  -2.0040895e-04
   2.3845769e-02   3.3491587e-01   3.0748774e+00  -1.6711818e-03   8.1568285e-04  -2.7411268e-04
   3.5816252e-02   3.1875905e-01   3.0762893e+00  -1.9607785e-03   9.0798675e-04  -1.8428241e-04
   5.3210116e-02   3.2293311e-01   3.0675570e+00  -1.8498479e-03   1.5817579e-03  -5.3090222e-04
   2.4110483e-02   3.3375396e-01   3.1049119e+00  -2.0822920e-03   7.7556350e-04  -3.0119308e-04
  -1.6197213e-03   3.2453657e-01   3.1446014e+00  -1.5570552e-03   4.8200646e-04   4.8667483e-04
   2.2361948e-02   3.2956851e-01   3.1437647e+00  -1.2328205e-03   5.2570027e-04  -6.8330069e-04
   1.8523025e-02   3.4867745e-01   3.1211126e+00  -1.8526583e-03   9.5127714e-04   1.5826054e-04
   3.8392330e-02   3.6530192e-01   3.1456205e+00  -1.5373434e-03   1.2303610e-03  -4.5734862e-04
   4.7601069e-02   3.3924092e-01   3.1838697e+00  -1.3550299e-03   1.4600503e-03  -6.5671747e-04
   2.7811314e-02   3.8585436e-01   3.1502402e+00  -2.3543239e-03   7.0452863e-04  -4.4234408e-04
   3.0491431e-02   3.4878359e-01   3.1665017e+00  -1.6977123e-03   1.2389859e-03   1.2119686e-04
   5.1645871e-02   3.5889298e-01   3.2261378e+00  -1.2646074e-03   1.3106125e-03  -3.5958157e-04
   2.9467830e-02   3.5581745e-01   3.2291726e+00  -1.4412697e-03   1.0260714e-03  -2.4845131e-05
   2.7794890e-02   3.4850385e-01   3.2213108e+00  -1.4229341e-03   8.2820191e-04  -2.1258908e-04
   3.8379390e-02   3.5941672e-01   3.1942126e+00  -2.1505310e-03   1.0330176e-03  -2.7246200e-04
   3.6854900e-02   3.4685127e-01   3.2012859e+00  -1.7766541e-03   8.7942195e-04  -3.2224224e-04
   2.1206591e-03   3.4650578e-01   3.2037693e+00  -2.1566759e-03   7.4942319e-04   2.0873661e-04
  -9.6410200e-03   3.8255995e-01   3.2430788e+00  -1.7868446e-03   9.6821845e-04   5.3341472e-04
   2.0078458e-02   3.6165235e-01   3.2459835e+00  -1.9541640e-03   9.6707726e-04  -8.6089630e-05
   4.4757580e-02   3.7228711e-01   3.3011701e+00  -1.0785695e-03   1.4408035e-03  -2.7605778e-04
   4.6453478e-02   3.5689078e-01   3.2946170e+00  -1.9337920e-03   1.4736535e-03  -5.1669088e-04
   2.1868491e-02   3.6891755e-01   3.2620438e+00  -2.1581973e-03   1.1643494e-03  -1.7193858e-04
   3.4958214e-02   3.6334672e-01   3.2715130e+00  -2.3393822e-03   1.2051675e-03  -3.8814337e-04
   2.2514849e-02   3.9108745e-01   3.2847236e+00  -2.4019174e-03   6.9157156e-04   1.8216242e-04
   6.3747955e-03   3.5970774e-01   3.3096166e+00  -1.9535936e-03   1.3934910e-03   3.4461861e-04
   3.3763185e-02   3.5512664e-01   3.3086169e+00  -2.2921027e-03   1.1480661e-03  -2.1149789e-04
   3.4585693e-02   3.5496669e-01   3.2973406e+00  -2.4358718e-03   9.9019482e-04  -1.9428352e-04
   3.8450580e-02   3.8896686e-01   3.3167882e+00  -2.4208406e-03   7.7710677e-04  -5.9098883e-04
   3.1039876e-02   3.9308465e-01   3.3880543e+00  -1.4981723e-03   1.1485779e-03  -4.2640292e-04
   3.9193436e-02   3.7626552e-01   3.4124913e+00  -1.4469594e-03   1.1736192e-03  -6.2543388e-04
   5.0652103e-02   3.7593713e-01   3.3936586e+00  -1.9597987e-03   1.0579376e-03  -4.2498594e-04
   3.6572760e-02   4.2204538e-01   3.4273490e+00  -1.4619315e-03   8.0856126e-04  -5.7172200e-05
   4.6293607e-02   4.1736700e-01   3.4453911e+00  -1.6112141e-03   1.1079616e-03  -1.2776805e-04
   5.1750753e-02   4.0985593e-01   3.4730799e+00  -1.3242757e-03   1.7482640e-03  -1.5882156e-04
   1.5424182e-02   4.0782361e-01   3.4965574e+00  -1.0413412e-03   1.0238492e-03   2.0201177e-04
   3.5750376e-02   4.0015591e-01   3.4902044e+00  -1.2435355e-03   1.0327579e-03  -3.4170753e-04
   5.4979588e-02   4.0804389e-01   3.5263081e+00  -9.8019525e-04   1.2933458e-03  -6.3790771e-04
   2.3931498e-02   3.9914089e-01   3.5143297e+00  -1.7560078e-03   1.1595827e-03  -1.5894022e-04
   4.1907325e-02   4.1434131e-01   3.5118447e+00  -1.7277396e-03   1.1268008e-03  -5.3359935e-04
   5.4228146e-02   4.2975600e-01   3.5305751e+00  -1.4402669e-03   1.0939365e-03  -5.3251027e-04
   2.0464501e-02   4.3105882e-01   3.5463075e+00  -1.3113752e-03   1.2480514e-03   1.3942466e-04
   3.5439258e-02   4.3125853e-01   3.5376577e+00  -1.6182366e-03   1.6151017e-03   3.8176493e-04
   3.0323273e-02   4.5996655e-01   3.5720768e+00  -1.2403244e-03   1.3927499e-03   4.3311087e-04
   1.2760561e-02   4.1875064e-01   3.5538875e+00  -1.5615030e-03   1.5679014e-03   2.9386815e-04
   3.8178092e-02   4.2846442e-01   3.5635489e+00  -1.5854693e-03   1.1856954e-03  -3.0726626e-04
   3.6451208e-02   4.4086904e-01   3.5665403e+00  -1.3566576e-03   5.7018996e-04  -3.0678608e-04
   2.5324683e-02   4.3295742e-01   3.5649124e+00  -2.0344574e-03   7.8056763e-04   2.8030184e-04
   3.6223381e-02   4.3804709e-01   3.6070003e+00  -1.0322518e-03   1.4459104e-03   3.9276841e-04
   4.1196094e-02   4.2828674e-01   3.6160158e+00  -1.7075593e-03   1.2835269e-03  -1.5348472e-04
   4.2935799e-03   4.7196865e-01   3.6435061e+00  -1.0986259e-03   1.3061909e-03   2.7161026e-04
   3.6247633e-02   4.2008286e-01   3.6479061e+00  -1.5464170e-03   1.0161751e-03   8.5969297e-05
   4.2049294e-02   4.3975520e-01   3.6709909e+00  -1.2317534e-03   9.5164159e-04  -9.8780441e-05
   3.7636082e-02   4.2134041e-01   3.6813502e+00  -1.1575541e-03   1.3199582e-03   1.0051486e-04
   5.8026909e-02   4.4077624e-01   3.7021662e+00  -6.6870327e-04   1.7898315e-03  -4.8892029e-04
   1.6893127e-02   4.1857835e-01   3.6883387e+00  -1.1570735e-03   1.0653767e-03   4.1977998e-04
   4.3861615e-03   4.4261061e-01   3.6863308e+00  -6.1702351e-04   1.4726736e-03   5.3915490e-04
   4.7597392e-02   4.3433242e-01   3.6588498e+00  -1.5686025e-03   1.7950275e-03  -5.6818766e-05
   2.5652484e-02   4.5335633e-01   3.6645258e+00  -1.7380687e-03   1.2548137e-03   2.0416948e-04
   4.6444089e-02   4.5926965e-01   3.6738668e+00  -1.7174505e-03   6.7742316e-04   3.0135170e-05
   1.6407798e-02   4.1973889e-01   3.6703274e+00  -1.8520760e-03   1.7529261e-03   4.8940227e-04
   6.8759681e-03   4.3951371e-01   3.6992371e+00  -1.5483078e-03   1.1600355e-03   7.4425517e-04
   1.4672997e-02   4.4496216e-01   3.7311683e+00  -1.5397818e-03   9.4070341e-04   5.8893568e-04
   3.7865286e-02   4.3435732e-01   3.7165046e+00  -2.0825846e-03   1.0006750e-03  -2.0499482e-04
   1.7481184e-02   4.3631847e-01   3.7405111e+00  -1.4292359e-03   1.6162181e-03   5.3067043e-04
   3.7748426e-02   4.2787070e-01   3.7327453e+00  -2.1201637e-03   1.7694412e-03   3.3542143e-05
   3.9272156e-02   4.2037855e-01   3.7549346e+00  -1.4630129e-03   1.2185305e-03  -7.1292554e-06
   3.7037851e-02   4.2535878e-01   3.7641692e+00  -2.0838643e-03   7.5342558e-04   2.8965181e-04
   4.0098189e-02   4.5316469e-01   3.7649804e+00  -1.6899921e-03   2.1507412e-03  -5.9072335e-05
   3.3035381e-02   4.5417856e-01   3.7581154e+00  -2.0246024e-03   1.0044968e-03   2.1717495e-04
   4.3412770e-02   4.4080001e-01   3.7560934e+00  -2.3720925e-03   1.4856797e-03   2.0582832e-04
   6.4035993e-02   4.6154829e-01   3.7712084e+00  -2.3771439e-03   1.5822072e-03  -1.7483336e-04
   3.4125546e-02   4.5025788e-01   3.8121766e+00  -9.2395772e-04   1.3352355e-03   3.3543000e-04
   3.7340888e-02   4.5032671e-01   3.8105777e+00  -2.0067828e-03   1.1375324e-03   4.8761684e-05
   6.1455678e-02   4.4316234e-01   3.8176993e+00  -2.0513062e-03   1.4053515e-03  -1.2045583e-04
   3.1921261e-02   4.5687918e-01   3.8469106e+00  -1.6547717e-03   1.9448428e-03   1.4531870e-04
   2.4718190e-02   4.3072285e-01   3.8090549e+00  -2.4748594e-03   1.3429001e-03   4.9459027e-04
   4.4006857e-02   4.3550475e-01   3.8309503e+00  -2.7236194e-03   1.2666868e-03  -1.4302054e-04
   5.1801661e-02   4.3942795e-01   3.8696133e+00  -1.8149258e-03   1.4521643e-03  -1.3944220e-04
   3.9835956e-02   4.5243669e-01   3.8575462e+00  -2.0964771e-03   1.0955941e-03   9.8187194e-05
   4.7403972e-02   4.7300395e-01   3.8324423e+00  -2.7112257e-03   1.3375950e-03  -1.3847111e-04
   2.6672557e-02   4.3675008e-01   3.8869049e+00  -2.1415515e-03   1.2116138e-03   4.2772598e-04
   4.1269954e-02   4.8165313e-01   3.8966772e+00  -1.8010718e-03   1.5875247e-03   5.6705367e-04
   3.0238704e-02   4.6071294e-01   3.9076920e+00  -1.9834429e-03   1.6075747e-03   5.2864146e-04
   7.6446170e-02   4.7401879e-01   3.9203617e+00  -1.8113252e-03   1.7292323e-03  -9.9282596e-04
   4.6701772e-02   4.6090457e-01   3.9530808e+00  -1.6286796e-03   1.4375274e-03   7.8195109e-05
   4.2842254e-02   4.7008078e-01   3.9521938e+00  -1.9404247e-03   9.6284639e-04   2.6906754e-04
   5.2573819e-02   4.6659819e-01   3.9787040e+00  -1.6948989e-03   1.9755576e-03   4.3281067e-04
   5.1382845e-02   4.9102115e-01   3.9813507e+00  -2.1618187e-03   1.1005481e-03  -7.3901023e-05
   5.5500675e-02   4.5929329e-01   3.9442630e+00  -2.7416827e-03   1.4954338e-03   3.7182922e-04
   3.2441502e-02   4.5860117e-01   3.9700706e+00  -2.1446499e-03   1.7372244e-03   6.5274335e-04
   3.0395343e-02   4.5430908e-01   3.9681687e+00  -2.1581523e-03   1.6141212e-03   5.7605618e-04
   4.6050146e-02   4.6786380e-01   3.9625198e+00  -2.5879228e-03   1.3629804e-03  -1.2895327e-04
   5.5103420e-02   4.7526498e-01   3.9880449e+00  -2.5664816e-03   1.4149062e-03   9.0626312e-06
   4.7966120e-02   4.6286421e-01   3.9955256e+00  -2.5683377e-03   1.4695182e-03  -6.5945183e-05
   2.4545635e-02   4.7139120e-01   4.0221697e+00  -2.8185485e-03   1.4466021e-03   6.4298898e-04
   5.2905615e-02   4.8361651e-01   4.0359296e+00  -1.9655827e-03   1.7472207e-03   1.5963129e-04
   4.5584851e-02   4.8135099e-01   4.0473352e+00  -2.7507499e-03   9.8159848e-04  -6.1236136e-05
   6.6433512e-02   4.8762953e-01   4.0588132e+00  -1.9785305e-03   1.5016018e-03  -6.4022935e-04
   7.2295119e-02   4.9683884e-01   4.0927886e+00  -1.7179422e-03   1.3471220e-03  -4.4104043e-04
   5.2892394e-02   4.7447658e-01   4.1017092e+00  -2.0037811e-03   1.7959605e-03   3.8058119e-04
   5.5074266e-02   4.9751977e-01   4.1034539e+00  -1.9959745e-03   1.1843864e-03  -1.0988757e-04
   2.0112237e-02   3.6818387e-01   4.1605858e+00  -1.2490781e-04   1.4695894e-03  -9.9875106e-05
   3.6989722e-02   4.8079172e-01   4.0959153e+00  -2.4090161e-03   5.3972646e-04   1.5244376e-04
   4.2473074e-02   4.7364471e-01   4.1204629e+00  -1.8160331e-03   1.4484805e-03   5.5335673e-04
   4.7679641e-02   4.5759361e-01   4.1244496e+00  -1.8394086e-03   1.2025640e-03   1.1545491e-04
   2.6460777e-02   4.7159192e-01   4.1509801e+00   4.6953228e-04   1.7575542e-03  -3.8519722e-04
   4.1038371e-02   4.8934495e-01   4.1079697e+00  -1.8563004e-03   1.3793015e-03  -1.5454202e-04
   3.1158944e-02   4.7175327e-01   4.1186945e+00  -1.9555082e-03   1.5521365e-03   9.7178545e-05
   6.1232886e-02   4.8617932e-01   4.1564123e+00  -1.7864249e-03   1.4338441e-03  -2.0629945e-04
   2.8470494e-02   5.0101599e-01   4.1407113e+00  -2.5869994e-03   1.7315167e-03   5.1469045e-04
   4.5091482e-02   4.9228535e-01   4.1531559e+00  -2.2663754e-03   1.2634254e-03  -6.1392917e-04
   5.5183486e-02   4.8084095e-01   4.1612712e+00  -1.9745528e-03   1.3833874e-03  -2.0805895e-04
   6.6723635e-02   4.9539124e-01   4.1759058e+00  -2.0692835e-03   1.2836298e-03  -7.7487138e-04
   5.4492025e-02   4.7563010e-01   4.2014567e+00  -2.1133052e-03   1.7971877e-03  -4.2236731e-04
   6.5200969e-02   4.6986818e-01   4.2056027e+00  -1.8543188e-03   1.9158137e-03  -3.8795338e-05
   5.4236505e-02   4.5733217e-01   4.2086266e+00  -2.7425465e-03   1.1735460e-03  -2.7531729e-04
   6.0606288e-02   4.8555012e-01   4.2213399e+00  -2.2602803e-03   1.4752640e-03  -2.5371789e-04
   3.7443786e-02   4.5508802e-01   4.2273575e+00  -2.5348092e-03   1.4862661e-03   4.8570536e-04
   4.0544793e-02   4.6874196e-01   4.2465881e+00  -1.5429874e-03   1.8592121e-03  -3.0246931e-05
   5.6404573e-02   4.5573347e-01   4.2372932e+00  -2.4506592e-03   1.4282363e-03  -1.6288978e-04
   3.6137240e-02   4.5586783e-01   4.2728254e+00  -1.7257293e-03   1.6906173e-03   3.2050176e-04
   4.4707773e-02   4.5284769e-01   4.2617831e+00  -2.3350397e-03   1.9407484e-03   3.0552638e-04
   4.7652453e-02   4.8304933e-01   4.3090996e+00  -9.8821669e-04   1.9303386e-03  -1.1616635e-05
   5.9190909e-02   4.6968728e-01   4.3111975e+00  -1.2713704e-03   1.6153057e-03  -5.0977751e-04
   5.9613587e-02   4.6596286e-01   4.3161491e+00  -1.6942851e-03   1.8411599e-03   6.7806412e-05
   3.1391727e-02   4.6374885e-01   4.3012591e+00  -2.2439397e-03   1.2471131e-03   2.2695783e-04
   6.7434203e-02   4.6405934e-01   4.2921177e+00  -2.7111277e-03   1.3197903e-03  -1.7937351e-04
   5.0546893e-02   4.9186332e-01   4.3246376e+00  -1.8026404e-03   1.1653995e-03   4.8975729e-04
   4.2006241e-02   4.8850275e-01   4.3197647e+00  -2.3752947e-03   1.4638067e-03   2.2332876e-04
   4.8860337e-02   4.5597805e-01   4.3218920e+00  -2.2177196e-03   1.7033348e-03  -1.0705030e-04
   4.6301013e-02   4.8554998e-01   4.3112568e+00  -2.6691481e-03   1.1064726e-03   1.4453004e-04
   5.3083935e-02   4.8181331e-01   4.3212328e+00  -2.2125949e-03   1.7650830e-03   1.4619916e-04
   4.4724273e-02   4.9278312e-01   4.3292599e+00  -1.9627512e-03   1.5585004e-03   3.9223813e-04
   3.9375696e-02   4.7290198e-01   4.3456949e+00  -2.1924119e-03   1.6009464e-03   2.1923624e-04
   6.5133090e-02   5.0210237e-01   4.3613404e+00  -2.1085239e-03   2.1620094e-03  -1.4755973e-04
   6.8100781e-02   5.0698177e-01   4.3644194e+00  -1.7702172e-03   2.3126707e-03  -4.6961017e-04
   5.3081131e-02   4.9281146e-01   4.3809435e+00  -2.3729018e-03   1.7817140e-03   1.2989421e-04
   4.1851674e-02   4.8136030e-01   4.4004559e+00  -2.1189112e-03   1.7605806e-03   3.7686077e-04
   5.5076734e-02   5.1014451e-01   4.4188165e+00  -1.6332778e-03   1.7012559e-03  -4.9173247e-05
   5.9780825e-02   5.1672537e-01   4.4564739e+00  -1.6486890e-03   1.7508994e-03   3.8806145e-04
   6.5431044e-02   5.0062185e-01   4.4235828e+00  -2.8691349e-03   1.5715712e-03  -3.6392251e-04
   7.1577543e-02   4.9661327e-01   4.4307793e+00  -3.0775274e-03   1.1894108e-03  -2.2809914e-04
   5.0307070e-02   4.7729858e-01   4.4359803e+00  -2.5807270e-03   1.3492918e-03   3.1601181e-04
   6.7655197e-02   4.8871437e-01   4.4573866e+00  -2.5016121e-03   1.3168784e-03  -1.2426232e-04
   5.5467846e-02   5.2058290e-01   4.4806324e+00  -2.0297545e-03   1.9561829e-03   6.8610082e-05
   4.2458338e-02   5.1112169e-01   4.4965773e+00  -2.0275558e-03   1.6137058e-03   4.5635568e-04
   7.4673343e-02   4.9903952e-01   4.5052604e+00  -1.9899803e-03   1.7254039e-03  -1.4893916e-05
   6.4075278e-02   5.0782672e-01   4.4855531e+00  -2.4004953e-03   1.8701676e-03  -7.0123785e-05
  -1.1560473e-02   3.5457358e-01   4.4902167e+00  -3.0780231e-03   9.5350526e-04   1.2582153e-03
   8.3264632e-02   5.2252263e-01   4.5109770e+00  -2.5829044e-03   2.0828299e-03  -5.5778454e-04
   7.0357853e-02   5.0801550e-01   4.5496919e+00  -1.7027696e-03   1.6378247e-03  -1.7588286e-05
   9.9057538e-02   6.2214111e-01   4.6042669e+00  -1.4486532e-03   2.1199047e-03  -1.0537173e-03
   9.7116452e-02   5.6126169e-01   4.5968499e+00  -1.4106720e-03   1.9423194e-03  -6.7789737e-04
   7.1505486e-02   5.5216238e-01   4.6023977e+00  -1.9912106e-03   2.2104330e-03   1.2371186e-04
   5.4347671e-02   5.4421961e-01   4.5977056e+00  -2.3541698e-03   1.9546747e-03   4.3112507e-04
   6.3191406e-02   5.4012833e-01   4.6388494e+00  -1.5081298e-03   1.5491504e-03  -1.8905896e-04
   5.2246559e-02   5.2510807e-01   4.6874888e+00  -6.4236478e-04   1.6120187e-03   7.2256143e-06
   5.7319927e-02   5.4032792e-01   4.6836063e+00  -9.9231323e-04   1.8512094e-03   6.3060143e-05
   8.3927428e-02   5.5863707e-01   4.6743301e+00  -1.4018416e-03   2.0565020e-03  -7.8881957e-04
   8.4926141e-02   5.7223162e-01   4.6678068e+00  -1.6087877e-03   1.8803681e-03  -3.5977668e-05
   7.5920911e-02   5.6742143e-01   4.6601558e+00  -1.5605159e-03   1.9355675e-03  -4.6167877e-04
   8.2351708e-02   5.6612969e-01   4.7095284e+00  -3.1022648e-04   2.0614090e-03  -4.7961249e-04
   5.2750272e-02   5.4990108e-01   4.6828100e+00  -1.7952376e-03   1.8608199e-03   4.0346378e-04
   6.1451085e-02   5.5998343e-01   4.6983355e+00  -1.6505363e-03   1.7002136e-03   2.5382535e-04
   9.6103441e-02   5.8340436e-01   4.7122789e+00  -1.3547276e-03   2.0452124e-03  -7.5014907e-04
   5.1001453e-02   5.7872583e-01   4.7618142e+00  -1.0281112e-03   2.0516802e-03   1.9706268e-04
   7.9144740e-02   5.7123509e-01   4.7585317e+00  -5.4884592e-04   1.9654488e-03  -3.7752261e-05
   8.6115991e-02   5.6836710e-01   4.7354916e+00  -7.3053479e-04   2.2364055e-03  -2.1173308e-04
   8.5560030e-02   6.2614073e-01   4.7366445e+00  -1.3082981e-03   1.9132132e-03  -8.1473022e-04
   5.1805061e-02   5.5833201e-01   4.7355610e+00  -1.5667497e-03   1.4636922e-03   3.6723825e-04
   6.7416691e-02   5.3819502e-01   4.7369284e+00  -1.7589047e-03   2.0754727e-03  -3.2066576e-05
   7.5916385e-02   5.3423780e-01   4.7420491e+00  -1.7245293e-03   2.1176116e-03   6.7509445e-05
   8.7221231e-02   5.7535041e-01   4.8130400e+00  -2.2784960e-04   2.3006363e-03  -4.1629944e-04
   8.4769550e-02   5.9216746e-01   4.7527454e+00  -1.5571006e-03   2.1414302e-03  -1.7730761e-04
   7.1865300e-02   5.7220684e-01   4.7497617e+00  -1.4090668e-03   2.0823550e-03   8.1480782e-05
   5.1745984e-02   5.5760207e-01   4.7719400e+00  -1.7634431e-03   1.1471819e-03   1.1942130e-04
   6.4919840e-02   5.6965429e-01   4.7922015e+00  -1.2258888e-03   1.7174510e-03   1.2296187e-04
   6.5274434e-02   5.5792286e-01   4.7817186e+00  -1.2377840e-03   1.9445252e-03   2.6163219e-04
   9.0903829e-02   5.5589697e-01   4.7593817e+00  -1.9801146e-03   2.1523900e-03  -2.8057629e-04
   6.2190866e-02   5.4379744e-01   4.7834040e+00  -1.9454034e-03   1.6619771e-03  -4.7137134e-04
   7.2786843e-02   5.4980914e-01   4.7856144e+00  -1.8782315e-03   1.8046938e-03  -2.9347505e-04
   7.1287635e-02   5.4185776e-01   4.8037349e+00  -1.6513398e-03   1.7422602e-03  -2.9552410e-04
   4.6671776e-02   5.5299498e-01   4.8213467e+00  -1.2393162e-03   1.4679818e-03   3.2539102e-04
   5.1729209e-02   5.5108765e-01   4.8051321e+00  -2.2901191e-03   1.6984486e-03   2.8432268e-04
   4.0016737e-02   5.3506143e-01   4.7967650e+00  -2.1455369e-03   1.8057347e-03   6.3112204e-04
   4.9269798e-02   5.5417861e-01   4.8223891e+00  -1.8150158e-03   2.2472829e-03   5.3210969e-04
   7.4147999e-02   5.4313628e-01   4.8401033e+00  -1.4560556e-03   2.2115325e-03   1.7861755e-04
   9.8499959e-02   5.4253710e-01   4.8356826e+00  -1.8462729e-03   2.4861707e-03  -6.3683884e-04
   7.0518074e-02   5.4513886e-01   4.8298123e+00  -2.0524472e-03   1.7431215e-03   6.0738139e-05
   5.1088711e-02   5.4075613e-01   4.8255306e+00  -2.5852165e-03   1.5814161e-03   2.2377153e-04
   8.0786350e-02   5.4105437e-01   4.8616560e+00  -1.7648735e-03   2.1090166e-03  -1.1127068e-04
   8.7305969e-02   5.5078551e-01   4.8633137e+00  -1.9039226e-03   1.2808072e-03  -5.5683283e-04
   3.9072886e-02   5.2875384e-01   4.8343935e+00  -2.6347236e-03   1.4723892e-03   7.9537288e-04
   5.9603668e-02   5.4177083e-01   4.8629157e+00  -1.9785472e-03   1.9060743e-03  -1.2879500e-04
   6.9803162e-02   5.4686205e-01   4.8695562e+00  -1.8029624e-03   1.9128122e-03   1.6105997e-04
   8.2672115e-02   5.4991784e-01   4.8759597e+00  -2.2799800e-03   1.9644913e-03  -1.5208873e-04
   8.9379895e-02   5.2867426e-01   4.9127799e+00  -1.5718856e-03   2.1976669e-03  -1.1311046e-04
   9.0635002e-02   5.4794435e-01   4.9115287e+00  -1.8506225e-03   1.8568851e-03  -4.4337318e-04
   1.1581732e-01   5.1690286e-01   4.9294066e+00  -1.9480403e-03   1.9341617e-03  -9.1386185e-04
   6.6775818e-02   5.1488929e-01   4.9055070e+00  -2.5031589e-03   1.8240428e-03   2.3929187e-04
   9.6029762e-02   5.5572218e-01   4.9281025e+00  -2.3067825e-03   1.9997617e-03  -5.6013458e-04
   8.2584133e-02   5.1254095e-01   4.9538624e+00  -1.9258662e-03   1.7726062e-03  -3.0579033e-04
   1.0057834e-01   5.3819241e-01   4.9658109e+00  -1.8969579e-03   2.2421391e-03  -1.1355049e-04
   8.7019910e-02   5.6587134e-01   4.9715184e+00  -1.8423608e-03   1.2558937e-03  -6.4640069e-04
   9.3145368e-02   5.4405263e-01   4.9731927e+00  -1.9211234e-03   1.6884053e-03  -2.4621828e-04
   1.0835108e-01   5.1811049e-01   4.9922586e+00  -1.7946861e-03   1.7082268e-03  -5.9068174e-04
   9.0303290e-02   5.5090594e-01   4.9868195e+00  -2.1718862e-03   1.9133849e-03  -5.2469684e-04
   7.5379549e-02   5.3702223e-01   4.9915722e+00  -2.2744443e-03   1.5361107e-03  -3.4025710e-04
   9.8858399e-02   5.2843762e-01   4.9982594e+00  -2.4149670e-03   2.1176248e-03  -6.3252647e-04
   8.6502438e-02   5.6849084e-01   5.0063507e+00  -2.4234995e-03   2.0804449e-03  -4.6303896e-04
   8.4932389e-02   5.5848860e-01   5.0311998e+00  -1.9917035e-03   2.1471368e-03   3.3216700e-04
   9.8035087e-02   5.5894361e-01   5.0189327e+00  -2.4607361e-03   2.0524171e-03  -4.6021251e-04
   7.4464892e-02   5.5220982e-01   5.0433314e+00  -2.0262788e-03   1.8993190e-03   2.0634095e-04
   7.7300336e-02   5.5797834e-01   5.0476694e+00  -1.8861881e-03   2.3012227e-03   1.9617526e-04
   8.5022987e-02   5.5299030e-01   5.0634956e+00  -1.7287275e-03   2.4199258e-03  -1.5144182e-04
   7.8137443e-02   5.3343676e-01   5.0765938e+00  -1.8421907e-03   2.5053191e-03  -1.5287631e-04
   1.1067210e-01   5.5277394e-01   5.0926970e+00  -1.7359050e-03   2.6674637e-03  -4.2682173e-04
   5.9679646e-02   5.6204126e-01   5.0895338e+00  -1.8952539e-03   1.7643887e-03   1.3346605e-04
   1.0567111e-01   5.5452110e-01   5.1059754e+00  -1.6911496e-03   2.3513091e-03  -3.7158526e-04
   6.0984062e-02   5.5888305e-01   5.1246093e+00  -1.5276396e-03   1.7610479e-03   8.0155846e-05
   9.2482477e-02   5.7818837e-01   5.1721930e+00  -5.7944725e-04   2.4933009e-03  -1.7020070e-04
   1.0938902e-01   5.4783445e-01   5.1630622e+00  -1.5193638e-03   2.0220514e-03  -6.0612590e-04
   9.0011148e-02   5.5861971e-01   5.1800391e+00  -1.1193632e-03   2.1279041e-03   1.8026947e-04
   6.2740541e-02   5.3693262e-01   5.1605200e+00  -2.2534817e-03   1.9570559e-03   6.4938136e-04
   7.8609629e-02   5.5313842e-01   5.1628127e+00  -2.0624361e-03   1.5907878e-03   4.7356998e-06
   7.5467934e-02   5.4290320e-01   5.1783642e+00  -1.6314090e-03   1.8405019e-03   6.7926075e-04
   8.1146072e-02   5.7333597e-01   5.1711847e+00  -1.8746029e-03   1.9756402e-03   2.8449337e-04
   1.0158735e-01   5.7066235e-01   5.1863384e+00  -1.8326635e-03   1.8193557e-03  -1.6814110e-05
   7.8193538e-02   5.6234677e-01   5.1737477e+00  -2.5864238e-03   1.8509372e-03   5.4734043e-04
   1.2158843e-01   5.8625840e-01   5.1532606e+00  -2.6911827e-03   2.3992245e-03  -6.9803089e-04
   1.0401999e-01   5.8530963e-01   5.1917290e+00  -1.8163512e-03   2.8914204e-03  -1.1259282e-04
   9.1596997e-02   5.8919204e-01   5.2014912e+00  -2.1995761e-03   2.1090607e-03  -2.6567087e-04
   9.5296361e-02   5.5151253e-01   5.2051239e+00  -2.1482866e-03   2.6694517e-03  -5.5176408e-05
   1.1822367e-01   5.8429891e-01   5.2720061e+00  -1.2917854e-03   2.7853751e-03  -4.9240205e-04
   9.2036465e-02   5.7752598e-01   5.2721476e+00  -1.9471465e-03   2.6678862e-03  -3.0217623e-04
   7.7731351e-02   5.8856281e-01   5.2896013e+00  -1.9190137e-03   1.8030314e-03   2.8477805e-04
   1.0914228e-01   5.6356377e-01   5.2893885e+00  -1.6608142e-03   1.6470715e-03  -6.3802887e-05
   9.5710257e-02   6.1670044e-01   5.2899255e+00  -1.9267393e-03   2.1642989e-03  -3.3423295e-04
   1.1170068e-01   6.0101936e-01   5.2997681e+00  -2.0619557e-03   1.7970412e-03  -5.8847497e-04
   8.8589173e-02   5.8602746e-01   5.3080497e+00  -1.6305420e-03   2.4290300e-03   5.7078495e-04
   1.1493665e-01   6.0331258e-01   5.2975757e+00  -2.2510011e-03   2.5271069e-03   2.3307222e-04
   1.0094376e-01   5.7151893e-01   5.3143602e+00  -1.8452552e-03   2.6656505e-03  -1.9343730e-04
   1.1631507e-01   5.7266782e-01   5.3034572e+00  -2.1420903e-03   2.5638240e-03  -2.4625804e-04
   7.4897798e-02   5.8128165e-01   5.3391938e+00  -1.8824537e-03   1.8923864e-03   4.4003215e-04
   1.0624316e-01   5.9999302e-01   5.3436555e+00  -1.8668253e-03   2.6451043e-03  -1.5028094e-04
   8.9082100e-02   5.6173967e-01   5.3187897e+00  -2.1897051e-03   2.4103002e-03  -4.1825767e-05
   9.4824729e-02   5.9711521e-01   5.3183485e+00  -2.6320863e-03   2.5525655e-03  -2.2479462e-05
   8.1814271e-02   5.8254428e-01   5.3614685e+00  -2.0988308e-03   2.4182433e-03   3.7683334e-04
   9.7326554e-02   5.8597676e-01   5.3901115e+00  -1.6903873e-03   2.4081346e-03  -3.4143823e-04
   9.9670322e-02   5.9292563e-01   5.3916174e+00  -1.7934039e-03   2.3199236e-03  -6.4403454e-05
   8.9423935e-02   5.8540961e-01   5.4117112e+00  -2.0389363e-03   2.1345974e-03   3.5406749e-04
   8.9634933e-02   5.8418379e-01   5.4171515e+00  -1.8107507e-03   2.5881580e-03  -5.1257314e-04
   8.2422651e-02   5.7241676e-01   5.4135268e+00  -2.1114682e-03   2.4934070e-03   3.2922463e-04
   1.0994531e-01   5.8308801e-01   5.4280101e+00  -1.4468336e-03   2.6965488e-03  -1.0063909e-04
   6.4207173e-02   5.6732362e-01   5.4365928e+00  -1.7823396e-03   2.7303507e-03   8.5260245e-04
   7.9752874e-02   5.7277032e-01   5.4142825e+00  -2.2274986e-03   2.5534572e-03   4.3595725e-04
   9.5045393e-02   6.0699416e-01   5.4397567e+00  -1.3404305e-03   2.3465597e-03   8.0831815e-05
   1.1666025e-01   5.9809090e-01   5.4309945e+00  -1.7536272e-03   3.5570425e-03   5.9366886e-05
   8.8668881e-02   6.2624538e-01   5.4359494e+00  -1.6342725e-03   2.5771989e-03  -1.9079943e-04
   1.1058073e-01   5.7549351e-01   5.4462890e+00  -1.7769882e-03   2.5846825e-03  -1.2799402e-04
   1.0812695e-01   5.9142854e-01   5.4650775e+00  -1.9157352e-03   2.9108650e-03  -1.1085600e-05
   7.6089575e-02   5.9651808e-01   5.4862158e+00  -1.8115954e-03   2.4014447e-03   8.2553696e-05
   1.0481624e-01   6.1407892e-01   5.4895063e+00  -1.6022011e-03   2.2243916e-03  -1.4665614e-04
   1.2150826e-01   5.8162779e-01   5.4984123e+00  -1.8467084e-03   2.8420943e-03  -2.4385797e-04
   2.7311887e-02   5.8810437e-01   5.5042491e+00  -1.7935281e-03   2.0373252e-03   1.3785360e-03
   1.0055112e-01   5.9505214e-01   5.5075166e+00  -1.7164549e-03   2.2424185e-03  -2.2570122e-04
   1.1422827e-01   6.0130186e-01   5.5233398e+00  -1.7851938e-03   2.3389114e-03   8.1799682e-05
   1.1124869e-01   5.8482717e-01   5.5170425e+00  -2.1645791e-03   2.3037871e-03   1.9963823e-04
   8.6955333e-02   6.0933045e-01   5.5521557e+00  -1.2839811e-03   2.7455063e-03   4.4964201e-04
