  -6.5545887e-15  -1.4210855e-14   7.7062430e-15   1.0967129e-17   1.9904798e-18  -2.4074124e-35
  -1.5616603e-02  -7.0587941e-03   3.5237038e-02   4.7537378e-04   7.9253507e-04  -1.1430061e-04
   1.6053187e-02  -2.0714065e-02  -3.1632540e-02  -9.5471359e-04   2.3396746e-04  -4.8319509e-04
   1.1580613e-02   1.9625297e-03   4.3378896e-03   4.2911909e-04   5.8741103e-04  -4.0168364e-04
   3.6905555e-03   1.6439388e-02  -2.4886161e-02  -3.6064849e-04   2.0513989e-04  -2.7575154e-05
   3.3294108e-03   1.4653631e-02   1.1581919e-03   6.0696888e-04   1.7546505e-05  -2.0772951e-05
   5.6491781e-03   7.1722569e-03  -1.3406451e-02  -2.7222933e-05   1.9143727e-04  -2.8029315e-04
  -7.6924815e-04   4.6413277e-03  -2.1178351e-04   7.1367985e-04  -8.5236135e-05  -1.2569376e-04
   3.8228417e-03  -1.7979100e-02  -2.2303543e-02  -1.3308620e-04  -3.0287813e-04  -3.6244758e-04
   7.9997483e-04  -1.4718795e-02  -6.5587880e-03  -2.3157787e-04  -4.8181194e-04  -1.9414451e-04
  -9.1310416e-03  -7.0079974e-03  -1.0047925e-03   6.9122348e-05  -1.0071575e-04   3.7366633e-04
   4.3163373e-03  -2.1480356e-02  -1.5747354e-02   1.7910515e-07  -5.4180713e-04  -2.3390845e-04
   1.5731210e-02  -1.3723977e-02   8.3174340e-03   1.2003530e-04  -4.4882424e-04  -1.4539859e-04
  -1.4629263e-03   8.7052771e-03   1.4030061e-02  -1.0174377e-04  -6.3133611e-05   1.3232250e-04
  -4.9453351e-03   2.7596214e-03  -1.7153554e-02  -4.9391756e-04   4.3274784e-04   1.2994861e-04
   4.7134653e-03  -1.3343438e-02   8.7016449e-03  -2.2381555e-04  -3.5612900e-04   1.0760243e-04
   2.2409842e-03   3.7630966e-03   2.0947316e-02  -6.5201778e-05  -3.6300998e-04  -4.2415577e-05
   1.7809991e-03   1.5695476e-04   5.1110881e-02   1.1935549e-03  -8.1599404e-05   2.4863227e-04
  -5.4601818e-03   1.3819839e-02   2.0017754e-02   5.7375196e-04  -3.2496066e-04   3.6209098e-04
  -4.9737155e-04   7.3491634e-03   1.8143925e-02   3.6230037e-04  -1.2694564e-04  -2.9833299e-04
   4.7350773e-04   1.3232727e-02  -1.0069633e-03  -2.5212492e-04   8.4538937e-05   1.1306378e-04
   3.1638901e-03  -2.9548955e-03   3.3477714e-02   7.3565771e-04   1.6142443e-04  -2.4217286e-04
   6.3542638e-03  -4.3218218e-03   1.9102084e-02   2.3825700e-04  -4.7245914e-05  -2.0834488e-04
  -8.2876756e-03   8.4804340e-03   1.0282306e-02  -2.8321027e-05   1.0545267e-04   4.5915838e-04
  -1.0735249e-02   1.6363286e-02   1.6140132e-02   1.0228695e-04  -2.7264233e-04   2.0692545e-04
  -6.6060107e-03   2.2781610e-02   2.3624248e-02  -1.7502144e-05  -1.2882414e-04   3.1978587e-04
  -7.3432512e-04   1.9299749e-02   1.3919809e-02  -5.4113985e-05  -7.5014418e-04  -2.5042932e-04
  -6.8215154e-03  -1.4956993e-02   2.8236828e-02   1.8489899e-04   1.0384969e-04   1.4641279e-04
  -1.4317737e-02   1.5302022e-04   4.0430623e-02   1.9103532e-04  -1.7871189e-04   1.7721707e-04
   3.2985907e-02  -4.2581011e-02   6.6074291e-02  -1.2620232e-05   1.6463858e-03   3.6021427e-04
   7.7212059e-03  -2.6132702e-02   6.8961245e-02   6.8162214e-04   8.0298190e-04   6.8275947e-05
  -1.1419271e-01  -1.4028350e-02   2.9779467e-02  -4.7203657e-04  -4.7123303e-04  -5.1847795e-05
  -6.3320250e-02  -9.8684917e-05   1.0484873e-01  -3.0894908e-03  -1.3014355e-03  -5.8600097e-04
  -3.2951334e-02  -6.3769810e-02   5.0596802e-03  -5.1071266e-03   8.5852185e-04   1.9357817e-03
  -7.4970692e-02  -1.5961504e-01  -2.1604107e-01  -1.1712332e-02  -2.1123091e-03   1.9363687e-03
  -1.6257995e-01  -9.0970034e-02   4.9131831e-02  -1.4483395e-02  -8.8182004e-03   6.5500764e-04
  -9.8583849e-02  -2.7777994e-02   1.1201444e-01  -7.5830311e-03  -3.7537742e-03   1.2328819e-03
  -6.8688824e-02  -1.0422150e-02   1.3892707e-01  -7.4656456e-03  -3.2422785e-03   1.1263334e-03
  -5.6898067e-02   2.5597409e-02   1.7606941e-01  -6.4087235e-03  -2.9980423e-03   9.4957991e-04
  -5.7142135e-02   4.1211402e-02   1.6411489e-01  -6.2140329e-03  -2.6607073e-03   9.3748444e-04
  -4.9176677e-02   3.8772091e-02   1.4866963e-01  -6.4469574e-03  -2.7459385e-03   7.4342031e-04
  -6.2497560e-02   6.6140564e-02   1.4621591e-01  -5.9631979e-03  -3.0125580e-03   8.7816003e-04
  -5.2848405e-02   4.8471585e-02   1.6214852e-01  -6.3429382e-03  -3.2094019e-03   6.0405784e-04
  -6.0276736e-02   4.9670559e-02   1.4282066e-01  -6.3640761e-03  -3.0224296e-03   7.9915428e-04
  -5.9101776e-02   4.3271738e-02   1.6383728e-01  -5.7968639e-03  -3.5151009e-03   7.3147579e-04
  -5.0790042e-02   4.4731778e-02   1.3652911e-01  -6.8561688e-03  -3.5509548e-03   3.7061813e-04
  -5.4325363e-02   3.7701882e-02   1.6582994e-01  -6.0134523e-03  -3.3280674e-03   7.1638298e-04
  -5.2575236e-02   4.4404693e-02   1.7046320e-01  -5.8217890e-03  -3.0722360e-03   6.6822588e-04
  -5.8514200e-02   2.7166872e-02   1.9536478e-01  -5.4573419e-03  -2.9111264e-03   7.6839501e-04
  -5.6429867e-02   3.1950935e-02   1.8993837e-01  -5.7018597e-03  -3.4329614e-03   4.4819836e-04
  -5.6453645e-02   3.9081114e-02   1.8972734e-01  -5.4808309e-03  -3.1957264e-03   5.5329279e-04
  -4.5125416e-02   2.3755897e-02   1.8210911e-01  -5.3661663e-03  -2.9852508e-03   5.0319770e-04
  -4.9097056e-02   3.0319532e-02   1.7417404e-01  -6.6812308e-03  -2.8997369e-03   4.8473392e-04
  -4.2672950e-02   4.9237334e-02   2.1208131e-01  -5.0021118e-03  -3.3008062e-03   2.6194465e-04
  -4.4743957e-02   4.7836300e-02   2.1756577e-01  -5.3956518e-03  -2.7955405e-03   5.2494172e-04
  -4.3530069e-02   3.4207805e-02   2.0366683e-01  -5.5117863e-03  -2.7464238e-03   7.6515397e-04
  -6.0035114e-02   3.6197043e-02   1.9644859e-01  -5.7684661e-03  -3.0272522e-03   8.7975012e-04
  -6.7219163e-02   5.8233762e-02   1.9248435e-01  -5.9457371e-03  -3.1476681e-03   7.4747516e-04
  -5.2733390e-02   5.9861155e-02   2.0138505e-01  -5.1210697e-03  -2.9700027e-03   6.5006088e-04
  -4.6285981e-02   4.3952958e-02   2.1929722e-01  -5.2196720e-03  -2.9127681e-03   6.9338101e-04
  -5.7221522e-02   4.8696456e-02   2.2724646e-01  -4.5956737e-03  -3.0140007e-03   5.0585944e-04
  -6.9401455e-02   5.0038804e-02   2.0888267e-01  -6.4367521e-03  -1.8818483e-03   6.1682910e-04
  -9.0975416e-02   4.8283726e-02   2.1683070e-01  -2.5432935e-03  -1.5962173e-03  -1.1179422e-03
  -7.5340590e-02   7.5576122e-03   1.4322909e-01  -2.2984711e-03  -1.1085443e-03   1.1836903e-03
  -8.7888522e-02   2.6224253e-02   1.7361207e-01  -2.9369206e-03  -1.4965419e-03   1.7883013e-03
  -6.4526784e-02   3.2134804e-02   1.1318119e-01  -3.6618680e-03  -6.0046488e-04   1.1923953e-03
  -8.4869251e-02   5.1442172e-02   4.2778702e-02  -3.6615192e-03  -9.8813589e-04   1.2178857e-03
  -7.3080623e-02   5.2262211e-02   1.0667565e-01  -3.1442985e-03  -8.7388577e-04   1.2321609e-03
  -5.4597838e-02   4.5615285e-02   1.5027740e-01  -3.5923056e-03  -1.3409457e-03   8.8896329e-04
  -5.1268077e-02   6.0916462e-02   1.4939236e-01  -3.3276422e-03  -1.9643326e-03   7.6371593e-04
  -4.7705081e-02   5.7789785e-02   1.6271724e-01  -3.5419539e-03  -2.2566435e-03   4.3158119e-04
  -4.5503197e-02   3.6242155e-02   2.7215577e-01  -2.1522350e-03  -1.3520227e-03   1.3604844e-05
  -3.9942698e-02   2.1706730e-02   2.2993076e-01  -3.9939404e-03  -1.9842208e-03   1.3294033e-04
  -2.5416110e-02   3.0854447e-02   2.3198417e-01  -3.3915590e-03  -1.8409620e-03   8.2619821e-05
  -2.3975363e-02   3.6787979e-02   2.1808016e-01  -3.5073149e-03  -1.7274600e-03   3.4943811e-04
  -4.1090044e-02   4.1441643e-02   2.2701344e-01  -3.3424826e-03  -1.7672513e-03   5.8026575e-04
  -3.4147874e-02   4.9769775e-02   2.1155217e-01  -3.8058817e-03  -1.7503654e-03   2.6249331e-04
  -1.6843896e-02   5.8976211e-02   2.2562387e-01  -3.5206527e-03  -1.6357044e-03   2.8679739e-04
  -3.7541353e-02   4.1483765e-02   2.4897869e-01  -2.8389514e-03  -1.9196871e-03   6.5298215e-04
  -3.3783899e-02   3.6990141e-02   2.5382843e-01  -3.0735504e-03  -1.9195362e-03   4.6835598e-04
  -3.7298327e-02   4.2322571e-02   2.5631168e-01  -2.7203358e-03  -2.0125804e-03   5.6584938e-04
  -1.1756589e-01  -9.2904194e-03   1.4108916e-01  -4.8234824e-03  -2.2251547e-03   1.5678284e-04
  -1.4100339e-01  -5.0623054e-02   1.2539581e-01  -8.7468798e-03  -2.8145068e-03   2.1613896e-04
  -1.0056806e-01  -1.0175464e-01   4.4483350e-01  -1.2901498e-02  -9.2716764e-04  -1.2175244e-04
  -6.6796031e-02  -1.0118671e-01   1.2516400e-01  -1.3163539e-02  -1.8751775e-05   1.8551780e-03
   1.4740463e-02  -8.5278839e-02   1.4948477e-01  -3.4241621e-03  -1.3916913e-03   7.0585043e-04
  -9.3809319e-02  -4.4670544e-02   2.4012458e-01  -1.0313543e-02  -3.6803859e-03   6.0429097e-04
  -5.1344450e-02   6.3325527e-03   2.5557761e-01  -7.0592551e-03  -3.0900267e-03   3.8164433e-04
  -4.9279373e-02   4.0321053e-02   3.2019006e-01  -5.7439389e-03  -2.3097479e-03   6.1393813e-04
  -5.5434122e-02   5.7359909e-02   3.2610695e-01  -5.3639111e-03  -3.3165050e-03   3.1163948e-04
  -5.0910839e-02   2.8490446e-02   2.9011264e-01  -6.3440476e-03  -2.6962536e-03   4.5826912e-04
  -5.2474673e-02   4.7148225e-02   2.9652127e-01  -5.6131180e-03  -2.8686508e-03   3.4462154e-05
  -8.9234925e-02   5.9371671e-02   2.2194033e-01  -8.0026124e-03  -3.1669038e-03  -8.5933165e-04
  -5.3561930e-02   3.4201180e-02   2.5422283e-01  -4.3279854e-03  -2.0316478e-03   9.9961341e-04
  -6.5058300e-02   3.5003973e-02   2.5261532e-01  -3.6702453e-03  -2.2722087e-03   1.1245930e-03
  -1.0032735e-01   2.2076915e-02   2.9675737e-01  -2.5358426e-03  -1.0813141e-03  -5.1462537e-04
  -6.1906582e-02   1.8954185e-02   2.7372469e-01  -2.9792045e-03  -1.9968630e-03   2.3732609e-04
  -6.2861335e-02   1.1457304e-02   3.1971630e-01  -1.8108533e-03  -1.9072205e-03   1.3919549e-04
  -6.2841936e-02   4.0443574e-02   3.0770409e-01  -2.0646980e-03  -1.6794579e-03   4.8851674e-04
  -6.9588330e-02   3.9659295e-02   3.1255164e-01  -2.2925883e-03  -1.8607338e-03   2.3157804e-04
  -8.1172373e-02   2.9444953e-02   3.0246838e-01  -1.2313593e-03  -2.6585717e-03   4.0252546e-05
  -4.8457540e-02   6.4942307e-02   4.2143073e-01  -2.6632556e-03  -9.3739471e-04   4.7472097e-04
  -1.2371975e-01  -4.1218237e-02   9.9379081e-03  -1.3850795e-02  -3.1686277e-03   2.2727054e-03
  -1.3085193e-01  -1.4596365e-01  -1.5969845e-01   1.4123386e-02  -3.6216982e-04  -2.5006624e-03
  -1.0916671e-01  -1.3723082e-01   2.3286590e-01   1.4915034e-02   3.6849010e-03  -3.4144764e-03
  -1.9843413e-02  -3.0413941e-02   2.1896561e-01  -2.3509170e-03   1.1777051e-03  -1.8254582e-03
  -4.0012570e-02  -5.3756254e-03   2.2897724e-01  -2.7143723e-03   1.1505300e-03  -8.5580470e-04
  -4.3051463e-02   5.9784656e-02   2.9161027e-01  -1.1342884e-03   4.4040918e-04  -5.7930369e-04
  -3.9458497e-02   4.4573121e-02   2.7618192e-01  -1.1568150e-03   7.3225625e-04  -5.4141503e-04
  -4.0018474e-02   6.1739192e-02   2.9385791e-01  -1.0676743e-03   9.7467558e-04  -4.3598628e-04
  -3.2520389e-02   6.8858801e-02   2.9919852e-01  -1.2075588e-03   6.9148863e-04  -8.7745807e-04
  -2.8756431e-02   6.1515542e-02   3.0762626e-01  -1.0796584e-03   8.6766921e-04  -8.4973612e-04
  -3.0345007e-02   9.5358178e-02   3.0751065e-01  -1.0755431e-03   6.2283181e-04  -8.2404735e-04
  -4.1186421e-02   5.5857082e-02   3.0807732e-01  -1.0958816e-03   6.2225453e-05  -1.0274246e-03
  -3.9474772e-02   6.9142558e-02   3.5091854e-01  -1.4426793e-03   8.7569289e-05  -1.0849046e-03
  -4.9200387e-02   4.5509791e-02   3.5523100e-01  -1.2497150e-03  -3.4807548e-04  -9.3493705e-04
  -3.9809376e-02   4.8518887e-02   3.7285436e-01  -1.1257338e-03  -1.9797264e-04  -9.2319207e-04
  -2.8025525e-02   6.7320570e-02   3.9107059e-01  -8.0972241e-04   2.9260413e-04  -1.1032465e-03
  -3.7550478e-02   6.2033109e-02   3.6720198e-01  -1.7394685e-03  -1.7072381e-04  -8.0193475e-04
  -3.5893363e-02   5.9341644e-02   4.0545234e-01  -7.9534258e-04   2.1835516e-04  -8.1665617e-04
  -2.3253405e-02   6.6266810e-02   3.8986196e-01  -9.5734255e-04   4.9437633e-04  -8.7859626e-04
  -7.5224265e-02   6.1319510e-02   3.3388029e-01  -2.0511657e-03  -1.8483110e-04  -1.3303477e-03
   7.7872108e-03   8.6386591e-02   4.2396901e-01   4.0057878e-04   9.4052613e-04  -1.6615204e-03
  -2.5746141e-02   8.4354522e-02   3.9687088e-01  -3.0536183e-05   9.1516676e-05  -2.9825084e-04
  -9.7806119e-03   5.3393060e-02   4.2108336e-01   1.9884229e-04   4.2343566e-04  -4.6871532e-04
  -1.3875233e-02   7.9617943e-02   4.3375849e-01   1.0535781e-03   3.9247421e-05   1.1310528e-05
   2.1550005e-03   8.6194706e-02   4.3451008e-01   7.2938285e-04   4.3789888e-04  -4.1477409e-04
   1.0321358e-02   8.6503738e-02   4.1072684e-01  -1.8228057e-04   1.7747582e-04  -4.8894287e-04
   1.8226334e-02   9.7944295e-02   4.3865367e-01   3.3403468e-04   3.7762110e-04  -6.5774810e-04
   6.2731327e-03   9.7754383e-02   4.4236820e-01   2.7590210e-04   2.4755042e-04  -4.5572091e-04
   1.5985542e-02   1.0029097e-01   4.3958692e-01   1.7595525e-04   4.3994319e-04  -4.5558315e-04
   9.2189795e-03   1.0715884e-01   4.2846094e-01  -1.6591838e-04   1.5491161e-04  -6.9868368e-04
   4.7732368e-03   1.1101413e-01   4.5039513e-01   2.1320401e-05   2.6112699e-04  -4.8011091e-04
   4.0080805e-03   1.1388483e-01   4.5330179e-01   5.8730659e-04  -1.6158516e-04  -6.3162193e-04
   7.5946309e-03   1.1599157e-01   4.6099630e-01   4.4133671e-04  -3.4766117e-04  -6.8793364e-04
   1.1985148e-02   9.1597737e-02   4.8320363e-01   1.9989155e-04  -1.5109484e-04  -6.2928286e-04
   1.5890275e-02   9.4860236e-02   4.9817288e-01   1.6199412e-04  -3.6798870e-04  -6.9521386e-04
   8.3806388e-03   7.9975851e-02   5.2002658e-01   1.3365574e-04  -3.2016651e-04  -8.0164263e-04
   1.3338562e-02   1.0609096e-01   5.1084614e-01   4.9051820e-04  -5.9117338e-07  -5.7541983e-04
  -7.6009041e-03   9.0721729e-02   5.2604026e-01   1.0192509e-03  -8.7373743e-05  -4.5336492e-04
   1.4648707e-04   1.0586726e-01   5.0873922e-01   5.6267919e-04  -1.8415953e-04  -2.4834431e-04
   1.1444231e-02   1.1292736e-01   5.0648551e-01   5.2557957e-04  -1.0795390e-04  -6.7766486e-04
   2.3867003e-02   1.0264916e-01   4.9961013e-01   7.5273233e-04  -3.4732395e-04  -9.0070130e-04
   1.0883825e-02   1.1381834e-01   5.0769339e-01   6.9932017e-04  -3.9505149e-04  -5.0459347e-04
  -5.8640897e-02   9.7828756e-02   4.8820504e-01   1.7064157e-03   5.9788780e-04  -2.6595992e-03
   1.4039262e-03   4.9965514e-02   4.5195820e-01  -1.6831262e-03   2.6504042e-03  -7.7467585e-04
   2.3885621e-02   9.8816487e-02   3.7570954e-01   8.4804692e-04   3.0415698e-03  -1.1006076e-03
  -6.3122373e-03   8.3730919e-02   4.2499714e-01   1.1823037e-04   1.6832504e-03  -5.0921643e-04
   6.2588258e-04   9.1400610e-02   4.5853951e-01   8.2269707e-04   1.9532135e-03  -6.5899409e-04
  -7.5468471e-03   1.1615701e-01   4.4543565e-01   7.5252047e-04   2.2120015e-03  -2.4280434e-04
  -1.5252659e-02   1.0800353e-01   4.5611452e-01   1.7599739e-04   1.6884859e-03  -8.6415720e-05
   1.0494545e-02   1.1324614e-01   4.8043615e-01  -4.5063167e-04   1.1286657e-03  -4.3639707e-04
   1.2753734e-02   1.1376184e-01   5.0176312e-01  -7.8037932e-04   8.1641327e-04  -4.7620395e-04
   2.1284543e-02   1.1200564e-01   5.0389733e-01  -9.2569330e-04   1.1089091e-03  -8.2622997e-04
   1.0871571e-02   1.1773606e-01   5.1575448e-01  -6.0661777e-04   7.2957538e-04  -5.3176732e-04
   1.3110591e-02   1.2662767e-01   5.4306623e-01  -3.7830780e-04   1.1091598e-03  -4.8983431e-04
   1.4118601e-02   1.3305783e-01   5.0485432e-01  -1.6847883e-03   9.8682717e-04  -7.8779981e-04
  -8.1006920e-03   1.3072567e-01   5.1539374e-01  -1.3247480e-03   4.0539383e-04  -3.7316055e-04
   2.4913053e-02   1.2023687e-01   5.1901904e-01  -1.0235663e-03   7.0717646e-04  -7.5100593e-04
   1.0969332e-02   1.1387517e-01   5.1222096e-01  -1.5029473e-03   6.7938847e-04  -8.0159522e-04
  -7.3860236e-03   1.1290047e-01   6.5143712e-01   5.4979694e-04   1.3286737e-03  -6.0127115e-04
  -4.4255673e-05   1.0699869e-01   5.8050188e-01  -6.0193731e-04   1.0383042e-03  -4.6819643e-04
   5.4162611e-03   1.0780972e-01   5.9504810e-01  -5.4442192e-04   5.8654364e-04  -5.6504164e-04
   2.8371748e-02   9.3946292e-02   5.8741186e-01  -6.3371111e-04   8.3379412e-04  -9.7133054e-04
   2.4305399e-02   1.2225012e-01   5.9494059e-01  -6.0240914e-04   1.0781565e-03  -9.6737460e-04
   2.5896454e-02   1.3010232e-01   5.7860988e-01  -8.5537950e-04   8.5849145e-04  -9.1799625e-04
   2.8967160e-02   1.1850452e-01   6.1293816e-01  -1.1106044e-04   1.0170504e-03  -9.2002701e-04
   1.7441364e-02   1.2698594e-01   6.3102493e-01  -2.7333857e-04   5.6746910e-04  -8.2558453e-04
   1.8000091e-02   1.0838091e-01   6.1244109e-01  -6.7709099e-04   7.9279653e-04  -4.6296300e-04
   2.4900928e-02   1.1211442e-01   6.1668987e-01  -5.0633800e-04   1.0077451e-03  -7.2687192e-04
   2.0814251e-02   1.2425377e-01   6.2087859e-01  -1.0165244e-03   1.0279583e-03  -4.5926647e-04
   2.2575051e-02   1.1020687e-01   6.3058111e-01  -8.2611745e-04   4.4076215e-04  -1.0052217e-03
   3.1794347e-02   1.2313223e-01   6.3359788e-01  -8.4197922e-04   8.8771157e-04  -6.0196417e-04
   3.2633222e-02   1.2788034e-01   6.5122289e-01  -5.7751411e-05   9.4884117e-04  -7.6477748e-04
   2.5248449e-02   1.4321028e-01   6.4619275e-01  -4.7999839e-04   5.4755175e-04  -6.8097586e-04
   2.2736509e-02   1.3501615e-01   6.2521021e-01  -1.1328236e-03   1.0487816e-03  -4.0308485e-04
   2.6338248e-02   1.1580819e-01   6.2768606e-01  -1.1900927e-03   7.5538249e-04  -5.3937731e-04
   2.8422984e-02   1.2114301e-01   6.4812591e-01  -6.6506938e-04   6.4902338e-04  -4.5419375e-04
   2.0877164e-02   1.1218160e-01   6.4007462e-01  -1.1690121e-03   4.2249646e-04  -5.2234207e-04
   3.1889761e-02   1.2048559e-01   6.5492800e-01  -6.4656352e-04   5.0871018e-04  -4.6317235e-04
   4.0292908e-02   1.0455407e-01   6.6051741e-01  -6.1529835e-04   7.5952226e-04  -6.3333871e-04
   2.6273965e-02   1.1371778e-01   6.6119003e-01  -7.4288384e-04   4.8455019e-04  -4.2875052e-04
   2.2015372e-02   1.2745912e-01   6.8288103e-01  -4.7291953e-04   3.4341597e-04  -3.1806438e-04
   3.7686795e-02   1.1466434e-01   6.8337144e-01  -5.3692476e-04   8.1639432e-04  -7.1402672e-04
   2.7064971e-02   1.0487965e-01   6.6516110e-01  -9.8295407e-04   5.7777712e-04  -4.9177668e-04
   2.0575746e-02   1.0761193e-01   6.8399752e-01  -6.2776779e-04   1.3490908e-04  -5.2565790e-04
   3.0957387e-02   1.2693418e-01   6.8340785e-01  -8.7224901e-04   1.5924616e-04  -4.7282627e-04
   3.1305227e-02   1.2922025e-01   6.9258757e-01  -7.0692038e-04   4.1558141e-04  -4.4058662e-04
   4.3526697e-02   1.2684490e-01   7.0058353e-01  -4.6521714e-04   5.8945573e-04  -4.5787901e-04
   1.5588811e-02   1.1551999e-01   6.9661604e-01  -1.5288151e-03   4.7509095e-04  -3.7678297e-04
   2.2137289e-02   1.2650363e-01   7.1121468e-01  -8.2740461e-04  -1.6688400e-04  -3.4392582e-04
   4.3965793e-03   1.0250713e-01   7.4147639e-01  -6.3550852e-04   9.0171125e-04  -9.7954937e-04
   2.3232171e-02   8.8397166e-02   7.2708254e-01  -8.5334184e-04   1.3477001e-03  -1.0031696e-03
   2.2498728e-02   8.6186488e-02   7.0931755e-01  -9.1756169e-04   1.5686622e-03  -9.7079558e-04
   2.4838416e-02   9.4626087e-02   6.9702862e-01  -8.9076274e-04   1.8059654e-03  -1.0151680e-03
   6.0204915e-03   1.2216522e-01   6.7479565e-01  -9.5060291e-04   2.1013399e-03  -2.8709310e-04
  -4.7111841e-03   1.0856212e-01   5.8237376e-01  -4.1778910e-04   1.8856849e-03  -3.0509238e-04
   2.2711950e-02   1.2438905e-01   6.8869492e-01  -5.9578472e-05   1.3184931e-03  -1.0002028e-03
   2.9513266e-02   1.2648063e-01   7.0322315e-01  -7.1118599e-04   1.3376049e-03  -7.6270350e-04
   4.8349170e-02   1.2851371e-01   7.1158131e-01  -8.3347736e-04   1.1510516e-03  -1.4184648e-03
   3.5021838e-02   1.2701184e-01   7.0754888e-01  -1.3697234e-03   1.1493727e-03  -1.1813778e-03
   3.1787230e-02   1.4465112e-01   7.0633012e-01  -6.8100458e-04   1.0103698e-03  -1.3879545e-03
  -2.3282861e-03   5.0356402e-02   7.0456259e-01   2.7423061e-03   2.4897486e-03  -2.9520487e-03
   1.0813105e-01   7.6573274e-02   6.6753209e-01   2.1924941e-03   3.6958911e-03  -6.6321715e-04
   9.1401509e-02   7.2274202e-02   7.0430026e-01   2.2076177e-03   2.5565122e-03  -1.3245577e-03
   8.6288366e-02   9.3928441e-02   7.3412722e-01   1.8745290e-03   2.4607258e-03  -1.1368896e-03
   8.3663424e-02   1.0575871e-01   7.3956187e-01   1.8604100e-03   2.7240139e-03  -1.4025231e-03
   9.4451167e-02   1.0762961e-01   7.5590509e-01   2.5154623e-03   2.6481787e-03  -1.3967932e-03
   8.2232393e-02   1.2915858e-01   7.6550225e-01   2.2935508e-03   2.5797436e-03  -1.2531268e-03
   7.0237200e-02   1.1822468e-01   6.7493305e-01   2.4953691e-03   2.0682889e-03  -1.8430043e-03
   9.4305611e-02   8.2023423e-02   5.9281621e-01   3.0424258e-03   2.5943751e-03  -1.5621656e-03
   5.6654136e-02   6.0781620e-02   7.0386011e-01   2.8769552e-03   4.3738037e-03   4.5008483e-04
   1.0372289e-01   7.4368242e-02   7.6516474e-01   2.0805656e-03   3.5166875e-03  -5.5502258e-04
   9.1255636e-02   9.5792763e-02   7.8107664e-01   1.2753975e-03   2.2849626e-03  -1.2421869e-03
   8.9372779e-02   1.2146993e-01   7.9270494e-01   2.0331452e-03   2.5266111e-03  -1.0493415e-03
   6.4130807e-02   1.0790897e-01   7.6882225e-01   1.3355395e-03   2.5952196e-03  -6.8258476e-04
   8.7703964e-02   1.2877947e-01   8.0669708e-01   2.4776734e-03   2.5188859e-03  -1.3438148e-03
   7.8773558e-02   1.1949596e-01   7.9484154e-01   2.0711810e-03   2.2880480e-03  -1.3060854e-03
   8.9695901e-02   1.2189986e-01   7.8057424e-01   1.1361699e-03   3.6441543e-03  -1.2575714e-03
   8.2812974e-02   1.2363252e-01   8.0767519e-01   2.1513795e-03   2.3755151e-03  -1.0177379e-03
   7.4934887e-02   1.2658725e-01   8.4458320e-01   2.8424690e-03   2.5329234e-03  -7.4109650e-04
   9.0159312e-02   1.5971874e-01   8.4735617e-01   2.8860090e-03   2.6238840e-03  -1.1336030e-03
   8.4246343e-02   1.5230515e-01   8.3091858e-01   2.6107482e-03   2.5611188e-03  -1.1048546e-03
   7.6439947e-02   1.4096209e-01   8.4686192e-01   2.4402711e-03   2.2967271e-03  -8.1553321e-04
   6.9879091e-02   1.2591189e-01   8.2962688e-01   2.2957407e-03   2.6836171e-03  -8.0191174e-04
   9.0744524e-02   1.4956499e-01   8.3041425e-01   2.2358671e-03   3.1593021e-03  -9.0556331e-04
   8.0390135e-02   1.3395743e-01   8.2263686e-01   2.2551480e-03   2.8512700e-03  -6.8946802e-04
   9.2398579e-02   1.4293083e-01   8.4263827e-01   2.5612381e-03   2.5067360e-03  -1.2889657e-03
   8.7107251e-02   1.1239663e-01   8.3313500e-01   2.2950420e-03   2.3111177e-03  -8.8885325e-04
   7.9562159e-02   1.2122189e-01   8.4771513e-01   2.2129705e-03   2.3184805e-03  -9.4066461e-04
   8.4912940e-02   1.2983510e-01   8.6070127e-01   2.5433807e-03   2.7477825e-03  -1.0262985e-03
   8.8585872e-02   1.3116297e-01   8.5821330e-01   2.7121849e-03   2.4170242e-03  -1.3129859e-03
   7.6994932e-02   1.1607179e-01   8.5837389e-01   2.6170446e-03   2.2170564e-03  -7.9309174e-04
   9.1064269e-02   1.3117726e-01   8.7278677e-01   2.6202123e-03   2.4782366e-03  -1.1237881e-03
   8.7449588e-02   1.3480654e-01   8.5232735e-01   1.9879254e-03   2.4424620e-03  -9.3354031e-04
   8.8684193e-02   1.3171677e-01   8.6247126e-01   2.0603155e-03   2.5621640e-03  -8.3656052e-04
   8.0355574e-02   1.3874434e-01   8.9032578e-01   2.5804455e-03   2.2770997e-03  -9.2886751e-04
   8.2141792e-02   1.4187262e-01   9.0236116e-01   2.7492575e-03   2.3693461e-03  -8.5089555e-04
   8.9711459e-02   1.2633380e-01   8.7648173e-01   1.8281984e-03   2.5426560e-03  -1.1645126e-03
   9.2955258e-02   1.4792856e-01   9.1329596e-01   2.7943427e-03   2.7139004e-03  -9.6845571e-04
   8.2462753e-02   1.1941264e-01   9.2790670e-01   2.5529936e-03   2.6780917e-03  -1.0332638e-03
   1.0788977e-01   1.3628624e-01   9.0471095e-01   2.4076406e-03   2.5353302e-03  -1.0981398e-03
   8.2056128e-02   1.2384439e-01   9.0656765e-01   2.2623017e-03   2.4756517e-03  -6.5271763e-04
   9.4260883e-02   1.5218508e-01   9.1538683e-01   2.6408877e-03   2.3410028e-03  -1.0983419e-03
   7.7789375e-02   1.6559312e-01   8.9679446e-01   2.2526824e-03   2.5174782e-03  -6.7311160e-04
   8.7847848e-02   1.4612988e-01   9.2728622e-01   2.5040264e-03   2.2839826e-03  -9.1301746e-04
   8.4506087e-02   1.5124740e-01   9.2133115e-01   2.5563515e-03   2.1476109e-03  -1.1435104e-03
   9.1498190e-02   1.5610853e-01   9.0460333e-01   1.8191002e-03   2.2610866e-03  -1.1858582e-03
   1.0706289e-01   1.4927946e-01   9.4502998e-01   2.3559844e-03   2.6789876e-03  -1.3178411e-03
   9.1241696e-02   1.4604278e-01   9.1702984e-01   2.1823868e-03   2.3026852e-03  -8.7101208e-04
   8.9343840e-02   1.4972568e-01   9.4147613e-01   2.6913781e-03   1.9547925e-03  -9.5210712e-04
   8.8873108e-02   1.4318433e-01   9.4405411e-01   2.3375396e-03   2.4196648e-03  -8.7577807e-04
   8.3529066e-02   1.3919559e-01   9.2927562e-01   1.9405659e-03   2.3126122e-03  -9.5462139e-04
   9.2634033e-02   1.3343469e-01   9.4207531e-01   1.9945674e-03   2.7250252e-03  -7.5059262e-04
   9.7258517e-02   1.5376312e-01   9.8189964e-01   2.4753119e-03   2.3393970e-03  -1.2406435e-03
   7.9277485e-02   1.5155807e-01   9.5593895e-01   2.1365493e-03   2.2725816e-03  -7.5955615e-04
   8.4625146e-02   1.5531486e-01   9.7441283e-01   2.5135430e-03   2.1590251e-03  -6.2862409e-04
   9.3776669e-02   1.5449055e-01   9.4206561e-01   1.8534818e-03   1.9389328e-03  -1.1188465e-03
   9.2046274e-02   1.4261348e-01   9.4861076e-01   1.9385036e-03   2.2458627e-03  -9.4513898e-04
   9.6235327e-02   1.4443696e-01   9.7053002e-01   2.1317037e-03   2.4870641e-03  -2.5548806e-04
   9.8732129e-02   1.4791759e-01   9.6475891e-01   2.4245423e-03   2.0404487e-03  -9.2986533e-04
   9.2098908e-02   1.5125507e-01   9.7271301e-01   2.3274141e-03   2.2825063e-03  -8.9877924e-04
   8.5166558e-02   1.6214507e-01   9.5379766e-01   1.8607070e-03   2.0774574e-03  -5.4525812e-04
   8.7333238e-02   1.5162178e-01   9.5852013e-01   1.7802392e-03   2.4788550e-03  -5.6338385e-04
   9.8895925e-02   1.5402430e-01   9.5099446e-01   1.5933435e-03   2.4560768e-03  -9.1279857e-04
   8.7941200e-02   1.5174017e-01   9.8521916e-01   2.2241052e-03   2.1028429e-03  -1.0617074e-03
   8.6460537e-02   1.3634492e-01   9.5718163e-01   1.2636193e-03   2.3652223e-03  -7.8219791e-04
   8.8443078e-02   1.3920462e-01   9.8433173e-01   1.9688101e-03   2.0594794e-03  -1.0583532e-03
   9.9098170e-02   1.5124307e-01   9.9070609e-01   1.7323785e-03   2.2099515e-03  -8.8309398e-04
   8.9106273e-02   1.4743257e-01   1.0007284e+00   1.8716374e-03   1.9209007e-03  -6.5920018e-04
   9.7531910e-02   1.5933811e-01   9.7937892e-01   1.8142072e-03   2.0716071e-03  -7.9668168e-04
   9.0386162e-02   1.5052829e-01   9.8734651e-01   1.6704690e-03   1.9004701e-03  -7.2141604e-04
   9.2729532e-02   1.5791870e-01   9.9304309e-01   2.1169487e-03   1.9287964e-03  -9.8021360e-04
   7.5376460e-02   1.5115007e-01   1.0338336e+00   2.8603854e-03   1.6758933e-03  -4.8595372e-04
   9.6753760e-02   1.4671466e-01   1.0116720e+00   2.2703231e-03   1.6903152e-03  -1.1900421e-03
   8.6939113e-02   1.4265705e-01   1.0190711e+00   2.6018022e-03   1.7474499e-03  -9.1601868e-04
   8.8077847e-02   1.5984645e-01   1.0302797e+00   2.5054908e-03   1.9443882e-03  -6.1693972e-04
   9.5450033e-02   1.5342617e-01   1.0102435e+00   1.8967457e-03   1.9892167e-03  -6.2894521e-04
   1.0538418e-01   1.7937959e-01   1.0307178e+00   2.5054023e-03   2.3790190e-03  -9.3974389e-04
   9.2317265e-02   1.7263769e-01   1.0340795e+00   2.4285678e-03   1.8409001e-03  -1.1017358e-03
   9.9193349e-02   1.7968832e-01   1.0393428e+00   2.5356272e-03   2.1855445e-03  -8.6795861e-04
   8.6038946e-02   1.5801012e-01   1.0505938e+00   2.6761061e-03   1.8863996e-03  -6.1758188e-04
   9.7822775e-02   1.6904892e-01   1.0429699e+00   2.2391853e-03   1.6893725e-03  -9.9011570e-04
   1.0334244e-01   1.5379764e-01   1.0597821e+00   2.7015588e-03   1.9022549e-03  -1.0806301e-03
   8.1505539e-02   1.4713506e-01   1.0647173e+00   2.6575072e-03   1.7061663e-03  -6.2617751e-04
   9.8027472e-02   1.7119715e-01   1.0538693e+00   2.2910995e-03   1.8666993e-03  -1.1167704e-03
   9.0028949e-02   1.5688165e-01   1.0432214e+00   1.8679672e-03   1.8074143e-03  -9.5450536e-04
   9.7118403e-02   1.6803496e-01   1.0578590e+00   2.2155679e-03   1.8891698e-03  -8.2801761e-04
   8.4141856e-02   1.4605493e-01   1.0666089e+00   2.1382871e-03   1.7305721e-03  -9.0652336e-04
   9.6846751e-02   1.4203023e-01   1.0625355e+00   1.6533645e-03   2.0753000e-03  -1.1241821e-03
   1.0681262e-01   1.6008940e-01   1.0652609e+00   1.7576766e-03   2.1577339e-03  -7.9797837e-04
   1.0296304e-01   1.6908478e-01   1.0871355e+00   2.0394369e-03   1.8698787e-03  -9.0272840e-04
   9.3260006e-02   1.6357625e-01   1.1019207e+00   2.4889821e-03   2.0091712e-03  -6.0481993e-04
   9.8266747e-02   1.5963721e-01   1.1064879e+00   2.3474729e-03   1.9667922e-03  -8.5958776e-04
   9.9412905e-02   1.8159487e-01   1.1287993e+00   3.0296943e-03   2.3059385e-03  -8.5245237e-04
   8.7418038e-02   1.6719202e-01   1.1136547e+00   2.6258348e-03   2.1507141e-03  -5.6320288e-04
   9.2807544e-02   1.6327125e-01   1.1188031e+00   2.3433740e-03   1.9871716e-03  -6.8044487e-04
   9.7518284e-02   1.6980547e-01   1.1201241e+00   2.2111163e-03   1.9400893e-03  -1.1238583e-03
   9.6344246e-02   1.7103598e-01   1.1082555e+00   2.0975647e-03   1.8633008e-03  -9.4425184e-04
   1.1908192e-01   1.4397036e-01   1.0236372e+00   1.8663439e-03   3.2309182e-03  -5.2819876e-04
   9.9831277e-02   1.0653128e-01   1.0012207e+00   2.7290721e-03   5.2000529e-03  -1.6207829e-03
   1.0444810e-01   5.0802948e-02   9.9136817e-01   3.2435270e-03   3.7730213e-03  -5.6966475e-04
   1.0987720e-01   7.6922476e-02   1.0488476e+00   2.6832766e-03   3.2971257e-03  -1.3572185e-03
   9.6050628e-02   9.5687057e-02   1.0858144e+00   3.2418091e-03   2.7849083e-03  -9.1880650e-04
   1.0618366e-01   9.8709866e-02   1.1045531e+00   2.8682965e-03   2.8342926e-03  -1.0622424e-03
   1.0668431e-01   1.1462299e-01   1.1100392e+00   3.2526959e-03   3.0686848e-03  -1.0988922e-03
   1.1042813e-01   9.1560191e-02   1.1192646e+00   3.6362013e-03   2.8313834e-03  -1.1978480e-03
   9.9797439e-02   1.3394939e-01   1.1420518e+00   2.8176280e-03   2.7985987e-03  -1.1785865e-03
   1.0521345e-01   1.2047613e-01   1.1490898e+00   3.4134808e-03   3.1293190e-03  -1.0324493e-03
   1.1725615e-01   1.2060062e-01   1.1415431e+00   2.8121030e-03   2.9162752e-03  -1.0530822e-03
   1.2324349e-01   1.4355256e-01   1.1404084e+00   2.6591187e-03   2.7658763e-03  -1.3366904e-03
   1.0535696e-01   1.1476305e-01   1.1176700e+00   2.4993372e-03   2.8423580e-03  -8.3846238e-04
   1.1795933e-01   1.2847350e-01   1.1639348e+00   3.4127814e-03   3.0954909e-03  -1.2376886e-03
   1.0642820e-01   1.1186276e-01   1.1533940e+00   3.0191899e-03   2.8604306e-03  -1.1607649e-03
   1.0481115e-01   1.1646804e-01   1.1624557e+00   3.1642026e-03   3.1488111e-03  -9.9003396e-04
   9.1587507e-02   1.1832864e-01   1.1557373e+00   2.6159016e-03   2.7706495e-03  -7.8256207e-04
   1.1305408e-01   1.1401555e-01   1.1673523e+00   2.8698604e-03   3.0035712e-03  -1.1323078e-03
   1.2286631e-01   1.3032865e-01   1.1753592e+00   2.8955251e-03   3.0860103e-03  -1.1817148e-03
   1.1659372e-01   1.2353771e-01   1.1782692e+00   2.3502441e-03   3.0391322e-03  -1.3849254e-03
   1.0412750e-01   1.0603493e-01   1.1362068e+00   2.2135101e-03   2.6808936e-03  -1.3149980e-03
   1.5773691e-01   1.1586567e-01   1.1749667e+00   4.4614707e-03   4.5989725e-03  -2.3016804e-04
   9.6263145e-02   1.4011092e-01   1.0880452e+00   6.1701400e-03   4.2611729e-03   4.7732075e-04
   1.1318480e-01   1.5099382e-01   1.1126864e+00   5.0965437e-03   4.1332156e-03  -4.7994114e-04
   1.1107831e-01   1.5676350e-01   1.1380201e+00   5.6049850e-03   4.5021793e-03  -7.3477545e-04
   1.0340745e-01   1.7047948e-01   1.1454042e+00   5.1640021e-03   4.1463811e-03  -4.6956899e-04
   1.1521004e-01   1.4511227e-01   1.1785439e+00   4.6005372e-03   3.6578829e-03  -1.0258702e-03
   1.0831172e-01   1.9502571e-01   1.2293111e+00   4.7900060e-03   3.2811831e-03  -7.6582941e-04
   9.8204900e-02   1.7152831e-01   1.2186696e+00   4.8733013e-03   2.7940566e-03  -7.6774278e-04
   1.0751032e-01   1.7168606e-01   1.2372446e+00   5.0290313e-03   3.0988770e-03  -1.1829476e-03
   1.0104465e-01   1.4999015e-01   1.2557748e+00   3.9429330e-03   4.0185582e-03  -1.2103152e-03
   6.7172779e-02   1.1606859e-01   1.2062559e+00   5.7554159e-03   1.8388771e-03  -2.5010531e-03
   1.1803682e-01   1.0109868e-01   8.8887933e-01   1.3004714e-02   2.2561498e-03  -2.7315884e-03
   1.2317062e-01   2.2594913e-02   9.5388225e-01   5.2751693e-03   3.0817846e-03  -1.2373832e-03
   9.1731567e-02   7.0897266e-02   1.2263783e+00   1.6800831e-04   3.6428455e-03  -5.3791770e-04
   7.8175031e-02   1.5045275e-01   1.2953542e+00   4.2629451e-03   3.4046031e-03   1.6387548e-04
   8.5290920e-02   1.7455447e-01   1.2989235e+00   2.6674186e-03   2.6820309e-03  -2.3322866e-04
   8.7294430e-02   1.9103793e-01   1.3133476e+00   2.7232218e-03   2.9001580e-03  -1.5855914e-04
   8.6518096e-02   1.9828145e-01   1.3294287e+00   3.6662591e-03   2.8308513e-03   6.0612609e-05
   8.3873706e-02   2.1202342e-01   1.3265343e+00   2.9996534e-03   3.1132034e-03  -1.1792663e-04
   9.3989780e-02   1.8978966e-01   1.3135837e+00   2.9744324e-03   2.8921976e-03  -1.9983326e-04
   7.7387763e-02   1.8365424e-01   1.2852741e+00   2.8096877e-03   2.6488476e-03  -4.1904165e-04
   8.4286003e-02   1.7714800e-01   1.3100261e+00   3.2301290e-03   2.9523490e-03  -2.3091546e-04
   9.5338089e-02   1.9224193e-01   1.3113280e+00   3.3960102e-03   2.6669445e-03  -6.3098124e-04
   8.4886471e-02   1.8632903e-01   1.3233273e+00   3.6988429e-03   2.7741697e-03  -4.1559882e-04
   8.8408968e-02   1.8113370e-01   1.3466534e+00   4.0423451e-03   2.6080117e-03  -7.1185950e-04
   8.7634284e-02   1.8147703e-01   1.3234529e+00   3.3300884e-03   3.1750379e-03  -2.3908099e-04
   8.9067689e-02   1.8162466e-01   1.3120694e+00   2.9944420e-03   2.8607184e-03  -7.3139362e-04
   7.6514275e-02   1.9873694e-01   1.2995278e+00   3.0890222e-03   2.3716266e-03  -5.2203823e-04
   7.3477246e-02   1.7191920e-01   1.3154449e+00   3.1957246e-03   2.9433693e-03  -5.9442160e-04
   7.6167754e-02   1.5707509e-01   1.3295796e+00   3.6344002e-03   2.4704619e-03  -7.0771632e-04
   9.7399398e-02   1.7080028e-01   1.3511500e+00   4.1456290e-03   3.1922334e-03  -7.4908739e-04
   7.5921444e-02   1.7045785e-01   1.3383424e+00   3.7361830e-03   2.8155539e-03  -5.1371547e-04
   8.7287959e-02   1.7115306e-01   1.3468155e+00   3.8220336e-03   2.9497263e-03  -5.5602243e-04
   1.0087442e-01   1.6960150e-01   1.3606146e+00   3.7300359e-03   3.3077172e-03  -9.3672655e-04
   7.6281639e-02   1.4522553e-01   1.3350519e+00   3.2563425e-03   2.6976307e-03  -6.9646725e-04
   6.8732344e-02   1.6050355e-01   1.3474249e+00   3.7633879e-03   2.7486282e-03  -6.7841721e-04
   6.9198659e-02   1.5695078e-01   1.3487981e+00   4.2499019e-03   2.5279268e-03  -5.3533625e-04
   7.3245694e-02   1.7547115e-01   1.3690678e+00   4.5662456e-03   3.2807445e-03  -2.8345327e-04
   9.6565434e-02   1.7923068e-01   1.3704038e+00   4.2799184e-03   2.7909915e-03  -7.4788223e-04
   7.8702764e-02   1.6743597e-01   1.3654913e+00   3.7355208e-03   2.9785863e-03  -4.5782734e-04
   8.5529815e-02   1.7439603e-01   1.3646190e+00   3.6648801e-03   2.8507729e-03  -5.9942799e-04
   8.7237023e-02   1.7052037e-01   1.3743264e+00   3.8880766e-03   3.2080995e-03  -3.9305093e-04
   8.2922700e-02   1.7348765e-01   1.3958506e+00   3.9114752e-03   3.2236888e-03  -6.6406697e-04
   8.3002957e-02   1.7878896e-01   1.3749701e+00   3.6366731e-03   3.2462947e-03  -6.6018789e-04
   1.0034098e-01   1.7958725e-01   1.4055073e+00   3.8285880e-03   3.2292733e-03  -5.7570600e-04
   9.3841360e-02   1.9588147e-01   1.3924414e+00   3.6962221e-03   3.0889509e-03  -7.9077595e-04
   8.7596654e-02   1.8953659e-01   1.3982868e+00   3.5162278e-03   3.0129116e-03  -2.3470180e-04
   1.0665996e-01   2.1651124e-01   1.3698807e+00   3.1231201e-03   3.2567273e-03  -7.8716956e-04
   1.4483928e-01   1.5387697e-01   1.3271346e+00   4.7235381e-03   6.1894831e-03   7.2111764e-04
   8.2718546e-02   9.8186278e-02   1.3097235e+00   2.7718271e-03   6.0486253e-03   1.4561758e-03
   8.0769581e-02   1.3378616e-01   1.3463611e+00   4.2445711e-03   5.0603508e-03  -5.8957100e-04
   6.9179998e-02   1.5603939e-01   1.2838565e+00   3.0478586e-03   4.7680869e-03  -5.0083055e-04
   9.3303187e-02   1.7544364e-01   1.3412815e+00   5.0374381e-03   4.5883158e-03  -2.0273344e-04
   8.2589318e-02   1.7619045e-01   1.3728167e+00   4.4013272e-03   4.2047690e-03  -6.6429040e-04
   8.5376044e-02   1.7996658e-01   1.3956565e+00   3.7076046e-03   3.7097049e-03  -4.7940765e-04
   1.0462104e-01   1.8659677e-01   1.3925557e+00   3.2186306e-03   3.7364399e-03  -9.3720703e-04
   9.6607588e-02   2.0410319e-01   1.4015188e+00   3.2859334e-03   3.6281391e-03  -7.3463740e-04
   8.7828399e-02   2.0473106e-01   1.3903328e+00   3.0409408e-03   3.2533189e-03  -6.0933972e-04
   1.0327717e-01   2.1770990e-01   1.3912596e+00   3.4280868e-03   3.6426220e-03  -7.0063929e-04
   9.9987494e-02   2.0529987e-01   1.4138496e+00   3.9818616e-03   3.6803532e-03  -8.0048846e-04
   8.7728396e-02   1.7766779e-01   1.3913487e+00   2.9942824e-03   3.2877289e-03  -7.6607039e-04
   9.3738767e-02   1.9815343e-01   1.4209098e+00   3.4833870e-03   3.1541327e-03  -8.8315688e-04
   9.1142892e-02   1.9779307e-01   1.4425498e+00   3.7433975e-03   3.2899161e-03  -8.6126783e-04
   8.2793000e-02   1.8408258e-01   1.4469432e+00   3.9584239e-03   3.5385778e-03  -4.3249447e-04
   8.7183802e-02   1.6955873e-01   1.4244237e+00   3.4943434e-03   3.4558171e-03  -8.5934319e-04
   1.0437384e-01   1.8845551e-01   1.4548947e+00   3.6808554e-03   3.6218315e-03  -1.0144619e-03
   9.6531818e-02   1.8504674e-01   1.4340305e+00   3.4076973e-03   3.3640938e-03  -7.9205717e-04
   9.6411000e-02   1.8390081e-01   1.4456943e+00   4.0194895e-03   3.6059739e-03  -6.3139722e-04
   1.0870577e-01   1.8560794e-01   1.4518919e+00   3.9232861e-03   3.9910819e-03  -8.1256077e-04
   1.0097738e-01   1.9364749e-01   1.4596030e+00   4.1369853e-03   3.9004916e-03  -5.6235575e-04
   1.1082710e-01   1.9587384e-01   1.4427401e+00   3.0842139e-03   3.6928378e-03  -8.7256286e-04
   9.1407633e-02   1.9052817e-01   1.4594153e+00   3.9279316e-03   3.1433225e-03  -5.7279872e-04
   1.0414598e-01   2.0404550e-01   1.4626325e+00   3.5987677e-03   3.2518258e-03  -1.0247737e-03
   1.0149708e-01   1.8463829e-01   1.4848418e+00   4.0015356e-03   3.5333543e-03  -3.4480299e-04
   9.3515295e-02   1.9594676e-01   1.4621510e+00   3.4161828e-03   3.1192793e-03  -4.0388545e-04
   9.9559070e-02   1.8660171e-01   1.4790467e+00   3.8381363e-03   3.3683625e-03  -4.9072247e-04
   8.7062805e-02   1.8320167e-01   1.4710498e+00   3.3520068e-03   3.1038176e-03  -5.3195944e-04
   9.4422248e-02   1.7319015e-01   1.4538559e+00   2.6026892e-03   3.4304826e-03  -6.1607506e-04
   1.0271814e-01   1.9376414e-01   1.4921204e+00   3.7185914e-03   3.2381614e-03  -5.0869357e-04
   1.0379724e-01   1.8915404e-01   1.4959639e+00   4.0355550e-03   3.2958853e-03  -8.1865122e-04
   9.2920601e-02   1.8477231e-01   1.4979083e+00   3.5856812e-03   3.1054436e-03  -6.1979677e-04
   7.8763781e-02   1.8617134e-01   1.5310599e+00   4.0525237e-03   3.1403274e-03  -1.6345165e-03
   8.2227951e-02   1.7357977e-01   1.5240240e+00   4.7142637e-03   4.5306972e-03   7.7551659e-05
   8.6562427e-02   1.5530382e-01   1.4971469e+00   3.3980151e-03   4.3200579e-03  -3.2898085e-04
   7.3955422e-02   1.3840454e-01   1.5101768e+00   3.7485612e-03   4.2888580e-03  -3.0800478e-04
   7.7923809e-02   1.7125955e-01   1.5302006e+00   4.3559405e-03   4.0894508e-03  -4.4820521e-04
   7.0552461e-02   1.7836057e-01   1.5067524e+00   3.1816474e-03   3.2069493e-03  -1.8517087e-04
   8.2579757e-02   2.0001303e-01   1.5352253e+00   3.8410504e-03   3.5100663e-03  -5.4302389e-04
   9.1458182e-02   1.8566959e-01   1.5035562e+00   4.1805954e-03   3.2615749e-03  -8.0850567e-04
   9.6875227e-02   1.7961119e-01   1.5346034e+00   3.9387400e-03   3.2511013e-03  -8.7439407e-04
   8.4979510e-02   1.7820107e-01   1.5215633e+00   3.9402131e-03   3.0757423e-03  -8.9075451e-04
   9.4940021e-02   1.9580652e-01   1.5346726e+00   4.1311605e-03   3.1531678e-03  -9.8782317e-04
   1.0888134e-01   1.8381230e-01   1.5102367e+00   3.4279971e-03   3.2395193e-03  -1.1182982e-03
   8.7694365e-02   1.9379807e-01   1.5392507e+00   3.9346377e-03   2.9503226e-03  -6.1197142e-04
   9.0923502e-02   1.9848604e-01   1.5445124e+00   4.2590459e-03   2.8765361e-03  -9.1869072e-04
   8.6102215e-02   1.8831901e-01   1.4958181e+00   2.6861633e-03   3.2087716e-03  -8.7466176e-04
   1.0536269e-01   1.7683509e-01   1.5445931e+00   4.0271728e-03   3.2381741e-03  -1.1343369e-03
   9.0680640e-02   1.7365065e-01   1.5494067e+00   3.9611456e-03   3.2240094e-03  -8.5350006e-04
   1.0517961e-01   1.9010472e-01   1.5571114e+00   3.7828048e-03   3.2712873e-03  -7.9515829e-04
   9.3842860e-02   1.6931117e-01   1.5560928e+00   3.4730286e-03   3.2227765e-03  -7.9045581e-04
   1.0522179e-01   1.8123024e-01   1.5676124e+00   3.9883996e-03   3.2413437e-03  -8.8650308e-04
   9.6907533e-02   1.9005044e-01   1.5698357e+00   3.8165154e-03   3.6560829e-03  -6.1760051e-04
   9.5357525e-02   1.8093434e-01   1.5822237e+00   3.7428274e-03   3.3173099e-03  -7.7794199e-04
   9.3784011e-02   1.8378886e-01   1.5886130e+00   4.2380765e-03   2.9857271e-03  -9.3673350e-04
   9.8851867e-02   1.8730506e-01   1.5829152e+00   3.8693408e-03   3.0470424e-03  -9.1855528e-04
   9.4427710e-02   1.8046290e-01   1.6039851e+00   4.1372922e-03   3.0753798e-03  -6.6172770e-04
   1.1872212e-01   1.8886974e-01   1.5667231e+00   5.6278034e-03   4.5629100e-03  -4.2755590e-04
   1.3187940e-01   1.5466684e-01   1.5442016e+00   5.1158447e-03   6.4493531e-03  -8.0184846e-04
   1.7218402e-01   1.5178712e-01   1.4181671e+00   9.1496710e-03   3.8739412e-03  -1.2978677e-03
   2.4208369e-01   1.0763234e-01   1.4593459e+00   3.8958692e-03   4.0310675e-03  -8.6788940e-04
   6.4893604e-02   2.0309263e-02   1.4754970e+00   4.7620743e-03   2.3617476e-03  -2.9403367e-03
   1.1786113e-01   7.2750220e-02   1.4743665e+00   1.1004744e-04   3.0380327e-03  -1.0349766e-03
   8.5316686e-02   6.2901040e-02   1.6817872e+00   2.0897638e-03   1.8248445e-03  -2.2510929e-03
   9.0896570e-02   1.5493322e-01   1.7242413e+00   2.7918028e-03   1.9487863e-03  -2.5177148e-04
   1.0558572e-01   1.5950018e-01   1.7207402e+00   3.0054883e-03   1.8754496e-03  -4.4160372e-04
   1.1762307e-01   1.8925309e-01   1.7611373e+00   3.3221925e-03   1.9216264e-03  -8.0609098e-04
   1.0438670e-01   1.6709347e-01   1.7418170e+00   2.8513237e-03   1.8054757e-03  -4.0352143e-04
   1.3092603e-01   1.7627644e-01   1.7370281e+00   2.9571068e-03   2.0504047e-03  -8.3744971e-04
   1.2470009e-01   1.8642435e-01   1.7327298e+00   3.1964310e-03   1.6169943e-03  -8.2803606e-04
   1.1988728e-01   1.8348767e-01   1.7537651e+00   3.2465291e-03   1.6611439e-03  -8.5693055e-04
   1.1703644e-01   1.7916190e-01   1.7273911e+00   2.4997141e-03   1.6742483e-03  -6.2388460e-04
   1.2097722e-01   1.7366954e-01   1.7418855e+00   3.1075230e-03   1.5195680e-03  -9.6770018e-04
   1.0578037e-01   2.0268192e-01   1.7312090e+00   2.6107531e-03   1.1193511e-03  -8.6396304e-04
   1.1253622e-01   2.1151872e-01   1.7476655e+00   3.1010777e-03   1.6003588e-03  -6.0721669e-04
   1.1716991e-01   2.0391520e-01   1.7543064e+00   3.8569583e-03   1.7311566e-03  -7.7851952e-04
   9.7583572e-02   1.9512947e-01   1.7484678e+00   4.1958946e-03   1.2372191e-03  -1.1768783e-03
   1.1696234e-01   1.7550102e-01   1.7648371e+00   3.4677550e-03   9.8461673e-04  -1.3122926e-03
   1.1254152e-01   1.7032044e-01   1.7608997e+00   4.1661876e-03   1.4580002e-03  -1.4733557e-03
   1.0988108e-01   1.6702637e-01   1.7635109e+00   4.2562321e-03   1.0070284e-03  -1.1704294e-03
   1.2148839e-01   1.9989569e-01   1.7767994e+00   4.9245721e-03   1.2057474e-03  -1.5070022e-03
   1.0377070e-01   1.7758410e-01   1.7266982e+00   4.0979633e-03   9.5253072e-04  -1.6322206e-03
   1.0639090e-01   1.7849700e-01   1.7673914e+00   4.7511532e-03   7.2419019e-04  -1.2179379e-03
   1.0308558e-01   1.6514117e-01   1.7792584e+00   4.9673966e-03   8.4797231e-04  -1.3647155e-03
   1.2028195e-01   1.7757777e-01   1.7635606e+00   4.3001223e-03   8.8183740e-04  -1.4916372e-03
   1.1920577e-01   1.7252054e-01   1.7587419e+00   4.3219202e-03   1.2186694e-03  -1.2405262e-03
   1.1092039e-01   1.7929077e-01   1.7833158e+00   4.5121586e-03   9.4933258e-04  -1.1451433e-03
   1.2518507e-01   1.7385089e-01   1.7776827e+00   4.4198952e-03   1.1319370e-03  -1.6486231e-03
   1.2815919e-01   1.7716919e-01   1.8164084e+00   4.9623211e-03   1.5452087e-03  -1.2282318e-03
   1.3548216e-01   1.7696601e-01   1.7908694e+00   4.5809242e-03   1.2749449e-03  -1.4416871e-03
   1.1537250e-01   1.8431478e-01   1.8135971e+00   5.0962246e-03   1.2161653e-03  -1.1201216e-03
   1.3126944e-01   1.7995341e-01   1.8032006e+00   4.3816426e-03   1.1655839e-03  -1.4227577e-03
   1.2425019e-01   1.7143152e-01   1.8203574e+00   4.5389868e-03   1.3768539e-03  -1.0243666e-03
   1.2223295e-01   1.9443859e-01   1.8373858e+00   4.8099431e-03   9.2860260e-04  -1.1896671e-03
   1.2979417e-01   1.8663170e-01   1.8326838e+00   4.9396727e-03   1.6292552e-03  -1.0833261e-03
   1.1241331e-01   1.6876422e-01   1.8224285e+00   5.1881842e-03   1.0920091e-03  -1.4704276e-03
   1.3302791e-01   1.6344119e-01   1.8130648e+00   4.6116698e-03   2.2096792e-03  -9.5150834e-04
   1.3271440e-01   1.7391218e-01   1.7850511e+00   3.9531733e-03   1.5909178e-03  -1.3185010e-03
   1.1477702e-01   1.7362010e-01   1.8418173e+00   5.0981424e-03   1.4404662e-03  -9.0659531e-04
   1.3964122e-01   1.7248788e-01   1.8346802e+00   3.8449816e-03   1.6512541e-03  -1.1542092e-03
   1.4066822e-01   1.7295814e-01   1.8308485e+00   3.8218544e-03   1.1162892e-03  -1.4307162e-03
   1.4383112e-01   1.9369649e-01   1.8314590e+00   3.6757850e-03   1.4214337e-03  -1.1495464e-03
   1.3118094e-01   1.9919231e-01   1.8424419e+00   4.4697813e-03   1.3165394e-03  -1.0001091e-03
   1.3681950e-01   1.9501239e-01   1.8257464e+00   3.7222578e-03   1.1354687e-03  -1.1391698e-03
   9.4076629e-02   1.9406480e-01   1.8465029e+00   4.2723129e-03  -2.4032239e-04  -1.4086265e-03
   1.3434941e-01   1.8442870e-01   1.8349600e+00   3.3432873e-03   1.7428213e-03  -1.6231817e-03
   1.2350263e-01   1.7205647e-01   1.8178579e+00   4.3735459e-03   6.2224479e-04  -1.9579416e-03
   1.3798722e-01   1.4493962e-01   1.8746208e+00   2.2905600e-03   4.2138896e-03   1.0492603e-04
   9.3766425e-02   1.2224936e-01   1.8246987e+00  -1.2282621e-04   4.1070576e-03   1.9429350e-04
   1.2741999e-01   1.5532143e-01   1.8988606e+00   1.8807492e-03   4.8089439e-03  -8.0865540e-04
   1.2926890e-01   1.8291054e-01   1.9505307e+00   2.2129473e-03   4.0775755e-03  -1.2418995e-03
   1.4647521e-01   2.0648591e-01   1.9501249e+00   1.8701701e-03   4.1630784e-03  -1.0004368e-03
   1.2448743e-01   2.1652870e-01   1.9404529e+00   2.0377518e-03   3.6276674e-03  -5.8034618e-04
   1.2928160e-01   2.3112853e-01   1.9324335e+00   1.8709117e-03   3.3918238e-03  -7.5264046e-04
   1.2509240e-01   2.5328047e-01   1.9264498e+00   1.4959802e-03   4.0671983e-03  -6.1884118e-04
   1.2137991e-01   2.2125055e-01   1.9265379e+00   1.6468990e-03   3.8964723e-03  -5.0958906e-04
   1.2031606e-01   2.1341177e-01   1.9374083e+00   1.6865556e-03   3.5128334e-03  -8.7259929e-04
   1.3466947e-01   2.2050983e-01   1.9463515e+00   2.1845396e-03   3.6211168e-03  -8.4523259e-04
   1.1601689e-01   1.9715875e-01   1.9430451e+00   2.1072746e-03   3.1310909e-03  -1.0986538e-03
   1.3256118e-01   2.2174849e-01   1.9737714e+00   2.8453462e-03   3.5928814e-03  -1.1056562e-03
   1.2596812e-01   2.0906913e-01   1.9376230e+00   2.3366215e-03   2.9868327e-03  -1.0409903e-03
   1.2197375e-01   2.0582178e-01   1.9511980e+00   2.2964087e-03   3.4101633e-03  -5.9234209e-04
   1.2366016e-01   2.0392253e-01   1.9708910e+00   2.8181163e-03   3.4886353e-03  -1.0707601e-03
   1.3199030e-01   2.1673842e-01   1.9883491e+00   2.8980178e-03   2.7746004e-03  -1.1737843e-03
   1.3276952e-01   2.1711421e-01   1.9658757e+00   2.3913686e-03   2.9577898e-03  -1.0539242e-03
   1.4476337e-01   2.3122203e-01   1.9775448e+00   2.5838664e-03   3.2097529e-03  -1.2226675e-03
   1.3260181e-01   2.0045365e-01   1.9875625e+00   2.9974301e-03   3.2119425e-03  -1.2322793e-03
   1.1866348e-01   2.0714550e-01   1.9799066e+00   2.8189784e-03   3.2706853e-03  -7.1849044e-04
   1.3695635e-01   2.1303938e-01   1.9838197e+00   2.7521769e-03   3.5161015e-03  -1.0428903e-03
   1.4222707e-01   2.2249089e-01   2.0042433e+00   2.9320882e-03   3.5626418e-03  -9.7540122e-04
   1.5250383e-01   2.2508104e-01   1.9849869e+00   2.2350875e-03   3.0939212e-03  -1.2109581e-03
   1.4038232e-01   2.3428868e-01   1.9852942e+00   2.3637877e-03   3.4171379e-03  -1.3060116e-03
   1.4545429e-01   2.3710860e-01   1.9777311e+00   1.9618596e-03   3.2893504e-03  -1.1195983e-03
   1.3641213e-01   2.2282997e-01   2.0109077e+00   2.7926568e-03   3.4487227e-03  -8.2832894e-04
   1.4078348e-01   2.2194600e-01   2.0286579e+00   2.9105990e-03   3.1429585e-03  -1.0964076e-03
   1.3692979e-01   2.1768801e-01   2.0089717e+00   2.0884413e-03   3.2260046e-03  -9.3934985e-04
   1.5120736e-01   2.3596145e-01   2.0119119e+00   2.2536645e-03   3.3719898e-03  -1.3701890e-03
   1.5179778e-01   2.3007969e-01   2.0116205e+00   2.1348608e-03   3.0834548e-03  -1.4574200e-03
   1.3774745e-01   2.3494452e-01   2.0234452e+00   2.3629599e-03   2.7635178e-03  -1.0451955e-03
   1.3105344e-01   2.2736688e-01   2.0304883e+00   2.6480128e-03   2.7737412e-03  -8.5771143e-04
   1.2822974e-01   2.3162015e-01   2.0714936e+00   3.2366019e-03   2.7439396e-03  -9.1268962e-04
   1.3880680e-01   2.2556812e-01   2.0570407e+00   2.8774683e-03   3.0003549e-03  -9.7246953e-04
   1.3141455e-01   2.1941198e-01   2.0620312e+00   2.5875025e-03   3.1247753e-03  -8.0052812e-04
   1.4425074e-01   2.3574574e-01   2.0557862e+00   2.8685224e-03   3.2322434e-03  -1.0601064e-03
   1.4681160e-01   2.3469153e-01   2.0476464e+00   2.6291392e-03   2.9345997e-03  -1.0972990e-03
   1.4513838e-01   2.3152978e-01   2.0458706e+00   2.7587094e-03   3.3265081e-03  -5.4835258e-04
   1.4926724e-01   2.0502566e-01   2.0399116e+00   1.7725004e-03   3.2720285e-03  -4.5077308e-04
   1.3333187e-01   2.2796348e-01   2.0583310e+00   2.2462722e-03   3.2715146e-03  -7.9762879e-04
   1.1741986e-01   2.1746665e-01   2.0645931e+00   3.5971088e-03   4.2940221e-03  -3.9136503e-04
   1.3727242e-01   2.1910491e-01   2.0392290e+00   2.4736770e-03   4.9691707e-03  -5.7695056e-04
   1.3142413e-01   2.5802125e-01   1.9433156e+00   3.7967731e-03   4.8062756e-03  -9.1858161e-04
   1.3539475e-01   2.4966394e-01   1.9691026e+00   3.5754539e-03   4.5986356e-03  -6.8166528e-04
   1.3921269e-01   2.4833253e-01   2.0362686e+00   3.8105441e-03   4.0504808e-03  -9.5184556e-04
   1.3897803e-01   2.4092387e-01   2.0753602e+00   3.6940081e-03   3.6342752e-03  -7.8711073e-04
   1.3333264e-01   2.5079873e-01   2.0723187e+00   3.8237601e-03   3.3802539e-03  -1.0485608e-03
   1.3181239e-01   2.6089187e-01   2.0620359e+00   3.4198529e-03   3.0610920e-03  -8.8284451e-04
   1.3127800e-01   2.5651488e-01   2.0740831e+00   3.6213566e-03   2.9819822e-03  -9.3558539e-04
   1.3829494e-01   2.3287993e-01   2.0561932e+00   3.1967343e-03   3.2881161e-03  -7.6612256e-04
   1.3326342e-01   2.4894234e-01   2.0927706e+00   4.0162614e-03   3.3131786e-03  -1.0780230e-03
   1.3279487e-01   2.5442302e-01   2.0779421e+00   3.5055423e-03   3.1304847e-03  -7.4903075e-04
   1.3515910e-01   2.4963920e-01   2.0923850e+00   3.5890310e-03   3.2986530e-03  -9.3530131e-04
   1.2860141e-01   2.4169861e-01   2.1185820e+00   3.8830046e-03   3.1345706e-03  -7.9746051e-04
   1.3171807e-01   2.3004779e-01   2.1230513e+00   3.2059514e-03   3.2192226e-03  -8.5883491e-04
   1.4621893e-01   2.6001816e-01   2.1495546e+00   3.5903427e-03   3.0448160e-03  -8.4586615e-04
   1.3687462e-01   2.5477618e-01   2.1535694e+00   4.2596417e-03   3.1767178e-03  -6.1648990e-04
   1.3151229e-01   2.7075280e-01   2.1452175e+00   3.5808995e-03   3.0404887e-03  -6.0886453e-04
   1.3016672e-01   2.3782664e-01   2.1294826e+00   3.2544049e-03   2.8660585e-03  -9.1512317e-04
   1.4644639e-01   2.6009584e-01   2.1529318e+00   3.8901422e-03   3.3928376e-03  -9.5073448e-04
   1.3351287e-01   2.4904521e-01   2.1314711e+00   3.1161940e-03   3.1119549e-03  -6.5698486e-04
   1.3920122e-01   2.6986702e-01   2.1516152e+00   3.6516728e-03   2.9390347e-03  -8.8498937e-04
   1.3678593e-01   2.6683582e-01   2.1456159e+00   3.0876124e-03   3.1446297e-03  -8.0780082e-04
   1.6154150e-01   2.7503447e-01   2.1380639e+00   3.2467696e-03   3.6604894e-03  -1.0262926e-03
   1.5382075e-01   2.4666788e-01   2.1696048e+00   3.6479564e-03   3.7007886e-03  -1.8239117e-04
   1.1592543e-01   2.3003182e-01   2.1853289e+00   2.9753546e-03   2.9056207e-03  -3.2653312e-04
   1.4526541e-01   2.4217980e-01   2.2104711e+00   3.4661704e-03   3.2605071e-03  -9.8676291e-04
   1.4105118e-01   2.7198373e-01   2.2196235e+00   3.7548294e-03   3.3347386e-03  -5.8047355e-04
   1.4137920e-01   2.6518547e-01   2.2336742e+00   3.9689104e-03   3.2302462e-03  -6.8909729e-04
   1.3645249e-01   2.4837234e-01   2.1988861e+00   3.4095249e-03   3.0006424e-03  -7.4251210e-04
   1.5451270e-01   2.3272411e-01   2.2115350e+00   3.3776561e-03   4.8738752e-03  -7.0987864e-04
   1.6590047e-01   2.4587569e-01   2.2229547e+00   4.2851685e-03   4.6473839e-03  -8.4872991e-04
   1.5291371e-01   2.5156958e-01   2.2478720e+00   4.1874451e-03   4.3845708e-03  -6.7571774e-04
   1.5195488e-01   2.4500462e-01   2.2352985e+00   3.8362431e-03   4.5869019e-03  -5.6540464e-04
   1.4949981e-01   2.4998971e-01   2.2390335e+00   3.9533970e-03   3.9009758e-03  -7.9251198e-04
   1.5294786e-01   2.5457528e-01   2.2296540e+00   3.5663486e-03   3.7382499e-03  -8.9000001e-04
   1.5524776e-01   2.6961775e-01   2.2632788e+00   4.8004152e-03   3.6770649e-03  -5.3810900e-04
   1.5322123e-01   2.6239142e-01   2.2345003e+00   3.5245139e-03   3.7546093e-03  -4.1424399e-04
   1.6533772e-01   2.4729917e-01   2.2585024e+00   4.2423808e-03   3.9117365e-03  -9.7662361e-04
   1.4584273e-01   2.4773404e-01   2.2883707e+00   4.7208954e-03   3.7171120e-03  -6.1388149e-04
   1.5541008e-01   2.3938808e-01   2.2411598e+00   3.4021541e-03   3.5019962e-03  -9.1685403e-04
   1.5204821e-01   2.6125939e-01   2.2525485e+00   3.9618235e-03   3.4617794e-03  -6.2415367e-04
   1.0060175e-01   2.5148815e-01   2.2653405e+00   7.3365771e-03   2.6465094e-03  -1.3925158e-03
   1.5905885e-01   2.1459007e-01   2.2339313e+00   3.8751358e-03   5.0151546e-03   2.4819359e-04
   1.6682293e-01   2.2039093e-01   2.2214300e+00   6.0062394e-03   5.5050229e-03   5.4945230e-04
   2.0816836e-01   1.8628791e-01   2.1098074e+00   2.6527906e-03   5.9876064e-03   2.3925777e-04
   1.3127788e-01   1.7968405e-01   2.0932848e+00   4.2223651e-03   5.0659718e-03  -9.1879681e-04
   1.4432879e-01   2.2019482e-01   2.2933032e+00   5.1607611e-03   5.1549733e-03   4.1451785e-04
   1.6787103e-01   2.8213164e-01   2.3168191e+00   4.0094268e-03   3.7548517e-03  -7.0426387e-04
   1.7900231e-01   2.7327800e-01   2.3152678e+00   3.6715279e-03   4.4377358e-03  -7.4983301e-04
   1.7270941e-01   2.9025709e-01   2.3705640e+00   4.8860286e-03   4.1620268e-03  -3.7961063e-04
   1.6429173e-01   2.9480010e-01   2.3640969e+00   4.7301765e-03   4.5950688e-03  -3.8622802e-04
   1.7960351e-01   3.0028407e-01   2.3918358e+00   5.0966003e-03   4.4702818e-03  -6.9675193e-04
   1.8370803e-01   2.9599178e-01   2.4110765e+00   5.8119149e-03   4.5003117e-03  -7.2654126e-04
   1.6949286e-01   2.8551556e-01   2.4210563e+00   5.9796956e-03   4.5386841e-03  -7.9320305e-04
   1.8529919e-01   3.0653343e-01   2.4095020e+00   5.3523865e-03   4.8319024e-03  -8.5332212e-04
   1.8160217e-01   3.0934982e-01   2.3910786e+00   4.8201590e-03   4.6609054e-03  -8.1039824e-04
   1.8189184e-01   2.9946264e-01   2.4223287e+00   5.6316983e-03   4.6340268e-03  -7.0325580e-04
   1.6725129e-01   3.0110792e-01   2.3993980e+00   4.7028546e-03   4.3129206e-03  -4.7931428e-04
   1.7981708e-01   2.9958980e-01   2.4269676e+00   5.4947843e-03   4.5534328e-03  -1.1336744e-03
   1.7302259e-01   2.8786448e-01   2.4402682e+00   5.4580420e-03   4.1524546e-03  -1.0068075e-03
   1.7369692e-01   2.7784213e-01   2.4114480e+00   4.8352940e-03   4.2716622e-03  -1.0041340e-03
   1.7186110e-01   2.7811634e-01   2.4629448e+00   6.0482282e-03   4.0814661e-03  -8.4523868e-04
   1.7639200e-01   2.6896179e-01   2.4594698e+00   5.5681951e-03   4.2307651e-03  -9.7934545e-04
   1.8405788e-01   2.8944877e-01   2.4578497e+00   5.0895630e-03   4.5569568e-03  -4.2146952e-04
   1.6484361e-01   2.8669627e-01   2.4630118e+00   5.5370265e-03   3.7541278e-03  -7.3230783e-04
   1.6366188e-01   2.9156062e-01   2.4784990e+00   6.4106415e-03   3.7041220e-03  -5.9249289e-04
   1.7885299e-01   2.7965239e-01   2.4705440e+00   5.7815241e-03   4.6085859e-03  -4.0417688e-04
   1.6712050e-01   3.0080571e-01   2.4910903e+00   6.2696605e-03   4.0595657e-03  -6.7738282e-04
   1.6773266e-01   2.8070053e-01   2.4883265e+00   5.5723256e-03   4.1108478e-03  -6.5825325e-04
   1.7337823e-01   2.9962071e-01   2.4776126e+00   6.0747160e-03   4.1287438e-03  -7.2508222e-04
   1.8691927e-01   2.9649514e-01   2.4750123e+00   5.5210827e-03   4.4299319e-03  -5.9599478e-04
   7.4721124e-02   2.5561863e-01   2.2730333e+00   4.9195875e-03   3.4782553e-03  -8.7366103e-04
   1.1423251e-01   2.4266120e-01   2.1675627e+00   3.4255427e-03   4.9473095e-03  -9.1855761e-04
   8.9926939e-02   2.4319780e-01   2.2102843e+00   1.1201701e-02   7.5383733e-03  -2.8864642e-04
   7.4549009e-02   2.6029392e-01   2.2293699e+00   8.5305793e-03   4.0258533e-03  -8.9086610e-06
   1.1719788e-01   2.8548806e-01   2.3416221e+00   7.5242490e-03   4.2649776e-03  -9.3605174e-04
   1.3842979e-01   2.8404961e-01   2.3798006e+00   7.5682674e-03   4.9750490e-03  -9.3471626e-04
   1.2219098e-01   3.1493459e-01   2.3964417e+00   8.1040228e-03   4.2516321e-03  -8.7941912e-04
   1.2947766e-01   3.0632311e-01   2.4036786e+00   8.2676202e-03   4.5400826e-03  -8.2743657e-04
   1.3188746e-01   3.3429693e-01   2.4153899e+00   8.1068869e-03   4.5503533e-03  -5.3256169e-04
   1.5081157e-01   3.2006131e-01   2.3940433e+00   7.7675410e-03   4.7071954e-03  -1.0104514e-03
   1.4696363e-01   3.1718710e-01   2.4099348e+00   7.8661915e-03   4.8401031e-03  -1.1973696e-03
   1.3362439e-01   3.0712291e-01   2.4108827e+00   7.4078179e-03   4.4420498e-03  -1.1116399e-03
   1.3123067e-01   3.0208067e-01   2.4226222e+00   7.7228329e-03   4.5643242e-03  -7.9746889e-04
   1.4191627e-01   3.1076050e-01   2.4242198e+00   7.6225984e-03   4.0569879e-03  -1.2838241e-03
   1.4169709e-01   3.0578194e-01   2.4312495e+00   8.0627058e-03   4.1285839e-03  -9.8148781e-04
   1.4366149e-01   3.3240077e-01   2.4432609e+00   7.7261736e-03   4.5983379e-03  -1.2777514e-03
   1.0888336e-01   2.8178675e-01   2.4892279e+00   1.0307071e-02   5.1438836e-03  -1.1929601e-03
   1.3571475e-01   2.6243797e-01   2.5167314e+00   3.8145653e-03   6.6172299e-03  -2.1629488e-04
   1.4764153e-01   2.3285145e-01   2.5020996e+00   2.7816567e-03   5.4243056e-03   2.1068538e-04
   8.8831202e-02   2.5001244e-01   2.5842694e+00   3.3644274e-03   5.9460709e-03  -6.9817309e-04
   9.8891870e-02   3.4356889e-01   2.6296369e+00   4.0985596e-03   5.5006510e-03  -4.0324396e-04
   1.1016357e-01   3.4799843e-01   2.5913342e+00   4.5832795e-03   5.4294131e-03  -2.5329519e-04
   1.1961995e-01   3.2869980e-01   2.5718652e+00   5.7055384e-03   5.4432089e-03  -4.4294290e-04
   1.0150703e-01   3.5246622e-01   2.5979579e+00   6.3292727e-03   5.0290927e-03  -4.2437508e-04
   1.0878006e-01   3.4459086e-01   2.5710217e+00   5.8778473e-03   5.0452599e-03  -2.5051507e-04
   1.1179894e-01   3.6775915e-01   2.5894439e+00   6.0135326e-03   5.2406354e-03  -3.3591021e-04
   1.2142910e-01   3.6153393e-01   2.5772200e+00   5.9527255e-03   5.3208837e-03  -5.1661201e-04
   1.2451415e-01   3.5073648e-01   2.5823868e+00   5.7228779e-03   5.0548018e-03  -9.5416505e-04
   1.1389908e-01   3.6850759e-01   2.5840107e+00   5.5803941e-03   5.0321069e-03  -5.8801540e-04
   1.0905675e-01   3.5392820e-01   2.6232596e+00   6.4529236e-03   4.9977212e-03  -3.4870589e-04
   1.2379062e-01   3.7098246e-01   2.6277561e+00   6.2154662e-03   4.9611996e-03  -6.4706904e-04
   1.2110208e-01   3.3607026e-01   2.6303824e+00   6.3328643e-03   5.0310632e-03  -6.5897172e-04
   1.2301780e-01   3.4848551e-01   2.6428170e+00   6.2693924e-03   4.7908309e-03  -6.9180283e-04
   1.1182974e-01   3.5868755e-01   2.6563010e+00   6.4650345e-03   4.7719031e-03  -3.3653298e-04
   1.0713765e-01   3.4936415e-01   2.6498927e+00   6.1671707e-03   4.8943723e-03  -2.1005375e-04
   1.2869665e-01   3.4070627e-01   2.6569794e+00   5.8812005e-03   5.1890706e-03  -7.9245293e-04
   1.2172774e-01   3.8416812e-01   2.6685427e+00   6.0581567e-03   5.2117202e-03  -7.6561884e-04
   1.3323427e-01   3.7664309e-01   2.6476051e+00   5.8621777e-03   5.3299928e-03  -6.8250380e-04
   1.2484712e-01   3.6504079e-01   2.6625238e+00   6.0797858e-03   5.3056523e-03  -3.0048486e-04
   1.3251270e-01   3.6682137e-01   2.6917263e+00   6.4697315e-03   5.5126469e-03  -3.0882603e-04
   1.3004541e-01   3.7014080e-01   2.6795336e+00   6.4830164e-03   5.3180397e-03  -1.5137746e-04
   1.4006140e-01   3.6622301e-01   2.7068376e+00   6.9527576e-03   5.0231065e-03  -8.2276676e-04
   1.2900572e-01   3.6445700e-01   2.6793144e+00   5.6844029e-03   5.0743847e-03  -5.4204459e-04
   1.2685230e-01   3.7211040e-01   2.7326789e+00   6.6232120e-03   4.9585232e-03  -9.9543895e-05
   1.1755940e-01   3.3115328e-01   2.7174182e+00   5.1419529e-03   4.8963234e-03  -6.1010750e-05
   1.3776915e-01   3.5721829e-01   2.7414522e+00   6.4116258e-03   5.2112972e-03  -2.6924133e-04
   1.2618983e-01   3.6126858e-01   2.7601863e+00   5.4482728e-03   5.4526822e-03  -1.0773319e-04
   1.0249985e-01   3.7416397e-01   2.7468442e+00   6.3043049e-03   4.8371212e-03  -7.2521103e-04
   1.2093178e-01   3.6708782e-01   2.7521454e+00   6.1652132e-03   4.6231952e-03  -4.7547650e-04
   1.2558931e-01   3.8231458e-01   2.7488080e+00   5.9027893e-03   4.8055689e-03  -2.7326784e-04
   1.1543319e-01   3.6984018e-01   2.7137488e+00   5.2544241e-03   3.8930514e-03  -6.8900742e-04
   1.3059318e-01   3.4843294e-01   2.8099282e+00   5.8973391e-03   5.8203520e-03   3.1025604e-04
   1.1604154e-01   3.6160447e-01   2.7654348e+00   6.6377287e-03   4.7099364e-03   5.2063238e-04
   1.4624644e-01   3.5286957e-01   2.7907686e+00   6.9213731e-03   4.5987360e-03  -3.2262367e-04
   1.5166076e-01   3.6357788e-01   2.8005459e+00   6.3881002e-03   5.1198587e-03  -2.6085002e-04
   1.5094311e-01   3.7515034e-01   2.7917327e+00   6.2484999e-03   4.6018988e-03  -2.1830060e-05
   1.5660552e-01   3.7219898e-01   2.7684954e+00   5.7725739e-03   4.6666256e-03  -3.7420122e-04
   1.5025554e-01   3.8876520e-01   2.7813148e+00   6.0403672e-03   4.6548656e-03  -3.6780134e-04
   1.5279097e-01   3.6456234e-01   2.7782696e+00   5.6626636e-03   4.8502618e-03  -3.8422089e-04
   1.4095590e-01   3.8874053e-01   2.8053079e+00   5.6246980e-03   4.4439709e-03  -1.6884453e-04
   1.5705513e-01   3.7273786e-01   2.8204348e+00   6.7230675e-03   4.8749127e-03  -3.2161787e-04
   1.5348448e-01   3.9003649e-01   2.8128126e+00   6.4337142e-03   4.6906416e-03  -3.2962137e-04
   1.4241527e-01   3.8863973e-01   2.7945862e+00   5.5954555e-03   4.9459066e-03   2.6626827e-05
   1.5381942e-01   3.6396214e-01   2.8007793e+00   5.6967189e-03   4.5626656e-03  -4.3205409e-05
   1.6355552e-01   3.9154109e-01   2.8157424e+00   5.6775799e-03   4.5911444e-03  -5.1597619e-04
   1.4465871e-01   4.0286850e-01   2.8378104e+00   5.8824456e-03   4.3059283e-03  -1.4092110e-04
   1.5382635e-01   3.7280230e-01   2.8203112e+00   5.7290458e-03   5.0653364e-03  -2.2349221e-05
   1.5622878e-01   3.7603194e-01   2.8290226e+00   6.0429283e-03   5.0441104e-03  -2.3653407e-04
   1.5952347e-01   3.8005246e-01   2.8521978e+00   6.0142471e-03   4.9425888e-03  -4.1567704e-04
   1.4911253e-01   3.8991990e-01   2.8264899e+00   5.6174211e-03   4.6641673e-03  -7.6754754e-05
   1.6240607e-01   3.6743124e-01   2.8258047e+00   5.7413356e-03   4.4437955e-03  -6.0035007e-04
   1.5050478e-01   3.7947381e-01   2.8496831e+00   6.3248035e-03   4.8777136e-03  -7.0811728e-05
   1.6926742e-01   3.8343537e-01   2.8825918e+00   6.6348697e-03   5.5686988e-03  -7.2560045e-06
   1.4756996e-01   3.7883186e-01   2.8768001e+00   6.2653736e-03   4.9380701e-03  -2.0275358e-04
   1.4735799e-01   3.7970800e-01   2.8702176e+00   5.6828995e-03   4.8054884e-03  -2.6125089e-04
   1.4516310e-01   3.9167659e-01   2.8895883e+00   6.3064502e-03   4.5511547e-03  -9.9733442e-05
   1.5282413e-01   3.8079588e-01   2.8888906e+00   6.1987071e-03   4.6122802e-03  -5.4700555e-04
   1.5922882e-01   3.9499970e-01   2.8922956e+00   6.2699732e-03   4.9229885e-03  -2.5651809e-04
   1.4397526e-01   3.6367989e-01   2.8833289e+00   5.9479374e-03   4.8133926e-03   4.4091816e-05
   1.5778319e-01   3.9427799e-01   2.9067130e+00   6.7007421e-03   5.0426489e-03  -4.2918835e-04
   1.6779001e-01   3.9152957e-01   2.8673701e+00   5.4495370e-03   4.8598300e-03  -6.7191168e-04
   1.4905207e-01   3.9066982e-01   2.9114807e+00   7.0470159e-03   4.8026198e-03  -1.1588536e-04
   1.5171132e-01   3.6991212e-01   2.9073855e+00   6.5389180e-03   5.1664619e-03  -1.9331446e-04
   1.4784598e-01   3.9391808e-01   2.9190564e+00   7.0968709e-03   4.9896212e-03  -1.0671286e-04
   1.4768216e-01   3.7763718e-01   2.9044877e+00   6.3335822e-03   5.0154820e-03  -2.8855263e-04
   1.4807076e-01   3.7841085e-01   2.9146089e+00   6.6007531e-03   4.5823587e-03  -1.6382560e-04
   1.5186819e-01   4.0363573e-01   2.9204586e+00   6.9730565e-03   4.6245123e-03  -3.4291215e-04
   1.6067317e-01   3.9915459e-01   2.9231441e+00   7.1816289e-03   4.6526977e-03  -4.2212745e-04
   1.6448553e-01   3.9465881e-01   2.9510891e+00   7.3739925e-03   5.1509669e-03  -3.2756773e-04
   1.7119452e-01   3.7886370e-01   2.9225105e+00   6.4172747e-03   5.6888774e-03   6.2589959e-06
   1.6924572e-01   3.9740744e-01   2.9354337e+00   6.1826761e-03   5.0294099e-03  -6.1701041e-04
