   0.0000000e+00  -1.4210855e-14   0.0000000e+00   0.0000000e+00   0.0000000e+00   0.0000000e+00
  -1.9100137e-02   3.8137418e-02   3.4414624e-03  -4.2354346e-04  -6.3795296e-04   8.7858335e-04
  -1.1608088e-02   5.4719592e-02  -7.4183248e-03  -6.2490705e-04  -4.9806970e-04   5.4810397e-04
  -2.5985140e-03   4.3943726e-02   8.4410888e-03  -4.7881903e-04  -1.6693491e-04   2.6512524e-04
  -4.8552172e-03   6.4194986e-02  -1.8256898e-02  -1.2899800e-03  -2.8020723e-04   4.2450072e-04
  -6.9053155e-03   5.1894395e-02  -3.2679311e-02  -1.0247206e-03  -3.7856341e-04   2.5496979e-04
   3.3309785e-03   4.1339496e-02  -2.3292110e-02  -3.9358291e-04   4.6099195e-05   2.9691005e-04
  -1.3487494e-02   4.1197798e-02  -5.2118750e-02  -5.3571040e-04  -2.7170786e-04   6.7954046e-04
   1.1595271e-03   1.4851125e-02  -6.4579693e-02  -6.8986023e-04   1.4302376e-04   2.6843867e-04
  -2.2314011e-04   3.1290511e-02  -4.6660382e-02  -3.1305943e-04   7.9079812e-05   3.4787799e-04
  -1.4455647e-02   2.7006750e-02  -2.0549335e-02   3.7259420e-04  -3.9531419e-04   5.9395649e-04
  -3.6028707e-02   4.3982487e-02  -6.4950276e-02  -2.2727060e-04  -2.5284584e-04   7.5716705e-04
   8.4471718e-04   2.0632827e-02  -3.9070661e-02  -2.0848490e-05   8.5359524e-05   4.1769952e-04
  -2.1209712e-02   2.9176155e-02  -4.0541757e-02   4.2822292e-04  -3.5376272e-04   8.0947885e-04
  -7.3598429e-03   3.8001507e-02  -6.5769578e-02  -2.9730208e-04   3.6155704e-04   6.0100705e-04
  -3.9573311e-03   2.4137903e-02  -8.2807436e-02  -4.7605106e-04   4.8170049e-04   4.0317405e-04
  -1.0521354e-02   1.8390277e-02  -9.2087730e-02  -2.9761119e-04  -5.2116862e-05   5.3183358e-04
  -1.7613804e-02   2.0978520e-02  -8.5924547e-02  -4.6933908e-04   2.3911947e-04   9.7536295e-04
  -1.3491239e-02  -6.7648070e-03  -7.7727272e-02   4.2799674e-05   4.7598322e-04   4.2445107e-04
  -7.7887325e-02   5.1770599e-02  -8.6838136e-02  -1.9410074e-04   4.2621703e-04   2.2681769e-03
  -1.2472217e-02   2.4278637e-02  -7.7960205e-02  -4.2122059e-04   3.7161084e-05   6.4470568e-04
  -7.9956807e-03   3.0654993e-02  -8.7680903e-02  -2.6569782e-04   1.0228719e-04   3.6351422e-04
  -1.8564517e-02   4.7681899e-02  -9.0039086e-02  -2.1063298e-04   3.9046038e-04   5.1211875e-04
   1.2500583e-03   6.7419837e-02  -8.9392223e-02  -2.7177967e-04   3.5750297e-04  -1.0166341e-04
  -2.7582799e-02   4.1939404e-02  -8.5443136e-02  -5.3514033e-04  -3.5048725e-05   6.5135592e-04
  -1.0338616e-02   7.3835499e-02  -6.8531496e-02  -4.8657519e-05   5.3560724e-04  -3.7829085e-05
  -1.1964887e-02   4.3337345e-02  -7.0706207e-02   5.6303549e-04   3.8164033e-04   4.4640351e-04
  -2.2057405e-02   3.7163019e-02  -9.4345205e-02   6.7639746e-05   4.2130784e-04   7.1368862e-04
  -1.0300085e-02   8.0529792e-02  -8.1215711e-02   9.3715705e-04   3.8619043e-04   3.5003157e-05
  -2.3393950e-02   5.0155443e-02  -7.0841184e-02   1.0110782e-03   2.8777768e-05   1.6094023e-04
  -9.1674812e-03   9.2178101e-02  -9.2945601e-02   2.1254115e-04   9.0305310e-04  -7.7954751e-05
  -2.1500931e-02   9.7203953e-02  -6.9046801e-02   7.5591268e-04   9.4122707e-04   4.4159571e-04
  -1.1388623e-02   7.3296175e-02  -6.6081644e-02   9.3543674e-04   4.5984573e-04  -4.3507020e-04
  -5.6961309e-03   6.5574064e-02  -9.7296748e-02   8.2012502e-04   4.0905311e-04  -2.0257117e-04
  -1.3873149e-02   9.0890495e-02  -5.0122460e-02   1.2650485e-03   7.7478599e-04  -6.6427367e-05
  -3.7514968e-02   5.9311484e-02  -1.0192671e-01   1.9315375e-04   3.9389997e-05   4.2970302e-04
  -8.3247045e-03   8.9500557e-02  -7.9688794e-02   1.2731934e-03   1.4954668e-04  -1.0867169e-04
   1.0591441e-02   8.1935341e-02  -4.1305794e-02   2.3467621e-03   1.2369336e-03  -1.8068526e-04
   1.5038760e-02   2.3932847e-02  -6.9751200e-02   2.2493514e-04   6.2629907e-04  -5.2201024e-04
  -6.0122498e-03   9.5453153e-02  -1.9857269e-02   1.0161665e-03   6.8344191e-04  -9.9295922e-05
  -2.1492221e-02   5.9813677e-02  -1.4191660e-02   8.3825282e-04   7.2986889e-04   4.6960738e-04
  -1.1853893e-02   9.0350630e-02  -5.0582392e-02  -5.2858431e-04   7.0398493e-04   3.6602639e-04
  -1.7435539e-02   7.4534373e-02  -1.6057959e-02   2.3878937e-04   6.1003037e-04   1.6817587e-04
  -2.3172925e-02   7.5312873e-02  -4.4805013e-02   1.0456908e-03   8.8232311e-04   3.9089525e-04
   1.6737385e-02   1.5947307e-01  -4.8751707e-02  -2.3663131e-04   5.2380447e-04  -1.6708070e-03
  -2.3952502e-02   1.2761073e-01  -4.6657672e-02   5.2359953e-05   9.7714251e-04  -2.2664284e-04
  -1.5890293e-03   8.7593949e-02  -3.5800278e-02  -6.2655961e-05   1.2233120e-03  -6.6961244e-04
  -3.6264476e-02   9.9094195e-02  -1.7870152e-02   2.5853852e-04   3.9166943e-04   1.9142866e-06
  -1.2932841e-02   1.1758333e-01  -2.2711086e-02  -4.1979530e-04   1.0025940e-03  -5.5680725e-04
  -1.8759767e-02   1.0329881e-01  -1.1302685e-02   8.0757691e-04   7.4887678e-04   7.7212965e-05
  -1.4143761e-02   1.0955775e-01  -2.8627230e-02   1.5992702e-04   9.0827734e-04  -2.5732029e-04
   4.4408747e-03   1.0581102e-01  -2.6996823e-02   1.8547046e-03   1.5760585e-03  -5.4458668e-04
  -6.2794000e-03   6.6795844e-02  -4.9008312e-02   1.8397914e-04   1.9373143e-03  -7.1085290e-05
   1.6076649e-02   7.1678845e-02   7.8474894e-04   6.8893849e-04   1.7335805e-03  -6.7487477e-04
  -1.2902638e-02   4.9426826e-02   1.2219261e-02   4.1717960e-04   1.0491321e-03  -2.4735449e-04
  -1.8616991e-02   7.4229679e-02  -2.8377212e-02  -3.1122127e-04   1.6255010e-03   3.0901016e-04
  -2.2332785e-02   7.4373716e-02  -5.2676736e-02  -7.6312657e-04   1.4461100e-03   3.0692039e-04
  -7.0862427e-03   7.6698646e-02  -2.5552463e-02  -3.2365037e-04   9.2871309e-04  -5.0111997e-05
  -1.3088206e-02   7.2915016e-02  -5.4642864e-02  -1.3848411e-03   1.7194821e-03   4.6247104e-04
  -4.3939481e-02   8.2361996e-02  -2.6773433e-02  -7.0779325e-04   1.3566735e-03   9.5459685e-04
  -1.6441993e-02   1.1095498e-01  -2.5183083e-02  -9.0642159e-04   2.4618885e-03   1.7223762e-04
   1.5001552e-02   9.3941188e-02  -1.5088505e-02   1.7054977e-03   1.7180331e-03  -5.6514962e-04
   3.9027973e-03   8.1696967e-02  -3.2927488e-02   1.1798114e-04   1.2424884e-03  -6.3749600e-04
  -2.9150568e-03   1.2475844e-01  -1.7786188e-03   6.7211359e-04   1.8766433e-03  -5.5900157e-04
   1.2794576e-02   1.2891108e-01   4.1614333e-02   2.9775375e-03   1.4774425e-03  -6.9328140e-04
   1.7239006e-02   1.3293093e-01   3.5884343e-02   8.9096528e-04   1.4908547e-03  -1.0158329e-03
  -1.8677964e-02   1.1873043e-01   8.6457339e-02   1.0257694e-03   1.1923398e-03  -5.3643838e-04
  -1.5697296e-02   1.3433782e-01   6.8505673e-02   6.5532457e-04   9.3731972e-04  -2.1571859e-04
  -2.0914278e-02   1.4961597e-01   5.1347418e-02   1.2396988e-05   1.1368794e-03  -2.5722478e-04
  -2.0208410e-02   1.1341349e-01   5.6442134e-02   1.0956408e-03   7.8682081e-04  -2.9879523e-04
  -5.6194000e-03   1.6154789e-01   5.8918978e-02   8.0285600e-04   1.2781303e-03  -7.6911893e-04
  -2.5745995e-02   1.0752988e-01   7.9723377e-02   1.0858821e-03   1.1150279e-03   1.5045580e-04
  -7.0279831e-03   1.6275046e-01   4.6629545e-02  -1.2282066e-04   1.0872829e-03  -4.4876264e-04
  -2.7019031e-02   1.3940094e-01   6.3019336e-02   9.6902964e-05   5.7004226e-04   3.1953878e-04
  -3.7050325e-02   1.1166430e-01   7.5641196e-02   1.3207272e-04   6.7697504e-04   1.9892113e-04
  -3.6947125e-02   1.3355917e-01   8.4520342e-02  -3.8372160e-05   7.6298153e-04   5.2458079e-04
  -3.0935930e-02   1.4542431e-01   7.5229655e-02  -1.3569197e-04   1.1236640e-03   1.2134463e-04
  -2.6166748e-02   1.1816753e-01   8.4053782e-02   2.8257750e-04   7.0002128e-04  -3.2660643e-05
  -6.9148975e-03   1.4070777e-01   6.1952502e-02   7.8525555e-04   1.3784538e-03  -6.6376545e-04
  -1.0715795e-02   1.4181742e-01   9.7376885e-02   2.2869436e-03   8.3224102e-04  -8.0851440e-05
  -1.1585904e-02   1.4930058e-01   1.2582094e-01   9.0425057e-04   1.2579989e-03  -3.6612496e-04
  -1.3658072e-02   1.3085777e-01   1.4170839e-01   1.1310818e-03   1.5549245e-03  -5.1441258e-04
   1.9868295e-02   1.3375982e-01   5.5099316e-02   3.1084984e-03   2.2860508e-03  -7.8951663e-04
   1.1963239e-02   1.4337521e-01   9.3612131e-02   3.7060236e-03   3.4297162e-03  -1.0010674e-03
  -4.8017939e-03   1.2710974e-01   1.0640515e-01   2.4882155e-03   2.1046155e-03  -8.6340540e-04
  -2.7964062e-02   1.6759206e-01   1.2128147e-01   1.0412427e-03   2.0689023e-03  -3.4306908e-04
  -3.0459195e-02   1.7790577e-01   1.1925166e-01   5.3951731e-04   1.6840172e-03  -2.5193570e-04
  -4.7504876e-02   1.7247705e-01   1.6426632e-01   1.2842321e-03   1.2417884e-03  -6.0323301e-04
  -3.4580538e-02   2.1349670e-01   1.8848277e-01   2.3040344e-03   1.8872480e-03  -4.1656857e-04
  -1.4491202e-02   1.8277052e-01   1.5709494e-01   6.3617667e-04   1.3204816e-03  -1.0502163e-03
  -4.0857887e-02   1.8330989e-01   1.7332827e-01   4.6672320e-05   1.4047503e-03  -1.9846943e-04
  -3.6022861e-02   2.0167836e-01   2.0601564e-01   2.0771969e-04   1.2530289e-03  -5.1284899e-04
  -5.4649935e-02   1.7648796e-01   1.7367369e-01  -8.0732726e-04   1.4937015e-03   6.5611849e-05
   4.5269013e-04   2.7178605e-01   1.8907436e-01   4.1697448e-03   1.2062248e-03  -2.1993905e-03
   1.3955656e-02   2.4757361e-01   1.8619738e-01   7.4094616e-03   2.1972202e-03  -3.1085708e-03
   1.7486168e-02   2.5374156e-01   2.0487499e-01   6.4477803e-03   3.7305214e-03  -2.5610350e-03
   1.0123882e-02   2.4686340e-01   2.3496878e-01   2.0484680e-03   2.3216963e-03  -1.8775326e-03
   2.9319512e-03   2.2650743e-01   3.0710023e-01   1.2701718e-03   2.0049938e-03  -1.7557609e-03
   8.1612106e-03   2.3740121e-01   3.2984102e-01   1.1846608e-03   2.2277634e-03  -1.9828835e-03
  -1.7853325e-02   2.1466323e-01   3.7550389e-01  -5.8261009e-04   2.3562701e-03  -5.3906139e-04
  -1.3544493e-02   2.0934289e-01   3.3289444e-01  -1.2083706e-03   1.7549656e-03  -3.0556893e-04
   1.1265902e-02   1.9163150e-01   4.0048489e-01   1.2357222e-04   2.2237612e-03  -1.2385305e-03
  -1.9581937e-02   2.0204519e-01   3.4526471e-01  -1.3960722e-03   2.0991382e-03  -6.8820365e-04
  -1.6038194e-02   2.0730136e-01   3.6952086e-01  -6.2236417e-04   1.4755717e-03  -9.6963265e-04
  -2.2090267e-02   2.1879213e-01   3.5359455e-01  -5.2656810e-04   1.3544543e-03  -9.2521339e-04
  -6.3361881e-02   8.6535671e-03   4.0755258e-01  -4.9031034e-04   9.3790114e-04   1.4294074e-04
  -2.3189077e-02   2.3742333e-01   4.1217000e-01  -9.0808248e-04   1.4491857e-03  -7.2523839e-04
  -9.0123378e-03   2.8776614e-01   3.7470239e-01  -3.3289055e-03   1.3662033e-03  -1.0536024e-03
   5.1705465e-03   2.1866999e-01   4.0067163e-01   1.6123534e-04   1.8184219e-03  -8.8952866e-04
  -8.7691420e-03   1.8679043e-01   4.0436729e-01  -5.9155466e-04   1.6585373e-03  -5.1205970e-04
  -1.6823611e-02   2.3512694e-01   4.4938925e-01  -7.6363226e-05   2.1058259e-03  -4.1908178e-04
   1.9990028e-02   2.3296141e-01   4.3235133e-01  -6.3368894e-04   1.9726143e-03  -1.2282260e-03
  -2.0544749e-02   2.3845650e-01   4.2599769e-01  -1.5539686e-03   1.6802615e-03  -7.6587084e-04
   1.1385442e-02   1.9297210e-01   4.4973915e-01  -3.5963929e-04   2.0700656e-03  -7.3028936e-04
   5.9873130e-03   2.1173393e-01   4.3267104e-01  -1.2118682e-03   1.9785268e-03  -5.6731362e-04
  -3.9073633e-02   2.1085322e-01   4.4864410e-01  -1.1684675e-03   1.5880370e-03   1.3319473e-04
   3.4072205e-03   2.0832602e-01   4.5850703e-01  -9.9778753e-04   1.3400866e-03  -6.3755217e-04
   1.3597445e-03   2.1303281e-01   4.3303449e-01  -1.3795008e-03   1.2603410e-03  -6.2110628e-04
   2.3297179e-04   2.0515818e-01   4.6652051e-01  -1.7218852e-03   1.7549776e-03  -5.6227649e-04
  -8.0524159e-02   2.0545377e-01   4.4381343e-01  -3.0175222e-04   1.4092798e-03   5.1615689e-04
  -1.3814660e-02   2.0644580e-01   4.8468606e-01  -1.0984353e-03   1.5056971e-03  -6.7825672e-04
  -1.1246719e-02   2.0726927e-01   4.9712478e-01  -1.4243665e-04   1.8827749e-03  -2.1602852e-04
   2.6842679e-02   2.2627916e-01   5.0000963e-01   1.9810594e-04   1.7014047e-03  -1.3547405e-03
   3.4847598e-03   2.1249515e-01   4.9591418e-01  -3.5450162e-04   1.2706719e-03  -9.7323018e-04
   3.7723399e-03   2.2518207e-01   4.9940646e-01  -5.8566494e-04   1.9458273e-03  -7.2845377e-04
  -1.9748707e-02   2.5020895e-01   5.2595538e-01  -9.5073154e-04   2.1091218e-03  -2.3127047e-04
   2.7936187e-02   2.2149539e-01   5.1156252e-01  -8.9577634e-05   2.4418220e-03  -1.5330326e-03
   1.2996260e-02   2.3394571e-01   5.2292730e-01  -8.5127765e-04   2.3594888e-03  -1.1542037e-03
  -8.1370148e-04   2.2684266e-01   5.2549847e-01  -8.7857892e-04   2.0663295e-03  -7.8879065e-04
   1.9441075e-02   2.2181108e-01   5.3394866e-01  -7.4039786e-04   1.8469051e-03  -1.4185298e-03
   3.3522667e-03   2.3897496e-01   5.5073560e-01  -5.2054344e-04   1.7881301e-03  -6.9873332e-04
   2.4393253e-02   2.0997202e-01   5.1882119e-01  -1.2038827e-03   1.9013423e-03  -9.5053375e-04
   1.4038965e-02   2.5587722e-01   5.1753803e-01  -1.0005029e-03   2.1275649e-03  -1.4326453e-03
  -1.4529412e-02   2.3449141e-01   5.5591985e-01   2.8275862e-04   1.8094306e-03  -1.8200257e-04
  -2.4208989e-03   2.3160654e-01   5.5801147e-01  -4.3772353e-04   1.9303743e-03  -6.3231368e-04
  -1.1107511e-02   2.8321852e-01   6.1482056e-01  -3.0760369e-04   2.6038125e-03  -3.2800290e-04
  -3.5281257e-03   2.7630026e-01   5.7669897e-01  -1.6163092e-03   1.8311820e-03  -4.6636525e-04
   3.2917559e-02   2.6898586e-01   5.8021021e-01  -1.2127203e-03   2.7077442e-03  -7.1612454e-04
   3.3639605e-02   2.2697343e-01   5.7302248e-01   1.0529008e-03   2.8440143e-03  -1.1558119e-03
   2.7541268e-02   2.5571088e-01   5.8561548e-01  -5.6229967e-04   2.9123788e-03  -1.2113742e-03
   1.1265941e-02   2.4984106e-01   6.1547333e-01  -1.4114284e-03   2.2818244e-03  -7.2966044e-04
   2.1188767e-02   2.6634748e-01   6.0814119e-01  -1.4798714e-03   2.5030281e-03  -6.7492910e-04
   2.1498541e-02   3.0111925e-01   6.1943066e-01  -9.5516650e-04   2.9380139e-03  -1.3506972e-03
   2.1742519e-02   2.8466225e-01   6.3230457e-01  -7.6874315e-04   2.0443858e-03  -1.0703581e-03
   1.4932319e-02   3.1530441e-01   6.4900332e-01  -1.0341779e-03   2.2347986e-03  -6.7939998e-04
   4.7507062e-02   2.7706754e-01   6.5403966e-01  -3.8917760e-04   2.6342280e-03  -1.3051729e-03
   3.6123325e-02   3.0334472e-01   7.0284937e-01  -3.3142742e-04   2.0162920e-03  -1.4197757e-03
   2.8020690e-02   2.4598823e-01   6.7452145e-01  -2.6531614e-04   2.3008333e-03  -1.0768932e-03
   2.9934852e-02   2.9208380e-01   6.9823422e-01  -5.8000492e-04   3.2088602e-03  -1.3372463e-03
  -1.2201651e-03   3.0261334e-01   6.8593402e-01   3.9125650e-04   2.4052037e-03  -2.8542412e-04
   3.6481642e-02   2.6681616e-01   6.9155627e-01  -6.3851365e-04   2.4151179e-03  -1.0130047e-03
   4.8594358e-03   2.6796776e-01   7.2186701e-01  -5.4576317e-04   2.7589998e-03  -3.8203720e-04
   1.8145638e-02   2.8357402e-01   7.3070600e-01   9.3883241e-06   2.2485949e-03  -7.1127699e-04
   2.8487753e-02   2.8692317e-01   7.2638424e-01  -9.5892834e-04   3.2304828e-03  -8.4818534e-04
   1.9070493e-02   2.7893465e-01   7.3753389e-01  -1.4830058e-03   3.0913600e-03  -4.7824033e-04
   4.5735847e-03   2.7884890e-01   7.2245208e-01  -1.0562673e-03   2.4445745e-03  -6.3511404e-05
   1.1188161e-02   2.7265931e-01   7.6501785e-01  -1.1831137e-03   2.5254384e-03  -2.0857813e-04
   2.2272911e-02   3.0622009e-01   7.3408615e-01  -1.7788038e-03   2.7824866e-03  -1.6200002e-04
  -8.3479728e-02   3.8440635e-01   8.0747208e-01   7.5703682e-04   2.9365546e-03   2.2431663e-03
   1.8189529e-02   3.1309760e-01   7.7270043e-01  -1.5461994e-03   2.8843278e-03  -2.8458403e-04
   3.3492237e-02   2.8502696e-01   7.8256133e-01  -4.3128081e-04   2.5078933e-03  -6.9450655e-04
   3.9641845e-02   2.3074687e-01   2.4468208e-01   8.5047916e-03   3.9008738e-03  -3.0712445e-03
   1.0306485e-01  -1.5961714e-02  -2.3916420e-01   3.3930974e-02  -4.9759448e-04  -6.2149896e-03
   1.4013150e-01   3.0559896e-02   8.4094708e-01  -2.7373274e-03   1.2906368e-02   4.9216719e-05
   1.2689292e-02   1.1043857e-01   9.2781786e-01   9.2122508e-03  -8.2082993e-03  -3.0158377e-03
  -3.2780123e-03   2.9334808e-01   9.4713339e-01   2.2346425e-03  -5.3621518e-03  -2.4675752e-03
   4.2789847e-02   3.6235687e-01   9.8009851e-01   5.0106896e-03  -4.5389653e-03  -3.4054862e-03
   4.7188169e-02   3.7615594e-01   1.0212400e+00   3.9890005e-03  -4.3855029e-03  -3.2599964e-03
   5.6825338e-02   3.9592250e-01   1.0624999e+00   3.4652119e-03  -4.2268005e-03  -3.6035623e-03
   1.2961723e-01   4.5163021e-01   9.5469602e-01   6.9457835e-03  -3.6442015e-03  -6.1644859e-03
   1.2690213e-01   4.5346108e-01   9.9777086e-01   1.1537822e-02  -2.7111912e-03  -6.5488898e-03
   1.0205316e-01   4.3765774e-01   1.0180355e+00   1.2797816e-02  -3.1084526e-03  -7.0823006e-03
   1.4296423e-01   4.4772308e-01   9.6889793e-01   1.3465074e-02  -2.1555989e-03  -6.8137082e-03
   1.5452615e-01   4.7816704e-01   9.6183751e-01   1.2217401e-02  -3.7635029e-03  -6.8315083e-03
   1.4837519e-01   4.5516422e-01   9.6159197e-01   1.1866345e-02  -3.9455379e-03  -6.9268145e-03
   1.5369897e-01   4.8461234e-01   9.9457922e-01   1.2591702e-02  -3.8427841e-03  -7.4746452e-03
   1.5138044e-01   5.3257866e-01   9.7785018e-01   1.2676319e-02  -4.0734926e-03  -7.4768559e-03
   1.3340914e-01   4.8856320e-01   9.8598065e-01   1.3096882e-02  -4.2192310e-03  -7.0061607e-03
   1.5014331e-01   5.3099418e-01   9.8571024e-01   1.3954465e-02  -3.4089527e-03  -7.4673181e-03
   1.6866742e-01   4.7601076e-01   1.0225605e+00   1.4174523e-02  -2.8943655e-03  -7.7557513e-03
   1.2676817e-01   5.2478943e-01   1.0542485e+00   1.4170873e-02  -2.9377688e-03  -6.6552077e-03
   1.6213787e-01   4.9750840e-01   1.0572074e+00   1.4360417e-02  -3.3629096e-03  -7.5069741e-03
   1.4130638e-01   4.5459117e-01   1.0673806e+00   1.3783816e-02  -3.5480482e-03  -7.0587254e-03
   1.1923766e-01   4.5852953e-01   1.2128017e+00   1.0836651e-02  -2.4712684e-03  -5.5592060e-03
   1.2733298e-01   2.0444809e-01   1.0668012e+00   4.6503407e-03  -2.6976785e-03  -6.4220296e-03
   1.1831061e-01   4.9544086e-01   1.1343150e+00   8.1072011e-03  -2.1018306e-03  -5.4516721e-03
   1.1170325e-01   1.4141517e-01   1.0658340e+00   4.1304691e-03  -2.3548476e-03  -4.4471805e-03
   1.5143645e-01   4.8581589e-01   1.1083888e+00   1.3946188e-02  -2.1385012e-03  -6.3966467e-03
   1.6356567e-01   4.8294281e-01   1.1065105e+00   1.3573806e-02  -2.8090464e-03  -6.5176884e-03
   1.7016351e-01   5.6057122e-01   1.1293412e+00   1.3822098e-02  -2.8132307e-03  -7.1634772e-03
   1.6666521e-01   5.0256144e-01   1.1245390e+00   1.3373651e-02  -2.3070028e-03  -7.2504323e-03
   1.6647516e-01   5.3545079e-01   1.1277895e+00   1.4263120e-02  -1.9890268e-03  -7.1659792e-03
   1.7107457e-01   5.7438800e-01   1.1377490e+00   1.3797526e-02  -2.3896920e-03  -7.3406628e-03
   1.5930847e-01   5.2805751e-01   1.1014776e+00   1.3685311e-02  -1.9809096e-03  -6.9541244e-03
   1.6997212e-01   4.9964027e-01   1.1633376e+00   1.4473049e-02  -1.3941362e-03  -7.2917693e-03
   1.8016285e-01   5.2861254e-01   1.1797233e+00   1.4749413e-02  -1.8180987e-03  -7.5454274e-03
   1.5012373e-01   5.2339073e-01   1.1621419e+00   1.3583630e-02  -1.8229545e-03  -6.6021487e-03
   1.4868532e-01   5.1470167e-01   1.1824403e+00   1.5486745e-02  -2.5887919e-03  -6.5509821e-03
   1.4982475e-01   5.4483546e-01   1.3231796e+00   1.5512838e-02  -2.8332148e-03  -6.9972137e-03
   1.6615336e-01   5.5643244e-01   1.2722398e+00   1.3277744e-02  -2.5119579e-03  -6.4028549e-03
   1.3385442e-01   3.2220737e-01   1.2444388e+00   5.3118116e-03  -6.1479602e-04  -4.9885126e-03
   9.0189031e-02   4.9339860e-01   1.2739283e+00   7.5453956e-03  -1.7345870e-03  -3.8910114e-03
   4.9039735e-02   4.8127016e-01   1.3108495e+00   8.1831845e-03  -2.2451087e-03  -3.9520999e-03
   1.1714151e-01   5.1205616e-01   1.3362947e+00   7.8285084e-03  -2.1719610e-03  -4.6251718e-03
   1.1217859e-01   5.3024735e-01   1.3110456e+00   5.5530167e-03  -1.1736175e-03  -4.6355028e-03
   1.5390131e-01   4.6896436e-01   1.2122091e+00   1.7115103e-02   2.6191681e-03  -5.7918357e-03
   1.1880691e-01   4.8322311e-01   1.2604215e+00   1.0826896e-02   3.3607880e-04  -4.9901726e-03
   1.1520060e-01   4.9293437e-01   1.3173474e+00   9.6624112e-03  -5.4471041e-05  -5.3755002e-03
   8.3862590e-02   5.3199318e-01   1.4219811e+00   8.3748945e-03  -6.9783622e-05  -4.1074714e-03
   1.0374338e-01   4.8563181e-01   1.3847533e+00   8.2686841e-03  -2.4854503e-04  -3.9058860e-03
   1.0523042e-01   5.1316156e-01   1.4252232e+00   7.6812432e-03  -6.7716864e-04  -4.4407244e-03
   8.0701868e-02   5.1102334e-01   1.4373943e+00   7.7639022e-03  -9.4087952e-04  -3.9643987e-03
   1.0354580e-01   5.1786511e-01   1.4494791e+00   7.1044365e-03  -6.5629420e-04  -3.8551374e-03
   1.0333939e-01   5.2510760e-01   1.4607872e+00   6.6290396e-03  -6.5209123e-04  -4.3589304e-03
   1.0056737e-01   5.1830748e-01   1.5084440e+00   6.9991903e-03  -8.9232308e-05  -3.6278711e-03
   9.4523521e-02   4.8671386e-01   1.4804924e+00   7.9447331e-03  -1.6369640e-04  -3.3997878e-03
   1.3976404e-01   5.6132187e-01   1.3852786e+00   7.0731159e-03   1.2860775e-03  -4.1919040e-03
   1.1376766e-01   5.1092761e-01   1.3929433e+00   7.4988748e-03   2.3434475e-04  -3.6742385e-03
   9.6942310e-02   5.3181437e-01   1.4750034e+00   7.5665582e-03  -6.5074014e-04  -2.9522565e-03
   8.4308495e-02   5.2131076e-01   1.5415537e+00   7.5427450e-03   1.8184335e-04  -3.1916223e-03
   7.0397758e-02   5.0979647e-01   1.5353290e+00   6.5944391e-03  -1.7843559e-03  -2.9467689e-03
   5.3894096e-02   5.0387790e-01   1.5859671e+00   6.5159553e-03  -1.3122340e-03  -2.5734400e-03
   4.6783823e-02   5.7645544e-01   1.5445261e+00   4.9931188e-03  -2.6105066e-03  -3.5486954e-03
   6.9332310e-02   5.1214789e-01   1.6473723e+00   6.5933242e-03  -1.1404473e-03  -2.9189677e-03
   6.6775557e-02   5.4462324e-01   1.6321205e+00   4.1848017e-03  -1.5660954e-03  -2.9705810e-03
   5.9129034e-02   5.4409511e-01   1.6420450e+00   3.9605252e-03  -2.1697384e-03  -3.0775222e-03
   7.7772143e-02   5.1635607e-01   1.6555328e+00   4.7593695e-03  -2.0900558e-03  -3.0814652e-03
   7.0813789e-02   5.2441723e-01   1.6487988e+00   3.3136084e-03  -1.3245183e-03  -2.4277569e-03
   7.9427161e-02   5.2387694e-01   1.6933438e+00   5.3572232e-03  -1.8803776e-03  -2.6610724e-03
   8.0229211e-02   5.2404752e-01   1.7030562e+00   4.3037041e-03  -1.3764610e-03  -2.6658073e-03
   6.2601208e-02   5.3239202e-01   1.7381533e+00   4.2970591e-03  -1.4617096e-03  -2.3682531e-03
   1.0845751e-01   5.3768922e-01   1.7244567e+00   4.0755419e-03  -1.5428528e-03  -3.2217751e-03
   1.0629844e-01   5.1324959e-01   1.7361174e+00   4.2552253e-03  -1.3560191e-03  -3.0556075e-03
   7.9937267e-02   5.1603622e-01   1.7334261e+00   3.9723520e-03  -9.3061263e-04  -2.0309163e-03
   7.9929333e-02   5.1675290e-01   1.7574543e+00   4.0387091e-03  -1.5625271e-03  -2.3127300e-03
   9.7490716e-02   5.3159313e-01   1.7551134e+00   4.1745166e-03  -1.3610322e-03  -3.0098263e-03
   6.9135702e-02   5.1611457e-01   1.7609721e+00   3.0933305e-03  -1.5569981e-03  -2.5032452e-03
   1.0184767e-01   5.3181474e-01   1.7677108e+00   3.8562336e-03  -1.0926073e-03  -2.8191084e-03
   8.7384570e-02   5.4117097e-01   1.8010135e+00   4.0280842e-03  -1.4548349e-03  -2.6871937e-03
   1.0100424e-01   5.1885634e-01   1.7839431e+00   3.8241298e-03  -1.1247791e-03  -2.8535986e-03
   9.3841055e-02   5.4188681e-01   1.7811698e+00   4.2996441e-03  -8.2748100e-04  -2.8307532e-03
   1.1413484e-01   5.2824876e-01   1.7797768e+00   4.4504481e-03  -8.1332839e-04  -3.5589626e-03
   1.0693670e-01   5.5500498e-01   1.8364021e+00   4.8188145e-03  -6.3716612e-04  -3.4958741e-03
   8.1290832e-02   4.1239825e-01   1.8087639e+00   2.2766444e-03  -1.0091742e-03  -2.0339300e-03
   1.0870374e-01   5.4874506e-01   1.8485974e+00   4.1643439e-03  -5.9635259e-04  -3.1269232e-03
   1.1612935e-01   5.6624005e-01   1.7991360e+00   3.6380182e-03  -1.0619242e-03  -3.4599783e-03
   9.1185943e-02   5.6799939e-01   1.8486234e+00   4.4228137e-03  -9.4343020e-04  -2.7753491e-03
   9.8603293e-02   5.4621358e-01   1.8803130e+00   4.5021661e-03  -1.2583279e-03  -3.0550198e-03
   8.8421822e-02   5.4201132e-01   1.8943874e+00   3.9134661e-03  -1.7432945e-03  -2.5151874e-03
   1.1055064e-01   5.4833115e-01   1.8889845e+00   4.2957339e-03  -1.3124167e-03  -2.9850749e-03
   8.8129411e-02   5.6182268e-01   1.9073308e+00   4.2652052e-03  -1.4671375e-03  -2.7863110e-03
   1.2097611e-01   5.5368370e-01   1.9020843e+00   4.2252084e-03  -1.1050114e-03  -3.3144188e-03
   1.0098318e-01   5.7210518e-01   1.9056898e+00   3.5478313e-03  -1.6881011e-03  -2.4994480e-03
   1.2659407e-01   5.9673419e-01   1.9180996e+00   3.8011501e-03  -1.1547012e-03  -3.2610223e-03
   8.6416093e-02   5.8004349e-01   1.9132008e+00   3.0601253e-03  -1.3505663e-03  -2.6587273e-03
   1.1839122e-01   5.5895345e-01   1.9334752e+00   3.5020793e-03  -1.4838625e-03  -3.4006143e-03
   9.7275317e-02   5.6287896e-01   1.9726626e+00   3.7747354e-03  -1.3666948e-03  -2.4361492e-03
   1.1399583e-01   5.7970684e-01   1.9776433e+00   4.4265321e-03  -1.2795529e-03  -3.0421697e-03
   8.5813403e-02   5.6856785e-01   1.9872519e+00   3.7267962e-03  -1.4110504e-03  -2.4314749e-03
   9.3801473e-02   6.0251722e-01   1.9788869e+00   3.8720770e-03  -1.4894466e-03  -2.2375458e-03
   1.1722372e-01   6.0080306e-01   1.9850922e+00   4.4593144e-03  -8.6301162e-04  -3.0506303e-03
   1.5389749e-01   5.6428122e-01   1.9468985e+00   3.9380824e-03  -7.0079998e-04  -4.0486286e-03
   1.3660730e-01   6.0355813e-01   1.9989738e+00   4.0139673e-03  -5.8348289e-04  -3.7175005e-03
   1.1831882e-01   5.8398195e-01   2.0432768e+00   5.0906578e-03  -8.9800947e-04  -3.3414745e-03
   1.2195482e-01   5.7817756e-01   2.0435898e+00   4.1043860e-03  -1.3777222e-03  -3.7889943e-03
   1.2020966e-01   5.7040026e-01   2.0556358e+00   3.7175168e-03  -5.0397709e-04  -2.6461583e-03
   1.1568586e-01   5.9265115e-01   2.0538793e+00   4.1480807e-03  -7.1712746e-04  -2.7180336e-03
   9.8558031e-02   5.8000925e-01   2.0878864e+00   4.2292756e-03  -1.2010996e-03  -2.5405368e-03
   1.1925414e-01   5.6915740e-01   2.0908970e+00   4.0510268e-03  -1.0190267e-03  -2.7926079e-03
   1.2156298e-01   5.8526432e-01   2.1142180e+00   4.1898521e-03  -5.2956509e-04  -2.7524350e-03
   1.2863886e-01   6.0389233e-01   2.1150338e+00   4.0797050e-03  -4.8583034e-04  -2.6053450e-03
   1.2790189e-01   6.3485983e-01   2.0932969e+00   3.0693335e-03  -1.4273048e-03  -3.0278321e-03
   1.2624211e-01   6.3881496e-01   2.1006864e+00   3.8694664e-03  -1.2369506e-03  -3.0788024e-03
   1.2326808e-01   5.9811101e-01   2.1486832e+00   4.3624613e-03  -8.9247823e-04  -2.9156121e-03
   1.1869515e-01   5.9397355e-01   2.1448363e+00   4.0014376e-03  -2.2260285e-03  -2.7670346e-03
   1.3002151e-01   6.0582745e-01   2.1608244e+00   4.1692240e-03  -1.2725958e-03  -3.6112864e-03
   1.3693494e-01   6.0800048e-01   2.1734404e+00   4.1538159e-03  -7.4111610e-04  -3.5476698e-03
   1.5354621e-01   6.1913663e-01   2.1551552e+00   3.6235977e-03  -4.6991746e-04  -3.7655183e-03
   1.2667993e-01   6.1956024e-01   2.1806867e+00   4.5167481e-03  -9.6066667e-04  -3.5694420e-03
   1.2091611e-01   5.9958822e-01   2.2106218e+00   3.8254782e-03  -9.4797674e-04  -2.7134434e-03
   1.3143061e-01   6.0879119e-01   2.1978764e+00   4.2521489e-03  -7.7960247e-04  -3.2595730e-03
   1.2323506e-01   6.0075714e-01   2.2556631e+00   4.0554583e-03  -7.7144740e-04  -2.8397332e-03
   1.3755611e-01   6.0628391e-01   2.2264632e+00   4.3280454e-03  -8.6823041e-04  -3.2688835e-03
   1.1759879e-01   6.4360786e-01   2.2385683e+00   3.7675631e-03  -1.1449329e-03  -2.9027685e-03
   1.2392164e-01   6.1488384e-01   2.2571910e+00   3.5987875e-03  -9.9874429e-04  -2.9429193e-03
   1.3178456e-01   5.9936143e-01   2.2491931e+00   3.4872180e-03  -7.8230996e-04  -2.6232501e-03
   1.0241375e-01   6.0721217e-01   2.2560594e+00   2.9580740e-03  -1.1279790e-03  -2.0031973e-03
   1.1911047e-01   6.0669002e-01   2.2781718e+00   3.6343636e-03  -1.2184253e-03  -2.6425532e-03
   1.2408873e-01   6.5129734e-01   2.3087064e+00   3.0845514e-03  -9.5673594e-04  -3.0933021e-03
   1.3706345e-01   6.4664880e-01   2.3134984e+00   4.2100893e-03  -1.1549290e-03  -3.3819637e-03
   1.3926430e-01   6.2361100e-01   2.3323431e+00   4.4792905e-03  -4.6623303e-04  -3.1546833e-03
   1.2843810e-01   6.3665946e-01   2.3636779e+00   3.4980012e-03  -7.7208046e-04  -3.2059162e-03
   1.3018246e-01   6.6137747e-01   2.3557658e+00   3.6800287e-03  -1.2958476e-03  -3.0426601e-03
   1.3751898e-01   6.3323620e-01   2.3384454e+00   3.7507640e-03  -1.4463931e-03  -2.9808259e-03
   1.2798647e-01   6.5202734e-01   2.3640348e+00   4.3066925e-03  -1.3459398e-03  -2.8181638e-03
   1.2020796e-01   5.7481656e-01   2.3324228e+00   2.8740283e-03  -7.3733779e-04  -3.1649009e-03
   1.3039326e-01   6.4827302e-01   2.3805716e+00   3.8569120e-03  -1.5061411e-03  -2.9004418e-03
   1.3001500e-01   6.4084077e-01   2.3829532e+00   3.8446191e-03  -7.8248558e-04  -2.9555904e-03
   1.3634666e-01   6.7087995e-01   2.3992723e+00   3.5415902e-03  -9.8755384e-04  -3.1646760e-03
   1.1519459e-01   7.4452114e-01   2.3875819e+00   4.3914400e-03  -1.0202591e-03  -2.3487475e-03
   1.3737541e-01   6.3273887e-01   2.3997831e+00   3.5454930e-03  -3.3534760e-04  -2.7377497e-03
   1.4755053e-01   6.4045114e-01   2.4404417e+00   5.0999810e-03  -1.2488502e-03  -3.4354499e-03
   1.4977530e-01   6.6458131e-01   2.4449363e+00   4.2084889e-03  -6.3227729e-04  -3.3510361e-03
   1.1775693e-01   6.5751331e-01   2.4218250e+00   3.1281745e-03  -1.7596874e-03  -2.6164546e-03
   1.2395740e-01   6.4709315e-01   2.4483337e+00   3.3147975e-03  -7.6320685e-04  -2.8429054e-03
   1.2600059e-01   6.4258807e-01   2.4597003e+00   3.6170502e-03  -6.6204432e-04  -2.5993339e-03
   1.3303271e-01   7.0411914e-01   2.4510137e+00   3.1461217e-03  -8.5621181e-04  -2.8093229e-03
   1.4788450e-01   6.9106078e-01   2.4627483e+00   4.1685625e-03  -5.2280007e-04  -3.0001435e-03
   1.7358304e-01   6.4395127e-01   2.5080491e+00   4.9075684e-03  -5.2917782e-04  -3.7075336e-03
   1.7418884e-01   6.7587850e-01   2.5067665e+00   3.9411198e-03  -1.5436481e-04  -3.7839609e-03
   1.3607705e-01   6.7112841e-01   2.5173709e+00   4.2918239e-03  -8.2102538e-04  -2.7990654e-03
   1.5233214e-01   6.8111642e-01   2.5145201e+00   3.8505174e-03  -6.7402271e-04  -3.3998627e-03
   1.4556947e-01   6.8197115e-01   2.4972054e+00   3.5553510e-03  -5.4975276e-04  -2.9476018e-03
   1.2422811e-01   6.9806538e-01   2.5698487e+00   4.5994277e-03  -7.6422867e-04  -2.7896609e-03
   1.5176151e-01   6.5798350e-01   2.4427564e+00   6.1761320e-03  -7.4201974e-04  -2.8169823e-03
   1.7536308e-01   6.8895204e-01   2.5258347e+00   9.6917642e-03   3.4447999e-03  -3.2011801e-03
   1.4555303e-01   6.6800734e-01   2.5177466e+00   7.4348163e-03   1.2269074e-03  -3.4015584e-03
   1.5591695e-01   6.6385345e-01   2.5744489e+00   6.4692715e-03   1.2910476e-03  -3.4344678e-03
   1.4639112e-01   6.6770000e-01   2.5996273e+00   6.4468769e-03   9.2864911e-04  -3.0435924e-03
   1.3821821e-01   7.0914717e-01   2.6275081e+00   5.2702888e-03   1.1888143e-03  -2.8425285e-03
   1.4224376e-01   6.9123812e-01   2.6281876e+00   4.8942851e-03   2.9281439e-04  -2.9199289e-03
   1.3754708e-01   6.9256974e-01   2.6817634e+00   6.0853172e-03   2.8392535e-04  -2.9352169e-03
   1.3018055e-01   6.9855153e-01   2.6960856e+00   5.5618420e-03   8.1960751e-06  -2.9206651e-03
   1.4768574e-01   7.2772457e-01   2.6903618e+00   5.9706006e-03   5.3944517e-04  -3.0164322e-03
   1.3743143e-01   8.3299547e-01   2.6619342e+00   5.3379488e-03  -1.0784831e-04  -3.1057309e-03
   1.4451846e-01   7.3234838e-01   2.7036039e+00   4.9220861e-03   2.4527057e-04  -3.3697445e-03
   1.2758928e-01   7.1545526e-01   2.7112919e+00   5.2287735e-03   3.1461796e-05  -2.5389218e-03
   1.4207809e-01   7.3473348e-01   2.7575948e+00   5.7712733e-03   2.3790251e-04  -3.6032550e-03
   1.3404984e-01   7.1690280e-01   2.7147122e+00   5.2836100e-03   4.7791736e-04  -2.2843193e-03
   1.4226752e-01   7.1669459e-01   2.7456165e+00   5.7749782e-03  -4.4827368e-05  -2.7098841e-03
   1.2327720e-01   7.2810340e-01   2.7179017e+00   5.2650834e-03  -8.1622322e-05  -2.6203574e-03
   1.5064058e-01   7.3070739e-01   2.7460493e+00   6.2954743e-03   5.3681178e-04  -3.4471838e-03
   1.4053994e-01   7.1766884e-01   2.7740990e+00   5.5113426e-03   2.0509014e-04  -2.9776040e-03
   1.2732189e-01   7.3011928e-01   2.7886822e+00   4.9669307e-03  -1.1270851e-04  -2.7948500e-03
   1.2074784e-01   7.3569662e-01   2.7931979e+00   3.8114072e-03  -4.6482680e-05  -2.5863218e-03
   1.1496886e-01   7.1673558e-01   2.8173055e+00   4.8540589e-03  -5.8726068e-04  -2.2459149e-03
   1.2386425e-01   7.4221135e-01   2.7940332e+00   4.4740550e-03   4.0118303e-04  -2.5700354e-03
   1.5002063e-01   7.7000496e-01   2.7918817e+00   5.6427548e-03   3.0885258e-04  -3.0094804e-03
   1.2993915e-01   7.5322285e-01   2.8044888e+00   5.0274998e-03   1.3350693e-04  -2.5551246e-03
   1.4806885e-01   7.5888205e-01   2.8529089e+00   5.4040476e-03  -6.8025021e-04  -3.2653044e-03
   1.4870028e-01   7.3133699e-01   2.8675596e+00   5.1939252e-03  -1.0127150e-03  -3.3911648e-03
   1.3799415e-01   6.8951664e-01   2.8721621e+00   4.2379938e-03  -4.1359599e-04  -2.6578601e-03
   1.5865728e-01   7.4768265e-01   2.8544305e+00   3.5736666e-03  -7.8932942e-04  -3.2464487e-03
   1.3203239e-01   7.5569982e-01   2.8685529e+00   3.4254322e-03  -4.9449978e-04  -2.3704920e-03
   1.5165321e-01   7.4540648e-01   2.8935618e+00   4.5653072e-03  -4.7840757e-04  -2.8769138e-03
   1.6201435e-01   7.2272669e-01   2.9104548e+00   4.6676144e-03  -3.3352174e-04  -3.1298142e-03
   1.5577640e-01   7.5239075e-01   2.9009099e+00   4.0946066e-03  -2.2794466e-04  -2.8683160e-03
   1.1155775e-01   7.4231291e-01   2.9147341e+00   4.8334610e-03  -1.9958305e-05  -1.4116674e-03
   1.5236991e-01   7.2456692e-01   2.9201902e+00   4.1712761e-03  -4.2695265e-04  -2.9320404e-03
   1.6065638e-01   7.5087446e-01   2.9418707e+00   4.1380239e-03   9.7330919e-05  -2.6092671e-03
   1.6539060e-01   7.5897188e-01   2.9315264e+00   4.0800000e-03  -3.0565426e-04  -3.3673392e-03
   1.5569985e-01   7.3561460e-01   2.9492340e+00   4.6149807e-03  -4.9838377e-04  -3.3890299e-03
   1.9076788e-01   7.6427805e-01   2.9785440e+00   5.8198869e-03   6.7243020e-04  -3.6110288e-03
   1.8922005e-01   7.5364705e-01   3.0004049e+00   5.3797382e-03   4.6401764e-04  -3.6516532e-03
   1.8940351e-01   7.6784531e-01   3.0208440e+00   5.3453056e-03   1.9993521e-04  -3.9141288e-03
   1.7983716e-01   7.4042726e-01   3.0221730e+00   5.2749179e-03   5.3770972e-05  -3.6203015e-03
   1.6737443e-01   7.9376224e-01   3.0517140e+00   5.2175046e-03  -1.8624652e-04  -3.4313975e-03
   1.8230681e-01   7.6868102e-01   3.0408969e+00   4.7660419e-03   5.5145127e-04  -3.4480834e-03
   1.5954596e-01   7.6666057e-01   3.0755916e+00   4.5289412e-03   1.1867121e-04  -3.0359199e-03
   1.7500055e-01   7.5497290e-01   3.0682040e+00   4.8637040e-03   3.8497582e-05  -3.3107484e-03
   1.6462716e-01   7.6099718e-01   3.0583831e+00   4.4949121e-03  -2.9995867e-05  -3.1490071e-03
   1.5542540e-01   7.4031532e-01   3.0749243e+00   5.0016088e-03  -1.6576144e-04  -2.8792470e-03
   1.7200235e-01   7.6091502e-01   3.0931009e+00   5.5022915e-03  -1.2804576e-04  -3.2213518e-03
   1.4748593e-01   7.7034224e-01   3.1043859e+00   4.5203891e-03  -1.0563642e-04  -2.5247589e-03
   1.7393969e-01   7.4931839e-01   3.1095597e+00   5.2555330e-03  -3.1797359e-04  -3.1345591e-03
   1.6473555e-01   7.5281880e-01   3.0923321e+00   3.8780393e-03   2.5106258e-04  -2.8669954e-03
   1.7499886e-01   7.3620135e-01   3.1245652e+00   3.8133886e-03   1.6994348e-04  -3.5457313e-03
   1.7310637e-01   7.5777385e-01   3.1396695e+00   5.0896842e-03   1.8906699e-04  -3.2762431e-03
   1.8394747e-01   7.8422146e-01   3.1025975e+00   3.6962623e-03   9.7554236e-06  -3.2814253e-03
   1.7333386e-01   7.7501519e-01   3.1181812e+00   3.8502318e-03  -2.3741164e-05  -3.4308085e-03
   1.7633425e-01   7.5633657e-01   3.1466145e+00   4.3091764e-03  -2.6572460e-05  -3.5416698e-03
   1.8400280e-01   7.7993658e-01   3.1725503e+00   4.9083339e-03   4.2232971e-05  -3.3408801e-03
   1.5284164e-01   8.3244706e-01   3.1798041e+00   4.7477773e-03  -8.5548201e-05  -2.9840943e-03
   1.8652952e-01   7.8535135e-01   3.1871132e+00   4.7698406e-03   1.5168354e-04  -3.5178462e-03
   1.7799753e-01   7.8272942e-01   3.2247483e+00   5.4838941e-03  -3.6686958e-05  -3.1079855e-03
   1.6115872e-01   8.1399678e-01   3.2158388e+00   4.5798733e-03  -2.0571590e-04  -2.9716370e-03
   2.1786360e-02   8.4739941e-01   3.2681396e+00   6.1715371e-03  -1.6151238e-04   7.5510489e-04
   1.7957213e-01   7.8058860e-01   3.2480521e+00   4.9833105e-03   8.9544269e-05  -3.2068895e-03
   1.7080558e-01   8.7009058e-01   3.2210119e+00   3.8671369e-03   3.2714191e-05  -3.4264012e-03
   1.7072235e-01   7.7439266e-01   3.2410940e+00   4.8934704e-03   1.3734146e-04  -2.8261021e-03
   1.7222715e-01   7.5991439e-01   3.2620255e+00   4.0074644e-03  -1.4016077e-05  -3.0927493e-03
   1.6798530e-01   7.8670854e-01   3.2734380e+00   4.7366271e-03  -1.0541384e-04  -2.8588802e-03
   1.8784547e-01   7.7695031e-01   3.2650803e+00   4.5955456e-03   2.1964860e-04  -3.1913605e-03
   1.7724874e-01   8.1019180e-01   3.2792304e+00   4.4734667e-03  -6.4306208e-05  -2.8222533e-03
   1.7088334e-01   7.9179369e-01   3.3047191e+00   4.1922518e-03  -4.2446175e-04  -3.2110119e-03
   2.0425645e-01   8.1814214e-01   3.3215020e+00   4.9464671e-03   2.5158799e-04  -3.7370181e-03
   1.8372710e-01   8.0816378e-01   3.3428551e+00   4.0634129e-03   4.6047495e-04  -3.0721912e-03
   1.8933042e-01   7.8359292e-01   3.3438390e+00   4.3406629e-03   3.9374942e-04  -3.2633936e-03
   1.7884869e-01   8.1778545e-01   3.3602978e+00   4.9636457e-03   2.0398263e-04  -3.4540738e-03
   1.6841634e-01   8.0876754e-01   3.3583072e+00   4.1959633e-03  -4.6598084e-04  -2.7052240e-03
   2.0086409e-01   7.9128661e-01   3.3574889e+00   4.9748399e-03   4.8988268e-04  -3.5806819e-03
   1.7733353e-01   8.1156238e-01   3.3935321e+00   5.0284383e-03  -5.2452841e-05  -3.1230197e-03
   1.6822211e-01   8.1384922e-01   3.4091700e+00   5.6018402e-03  -1.8834458e-04  -2.9751940e-03
   1.8252161e-01   8.2467210e-01   3.3896646e+00   4.5917007e-03  -2.6847711e-04  -2.9340790e-03
   1.6200410e-01   8.0298085e-01   3.4105669e+00   4.3321672e-03   1.4492760e-04  -2.2593180e-03
   1.8697063e-01   8.1081447e-01   3.4075611e+00   4.3673981e-03   4.7222221e-04  -2.9993456e-03
   1.6941449e-01   8.3043645e-01   3.4422142e+00   4.4198659e-03   6.3224145e-04  -2.5415464e-03
   1.7720611e-01   8.0880140e-01   3.4378405e+00   4.5582430e-03  -9.8480363e-05  -2.9189187e-03
   1.7692701e-01   8.0959894e-01   3.4662831e+00   4.4714556e-03   2.3028809e-04  -2.7223004e-03
   1.6843432e-01   8.3393803e-01   3.4465583e+00   3.9892714e-03  -8.5889899e-05  -2.6314321e-03
   1.6745567e-01   8.1155346e-01   3.4427976e+00   3.8433256e-03   2.4785481e-05  -2.4445443e-03
   1.8805525e-01   8.1352458e-01   3.4979525e+00   4.9684663e-03  -2.0940582e-04  -3.2297010e-03
   1.7500743e-01   8.0764181e-01   3.4725270e+00   3.6266392e-03  -4.5937396e-05  -2.9440018e-03
   1.6471962e-01   8.1868973e-01   3.4998865e+00   4.4384158e-03   5.2615846e-05  -2.4263059e-03
   1.8953622e-01   8.3624345e-01   3.4832826e+00   3.7678223e-03  -3.9087628e-06  -3.2971387e-03
   1.8580473e-01   8.0588774e-01   3.5220845e+00   4.6000337e-03   2.5314043e-04  -3.2520505e-03
   1.9362736e-01   8.3161062e-01   3.4992547e+00   4.2859275e-03   4.2098048e-05  -3.4042606e-03
   1.8103128e-01   8.4899390e-01   3.5163194e+00   3.9199349e-03  -1.6815000e-04  -2.8960154e-03
   1.9212040e-01   8.0831072e-01   3.5308113e+00   4.2317997e-03  -9.8764857e-05  -3.6463337e-03
   1.9270135e-01   8.5097532e-01   3.5336429e+00   3.9284647e-03  -3.5171562e-04  -3.2719942e-03
   1.9762790e-01   7.8155582e-01   3.5373747e+00   3.8495426e-03  -2.0849834e-04  -3.2051552e-03
   2.0342665e-01   8.3184531e-01   3.5606419e+00   4.5309803e-03   1.3886779e-04  -3.3685551e-03
   1.8475598e-01   8.5341337e-01   3.5838934e+00   4.0590405e-03  -3.7984606e-04  -3.1055586e-03
   1.4232526e-01   8.6307811e-01   3.5824487e+00   4.3877369e-03  -1.1810695e-03  -2.4749695e-03
   1.7904745e-01   8.0014827e-01   3.6052250e+00   1.0620945e-02  -1.8484725e-03  -4.2967011e-03
   2.4041793e-01   7.7941933e-01   3.1663143e+00   1.5671527e-02   7.7035188e-03  -3.6331081e-03
   2.2657347e-01   7.3294872e-01   3.3571694e+00   1.2607557e-02   1.0178522e-02  -1.7636061e-03
   1.9065859e-01   7.7032479e-01   3.3525595e+00   1.1560954e-02   6.3942659e-03  -3.0300493e-03
   1.7795087e-01   7.7943644e-01   3.4051182e+00   1.1311147e-02   5.9630322e-03  -2.9097750e-03
   2.0450394e-01   8.3749107e-01   3.4152542e+00   1.0896933e-02   6.0766773e-03  -3.3853967e-03
   1.9736646e-01   8.0322322e-01   3.4351684e+00   1.0810563e-02   6.0447981e-03  -3.1599655e-03
   2.0465344e-01   8.3206739e-01   3.4491246e+00   1.0483943e-02   5.9604838e-03  -3.1120164e-03
   1.8414219e-01   8.3876209e-01   3.5093414e+00   1.0442117e-02   5.8516099e-03  -2.6420832e-03
   1.8327157e-01   8.3288580e-01   3.4655741e+00   1.0324690e-02   5.5002225e-03  -3.0676496e-03
   2.0206781e-01   8.3001956e-01   3.5025988e+00   1.0763022e-02   5.7716972e-03  -3.3910835e-03
   1.6393994e-01   8.4525738e-01   3.5030660e+00   1.0295530e-02   4.9568895e-03  -1.9890016e-03
   1.8777728e-01   8.2917579e-01   3.5425080e+00   1.0799288e-02   5.1378353e-03  -2.6251266e-03
   2.0122214e-01   8.3792782e-01   3.5356547e+00   1.0741757e-02   4.9434737e-03  -3.4347700e-03
   1.9407745e-01   8.0788253e-01   3.5445244e+00   9.5134225e-03   5.1604996e-03  -2.8023528e-03
   1.8921631e-01   8.2115548e-01   3.5619273e+00   1.0253632e-02   4.9436526e-03  -3.0899437e-03
   1.9643527e-01   8.4961642e-01   3.5828755e+00   1.0300598e-02   4.9962634e-03  -3.1436548e-03
   1.9888622e-01   8.1448638e-01   3.5812048e+00   9.8560827e-03   4.8474771e-03  -3.0444625e-03
   2.0206362e-01   8.4593605e-01   3.5819591e+00   9.9770697e-03   4.9387728e-03  -2.8793839e-03
   1.8637756e-01   8.4302322e-01   3.5887278e+00   9.2025161e-03   4.6666804e-03  -2.8554266e-03
   2.0255970e-01   8.2667458e-01   3.6077014e+00   9.8181093e-03   5.2008762e-03  -3.1290878e-03
   1.9136313e-01   8.2353635e-01   3.6381146e+00   9.9972275e-03   4.9663476e-03  -3.1188028e-03
   1.7762791e-01   8.6857644e-01   3.6359090e+00   9.5856751e-03   5.1356505e-03  -3.4309394e-03
   1.8813536e-01   8.2995699e-01   3.6364265e+00   9.7158096e-03   5.0551029e-03  -2.6390841e-03
   1.9049281e-01   8.2499758e-01   3.6844944e+00   1.1002051e-02   4.9264188e-03  -2.9454788e-03
   2.0059727e-01   8.5152146e-01   3.6741315e+00   1.0765410e-02   5.2385843e-03  -2.9377535e-03
   1.5476429e-01   8.4686758e-01   3.6944203e+00   1.0759369e-02   1.3073879e-03  -3.1818242e-03
   1.6343919e-01   8.5653880e-01   3.7066224e+00   1.0431697e-02   1.5376798e-03  -3.3102582e-03
   1.6856241e-01   8.8891361e-01   3.7112351e+00   9.8069900e-03   1.8759349e-03  -3.5402778e-03
   1.4427663e-01   9.1981553e-01   3.7522559e+00   1.0363591e-02   2.1857649e-03  -2.3604432e-03
   1.8934046e-01   9.2403506e-01   3.7466442e+00   9.7507078e-03   3.1698639e-03  -3.3803670e-03
   1.8809367e-01   9.2475304e-01   3.7615777e+00   1.0031464e-02   2.9685690e-03  -3.5288180e-03
   1.8668664e-01   9.3331089e-01   3.8182210e+00   9.9707543e-03   2.4469060e-03  -3.7958597e-03
   1.7435113e-01   9.3865180e-01   3.7999437e+00   9.3455011e-03   2.5602386e-03  -3.4114404e-03
   1.8558317e-01   9.0227679e-01   3.8361982e+00   9.6127598e-03   2.5553798e-03  -3.6179113e-03
   1.6216204e-01   9.0877162e-01   3.8386418e+00   9.6440138e-03   2.6120319e-03  -3.2108773e-03
   1.8411786e-01   8.8115360e-01   3.8100265e+00   8.3940166e-03   2.6604332e-03  -3.5768159e-03
   1.4762223e-01   5.2716124e-01   3.9603255e+00   1.3490089e-02   2.2253660e-03  -4.1507535e-03
   2.0144480e-01   9.1066503e-01   3.8308653e+00   8.7805483e-03   2.9839588e-03  -3.7316257e-03
   2.0567745e-01   9.0463243e-01   3.8770927e+00   9.7473771e-03   3.0312399e-03  -3.8119107e-03
   2.0075634e-01   9.1215788e-01   3.8428314e+00   9.1916518e-03   3.1575517e-03  -3.4487603e-03
   2.0239355e-01   9.2104912e-01   3.8615929e+00   8.9772020e-03   3.2714274e-03  -3.5100602e-03
   2.1964288e-01   9.0952092e-01   3.8982882e+00   1.0006682e-02   3.1271921e-03  -4.1334832e-03
   2.0445715e-01   9.4360726e-01   3.8867905e+00   8.4291071e-03   3.5405520e-03  -3.3459684e-03
   2.0504739e-01   9.0780884e-01   3.9329285e+00   9.9947027e-03   2.8276907e-03  -3.4944838e-03
   2.0576151e-01   9.5804970e-01   3.9449805e+00   9.4109687e-03   3.3830079e-03  -3.4483594e-03
   2.0838148e-01   9.0651365e-01   3.9371340e+00   9.2211295e-03   3.1986813e-03  -3.5591999e-03
   2.0866032e-01   9.1489203e-01   3.9427845e+00   9.3208025e-03   3.4509446e-03  -3.5082892e-03
   1.9853636e-01   9.4255448e-01   3.9446833e+00   8.6944812e-03   3.3200901e-03  -3.6684725e-03
   2.0934976e-01   9.2318169e-01   3.9556513e+00   9.2735613e-03   3.2280977e-03  -3.9896352e-03
   2.1796281e-01   9.4435595e-01   3.9575507e+00   9.3839591e-03   3.4407918e-03  -3.8594343e-03
   2.0434070e-01   9.2514819e-01   3.9508224e+00   9.2559043e-03   2.8306292e-03  -3.3656482e-03
   2.0424246e-01   8.9467485e-01   3.9756895e+00   9.6192515e-03   2.8138387e-03  -3.3446784e-03
   2.2581376e-01   9.2950733e-01   3.9287759e+00   7.5184028e-03   3.2915050e-03  -3.9679545e-03
   2.1982639e-01   9.1717566e-01   3.9823789e+00   9.3638134e-03   3.9548857e-03  -3.5272500e-03
   2.3167253e-01   9.3173392e-01   3.9978446e+00   9.6258046e-03   3.5300052e-03  -3.8281231e-03
   2.0745946e-01   9.2270478e-01   4.0036487e+00   8.6371306e-03   3.2732978e-03  -3.4317676e-03
   2.1026939e-01   9.2371196e-01   4.0089413e+00   9.2127490e-03   3.2281968e-03  -3.3374107e-03
   2.1714538e-01   9.3050965e-01   4.0327819e+00   9.3988461e-03   3.2177389e-03  -3.5878054e-03
   2.1591097e-01   9.2064574e-01   4.0459361e+00   9.8815876e-03   3.1928176e-03  -3.2909291e-03
   2.1776017e-01   9.1530254e-01   4.0553819e+00   1.0487119e-02   3.2580401e-03  -3.2210444e-03
   2.1698693e-01   9.2933872e-01   4.0595586e+00   9.1132340e-03   3.3317145e-03  -3.6470509e-03
   2.1744791e-01   8.9909458e-01   4.0484259e+00   9.2234072e-03   3.4049529e-03  -3.3490512e-03
   2.1980441e-01   9.2150437e-01   4.0766120e+00   9.0746176e-03   3.5195931e-03  -3.6752838e-03
   2.0062826e-01   9.3253877e-01   4.0691403e+00   8.9156591e-03   3.2651666e-03  -3.1333280e-03
   2.1667004e-01   9.1337535e-01   4.0827604e+00   9.3794627e-03   3.4784566e-03  -3.3928675e-03
   2.2623437e-01   9.2294551e-01   4.1030614e+00   9.0382990e-03   3.4471609e-03  -3.4845341e-03
   2.3340983e-01   9.3881151e-01   4.1304584e+00   1.0040677e-02   3.3106405e-03  -3.7805023e-03
   2.2548624e-01   9.5034469e-01   4.1235792e+00   9.5364716e-03   3.4517336e-03  -3.5110863e-03
   2.2046739e-01   9.1774340e-01   4.1134413e+00   9.5069568e-03   3.1366941e-03  -3.8722582e-03
   2.1298916e-01   9.4488082e-01   4.1516925e+00   9.3851826e-03   3.0616870e-03  -3.4684453e-03
   2.1959936e-01   9.0774109e-01   3.9948502e+00   1.3331101e-02   2.4097783e-03  -4.5793852e-03
   3.8029735e-02   7.4421179e-01   3.7276649e+00   1.8256710e-02  -8.6467848e-05  -2.3216543e-03
   1.7003665e-01   7.7184782e-01   3.7512438e+00   1.7414138e-02   5.9283596e-03  -2.7161582e-03
   1.8940342e-01   8.1873406e-01   3.8346775e+00   1.6290779e-02   4.6097317e-03  -3.2598457e-03
   1.9194959e-01   8.1802607e-01   3.8808718e+00   1.5656660e-02   4.0645147e-03  -3.2209847e-03
   2.0088578e-01   8.4571431e-01   3.9548679e+00   1.5137700e-02   4.4309343e-03  -3.4803224e-03
   1.7577223e-01   8.4714323e-01   3.9971500e+00   1.3774582e-02   3.8160615e-03  -2.7719776e-03
   1.8406325e-01   8.4002683e-01   3.9734218e+00   1.3878795e-02   3.9908322e-03  -3.1042923e-03
   1.9286567e-01   8.6678886e-01   3.9923009e+00   1.3438073e-02   4.1272636e-03  -3.0901212e-03
   1.5458383e-01   8.6688056e-01   4.0055095e+00   1.4089347e-02   3.8385756e-03  -2.5650980e-03
   1.8241176e-01   8.4849446e-01   4.0179485e+00   1.3377452e-02   3.9572764e-03  -2.7889837e-03
   1.7641208e-01   8.5595377e-01   4.0167155e+00   1.2904767e-02   3.2511439e-03  -2.9557013e-03
   1.8433439e-01   8.3068035e-01   4.0254789e+00   1.3363467e-02   3.8991305e-03  -2.8411469e-03
   2.0070891e-01   8.6034398e-01   4.0410795e+00   1.3068166e-02   3.8830035e-03  -2.9670035e-03
   1.6586149e-01   8.3385320e-01   3.9796240e+00   1.1612201e-02   2.9249331e-03  -2.4987297e-03
   2.6568031e-01   6.7810527e-01   3.4059161e+00   4.1972847e-02   3.8155184e-03  -8.6073887e-03
   1.7909687e-01   8.1980890e-01   4.9700555e+00   1.8018310e-02   6.6312926e-04  -7.3967433e-04
   1.7816742e-01   5.5165694e-01   6.2138998e+00  -2.1016404e-02  -1.1046230e-02  -2.7795255e-03
   3.1731834e-01   8.6420007e-01   5.5334835e+00  -2.1486249e-02   2.7393222e-03  -8.2105310e-04
   2.9750889e-01   8.8574538e-01   5.5028097e+00  -2.3537168e-02  -5.7433270e-04  -2.0308438e-03
   3.1174670e-01   9.4613713e-01   5.5553497e+00  -2.2438723e-02   4.6957385e-04  -1.9041064e-03
   2.9008916e-01   9.3419279e-01   5.5841922e+00  -2.1974544e-02   1.6024245e-04  -2.0826451e-03
   3.1484130e-01   9.7216184e-01   5.5800099e+00  -2.1883803e-02   1.8675843e-04  -2.4311485e-03
   3.0398857e-01   9.6997183e-01   5.5898557e+00  -2.2751996e-02  -6.8759671e-05  -2.5662683e-03
   3.2234009e-01   9.6435366e-01   5.5992269e+00  -2.2195685e-02   2.4723652e-04  -2.7172118e-03
   3.3115129e-01   9.8776247e-01   5.6174594e+00  -2.2408677e-02   6.7637619e-04  -2.3586723e-03
   3.1375169e-01   9.9491669e-01   5.6438007e+00  -2.1917855e-02   6.2046901e-04  -2.1658890e-03
   3.0830364e-01   9.9901815e-01   5.6412322e+00  -2.2094501e-02   8.2524925e-04  -2.1634941e-03
   2.8714278e-01   9.8639484e-01   5.6624475e+00  -2.2813940e-02   1.0527977e-03  -1.4519016e-03
   2.8271983e-01   9.6431250e-01   5.6773795e+00  -2.2366933e-02   1.0325786e-03  -1.8158911e-03
   3.1257268e-01   9.9409730e-01   5.6903114e+00  -2.1485483e-02   1.8794294e-03  -1.7439864e-03
   2.9729005e-01   9.8285553e-01   5.6520130e+00  -2.2645604e-02   1.5128461e-03  -1.6403973e-03
   2.7630622e-01   8.6257648e-01   5.7658361e+00  -1.8775397e-02   1.1366673e-03  -2.8636883e-03
   2.9052164e-01   1.0057175e+00   5.6755790e+00  -2.1577802e-02   2.0193337e-03  -1.4964973e-03
   2.7965476e-01   1.0026488e+00   5.6962647e+00  -2.2020261e-02   1.3714981e-03  -1.5997230e-03
   3.0100111e-01   9.9827570e-01   5.7116380e+00  -2.1822227e-02   1.7369687e-03  -2.0224473e-03
   2.9723772e-01   1.0248416e+00   5.7256258e+00  -2.1714771e-02   2.5275013e-03  -1.7786322e-03
   3.0532520e-01   1.0165395e+00   5.6935772e+00  -2.1794519e-02   2.1047823e-03  -1.7881426e-03
   3.0450008e-01   9.9161252e-01   5.7043557e+00  -2.1797619e-02   2.2430546e-03  -1.8635872e-03
   2.3806357e-01   1.0358466e+00   5.7040304e+00  -2.1610579e-02   2.3888942e-03  -1.6781514e-03
   3.1217734e-01   1.0014032e+00   5.7196475e+00  -2.1658467e-02   2.0465682e-03  -2.1270252e-03
   3.1734192e-01   1.0336214e+00   5.7532388e+00  -2.1334878e-02   2.6172674e-03  -2.2063350e-03
   3.1165862e-01   1.0035738e+00   5.7492945e+00  -2.1105789e-02   2.3296996e-03  -2.3635195e-03
   2.6497942e-01   1.0968911e+00   5.7367710e+00  -2.1231021e-02   2.2718806e-03  -4.8286150e-04
   3.1895893e-01   1.0281124e+00   5.7356557e+00  -2.1594583e-02   2.6711137e-03  -2.1577194e-03
   3.1388760e-01   1.0367119e+00   5.7514694e+00  -2.0921652e-02   2.1473071e-03  -2.4546921e-03
   3.0621084e-01   1.0212744e+00   5.7478013e+00  -2.1611365e-02   1.9867834e-03  -2.2669212e-03
   3.1988153e-01   1.0490043e+00   5.7696199e+00  -2.1687220e-02   2.3131306e-03  -2.2126101e-03
   3.0751506e-01   1.0116456e+00   5.7765354e+00  -2.1409204e-02   2.3782862e-03  -1.8018036e-03
   2.9939405e-01   1.0415133e+00   5.7911288e+00  -2.1337879e-02   2.5204671e-03  -1.9075364e-03
   3.1883358e-01   1.0502455e+00   5.7982919e+00  -2.0711032e-02   2.3138844e-03  -1.9479791e-03
   2.7422723e-01   1.0162306e+00   5.8337292e+00  -2.1226339e-02   1.6386171e-03  -2.0392248e-03
   3.0637909e-01   1.0388453e+00   5.8623883e+00  -1.9768310e-02   2.4810990e-03  -2.1067829e-03
   1.9508312e-01   1.0699460e+00   5.8320047e+00  -2.1305671e-02   1.3678798e-03   3.8849596e-04
   3.0177001e-01   1.0280278e+00   5.8709915e+00  -2.0696882e-02   2.5292564e-03  -2.2214722e-03
   2.6927351e-01   1.0761154e+00   5.8680000e+00  -2.0554794e-02   2.0186521e-03  -1.5839931e-03
   2.9623978e-01   1.0562100e+00   5.8694955e+00  -2.1002232e-02   2.4718868e-03  -1.9231769e-03
   2.9657578e-01   1.0536676e+00   5.8972409e+00  -1.9971767e-02   1.8789402e-03  -2.2706869e-03
   3.0786215e-01   1.0646745e+00   5.8670626e+00  -2.1023155e-02   2.2798978e-03  -2.4150297e-03
   3.0104058e-01   1.0532951e+00   5.8834723e+00  -2.0331457e-02   2.6429965e-03  -1.7385005e-03
   2.9930697e-01   1.0480279e+00   5.8940540e+00  -2.0352949e-02   2.4903878e-03  -1.9712345e-03
   3.0166151e-01   1.0302922e+00   5.8634285e+00  -2.1141770e-02   1.2931473e-03  -1.9488931e-03
   2.8964252e-01   1.0804602e+00   5.9046224e+00  -1.9125209e-02   1.8468887e-03  -1.5978362e-03
   3.0687147e-01   1.0587777e+00   5.9221297e+00  -1.9111495e-02   2.1427969e-03  -2.2093463e-03
   3.1441001e-01   1.0777689e+00   5.9515723e+00  -1.8328102e-02   2.0156996e-03  -2.7746796e-03
   3.0914501e-01   1.0403097e+00   5.9220481e+00  -1.9916122e-02   1.9313442e-03  -2.2370964e-03
   2.9198998e-01   1.0752772e+00   5.9264385e+00  -1.9227903e-02   2.2932772e-03  -2.1378538e-03
   2.9639908e-01   1.0537324e+00   5.9375052e+00  -1.9408023e-02   1.3962477e-03  -1.9655942e-03
   3.3875458e-01   1.0768654e+00   5.9549006e+00  -1.8881704e-02   2.4251352e-03  -2.9376671e-03
   3.0071260e-01   1.0620370e+00   5.9369825e+00  -1.9996301e-02   1.6073299e-03  -2.1382675e-03
   2.9554377e-01   1.0704998e+00   5.9626416e+00  -1.9200729e-02   2.0139471e-03  -2.3167047e-03
   2.9130028e-01   1.0517739e+00   5.9768345e+00  -1.9193657e-02   2.0106107e-03  -1.7453540e-03
   2.9515997e-01   1.0995026e+00   5.9815108e+00  -1.9540581e-02   2.1825511e-03  -1.9497376e-03
   3.3572571e-01   1.0592870e+00   5.9943973e+00  -1.9135214e-02   2.0188989e-03  -2.9075534e-03
   2.9247499e-01   1.0718104e+00   5.9707327e+00  -1.9820854e-02   2.0244310e-03  -1.8039622e-03
   2.9948888e-01   1.0620143e+00   6.0128932e+00  -1.9000534e-02   2.1439544e-03  -1.9593353e-03
   2.5824200e-01   1.0892712e+00   5.9238124e+00  -1.7728715e-02  -1.7082176e-03  -1.5646335e-03
   3.1171341e-01   1.1245433e+00   5.9384933e+00  -1.2946265e-02   3.1014637e-03  -2.2052605e-03
   3.2688226e-01   1.0967230e+00   5.8346095e+00  -1.6195368e-02   3.7141755e-03  -3.0077202e-03
   3.3766041e-01   1.1186171e+00   5.8424547e+00  -1.5192868e-02   4.6218255e-03  -2.6329720e-03
   3.2235872e-01   1.1251677e+00   5.9226086e+00  -1.4477776e-02   3.3055781e-03  -2.8996496e-03
   2.8684203e-01   1.1987479e+00   6.0240042e+00  -1.5792267e-02   3.4085447e-03  -1.8711448e-03
   2.9752934e-01   1.1362804e+00   6.0107138e+00  -1.5249273e-02   3.2410064e-03  -2.7450533e-03
   3.0429036e-01   1.1377374e+00   6.0520898e+00  -1.4226153e-02   3.3287857e-03  -2.6317438e-03
   2.7683011e-01   1.0942925e+00   6.0139627e+00  -1.6542198e-02   3.3669141e-03  -1.9333235e-03
   2.4729848e-01   8.3497056e-01   6.0382726e+00  -1.4761727e-02   3.0290099e-03  -1.2948501e-03
   2.9818633e-01   1.1061269e+00   6.0397180e+00  -1.5834591e-02   2.6956859e-03  -2.7942253e-03
   3.0262521e-01   1.1388129e+00   6.0284284e+00  -1.5798743e-02   3.3473028e-03  -2.4701456e-03
   3.1368403e-01   1.1332937e+00   6.0420993e+00  -1.5658366e-02   3.2806127e-03  -2.6532463e-03
   2.8792242e-01   1.1258927e+00   6.0671859e+00  -1.6358127e-02   3.3781601e-03  -1.9278069e-03
   2.8511253e-01   1.1478581e+00   6.0727658e+00  -1.6025235e-02   3.2438316e-03  -2.2328287e-03
   2.8052701e-01   1.1254712e+00   6.0693818e+00  -1.6136072e-02   2.5788875e-03  -2.5326049e-03
   2.8385389e-01   1.1281365e+00   6.0656897e+00  -1.6692828e-02   2.8120341e-03  -2.3913529e-03
   2.7533040e-01   1.1567789e+00   6.1270431e+00  -1.5338258e-02   2.0089392e-03  -2.4808442e-03
   2.9165893e-01   1.2174680e+00   5.6887031e+00  -1.5802950e-02   1.8593274e-03  -3.0272024e-03
   2.6857523e-01   1.1474822e+00   5.2814106e+00   1.6283101e-03   1.6364156e-04  -4.8237395e-03
   2.8919693e-01   1.1514321e+00   5.5055470e+00   8.9823055e-04   7.2019545e-04  -5.0242757e-03
   2.0584683e-01   1.0319014e+00   5.4300294e+00  -7.8170033e-03  -2.9788510e-03  -3.8651321e-03
   2.7878201e-01   1.0584391e+00   5.4250769e+00  -6.0768357e-03   2.9427181e-03  -3.4115062e-03
   2.6876418e-01   1.0273130e+00   5.4628489e+00  -5.7538640e-03   2.5635921e-03  -3.7035864e-03
   2.6849538e-01   1.0776358e+00   5.4689756e+00  -6.0631378e-03   2.5500391e-03  -3.5998556e-03
   2.6805714e-01   1.0497971e+00   5.4774632e+00  -5.3920589e-03   2.7516807e-03  -3.1200493e-03
   2.6671569e-01   1.0428703e+00   5.4766052e+00  -5.5229919e-03   2.6142889e-03  -3.2234942e-03
   2.5357985e-01   1.0641205e+00   5.5118157e+00  -5.6098601e-03   2.6852948e-03  -3.3082941e-03
   2.6191815e-01   1.0296979e+00   5.4797115e+00  -6.0836720e-03   2.6928895e-03  -3.5836009e-03
   2.3972533e-01   1.0283460e+00   5.4826028e+00  -5.8828727e-03   2.4679555e-03  -2.9408529e-03
   2.7457792e-01   1.0295470e+00   5.4851264e+00  -6.7596075e-03   2.6462172e-03  -3.7558742e-03
   2.5940129e-01   1.0586544e+00   5.5094269e+00  -6.2266504e-03   2.5847559e-03  -3.0953236e-03
   2.7209063e-01   1.0507916e+00   5.4938863e+00  -6.4600442e-03   2.9065208e-03  -3.4812224e-03
   2.7294777e-01   1.0429831e+00   5.5153311e+00  -6.5770202e-03   3.3037940e-03  -2.8837257e-03
   2.8088167e-01   1.0637652e+00   5.5189264e+00  -6.3091503e-03   3.0636038e-03  -3.2128414e-03
   2.5573382e-01   1.0337744e+00   5.5233349e+00  -6.5417984e-03   2.6029841e-03  -2.4545070e-03
   2.7219382e-01   1.0318781e+00   5.4885267e+00  -8.1732373e-03   2.8825113e-03  -2.8173604e-03
   2.6164346e-01   1.0249616e+00   5.5463375e+00  -6.9799767e-03   2.4838477e-03  -3.0854998e-03
   2.8792297e-01   1.0296002e+00   5.5711463e+00  -6.5159847e-03   2.9851091e-03  -3.1547236e-03
   2.5163043e-01   1.0356865e+00   5.5822236e+00  -6.8693464e-03   2.8613884e-03  -2.4008412e-03
   2.3938454e-01   1.0426584e+00   5.5547661e+00  -7.1926666e-03   2.6873479e-03  -2.5205307e-03
   2.5141860e-01   1.0609772e+00   5.6053979e+00  -5.9201018e-03   2.6380570e-03  -2.2130411e-03
   2.5487284e-01   1.0497845e+00   5.5790700e+00  -6.7130807e-03   2.7906971e-03  -2.5363529e-03
   2.5407509e-01   1.0469954e+00   5.5975448e+00  -6.1647404e-03   2.6932863e-03  -2.3516056e-03
   2.3384304e-01   1.0415254e+00   5.6037017e+00  -7.0732608e-03   2.1797313e-03  -2.2220990e-03
   2.6286679e-01   1.0314512e+00   5.5902866e+00  -7.1197182e-03   2.8726511e-03  -2.6961292e-03
   2.4953240e-01   1.0437162e+00   5.6091262e+00  -6.7171405e-03   2.7409629e-03  -2.1604001e-03
   2.4913607e-01   1.0377453e+00   5.6532584e+00  -6.5077223e-03   2.4772540e-03  -2.1104675e-03
   2.5561481e-01   1.0879666e+00   5.6705370e+00  -1.1372260e-03   4.2748593e-04  -4.6158820e-03
   2.6367837e-01   1.1220330e+00   5.6111629e+00   3.4447772e-03   2.3448605e-03  -3.9800492e-03
   3.1962806e-01   1.1790801e+00   5.7158424e+00  -1.3637705e-03   4.9119407e-03  -4.9852328e-03
   2.9542113e-01   1.2057103e+00   5.5912260e+00   2.5165724e-03   3.1341010e-03  -5.3320058e-03
   3.2016182e-01   1.2205773e+00   5.6543846e+00   5.0567916e-03   2.7753087e-03  -5.8359392e-03
   3.1719683e-01   1.2497589e+00   5.6316557e+00   4.9954002e-03   2.7893908e-03  -5.8890596e-03
   3.0995056e-01   1.2200319e+00   5.6486356e+00   4.7197458e-03   2.7807636e-03  -6.1061368e-03
   3.2974214e-01   1.2069733e+00   5.6546675e+00   4.0446839e-03   2.4518670e-03  -6.3374240e-03
   3.1765091e-01   1.1929278e+00   5.6239490e+00   4.1170289e-03   1.9817710e-03  -6.0292141e-03
   2.9128517e-01   1.1610642e+00   5.6494612e+00   1.9277241e-03   1.9861665e-03  -5.0698324e-03
   3.2066096e-01   1.1939942e+00   5.6992399e+00   1.9050319e-03   2.4071269e-03  -5.6992808e-03
   3.2160039e-01   1.2175776e+00   5.6930569e+00   3.2064735e-03   2.0076063e-03  -6.1022222e-03
   3.2931998e-01   1.1896056e+00   5.6571108e+00   4.5851719e-03   2.6920132e-03  -6.8758453e-03
   3.3539089e-01   1.2269017e+00   5.7026052e+00   5.3017580e-03   2.4782786e-03  -6.6768661e-03
   3.1467737e-01   1.2081243e+00   5.6716205e+00   4.7781065e-03   2.1836928e-03  -6.3632743e-03
   3.1757926e-01   1.2207347e+00   5.6279187e+00   5.1971692e-03   2.3097876e-03  -5.9080475e-03
   3.0874362e-01   1.2224906e+00   5.6660113e+00   5.2419400e-03   1.9383064e-03  -5.6252905e-03
   3.2188534e-01   1.2135146e+00   5.6999296e+00   5.2491864e-03   1.8878787e-03  -5.9665824e-03
   3.3648210e-01   1.2402643e+00   5.6768100e+00   5.1127533e-03   2.0552052e-03  -6.4739006e-03
   3.4057101e-01   1.2326268e+00   5.6876249e+00   5.3991184e-03   2.5830449e-03  -6.3820091e-03
   3.3708107e-01   1.2225460e+00   5.6764262e+00   4.3128062e-03   1.4335345e-03  -6.6699651e-03
   3.2162662e-01   1.2472306e+00   5.6837945e+00   4.5938027e-03   1.7364435e-03  -5.9473421e-03
   3.2921429e-01   1.2945359e+00   5.7214038e+00   6.9050689e-03   1.8750663e-03  -7.0524547e-03
   3.1482490e-01   1.3477683e+00   5.7390574e+00   6.1463982e-03   1.6206923e-03  -6.8858152e-03
   2.9444566e-01   1.2195039e+00   5.8594285e+00   3.7325390e-03   2.1097321e-03  -4.8947494e-03
   3.0553174e-01   1.1494438e+00   5.8342157e+00  -8.9039953e-04   2.2484304e-03  -4.1896551e-03
   2.9165241e-01   1.1772149e+00   5.8731173e+00  -4.1741104e-04   2.0061927e-03  -4.6454940e-03
   2.7198322e-01   1.1738198e+00   5.8593399e+00  -9.3225835e-04   2.0721045e-03  -3.4114507e-03
   2.7878908e-01   1.1683221e+00   5.8624427e+00  -1.0812882e-03   2.0460440e-03  -3.9565946e-03
   2.8887230e-01   1.1582980e+00   5.8692745e+00  -1.2162883e-03   2.2121563e-03  -4.5484044e-03
   2.9719450e-01   1.1675110e+00   5.8667627e+00  -1.2040599e-03   1.9677962e-03  -4.3919368e-03
   3.0417573e-01   1.1615982e+00   5.8708756e+00  -1.4719245e-03   2.5152083e-03  -4.3091553e-03
   2.7875014e-01   1.1668507e+00   5.8759316e+00  -1.2862420e-03   1.8413812e-03  -3.9739003e-03
   2.9882316e-01   1.1407868e+00   5.8819372e+00  -1.5834648e-03   2.2764005e-03  -4.2380532e-03
   2.9207303e-01   1.1368579e+00   5.8859947e+00  -1.9494629e-03   2.5417841e-03  -3.7034065e-03
   3.0506192e-01   1.1528589e+00   5.8947545e+00  -1.5544885e-03   2.1115598e-03  -4.0733885e-03
   2.1192261e-01   1.1243732e+00   5.9165294e+00  -2.6176307e-03  -2.0871904e-03  -3.4146782e-03
   2.2884513e-01   1.1093497e+00   5.9886003e+00  -2.5714634e-03   2.2691189e-03  -1.9864989e-03
   2.3554888e-01   1.1748494e+00   5.9605641e+00  -8.0178189e-04   1.9455443e-03  -2.8351971e-03
   2.6437417e-01   1.1689779e+00   5.9605558e+00  -9.8824288e-04   1.7525899e-03  -4.1193466e-03
   2.4972066e-01   1.1848138e+00   5.9975604e+00  -1.4379617e-03   2.1819185e-03  -3.5492722e-03
   2.5478357e-01   1.1514449e+00   6.0071648e+00  -2.2820428e-03   2.5138949e-03  -3.1309607e-03
   2.8330770e-01   1.1340907e+00   5.9886109e+00  -3.1726227e-03   2.7345301e-03  -3.7207097e-03
   2.6311548e-01   1.1653932e+00   5.9970273e+00  -2.7341148e-03   2.7951382e-03  -3.6121332e-03
   2.5275834e-01   1.1323442e+00   6.0063836e+00  -2.5156522e-03   2.6024439e-03  -2.9354067e-03
   2.3394182e-01   1.0632251e+00   6.0093042e+00  -1.9547660e-03   2.1399077e-03  -2.3792891e-03
   2.6290144e-01   1.1261064e+00   6.0129040e+00  -2.6121667e-03   2.1278344e-03  -3.4605007e-03
   2.6172961e-01   1.1622414e+00   6.0264072e+00  -2.6496462e-03   2.1254345e-03  -3.3107587e-03
   2.7894908e-01   1.1504477e+00   6.0313978e+00  -2.4070107e-03   2.9266114e-03  -3.0612482e-03
   2.6401874e-01   1.1314469e+00   6.0601725e+00  -2.8603356e-03   2.4608908e-03  -3.2098688e-03
   2.5996287e-01   1.1387580e+00   6.0469351e+00  -2.6953653e-03   2.3432269e-03  -3.1341581e-03
   2.3635220e-01   1.1119877e+00   6.0642364e+00  -2.8972130e-03   1.8796516e-03  -2.3658570e-03
   2.5132819e-01   1.1518320e+00   6.0746599e+00  -2.7120852e-03   2.1008741e-03  -2.8189412e-03
   2.3574127e-01   1.1258094e+00   6.0592948e+00  -4.0117249e-03   1.7697923e-03  -2.7915235e-03
   2.5349656e-01   1.1493808e+00   6.1208345e+00  -2.5296907e-03   2.3241583e-03  -3.0625408e-03
   2.0592416e-01   1.1859377e+00   5.9172121e+00  -3.1092984e-03  -1.3944175e-04  -3.1368510e-03
   2.7527243e-01   1.1424269e+00   5.9788331e+00  -1.5394597e-03   2.8976902e-03  -3.0055511e-03
   2.1948571e-01   1.1575211e+00   6.1372794e+00  -2.2521377e-04  -1.9251921e-03  -4.6465873e-03
   2.6483844e-01   1.1561817e+00   6.1575647e+00  -1.9269802e-03   1.1760435e-03  -3.9110424e-03
   2.5330462e-01   1.1586314e+00   6.1584942e+00  -3.2331728e-03   1.6776841e-03  -3.2410800e-03
   2.8003905e-01   1.1852573e+00   6.1812495e+00  -2.8539211e-03   2.1721246e-03  -3.9277657e-03
   2.7359857e-01   1.2006519e+00   6.1701535e+00  -3.2632651e-03   1.8551692e-03  -3.5572620e-03
   2.7923945e-01   1.1723793e+00   6.1704774e+00  -2.5386951e-03   2.1387840e-03  -3.2180744e-03
   2.7851673e-01   1.1511814e+00   6.1589684e+00  -3.4553653e-03   2.3687881e-03  -3.3753206e-03
   2.4447295e-01   1.1629295e+00   6.1668139e+00  -3.2210040e-03   1.6623595e-03  -3.0339879e-03
   2.8843936e-01   1.1497020e+00   6.1711881e+00  -3.3277933e-03   1.9619562e-03  -4.0039071e-03
   2.5979206e-01   1.1969031e+00   6.1983261e+00  -2.8293386e-03   1.6479684e-03  -3.4819451e-03
   2.6221168e-01   1.1492300e+00   6.2114799e+00  -4.0416399e-03   1.9860447e-03  -2.7917984e-03
   2.5984324e-01   1.1764729e+00   6.2145889e+00  -3.3741733e-03   2.4138831e-03  -3.3696976e-03
   2.7720048e-01   1.1976725e+00   6.2301299e+00  -2.7727081e-03   2.0281801e-03  -3.4731040e-03
   2.9914034e-01   1.1648500e+00   6.2256722e+00  -3.0925090e-03   2.0889807e-03  -3.9140962e-03
