   0.0000000e+00  -1.4210855e-14   6.9750051e-15   1.0869080e-17   1.4381851e-18  -1.5631749e-35
   1.1355243e-01   1.6318627e+00  -1.2105510e-01  -6.6960636e-02  -5.2180933e-03  -5.8998912e-03
   1.4007574e-01   1.4808896e+00   1.5781510e+00  -7.7414318e-02  -1.5205058e-02  -7.1952243e-03
   2.8352657e-02   1.2929341e+00   1.8462847e+00  -7.6249173e-02  -1.5400459e-02  -5.4114313e-03
   6.5539811e-02   1.3840443e+00   1.9160365e+00  -8.5241852e-02  -1.4872431e-02  -5.8011728e-03
   5.4706306e-02   1.4408289e+00   1.9482438e+00  -8.7373608e-02  -1.4604061e-02  -5.8158108e-03
   2.8669580e-02   1.4514510e+00   1.9638445e+00  -8.6540024e-02  -1.5585278e-02  -5.7596464e-03
  -2.1644782e-03   1.4468128e+00   2.0023739e+00  -8.7047027e-02  -1.6959525e-02  -5.7772025e-03
   6.6470087e-03   1.4593926e+00   2.0662886e+00  -8.7392881e-02  -1.6999644e-02  -5.4340340e-03
   1.4071035e-02   1.4194578e+00   2.0482535e+00  -8.8854786e-02  -1.7382848e-02  -6.3185087e-03
   1.8337398e-03   1.4383446e+00   2.0852968e+00  -8.7990064e-02  -1.7373360e-02  -5.8756595e-03
   1.2291963e-02   1.4422023e+00   2.1061360e+00  -8.7806002e-02  -1.6984459e-02  -5.6031100e-03
   1.3435457e-02   1.4440396e+00   2.1419431e+00  -8.7741738e-02  -1.7672595e-02  -5.6317649e-03
   2.2856552e-02   1.4510520e+00   2.1446789e+00  -8.7728757e-02  -1.7730718e-02  -6.0481899e-03
   2.6513939e-02   1.4401224e+00   2.1112806e+00  -8.9335474e-02  -1.7499093e-02  -6.0252647e-03
   4.5812764e-02   1.4587956e+00   2.1442172e+00  -8.7595180e-02  -1.7379527e-02  -6.2163299e-03
   4.1712893e-02   1.4547241e+00   2.2019947e+00  -8.7530583e-02  -1.7839480e-02  -6.2041828e-03
   5.0579518e-02   1.4688775e+00   2.1986341e+00  -8.7396748e-02  -1.6970463e-02  -6.4267215e-03
   4.0887707e-02   1.4602728e+00   2.2447646e+00  -8.6934656e-02  -1.6972525e-02  -5.8487250e-03
   3.9643819e-02   1.4591206e+00   2.2527966e+00  -8.7428543e-02  -1.7134897e-02  -6.2696992e-03
   4.2517758e-02   1.4876649e+00   2.2273511e+00  -8.7235779e-02  -1.7234602e-02  -6.0642935e-03
   4.8172929e-02   1.4838578e+00   2.2494499e+00  -8.6964583e-02  -1.6755685e-02  -6.0170114e-03
   4.6274877e-02   1.4742818e+00   2.2460068e+00  -8.6819747e-02  -1.7463087e-02  -6.1411010e-03
   5.1168570e-02   1.4865075e+00   2.2707676e+00  -8.6147617e-02  -1.6684649e-02  -6.2291854e-03
   5.2225579e-02   1.4706791e+00   2.2871445e+00  -8.5070215e-02  -1.6036781e-02  -5.7102019e-03
   5.3733858e-02   1.4495680e+00   2.2692100e+00  -8.5835241e-02  -1.6560778e-02  -6.1162969e-03
   2.6027876e-02   1.5107488e+00   2.2025210e+00  -8.5839627e-02  -1.5225170e-02  -5.5167284e-03
   4.3141577e-02   1.5109290e+00   2.2317316e+00  -8.4374257e-02  -1.5365177e-02  -5.8965311e-03
   5.8068564e-02   1.5326905e+00   2.2326188e+00  -8.3293676e-02  -1.5345979e-02  -6.7495177e-03
   7.0721161e-02   1.5464697e+00   2.2194412e+00  -8.3218273e-02  -1.5160622e-02  -6.6717680e-03
   4.1009872e-02   1.5319052e+00   2.1960918e+00  -8.3002267e-02  -1.4862729e-02  -6.2568462e-03
   4.2511305e-02   1.5210767e+00   2.2205885e+00  -8.4015453e-02  -1.5335431e-02  -6.2536594e-03
   3.0564401e-02   1.5131289e+00   2.2387278e+00  -8.4104843e-02  -1.5499481e-02  -6.1314639e-03
   3.0814519e-02   1.5093512e+00   2.3114620e+00  -8.4079525e-02  -1.5232413e-02  -5.9805125e-03
   4.7330451e-02   1.5138901e+00   2.3520845e+00  -8.4111757e-02  -1.5218838e-02  -5.8427977e-03
   5.7935282e-02   1.5280886e+00   2.1652111e+00  -8.5941159e-02  -1.4613472e-02  -6.6364067e-03
   6.7436547e-02   1.5317376e+00   2.1431147e+00  -8.3940401e-02  -1.4490589e-02  -6.9379142e-03
   6.4600879e-02   1.4897152e+00   2.2221467e+00  -8.4753304e-02  -1.4846951e-02  -6.8527802e-03
   6.8628055e-02   1.5394945e+00   2.3167110e+00  -8.3559407e-02  -1.4558237e-02  -6.7318811e-03
   7.1669848e-02   1.4949776e+00   2.3062480e+00  -8.6531575e-02  -1.3524289e-02  -6.3180804e-03
   8.9165363e-02   1.5582360e+00   2.3278161e+00  -8.4206337e-02  -1.3547780e-02  -7.1237673e-03
   5.4260457e-02   1.5425260e+00   2.3392075e+00  -8.4332418e-02  -1.4014067e-02  -6.2699617e-03
   5.5563392e-02   1.5341386e+00   2.2965578e+00  -8.3807490e-02  -1.3586995e-02  -6.4862343e-03
   6.3704804e-02   1.5226468e+00   2.2966253e+00  -8.4681076e-02  -1.3954052e-02  -6.9665909e-03
   6.3704892e-02   1.5078021e+00   2.3058967e+00  -8.4560455e-02  -1.3916834e-02  -6.8476872e-03
   4.5708519e-02   1.5428087e+00   2.2288204e+00  -8.5335608e-02  -1.3411670e-02  -6.2092205e-03
   5.8243784e-02   1.5177623e+00   2.3162359e+00  -8.3851812e-02  -1.3485300e-02  -6.5976344e-03
   5.6493072e-02   1.5073580e+00   2.3495008e+00  -8.4275586e-02  -1.3586303e-02  -6.4260948e-03
   3.2184713e-02   1.5471732e+00   2.3645656e+00  -8.3252787e-02  -1.3316032e-02  -6.0345165e-03
   4.4376209e-02   1.4997527e+00   2.3406533e+00  -8.4377621e-02  -1.3968732e-02  -6.4898810e-03
   4.3975218e-02   1.5436275e+00   2.3344433e+00  -8.4120379e-02  -1.3403572e-02  -6.1174547e-03
   3.0435035e-02   1.5348076e+00   2.3478160e+00  -8.4737968e-02  -1.4061773e-02  -6.3662468e-03
   5.1776054e-02   1.5571870e+00   2.2522580e+00  -8.4919139e-02  -1.2585166e-02  -6.7216966e-03
   6.8485806e-02   1.5633287e+00   2.2645548e+00  -8.3807844e-02  -1.2197141e-02  -6.6630567e-03
   5.5067921e-02   1.5472422e+00   2.3385139e+00  -8.3371113e-02  -1.2701453e-02  -6.7705167e-03
   3.9819149e-02   1.5487150e+00   2.3579835e+00  -8.4317941e-02  -1.3210198e-02  -6.6981690e-03
   3.3339364e-02   1.5495306e+00   2.3770709e+00  -8.4413538e-02  -1.3302310e-02  -6.2115359e-03
   6.2833913e-02   1.5465428e+00   2.3102363e+00  -8.5075451e-02  -1.2740998e-02  -6.3940584e-03
   4.0128545e-02   1.5145610e+00   2.3707480e+00  -8.4324140e-02  -1.3336007e-02  -6.5056582e-03
   3.0186509e-02   1.5300645e+00   2.4073458e+00  -8.4260086e-02  -1.2743995e-02  -5.9328587e-03
   5.1398275e-02   1.5357884e+00   2.3604754e+00  -8.3911171e-02  -1.3558379e-02  -6.5264538e-03
   3.8846022e-02   1.5305690e+00   2.3594379e+00  -8.4895867e-02  -1.3180706e-02  -6.3309375e-03
   2.2652722e-02   1.5258075e+00   2.4272088e+00  -8.3397142e-02  -1.3248365e-02  -5.9251670e-03
   1.1329066e-02   1.5512227e+00   2.3783110e+00  -8.4573979e-02  -1.3560256e-02  -5.5943970e-03
   1.8142037e-02   1.5175245e+00   2.3590581e+00  -8.5286838e-02  -1.4107476e-02  -6.2063352e-03
   2.1714243e-02   1.5192133e+00   2.3980605e+00  -8.5086720e-02  -1.3957964e-02  -6.4164493e-03
  -7.3495863e-03   1.5506963e+00   2.3575299e+00  -8.5350623e-02  -1.3114881e-02  -5.5017917e-03
  -1.2264044e-02   1.5106515e+00   2.4490370e+00  -8.4216164e-02  -1.3678648e-02  -5.4424307e-03
  -2.2009084e-02   1.5214859e+00   2.4623855e+00  -8.4295698e-02  -1.3461766e-02  -4.7059808e-03
  -7.5429489e-03   1.5162291e+00   2.4599997e+00  -8.4991376e-02  -1.4102636e-02  -5.9999161e-03
   1.8997650e-02   1.5294201e+00   2.3225335e+00  -8.5129028e-02  -1.3380620e-02  -6.1437072e-03
   1.3884222e-02   1.5240132e+00   2.4244369e+00  -8.4018387e-02  -1.3817262e-02  -6.0611943e-03
  -5.8181941e-04   1.5396929e+00   2.4606726e+00  -8.4281939e-02  -1.3576406e-02  -5.6830817e-03
   1.4182085e-04   1.5561816e+00   2.3875461e+00  -8.5327802e-02  -1.3263608e-02  -5.6003637e-03
   3.9278156e-02   1.5664485e+00   2.4116856e+00  -8.2894025e-02  -1.2615315e-02  -6.6239542e-03
   7.8559440e-03   1.5163505e+00   2.4545694e+00  -8.4651001e-02  -1.3485057e-02  -6.1516291e-03
   7.7515575e-03   1.5251090e+00   2.5189325e+00  -8.3347961e-02  -1.3381575e-02  -5.7082905e-03
   4.7890209e-03   1.5719869e+00   2.3965787e+00  -8.5187047e-02  -1.2662726e-02  -5.5878905e-03
   2.6608769e-02   1.5401002e+00   2.4847924e+00  -8.3140767e-02  -1.3036381e-02  -6.4285335e-03
  -3.0757519e-03   1.5400741e+00   2.4869855e+00  -8.4204886e-02  -1.3772209e-02  -5.9200979e-03
  -1.2082294e-02   1.5480845e+00   2.5037076e+00  -8.4567884e-02  -1.2973153e-02  -5.5595912e-03
  -1.6286980e-02   1.5284097e+00   2.4683210e+00  -8.5339923e-02  -1.3156576e-02  -5.8494130e-03
  -1.2216823e-02   1.5404705e+00   2.4565485e+00  -8.4685519e-02  -1.3309850e-02  -5.8408241e-03
  -1.1094096e-02   1.5276266e+00   2.5694406e+00  -8.3966219e-02  -1.3490824e-02  -5.7465926e-03
  -7.2721227e-03   1.5545805e+00   2.5189035e+00  -8.6177415e-02  -1.2751972e-02  -5.7929119e-03
   1.3706956e-02   1.5640424e+00   2.5635281e+00  -8.2690292e-02  -1.2551178e-02  -6.3248180e-03
  -1.1113600e-02   1.5484226e+00   2.6049047e+00  -8.4657861e-02  -1.3448303e-02  -6.0158986e-03
  -2.1129019e-02   1.5703857e+00   2.5959572e+00  -8.5156603e-02  -1.2852392e-02  -5.4449235e-03
  -2.2979747e-03   1.5578254e+00   2.6117210e+00  -8.3624024e-02  -1.3135030e-02  -6.2326911e-03
  -3.0797804e-02   1.5489740e+00   2.6243029e+00  -8.4510331e-02  -1.3495174e-02  -5.5598556e-03
  -3.6025199e-02   1.5482867e+00   2.6559464e+00  -8.4732868e-02  -1.3571698e-02  -5.2224772e-03
  -1.8323696e-03   1.5175005e+00   2.5912060e+00  -8.5032054e-02  -1.2706785e-02  -6.1040179e-03
   1.0697854e-02   1.5779542e+00   2.5646428e+00  -8.3143962e-02  -1.2628351e-02  -6.1345005e-03
   2.4704278e-03   1.5329598e+00   2.6114536e+00  -8.4230087e-02  -1.3237733e-02  -6.1099764e-03
  -1.6961162e-02   1.5420917e+00   2.6660238e+00  -8.3185052e-02  -1.3667863e-02  -5.7894505e-03
  -1.0757068e-02   1.5485368e+00   2.6391131e+00  -8.4838919e-02  -1.3440671e-02  -5.8290394e-03
  -3.5952709e-02   1.5542170e+00   2.6795763e+00  -8.4607298e-02  -1.3923396e-02  -5.4955278e-03
  -2.1526812e-02   1.5550148e+00   2.6506442e+00  -8.4855064e-02  -1.2925159e-02  -5.3328636e-03
  -1.1117158e-02   1.5255219e+00   2.6538161e+00  -8.5628616e-02  -1.3364233e-02  -5.9199167e-03
  -3.7576958e-02   1.5517859e+00   2.6834331e+00  -8.4813943e-02  -1.3546537e-02  -5.2786261e-03
  -1.0952217e-02   1.5652310e+00   2.6666842e+00  -8.5314782e-02  -1.2858554e-02  -5.9340745e-03
  -7.5156171e-03   1.5702115e+00   2.6011076e+00  -8.5780103e-02  -1.3315975e-02  -6.2016441e-03
  -5.5487177e-02   1.5828299e+00   2.6490868e+00  -8.3924863e-02  -1.3748116e-02  -7.0974380e-03
  -5.7415301e-02   1.5619109e+00   2.6436936e+00  -8.5033534e-02  -1.4319748e-02  -6.9302518e-03
  -3.4072277e-02   1.5858984e+00   2.6619263e+00  -8.4217650e-02  -1.3586356e-02  -6.6940188e-03
  -7.2481434e-03   1.5835641e+00   2.6657403e+00  -8.3807186e-02  -1.3190797e-02  -6.7010429e-03
   8.5502082e-03   1.5881650e+00   2.6743183e+00  -8.3636677e-02  -1.3897034e-02  -6.9936319e-03
  -3.7773892e-02   1.5933668e+00   2.6804932e+00  -8.5653262e-02  -1.2600763e-02  -4.6948497e-03
  -2.1521690e-02   1.5607468e+00   2.7658180e+00  -8.4290145e-02  -1.3651281e-02  -5.9964500e-03
  -3.0316655e-02   1.5667264e+00   2.8546142e+00  -8.4612349e-02  -1.3804732e-02  -5.3488836e-03
  -1.1335701e-02   1.5752930e+00   2.8234999e+00  -8.3902980e-02  -1.3357862e-02  -5.8903598e-03
  -3.5786395e-02   1.5539490e+00   2.8834047e+00  -8.5449833e-02  -1.3753088e-02  -5.7845841e-03
  -8.0950793e-03   1.5917930e+00   2.7872718e+00  -8.7559495e-02  -1.3393678e-02  -5.6998007e-03
   3.8152789e-02   1.5446416e+00   2.8671557e+00  -8.4821661e-02  -1.2523198e-02  -6.4675307e-03
   2.2700696e-02   1.5523441e+00   2.9064606e+00  -8.5047158e-02  -1.2658950e-02  -6.4986036e-03
   2.7608053e-02   1.5690048e+00   2.9338867e+00  -8.4882954e-02  -1.2892032e-02  -6.5046570e-03
   1.4527387e-02   1.5657504e+00   2.8623848e+00  -8.4862052e-02  -1.2781419e-02  -6.3076392e-03
   6.0709746e-03   1.5673492e+00   2.8732722e+00  -8.4722837e-02  -1.2996681e-02  -6.1608459e-03
  -7.7581994e-03   1.5748129e+00   2.8854383e+00  -8.4996989e-02  -1.3450551e-02  -6.3568663e-03
  -2.1248079e-02   1.5956118e+00   2.8421020e+00  -8.6214313e-02  -1.3079047e-02  -5.7113214e-03
   1.5872287e-02   1.5616441e+00   2.9185755e+00  -8.5256662e-02  -1.3452556e-02  -6.6598847e-03
  -2.4317390e-02   1.5801509e+00   2.9516535e+00  -8.5040031e-02  -1.4189675e-02  -5.5763647e-03
  -3.6152482e-02   1.5944092e+00   2.9169275e+00  -8.5748618e-02  -1.3340197e-02  -5.4066491e-03
  -1.5470158e-02   1.5631094e+00   2.9358867e+00  -8.5085218e-02  -1.2942518e-02  -5.7953103e-03
  -1.0780785e-02   1.5736434e+00   2.9672911e+00  -8.4818301e-02  -1.3101616e-02  -5.6464630e-03
  -1.0273785e-02   1.5466283e+00   2.9390181e+00  -8.4903958e-02  -1.3460209e-02  -5.6064951e-03
  -2.0931888e-02   1.5787914e+00   2.9787086e+00  -8.4809999e-02  -1.3023970e-02  -5.4254037e-03
   1.9873325e-02   1.5814445e+00   2.9415490e+00  -8.5312437e-02  -1.2107450e-02  -6.0971767e-03
   3.4884612e-03   1.5722739e+00   2.9713414e+00  -8.5970109e-02  -1.2683295e-02  -5.9110663e-03
  -4.2146296e-04   1.5766486e+00   2.9716665e+00  -8.5913721e-02  -1.3386595e-02  -5.9948874e-03
  -3.2148454e-02   1.6086476e+00   2.9573402e+00  -8.6177813e-02  -1.3063247e-02  -5.4434543e-03
  -2.8676426e-02   1.5841059e+00   3.0237291e+00  -8.6290354e-02  -1.3208245e-02  -5.7933027e-03
  -3.3435431e-02   1.5951892e+00   3.0125246e+00  -8.6578269e-02  -1.3368979e-02  -5.2435638e-03
  -1.3653705e-02   1.5977112e+00   2.9715479e+00  -8.4836104e-02  -1.3137082e-02  -6.6888105e-03
  -3.5196282e-02   1.6287802e+00   2.8598061e+00  -8.7454014e-02  -1.3648867e-02  -6.2210657e-03
  -1.2437285e-02   1.6298710e+00   2.9736404e+00  -8.3875108e-02  -1.1723639e-02  -5.8186802e-03
  -3.4999894e-03   1.5874004e+00   3.0334114e+00  -8.4650907e-02  -1.2557841e-02  -6.0837705e-03
  -1.6986195e-02   1.6119286e+00   3.1314343e+00  -8.3898139e-02  -1.2649265e-02  -5.8038090e-03
  -2.4494039e-02   1.6103899e+00   3.0868983e+00  -8.5427122e-02  -1.2615218e-02  -5.5110735e-03
  -1.9547744e-02   1.5989008e+00   3.1306115e+00  -8.5014645e-02  -1.3040489e-02  -5.6747008e-03
  -3.2784189e-02   1.6132377e+00   3.1345766e+00  -8.5089068e-02  -1.2940205e-02  -5.3827162e-03
  -2.8671856e-02   1.6177365e+00   3.1351383e+00  -8.4918283e-02  -1.3150966e-02  -5.4423108e-03
  -1.2319083e-02   1.5751651e+00   3.1438566e+00  -8.5284098e-02  -1.3158688e-02  -5.9024339e-03
  -1.2211941e-02   1.6136874e+00   3.0650317e+00  -8.5881239e-02  -1.2133787e-02  -5.6983871e-03
  -3.1303576e-02   1.5700875e+00   3.1618085e+00  -8.4326748e-02  -1.2866197e-02  -5.6712351e-03
  -3.5853041e-02   1.6083259e+00   3.2192775e+00  -8.4137060e-02  -1.2941604e-02  -5.1654170e-03
  -4.6734045e-02   1.6302757e+00   3.2063058e+00  -8.5019275e-02  -1.2662162e-02  -4.6558740e-03
  -2.9957887e-02   1.6209465e+00   3.2038968e+00  -8.4605039e-02  -1.2817363e-02  -5.2921337e-03
  -4.6977592e-02   1.6184007e+00   3.2531712e+00  -8.4871748e-02  -1.3261818e-02  -4.9932333e-03
  -1.4642226e-03   1.6031023e+00   3.2267087e+00  -8.5615299e-02  -1.2717160e-02  -6.2471355e-03
  -1.8498621e-02   1.5943196e+00   3.2704977e+00  -8.4729179e-02  -1.2885500e-02  -5.7091992e-03
  -2.7466810e-02   1.5883669e+00   3.2498509e+00  -8.4881453e-02  -1.2893265e-02  -5.7804653e-03
  -2.7463920e-02   1.5966442e+00   3.2421551e+00  -8.5417399e-02  -1.2739579e-02  -5.6837047e-03
  -2.2017245e-02   1.6104665e+00   3.2315393e+00  -8.5811384e-02  -1.2741595e-02  -5.9113248e-03
  -2.6787322e-02   1.5964240e+00   3.2765844e+00  -8.4925415e-02  -1.2435399e-02  -5.8662789e-03
  -4.6928227e-02   1.6189189e+00   3.2781060e+00  -8.5278951e-02  -1.2916614e-02  -5.6353131e-03
  -3.4168896e-03   1.6408757e+00   3.2239428e+00  -8.5376847e-02  -1.2621480e-02  -6.3803708e-03
  -8.7821127e-03   1.6276366e+00   3.2911501e+00  -8.4568923e-02  -1.2999160e-02  -6.1724183e-03
  -2.7443182e-02   1.6275135e+00   3.3185854e+00  -8.5197788e-02  -1.3023769e-02  -5.5720248e-03
  -7.9688926e-03   1.6139857e+00   3.3121162e+00  -8.4965960e-02  -1.2162151e-02  -6.3366266e-03
  -4.8895759e-02   1.6386311e+00   3.2176570e+00  -8.6701371e-02  -1.3088570e-02  -5.4612605e-03
  -6.4502952e-02   1.5884816e+00   3.3466054e+00  -8.5820313e-02  -1.3833140e-02  -5.7093621e-03
  -5.9150183e-02   1.5890174e+00   3.3787016e+00  -8.6139050e-02  -1.3627481e-02  -5.2924256e-03
  -3.2494413e-02   1.6349236e+00   3.3082088e+00  -8.5578310e-02  -1.2598406e-02  -5.5209149e-03
  -4.2461635e-02   1.5939818e+00   3.3641327e+00  -8.5530800e-02  -1.3275096e-02  -5.6668490e-03
  -3.9681116e-02   1.6235598e+00   3.4183024e+00  -8.4751832e-02  -1.3253699e-02  -5.4358921e-03
  -3.4568306e-02   1.6230339e+00   3.3807608e+00  -8.6053872e-02  -1.2904133e-02  -5.4103273e-03
  -5.0782290e-02   1.5890636e+00   3.3928413e+00  -8.6118996e-02  -1.3176293e-02  -5.3806010e-03
  -6.0415911e-02   1.5908942e+00   3.4173829e+00  -8.6105118e-02  -1.3294595e-02  -5.0922145e-03
  -3.0250959e-02   1.6264838e+00   3.3558916e+00  -8.5591388e-02  -1.2224250e-02  -5.5825782e-03
  -9.0774171e-03   1.6070856e+00   3.4590817e+00  -8.4727471e-02  -1.2773652e-02  -5.8169726e-03
  -5.3400167e-02   1.6174140e+00   3.5010983e+00  -8.4409066e-02  -1.3226687e-02  -4.7477763e-03
  -2.2959845e-02   1.6307846e+00   3.5007553e+00  -8.4571531e-02  -1.2984054e-02  -5.9269242e-03
  -1.4140282e-02   1.6332322e+00   3.5304950e+00  -8.4362748e-02  -1.3024954e-02  -5.6009659e-03
  -2.3670162e-03   1.6248579e+00   3.5145524e+00  -8.5453790e-02  -1.2988638e-02  -5.7530251e-03
  -1.7210957e-02   1.6329584e+00   3.5311493e+00  -8.5063630e-02  -1.2636805e-02  -5.5858354e-03
  -2.9422993e-02   1.6281421e+00   3.4844631e+00  -8.6377720e-02  -1.2467482e-02  -5.3498464e-03
  -3.8066645e-02   1.6162542e+00   3.5406098e+00  -8.5303504e-02  -1.3098928e-02  -5.8780695e-03
  -4.2807135e-02   1.6520253e+00   3.5815879e+00  -8.5154147e-02  -1.3268591e-02  -5.1910516e-03
  -1.2731182e-02   1.6400178e+00   3.5119658e+00  -8.6204129e-02  -1.3330577e-02  -5.7915740e-03
  -2.2892653e-03   1.6593963e+00   3.5249729e+00  -8.3851942e-02  -1.2641142e-02  -6.1340465e-03
  -1.3850993e-02   1.6523214e+00   3.5380136e+00  -8.4842923e-02  -1.2623752e-02  -5.8874361e-03
  -9.5682497e-03   1.6429514e+00   3.5968671e+00  -8.3967987e-02  -1.2508219e-02  -6.5012417e-03
  -1.7691973e-02   1.6568975e+00   3.6212179e+00  -8.4303339e-02  -1.3045669e-02  -5.8887545e-03
  -5.3698026e-03   1.6398340e+00   3.5510542e+00  -8.5849164e-02  -1.2704263e-02  -6.8021993e-03
  -4.7606719e-02   1.6442646e+00   3.6047863e+00  -8.5572312e-02  -1.3577563e-02  -6.0243291e-03
  -1.5170444e-02   1.6368397e+00   3.6006423e+00  -8.5403707e-02  -1.2554140e-02  -6.3739667e-03
   2.0170965e-03   1.6880654e+00   3.5839149e+00  -8.4940181e-02  -1.2119068e-02  -6.2743036e-03
  -3.4251913e-03   1.6432525e+00   3.6189095e+00  -8.4547645e-02  -1.2487902e-02  -6.6336085e-03
  -1.0999099e-02   1.6623228e+00   3.6642292e+00  -8.3284191e-02  -1.2666522e-02  -6.4207653e-03
  -2.3654110e-02   1.6707554e+00   3.6525195e+00  -8.3529204e-02  -1.2310134e-02  -6.2252091e-03
  -1.9970247e-02   1.6920096e+00   3.6792955e+00  -8.3267142e-02  -1.2850338e-02  -6.2182213e-03
  -2.3134827e-02   1.6474682e+00   3.6480371e+00  -8.5091052e-02  -1.2769626e-02  -5.8945767e-03
  -2.1734720e-02   1.6439086e+00   3.7307827e+00  -8.4394308e-02  -1.3104819e-02  -5.4607119e-03
  -4.4621854e-02   1.6309509e+00   3.7948241e+00  -8.5036805e-02  -1.3201414e-02  -5.1610598e-03
  -6.4993909e-02   1.6475578e+00   3.8176612e+00  -8.4469006e-02  -1.3711760e-02  -4.5201819e-03
  -3.2604264e-02   1.6772766e+00   3.8263633e+00  -8.4674418e-02  -1.2929218e-02  -4.7215125e-03
  -4.2638803e-02   1.6763886e+00   3.8432015e+00  -8.4711956e-02  -1.3563901e-02  -5.2878883e-03
  -3.0519017e-02   1.6839498e+00   3.8506981e+00  -8.4294154e-02  -1.3640346e-02  -5.7945156e-03
  -4.8901916e-02   1.6795498e+00   3.8308037e+00  -8.6041852e-02  -1.3696780e-02  -5.8198116e-03
  -2.0869131e-02   1.6405049e+00   3.8414746e+00  -8.6244319e-02  -1.3586880e-02  -6.2574791e-03
  -3.4142620e-02   1.6263336e+00   3.8842963e+00  -8.5136273e-02  -1.3732702e-02  -6.0168941e-03
  -4.0177818e-02   1.6658999e+00   3.8831434e+00  -8.5671601e-02  -1.3890178e-02  -5.9121306e-03
  -3.1487882e-02   1.6705072e+00   3.8824363e+00  -8.6280782e-02  -1.3203048e-02  -5.7646806e-03
  -1.8367883e-02   1.6555074e+00   3.8974265e+00  -8.5757497e-02  -1.3549324e-02  -6.1453605e-03
  -1.1610607e-02   1.6621379e+00   3.9556623e+00  -8.5262198e-02  -1.2939734e-02  -6.1214849e-03
  -2.1626731e-02   1.6704388e+00   3.9292645e+00  -8.6064228e-02  -1.3200247e-02  -5.9564982e-03
  -3.1326803e-02   1.6620901e+00   3.9302152e+00  -8.6273792e-02  -1.3187285e-02  -5.7744769e-03
  -2.0459518e-02   1.6609853e+00   3.8864035e+00  -8.7462180e-02  -1.3001693e-02  -5.8302897e-03
  -2.0436135e-02   1.6695425e+00   3.9509832e+00  -8.5665534e-02  -1.2719711e-02  -6.1419269e-03
  -2.2677036e-02   1.6749143e+00   3.8294876e+00  -8.5580074e-02  -1.2646230e-02  -5.3812507e-03
  -3.7209411e-02   1.6491265e+00   3.8923702e+00  -8.5370141e-02  -1.3753310e-02  -5.9270999e-03
  -3.4432867e-02   1.6214700e+00   3.9157353e+00  -8.6294060e-02  -1.3510443e-02  -5.6544360e-03
  -3.8362888e-03   1.6597361e+00   3.9827842e+00  -8.4595232e-02  -1.2530203e-02  -6.2944837e-03
  -2.9950764e-02   1.6515942e+00   4.0115753e+00  -8.5274328e-02  -1.3362255e-02  -5.5873530e-03
  -3.5631796e-02   1.6951703e+00   4.0242869e+00  -8.4924469e-02  -1.3300648e-02  -5.3960093e-03
  -7.4220533e-03   1.6875983e+00   4.0264682e+00  -8.5122243e-02  -1.2963988e-02  -5.9188799e-03
  -1.4313197e-02   1.6775145e+00   4.0500715e+00  -8.4690679e-02  -1.3219877e-02  -5.9556867e-03
  -3.3340194e-02   1.6891615e+00   4.0283548e+00  -8.5232398e-02  -1.3360667e-02  -5.5996885e-03
  -4.4956865e-02   1.6773414e+00   4.0664524e+00  -8.5657303e-02  -1.4107399e-02  -5.3361223e-03
  -3.8199724e-02   1.6865149e+00   4.1078505e+00  -8.5257400e-02  -1.3513423e-02  -5.7437427e-03
  -4.1052213e-02   1.7047343e+00   4.0288834e+00  -8.7352750e-02  -1.3621344e-02  -4.8356582e-03
  -3.5835669e-03   1.6900057e+00   4.0732056e+00  -8.4821083e-02  -1.2905467e-02  -6.2387975e-03
  -2.4529246e-02   1.6986815e+00   4.1428028e+00  -8.4780365e-02  -1.3725350e-02  -5.7272930e-03
  -3.3962600e-02   1.7111985e+00   4.1904523e+00  -8.4412293e-02  -1.3808622e-02  -5.6685485e-03
  -2.6333518e-02   1.6971691e+00   4.1707533e+00  -8.6281767e-02  -1.3895198e-02  -5.4583458e-03
  -2.7272498e-02   1.6727819e+00   4.1821813e+00  -8.6387567e-02  -1.3853757e-02  -5.9889182e-03
  -3.2747744e-02   1.6730964e+00   4.2197574e+00  -8.5011942e-02  -1.3996763e-02  -5.3212842e-03
  -4.7827790e-02   1.6845240e+00   4.2254789e+00  -8.5404189e-02  -1.4047562e-02  -5.0089442e-03
  -2.6387579e-02   1.6864116e+00   4.2098205e+00  -8.6261980e-02  -1.3616314e-02  -5.5791373e-03
  -3.2162853e-02   1.6552728e+00   4.2262766e+00  -8.5988390e-02  -1.3483957e-02  -5.5301338e-03
  -5.0595565e-02   1.6904231e+00   4.2266361e+00  -8.6006835e-02  -1.4055515e-02  -5.3677392e-03
  -1.9734154e-02   1.7080469e+00   4.2724005e+00  -8.5184171e-02  -1.3596516e-02  -5.7699757e-03
  -2.7060776e-02   1.7266275e+00   4.2693550e+00  -8.5319288e-02  -1.3599408e-02  -5.6459359e-03
  -1.7871873e-02   1.6945027e+00   4.2894341e+00  -8.5147330e-02  -1.3336215e-02  -5.8056829e-03
  -2.8999365e-02   1.7146182e+00   4.2999380e+00  -8.4893814e-02  -1.3789911e-02  -5.8815841e-03
  -3.7713522e-02   1.7059210e+00   4.2699993e+00  -8.6453747e-02  -1.3362286e-02  -5.3956844e-03
  -3.0253310e-02   1.7217342e+00   4.3215292e+00  -8.4699830e-02  -1.3588734e-02  -6.1925080e-03
  -4.7614661e-02   1.7091654e+00   4.3209477e+00  -8.5745151e-02  -1.3230526e-02  -5.0377428e-03
  -3.7437890e-02   1.6981958e+00   4.3463686e+00  -8.5695753e-02  -1.3693386e-02  -5.7410916e-03
  -2.9961201e-02   1.7171692e+00   4.3884392e+00  -8.5007728e-02  -1.3877210e-02  -5.7264633e-03
  -4.3959279e-02   1.7244501e+00   4.3968969e+00  -8.5141468e-02  -1.3922145e-02  -5.5882963e-03
  -2.7649487e-02   1.7086940e+00   4.3844037e+00  -8.5975062e-02  -1.3375898e-02  -5.4425467e-03
  -1.3800540e-02   1.7063713e+00   4.3836616e+00  -8.6118680e-02  -1.3695078e-02  -6.1757699e-03
   2.0065471e-03   1.7105965e+00   4.4131265e+00  -8.5532181e-02  -1.3215606e-02  -6.3899408e-03
  -1.1339672e-03   1.7022778e+00   4.4173849e+00  -8.5483717e-02  -1.3390588e-02  -6.1898381e-03
  -1.0294194e-03   1.7290184e+00   4.4491073e+00  -8.5503861e-02  -1.3073724e-02  -6.1667828e-03
   1.3683650e-04   1.7160850e+00   4.4224444e+00  -8.5876589e-02  -1.2879305e-02  -6.1626454e-03
   6.9406791e-03   1.7249245e+00   4.4542626e+00  -8.5606496e-02  -1.3328884e-02  -6.4243396e-03
  -7.6758945e-03   1.7310403e+00   4.4593159e+00  -8.5187785e-02  -1.3184847e-02  -5.9911764e-03
  -8.7019765e-03   1.7344715e+00   4.4854792e+00  -8.5326687e-02  -1.2861354e-02  -5.8580090e-03
  -6.8664367e-03   1.7241881e+00   4.4622183e+00  -8.4928827e-02  -1.3319746e-02  -6.5265190e-03
  -1.4421015e-02   1.7394132e+00   4.5051152e+00  -8.4658608e-02  -1.3271102e-02  -6.3132857e-03
   1.0400384e-02   1.7438980e+00   4.4990270e+00  -8.5452833e-02  -1.3146845e-02  -6.2093191e-03
  -1.1894220e-02   1.6956964e+00   4.5225772e+00  -8.5911562e-02  -1.3154743e-02  -5.9987895e-03
  -5.4861563e-03   1.6884260e+00   4.4895924e+00  -8.6458137e-02  -1.2961158e-02  -6.1108849e-03
  -9.1706705e-04   1.7001882e+00   4.5192643e+00  -8.5585054e-02  -1.2447022e-02  -5.9512914e-03
   4.5091136e-03   1.7219291e+00   4.5595053e+00  -8.5584718e-02  -1.2884360e-02  -6.1360277e-03
  -1.0788350e-04   1.7420382e+00   4.5518535e+00  -8.5252124e-02  -1.2810462e-02  -6.0384467e-03
   2.3936656e-03   1.7466117e+00   4.4500782e+00  -8.6034406e-02  -1.3156095e-02  -6.4825024e-03
  -2.4783426e-02   1.7417728e+00   4.4794204e+00  -8.5614426e-02  -1.3382343e-02  -6.5171485e-03
  -1.6417158e-02   1.6958566e+00   4.5126659e+00  -8.6349442e-02  -1.3551890e-02  -6.7115389e-03
   2.1283443e-02   1.7531159e+00   4.5591955e+00  -8.4219418e-02  -1.2719166e-02  -6.8168317e-03
   1.1489964e-02   1.7579479e+00   4.6445919e+00  -8.4945119e-02  -1.3263450e-02  -6.7609079e-03
  -6.9223702e-03   1.7564791e+00   4.6775330e+00  -8.4854049e-02  -1.3238952e-02  -6.1564214e-03
   2.5505637e-03   1.7750596e+00   4.6686122e+00  -8.5500319e-02  -1.3322858e-02  -6.1537617e-03
  -1.1965467e-02   1.7814856e+00   4.6675509e+00  -8.5514844e-02  -1.3701878e-02  -6.2127413e-03
  -9.1182823e-03   1.7865091e+00   4.6730879e+00  -8.5548717e-02  -1.2723088e-02  -5.9247133e-03
  -1.3054265e-02   1.7315484e+00   4.7047214e+00  -8.4841502e-02  -1.3825866e-02  -6.3006322e-03
  -4.5420054e-02   1.7368116e+00   4.7459402e+00  -8.5119671e-02  -1.3829415e-02  -4.9511952e-03
  -5.2094646e-02   1.7721937e+00   4.7962903e+00  -8.4410523e-02  -1.3950043e-02  -4.7445410e-03
  -6.6675843e-03   1.7448715e+00   4.7072665e+00  -8.6327736e-02  -1.3448648e-02  -5.8166063e-03
  -6.2178917e-03   1.7283242e+00   4.7421607e+00  -8.5310460e-02  -1.3472359e-02  -6.0372583e-03
  -4.2712004e-02   1.7575961e+00   4.7877029e+00  -8.4446269e-02  -1.4158943e-02  -5.0050988e-03
  -2.9630509e-02   1.7662789e+00   4.8010424e+00  -8.4904994e-02  -1.3793477e-02  -5.2751422e-03
  -1.9976192e-02   1.7528289e+00   4.8017025e+00  -8.5214047e-02  -1.3555282e-02  -5.5565897e-03
  -7.4048811e-03   1.7369614e+00   4.7765127e+00  -8.5467160e-02  -1.3212313e-02  -5.8092954e-03
   5.9959371e-03   1.7468430e+00   4.7635771e+00  -8.5810163e-02  -1.3097008e-02  -6.0605728e-03
   2.1862316e-03   1.7418614e+00   4.8185944e+00  -8.5305830e-02  -1.3291566e-02  -6.1074273e-03
   1.1579204e-03   1.7632305e+00   4.8108404e+00  -8.5513235e-02  -1.3267434e-02  -5.9801931e-03
   1.9467534e-02   1.7579708e+00   4.8217993e+00  -8.5872887e-02  -1.3127299e-02  -6.2872025e-03
  -2.9340996e-03   1.7674010e+00   4.8343615e+00  -8.5468254e-02  -1.2585640e-02  -6.0467721e-03
   8.1655374e-03   1.7562894e+00   4.8459050e+00  -8.5362958e-02  -1.3217719e-02  -6.2834593e-03
   5.7174560e-03   1.7746072e+00   4.8858745e+00  -8.4527806e-02  -1.2687873e-02  -5.8925151e-03
  -1.2184348e-02   1.7463624e+00   4.8013631e+00  -8.6850514e-02  -1.3005528e-02  -5.6201752e-03
  -1.0618417e-02   1.7543309e+00   4.8743049e+00  -8.5100289e-02  -1.3819924e-02  -6.5127756e-03
  -4.5649491e-02   1.7673023e+00   4.9385339e+00  -8.4229051e-02  -1.3949481e-02  -5.0476040e-03
  -3.4529503e-02   1.7835368e+00   4.9717115e+00  -8.4005447e-02  -1.3982736e-02  -5.3945613e-03
  -3.6765886e-02   1.7589135e+00   4.9264855e+00  -8.5654319e-02  -1.3963445e-02  -5.4953484e-03
  -1.6657691e-02   1.7595206e+00   4.9454386e+00  -8.5088618e-02  -1.3732413e-02  -5.6266703e-03
  -1.0571526e-02   1.7533538e+00   4.9504807e+00  -8.5726098e-02  -1.3822116e-02  -5.9292205e-03
  -2.3748250e-02   1.7616465e+00   4.9577335e+00  -8.5568922e-02  -1.3898278e-02  -5.8833241e-03
  -3.6062776e-03   1.7685844e+00   4.9584832e+00  -8.5220403e-02  -1.3312313e-02  -6.1207902e-03
  -1.0260329e-03   1.7594300e+00   4.9504765e+00  -8.5671422e-02  -1.3415547e-02  -5.8710177e-03
  -1.8231889e-02   1.7514797e+00   4.9628798e+00  -8.5321924e-02  -1.2849640e-02  -5.8737943e-03
  -1.9327176e-02   1.7720571e+00   4.9659882e+00  -8.5481993e-02  -1.2634548e-02  -5.6213605e-03
   6.0496527e-03   1.7474303e+00   5.0021311e+00  -8.4775214e-02  -1.2311162e-02  -6.1013912e-03
   1.9157656e-03   1.7580459e+00   5.0741840e+00  -8.4602857e-02  -1.3125098e-02  -6.3204375e-03
  -8.0766588e-03   1.7838902e+00   5.1026978e+00  -8.4029220e-02  -1.2999580e-02  -5.7166588e-03
  -7.2664341e-03   1.7837125e+00   5.1020801e+00  -8.4723820e-02  -1.2916523e-02  -5.4894557e-03
  -8.3633378e-03   1.7701440e+00   5.0945752e+00  -8.4872553e-02  -1.2710130e-02  -5.8409234e-03
  -1.1208542e-02   1.7790715e+00   5.0861128e+00  -8.5586253e-02  -1.2945087e-02  -5.6074505e-03
  -1.5009499e-03   1.7608885e+00   5.0925661e+00  -8.5495933e-02  -1.3551184e-02  -6.0333920e-03
  -1.7877865e-02   1.7794212e+00   5.1154389e+00  -8.5897855e-02  -1.2928366e-02  -5.6233127e-03
  -7.1828432e-03   1.7754728e+00   5.1345210e+00  -8.5479076e-02  -1.3365326e-02  -5.6635562e-03
  -8.5582542e-03   1.8128252e+00   5.1495147e+00  -8.4902107e-02  -1.2864499e-02  -5.5562949e-03
   1.2144754e-02   1.7748871e+00   5.1362160e+00  -8.4908421e-02  -1.3294562e-02  -6.1789158e-03
  -2.1252151e-02   1.7704693e+00   5.1664277e+00  -8.5444358e-02  -1.3387277e-02  -5.8818980e-03
  -1.1031880e-02   1.7714106e+00   5.1970867e+00  -8.4923683e-02  -1.3296340e-02  -5.6859867e-03
   1.7796934e-03   1.7775703e+00   5.1791411e+00  -8.5063421e-02  -1.2891107e-02  -5.8561208e-03
   3.0762679e-03   1.7737248e+00   5.1732975e+00  -8.4816693e-02  -1.3000854e-02  -5.6726681e-03
   3.7568234e-03   1.7711876e+00   5.1857412e+00  -8.5259242e-02  -1.2827120e-02  -6.0839772e-03
  -2.3033277e-03   1.7704399e+00   5.2041992e+00  -8.5395712e-02  -1.3132380e-02  -5.7474494e-03
   1.1834056e-02   1.7780572e+00   5.2118863e+00  -8.5267634e-02  -1.3074023e-02  -6.3016944e-03
   4.7693727e-03   1.7798667e+00   5.2076143e+00  -8.5524776e-02  -1.3269033e-02  -6.0602890e-03
   3.1135855e-03   1.7909713e+00   5.2331332e+00  -8.4967788e-02  -1.3387740e-02  -6.5654939e-03
   9.2679181e-04   1.7643233e+00   5.2353243e+00  -8.5091988e-02  -1.2930578e-02  -6.1648306e-03
  -3.0265965e-03   1.7890991e+00   5.2400878e+00  -8.5326766e-02  -1.3176908e-02  -6.1044828e-03
  -3.9896672e-03   1.7978227e+00   5.2462495e+00  -8.5151305e-02  -1.3302521e-02  -6.1451055e-03
  -6.0025146e-03   1.7856988e+00   5.2086844e+00  -8.5830986e-02  -1.3210986e-02  -5.9762580e-03
   2.1901045e-03   1.7791706e+00   5.2958878e+00  -8.4673068e-02  -1.2910810e-02  -6.1701812e-03
  -5.3361044e-03   1.8012088e+00   5.2766002e+00  -8.5263213e-02  -1.3376398e-02  -6.0065648e-03
   2.5340243e-02   1.8053379e+00   5.3132800e+00  -8.5011993e-02  -1.2951491e-02  -6.7616331e-03
  -2.1930271e-02   1.8034998e+00   5.3320291e+00  -8.4690308e-02  -1.3056376e-02  -5.7743566e-03
   1.1467553e-02   1.8245941e+00   5.3769520e+00  -8.4550084e-02  -1.2926778e-02  -6.1235923e-03
   6.4388191e-03   1.8168381e+00   5.3356155e+00  -8.5449176e-02  -1.2890016e-02  -6.0549061e-03
   9.2328139e-03   1.8081626e+00   5.3523476e+00  -8.4871062e-02  -1.2555248e-02  -6.0504315e-03
   1.6308982e-03   1.7905376e+00   5.3645607e+00  -8.4970868e-02  -1.2547717e-02  -6.2510674e-03
  -7.1834571e-03   1.7841117e+00   5.3724223e+00  -8.5178100e-02  -1.3163102e-02  -6.3036761e-03
   2.4096892e-03   1.7832205e+00   5.3875629e+00  -8.5240244e-02  -1.2737550e-02  -6.3783759e-03
  -3.6443382e-03   1.7935459e+00   5.4062386e+00  -8.5012735e-02  -1.2786497e-02  -6.2551656e-03
  -1.7009271e-03   1.8003470e+00   5.4233466e+00  -8.5311402e-02  -1.2719197e-02  -6.1809841e-03
   3.6035486e-03   1.8071002e+00   5.4461252e+00  -8.4931027e-02  -1.2706487e-02  -6.0800094e-03
   1.5304346e-02   1.8104975e+00   5.4261543e+00  -8.5641266e-02  -1.2829905e-02  -6.2422879e-03
   1.4119891e-02   1.8264403e+00   5.4635013e+00  -8.5127921e-02  -1.3114697e-02  -6.5734976e-03
   2.3466743e-02   1.8054136e+00   5.4494268e+00  -8.5754529e-02  -1.2792708e-02  -6.2090454e-03
   3.1888195e-02   1.7933537e+00   5.4515393e+00  -8.5302068e-02  -1.2564935e-02  -6.4693251e-03
   6.5743077e-03   1.7780794e+00   5.4572118e+00  -8.5251075e-02  -1.2967785e-02  -6.3556568e-03
   1.5956685e-02   1.8070258e+00   5.4668046e+00  -8.5419319e-02  -1.2881549e-02  -6.1434675e-03
  -1.5220986e-02   1.8136789e+00   5.5081567e+00  -8.5489782e-02  -1.3113936e-02  -5.8861134e-03
  -1.3614838e-02   1.7973641e+00   5.5358080e+00  -8.5637427e-02  -1.3286650e-02  -5.5286498e-03
  -1.5124367e-02   1.7840130e+00   5.5238603e+00  -8.5688624e-02  -1.3284447e-02  -5.5403287e-03
  -1.2627505e-02   1.8044747e+00   5.5375887e+00  -8.5827540e-02  -1.3242673e-02  -5.6127069e-03
  -9.8801454e-03   1.8164882e+00   5.5309497e+00  -8.5626101e-02  -1.3292863e-02  -5.5499720e-03
  -9.8723794e-03   1.8201810e+00   5.5697425e+00  -8.5044800e-02  -1.3007489e-02  -5.4985787e-03
   3.7391290e-04   1.8207513e+00   5.5916159e+00  -8.4755742e-02  -1.2986008e-02  -5.8494801e-03
  -2.9686596e-03   1.7830259e+00   5.5882630e+00  -8.5681358e-02  -1.2837102e-02  -5.9250671e-03
  -6.9235096e-03   1.7942338e+00   5.5626209e+00  -8.6731973e-02  -1.2942812e-02  -6.0950783e-03
  -4.7240502e-03   1.7752365e+00   5.5192877e+00  -8.5192725e-02  -1.2914480e-02  -6.4271646e-03
  -2.1223599e-02   1.7624871e+00   5.5305386e+00  -8.6024246e-02  -1.3229570e-02  -6.1314100e-03
  -1.8812856e-02   1.7625605e+00   5.5835858e+00  -8.5631705e-02  -1.3025003e-02  -6.0665576e-03
  -1.1125582e-05   1.7814472e+00   5.6641283e+00  -8.4825183e-02  -1.2792798e-02  -6.0265967e-03
  -5.9884305e-03   1.8220120e+00   5.6140334e+00  -8.5563443e-02  -1.3255296e-02  -5.7022674e-03
  -1.0862468e-02   1.7967249e+00   5.6492934e+00  -8.5544720e-02  -1.2921820e-02  -5.5833769e-03
  -1.4987435e-04   1.7999209e+00   5.6513487e+00  -8.5709967e-02  -1.2759932e-02  -5.8294327e-03
  -1.4293747e-02   1.7955551e+00   5.6710054e+00  -8.5552932e-02  -1.2819651e-02  -5.7525487e-03
  -2.1007508e-02   1.7952471e+00   5.6951685e+00  -8.5126598e-02  -1.2960466e-02  -5.6378559e-03
  -1.6841674e-02   1.8063797e+00   5.6771891e+00  -8.5816180e-02  -1.3700358e-02  -6.0840392e-03
  -1.5078062e-02   1.7991824e+00   5.7118636e+00  -8.5709171e-02  -1.3216099e-02  -5.6826698e-03
  -4.0072167e-03   1.7967274e+00   5.7172271e+00  -8.6350031e-02  -1.3291970e-02  -6.0302929e-03
  -1.3449577e-02   1.7917010e+00   5.7031336e+00  -8.7084112e-02  -1.3285521e-02  -6.1553425e-03
  -5.9591848e-03   1.8014686e+00   5.7481940e+00  -8.5609729e-02  -1.3491023e-02  -6.0812865e-03
   5.4583834e-04   1.8146914e+00   5.7527931e+00  -8.5374185e-02  -1.2857414e-02  -5.7735396e-03
   3.3370827e-03   1.8278617e+00   5.7448037e+00  -8.6970095e-02  -1.2993993e-02  -5.8355608e-03
   1.5728900e-02   1.8068317e+00   5.7530607e+00  -8.5914528e-02  -1.2905357e-02  -6.3533368e-03
   7.9815380e-04   1.8039821e+00   5.7838490e+00  -8.5566840e-02  -1.3015387e-02  -6.0887713e-03
  -1.7603654e-03   1.8015804e+00   5.7862687e+00  -8.5797266e-02  -1.3137821e-02  -6.2663029e-03
  -7.5005961e-03   1.8076006e+00   5.8035281e+00  -8.6097029e-02  -1.3102241e-02  -6.0210618e-03
   5.5903678e-03   1.7974934e+00   5.8275087e+00  -8.5612669e-02  -1.2932534e-02  -6.1206896e-03
   1.2068332e-02   1.8110289e+00   5.8113184e+00  -8.6247138e-02  -1.3188926e-02  -6.3675810e-03
   9.9731760e-03   1.8111139e+00   5.8447656e+00  -8.5547302e-02  -1.3179605e-02  -6.0051492e-03
   2.9956104e-02   1.8174990e+00   5.8651177e+00  -8.5698656e-02  -1.2864517e-02  -6.5465449e-03
   2.1054359e-02   1.8183912e+00   5.8781293e+00  -8.5703341e-02  -1.2593634e-02  -5.9801713e-03
   2.3545483e-02   1.8115304e+00   5.8846042e+00  -8.6111341e-02  -1.2686540e-02  -6.2407678e-03
   2.9439109e-02   1.8113366e+00   5.8779995e+00  -8.5812198e-02  -1.2637821e-02  -6.2492045e-03
   1.4158811e-02   1.8122989e+00   5.9035457e+00  -8.5766299e-02  -1.2682391e-02  -5.9268213e-03
   3.4702197e-02   1.8174510e+00   5.8890660e+00  -8.6002800e-02  -1.2688656e-02  -6.3762691e-03
   1.6789972e-02   1.8205637e+00   5.9408885e+00  -8.5390830e-02  -1.2467350e-02  -6.0795080e-03
   1.9563247e-02   1.8329885e+00   5.9361553e+00  -8.5412319e-02  -1.2560437e-02  -6.0651550e-03
   3.8906758e-02   1.8029717e+00   5.8891200e+00  -8.6418066e-02  -1.2071953e-02  -6.6531358e-03
   2.2655856e-02   1.7790549e+00   5.9344188e+00  -8.4889687e-02  -1.2392245e-02  -6.1610700e-03
   4.8939092e-02   1.8052152e+00   5.9669786e+00  -8.5525785e-02  -1.2495121e-02  -6.5790820e-03
   3.1276217e-02   1.8043221e+00   6.0085564e+00  -8.5315251e-02  -1.2266646e-02  -6.2631898e-03
   3.0670905e-02   1.8270566e+00   6.0301998e+00  -8.5512680e-02  -1.2395650e-02  -6.3645296e-03
   2.6055133e-02   1.8378893e+00   6.0666823e+00  -8.5656583e-02  -1.2560939e-02  -6.2206490e-03
   1.1140531e-02   1.8200861e+00   6.0626935e+00  -8.5301312e-02  -1.2402826e-02  -5.7152537e-03
   9.4092300e-03   1.8308836e+00   6.0851885e+00  -8.5306111e-02  -1.2330541e-02  -5.4764469e-03
   7.0926650e-03   1.8334848e+00   6.0912591e+00  -8.5695723e-02  -1.2674982e-02  -5.2376197e-03
   1.8154590e-02   1.8440180e+00   6.0739707e+00  -8.5286687e-02  -1.2944799e-02  -5.7674624e-03
   3.6190341e-03   1.8484264e+00   6.1104188e+00  -8.5423495e-02  -1.2713770e-02  -5.5895962e-03
   2.4287876e-02   1.8367434e+00   6.1057666e+00  -8.5638811e-02  -1.2705107e-02  -5.7583249e-03
  -5.8389221e-04   1.8379610e+00   6.0951034e+00  -8.6347532e-02  -1.2763677e-02  -5.3776250e-03
   2.0772163e-02   1.8166627e+00   6.1224788e+00  -8.5772800e-02  -1.2436630e-02  -5.7204045e-03
   1.9068994e-02   1.8193592e+00   6.1144161e+00  -8.5951714e-02  -1.2581309e-02  -5.4845747e-03
   2.3701089e-02   1.8189446e+00   6.1361706e+00  -8.6040844e-02  -1.2323449e-02  -5.7359496e-03
   2.1045752e-02   1.8150301e+00   6.1575407e+00  -8.5590928e-02  -1.2762932e-02  -6.1470876e-03
   9.0830371e-03   1.8091400e+00   6.1464776e+00  -8.6018186e-02  -1.2422771e-02  -5.4628001e-03
   2.0957084e-02   1.8395625e+00   6.1472738e+00  -8.6072506e-02  -1.2552102e-02  -5.9756668e-03
   2.0582481e-02   1.8405579e+00   6.1576905e+00  -8.6383303e-02  -1.2297639e-02  -5.7424749e-03
   2.3759115e-02   1.8287791e+00   6.1772396e+00  -8.6315507e-02  -1.2352744e-02  -6.0568690e-03
   1.5348433e-02   1.7986591e+00   6.1737014e+00  -8.7294189e-02  -1.2576933e-02  -5.7698189e-03
   2.4230933e-02   1.8117402e+00   6.2047307e+00  -8.5533458e-02  -1.2597961e-02  -6.1909329e-03
  -4.0773995e-03   1.8038947e+00   6.2196830e+00  -8.6009680e-02  -1.2683365e-02  -5.5217976e-03
   2.0372450e-02   1.8500912e+00   6.2524515e+00  -8.6049277e-02  -1.2560598e-02  -5.9213374e-03
  -4.5139482e-03   1.8504101e+00   6.2346649e+00  -8.6404176e-02  -1.2801498e-02  -5.6207972e-03
  -1.4407033e-02   1.8182981e+00   6.2109967e+00  -8.6996201e-02  -1.2967848e-02  -5.5442235e-03
  -1.0342530e-02   1.8193995e+00   6.2350079e+00  -8.6515707e-02  -1.2920431e-02  -5.0917679e-03
  -3.0767198e-03   1.8304651e+00   6.2415889e+00  -8.6960030e-02  -1.2433446e-02  -5.1608012e-03
   8.2944102e-03   1.8411890e+00   6.2265556e+00  -8.6737234e-02  -1.2458633e-02  -5.9539601e-03
  -2.0752444e-03   1.8341692e+00   6.2661041e+00  -8.6207318e-02  -1.2590790e-02  -5.4855928e-03
  -1.6769809e-02   1.8137483e+00   6.2685178e+00  -8.6346176e-02  -1.2833822e-02  -5.3754749e-03
   6.3694172e-04   1.8173586e+00   6.2378458e+00  -8.6851441e-02  -1.2603955e-02  -5.6198504e-03
   1.7600735e-02   1.8187123e+00   6.2830242e+00  -8.5672335e-02  -1.2587919e-02  -5.9362160e-03
  -5.3311497e-03   1.8204807e+00   6.2987096e+00  -8.5973023e-02  -1.2785936e-02  -5.5312762e-03
   1.1072129e-02   1.8422990e+00   6.3350878e+00  -8.5629157e-02  -1.2664150e-02  -5.6503667e-03
   2.6190746e-02   1.8356945e+00   6.3449589e+00  -8.5868322e-02  -1.2457255e-02  -5.9693097e-03
  -2.3762683e-03   1.8249940e+00   6.3197467e+00  -8.6965175e-02  -1.2974523e-02  -5.4210887e-03
   1.7548367e-02   1.8270021e+00   6.3507614e+00  -8.6311534e-02  -1.2476711e-02  -5.9072592e-03
   1.2453495e-02   1.8628485e+00   6.3675620e+00  -8.5852697e-02  -1.2353592e-02  -5.5091156e-03
   1.3711219e-02   1.8211232e+00   6.3578909e+00  -8.6769960e-02  -1.3043350e-02  -5.8447447e-03
   1.3692532e-02   1.8353448e+00   6.3859680e+00  -8.6674074e-02  -1.2544824e-02  -5.6161135e-03
   2.0442850e-02   1.8429210e+00   6.4204113e+00  -8.5856358e-02  -1.2602090e-02  -5.6274054e-03
   2.0381975e-02   1.8420647e+00   6.3758179e+00  -8.6772530e-02  -1.2883826e-02  -5.8362890e-03
   1.0408468e-02   1.8470610e+00   6.3773905e+00  -8.6930869e-02  -1.2645663e-02  -5.6769565e-03
   2.1309707e-02   1.8088127e+00   6.3943603e+00  -8.6790160e-02  -1.2555450e-02  -5.9678504e-03
  -3.6592921e-03   1.8374135e+00   6.4448979e+00  -8.5822083e-02  -1.2751449e-02  -5.4710422e-03
   1.4038122e-02   1.8385706e+00   6.4754483e+00  -8.6168900e-02  -1.2772324e-02  -5.6986682e-03
   2.4260040e-02   1.8453506e+00   6.4649890e+00  -8.6016591e-02  -1.2903055e-02  -5.9507935e-03
   1.0725515e-02   1.8411234e+00   6.4688849e+00  -8.7570293e-02  -1.2688174e-02  -5.5328957e-03
   2.5843924e-02   1.8369090e+00   6.4743731e+00  -8.6602942e-02  -1.2427045e-02  -6.0431331e-03
   2.7793936e-02   1.8471077e+00   6.4820112e+00  -8.6527930e-02  -1.2680784e-02  -6.3940583e-03
   1.7174717e-02   1.8446281e+00   6.5019712e+00  -8.7171084e-02  -1.2699614e-02  -5.6715954e-03
   1.4219523e-02   1.8456431e+00   6.5159406e+00  -8.6710422e-02  -1.2637556e-02  -5.7738586e-03
   3.5236076e-02   1.8616741e+00   6.5225010e+00  -8.6426600e-02  -1.2438868e-02  -6.2122090e-03
   2.9089679e-02   1.8545532e+00   6.5476191e+00  -8.6448434e-02  -1.2727279e-02  -6.2110491e-03
   6.8569867e-03   1.8331515e+00   6.5447685e+00  -8.6744604e-02  -1.2592439e-02  -5.4021372e-03
   2.3469751e-02   1.8538607e+00   6.5760142e+00  -8.6807528e-02  -1.2930619e-02  -5.9740601e-03
   4.3614435e-02   1.8659821e+00   6.5694964e+00  -8.7139239e-02  -1.2400202e-02  -6.1228221e-03
   1.8312560e-02   1.8458350e+00   6.6042193e+00  -8.6711037e-02  -1.2467956e-02  -5.5482690e-03
   3.2633989e-02   1.8503300e+00   6.6092058e+00  -8.6841058e-02  -1.2570008e-02  -5.9439017e-03
   4.0842964e-02   1.8436730e+00   6.5914298e+00  -8.6955856e-02  -1.2367689e-02  -5.8699777e-03
   4.1622279e-02   1.8401586e+00   6.6370519e+00  -8.6923460e-02  -1.2718590e-02  -6.3292901e-03
   4.6573016e-02   1.8760855e+00   6.6375586e+00  -8.6342690e-02  -1.2422585e-02  -5.7856751e-03
   2.5627497e-02   1.8655785e+00   6.6422179e+00  -8.5923802e-02  -1.2614439e-02  -5.4911630e-03
   2.7546471e-02   1.8889636e+00   6.6344002e+00  -8.6318835e-02  -1.2905595e-02  -5.8475823e-03
   2.6106546e-02   1.8570472e+00   6.6268184e+00  -8.7069813e-02  -1.2468162e-02  -5.8639362e-03
   2.0339657e-02   1.8673034e+00   6.5863960e+00  -8.8202512e-02  -1.2893041e-02  -5.7882336e-03
   4.6128926e-02   1.8886131e+00   6.6393778e+00  -8.7198094e-02  -1.1611007e-02  -5.8554602e-03
   3.3092058e-02   1.8273679e+00   6.7102997e+00  -8.6996720e-02  -1.3558410e-02  -5.9697498e-03
   1.1483664e-02   1.8407929e+00   6.7792575e+00  -8.6214639e-02  -1.3510325e-02  -5.7467864e-03
   2.1294185e-02   1.8638128e+00   6.7829326e+00  -8.6031853e-02  -1.3198666e-02  -6.1119919e-03
   2.0662824e-02   1.8538422e+00   6.8207941e+00  -8.5740022e-02  -1.3138973e-02  -5.6123480e-03
   1.0842908e-02   1.8770199e+00   6.7965092e+00  -8.6027287e-02  -1.2976746e-02  -5.7073736e-03
   1.8841649e-02   1.8670445e+00   6.7662181e+00  -8.7111291e-02  -1.3339483e-02  -5.7380431e-03
   2.4974163e-02   1.8759402e+00   6.7857383e+00  -8.6337914e-02  -1.3227716e-02  -6.0218119e-03
   3.4455838e-02   1.8657865e+00   6.7227662e+00  -8.8182127e-02  -1.2849614e-02  -6.2793825e-03
   2.9097122e-02   1.8563003e+00   6.7816617e+00  -8.6205182e-02  -1.2917175e-02  -6.4340109e-03
   2.8617412e-02   1.8649774e+00   6.8113315e+00  -8.6459577e-02  -1.2633754e-02  -6.5379090e-03
   1.4658514e-02   1.8663439e+00   6.8530403e+00  -8.6600859e-02  -1.3006888e-02  -5.8742496e-03
   2.2605496e-02   1.8498044e+00   6.8204115e+00  -8.7120198e-02  -1.3183450e-02  -6.2552650e-03
   3.1408423e-02   1.8546826e+00   6.8328510e+00  -8.6942676e-02  -1.2466508e-02  -5.9588075e-03
   2.5432786e-02   1.9008066e+00   6.8502374e+00  -8.6386366e-02  -1.2831604e-02  -6.1523845e-03
   3.4501944e-02   1.9034718e+00   6.8139565e+00  -8.8047172e-02  -1.2710680e-02  -5.7946551e-03
   5.0327622e-02   1.8829883e+00   6.8352246e+00  -8.7656481e-02  -1.2735990e-02  -6.4323315e-03
   4.7269626e-02   1.8804210e+00   6.8612361e+00  -8.7033987e-02  -1.2708298e-02  -6.4001951e-03
   2.5962101e-02   1.8756900e+00   6.8886185e+00  -8.6678938e-02  -1.2752523e-02  -5.7534639e-03
   3.1723433e-02   1.8504908e+00   6.8604417e+00  -8.7515401e-02  -1.2762993e-02  -6.2192427e-03
   3.2646699e-02   1.8420494e+00   6.8678395e+00  -8.7532444e-02  -1.3084431e-02  -6.2944337e-03
   3.6026139e-02   1.8509366e+00   6.8554722e+00  -8.8332240e-02  -1.3015718e-02  -6.0701728e-03
   3.3274260e-02   1.8645503e+00   6.9064330e+00  -8.6982438e-02  -1.2981765e-02  -6.0158794e-03
   2.7810200e-02   1.8551987e+00   6.8865131e+00  -8.7707734e-02  -1.2927760e-02  -6.1164967e-03
   3.3427679e-02   1.8700694e+00   6.9213861e+00  -8.6709091e-02  -1.3021359e-02  -5.7676582e-03
   2.0424645e-02   1.8764143e+00   6.9401840e+00  -8.7453794e-02  -1.2851483e-02  -5.7990371e-03
   2.5724625e-02   1.8577265e+00   6.9346706e+00  -8.7478534e-02  -1.2762287e-02  -5.5999757e-03
   1.2921946e-02   1.8661535e+00   6.9372691e+00  -8.7063926e-02  -1.2947448e-02  -5.4664483e-03
   4.4026697e-02   1.8858080e+00   6.9390036e+00  -8.7279261e-02  -1.2841027e-02  -6.1608624e-03
   3.0582048e-02   1.8798707e+00   6.9663033e+00  -8.7313676e-02  -1.2896205e-02  -5.9940457e-03
   3.2313714e-02   1.8620031e+00   7.0028959e+00  -8.7117572e-02  -1.2861813e-02  -5.3051082e-03
   3.9528185e-02   1.8766797e+00   6.9909889e+00  -8.7015759e-02  -1.3078131e-02  -5.8129274e-03
   3.2274968e-02   1.8729705e+00   6.9834444e+00  -8.8061534e-02  -1.2885067e-02  -5.8653391e-03
   4.8967216e-02   1.8964119e+00   6.9843764e+00  -8.7893938e-02  -1.3044509e-02  -6.0249513e-03
   3.6813591e-02   1.8809741e+00   7.0151639e+00  -8.7505684e-02  -1.3008286e-02  -5.8865722e-03
   2.7855153e-02   1.8785877e+00   7.0017431e+00  -8.7931860e-02  -1.3344229e-02  -5.9132121e-03
   3.6756288e-02   1.8676379e+00   7.0064436e+00  -8.7940022e-02  -1.2855138e-02  -5.9193015e-03
   2.8515033e-02   1.8773688e+00   7.0364396e+00  -8.7730199e-02  -1.3299420e-02  -5.9045105e-03
   4.5637642e-02   1.8884777e+00   7.0385341e+00  -8.7733643e-02  -1.2935074e-02  -6.1791094e-03
   4.2936924e-02   1.8678505e+00   7.0608825e+00  -8.7834973e-02  -1.3399161e-02  -6.4708333e-03
   5.8078008e-02   1.8713590e+00   7.0827297e+00  -8.6878838e-02  -1.3015297e-02  -6.4274525e-03
   2.9991410e-02   1.8833973e+00   7.1069668e+00  -8.7175299e-02  -1.3345766e-02  -5.5393730e-03
   3.0489314e-02   1.8768353e+00   7.0779963e+00  -8.7507554e-02  -1.3368562e-02  -5.8127692e-03
   4.1749310e-02   1.8819950e+00   7.1127004e+00  -8.6693177e-02  -1.3112870e-02  -6.0942186e-03
   3.1650403e-02   1.8884091e+00   7.1186040e+00  -8.6898090e-02  -1.3379805e-02  -5.8551626e-03
   2.7662774e-02   1.8808822e+00   7.0971872e+00  -8.7888258e-02  -1.3264054e-02  -5.9299672e-03
   2.1989232e-02   1.8648392e+00   7.1235160e+00  -8.7274719e-02  -1.3361318e-02  -5.7877322e-03
   2.8608154e-02   1.8416677e+00   7.1173997e+00  -8.7493382e-02  -1.3509795e-02  -6.0198845e-03
   3.7521812e-02   1.8701357e+00   7.1474704e+00  -8.6846585e-02  -1.3496893e-02  -6.3700860e-03
   9.7934169e-03   1.8982876e+00   7.1850710e+00  -8.6428143e-02  -1.3268423e-02  -5.4927624e-03
   4.6594140e-02   1.8806243e+00   7.1575672e+00  -8.7695963e-02  -1.2959287e-02  -6.4508113e-03
   4.9138884e-02   1.8895137e+00   7.1480337e+00  -8.7349486e-02  -1.3026011e-02  -6.3401685e-03
   2.5466482e-02   1.8858660e+00   7.1636913e+00  -8.7696820e-02  -1.3317183e-02  -5.6375528e-03
   5.3746676e-02   1.8714791e+00   7.2067400e+00  -8.6964907e-02  -1.3193683e-02  -6.3091942e-03
   3.7538536e-02   1.8868653e+00   7.2167520e+00  -8.6788688e-02  -1.3232998e-02  -5.7377929e-03
   4.6836975e-02   1.8881275e+00   7.2106471e+00  -8.7178950e-02  -1.3152593e-02  -6.1336942e-03
   4.0114556e-02   1.8728229e+00   7.2075440e+00  -8.7742163e-02  -1.3401356e-02  -5.9203476e-03
   3.1258519e-02   1.8674467e+00   7.2142598e+00  -8.7918971e-02  -1.3323068e-02  -6.1910398e-03
   4.3018294e-02   1.8789630e+00   7.2761534e+00  -8.6937387e-02  -1.2992646e-02  -6.1138815e-03
   3.0597783e-02   1.8985951e+00   7.2891834e+00  -8.6535837e-02  -1.3524468e-02  -6.0803276e-03
   4.1835726e-02   1.8994419e+00   7.2782799e+00  -8.7218411e-02  -1.3307741e-02  -5.9152422e-03
   4.5316813e-02   1.9041654e+00   7.2673605e+00  -8.7375713e-02  -1.3676623e-02  -6.1976750e-03
   3.8772013e-02   1.8977162e+00   7.2996795e+00  -8.7246688e-02  -1.3274903e-02  -5.9766287e-03
   3.4070754e-02   1.9046486e+00   7.2866513e+00  -8.7436932e-02  -1.3278636e-02  -5.9296600e-03
   4.1365824e-02   1.8884356e+00   7.3182668e+00  -8.7130112e-02  -1.3247304e-02  -6.0855823e-03
   3.5422080e-02   1.8855176e+00   7.3380312e+00  -8.6869226e-02  -1.3308279e-02  -6.0736268e-03
   4.3233565e-02   1.9025435e+00   7.3349760e+00  -8.6463216e-02  -1.3541445e-02  -6.0898704e-03
   4.9111258e-02   1.8918118e+00   7.3243297e+00  -8.7855352e-02  -1.3200815e-02  -6.4167999e-03
   4.0760779e-02   1.8978527e+00   7.3225877e+00  -8.7649613e-02  -1.3548445e-02  -6.4453531e-03
   4.3587188e-02   1.8930979e+00   7.3421312e+00  -8.7211140e-02  -1.3672698e-02  -6.6709088e-03
   1.3322660e-02   1.8809710e+00   7.3759932e+00  -8.7366702e-02  -1.3644960e-02  -5.9675938e-03
   3.2572845e-02   1.9118379e+00   7.3833721e+00  -8.6738815e-02  -1.3292601e-02  -6.1590770e-03
   2.9438692e-02   1.8921224e+00   7.3620713e+00  -8.7785078e-02  -1.3678393e-02  -6.1252055e-03
   3.2630794e-02   1.8866113e+00   7.4142463e+00  -8.6572822e-02  -1.3607262e-02  -6.3608087e-03
   4.0777372e-02   1.8921448e+00   7.3843912e+00  -8.7271556e-02  -1.3255369e-02  -6.0542664e-03
   3.8778066e-02   1.8891062e+00   7.3968221e+00  -8.7167400e-02  -1.3624543e-02  -6.4157970e-03
   2.2641493e-02   1.8676456e+00   7.4067486e+00  -8.7736163e-02  -1.3198264e-02  -5.7861817e-03
   3.9657722e-02   1.8577262e+00   7.4031173e+00  -8.7777294e-02  -1.3673471e-02  -6.2291711e-03
   4.1181302e-02   1.8494576e+00   7.4499527e+00  -8.6811849e-02  -1.3743251e-02  -6.3529069e-03
   2.5170594e-02   1.8854553e+00   7.4801798e+00  -8.7026253e-02  -1.3656932e-02  -6.1029824e-03
   9.5356268e-03   1.8887549e+00   7.5096250e+00  -8.6447783e-02  -1.3767769e-02  -5.5999473e-03
   6.4096237e-02   1.9074062e+00   7.4827018e+00  -8.7469309e-02  -1.3547145e-02  -6.3498174e-03
   6.3426337e-02   1.9030858e+00   7.5076594e+00  -8.6997599e-02  -1.3160299e-02  -6.3921349e-03
   4.2247339e-02   1.8766951e+00   7.4932828e+00  -8.7107908e-02  -1.3733230e-02  -6.0153705e-03
   4.1836184e-02   1.8883246e+00   7.5114886e+00  -8.7073476e-02  -1.3736366e-02  -6.1168815e-03
   4.7523725e-02   1.8834653e+00   7.5269828e+00  -8.7229937e-02  -1.3882025e-02  -6.1881734e-03
   5.7783684e-02   1.8716527e+00   7.5468754e+00  -8.6864702e-02  -1.3742024e-02  -6.5305241e-03
   4.2123485e-02   1.8616158e+00   7.5363939e+00  -8.7237250e-02  -1.3488971e-02  -6.0357757e-03
   2.6659274e-02   1.8667445e+00   7.5689905e+00  -8.7179020e-02  -1.3344801e-02  -5.9106399e-03
   4.2632096e-02   1.8845659e+00   7.5785361e+00  -8.7046539e-02  -1.3612243e-02  -6.2371773e-03
   3.4889650e-02   1.8900513e+00   7.5684832e+00  -8.7425034e-02  -1.3980748e-02  -6.1931340e-03
   4.0312774e-02   1.8998985e+00   7.5834305e+00  -8.7068250e-02  -1.3753742e-02  -6.0618051e-03
   5.3214379e-02   1.9051823e+00   7.5818452e+00  -8.7477583e-02  -1.3582271e-02  -6.4738784e-03
   5.3744290e-02   1.8866796e+00   7.5877704e+00  -8.7234577e-02  -1.3467682e-02  -6.1889008e-03
   5.0837064e-02   1.8900632e+00   7.5967359e+00  -8.7489378e-02  -1.3243673e-02  -6.3495072e-03
   1.7643036e-02   1.9308350e+00   7.5726938e+00  -8.7597926e-02  -1.3970954e-02  -6.1557385e-03
   9.4567491e-04   1.8909181e+00   7.5672390e+00  -8.7618575e-02  -1.4223968e-02  -6.6271076e-03
  -1.8959670e-02   1.8512717e+00   7.6082117e+00  -8.7268040e-02  -1.4688550e-02  -6.2740753e-03
   9.9117617e-03   1.8852258e+00   7.6599594e+00  -8.6774935e-02  -1.4274605e-02  -6.3615422e-03
   4.5423485e-03   1.8693215e+00   7.6931318e+00  -8.7027921e-02  -1.4449785e-02  -6.1345320e-03
   1.7610748e-02   1.8928973e+00   7.6620539e+00  -8.7589000e-02  -1.4608034e-02  -6.4339060e-03
   1.1455385e-02   1.8965488e+00   7.6858556e+00  -8.7527070e-02  -1.4534873e-02  -6.3757274e-03
   1.8911105e-02   1.8845883e+00   7.6722456e+00  -8.7777471e-02  -1.4871467e-02  -6.4335059e-03
   2.0251778e-02   1.9017039e+00   7.6903654e+00  -8.7251449e-02  -1.4343901e-02  -6.1032315e-03
   3.5526915e-02   1.8837247e+00   7.7283215e+00  -8.6696442e-02  -1.4237058e-02  -6.5756493e-03
   1.5086825e-02   1.8885338e+00   7.7497125e+00  -8.7413017e-02  -1.4771282e-02  -6.0318280e-03
   2.1866624e-02   1.8839146e+00   7.7362098e+00  -8.8571190e-02  -1.4717212e-02  -6.3024235e-03
   1.6318300e-02   1.8817914e+00   7.7441465e+00  -8.8161385e-02  -1.4965901e-02  -6.4918847e-03
   1.8932356e-02   1.8805951e+00   7.7665705e+00  -8.7195453e-02  -1.4648079e-02  -6.2594653e-03
   1.5576610e-02   1.8976845e+00   7.8112281e+00  -8.6998635e-02  -1.4767755e-02  -6.2185062e-03
   2.9417732e-02   1.8870569e+00   7.7970927e+00  -8.7364973e-02  -1.4715531e-02  -6.4864374e-03
   3.6757546e-02   1.8873263e+00   7.8460505e+00  -8.6962832e-02  -1.4630738e-02  -6.4684543e-03
   4.7967590e-02   1.8878428e+00   7.8055144e+00  -8.7615162e-02  -1.4155071e-02  -6.4755782e-03
   3.0449321e-02   1.8798826e+00   7.8318209e+00  -8.7403426e-02  -1.5002975e-02  -6.5496021e-03
   4.6458448e-02   1.9079787e+00   7.8421523e+00  -8.7798468e-02  -1.4545262e-02  -6.4359160e-03
   4.7131475e-02   1.9111375e+00   7.8622811e+00  -8.7006379e-02  -1.4403151e-02  -6.4735010e-03
   2.2148756e-02   1.8881000e+00   7.8493584e+00  -8.7774042e-02  -1.5157836e-02  -6.0476506e-03
   3.0778161e-02   1.8977280e+00   7.8668975e+00  -8.7362682e-02  -1.4771466e-02  -6.5372848e-03
   4.0490547e-02   1.8879212e+00   7.8685431e+00  -8.7475755e-02  -1.4649901e-02  -6.3832774e-03
   1.6427291e-02   1.8956681e+00   7.8647878e+00  -8.7836959e-02  -1.4607039e-02  -5.8363416e-03
   1.9215470e-02   1.8902234e+00   7.9116833e+00  -8.7063156e-02  -1.4512100e-02  -5.9236415e-03
   3.8987025e-02   1.8662385e+00   7.8802861e+00  -8.7385986e-02  -1.4223384e-02  -6.2121095e-03
   4.6821550e-02   1.8894773e+00   7.9176303e+00  -8.7424098e-02  -1.4356602e-02  -6.5093919e-03
   2.5712309e-02   1.8966119e+00   7.9281782e+00  -8.6955360e-02  -1.4776826e-02  -6.1643185e-03
   4.7523268e-02   1.9144557e+00   7.9561267e+00  -8.6787789e-02  -1.4612145e-02  -6.6033668e-03
   3.2497130e-02   1.9033808e+00   7.9292265e+00  -8.7572758e-02  -1.4620419e-02  -6.5642266e-03
   3.9247887e-02   1.8709854e+00   7.9692099e+00  -8.8027548e-02  -1.4283686e-02  -6.2459737e-03
   4.5955766e-02   1.9008809e+00   7.9587404e+00  -8.7824717e-02  -1.4671733e-02  -6.7264916e-03
   3.8084923e-02   1.8902531e+00   7.9899350e+00  -8.7221237e-02  -1.4022314e-02  -6.2983790e-03
   3.7545906e-02   1.9056518e+00   7.9911014e+00  -8.7914528e-02  -1.4283624e-02  -6.4669935e-03
   3.0886534e-02   1.8868993e+00   7.9822511e+00  -8.7830094e-02  -1.4731978e-02  -6.7784400e-03
   4.1809265e-02   1.8840820e+00   8.0376614e+00  -8.7915645e-02  -1.4096034e-02  -6.2679854e-03
   3.2065843e-02   1.8920182e+00   8.0034616e+00  -8.7797610e-02  -1.4548345e-02  -6.6982200e-03
   3.9031304e-02   1.8798278e+00   8.0193282e+00  -8.7837402e-02  -1.3864258e-02  -6.2649607e-03
   3.5779563e-02   1.9002516e+00   8.0493451e+00  -8.7762401e-02  -1.4063649e-02  -6.2938006e-03
   3.3975599e-02   1.8934226e+00   8.0210344e+00  -8.8384012e-02  -1.4394911e-02  -6.5043129e-03
   3.8212261e-02   1.9125465e+00   8.0705793e+00  -8.7145260e-02  -1.4415755e-02  -6.3255876e-03
   3.0118745e-02   1.9013529e+00   8.0663599e+00  -8.7739062e-02  -1.4138122e-02  -6.3552052e-03
   5.7061415e-02   1.9022843e+00   8.0528887e+00  -8.7687410e-02  -1.4136980e-02  -6.7184717e-03
   3.7234114e-02   1.9079969e+00   8.0815739e+00  -8.7427954e-02  -1.4211304e-02  -6.2983834e-03
   4.3403680e-02   1.9110992e+00   8.0892349e+00  -8.7571143e-02  -1.4385316e-02  -6.5152588e-03
   3.5746198e-02   1.8844537e+00   8.0859539e+00  -8.7891765e-02  -1.4244161e-02  -6.1569797e-03
   2.5434052e-02   1.8940665e+00   8.0823409e+00  -8.7768146e-02  -1.4469646e-02  -6.3089064e-03
   3.0025107e-02   1.8831675e+00   8.1042384e+00  -8.7615102e-02  -1.4063428e-02  -5.8933013e-03
   4.1825192e-02   1.9066986e+00   8.1261949e+00  -8.7362686e-02  -1.4285796e-02  -6.4256139e-03
   3.9360126e-02   1.9155319e+00   8.1111739e+00  -8.8172091e-02  -1.4323144e-02  -6.4012736e-03
   4.1866304e-02   1.8610348e+00   8.1281736e+00  -8.7965808e-02  -1.4306791e-02  -6.4132074e-03
   2.4873981e-02   1.8811557e+00   8.0761988e+00  -8.8740815e-02  -1.4639084e-02  -6.2914604e-03
   8.0568828e-03   1.8579882e+00   8.0983107e+00  -8.7588340e-02  -1.4324460e-02  -6.3467818e-03
   5.4044886e-03   1.8913547e+00   8.1749124e+00  -8.7334034e-02  -1.4255026e-02  -5.9818797e-03
   3.2037434e-02   1.8922420e+00   8.2143861e+00  -8.7257437e-02  -1.4003584e-02  -6.0392934e-03
   2.8538980e-02   1.8903731e+00   8.1768734e+00  -8.7773753e-02  -1.4194550e-02  -6.3047292e-03
   2.2943217e-02   1.9095527e+00   8.2152711e+00  -8.7929853e-02  -1.5270288e-02  -6.2553245e-03
   4.5469241e-02   1.9044941e+00   8.2472107e+00  -8.8162962e-02  -1.4350484e-02  -6.4690209e-03
   3.0728376e-02   1.8673618e+00   8.2352827e+00  -8.8713191e-02  -1.4735255e-02  -6.1630050e-03
   3.4803333e-02   1.9019137e+00   8.2945356e+00  -8.7516583e-02  -1.4325402e-02  -6.4807833e-03
   2.8446188e-02   1.9049772e+00   8.2961703e+00  -8.7544104e-02  -1.4399776e-02  -5.8435164e-03
   3.8341287e-02   1.9181417e+00   8.2769785e+00  -8.7901399e-02  -1.4599225e-02  -6.6720520e-03
   2.8464992e-02   1.9157819e+00   8.2701864e+00  -8.8497589e-02  -1.4527971e-02  -6.2054413e-03
   4.0871237e-02   1.8973986e+00   8.2887552e+00  -8.7867974e-02  -1.4091575e-02  -6.0398768e-03
   5.4267398e-02   1.9014727e+00   8.2837091e+00  -8.8709981e-02  -1.4155816e-02  -6.2558794e-03
   4.5438540e-02   1.9021500e+00   8.2829792e+00  -8.8346855e-02  -1.4448464e-02  -6.1827292e-03
   3.6269309e-02   1.8865899e+00   8.3260197e+00  -8.7457247e-02  -1.4195935e-02  -6.1149810e-03
   4.7935494e-02   1.8896444e+00   8.3612808e+00  -8.7600043e-02  -1.3869180e-02  -6.0426278e-03
   4.3635397e-02   1.8914111e+00   8.3468681e+00  -8.7647676e-02  -1.4189950e-02  -6.1819876e-03
   4.4391494e-02   1.9132768e+00   8.3404365e+00  -8.8153966e-02  -1.4346052e-02  -5.9137992e-03
   3.5207778e-02   1.9154341e+00   8.3414375e+00  -8.8100502e-02  -1.4279676e-02  -5.8375407e-03
   4.4532572e-02   1.9069096e+00   8.3593124e+00  -8.8312932e-02  -1.3801732e-02  -6.2204011e-03
   5.0807844e-02   1.8994773e+00   8.3485346e+00  -8.8221364e-02  -1.4023478e-02  -6.4861155e-03
   2.2008308e-02   1.9106308e+00   8.3552115e+00  -8.8227017e-02  -1.4286371e-02  -5.7932317e-03
   2.0453828e-02   1.9075538e+00   8.3714500e+00  -8.8134193e-02  -1.4250393e-02  -5.6539125e-03
   4.6860126e-02   1.9020639e+00   8.3893284e+00  -8.7872498e-02  -1.3828451e-02  -6.1550693e-03
   3.4729006e-02   1.9222870e+00   8.3823802e+00  -8.8004909e-02  -1.3942295e-02  -6.0497916e-03
   4.3511664e-02   1.9110458e+00   8.4011317e+00  -8.8494540e-02  -1.3885627e-02  -6.1163417e-03
   4.5890712e-02   1.9155351e+00   8.4170316e+00  -8.7732458e-02  -1.4159022e-02  -6.5083749e-03
   6.1140127e-02   1.9103618e+00   8.4460755e+00  -8.7413243e-02  -1.3445974e-02  -6.5238574e-03
   6.4795657e-02   1.9305850e+00   8.4493346e+00  -8.7593987e-02  -1.3923513e-02  -6.7957799e-03
   5.8167174e-02   1.9161390e+00   8.4484590e+00  -8.7360092e-02  -1.3917679e-02  -6.3031553e-03
   5.1962778e-02   1.9121928e+00   8.4760796e+00  -8.7499411e-02  -1.3677856e-02  -6.1012750e-03
   4.7763619e-02   1.9111541e+00   8.4432607e+00  -8.8420791e-02  -1.3965032e-02  -6.4011985e-03
   6.5495158e-02   1.9120373e+00   8.4521787e+00  -8.7759206e-02  -1.3771048e-02  -6.2701537e-03
   6.0667925e-02   1.9162017e+00   8.4912920e+00  -8.7416870e-02  -1.3981243e-02  -6.3371180e-03
   5.3576078e-02   1.9387266e+00   8.4927833e+00  -8.8327942e-02  -1.3926902e-02  -6.4261220e-03
   4.4903569e-02   1.9102666e+00   8.4966636e+00  -8.9109379e-02  -1.4229489e-02  -6.1695525e-03
   4.1419477e-02   1.9182396e+00   8.5144774e+00  -8.7809993e-02  -1.3722458e-02  -6.1058241e-03
   3.4775299e-02   1.9210859e+00   8.5542370e+00  -8.7179998e-02  -1.3863753e-02  -5.9071517e-03
   5.7757358e-02   1.9070690e+00   8.5223553e+00  -8.9074296e-02  -1.3642701e-02  -6.0548027e-03
   5.8783775e-02   1.9178833e+00   8.5216175e+00  -8.8534324e-02  -1.3858562e-02  -6.3563666e-03
   4.4695380e-02   1.9056957e+00   8.5413061e+00  -8.8057353e-02  -1.4316573e-02  -6.0103774e-03
   6.8390669e-02   1.9071860e+00   8.5652009e+00  -8.8756386e-02  -1.3790856e-02  -6.4695843e-03
   6.1669215e-02   1.9155475e+00   8.5803169e+00  -8.7988118e-02  -1.3703619e-02  -6.2197463e-03
   4.7482745e-02   1.9252282e+00   8.5684264e+00  -8.8315631e-02  -1.4058403e-02  -6.0580432e-03
   5.5778360e-02   1.9401205e+00   8.5755100e+00  -8.8252040e-02  -1.3823927e-02  -6.0909406e-03
   5.4895476e-02   1.9182391e+00   8.5904106e+00  -8.8223538e-02  -1.4103574e-02  -6.1262997e-03
   5.0766121e-02   1.9271254e+00   8.5797646e+00  -8.8563262e-02  -1.4042540e-02  -6.3059437e-03
   4.8041445e-02   1.9177111e+00   8.6307114e+00  -8.7613367e-02  -1.3723007e-02  -6.1725215e-03
   4.1679891e-02   1.9247744e+00   8.6000619e+00  -8.8120787e-02  -1.4080570e-02  -6.4434464e-03
   5.5822683e-02   1.9326473e+00   8.6238214e+00  -8.7871085e-02  -1.4074332e-02  -6.4753629e-03
   7.2976628e-02   1.9456257e+00   8.6167213e+00  -8.8291226e-02  -1.3943253e-02  -6.6975003e-03
   5.9587933e-02   1.9533721e+00   8.6614322e+00  -8.7546594e-02  -1.3834954e-02  -6.5978744e-03
   4.9807167e-02   1.9449336e+00   8.6676001e+00  -8.7868312e-02  -1.3791453e-02  -6.3123948e-03
   4.7388330e-02   1.9500351e+00   8.6817299e+00  -8.7841898e-02  -1.4021642e-02  -6.3121315e-03
   5.2706758e-02   1.9469726e+00   8.6528516e+00  -8.8416789e-02  -1.4068292e-02  -6.3536945e-03
   5.1647017e-02   1.9355141e+00   8.6483745e+00  -8.8758845e-02  -1.3900684e-02  -6.3430467e-03
   5.0386732e-02   1.9056880e+00   8.6682769e+00  -8.8494433e-02  -1.3869717e-02  -6.4145277e-03
   4.9220286e-02   1.9234037e+00   8.7015532e+00  -8.7764775e-02  -1.3400273e-02  -6.5652663e-03
   4.4726850e-02   1.9323072e+00   8.7199240e+00  -8.7334325e-02  -1.3466450e-02  -5.9247720e-03
   4.8255335e-02   1.9119069e+00   8.7123934e+00  -8.8531158e-02  -1.3340565e-02  -6.2943783e-03
   6.2732885e-02   1.9228171e+00   8.7188259e+00  -8.7743131e-02  -1.3129291e-02  -6.5732981e-03
   6.3135410e-02   1.9184229e+00   8.7355910e+00  -8.8052215e-02  -1.3231387e-02  -6.6674394e-03
   5.4088782e-02   1.9304390e+00   8.7650327e+00  -8.7860176e-02  -1.3631443e-02  -6.4347956e-03
   6.7552593e-02   1.9544269e+00   8.7706519e+00  -8.7254246e-02  -1.3745012e-02  -6.6330954e-03
   6.4061766e-02   1.9464031e+00   8.7556773e+00  -8.8044025e-02  -1.3862018e-02  -6.6583983e-03
   6.9511049e-02   1.9379858e+00   8.7732680e+00  -8.7858648e-02  -1.3164489e-02  -6.5866203e-03
   5.2738723e-02   1.9296608e+00   8.7892748e+00  -8.7392008e-02  -1.3317978e-02  -6.5097634e-03
   5.7767925e-02   1.9275732e+00   8.7845545e+00  -8.7268826e-02  -1.3582056e-02  -6.4202365e-03
   6.1603459e-02   1.9418941e+00   8.7912302e+00  -8.7159514e-02  -1.3201434e-02  -6.5330552e-03
   6.3658513e-02   1.9614833e+00   8.7831494e+00  -8.7862841e-02  -1.3700976e-02  -6.6424147e-03
   7.2217041e-02   1.9402121e+00   8.8168145e+00  -8.7534358e-02  -1.3515675e-02  -6.4235267e-03
   6.4277364e-02   1.9459514e+00   8.8218634e+00  -8.7535957e-02  -1.3400516e-02  -6.7384202e-03
   4.4969588e-02   1.9288748e+00   8.8236912e+00  -8.7524400e-02  -1.3546792e-02  -6.2639079e-03
   6.8385180e-02   1.9359065e+00   8.8302287e+00  -8.7791489e-02  -1.3542713e-02  -6.9758618e-03
   6.2029103e-02   1.9358982e+00   8.8714693e+00  -8.7371356e-02  -1.3176445e-02  -6.2848602e-03
   7.2148322e-02   1.9410712e+00   8.8930883e+00  -8.8068174e-02  -1.3236666e-02  -6.5531662e-03
   6.2509712e-02   1.9397624e+00   8.8762668e+00  -8.7829001e-02  -1.3481175e-02  -6.4247529e-03
   4.7901788e-02   1.9554022e+00   8.8941915e+00  -8.7782059e-02  -1.3540732e-02  -6.3219456e-03
   4.8507822e-02   1.9293540e+00   8.8967091e+00  -8.8639998e-02  -1.3978883e-02  -6.4668088e-03
   6.5362166e-02   1.9434726e+00   8.9184599e+00  -8.8004546e-02  -1.3594366e-02  -6.6612092e-03
   5.6434499e-02   1.9310733e+00   8.9201332e+00  -8.7758003e-02  -1.3594545e-02  -6.2494315e-03
   4.7822871e-02   1.9159946e+00   8.9172222e+00  -8.7831587e-02  -1.3877130e-02  -6.6538352e-03
   4.9126486e-02   1.9245814e+00   8.9279125e+00  -8.8014164e-02  -1.4053190e-02  -6.4330898e-03
   5.7109633e-02   1.9114776e+00   8.9334990e+00  -8.8956221e-02  -1.4265785e-02  -6.4875850e-03
   1.6431169e-01   1.9393289e+00   8.9522474e+00  -9.3687158e-02  -1.1673199e-02  -5.4250736e-03
