   0.0000000e+00   0.0000000e+00   0.0000000e+00   0.0000000e+00   0.0000000e+00   0.0000000e+00
  -6.6485241e-02  -9.3729413e-03  -1.2509215e-02  -2.5322013e-04  -7.4842103e-04   5.5534492e-04
  -6.0687134e-02  -3.8522170e-02  -2.4866534e-02  -1.0531258e-04  -1.0789469e-04   5.1137823e-04
  -8.0775835e-02  -4.0927727e-02  -2.6404577e-02   1.4458958e-03  -3.4397609e-03  -5.4934824e-04
  -9.2688709e-02  -1.0100115e-01  -8.5435737e-02   1.5478535e-03  -3.5033992e-03  -2.9067204e-04
  -1.2157661e-01  -1.1989304e-01  -9.0719684e-02   2.0045470e-03  -4.1071025e-03  -9.0732464e-04
  -1.4156511e-01  -1.0325696e-01  -1.1037565e-01   1.9980965e-03  -4.3091281e-03  -5.7004360e-04
  -1.6182584e-01  -7.7876469e-02  -3.8780316e-01  -1.7273142e-03  -4.0492989e-03  -8.3259061e-04
  -1.6802872e-01  -3.0638698e-01  -4.9572165e-01   3.0557614e-03  -1.1531345e-03  -9.9890389e-04
  -1.4684415e-01  -2.5443206e-01  -4.5544392e-01   2.0745838e-03  -2.1155528e-03  -1.0410043e-03
  -1.5125212e-01  -2.3652382e-01  -4.2035160e-01   1.7735432e-03  -3.5153436e-03  -1.0914452e-03
  -1.4971334e-01  -2.0808372e-01  -2.9567001e-01   3.3943940e-03  -2.9993999e-03  -8.9216090e-04
  -1.6983726e-01  -2.1165604e-01  -2.9153765e-01   2.4350653e-03  -3.6612163e-03  -6.6055066e-04
  -1.4726118e-01  -1.9179378e-01  -2.8395322e-01   2.9893755e-03  -3.3980493e-03  -7.1957899e-04
  -1.2898404e-01  -1.6648141e-01  -2.6911835e-01   2.4591340e-03  -3.5779378e-03  -9.8139791e-04
  -1.3092319e-01  -1.5575484e-01  -2.6265119e-01   5.5800475e-03  -5.1249609e-04  -6.7773664e-04
  -3.5838703e-02  -1.2011839e-01  -2.1935870e-01   5.4700332e-03  -2.2699497e-04  -1.9504953e-05
  -7.7069195e-02  -1.4714306e-01  -2.4541913e-01   2.0323059e-03  -1.4765802e-03   6.3198277e-04
  -1.3525385e-01  -7.9880954e-02  -2.2497600e-01   3.6633111e-03  -4.4755955e-04   2.0356865e-03
  -1.9172901e-01  -7.9962034e-02  -3.5528812e-01   6.9818075e-04  -2.7547446e-03   1.6930626e-03
  -1.7481483e-01  -2.1968851e-01  -3.1672595e-01   6.6081482e-03  -6.9702232e-03  -3.0127990e-03
  -1.2723134e-02  -2.7226217e-02  -1.2434312e-01   2.1989084e-03   6.3206794e-04   1.0330617e-03
  -3.1032161e-02  -2.3095324e-02  -1.2662488e-02   1.7131549e-03  -7.2505705e-04   1.3694899e-03
  -1.9473785e-02  -1.0841504e-02   2.2830132e-03   1.2122915e-03  -9.4653028e-04   9.7158115e-04
  -7.2174163e-02   2.5904165e-02  -2.0389334e-01   9.0581761e-05  -7.7491977e-04   1.7116558e-03
  -3.1773564e-02   1.0577183e-03  -2.7557712e-02   1.5427301e-03  -1.5148607e-03   1.2739229e-03
  -5.6593548e-02   2.6930219e-02  -1.1506105e-01   1.0108759e-03  -1.5637244e-03   1.8196467e-03
  -2.7526947e-02  -1.3655989e-02   5.3069587e-02   1.2870295e-03  -1.5357069e-03   1.3720985e-03
  -1.2528648e-02   6.6976455e-03   3.5184474e-02   3.5712429e-04  -1.6883748e-03   1.2290853e-03
  -8.7391681e-02   3.7285368e-02  -5.7049695e-02   7.1087052e-04  -2.8475357e-04   2.3906085e-03
  -8.1987200e-03   1.4015169e-02   2.2215612e-02   9.5171051e-04  -9.9751439e-04   1.2469183e-03
  -5.5463179e-02  -6.7922877e-03  -9.9383305e-02  -1.9299713e-04  -9.8689040e-04   2.1500039e-03
  -2.1306289e-02   1.4890829e-02   1.0911498e-02   1.6879603e-03  -9.4918373e-04   1.2321097e-03
  -5.2545113e-02   3.6559895e-02   3.7926776e-02   1.7296382e-03  -1.9112535e-03   1.3752763e-03
  -3.0741116e-02   3.0504117e-02   2.7922899e-02  -1.6892662e-04  -1.9799497e-03   1.1761298e-03
  -8.3048748e-02  -3.7807480e-03  -1.0116036e-01   1.5984236e-03  -1.0523657e-03   2.1864604e-03
  -9.3133876e-02   4.3550450e-02   4.1186535e-02   1.5045524e-03  -4.5241807e-03   1.0451139e-03
  -3.5252374e-02   3.8070865e-02   1.1280281e-01   5.4879298e-04  -3.5721654e-03   9.4783788e-04
  -4.1271493e-02   4.7906184e-02   4.0305249e-02  -1.6080312e-03  -2.9673242e-03   9.4970451e-04
  -8.8026052e-02   1.8416995e-02   3.1717874e-02   5.5159220e-03  -3.4900253e-03   5.6385463e-04
  -1.7400233e-02   4.3101679e-02   4.8746869e-02   1.1233727e-03  -3.0751210e-03   5.0120276e-04
  -4.5166113e-02   4.5992262e-02   4.5170275e-02   7.2082921e-04  -3.0140174e-03   1.1509672e-03
  -7.8314144e-02   2.9155029e-02  -1.9002538e-01  -7.2592000e-04  -2.9558423e-03   1.7000911e-03
  -2.4070776e-02   5.1174178e-02   9.4512224e-02   2.0977318e-03  -2.5217900e-03   1.0366235e-03
  -2.9323103e-02   6.2317878e-02   4.4197264e-02   7.9969043e-05  -2.0971899e-03   8.4826697e-04
  -7.3799870e-02  -5.2506866e-02  -4.9173140e-02   6.5149604e-03  -3.0680450e-03   7.4381997e-04
  -5.8000840e-02   6.0983943e-02   5.0983703e-02   9.7397527e-04  -3.0836286e-03   1.8784565e-03
  -8.2566325e-02   4.4750115e-02  -1.6068239e-01   5.2917839e-04  -1.9245422e-03   2.1240489e-03
  -4.2495752e-02   5.5443553e-02   1.0440628e-01   1.3314882e-03  -2.7657949e-03   1.6020541e-03
  -4.7174784e-02  -8.0316302e-02  -6.1813176e-03   3.8495842e-03  -2.7687169e-03   8.4909085e-04
  -3.5945098e-02   1.6454213e-02   5.8686967e-02   3.5305547e-03  -3.1396206e-03   9.8330076e-04
  -3.4936567e-02   3.6078122e-02   7.0257398e-02   1.4144897e-03  -2.5974856e-03   1.5528255e-03
  -8.0052188e-02  -4.1505915e-03  -1.8794671e-02   1.9414542e-03  -2.1957558e-03   2.0297454e-03
  -4.2549870e-02   1.5428319e-01   1.3415510e-02  -4.2960628e-04  -2.4685472e-03   1.3908851e-03
  -5.8818919e-02   3.2573907e-02   7.8934128e-03   1.2321515e-03  -2.4104084e-03   1.5723028e-03
  -2.5702688e-02   4.7301765e-02   1.0463758e-01   1.4986167e-03  -2.3967757e-03   1.5386647e-03
  -3.4404822e-02   2.3599457e-02   1.0507890e-01   5.3776567e-04  -2.4476532e-03   1.4441792e-03
  -4.6270655e-02   6.0205943e-02   7.5878019e-02  -4.3815259e-04  -2.6877701e-03   1.6851087e-03
  -8.1584660e-02   2.5645907e-02   1.4251023e-02  -1.2094473e-04  -1.9704121e-03   2.2260558e-03
  -3.0752122e-02   5.4495574e-02   1.7879129e-01   4.0292433e-04  -2.3850727e-03   1.4923749e-03
  -1.3539426e-01   1.5685477e-02  -2.1010498e-02   2.8073461e-03  -1.7795069e-03   3.0771612e-03
  -1.2708138e-02   6.5929206e-02   1.9324504e-01   1.3891314e-03  -2.9220092e-03   1.2051004e-03
  -2.2592194e-02   5.9005542e-02   1.4643635e-01   4.8720070e-04  -3.1326811e-03   1.1568230e-03
  -3.5806730e-02   8.0284825e-02   1.3630751e-01  -5.0918099e-05  -3.3826654e-03   1.2542791e-03
  -8.8601872e-02   2.9320172e-02   7.1597716e-02   2.4183559e-03  -2.6212796e-03   1.8880365e-03
  -2.9739443e-02   7.5859446e-02   2.1001572e-01   6.8368601e-04  -2.6410724e-03   1.4962532e-03
  -1.0317366e-01   2.2422177e-03   7.7446834e-02   3.0538273e-03  -2.4181790e-03   2.2728415e-03
  -5.1533638e-02   5.8379403e-02   2.5626733e-01   1.8940298e-03  -2.6784927e-03   1.6959820e-03
  -3.9591495e-02   5.1605150e-02   2.1890461e-01  -9.8033095e-05  -3.0953035e-03   1.3536759e-03
  -2.1207561e-02   9.3459269e-02   2.4867826e-01   8.9635728e-04  -1.8372509e-03   1.2435177e-03
  -1.3835200e-01   3.6286461e-02  -1.3201148e-02  -9.6762461e-04  -3.1392365e-03   2.6866482e-03
  -4.4390293e-02   6.8845855e-02   1.9621363e-01   1.9678446e-04  -2.3539786e-03   1.2160862e-03
  -4.1302785e-02   6.0693891e-02   1.8751472e-01  -8.0284532e-05  -2.5320950e-03   1.6604571e-03
  -5.3031543e-02   4.7969674e-02   1.9733966e-01   3.5956517e-04  -2.2279001e-03   1.6438422e-03
  -6.1547092e-02   9.3243712e-02   1.6369067e-01  -4.8055949e-04  -2.9464190e-03   1.7051039e-03
  -1.1348308e-01   5.7873035e-02   7.5294872e-02   1.7422625e-03  -2.7681974e-03   1.9624614e-03
  -4.6906273e-02   4.8165971e-02   1.8200902e-01   4.0353109e-04  -2.5100568e-03   1.1358803e-03
  -6.2750425e-02   7.4051632e-02   1.4353465e-01  -1.1633409e-03  -2.9412383e-03   1.7607687e-03
  -3.7854429e-02   6.2985203e-02   3.4531827e-01   6.0105439e-03  -2.9448696e-03   4.8820289e-04
  -4.8008294e-02   6.7280736e-02   2.9223980e-01   7.6140392e-04  -2.8104690e-03   1.4944558e-03
  -9.4354826e-02   1.8983689e-02   2.8981493e-01   1.9547375e-03  -2.7270268e-03   1.8353447e-03
  -5.7391559e-02   2.7120160e-03   3.2461841e-01  -7.7524885e-04  -3.1161482e-03   2.1072829e-03
  -6.4488856e-02   1.3337124e-02   2.8666900e-01  -7.2166212e-04  -3.0294024e-03   1.6943483e-03
  -1.1172683e-01  -3.7755961e-02   1.3103708e-01   3.6166795e-03  -2.2537995e-03   1.5939421e-03
  -2.3162363e-02   1.0204877e-01   3.6926180e-01   1.0148660e-03  -2.1778068e-03   1.0312322e-03
  -9.2611210e-02   7.6674495e-02   1.4195515e-01   1.8733938e-03  -1.0516577e-03   2.1765187e-03
  -4.1234174e-02   6.3990105e-02   3.4463615e-01   1.9335431e-03  -2.2642145e-03   1.0902473e-03
  -7.4933404e-02   9.1243328e-03   2.3841585e-01   3.8321859e-03  -1.7443095e-03   2.1494695e-03
  -5.0866406e-02   1.0186611e-01   3.8170945e-01   5.1764320e-04  -2.1032165e-03   1.4657999e-03
  -8.7002637e-02   3.1838196e-02   3.3410273e-01   5.4875207e-03  -2.8675046e-03   1.1464165e-03
  -5.0239107e-02   1.0663039e-01   4.2030576e-01   1.2337204e-04  -1.9842594e-03   1.4502483e-03
  -1.2077404e-01   8.9955738e-02   2.0158836e-01   9.3396965e-04  -1.4954360e-03   2.5709001e-03
  -3.7057298e-02   1.0507041e-01   4.3516508e-01   6.0522089e-04  -2.0488096e-03   1.3953931e-03
  -1.4940151e-02   5.1991989e-02   4.0058264e-01   5.8136551e-03  -2.4068496e-04   6.6784068e-04
  -1.7359537e-02   1.3089881e-01   4.8383522e-01   1.5975392e-03  -1.8119139e-03   8.7210330e-04
  -5.6908876e-02   1.2575677e-01   3.3418213e-01  -1.6327711e-03  -1.4784104e-03   1.3923994e-03
  -1.1259077e-03   9.1661997e-02   4.9996752e-01   2.0018792e-03  -2.1330252e-03   5.9269804e-04
  -2.7086258e-02   1.4006327e-01   4.9631277e-01  -5.1412786e-04  -1.4650453e-03   1.3709336e-03
  -7.2880730e-02   1.3136883e-01   3.4545994e-01  -1.7372929e-03  -7.3529239e-04   1.6533562e-03
  -4.0111652e-02   1.1549847e-01   4.9961725e-01   1.6487661e-03  -1.9187475e-03   7.6875386e-04
  -6.4272784e-02   1.0511152e-01   5.5175454e-01   4.1506245e-03  -3.6568265e-03   3.1739993e-04
  -7.1505237e-02   1.0472219e-01   5.1086236e-01   2.5720247e-04  -3.3361348e-03   1.1521706e-03
  -8.8415982e-02   4.2698705e-02   5.6206286e-01   5.3291398e-03  -5.9798692e-03   2.4277354e-04
  -1.1727342e-01   1.0722750e-01   3.5138800e-01  -1.3378465e-04  -2.5107317e-03   1.9201216e-03
  -1.8933235e-02   1.3536024e-01   5.5298786e-01   1.7379023e-03  -2.3562029e-03   7.8599849e-04
  -7.2586520e-02   9.3361727e-02   3.9588543e-01   1.4703832e-03  -1.6752174e-03   1.3038241e-03
  -2.8767137e-02   1.5396652e-01   6.1714285e-01   8.4276554e-04  -2.5632387e-03   9.5004759e-04
  -5.3673069e-02   1.4700204e-01   6.2138835e-01   6.3685484e-04  -2.1773718e-03   1.9903682e-03
  -6.4110508e-02   1.4802090e-01   4.9084749e-01  -4.5629830e-04  -9.4996363e-04   1.9905393e-03
  -1.3305533e-02   1.5692647e-01   6.5241965e-01   6.7349990e-04  -1.7907256e-03   1.0672956e-03
  -5.8378711e-02   1.4274120e-01   6.2718798e-01   1.9247871e-04  -1.6848667e-03   1.8549539e-03
  -1.1040523e-01   1.6037493e-01   4.2862251e-01  -1.4326066e-03  -1.8454428e-03   2.6839140e-03
  -4.4474548e-02   1.3458102e-01   6.6240552e-01  -1.2120159e-04  -2.4551604e-03   1.4303491e-03
  -1.0191266e-01   1.0555039e-01   4.3682221e-01  -1.5396777e-03  -2.4753177e-03   2.1712905e-03
  -2.5165556e-02   1.4867873e-01   7.4491740e-01  -4.6782619e-04  -2.0346146e-03   1.6977993e-03
  -7.2882862e-02   1.5635112e-01   5.2905413e-01  -4.4762681e-03  -2.2302569e-03   1.8872351e-03
  -5.0841647e-02   1.6083619e-01   7.2230464e-01   7.1121274e-04  -2.5854703e-03   8.4720784e-04
  -2.5937321e-02   1.5546904e-01   7.0664675e-01  -8.7663195e-04  -2.6621559e-03   8.4821272e-04
  -2.8456649e-02   1.5687004e-01   6.8228961e-01  -1.0102883e-03  -2.7105692e-03   6.4255616e-04
  -1.0977523e-01   1.4660707e-01   5.1221777e-01   2.7754116e-04  -1.6251670e-03   2.1124999e-03
  -5.2273630e-02   1.8972436e-01   7.5566692e-01  -5.5452905e-04  -2.4073272e-03   1.7936167e-03
  -3.8101507e-02   1.8931554e-01   7.2557624e-01  -1.5511350e-03  -2.2085325e-03   1.7048347e-03
  -2.2991521e-02   1.4273227e-01   7.7688169e-01   1.8357381e-03  -2.5335018e-03   1.0561839e-03
  -6.0937206e-02   1.8700695e-01   6.0951772e-01  -3.1517194e-03  -2.2170222e-03   1.8583447e-03
   1.9340186e-03   1.2795347e-01   8.3278291e-01   4.4481767e-03  -1.4489522e-03   5.9831413e-04
  -2.5636021e-02   1.7509925e-01   7.7392181e-01  -7.9466603e-04  -1.6129847e-03   1.3772675e-03
  -4.8994855e-02   1.9260490e-01   7.8696497e-01  -6.6199541e-04  -1.5548574e-03   1.3580589e-03
  -2.7337433e-02   1.7655871e-01   8.1837654e-01   1.1806064e-03  -1.8472859e-03   8.4428259e-04
  -2.6004978e-02   1.7939306e-01   8.1926700e-01  -3.0722824e-04  -1.9518500e-03   1.1747625e-03
  -2.3016909e-02   1.6775153e-01   8.2715467e-01  -1.5926069e-03  -1.8391934e-03   1.2601896e-03
  -4.0382327e-02   1.5833765e-01   7.9835884e-01  -1.2691709e-03  -2.1615031e-03   1.6189779e-03
  -7.4102673e-02   1.3587621e-01   7.1346336e-01  -1.5430591e-03  -1.3511692e-03   1.8074052e-03
  -2.8622432e-02   1.6563043e-01   8.4197826e-01  -2.4767062e-04  -2.0422016e-03   9.9506146e-04
  -2.6457205e-02   1.7868423e-01   8.1323445e-01  -2.3353284e-03  -1.8440676e-03   1.4192927e-03
  -9.2585598e-02   1.2419795e-01   7.2680439e-01   3.6365834e-03  -2.3705199e-03   1.8927306e-03
  -5.1175972e-02   1.9023244e-01   8.6416979e-01   1.3854702e-04  -1.8818485e-03   2.2889195e-03
  -6.4311898e-02   1.8845087e-01   6.9295374e-01  -2.6151048e-03  -1.1663380e-03   1.9165161e-03
  -4.0873668e-02   1.9342318e-01   8.7913973e-01   2.0088423e-03  -1.9649841e-03   1.8766169e-03
  -3.6944981e-02   1.7801688e-01   8.7434124e-01  -1.3467818e-03  -2.0603854e-03   1.6284076e-03
  -9.4916616e-02   1.3674027e-01   7.8153355e-01  -1.8726571e-04  -2.1601592e-03   2.1395594e-03
  -3.3798293e-02   1.8978819e-01   9.0712615e-01   1.4171747e-04  -2.0616387e-03   1.6703286e-03
  -9.3369273e-02   1.9455877e-01   7.3362807e-01  -7.7471707e-04  -1.2495141e-03   2.6571807e-03
  -2.9928733e-02   1.8867827e-01   9.5825511e-01  -2.0576907e-04  -2.2448312e-03   1.6230831e-03
  -4.2734110e-02   1.8685285e-01   9.3169951e-01  -1.6903938e-03  -2.0776001e-03   1.4504905e-03
  -8.1141207e-02   1.9186227e-01   9.3568254e-01  -4.0880940e-04  -2.1337875e-03   1.9924773e-03
  -4.6304701e-02   1.8024759e-01   9.9228611e-01  -1.4375255e-03  -2.0655867e-03   2.0404343e-03
  -9.9316142e-02   1.8606123e-01   8.1992337e-01  -8.1559965e-04  -2.0974008e-03   2.7982046e-03
  -3.9627334e-02   1.9982402e-01   1.0160435e+00  -1.4424174e-03  -1.9531496e-03   1.8920808e-03
  -6.7030226e-02   1.5344282e-01   9.2811005e-01   7.7694202e-04  -1.0050897e-03   2.5744853e-03
  -4.9116178e-02   2.0950485e-01   1.0484854e+00   1.6494570e-03  -1.3524310e-03   1.5833240e-03
  -4.4340103e-02   2.0305726e-01   1.0069721e+00  -1.5240279e-03  -1.1910521e-03   2.1473661e-03
  -1.8872187e-02   1.2360380e-01   1.1060111e+00   4.3891916e-03  -2.6476677e-03   4.2185736e-04
  -3.9617896e-02   2.0972331e-01   1.0331335e+00  -8.9076321e-04  -2.0974357e-03   1.6251652e-03
  -6.7015747e-02   1.9317622e-01   9.8998479e-01   6.4374679e-04  -1.8628628e-03   1.7334377e-03
  -2.6387803e-02   2.2091317e-01   1.1230590e+00  -9.4634514e-04  -1.8794272e-03   1.7397728e-03
  -8.1084302e-02   1.9427838e-01   8.2664770e-01  -2.3304683e-03  -3.0811996e-03   1.7917425e-03
  -1.9280648e-02   2.0990380e-01   1.0987407e+00  -2.8839562e-04  -2.4233117e-03   1.6256399e-03
  -3.6470318e-02   2.2039434e-01   1.1028192e+00  -4.0703068e-04  -2.2636493e-03   1.4022907e-03
  -3.1844296e-02   2.1775430e-01   1.0851440e+00  -9.0177987e-04  -1.7946990e-03   1.5191594e-03
  -2.2948278e-02   2.1105063e-01   1.1209165e+00   3.4749746e-03  -1.7277752e-03   8.1598083e-04
  -2.1630603e-02   2.3416667e-01   1.1223554e+00  -9.6628553e-04  -1.9406594e-03   1.1976312e-03
  -6.6092736e-02   1.8647094e-01   1.0507391e+00   2.5151792e-03  -1.2126602e-03   1.5189827e-03
  -8.4278757e-03   2.0050287e-01   1.1542010e+00  -1.1101727e-03  -2.0678304e-03   1.4301441e-03
  -7.5416640e-02   2.3729662e-01   1.0172901e+00  -3.2339502e-03  -2.2058746e-03   2.2931965e-03
  -4.3318652e-02   2.2566370e-01   1.1789593e+00   1.6735180e-04  -2.3355123e-03   1.6243217e-03
  -1.8178151e-02   2.4476180e-01   1.2214957e+00  -2.7697115e-04  -1.3245353e-03   1.2140389e-03
  -7.8200234e-02   2.3231419e-01   1.1769875e+00   1.1267724e-03  -1.3402161e-03   2.4269730e-03
  -3.2867568e-02   2.4205045e-01   1.2473286e+00  -8.4451191e-04  -2.2960257e-03   1.8604332e-03
  -4.2807206e-02   1.8528572e-01   1.2146334e+00   1.8002663e-03  -1.8777498e-03   1.2529016e-03
  -4.9848261e-02   2.6639358e-01   1.2958671e+00  -6.0594769e-04  -2.9609688e-03   1.7612214e-03
  -7.1886088e-02   2.6262696e-01   1.1224459e+00  -3.5919362e-03  -2.3039385e-03   2.0054723e-03
  -2.5851331e-02   2.5152337e-01   1.3219664e+00  -2.6889922e-04  -1.5673288e-03   1.0520748e-03
  -1.0101530e-02   2.6328477e-01   1.3258752e+00  -1.0312704e-03  -1.5976063e-03   1.1505356e-03
  -2.3894780e-02   2.5799679e-01   1.3379325e+00  -2.1371781e-03  -2.0906258e-03   1.3993954e-03
  -5.8089243e-02   2.2258712e-01   1.1889697e+00   4.5683873e-04  -1.8053771e-03   1.4747039e-03
  -3.4241746e-03   2.6724199e-01   1.3292241e+00  -8.5364613e-04  -2.0560193e-03   1.1531016e-03
  -4.3754760e-02   2.6753846e-01   1.3576988e+00  -1.3705247e-03  -1.8961236e-03   2.0265011e-03
  -1.6214114e-02   2.9537771e-01   1.3470459e+00  -1.0622285e-03  -1.8922452e-03   1.2040341e-03
  -3.8534741e-02   2.7164662e-01   1.3447472e+00   2.5687868e-03  -1.2750499e-03   1.3579246e-03
   1.7357259e-02   2.8781624e-01   1.3587327e+00  -1.1963302e-03  -1.5063403e-03   5.8908713e-04
  -1.6335303e-02   2.8552268e-01   1.3785800e+00  -9.4513930e-04  -1.0611099e-03   1.5400378e-03
  -3.1880870e-02   1.9799324e-01   1.3047365e+00   2.4964313e-03  -1.9332857e-03   1.1403796e-03
  -2.2222706e-02   2.6214379e-01   1.4243181e+00  -1.0812639e-03  -1.4687071e-03   1.6444435e-03
  -2.0373184e-02   2.3133805e-01   1.4499782e+00   4.7082088e-03  -1.2871201e-03   4.7977541e-04
   4.8223864e-03   2.7175698e-01   1.4421051e+00  -5.6558779e-04  -1.0868981e-03   1.3623890e-03
  -1.4900605e-02   2.2528295e-01   1.4380296e+00   4.7255984e-03  -6.2471220e-04   8.4712190e-04
  -9.5269869e-04   2.9744272e-01   1.4866553e+00  -9.1519540e-04  -1.2349202e-03   1.4388437e-03
  -1.3109572e-02   2.8240347e-01   1.4890534e+00  -3.3538881e-04  -1.3407103e-03   1.5704487e-03
  -2.2432390e-02   2.8872708e-01   1.4993355e+00  -1.1054015e-03  -1.2663069e-03   1.5523454e-03
  -2.0246758e-02   2.7927318e-01   1.4938230e+00  -8.6830252e-04  -1.6283003e-03   1.2893269e-03
  -1.8094194e-02   2.8352325e-01   1.4824628e+00  -1.6716763e-03  -1.4599654e-03   1.5270597e-03
  -1.9703487e-02   2.7951040e-01   1.5139069e+00  -2.5456760e-03  -1.2695779e-03   1.6692378e-03
  -1.6673094e-02   2.8343024e-01   1.5165707e+00  -1.6388040e-03  -1.4548948e-03   1.4296194e-03
  -4.2773536e-02   2.7046996e-01   1.5496040e+00  -1.6542376e-03  -1.1329968e-03   2.1313860e-03
  -5.0757233e-03   2.9572935e-01   1.5203062e+00  -1.9039463e-03  -1.2407017e-03   1.1846172e-03
  -5.5890393e-03   2.6830284e-01   1.5067152e+00  -2.1399606e-03  -1.2283280e-03   8.8396928e-04
  -5.1064498e-02   2.7502340e-01   1.4628802e+00   2.2273756e-03  -8.1140497e-04   1.1590314e-03
  -1.0179931e-02   2.9546320e-01   1.5237319e+00  -1.1039607e-03  -1.8153707e-03   1.2430497e-03
  -1.0119902e-02   2.6604439e-01   1.5640726e+00   1.4775262e-03  -3.6490267e-04   1.3703347e-03
  -2.1652625e-02   3.6100910e-01   1.5156816e+00  -1.1162686e-03  -6.6268109e-04   1.3302215e-03
  -1.1304314e-02   3.1320950e-01   1.6586874e+00   2.8482434e-04   2.8707235e-05   1.4982426e-03
  -6.3968206e-03   2.9891210e-01   1.6578307e+00  -1.4205765e-03  -1.1086763e-03   1.0410116e-03
  -1.7545087e-02   3.0844600e-01   1.6643870e+00  -1.6221918e-03  -8.2643528e-04   1.5637790e-03
  -2.8336228e-02   3.0558966e-01   1.5565661e+00  -1.7475342e-03  -9.6422934e-04   1.9670112e-03
   4.1190176e-03   3.2657008e-01   1.6338512e+00  -1.4935757e-03  -1.1739284e-03   9.4490522e-04
  -5.6257463e-02   3.2118608e-01   1.5819324e+00  -2.4730754e-03  -1.2237840e-03   2.5904888e-03
   3.5303853e-03   3.2544770e-01   1.6655645e+00  -1.6590281e-03  -5.5817673e-04   9.4273405e-04
   5.0008563e-03   3.1998339e-01   1.7014055e+00  -7.6868628e-04  -7.4876825e-04   1.1371191e-03
  -1.0620783e-03   3.1505371e-01   1.7044235e+00  -1.2874437e-03  -5.7024542e-04   1.5072274e-03
  -4.4474445e-03   3.3343280e-01   1.7110830e+00  -1.8848436e-03  -6.3858894e-04   1.1426685e-03
  -1.3613699e-02   3.2860829e-01   1.7534877e+00  -8.7090493e-04  -9.6374387e-04   1.5328446e-03
   2.5715698e-02   3.4812806e-01   1.7371965e+00  -1.8194428e-03  -1.1492097e-03   5.4475893e-04
  -2.4547696e-02   3.4247748e-01   1.8016173e+00  -2.0783803e-03  -1.1361697e-03   1.5698919e-03
   1.3618400e-02   3.2682278e-01   1.7625992e+00  -2.6280322e-03  -1.2661716e-03   1.0024959e-03
  -1.1678052e-03   3.2625596e-01   1.7636350e+00  -1.4123898e-03  -8.4008769e-04   1.2551290e-03
  -3.7301193e-02   3.0966679e-01   1.7057776e+00  -1.0065712e-03  -1.8720939e-03   1.7035933e-03
  -9.6777610e-03   3.0745031e-01   1.8051124e+00  -1.7200049e-03  -1.5926099e-03   1.4269966e-03
   5.9640055e-03   2.7253282e-01   1.7660658e+00   2.2187045e-03  -5.2665368e-04   1.2498131e-03
   1.6907204e-02   3.5001679e-01   1.8572845e+00  -3.6636101e-04  -7.9873952e-04   1.1006852e-03
  -6.8005682e-03   3.2232767e-01   1.8032129e+00  -1.3472345e-03  -4.5858701e-04   1.5146456e-03
   5.6151634e-03   3.4856301e-01   1.8583308e+00  -2.5056604e-03  -7.9740391e-04   1.6452454e-03
  -2.8303738e-03   3.4433417e-01   1.8696620e+00  -1.3618535e-03  -9.9874875e-04   1.4863166e-03
  -3.5211313e-03   3.4184880e-01   1.9400746e+00   1.4674537e-03  -2.2276638e-03   9.7506676e-04
  -1.1912585e-02   3.7424741e-01   1.8986316e+00  -1.6184979e-03  -2.4134324e-04   1.8321140e-03
  -2.2276553e-02   3.9109665e-01   1.9614565e+00  -7.0222499e-04  -1.3358585e-03   1.8971516e-03
  -1.2579715e-02   3.6778021e-01   1.9101373e+00  -1.9315019e-03  -1.1863970e-03   1.6513799e-03
  -2.3317195e-02   3.1260650e-01   1.9091696e+00   2.9726671e-04  -1.1470324e-03   1.9767078e-03
   2.4291990e-02   3.3924319e-01   1.9100157e+00  -9.0060112e-04  -1.1700086e-03   1.1392690e-03
   4.4623777e-02   2.7981880e-01   1.9544706e+00  -4.2736711e-04  -6.1621355e-04  -1.0831516e-04
   7.6688321e-03   3.5997170e-01   2.0006456e+00  -1.3257527e-03  -9.7963918e-04   1.5070346e-03
   1.1945079e-02   3.7155180e-01   1.9660023e+00  -1.7485003e-03  -1.0045316e-03   9.5661597e-04
   2.5705991e-03   3.6070668e-01   2.0337851e+00  -1.5192478e-03  -1.2227184e-03   1.3807398e-03
   7.5465954e-03   3.5937205e-01   2.0146499e+00  -2.1496973e-03  -1.6858856e-03   1.1001593e-03
   2.0585775e-02   3.5987918e-01   2.0430450e+00  -2.2472267e-03  -1.5130354e-03   6.0625935e-04
  -4.9535346e-04   3.7028495e-01   2.0550018e+00  -1.6379610e-03  -9.5493722e-04   1.5309580e-03
   2.6552361e-04   3.6412267e-01   2.0782586e+00  -3.1316112e-03  -1.6867100e-03   1.1331901e-03
   1.1888790e-02   3.7288967e-01   2.0254243e+00  -3.0716951e-03  -8.4591231e-04   1.0363611e-03
   7.3080736e-03   3.6185947e-01   2.0713968e+00  -2.8993849e-03  -1.4914677e-03   9.8087311e-04
   1.3951390e-02   3.6943299e-01   2.0951027e+00  -2.1882040e-03  -8.4547102e-04   1.6086814e-03
  -6.6485172e-02   3.8087895e-01   1.9389816e+00  -1.6488442e-03  -1.8509119e-03   2.4326211e-03
  -7.1717593e-03   3.8106296e-01   2.1236466e+00  -2.7759236e-03  -3.0019231e-03   1.4668254e-03
  -1.4316570e-02   3.8241663e-01   2.1048771e+00  -2.3467765e-03  -2.1720812e-03   1.3259478e-03
  -2.3681722e-03   3.8911392e-01   2.1972471e+00  -1.3510798e-03  -1.8919795e-03   1.5163364e-03
  -2.6235972e-02   3.6815493e-01   2.2001676e+00  -2.2301557e-03  -2.3168121e-03   1.6007028e-03
  -1.3801829e-02   3.9353157e-01   2.1727680e+00  -3.0054309e-03  -2.4274450e-03   8.9209303e-04
  -9.5084301e-03   3.9169175e-01   2.1567481e+00  -2.8435880e-03  -2.2573301e-03   1.5901227e-03
  -1.6274233e-04   3.9058113e-01   2.1864709e+00  -2.9683094e-03  -2.0194931e-03   1.3981235e-03
  -1.9002945e-02   3.8956796e-01   2.1912909e+00  -2.4078971e-03  -2.4679067e-03   1.6033380e-03
  -8.2048969e-02   3.6046692e-01   1.8472068e+00   4.5975042e-03   1.4243831e-03   2.6391205e-03
  -2.3203628e-01   2.3261507e-01   8.5335262e-01   2.4540398e-02   3.7576077e-03  -2.9257420e-03
  -3.8192731e-01   3.1155539e-01   1.6072391e+00  -1.4899391e-03  -6.7745934e-03   4.1128262e-03
  -1.5899419e-01  -5.6144104e-02   1.7842598e+00   2.6455036e-02  -4.1841627e-03  -4.0712117e-03
   6.8476069e-02   4.4105748e-01   2.1757135e+00  -1.5340803e-02   5.4732398e-03   1.5424796e-03
   8.3067864e-02   4.3919078e-01   2.3935128e+00  -8.1539324e-03   4.0810071e-03   3.3295643e-05
   9.6196054e-02   4.4870730e-01   2.4814546e+00  -7.9144029e-03   3.5868938e-03   6.7789017e-04
   1.0394709e-01   4.5554132e-01   2.5172661e+00  -8.4582868e-03   3.5126676e-03   5.7997027e-04
   7.5856329e-02   4.7220574e-01   2.5483082e+00  -7.9918494e-03   2.9592946e-03   8.0469457e-04
   1.1734105e-01   4.7031935e-01   2.5498032e+00  -7.9338200e-03   3.8627399e-03   1.3045457e-04
   9.1420304e-02   4.8340246e-01   2.5782926e+00  -7.5728152e-03   3.7314404e-03   7.4294949e-04
   1.1177061e-01   4.6410605e-01   2.5928686e+00  -8.1058383e-03   3.9058478e-03   5.9768033e-04
   1.1967821e-01   4.8879246e-01   2.5909668e+00  -8.2170518e-03   3.4457827e-03   1.2314933e-05
   9.3565832e-02   4.8046366e-01   2.7034702e+00  -7.8125106e-03   3.2310640e-03   6.2697356e-04
   9.7119670e-02   4.8376834e-01   2.6425183e+00  -9.3358458e-03   3.6538001e-03   1.0692344e-03
   9.8104145e-02   4.7280014e-01   2.6896785e+00  -7.9751932e-03   3.5138068e-03   6.2168616e-04
   7.3033092e-02   4.8925828e-01   2.6687759e+00  -8.2660247e-03   3.6744327e-03   1.1054303e-03
   9.5566768e-02   5.0044420e-01   2.7045193e+00  -8.3561835e-03   3.5615662e-03   8.1992632e-04
   1.1070422e-01   4.8726501e-01   2.7103772e+00  -7.8655900e-03   3.8677491e-03   7.2179336e-04
   6.7056865e-02   5.1078798e-01   2.7957768e+00  -7.3966163e-03   3.9420027e-03   1.3341685e-03
   9.2581594e-02   5.0019086e-01   2.7457543e+00  -8.3846021e-03   3.3234748e-03   7.5581165e-04
   1.2270275e-01   5.1380026e-01   2.8154715e+00  -7.7028571e-03   3.6166933e-03   4.4204736e-04
   8.2193699e-02   5.2036105e-01   2.7836955e+00  -7.9950184e-03   3.5570145e-03   7.2460119e-04
   6.1139959e-02   5.1547859e-01   2.7850426e+00  -6.2480811e-03   3.1148995e-03   1.2343664e-03
   7.2762615e-02   5.1264375e-01   2.7681660e+00  -7.5930497e-03   2.5682049e-03   6.1049935e-04
   9.5060162e-02   4.9668898e-01   2.7755166e+00  -8.2298633e-03   2.8378809e-03   6.4460716e-04
   7.6855382e-02   4.9990859e-01   2.7937731e+00  -8.0630203e-03   2.5320108e-03   7.6193065e-04
   9.6972718e-02   5.0998393e-01   2.8404034e+00  -8.7535374e-03   2.7223661e-03   2.9890077e-04
   9.1073818e-02   5.2219372e-01   2.8248829e+00  -7.6125014e-03   2.9746209e-03   6.2111759e-04
   8.1955246e-02   5.1471427e-01   2.7907897e+00  -6.9447323e-03   3.2576359e-03   5.8201925e-04
   7.8689936e-02   5.2426935e-01   2.8468891e+00  -5.4237046e-03   3.1761019e-03   6.0197381e-04
   9.5594330e-02   4.9846866e-01   2.8873212e+00  -7.3055553e-03   1.9013235e-03  -2.0399750e-04
   7.7877256e-02   5.1748660e-01   2.8761579e+00  -7.5545351e-03   1.7751698e-03   5.0505102e-04
   8.1592645e-02   5.1283491e-01   2.8745209e+00  -7.4603412e-03   2.2932368e-03   4.7126982e-04
   5.0963787e-02   5.4733384e-01   2.9267253e+00  -6.2539205e-03   1.4535579e-03   7.8745832e-04
   6.1658525e-02   5.2451952e-01   2.9010475e+00  -7.2319722e-03   1.9352018e-03   8.3344206e-04
   6.8366986e-02   5.5313881e-01   2.9199549e+00  -6.5686804e-03   2.3868549e-03   8.3835835e-04
   5.1663007e-02   5.5185161e-01   2.9318612e+00  -7.2851852e-03   1.5998957e-03   5.8650657e-04
   9.3289395e-02   5.2397686e-01   2.9488043e+00  -7.0252825e-03   2.0779159e-03   6.2012362e-04
   8.0681056e-02   5.3668305e-01   2.9425295e+00  -7.5013630e-03   2.3541787e-03   5.2619749e-04
   7.0260012e-02   5.2986695e-01   2.9939686e+00  -6.8186450e-03   1.9915737e-03   6.9672862e-04
   7.2325072e-02   5.2136808e-01   2.9720220e+00  -8.2228839e-03   1.7671990e-03   5.8578055e-04
   9.1821002e-02   5.4705955e-01   3.0091443e+00  -8.9995955e-03   2.3335066e-03   6.5515087e-04
   7.9267499e-02   5.2289950e-01   3.0243932e+00  -8.0935617e-03   2.1075293e-03   7.5543498e-04
   8.2969350e-02   5.0788470e-01   3.0544450e+00  -5.0133943e-03   2.0420977e-03   3.8358805e-04
   1.0919838e-01   5.3582352e-01   3.0314281e+00  -7.1445657e-03   2.6127317e-03   4.2358654e-04
   4.8050188e-02   5.3779733e-01   3.0544760e+00  -7.6488830e-03   8.9413220e-04   7.9921787e-04
   8.6452612e-02   5.1626028e-01   3.0639126e+00  -5.6559270e-03   1.7800075e-03   1.8405728e-04
   4.8424723e-02   5.6331197e-01   3.1009318e+00  -6.1782453e-03   1.9492320e-03   1.1157749e-03
   9.1023178e-02   5.4935016e-01   3.1175896e+00  -6.8719593e-03   2.5457582e-03   3.2121916e-04
   6.2080766e-02   5.5990193e-01   3.1284417e+00  -7.4416004e-03   1.7717115e-03   1.1122971e-03
   7.2295979e-02   5.7628183e-01   3.0941304e+00  -7.7176207e-03   1.8947382e-03   8.8167453e-04
   5.8404520e-02   5.6643938e-01   3.0756729e+00  -7.6889819e-03   2.3497794e-03   1.0655731e-03
   7.3114858e-02   5.5797554e-01   3.1303497e+00  -8.3931924e-03   2.1110061e-03   7.0297500e-04
   8.5493121e-02   5.5937995e-01   3.2204579e+00  -7.5253855e-03   2.3359751e-03   9.3640066e-04
   7.4071193e-02   5.6596718e-01   3.2058894e+00  -8.3903523e-03   2.0872420e-03   1.4408352e-03
   6.6871998e-02   5.7785207e-01   3.2063324e+00  -8.8581577e-03   2.0208440e-03   1.0361232e-03
   6.0187988e-02   5.7788434e-01   3.1759920e+00  -7.8721652e-03   2.3407180e-03   1.4810737e-03
   9.4626765e-02   5.9868225e-01   3.2166194e+00  -6.4310000e-03   1.1891390e-03   3.7720579e-04
   7.1180497e-02   5.6682229e-01   3.2241056e+00  -8.2321145e-03   1.7737113e-03   5.7743709e-04
   3.4925906e-02   5.9421293e-01   3.1987192e+00  -8.6593852e-03   1.8120771e-03   1.4617499e-03
   9.6139742e-02   5.7901590e-01   3.2899716e+00  -6.7991641e-03   2.7333788e-03   5.7020862e-04
   9.6395397e-02   5.6835900e-01   3.2724084e+00  -8.0026965e-03   1.7046157e-03   5.7192347e-04
   7.4837129e-02   5.5504141e-01   3.3504384e+00  -8.2360946e-03   1.9418413e-03   1.2865294e-03
   8.2238330e-02   6.0477346e-01   3.3355806e+00  -8.4124647e-03   1.5182839e-03   8.2363528e-04
   7.2911094e-02   5.7456232e-01   3.3462445e+00  -8.4858462e-03   1.8913485e-03   9.5059550e-04
   6.2197116e-02   5.7986124e-01   3.3592233e+00  -8.2947690e-03   1.5825875e-03   9.6022421e-04
   7.9150184e-02   5.7098133e-01   3.3744980e+00  -8.8885416e-03   1.1163214e-03   3.2280463e-04
   7.4375822e-02   5.9092832e-01   3.3603196e+00  -8.4450740e-03   1.3636751e-03   5.7397126e-04
   9.6775331e-02   6.1852651e-01   3.4522582e+00  -6.1470242e-03   2.2474185e-03   3.9993680e-04
   1.0488669e-01   5.9095495e-01   3.4033624e+00  -6.9859123e-03   1.7304780e-03   4.9606203e-04
   5.1336535e-02   5.6080037e-01   3.3735480e+00  -7.1086682e-03   1.1158008e-03   8.4986344e-04
   5.1100820e-02   5.5659886e-01   3.1695048e+00  -6.9731486e-03   2.7132749e-03   1.3536624e-03
   1.0091079e-02   4.2553579e-01   2.5149681e+00   1.1002577e-02   4.2369709e-03   1.6923738e-05
   7.5468494e-02   5.0954813e-01   2.9357620e+00   9.3487285e-03   2.3286501e-03  -1.0554270e-04
   9.9011072e-02   5.6497356e-01   2.9608962e+00   8.4161042e-03   3.2957929e-03   1.4206665e-04
   8.1934115e-02   5.6875417e-01   3.0561730e+00   6.0118821e-03   2.9581049e-03   6.6840430e-04
   8.4847337e-02   5.8485519e-01   3.1128870e+00   6.9915916e-03   3.6566895e-03   5.9181413e-04
   9.3803805e-02   5.9118102e-01   3.1170891e+00   6.8272672e-03   3.4709528e-03   5.4898520e-04
   1.1664285e-01   6.1105927e-01   3.1578701e+00   6.5559952e-03   3.7878251e-03   1.3808055e-05
   1.1932676e-01   5.8438768e-01   3.1755852e+00   5.2974591e-03   3.0423378e-03   3.4550692e-04
   1.0578600e-01   5.8474609e-01   3.1784644e+00   4.5175869e-03   3.1221141e-03   5.7767425e-04
   6.4167306e-02   5.9719270e-01   3.2831963e+00   4.2624727e-03   3.1175495e-03   1.3303563e-03
   1.1051163e-01   6.0062855e-01   3.2834751e+00   3.6291472e-03   3.3072437e-03   6.4440301e-04
   7.5535226e-02   5.3333634e-01   3.2731822e+00   6.1623271e-03   3.8462768e-03   6.1149640e-04
   1.1418441e-01   6.1243482e-01   3.3856862e+00   3.5394125e-03   3.3138714e-03   5.1578963e-04
   1.3277908e-01   6.1534227e-01   3.4018764e+00   3.2750748e-03   3.9845918e-03   3.1865253e-04
   1.3099736e-01   6.2730326e-01   3.3808701e+00   2.3405422e-03   3.8351645e-03   4.9698295e-05
   8.8720230e-02   5.9707843e-01   3.4062070e+00   2.3533944e-03   2.8932232e-03   7.3496364e-04
   1.0612018e-01   5.8866523e-01   3.3613863e+00   1.0792174e-03   3.2540856e-03   3.4980330e-04
   7.6104607e-02   5.9122514e-01   3.4755465e+00   4.6585865e-03   1.9728528e-03   7.4301785e-04
   4.6759820e-02   5.8247176e-01   3.3925991e+00   4.0748343e-04   2.5607361e-03   1.1685785e-03
   8.8951671e-02   6.2052565e-01   3.4781316e+00   1.9700418e-03   2.6390723e-03   7.3266281e-04
   6.0236602e-02   6.3531728e-01   3.4611552e+00   1.7737229e-03   2.9443480e-03   1.4678226e-03
   8.6895739e-02   6.2303895e-01   3.4781259e+00   1.5585600e-03   3.4251297e-03   7.2228114e-04
   1.1318080e-01   6.3659755e-01   3.4484579e+00   9.3284395e-04   3.2265165e-03   4.5167586e-04
   1.1324080e-01   6.5659957e-01   3.4927534e+00   1.6181179e-03   2.9568546e-03   2.8762038e-04
   1.1036629e-01   6.6108106e-01   3.4905629e+00   1.7924432e-03   3.4137450e-03   3.2022387e-04
   6.3514673e-02   5.8406585e-01   3.4803613e+00   1.4806310e-03   1.7759377e-03   1.1187313e-03
   9.6875289e-02   6.3281952e-01   3.5179164e+00   1.3978998e-03   3.0850751e-03   1.2071539e-03
   1.1098732e-01   6.3162603e-01   3.5042408e+00   1.0937249e-03   3.1231696e-03   7.7849176e-05
   1.0549194e-01   6.4123667e-01   3.5561808e+00   2.3353911e-03   3.4873736e-03   9.3191227e-04
   1.0908702e-01   6.3885522e-01   3.5103372e+00   1.1999429e-03   3.4032139e-03   5.7514389e-04
   9.6561624e-02   6.4600056e-01   3.5388036e+00   1.0926625e-03   3.4525127e-03   8.4994212e-04
   1.1753991e-01   6.3250757e-01   3.5710467e+00   1.5884884e-03   3.3523559e-03   1.6185635e-04
   9.6598153e-02   6.3164850e-01   3.5747250e+00   2.1821969e-04   2.4993688e-03   5.2771094e-04
   8.0587988e-02   6.0809283e-01   3.6079434e+00   2.5963372e-03   2.7350404e-03   6.9963505e-04
   1.0754775e-01   6.4324003e-01   3.6457962e+00   2.9359700e-03   3.1679818e-03   7.7342372e-04
   8.5262144e-02   6.3772785e-01   3.6252339e+00   2.2074483e-03   2.9946283e-03   9.6637329e-04
   1.2450291e-01   6.3922513e-01   3.6291958e+00   1.4246777e-03   3.0831044e-03   2.3874009e-04
   1.6990061e-01   6.3804696e-01   3.6443984e+00   2.3912252e-03   4.6735387e-03  -9.1124067e-04
   1.1755716e-01   6.4321315e-01   3.6217464e+00   1.0729059e-03   3.2312391e-03   3.9804203e-04
   6.5137060e-02   5.8671572e-01   3.6664176e+00   4.1600106e-03   6.2074370e-04   2.8249669e-04
   8.2461457e-02   6.1527034e-01   3.6523455e+00   9.8094260e-04   1.8654242e-03   8.6380876e-04
   6.6055089e-02   6.1816794e-01   3.5904570e+00   3.3032456e-03   3.1426025e-03   8.7971938e-04
   1.0807791e-01   6.6333696e-01   3.6988482e+00   3.2292599e-03   1.9312469e-03   1.7464013e-04
   1.1362433e-01   6.4018996e-01   3.6778102e+00   1.2433631e-03   2.5294866e-03   6.0640702e-04
   8.2113201e-02   6.5666349e-01   3.6836253e+00   1.8506914e-03   2.1575476e-03   8.7748979e-04
   6.6511013e-02   6.7294605e-01   3.6281022e+00   4.0404831e-04   1.8594794e-03   1.1120271e-03
   7.8803181e-02   6.6258204e-01   3.7965731e+00   2.9770170e-03   1.1185101e-03   4.8576515e-04
   9.8550277e-02   6.6883961e-01   3.7915041e+00   1.0440228e-03   2.1555157e-03   9.0078824e-04
   1.0401607e-01   6.8709004e-01   3.8262222e+00   2.4114096e-03   2.8393652e-03   7.8648420e-04
   9.4807835e-02   6.8305904e-01   3.8104719e+00   1.4313050e-03   2.9214269e-03   6.6622342e-04
   8.4346973e-02   6.5490646e-01   3.8216369e+00   2.7406653e-04   2.2816201e-03   1.0959516e-03
   6.7767374e-02   6.6671162e-01   3.7750115e+00   5.5633822e-05   1.7688426e-03   1.1498765e-03
   1.2007043e-01   6.7504273e-01   3.8632667e+00   9.9322129e-04   2.2465640e-03   3.7099814e-04
   9.6776624e-02   6.8536450e-01   3.8842483e+00   2.1756412e-03   2.9887070e-03   1.0159826e-03
   1.0407680e-01   6.9361864e-01   3.8908080e+00   1.5145888e-03   2.5736806e-03   4.2335242e-04
   9.5261996e-02   6.7179405e-01   3.8819037e+00   1.5451622e-03   1.9146601e-03   9.1964314e-04
   9.8390799e-02   6.7245743e-01   3.8853740e+00   3.7285355e-04   2.1656153e-03   5.7154877e-04
   1.0018753e-01   6.6171920e-01   3.9182305e+00   1.3149580e-03   2.3494073e-03   6.6727892e-04
   1.1424949e-01   6.7955189e-01   3.9121299e+00   7.9282690e-04   2.6528710e-03   6.4698474e-04
   6.3299026e-02   6.6049368e-01   3.9377998e+00   2.1759705e-03   1.8930085e-03   1.1012126e-03
   1.1333182e-01   6.8438146e-01   3.9775471e+00   1.9309815e-03   2.6600612e-03   1.0771921e-03
   7.9641246e-02   6.2431450e-01   3.8826895e+00   2.8620044e-03   1.8403301e-03   1.1978042e-03
   1.0200678e-01   6.8541057e-01   3.9917199e+00   3.1747314e-03   1.7375166e-03   7.6335708e-04
   7.7932803e-02   6.8152744e-01   3.9547491e+00   9.8373986e-04   2.4636860e-03   1.1181328e-03
   7.3026057e-02   7.0724531e-01   3.9971468e+00   1.0681932e-03   2.3691062e-03   9.3594926e-04
   9.3278561e-02   6.9267119e-01   4.0060306e+00   1.3107181e-03   2.0611962e-03   6.8759908e-04
   9.5803087e-02   6.8623683e-01   3.9855946e+00   8.6237423e-04   2.3706546e-03   1.9368623e-04
   1.0039993e-01   6.7628888e-01   4.0153320e+00   1.8818599e-03   2.9946072e-03   1.1036110e-03
   9.6349666e-02   7.0461013e-01   4.0184648e+00   1.8872099e-03   2.8537187e-03   6.5731229e-04
   7.1287968e-02   7.0503236e-01   4.0422265e+00   9.5401178e-04   2.8134265e-03   1.0712090e-03
   1.0953764e-01   7.2174352e-01   4.1035306e+00   1.1540457e-03   2.6652394e-03   6.3684004e-04
   7.6637593e-02   7.2624063e-01   4.0379656e+00   1.6055118e-04   3.1357261e-03   9.9242564e-04
   1.2062742e-01   7.2292335e-01   4.1706520e+00   1.1590831e-03   2.6949937e-03   5.5102716e-04
   1.4639861e-01   6.9977255e-01   4.1477901e+00   1.3161001e-03   3.3086957e-03   4.7422264e-05
   1.2212170e-01   7.0848360e-01   4.1589667e+00   1.4592271e-03   2.8210672e-03   4.8884257e-04
   1.3445689e-01   7.0892114e-01   4.1556485e+00   8.6539936e-04   3.0716647e-03   6.0399317e-04
   1.2869428e-01   7.2722689e-01   4.1611329e+00   1.5302060e-03   3.1377701e-03   2.7085288e-04
   1.1299737e-01   7.2069501e-01   4.1642762e+00   1.3940122e-03   3.0114385e-03   8.7187146e-04
   1.2282186e-01   7.1947475e-01   4.2012995e+00   1.4214389e-03   2.8541116e-03   1.6518782e-04
   1.3747196e-01   7.1922276e-01   4.1965183e+00   1.0706330e-03   2.8572156e-03   4.7993644e-05
   1.2382901e-01   7.0771462e-01   4.2193191e+00   9.0623280e-04   2.3779443e-03   3.9008078e-04
   1.5095466e-01   7.0817317e-01   4.2327129e+00   1.1399298e-03   2.8257886e-03  -1.8278457e-04
   1.3966686e-01   7.2039138e-01   4.2139651e+00   2.0888641e-04   2.5164623e-03   1.4652393e-04
   1.2922327e-01   7.1381245e-01   4.2625244e+00   1.1538895e-03   2.3695713e-03   5.1896931e-05
   1.4243064e-01   7.0856649e-01   4.2476551e+00   9.7311666e-04   2.6201040e-03   2.3537175e-04
   1.1247182e-01   7.1754443e-01   4.2741669e+00   1.8991520e-03   2.9379898e-03   4.9861120e-04
   1.4359973e-01   7.1889528e-01   4.2752370e+00   2.1382808e-03   3.0724930e-03  -7.0526008e-05
   1.0537044e-01   7.2650912e-01   4.2485997e+00   6.0987794e-04   2.2967286e-03   4.8475343e-04
   1.0775101e-01   7.1951556e-01   4.2896618e+00   1.6127980e-03   2.7243694e-03   5.1914672e-04
   9.0812526e-02   7.5968084e-01   4.2731284e+00   1.2150155e-03   2.9688952e-03   6.7297338e-04
   1.2207229e-01   7.4382012e-01   4.3593977e+00   1.0872713e-03   2.7953533e-03   4.5113247e-04
   1.3314905e-01   7.3965039e-01   4.3651787e+00   1.3732033e-03   3.1389542e-03   2.0434540e-04
   1.1553098e-01   7.4470614e-01   4.3638036e+00   1.3141731e-03   2.8986090e-03   3.2295102e-04
   1.0415736e-01   7.1424190e-01   4.3281633e+00   3.2782152e-03   3.7286818e-03   5.6199907e-04
   1.2131055e-01   7.2288340e-01   4.4401274e+00   1.3995020e-03   2.9553835e-03   3.3942178e-04
   1.3244531e-01   7.3811645e-01   4.4336835e+00   9.0491372e-04   3.0189844e-03   1.8850047e-04
   1.4697095e-01   7.4249823e-01   4.4673359e+00   1.9366786e-03   3.2910638e-03  -3.9983376e-04
   1.3202109e-01   7.3219813e-01   4.4618216e+00   1.1725396e-03   3.4677758e-03   1.9079784e-04
   1.1648987e-01   7.2658115e-01   4.4497641e+00   6.6083539e-04   2.5737552e-03   3.7341948e-04
   1.0478074e-01   7.5504487e-01   4.4361255e+00   4.0236373e-04   2.7388256e-03   6.5240912e-04
   5.6161274e-02   7.0952019e-01   4.4624864e+00   4.9429824e-03   4.1442062e-04   4.2065364e-04
   9.9381614e-02   7.3637743e-01   4.4712987e+00   3.7180977e-04   1.7330356e-03   9.3769385e-04
   1.0499273e-01   7.4988159e-01   4.4853537e+00   9.0897056e-04   2.5401202e-03   3.7110130e-04
   9.6410112e-02   7.4050183e-01   4.5337854e+00   7.5298613e-04   1.9875044e-03   7.8517280e-04
   1.1725618e-01   7.3589365e-01   4.5272206e+00   3.9480355e-04   2.1720593e-03   7.7168691e-05
   8.7925489e-02   7.5661740e-01   4.4943277e+00  -6.0949666e-04   2.2692824e-03   7.2878461e-04
   7.8259675e-02   7.5453731e-01   4.5541593e+00   3.0169632e-03   1.4314888e-03   9.5490651e-04
   1.1823627e-01   7.5175189e-01   4.5473440e+00   5.9153617e-04   2.4140630e-03   8.9655563e-04
   7.3839220e-02   7.7746060e-01   4.5334450e+00   1.4156634e-03   2.5733895e-03   1.0709804e-03
   1.1990425e-01   7.6984379e-01   4.6249158e+00   8.8014011e-04   2.7858387e-03   5.5641788e-04
   1.1064470e-01   7.6454392e-01   4.6007401e+00   1.1017794e-03   2.9838384e-03   7.6365218e-04
   1.0314477e-01   7.9295270e-01   4.5994239e+00   1.0904547e-03   2.8977992e-03   9.0450787e-04
   9.6461377e-02   7.5701946e-01   4.6752039e+00   4.8017142e-03   1.7837184e-03   6.0986469e-04
   1.1418567e-01   7.6433284e-01   4.6825737e+00   1.3232329e-03   2.3508944e-03   5.6594236e-04
   1.1322889e-01   7.6966579e-01   4.6501132e+00   9.9021171e-04   2.9609125e-03   7.7612988e-04
   1.3237490e-01   7.8393975e-01   4.6443335e+00   1.6963602e-04   2.8226228e-03  -6.2466477e-05
   1.4083978e-01   7.7204470e-01   4.6581155e+00   1.2940532e-03   2.8538590e-03   2.3170385e-04
   8.2923816e-02   7.6600470e-01   4.5993426e+00   7.4233538e-04   2.2897783e-03   8.7255446e-04
   1.0569656e-01   8.4213813e-01   4.6743198e+00   2.6250251e-03   2.8381401e-03   5.0851472e-04
   1.3199262e-01   8.0504688e-01   4.7192232e+00   4.5863759e-04   3.4304788e-03   1.1056856e-04
   1.4970628e-01   7.9796601e-01   4.7738457e+00   1.5485024e-03   4.0028353e-03   6.6182094e-05
   1.4569362e-01   7.9479755e-01   4.7360804e+00   6.4188734e-04   3.8177123e-03   2.8871756e-04
   1.6871659e-01   8.1452677e-01   4.7642991e+00   1.6240444e-03   4.0584530e-03  -7.5267278e-04
   1.2661209e-01   7.9390727e-01   4.7462308e+00   2.8091363e-03   3.4151139e-03  -1.5060079e-04
   1.4489968e-01   7.7580461e-01   4.7996098e+00   4.6458646e-04   2.4626609e-03  -9.9757098e-05
   1.3842704e-01   7.8217516e-01   4.8229730e+00   1.1120068e-03   3.2385350e-03   8.6058867e-05
   1.0010764e-01   8.2102110e-01   4.7207116e+00  -3.0207135e-04   2.9001742e-03   6.4215743e-04
   1.5039584e-01   8.0881745e-01   4.8274640e+00   2.1304499e-03   2.2374015e-03  -4.2026157e-04
   1.4552444e-01   8.0110602e-01   4.8367781e+00   2.2785939e-03   2.8677480e-03  -9.1588647e-05
   1.4840307e-01   7.9720975e-01   4.8637471e+00   1.5103984e-03   3.1853455e-03   3.9765224e-04
   1.5833211e-01   8.0802797e-01   4.9148132e+00   1.6821511e-03   3.6365096e-03   3.2416005e-04
   1.5968335e-01   8.1211938e-01   4.8881096e+00   6.9065556e-04   3.4776791e-03   1.0441928e-04
   1.5675458e-01   8.0465153e-01   4.8837495e+00   6.0730853e-05   3.3319399e-03   3.6491003e-04
   1.6520946e-01   8.2498112e-01   4.8924900e+00   2.6079622e-04   3.4179576e-03  -2.9666803e-04
   1.1008361e-01   8.4355107e-01   4.9363485e+00  -1.8544320e-04   2.7562994e-03   5.9821037e-04
   1.3303614e-01   7.7983216e-01   4.9308313e+00   3.3274594e-03   3.0019405e-03  -1.1997288e-04
   1.2902667e-01   8.2398504e-01   4.9472656e+00   1.0195811e-03   2.8638850e-03   8.3392264e-04
   1.5135778e-01   7.9732091e-01   5.0086441e+00   1.4127419e-03   3.3395652e-03   4.0992893e-04
   1.3975607e-01   8.0007726e-01   5.0500952e+00   2.3045260e-03   3.0869827e-03   4.2263047e-04
   1.4775250e-01   7.8804050e-01   5.0127605e+00   5.0108866e-04   2.8602237e-03   3.5975231e-04
   1.5456684e-01   8.1529319e-01   5.0009608e+00   4.7410970e-04   3.5513273e-03   1.5154230e-04
   1.4154817e-01   8.1846605e-01   5.0452624e+00   8.2323938e-04   3.5173241e-03   5.6651787e-04
   1.5471121e-01   8.2636089e-01   4.9476991e+00  -5.7720182e-04   3.8655984e-03   3.3993110e-04
   1.8376788e-01   8.4583028e-01   5.0646238e+00   1.2000897e-03   3.8843040e-03  -2.0042890e-04
   1.7632581e-01   8.1983213e-01   5.0295845e+00   5.0887464e-04   3.8513149e-03   7.9979795e-05
   1.7715283e-01   8.2648611e-01   5.0558543e+00   9.6023464e-04   3.7795301e-03   3.3657077e-04
   1.8409499e-01   8.4394156e-01   5.0748185e+00   1.6862036e-03   4.2936296e-03  -8.7608971e-05
   1.9146466e-01   8.2046874e-01   5.1665872e+00   1.4193261e-03   3.9110174e-03  -6.5835828e-04
   1.5676162e-01   8.2034945e-01   5.1098169e+00   1.9054293e-04   3.6732724e-03   5.0434701e-04
   1.6951671e-01   8.4029532e-01   5.1396169e+00   1.8466970e-05   4.1200790e-03   5.3719288e-04
   1.6494901e-01   8.3650938e-01   5.1614134e+00   3.7747496e-04   3.0302594e-03   5.0899365e-05
   1.6683289e-01   8.3109490e-01   5.1904013e+00   1.3532487e-03   2.8292461e-03   1.6008585e-04
   1.7540962e-01   8.5251606e-01   5.1514425e+00  -6.3341218e-05   3.5633246e-03  -3.7573844e-05
   1.4905861e-01   8.5732743e-01   5.1948227e+00   3.6938450e-03   4.0068483e-03   4.7689652e-04
   1.6167497e-01   8.3790563e-01   5.1862296e+00   9.4891457e-04   3.2697004e-03   1.3212558e-04
   1.4335035e-01   8.4579422e-01   5.1766160e+00   8.3456793e-04   3.3901128e-03   5.4672356e-04
   1.5412317e-01   8.6307639e-01   5.2001842e+00  -1.9466017e-04   3.1836523e-03   3.2634272e-04
   1.4616527e-01   8.3667230e-01   5.1972009e+00   3.1880877e-04   2.5612410e-03   9.9764124e-05
   1.5880817e-01   8.5622638e-01   5.2259632e+00   9.1007239e-04   3.6804829e-03  -2.5438326e-05
   1.3719162e-01   8.2331651e-01   5.2324997e+00   5.2667460e-04   3.0909431e-03  -1.5837309e-04
   1.4622639e-01   8.2044261e-01   5.2242720e+00  -3.0347647e-04   3.3012562e-03  -2.3223806e-05
   1.7130195e-01   8.5849457e-01   5.2746793e+00  -2.6550954e-05   3.6831828e-03   2.8384964e-04
   1.4994962e-01   8.5049927e-01   5.2670579e+00   3.7862460e-04   4.1709331e-03   6.6407119e-04
   1.3052555e-01   8.4309058e-01   5.2260063e+00   1.2270343e-03   3.1023382e-03   6.5675396e-04
   1.6838064e-01   8.2088749e-01   5.3588118e+00   1.0362356e-03   3.4373232e-03   2.1063170e-04
   1.4233914e-01   8.4972845e-01   5.3251844e+00   6.5735709e-04   3.6164474e-03   5.3104308e-04
   1.7306200e-01   8.4780916e-01   5.3555922e+00   7.6950494e-04   3.8449559e-03   6.5562466e-05
   1.5631069e-01   8.5668687e-01   5.3863763e+00   1.0000761e-03   3.9545327e-03   4.7477088e-04
   1.8628451e-01   8.7472305e-01   5.3800094e+00   9.7611340e-04   4.3966442e-03   2.0796208e-04
   1.6130705e-01   8.6138515e-01   5.4524171e+00   7.8051569e-04   3.3951339e-03   2.1621353e-04
   1.5718097e-01   8.5445700e-01   5.4038945e+00  -1.3306159e-03   3.7500446e-03   7.7271960e-04
   1.7652969e-01   8.4245845e-01   5.4546906e+00   1.9707620e-03   4.4008548e-03   7.1425781e-04
   2.0323961e-01   8.4397918e-01   5.4530960e+00   6.8970460e-04   5.8845442e-03   5.9178535e-04
   2.0742357e-01   8.6667079e-01   5.4263919e+00  -4.6354948e-06   4.6459724e-03  -1.4035715e-04
   1.6462029e-01   8.4403319e-01   5.4087191e+00   2.4947696e-04   5.0229983e-03   1.2635783e-03
   2.0008180e-01   8.5990281e-01   5.4337550e+00  -1.2241914e-04   4.7888678e-03   1.8899619e-04
   1.9389621e-01   8.6723041e-01   5.4451218e+00  -2.6074496e-04   4.5516122e-03  -4.5819652e-05
   2.2415171e-01   8.4005846e-01   5.4794858e+00  -2.6439296e-04   4.4227082e-03  -2.6256626e-04
   1.0321314e-01   8.3388818e-01   5.3985240e+00  -2.7734741e-03   3.5247381e-03   1.2920844e-03
   1.3108095e-01   8.0392694e-01   5.5391606e+00   2.3975203e-03   2.4624653e-03  -8.1343468e-04
   2.3240478e-01   8.6351812e-01   5.5540062e+00  -5.4042124e-04   6.1491734e-03   6.3398353e-04
   2.1302449e-01   8.5147622e-01   5.4848332e+00  -1.6867631e-03   5.9533156e-03   8.8489527e-04
   1.9319304e-01   8.7372287e-01   5.5280526e+00  -3.5461148e-04   5.4225511e-03   9.6364527e-04
   1.8650432e-01   9.0552504e-01   5.5728374e+00   7.9492562e-04   5.7085315e-03   1.0342749e-03
   1.8689378e-01   8.6773898e-01   5.5415082e+00  -6.1102618e-04   4.2190672e-03   4.1988601e-04
   2.0228570e-01   8.7330662e-01   5.5521815e+00  -5.8581118e-04   4.0762128e-03   3.6919857e-04
   1.7590494e-01   8.7197106e-01   5.5805592e+00  -5.9753634e-05   4.7436936e-03   6.7599300e-04
   1.8968435e-01   8.7634864e-01   5.5684188e+00  -3.4443862e-04   4.7928272e-03   8.7775757e-04
   1.4750645e-01   8.6312827e-01   5.6141718e+00   2.1023279e-03   2.5128170e-03   6.0015766e-04
   1.5905249e-01   8.7546252e-01   5.6085326e+00  -2.5007354e-05   3.4412729e-03   7.5484100e-04
   1.2465429e-01   8.9793160e-01   5.6343041e+00   6.7557619e-05   3.5761062e-03   1.4314814e-03
   1.4866938e-01   8.9249702e-01   5.6573956e+00  -1.6427487e-04   3.9543084e-03   1.1484950e-03
   1.1524747e-01   8.5479483e-01   5.6806564e+00   2.5692272e-03   2.4648891e-03   8.0988861e-04
   1.3767318e-01   8.9417315e-01   5.6555346e+00   4.6056062e-04   2.7519178e-03   4.7073497e-04
   1.4735523e-01   8.7113480e-01   5.6502426e+00  -1.0573499e-04   3.0868711e-03   3.5380908e-04
   1.6044035e-01   8.8556706e-01   5.6682265e+00   4.1849608e-04   3.5870014e-03   3.0309869e-04
   1.4859323e-01   9.1482366e-01   5.6747659e+00   1.1013629e-03   3.4850954e-03   4.8233227e-04
   1.3058093e-01   9.0396370e-01   5.6349568e+00  -8.3640555e-04   3.3106344e-03   1.4273540e-03
   1.5482569e-01   9.0179612e-01   5.7196583e+00   4.8871315e-05   3.5402346e-03   1.1824178e-03
   1.7734627e-01   9.0633800e-01   5.7800123e+00   3.5880657e-04   3.5364273e-03  -5.6672253e-06
   1.2504695e-01   9.2158999e-01   5.7189764e+00   9.2553861e-04   2.6074256e-03   7.2788512e-06
   1.5111845e-01   9.0033471e-01   5.7589588e+00   8.1339869e-04   3.0621708e-03   7.9191135e-05
   1.8712419e-01   9.1020708e-01   5.7580339e+00   4.3406817e-04   4.1292302e-03   4.2185644e-04
   1.9360805e-01   8.9553069e-01   5.7921418e+00  -2.3760143e-04   4.2653297e-03   4.3412803e-04
   2.0156840e-01   9.2067933e-01   5.7900793e+00   2.1392759e-04   4.7306357e-03   1.2868253e-04
   1.9507397e-01   9.1938522e-01   5.7998229e+00   6.2172181e-04   4.9337035e-03   2.2373982e-04
   2.0490176e-01   9.0235208e-01   5.7917945e+00  -5.5573282e-04   4.9279120e-03   1.4184180e-04
   2.0529937e-01   8.9061713e-01   5.8037147e+00  -2.8627240e-04   4.7082085e-03   2.4150158e-04
   2.0685462e-01   9.1735232e-01   5.8117328e+00  -3.6927170e-04   4.8441524e-03   6.1119614e-05
   2.0872600e-01   9.1021906e-01   5.8288954e+00  -2.4979311e-04   4.5381785e-03   1.8595239e-04
   2.1770208e-01   9.2755957e-01   5.8475064e+00  -1.7873212e-04   4.8865977e-03  -6.6666838e-05
   1.9688891e-01   9.3697288e-01   5.8661610e+00  -4.9140726e-04   4.6249533e-03   3.9329175e-04
   1.2196136e-01   9.1091057e-01   5.9024996e+00   2.7772610e-03   1.9568194e-03   7.0175352e-05
   1.7871817e-01   9.3899196e-01   5.8874652e+00  -2.9949606e-04   3.2035102e-03   2.8950664e-04
   1.8956540e-01   8.7583522e-01   5.9274786e+00   4.0855342e-03   3.6293796e-03  -5.7792901e-04
   1.8515148e-01   9.4015560e-01   5.9102709e+00  -4.9168850e-04   3.7226594e-03   2.0023920e-04
   1.9141843e-01   9.3244019e-01   5.9567330e+00   1.1725222e-03   3.6694175e-03  -1.8800576e-04
   1.7703356e-01   9.2135702e-01   5.9538398e+00  -5.0535133e-04   4.4025483e-03   1.2598664e-03
   1.9121054e-01   9.4041780e-01   5.9726214e+00   5.1019402e-04   4.2461612e-03   2.0587431e-04
   1.9844985e-01   9.2528032e-01   6.0067903e+00  -7.5890878e-04   3.9538564e-03   6.1728538e-05
   1.8868532e-01   9.2712047e-01   5.9742890e+00  -4.3372787e-04   3.6052104e-03   1.5787149e-04
   1.6625968e-01   9.4031366e-01   5.9371463e+00  -1.0781270e-03   3.7993981e-03   6.6757362e-04
   1.8785824e-01   9.5157838e-01   6.0155618e+00   1.0047856e-03   3.6284758e-03   8.3436384e-05
   1.9040509e-01   9.4583926e-01   6.0048668e+00  -4.7376084e-04   4.2826181e-03   4.0706472e-04
   1.7510274e-01   9.4085178e-01   6.0407087e+00  -1.3665635e-03   3.6279878e-03   5.3925511e-04
   1.8279816e-01   9.4843820e-01   6.0579110e+00   4.4972140e-05   4.1722299e-03   4.9475282e-04
   1.9753276e-01   9.4788329e-01   6.0482919e+00  -1.9526935e-04   4.1891762e-03   1.5964085e-04
   1.7135932e-01   9.4426641e-01   6.0759875e+00   1.3966302e-03   4.1282712e-03   9.4844426e-04
   1.9600225e-01   9.4569605e-01   6.0675010e+00  -1.3073154e-04   3.8993478e-03   4.2435104e-04
   1.6776781e-01   9.1104820e-01   6.0153596e+00  -2.2449848e-03   3.9201982e-03   8.7060953e-04
   1.8335744e-01   9.2728656e-01   6.1030239e+00   1.1595223e-03   2.7495947e-03   1.9861796e-04
   1.7655604e-01   9.4115052e-01   6.0967422e+00   1.1153807e-05   3.3053662e-03   1.2576585e-04
   1.5449224e-01   9.5804920e-01   6.0768215e+00  -6.8578344e-04   3.4137087e-03   5.1631721e-04
   1.8708254e-01   9.5146365e-01   6.0809912e+00  -5.0773510e-04   3.6095983e-03   1.3578563e-04
   1.8629438e-01   9.3729946e-01   6.1018273e+00  -1.9800169e-04   4.0018731e-03   7.4487836e-04
   1.7865682e-01   9.3191972e-01   6.1377474e+00  -1.8837187e-04   3.3556186e-03   6.6111823e-04
   1.3096502e-01   9.3091105e-01   5.9988534e+00   1.1974882e-03   3.5204459e-03   1.2829049e-03
   1.9648088e-01   9.6059604e-01   6.0960660e+00  -9.4259320e-04   3.6435611e-03   7.1218527e-04
   1.9082635e-01   9.4623922e-01   6.2403233e+00   1.1017034e-03   3.3296339e-03   4.8675404e-04
   1.9544360e-01   9.2326150e-01   6.2214459e+00  -6.1739099e-04   3.9749952e-03   9.9232053e-04
   1.4269423e-01   8.6985554e-01   6.0856475e+00   2.8110402e-03   5.3401978e-03   9.6516042e-04
   2.0785464e-01   9.5428668e-01   6.2636755e+00   2.9940510e-03   4.6917321e-03  -5.8189288e-04
   1.9381241e-01   9.6074791e-01   6.1875371e+00   1.5495908e-03   5.3105626e-03   4.1073551e-04
   1.9304376e-01   9.6446524e-01   6.2553683e+00   1.9253221e-03   4.8840605e-03   4.4418160e-04
   2.1039304e-01   9.7092641e-01   6.2512098e+00   1.5271763e-03   5.1923289e-03   3.0754229e-04
   2.2524916e-01   9.7813692e-01   6.2885611e+00   2.3858475e-03   5.8558638e-03   2.7519815e-04
   2.1446457e-01   9.8172674e-01   6.2830374e+00   2.8548513e-03   6.1401530e-03   1.1295205e-03
   2.2869319e-01   9.6680461e-01   6.3188455e+00   7.4677743e-04   5.1660580e-03   4.0971403e-04
   2.0541805e-01   9.7052018e-01   6.3516687e+00   2.1287740e-04   4.8523795e-03   9.0870761e-04
   2.2953869e-01   9.6199946e-01   6.3633530e+00   8.5042881e-04   5.3112629e-03   5.7133664e-04
   1.8770072e-01   9.9102824e-01   6.3720743e+00   1.5397146e-03   4.6577874e-03   8.5896734e-04
   1.9992291e-01   9.8242274e-01   6.3716306e+00   5.6660870e-04   4.7835001e-03   4.4144970e-04
   2.0755406e-01   9.7399732e-01   6.3928247e+00   7.5759818e-04   5.2526021e-03   6.1889481e-04
   2.0814060e-01   9.8192353e-01   6.3817275e+00   1.0760181e-03   5.3507086e-03   7.5549008e-04
   1.9706428e-01   9.5363591e-01   6.3678603e+00   3.2668670e-03   4.7013826e-03   1.0759205e-04
   1.8593766e-01   9.8849746e-01   6.2400977e+00  -1.6118502e-05   5.3492221e-03   4.5217804e-05
   2.1238963e-01   9.6765447e-01   6.4233233e+00   1.5795995e-03   4.6031039e-03   1.2736806e-05
   2.0646874e-01   9.9253552e-01   6.3800381e+00  -5.0292828e-04   4.8700455e-03  -1.7290458e-05
   2.3895341e-01   9.8481762e-01   6.4850569e+00   2.7836980e-03   4.9481367e-03   7.5174322e-06
   1.6812201e-01   9.7511183e-01   6.3867239e+00   4.3282331e-04   4.8328397e-03   1.2450294e-03
   2.2633161e-01   9.8811210e-01   6.4898308e+00   4.6296696e-04   5.2238685e-03  -1.5728957e-04
   1.9624553e-01   1.0249143e+00   6.4657239e+00   5.6420260e-04   5.5266775e-03   4.5522364e-04
   2.1810105e-01   1.0014077e+00   6.5179244e+00   5.0981983e-04   4.8395830e-03   1.5653846e-04
   2.0555925e-01   9.8819316e-01   6.4889443e+00   9.1973504e-04   5.3879736e-03  -9.7298861e-05
   2.1811934e-01   9.8336633e-01   6.5671665e+00   4.7535757e-04   5.1626375e-03   2.9531744e-04
   2.3220433e-01   9.8999671e-01   6.5190263e+00   1.7938085e-04   5.1051114e-03   3.2686522e-04
   2.4993431e-01   9.7349467e-01   6.5336794e+00  -9.1167703e-05   6.1156368e-03  -3.7703606e-04
   2.3226809e-01   9.7385353e-01   6.5078197e+00  -3.4755950e-04   4.8868349e-03  -3.9941553e-04
   2.2115833e-01   9.8747591e-01   6.5385361e+00   4.3619932e-04   5.3369802e-03   1.8571128e-04
   2.2590223e-01   9.6448592e-01   6.5102943e+00   3.2615921e-03   4.6836514e-03  -3.7993472e-04
   2.2756252e-01   9.7401270e-01   6.5209206e+00   5.6158739e-05   5.3519583e-03   2.0600626e-04
   2.4101133e-01   9.9665197e-01   6.5238526e+00   5.5034991e-04   5.3396127e-03  -1.8368441e-04
   2.2626183e-01   9.9633151e-01   6.5370702e+00   3.5528915e-04   5.1251907e-03  -6.9005013e-05
   2.1031876e-01   9.9985010e-01   6.5354269e+00   2.3155537e-04   5.1135501e-03   1.0232436e-04
   2.1817694e-01   9.9450650e-01   6.5441554e+00   6.2903341e-05   5.1291182e-03   3.5816990e-04
   2.0806371e-01   9.6724032e-01   6.5627980e+00  -7.7118488e-04   5.0275286e-03   6.6559575e-04
   2.0920442e-01   9.7713489e-01   6.5771802e+00  -6.3515417e-04   4.5484734e-03   6.4430625e-04
   2.0052439e-01   9.7892608e-01   6.6004686e+00   1.2007101e-03   4.2034943e-03   3.9063864e-04
   2.1886851e-01   9.8886187e-01   6.6122821e+00   2.9269828e-04   4.7260204e-03   2.2102207e-04
   1.9679022e-01   9.7400568e-01   6.6374293e+00  -2.2158944e-04   4.4079806e-03   4.3891039e-04
   2.0934543e-01   9.8330268e-01   6.6286416e+00  -4.0940021e-04   4.1517090e-03   9.3323450e-04
   1.6980058e-01   1.0063771e+00   6.5834152e+00  -1.6475634e-03   3.8608266e-03   1.3181523e-03
   2.2941244e-01   9.9458792e-01   6.6715253e+00   3.2675733e-04   4.5035190e-03  -6.7027063e-05
   2.0831891e-01   9.8597074e-01   6.6568403e+00   1.5410078e-03   3.9184438e-03   4.6903942e-05
   2.0907271e-01   9.8797651e-01   6.6350184e+00  -1.0837971e-03   4.6811031e-03   8.7020265e-04
   1.9993562e-01   1.0104274e+00   6.7501222e+00   1.8603174e-03   3.8177026e-03  -4.0480244e-05
   1.9128794e-01   9.8158094e-01   6.6502372e+00  -2.2055343e-03   4.0472534e-03   4.8955291e-04
   2.0715931e-01   1.0120520e+00   6.7761405e+00   2.2916999e-03   3.4452177e-03  -3.1679846e-04
   2.3007743e-01   1.0330832e+00   6.7562756e+00  -1.1784063e-04   4.8812132e-03   1.5538102e-05
   2.0286969e-01   1.0214176e+00   6.7043528e+00   1.2284557e-04   4.7184935e-03   2.1601782e-04
   2.3311785e-01   9.9695251e-01   6.7500865e+00  -7.2300288e-04   4.5634172e-03   4.3897526e-05
   2.1582338e-01   9.8969876e-01   6.8261947e+00   1.8802309e-03   4.4291713e-03   1.9755475e-04
   2.0661952e-01   1.0423333e+00   6.7535454e+00   1.4022258e-04   5.2028313e-03   2.9132333e-04
   2.1951984e-01   1.0202651e+00   6.8345453e+00  -3.1870624e-04   4.4245466e-03   1.8646707e-04
   2.0264725e-01   1.0029556e+00   6.7829864e+00  -1.1778071e-03   4.5851051e-03   5.4808350e-04
   2.1533769e-01   1.0192754e+00   6.7883338e+00  -1.1400541e-03   4.3452593e-03   2.9400268e-04
   2.1278786e-01   1.0293873e+00   6.8069327e+00  -1.6228388e-04   4.8972849e-03   5.4097332e-04
   2.3019700e-01   1.0299137e+00   6.8556437e+00  -2.0941274e-05   4.5049859e-03  -9.8168648e-05
   2.3878552e-01   1.0125572e+00   6.7969728e+00  -1.4402303e-03   4.9854976e-03  -8.1502806e-05
   2.4195246e-01   1.0403270e+00   6.8519585e+00  -8.7239051e-05   5.4104665e-03  -1.3471613e-04
   2.2260678e-01   1.0232606e+00   6.8242725e+00  -8.8431063e-04   5.4720546e-03   5.4379355e-04
   2.0870092e-01   9.8952357e-01   6.8332930e+00   1.0466684e-03   3.7047555e-03   8.5882639e-05
   2.1406401e-01   1.0088662e+00   6.8342449e+00  -1.0078326e-03   4.5323386e-03   4.4711307e-04
   2.0509189e-01   1.0300398e+00   6.8280261e+00  -9.1107225e-04   4.5970793e-03   6.1256640e-04
   2.0818364e-01   1.0288901e+00   6.8589366e+00  -1.0738894e-03   4.8317084e-03   1.0311432e-03
   2.1193647e-01   1.0134627e+00   6.8585875e+00  -6.0013866e-04   4.8914105e-03   7.3677965e-04
   1.6520085e-01   9.9423353e-01   6.7404883e+00  -2.3135402e-03   3.4660673e-03   1.6526950e-03
   2.1060961e-01   1.0377436e+00   6.8771833e+00  -1.1243753e-03   4.0512889e-03   4.4452179e-04
   2.2218738e-01   1.0111392e+00   6.8828776e+00  -9.1941467e-04   4.3449107e-03   2.5519624e-04
   2.2375776e-01   1.0263145e+00   6.9198854e+00  -3.4788886e-04   4.6521948e-03   3.2818445e-04
   2.2047161e-01   1.0153408e+00   6.8956897e+00  -7.4998190e-04   4.2433671e-03   6.0496733e-04
   2.1471324e-01   1.0280176e+00   6.8938232e+00  -1.2896000e-03   4.0715435e-03   4.2066590e-04
   1.9784714e-01   1.0167835e+00   6.8808100e+00  -9.9159372e-04   3.6412333e-03   6.2250880e-04
   2.2744483e-01   1.0358788e+00   6.9394553e+00  -1.2073217e-03   3.6562851e-03   3.6210846e-04
   2.1211265e-01   1.0510794e+00   6.9544251e+00  -5.4447606e-04   4.2057980e-03   5.7398919e-04
   2.0944026e-01   1.0423610e+00   6.9571624e+00  -8.5412725e-04   4.2868562e-03   2.7169835e-04
   2.1709921e-01   1.0108341e+00   6.9810740e+00  -3.6292588e-04   4.2871588e-03   5.0656408e-04
   1.9820756e-01   1.0646427e+00   6.9853068e+00  -4.6129233e-04   4.4184141e-03   7.6694331e-04
   2.2279636e-01   1.0345844e+00   6.9866742e+00  -1.0726508e-03   4.4082894e-03   7.9815233e-04
   2.3142074e-01   1.0245508e+00   7.0181303e+00  -1.7718484e-03   3.8538899e-03  -1.9070905e-05
   1.9210200e-01   1.0326466e+00   6.9875488e+00  -1.6872781e-03   4.1999259e-03   7.7350308e-04
   2.4700838e-01   9.8013429e-01   7.0259020e+00  -1.0191932e-03   3.9381490e-03  -6.5777279e-04
   2.1226668e-01   1.0177880e+00   7.0734651e+00   1.5067003e-03   4.1581055e-03  -6.7233913e-06
   2.1840444e-01   1.0366593e+00   7.0642111e+00  -1.3399706e-03   3.8433880e-03   1.3897352e-04
   2.2825861e-01   1.0339894e+00   7.1264702e+00  -7.1913131e-04   4.3026227e-03   9.2490393e-05
   2.1964187e-01   1.0227353e+00   7.1047122e+00   4.9121136e-04   4.6037125e-03   7.1572344e-04
   2.1419732e-01   1.0406655e+00   7.0934782e+00  -1.2262915e-03   4.1924000e-03   5.8022853e-04
   2.2280056e-01   1.0113070e+00   7.1292809e+00  -1.3859191e-03   4.1365464e-03   1.5206199e-04
   2.3793550e-01   1.0255851e+00   7.0940192e+00  -1.5472289e-03   4.4500954e-03   3.4628640e-04
   2.1076817e-01   1.0347754e+00   7.1146489e+00  -4.2204227e-04   4.4273019e-03   6.3727720e-04
   2.2008190e-01   1.0297205e+00   7.1191109e+00  -8.0898178e-04   3.8717917e-03   8.0088388e-04
   2.2107666e-01   1.0457013e+00   7.1280408e+00  -9.9504044e-04   4.3103781e-03   6.5708798e-04
   2.2073744e-01   1.0380882e+00   7.1726716e+00   4.8202261e-04   3.5331002e-03   4.6146788e-04
   2.2816240e-01   1.0319716e+00   7.1244687e+00  -1.1645984e-03   4.3150332e-03   5.5544669e-04
   2.2485358e-01   1.0464948e+00   7.1533448e+00  -6.8507455e-04   4.3026390e-03   7.0464879e-04
   2.4553984e-01   1.0109817e+00   7.1821889e+00   3.0615107e-04   4.1995939e-03  -8.5685658e-05
   2.0014369e-01   1.0497033e+00   7.1722503e+00   1.1321376e-03   4.1293758e-03   3.3968215e-04
   2.1487022e-01   1.0509165e+00   7.2298266e+00  -2.2754213e-03   3.1968000e-03   8.8408982e-05
   2.1781526e-01   1.0258673e+00   7.2329307e+00  -1.7568514e-03   3.9091484e-03   5.4871884e-04
   2.3519520e-01   1.0506680e+00   7.2626170e+00  -9.6622671e-04   4.3924190e-03   5.4644451e-04
   2.1246523e-01   1.0444091e+00   7.2229800e+00  -1.9556421e-03   4.0335626e-03   7.2509860e-04
   2.4348081e-01   1.0690683e+00   7.2427237e+00  -1.4406220e-03   4.4790734e-03   2.6346042e-04
   2.3217912e-01   1.0702424e+00   7.2923930e+00  -1.1806151e-03   3.8379840e-03   1.6860473e-04
   2.4236265e-01   1.0835980e+00   7.3061268e+00  -8.7266352e-04   3.8848572e-03   1.9130611e-05
   2.1932209e-01   1.0674991e+00   7.2987325e+00  -1.0624627e-03   4.4269615e-03   9.4816515e-04
   2.2096902e-01   1.0645959e+00   7.3388676e+00  -4.9315704e-04   3.7928726e-03   4.8097535e-04
   2.6093850e-01   1.0481606e+00   7.3094827e+00  -2.0358101e-03   4.4541911e-03  -1.1562940e-04
   2.5606618e-01   1.0498535e+00   7.2893567e+00  -1.6264010e-03   5.0831241e-03   3.8395008e-04
   2.5059484e-01   1.0801677e+00   7.3157330e+00  -1.2014175e-03   4.8641117e-03   5.6213186e-04
   2.4617046e-01   1.0772920e+00   7.3269702e+00  -1.2855417e-03   4.8444726e-03   4.4203971e-04
   2.4817937e-01   1.0786119e+00   7.3293735e+00  -1.3104464e-03   5.2687774e-03   6.3016362e-04
   2.4676160e-01   1.0728283e+00   7.3247700e+00  -1.7117046e-03   4.8199227e-03   3.3790217e-05
   2.2059551e-01   1.0514114e+00   7.3625054e+00  -3.6990069e-03   3.7840325e-03   7.1943946e-04
   2.2998659e-01   1.0545612e+00   7.3658915e+00  -2.6018348e-03   4.5618109e-03   7.3494156e-04
   2.5653777e-01   1.1027425e+00   7.4105860e+00  -7.5811413e-04   4.8341682e-03  -1.5259778e-04
   2.6328289e-01   1.0715497e+00   7.3813566e+00  -1.5699793e-03   5.1739621e-03   3.9819920e-04
   2.5709684e-01   1.0773753e+00   7.4113065e+00  -1.4892122e-03   5.0195111e-03   1.5575787e-04
   2.4723443e-01   1.0820952e+00   7.4021986e+00  -1.6487787e-03   5.1673477e-03   4.5605445e-04
   2.5593907e-01   1.0777225e+00   7.4267749e+00  -1.1553464e-03   5.1899874e-03   3.5146462e-04
