   0.0000000e+00   0.0000000e+00   0.0000000e+00   0.0000000e+00   0.0000000e+00   0.0000000e+00
   3.2395629e-03   3.6971164e-02  -3.5683122e-02  -6.9723977e-04   4.1086646e-04  -4.6953047e-04
  -2.8999889e-03   1.1548007e-02  -1.2906485e-02   4.8717093e-04   9.2142449e-04  -4.3660398e-04
   1.4078628e-02   4.1065341e-03   6.9901224e-03   6.8729456e-04   1.7365177e-03   4.0691050e-04
  -3.6260842e-03   1.1664797e-02  -3.2253555e-03   4.3705300e-04   1.2650172e-03   2.5967092e-04
   6.9339746e-03   1.5411940e-02  -4.9168208e-02  -2.2996722e-05   1.7198545e-03   2.3937875e-04
   1.6316424e-02   3.3947710e-02   1.5126563e-02   5.4719114e-04   8.3209258e-04  -5.2518351e-04
   1.7996872e-03   1.3140369e-02  -2.0683685e-02   3.5708338e-04   1.2863808e-03  -4.3980582e-04
   2.2832516e-03  -1.3313175e-02  -2.9049999e-02   2.8938614e-04   1.2560701e-03   2.0604755e-04
  -1.8040837e-02   2.6076312e-02  -2.6008276e-02   6.3874692e-04   1.3233124e-04   7.7556899e-05
   9.0625852e-03   1.2815597e-02  -6.8737935e-02  -4.4346411e-04   7.1274002e-04   8.3521454e-05
   5.9035946e-03  -1.2256947e-02  -2.2553406e-02   1.0429049e-03   9.3685076e-04   4.2770212e-04
  -4.7298994e-04   4.1593268e-04  -1.6507785e-02   4.7819956e-05   1.1586594e-03   2.5337505e-04
  -2.7887597e-02   1.7896319e-04  -2.3527706e-02   4.0268885e-04   4.9136248e-04   5.1169302e-04
  -1.2450724e-02   1.3002445e-03  -3.2425228e-02   7.9875434e-04   1.1226185e-03   6.7740472e-04
  -1.5155218e-02  -2.5324159e-03  -1.1801498e-02   9.3168613e-04   6.3034823e-04   1.9256063e-06
  -3.5247345e-02  -2.3464767e-02  -1.0353339e-02   6.1152278e-04   7.4564405e-04   5.0225038e-04
   1.0688157e-03  -1.5243333e-02  -4.6956946e-02   2.9875995e-04   9.7444618e-04  -2.2144788e-05
  -9.5269544e-03   2.4138306e-03  -4.5288626e-02   5.1547130e-04   1.0886092e-03  -4.6582582e-04
  -1.8855470e-02  -9.1839287e-03  -6.8643982e-02   4.5913408e-04   7.1213283e-04   3.6599889e-04
  -1.6869154e-02  -1.8078208e-02  -9.5555223e-02  -3.9377805e-04   5.7693034e-04  -2.5862573e-04
   3.6975742e-03  -2.1706330e-02  -7.1953884e-02   4.7145808e-04   1.4537274e-03  -6.2767586e-04
  -3.3450875e-02  -2.1510693e-02  -4.3467690e-02   2.5302379e-04   9.0886715e-04   1.7331785e-05
  -2.2374177e-02  -2.4682830e-02   3.3356809e-03   1.1392419e-03   9.7651391e-04   2.0113334e-04
  -3.9770668e-02  -9.2217875e-03  -4.8426232e-02  -5.7562751e-04   1.1329849e-03  -5.4007488e-05
  -1.8663856e-02  -2.2483551e-02  -1.1034077e-01  -1.1521534e-03   1.8152651e-03   3.7722635e-04
  -1.5466072e-02   1.6227624e-02  -6.5199246e-02   1.4964012e-04   1.3796515e-03  -3.8586778e-04
  -6.1994836e-04  -7.3335940e-04  -5.2001248e-02   4.0469451e-05   6.6375539e-04  -5.7191677e-04
  -1.7179746e-02  -1.6903466e-02  -3.5944523e-02   5.5261612e-04   1.0834191e-03  -4.0521193e-04
  -3.0796112e-02  -1.8395364e-02  -3.4455161e-03   1.1387939e-03   7.8080151e-04  -7.7121660e-05
  -5.7919500e-02  -5.9066250e-02   5.5055767e-03   5.5338410e-04   8.3397685e-04   1.1416598e-03
  -5.8824141e-02  -2.5605158e-02  -3.2345838e-02   8.8073927e-05   9.7335687e-04   1.8105056e-05
  -3.1781827e-02  -1.1142126e-03  -7.2216578e-02  -9.2089449e-04  -2.3668717e-04  -8.6906378e-04
  -4.9660046e-02  -2.2250319e-02  -7.4399248e-02  -3.6441251e-04   1.4066755e-03   5.2299663e-04
  -6.4073291e-02  -3.3167480e-02  -2.6304048e-02   7.0709630e-04   9.8993387e-04   7.9627936e-04
  -5.1526781e-02  -2.4732929e-02  -4.7150071e-02   1.0277905e-04   1.6959810e-03   5.3022319e-04
  -1.9967575e-02  -3.9434530e-02  -1.6045862e-02   5.1755727e-04   6.1789524e-04  -2.7487807e-04
  -4.5490534e-02  -3.3022725e-02  -6.6804185e-03   5.0143469e-04   1.3429974e-03   1.7032920e-04
  -4.5964268e-02  -1.6238290e-02   1.2551915e-02   3.1399466e-04   1.1964913e-03   1.7790891e-04
  -4.7305259e-02  -6.6482830e-03   1.0253717e-02   2.0830722e-04   1.7283068e-03   4.3864094e-04
  -6.2037135e-02   1.7011136e-03  -3.5319822e-02  -1.8992499e-04   1.6191150e-03   9.6005634e-04
  -5.8196302e-02  -3.3744427e-02  -1.9023314e-02   1.3315012e-04   1.9355453e-03   3.7806217e-04
  -4.0357583e-02  -1.8917531e-02  -2.1702681e-02  -1.0325865e-03   1.2228680e-03  -1.7237537e-04
  -6.3732472e-02  -3.7587274e-03   2.1227511e-02   7.9873238e-04   1.2727127e-03   7.4618370e-04
  -4.5054364e-02  -1.8287367e-02  -3.2381656e-02  -5.3042238e-04   4.5159059e-04  -2.9253941e-04
  -7.5110616e-02  -5.7890624e-03   2.3404716e-02   7.3243606e-04   5.6664067e-04   5.3103628e-04
  -4.2992354e-02  -1.1168629e-02  -6.3743609e-03   1.8441353e-04   1.0747267e-03   2.2319670e-04
  -6.6616753e-02  -1.6235170e-02   2.0459685e-03  -2.0872471e-04   1.0359297e-03   4.0950059e-04
  -4.9205082e-02  -2.7505463e-03   1.7732518e-02   5.2636190e-04   4.5000934e-04  -4.5464291e-04
  -7.3318079e-02  -1.6136934e-02   6.3358352e-04   2.0612776e-04   1.3577475e-03   4.7277367e-04
  -4.6947243e-02  -1.7551512e-02  -4.0490752e-03  -3.9668895e-04   9.5922640e-04  -1.0602891e-04
  -7.8021142e-02  -1.0384719e-02   7.1036893e-04  -8.1732211e-04   1.0805550e-03   4.9295568e-04
  -9.2596600e-02  -3.0706665e-02   9.4511132e-03  -1.0170430e-03   3.6430881e-04   1.6292444e-03
  -5.4837631e-02  -3.1831844e-02   3.2543771e-02   2.6941205e-04   9.9143955e-04   3.6388180e-04
  -5.0272071e-02   9.9944644e-04   1.9908420e-02  -5.5600601e-04   7.5135351e-04  -4.7864535e-05
  -4.7407030e-02   2.7380935e-02  -2.5660689e-03  -9.1834365e-04   8.3096471e-04  -1.8341944e-04
  -9.8237039e-02  -9.8057088e-03   1.4912868e-02  -9.1619640e-04   4.4728141e-04   2.5462575e-04
  -6.8856982e-02  -2.3805956e-02   3.6245903e-02   1.3225770e-04   8.2013727e-04  -1.0937015e-04
  -5.4285481e-02   4.4000285e-03   1.4921592e-02  -6.0361789e-04   8.6259713e-04  -1.1391796e-04
  -7.5632295e-02  -1.3163691e-02   3.3652415e-02  -3.0560068e-04   1.4338431e-03   8.1136279e-05
  -4.6885299e-02  -1.2036481e-02   5.1961180e-02  -1.8353809e-04   1.0376926e-03  -2.5552815e-04
  -8.2037411e-02  -1.0662162e-02   2.9774427e-02  -8.5194178e-04   1.9674483e-03   7.5987942e-04
  -7.1973426e-02   7.4680426e-03   4.5014278e-02  -7.3478010e-04   1.0854517e-03   3.5315582e-04
  -8.4805915e-02  -2.8037480e-02   4.8851666e-02  -7.3492805e-04   9.5652202e-04   3.6061026e-04
  -8.0119274e-02  -1.0410240e-02   5.8646513e-02  -8.6610242e-04   5.8402983e-04   5.7708532e-04
  -6.9868800e-02  -2.2434251e-02   5.7545724e-02  -1.0250710e-03   1.1607488e-03   3.0818953e-04
  -5.8046716e-02   1.0781946e-02   4.7089154e-02  -1.0514657e-03   1.5749894e-03   1.1225684e-04
  -9.8774514e-02   1.5451556e-02   2.6272483e-02  -1.3613293e-03   1.0178600e-03  -3.6859744e-05
  -6.9225633e-02  -4.7537153e-03   5.9072375e-02  -7.9884487e-04   7.2770973e-04   6.8049132e-04
  -5.4876819e-02   3.6269389e-03   9.7900058e-02  -2.6978031e-04   1.1469400e-03  -1.9852870e-04
  -7.6498327e-02  -2.9132485e-02   8.9489007e-02  -2.1588958e-04   1.5766988e-03   1.1175576e-04
  -8.3024402e-02   1.3577282e-02   1.0322320e-01  -2.2665646e-04   1.0346164e-03   6.1789132e-04
  -8.3476327e-02  -1.2611266e-02   9.5292449e-02  -7.0195555e-05   1.3213177e-03   4.1695328e-04
  -8.9429804e-02  -2.4619921e-02   1.0252100e-01  -3.6941024e-04   1.3395855e-03   7.5939523e-04
  -6.1988046e-02  -2.3536999e-03   9.6440772e-02  -5.5784405e-04   6.2321155e-04  -3.1809461e-04
  -1.0098862e-01  -2.3787276e-02   8.2194546e-02  -1.0929126e-03   1.5563925e-03   6.0907089e-04
  -8.7678061e-02  -3.2612713e-02   8.7935780e-02  -1.0988586e-03   9.9521714e-04  -8.8323019e-05
  -8.9694862e-02  -2.3103496e-03   1.1670435e-01  -7.7342995e-04   1.6901551e-03   6.7133412e-04
  -6.6854027e-02   8.7328475e-03   1.0315340e-01  -1.6966243e-03   7.6038132e-04  -7.1524983e-05
  -9.2282767e-02   9.2566794e-03   1.9086443e-01   4.1917167e-04   1.6146405e-03   4.1399189e-04
  -9.5907658e-02   5.1426981e-02   2.0443526e-01  -2.8015086e-04   8.9312281e-04   3.5973606e-04
  -8.6861703e-02  -2.4148531e-02   2.2612132e-01   7.4961702e-04   1.4056211e-03   3.7368925e-04
  -6.4995541e-02  -6.7775487e-02   2.1794413e-01  -2.1508574e-04   1.5200317e-03  -7.7656284e-05
  -9.2067561e-02   1.9504148e-02   1.9816260e-01  -5.2581158e-04   1.6040871e-03   8.7558422e-04
  -7.5194685e-02   5.5565015e-02   1.8230580e-01  -7.1316504e-04   1.2791988e-03  -2.0574391e-05
  -6.4182586e-02   5.0633173e-02   2.5079597e-01   2.0575583e-04   1.1905380e-03  -1.5470562e-04
  -8.3792536e-02   6.7317355e-02   2.2250521e-01  -5.5323506e-04   1.7154590e-03   4.5305356e-04
  -8.4467497e-02   4.1318993e-02   1.8401976e-01  -2.0541692e-03   4.4165074e-04  -3.0969545e-04
  -1.1535150e-01   8.2013504e-02   2.0134916e-01  -1.1590007e-03   1.3778952e-03   1.5157878e-03
  -9.2414505e-02   8.1840168e-02   2.4153763e-01  -8.5259606e-04   1.9481661e-03   1.2199890e-03
  -8.2238117e-02   6.1608876e-02   2.1010520e-01  -3.1946160e-04   1.5276699e-03   2.5810579e-04
  -8.4012635e-02   6.0968207e-02   2.3458888e-01   2.5950497e-04   6.8739074e-04  -4.5147216e-05
  -6.3553490e-02   6.4456399e-02   2.7921586e-01   3.4920413e-04   5.8871185e-04  -5.4799011e-04
  -4.1289913e-02   7.6393489e-03   1.9564851e-01  -1.1738552e-03   2.6497610e-03  -1.2821647e-03
  -1.1333118e-01   4.9052461e-02   1.4587440e-01   6.3168923e-04   3.2986146e-03   7.3295553e-04
  -9.9554527e-02   6.1727390e-02   1.3063729e-01   7.1017998e-04   2.9513997e-03   5.8971779e-04
  -9.6324315e-02   5.1869072e-02   1.9359387e-01   9.5196219e-04   3.1507065e-03  -8.6217852e-05
  -8.3791150e-02   7.3796839e-02   2.5285204e-01   1.3298808e-03   2.2997926e-03  -6.3371936e-04
  -9.4856678e-02   8.2016084e-02   2.2160281e-01  -1.1534327e-04   1.2139913e-03   9.1991163e-05
  -9.9132725e-02   5.9793923e-02   2.4074289e-01   2.8330859e-05   1.8744379e-03   4.5367089e-04
  -1.0269413e-01   3.9849126e-02   2.6275803e-01   2.9901259e-04   1.8221609e-03   4.4790972e-04
  -9.6583786e-02   7.7657847e-02   2.7562955e-01   6.1483640e-04   8.9472551e-04  -4.7005771e-04
  -1.0560986e-01   3.8594856e-02   2.1262527e-01  -4.1200640e-04   4.7049166e-04   8.6348066e-05
  -8.4908801e-02   5.9811477e-02   2.5821001e-01   5.3526308e-04   1.3377842e-03  -2.0891856e-04
  -1.0832781e-01   2.5862677e-02   2.3911675e-01  -8.5447133e-05   2.0920507e-03   6.7726494e-04
  -1.2505244e-01   5.4565431e-02   2.9307078e-01   1.0230341e-03   1.1115923e-03   1.6899305e-04
  -1.0092984e-01   6.0106425e-02   2.4207055e-01  -3.5545173e-04   7.1252246e-04   8.8534143e-05
  -1.1137409e-01   4.5786678e-02   2.4633678e-01  -5.8179353e-04   1.1904552e-03   1.3961494e-04
  -1.1343456e-01   2.0942566e-02   2.8708350e-01  -1.3359362e-04   6.6800690e-04  -1.7985745e-04
  -1.3093702e-01   3.8825422e-02   2.9480848e-01  -1.7178763e-04   1.4725499e-03   7.0298431e-04
  -8.3905814e-02   4.1493870e-02   2.5766859e-01  -5.5019231e-04   1.5312038e-03  -1.1497912e-04
  -1.2433049e-01   6.3465142e-02   2.8878228e-01   6.3493453e-04   1.6397473e-03   4.3451227e-04
  -4.4683833e-02   4.7549171e-02   2.5112329e-01  -9.0166385e-04   2.2662785e-03  -8.0507742e-04
  -5.6248859e-02   2.7025048e-02   2.6797878e-01  -7.5644364e-04   9.2869269e-04  -8.9197202e-04
  -9.1014577e-02   3.3756153e-02   2.7122391e-01  -1.2613296e-03   1.4314711e-03  -2.2701107e-04
  -7.6028818e-02   4.5234674e-02   2.9555604e-01  -2.9025998e-04   1.8079585e-03  -3.9017799e-06
  -1.1154627e-01   4.6381741e-02   3.1712342e-01  -5.7935739e-04   1.7496281e-03   4.8458161e-04
  -9.0445824e-02   4.6118209e-02   3.0217850e-01  -5.5540882e-04   9.1757977e-04  -3.4148321e-04
  -9.4858114e-02   5.1073081e-02   3.1003863e-01  -5.1621498e-04   1.5543726e-03  -2.6168783e-04
  -6.7533387e-02   1.8333821e-02   2.9553498e-01  -1.4176611e-03   1.5752926e-03   3.6570965e-04
  -8.5068178e-02   7.2896634e-03   3.0488017e-01  -1.4835678e-03   1.6286435e-03  -1.8168802e-04
  -6.0391372e-02   1.2442959e-02   3.3666713e-01  -4.5098339e-04   1.0223767e-03  -6.0672653e-04
  -6.2369358e-02   2.6031367e-02   3.4277463e-01  -7.5690317e-04   7.6007761e-04  -8.2270378e-04
  -6.8617562e-02   7.6826398e-04   2.4871744e-01  -1.3714307e-03   1.3640697e-03  -1.0051616e-03
  -6.2036816e-02  -1.1290086e-02   2.6896355e-01  -8.0634028e-04   1.8954159e-03  -4.1765604e-04
  -9.8462342e-02   1.6577154e-02   2.5782649e-01  -2.1920470e-03   1.2280776e-03   1.4484035e-05
  -1.1609221e-01   3.0503796e-03   3.0254367e-01  -1.5978307e-03   1.4699381e-03   7.9963956e-04
  -9.5250619e-02  -2.5539885e-03   3.4250638e-01  -9.1644460e-04   1.6236387e-03   2.2497529e-04
  -8.7325279e-02   6.9054082e-03   3.2748058e-01  -1.0462762e-03   2.0061346e-03  -7.1336960e-05
  -1.1143341e-01  -3.7811706e-02   3.3167821e-01  -1.5261684e-03   2.2281591e-03  -1.1665540e-04
  -1.2773981e-01  -1.5363457e-02   3.8130188e-01  -3.3644025e-04   9.5318374e-04   6.7433071e-05
  -9.9282927e-02  -1.3267258e-03   3.2500834e-01  -2.4037619e-03   1.6187674e-03   2.0892144e-04
  -9.0788606e-02  -3.2435343e-02   2.9932379e-01  -1.0287531e-03   2.2401830e-03   1.5320394e-04
  -1.1106640e-01   1.2723511e-02   3.7903524e-01  -1.1642359e-03   1.8087063e-03   6.0218518e-04
  -9.9922805e-02  -4.0487372e-03   3.5431398e-01  -1.7988539e-03   1.5680224e-03   2.8716589e-04
  -1.2361327e-01  -9.7546700e-04   3.7418123e-01  -1.9284763e-03   1.7727434e-03   3.7670371e-04
  -1.0348367e-01  -1.1247726e-03   4.3955888e-01  -4.3801658e-04   2.0116322e-03   7.4002408e-05
  -8.4804815e-02  -2.9681135e-02   3.9871833e-01  -1.4983951e-03   1.7358701e-03  -7.4461156e-04
  -9.1321234e-02   1.9729486e-02   3.7512177e-01  -1.7770233e-03   2.0616297e-03  -2.6645516e-06
  -1.2262311e-01   2.1298832e-02   3.8598887e-01  -1.6215098e-03   1.8804567e-03   2.8784441e-04
  -9.6849723e-02   2.6472875e-02   4.1146243e-01  -1.1562435e-03   1.5446877e-03   7.9322788e-05
  -8.7515445e-02   2.1822549e-02   4.5728959e-01  -5.2358782e-04   1.9664115e-03  -8.2718503e-04
  -1.0302654e-01  -9.9875428e-03   4.6765191e-01  -8.8432453e-04   1.5169625e-03   3.0650279e-04
  -8.0635270e-02   2.0127507e-02   4.8032022e-01  -1.3250328e-03   1.4602042e-03  -6.1762301e-04
  -9.4596060e-02   1.8455847e-02   4.7483171e-01  -7.6841245e-04   1.6455570e-03   1.2492410e-04
  -8.7804927e-02   3.3434712e-02   4.5857720e-01  -9.1387595e-04   1.1146292e-03  -4.4689819e-04
  -8.0116251e-02  -1.3430418e-04   4.9929585e-01  -2.1187808e-04   2.1745965e-03  -1.1177660e-04
  -7.3173665e-02   2.3254468e-02   4.8083816e-01  -1.7249976e-03   2.1603974e-03  -7.6394791e-04
  -1.0513795e-01   7.4365924e-02   5.5128971e-01  -4.4932443e-04   1.6052902e-03   9.3055755e-05
  -1.1954287e-01   3.0559832e-02   5.5441639e-01  -4.2126162e-04   1.1994759e-03  -1.0711693e-04
  -1.0039172e-01   2.8873940e-02   5.3391638e-01  -1.1102981e-03   2.1665188e-03  -3.4081402e-04
  -8.2705227e-02   3.6884292e-02   5.5780059e-01  -5.4941330e-04   1.3129048e-03  -7.5366016e-04
  -8.2401871e-02   3.4170496e-02   5.6582690e-01  -4.2894839e-04   1.2906055e-03   4.1054081e-05
  -1.3153954e-01   3.5973593e-02   6.0405859e-01  -5.8191637e-05   1.4421538e-03   5.1375069e-04
  -9.5306796e-02   3.1620840e-02   6.2324011e-01  -1.2901524e-04   1.2505934e-03  -6.5626510e-05
  -8.1385393e-02   6.1425661e-02   6.0140355e-01  -9.2441221e-04   1.5472498e-03  -3.2715540e-04
  -1.0799418e-01   5.4572970e-02   6.0950429e-01  -8.4649304e-04   1.9428688e-03   2.2822998e-04
  -6.6541332e-02   6.7804873e-02   5.6909411e-01  -1.7380271e-03   1.8361168e-03  -2.5276837e-04
  -1.0008511e-01   7.6643131e-02   5.8103042e-01  -1.3908564e-03   1.7005448e-03  -2.2093535e-04
  -9.3222233e-02   4.6877058e-02   5.9469400e-01  -1.5104743e-03   1.8176851e-03   4.2671094e-04
  -1.2886472e-01   4.3453960e-02   6.0675523e-01  -1.9170365e-03   1.4509116e-03   9.2012105e-04
  -6.7340880e-02   5.2748013e-02   5.9336184e-01  -1.4602199e-03   2.1392201e-03  -4.0596370e-04
  -1.1641842e-01   6.0254274e-02   5.7902426e-01  -2.3851259e-03   1.9360945e-03   5.6530215e-04
  -1.0511951e-01   4.9751403e-02   6.6037555e-01  -5.5498279e-04   1.7641695e-03   8.2281467e-04
  -1.0188996e-01   7.0940473e-02   6.6443673e-01  -7.9129100e-04   9.0127382e-04   6.2219395e-04
  -9.6546043e-02   5.0895346e-02   6.8789890e-01  -1.4706576e-04   1.0492929e-03  -3.1932512e-04
  -9.1780464e-02   7.3544879e-02   6.9679058e-01  -4.9448675e-04   1.4925823e-03  -5.3238082e-04
  -9.2965607e-02   6.6348357e-02   7.1027510e-01  -5.0078482e-04   1.4810103e-03   1.6231743e-04
  -1.0246621e-01   6.6415750e-02   7.1141080e-01  -4.0744070e-04   2.1306551e-03   5.8094562e-04
  -8.4714178e-02   6.1656376e-02   7.2564286e-01  -1.4480941e-04   1.8928532e-03   5.3451453e-04
  -1.1230936e-01   9.3558152e-02   6.8209648e-01  -1.3295469e-03   1.1292240e-03   8.7458785e-04
  -1.0554821e-01   5.5323180e-02   6.8608262e-01  -1.2089231e-03   2.1454820e-03   8.6653125e-04
  -1.2257639e-01   7.5628299e-02   7.0962907e-01  -1.1420873e-03   1.9478882e-03   4.1282745e-04
  -1.0144665e-01   5.3778787e-02   7.0340245e-01  -1.4730436e-03   1.5919465e-03   5.3459486e-04
  -9.8215612e-02   5.9570014e-02   7.3404099e-01  -1.7157896e-03   1.6084523e-03   8.9429975e-05
  -1.0084395e-01   6.9855045e-02   7.5065571e-01  -8.2583151e-04   1.6341933e-03   6.0433001e-04
  -7.7427749e-02   5.6479522e-02   7.4343364e-01  -1.0312441e-03   1.5701465e-03   2.2024857e-04
  -1.0545732e-01   4.0639372e-02   7.8871963e-01  -7.8732442e-04   1.8508717e-03   1.1925505e-04
  -1.0150895e-01   8.4385313e-02   8.4167083e-01   4.8745255e-04   6.3918583e-04   2.6751173e-05
  -1.0822462e-01   7.6650372e-02   8.0919047e-01  -5.9191786e-04   1.5276444e-04   5.3733871e-04
  -6.3034498e-02   1.0667625e-01   8.0445876e-01  -4.4344215e-04   1.4013775e-03   1.9624460e-04
  -1.0192236e-01   9.1281213e-02   7.8343320e-01  -1.8157899e-03   2.2720632e-03   4.5263119e-04
  -9.1388983e-02   8.5862763e-02   8.1040534e-01  -1.6993786e-03   1.4278217e-03  -3.8397866e-04
  -9.2626729e-02   6.2448824e-02   8.3990605e-01  -6.9022481e-04   1.4136959e-03   2.1600183e-04
  -1.0108084e-01   7.5601463e-02   8.1520190e-01  -1.2615404e-03   1.8131844e-03   3.0582950e-04
  -9.2696971e-02   5.3846173e-02   8.1843178e-01  -1.8213484e-03   2.2322864e-03   1.0226701e-03
  -6.2962369e-02   4.8750431e-02   8.2920890e-01  -7.8359716e-04   1.7926655e-03  -6.8448610e-05
  -7.0136923e-02   8.4232330e-02   8.6502059e-01  -7.0647695e-04   1.4867439e-03   4.8310087e-05
  -7.5113593e-02   7.9387075e-02   8.2860029e-01  -1.0963071e-03   1.0326667e-03   1.4664681e-04
  -9.1310286e-02   1.1061982e-01   8.5088124e-01  -1.6558679e-03   2.2153953e-03   3.8590859e-04
  -8.5630611e-02   1.0166253e-01   8.4601054e-01  -1.6278870e-03   1.8382933e-03   2.7951563e-04
  -8.1194603e-02   7.6994130e-02   8.7421033e-01  -1.2247380e-03   1.4127309e-03  -3.3756048e-04
  -8.7099104e-02   9.4557194e-02   9.3907836e-01   2.1191192e-04   1.7281055e-03   3.8031566e-04
  -8.6135941e-02   1.3028638e-01   8.9797373e-01  -9.6584702e-04   1.6174234e-03   5.0822436e-04
  -8.2340691e-02   9.3359964e-02   9.1788568e-01  -7.0113533e-04   2.1411928e-03   3.2600034e-04
  -8.0525158e-02   1.3254331e-01   9.3544839e-01  -5.4412027e-04   1.1251542e-03  -7.2975284e-05
  -9.4976592e-02   1.1771567e-01   9.1971965e-01  -1.1488012e-03   1.4238644e-03   6.0902881e-04
  -8.0056081e-02   1.2745030e-01   8.9233424e-01  -1.5499739e-03   1.4506834e-03  -1.7472388e-04
  -6.8756308e-02   1.2331861e-01   9.3154308e-01  -4.1609784e-04   2.3118064e-03   4.6979745e-04
  -8.3922367e-02   1.6426374e-01   9.2234068e-01  -1.3521827e-03   2.0095457e-03   3.4564795e-05
  -8.9399353e-02   1.2117032e-01   9.6461263e-01  -2.7968371e-04   2.0257762e-03   6.6726615e-04
  -7.1546749e-02   1.4573306e-01   9.7339942e-01  -2.3666249e-04   1.1912380e-03   5.4266937e-05
  -1.0364100e-01   1.2544906e-01   1.0069410e+00  -3.2036666e-04   1.3222405e-03   4.4190458e-04
  -7.8344188e-02   1.3330438e-01   1.0010326e+00  -3.8464218e-04   1.6360891e-03   2.4027517e-04
  -8.4764969e-02   1.4234032e-01   1.0182540e+00  -2.4416175e-04   1.9929938e-03   7.0217496e-04
  -8.0210313e-02   1.6077362e-01   9.9416412e-01  -1.4458621e-03   1.9017307e-03   7.7278239e-04
  -9.0383137e-02   1.3290488e-01   1.0344767e+00   1.1580402e-04   2.4168606e-03   4.0885205e-04
  -5.6186685e-02   1.4668165e-01   1.0320867e+00  -1.1989618e-03   2.4715709e-03   1.0370149e-05
  -1.1196533e-01   1.3653971e-01   1.0341296e+00  -7.9837484e-04   1.8932668e-03   1.1124203e-03
  -1.0187415e-01   1.7306730e-01   1.0378382e+00  -1.2914280e-03   2.1338701e-03   1.1396632e-03
  -8.2944642e-02   1.4373657e-01   1.0682742e+00   4.5525668e-04   1.4713899e-03   7.1747204e-04
  -7.1999265e-02   1.4843406e-01   1.0689432e+00  -1.0674389e-03   1.6279988e-03   8.8933750e-04
  -9.7770037e-02   1.5747219e-01   1.0580548e+00  -1.1885369e-03   2.7106741e-03   9.1918708e-04
  -9.2310158e-02   1.6898565e-01   1.0722202e+00  -7.1689696e-04   1.9528454e-03   1.0213476e-03
  -6.1859075e-02   1.5747843e-01   1.0588188e+00  -1.5907772e-03   2.2845694e-03   5.5074113e-05
  -9.3571339e-02   1.8551257e-01   1.0749206e+00  -4.4878716e-04   2.0100078e-03   9.1652785e-04
  -8.0367742e-02   2.0842569e-01   1.0732398e+00  -1.7233426e-03   2.0850533e-03   5.0902057e-04
  -5.5880308e-02   2.1778566e-01   1.0927747e+00  -1.1761536e-03   1.5960752e-03  -1.0365487e-04
  -6.0039147e-02   1.8577929e-01   1.0960681e+00  -1.0037989e-03   2.1041281e-03  -1.1142577e-05
  -8.9615768e-02   1.5253977e-01   1.0872509e+00  -1.4358847e-03   1.8559550e-03   3.5784308e-04
  -8.7741234e-02   1.6873801e-01   1.0916200e+00  -2.0022389e-03   1.9974648e-03   4.7157639e-04
  -6.7071840e-02   1.8571089e-01   1.1558399e+00  -3.0289026e-04   1.9601694e-03   2.8232059e-05
  -9.4762802e-02   2.0031704e-01   1.1312647e+00  -1.6640179e-03   3.4960415e-04   1.7835565e-04
  -5.7969267e-02   1.8324211e-01   1.1195833e+00  -1.0973910e-03   1.4824471e-03   3.9463976e-05
  -8.1294198e-02   1.8894045e-01   1.1216279e+00  -1.3380683e-03   1.2759788e-03   3.5390021e-04
  -5.6861417e-02   1.9289656e-01   1.1407032e+00  -1.2775485e-03   2.0616771e-03   2.1595021e-04
  -6.7354890e-02   1.8964090e-01   1.1707538e+00  -8.6149678e-04   1.8810534e-03   4.3656414e-04
  -9.6005082e-02   2.0470051e-01   1.1640632e+00  -6.4058868e-04   1.3437800e-03   5.8798119e-04
  -8.1341982e-02   1.7950682e-01   1.1895063e+00  -8.4210261e-04   1.8524178e-03   8.1728217e-04
  -8.5905402e-02   2.0099748e-01   1.2246902e+00   2.8771790e-04   2.0604473e-03   7.8490092e-04
  -5.7299870e-02   2.0467932e-01   1.1958195e+00  -8.4878881e-04   1.6949689e-03   4.7968587e-04
  -7.4045383e-02   1.8115177e-01   1.2266734e+00  -2.5819888e-04   2.1456846e-03   5.2282199e-05
  -6.6165988e-02   1.9145231e-01   1.2291375e+00  -9.0192806e-04   2.0521878e-03   1.6489187e-04
  -4.8706955e-02   1.9514103e-01   1.2363107e+00  -5.1845771e-04   1.5403119e-03   3.7527020e-05
  -5.8121061e-02   2.1012288e-01   1.2028117e+00  -1.7365994e-03   2.4995968e-03   3.6140470e-04
  -5.6310022e-02   2.1595465e-01   1.2443493e+00  -1.9343570e-04   2.7022918e-03   4.9148437e-04
  -5.5828856e-02   1.8712620e-01   1.2526804e+00  -1.0000601e-03   2.6059652e-03   2.9904419e-04
  -5.8447844e-02   2.3967474e-01   1.2669758e+00  -5.3989959e-04   2.1694129e-03   3.2182481e-04
  -5.6375441e-02   2.2957881e-01   1.2430168e+00  -1.6061848e-03   1.2946225e-03  -1.3851645e-04
  -6.6321806e-02   1.9709795e-01   1.2378941e+00  -1.4399487e-03   2.4043326e-03   5.5333991e-04
  -7.6888707e-02   1.9354118e-01   1.2535747e+00  -1.6127982e-03   1.8395886e-03   4.9410581e-04
  -7.8454050e-02   1.8269794e-01   1.2811572e+00  -1.3768092e-03   2.3334159e-03   1.3176122e-03
  -7.3824815e-02   1.9586507e-01   1.3030442e+00  -5.0745113e-04   1.2505426e-03   4.3206946e-04
  -5.8148319e-02   2.1297334e-01   1.2770706e+00  -1.0853359e-03   1.5651521e-03   5.0230651e-04
  -8.3809851e-02   1.9112597e-01   1.2657701e+00  -1.7054576e-03   1.8869776e-03   1.0306395e-03
  -8.0806408e-02   2.1921135e-01   1.3278650e+00  -7.5692549e-04   1.3849393e-03   9.7371393e-04
  -5.7810409e-02   2.0876678e-01   1.2935751e+00  -1.9309879e-03   1.3694104e-03   4.6090165e-04
  -5.6521785e-02   2.4143353e-01   1.3402378e+00  -1.0461597e-03   1.7356573e-03  -3.5530717e-04
  -9.4301567e-02   2.1534163e-01   1.3338076e+00  -1.4536054e-03   1.2705121e-03   9.3329939e-04
  -6.7752040e-02   2.1607506e-01   1.3412369e+00  -8.0343900e-04   1.9943517e-03   4.7962719e-04
  -6.4827802e-02   2.2391242e-01   1.3378070e+00  -1.6847890e-03   1.9912820e-03   6.3436339e-04
  -8.0896403e-02   2.4048567e-01   1.3878941e+00  -4.0759575e-04   1.7214456e-03   1.5068766e-03
  -8.4355960e-02   2.1874394e-01   1.3957144e+00  -1.0523377e-03   1.5208147e-03   8.6167928e-04
  -6.1420487e-02   2.1858618e-01   1.3957890e+00  -8.5928499e-04   2.9352854e-03   5.3355739e-04
  -5.4797233e-02   2.2384939e-01   1.4368661e+00  -3.2080989e-04   1.7200487e-03  -1.9901190e-04
  -4.4555302e-02   2.2775329e-01   1.4107046e+00  -1.1576166e-03   2.3853363e-03   3.0531552e-04
  -4.5562380e-02   2.1242439e-01   1.3873949e+00  -1.7418302e-03   2.0741971e-03   6.4083263e-04
  -8.5267548e-02   2.3418910e-01   1.4258807e+00  -5.4288317e-04   1.4372840e-03   1.2482536e-03
  -4.7673373e-02   2.6056441e-01   1.4639315e+00   2.8144077e-04   2.3047792e-03  -3.2857008e-06
  -5.6023064e-02   2.0152753e-01   1.4237200e+00  -1.7293176e-03   1.5966588e-03   6.5516817e-04
  -6.6318090e-02   2.6720605e-01   1.4586609e+00  -8.0292078e-04   1.7900773e-03   1.1060578e-03
  -5.8525008e-02   2.3558094e-01   1.4322572e+00  -1.1312541e-03   2.1727234e-03   7.9691433e-04
  -3.9107134e-02   2.3666014e-01   1.4415504e+00  -7.7820629e-04   2.4910339e-03   2.3811032e-04
  -7.4914544e-02   2.4209458e-01   1.4364787e+00  -1.0676411e-03   7.6984579e-04   5.5945399e-04
  -7.9469169e-02   2.3901619e-01   1.4447511e+00  -1.4250138e-03   1.3590605e-03   7.7587567e-04
  -3.2807740e-02   2.3507150e-01   1.4834998e+00  -6.1143943e-04   2.3734070e-03   2.8631251e-04
  -6.5709906e-02   2.0812062e-01   1.4638868e+00  -1.8659390e-03   1.3568099e-03   8.9559428e-04
  -6.5695373e-02   2.1636761e-01   1.4926661e+00  -6.1789752e-04   1.7472501e-03   5.5958603e-04
  -5.5895293e-02   1.9109377e-01   1.4388396e+00  -2.4481112e-03   1.9721739e-03   1.2052486e-04
  -8.3170346e-02   2.0184085e-01   1.4472939e+00  -2.4361165e-03   1.2017833e-03   7.5092358e-04
  -4.5370135e-02   1.6799532e-01   1.5172219e+00  -7.1961617e-04   2.5722532e-03   5.1526053e-04
  -6.9205528e-02   1.8781943e-01   1.4877400e+00  -1.3333916e-03   1.8194811e-03   8.2255454e-04
  -4.9725191e-02   2.2242600e-01   1.4744785e+00  -2.3134240e-03   1.4315828e-03  -4.2557775e-04
  -3.0632526e-02   1.9385763e-01   1.4984822e+00  -1.8030207e-03   1.7055859e-03  -1.4641507e-04
  -5.2678728e-02   2.0961334e-01   1.4984932e+00  -1.7149299e-03   2.0994706e-03   1.4479494e-04
  -2.1570522e-02   2.3125678e-01   1.5123024e+00  -1.6359222e-03   1.7904706e-03  -1.2866868e-04
  -5.0119579e-02   2.3980214e-01   1.5159910e+00  -1.4096926e-03   2.1462207e-03   3.8921544e-04
  -2.4049664e-02   2.2412965e-01   1.5486974e+00  -9.4661384e-04   1.5959462e-03  -2.3446171e-04
  -4.9002030e-02   1.9415959e-01   1.5301643e+00  -1.3542735e-03   1.6174448e-03   7.5413601e-05
  -1.9832619e-02   2.0332668e-01   1.5006554e+00  -2.5575234e-03   1.7848109e-03  -6.9859754e-05
  -3.9874783e-02   2.1052785e-01   1.5824414e+00  -1.5316431e-03   1.8941559e-03   1.9371036e-04
  -1.9180451e-02   2.2606699e-01   1.5361017e+00  -2.1385953e-03   2.0763655e-03  -6.4684993e-04
  -4.2242410e-02   2.2227672e-01   1.6059898e+00  -6.6794453e-04   1.9032427e-03   4.3334035e-04
  -5.7730058e-02   2.2598615e-01   1.5919950e+00  -1.6665156e-03   1.6078798e-03   6.1753934e-04
  -4.1235431e-02   2.6528144e-01   1.6176665e+00  -5.4268368e-04   1.6246176e-03   5.1609031e-04
  -4.3177060e-02   2.4738227e-01   1.6170206e+00  -1.2635882e-03   1.9649598e-03   8.0134347e-04
  -2.3246444e-02   2.4286618e-01   1.6273975e+00  -1.4854761e-03   2.0681720e-03  -2.1964953e-04
  -5.1356182e-02   2.3794416e-01   1.6692178e+00  -3.4973617e-04   2.1485084e-03   8.6000114e-04
  -3.4401692e-02   1.7584559e-01   1.6566866e+00  -1.3726831e-03   2.1544828e-03   4.3543168e-04
  -4.7029321e-02   2.4219134e-01   1.6679365e+00  -1.0689069e-03   1.5603338e-03   3.5457450e-04
  -3.6065772e-02   2.2065287e-01   1.6612513e+00  -1.5585382e-03   2.7047763e-03   6.0739114e-04
  -1.4772208e-02   2.3304468e-01   1.6468401e+00  -1.9354031e-03   1.5717211e-03  -3.7557490e-05
  -5.2319798e-02   2.3796934e-01   1.6321192e+00  -1.5678995e-03   2.0238923e-03   7.0272101e-04
  -3.0198066e-02   2.5119184e-01   1.6353228e+00  -2.0366136e-03   1.7323678e-03   6.2801059e-04
  -3.6800821e-02   2.6587918e-01   1.6657358e+00  -1.2787200e-03   2.5904481e-03   1.5833609e-04
  -3.8817703e-02   2.3440664e-01   1.7070183e+00  -6.0690839e-04   2.3484852e-03   2.5231297e-04
  -4.0958375e-02   2.6376962e-01   1.6967116e+00  -1.1624422e-03   1.5867940e-03   4.7795646e-04
  -5.8066139e-02   2.4685915e-01   1.7260668e+00  -1.2640343e-03   1.8592501e-03   1.1779044e-03
  -6.6958567e-02   2.8274881e-01   1.7389956e+00  -9.3136698e-04   1.7369074e-03   9.0720408e-04
  -4.9554261e-02   2.8923513e-01   1.7476617e+00  -8.4149606e-04   1.9912106e-03   5.3733485e-04
  -5.5592372e-02   2.6197620e-01   1.7681269e+00  -3.1338389e-04   1.7710722e-03   8.7669797e-04
  -3.1692058e-02   2.6498373e-01   1.7600829e+00  -1.2040224e-03   2.0041537e-03   1.5885548e-04
  -4.8220916e-02   2.9777974e-01   1.7748175e+00  -7.3285931e-04   2.3975354e-03   7.6787805e-04
  -4.5003761e-02   2.6905445e-01   1.8041384e+00  -1.1584256e-04   2.3724116e-03   9.0442524e-04
  -3.4711559e-02   2.5009476e-01   1.8162568e+00  -1.3612263e-04   1.5786052e-03   3.0791512e-04
  -2.8808049e-02   2.4357975e-01   1.7961187e+00  -9.9291881e-04   2.3388514e-03  -2.4073288e-04
  -3.1493697e-02   2.8888517e-01   1.8012376e+00  -7.8664196e-04   9.7718821e-04  -1.0413740e-04
  -4.5652200e-02   2.4188134e-01   1.8004936e+00  -1.3029841e-03   1.5458933e-03   1.7341276e-04
  -6.3568806e-02   2.7189239e-01   1.7737819e+00  -2.4582093e-03   2.0080726e-03   1.1428165e-03
  -4.2010668e-02   2.6992722e-01   1.8402781e+00  -1.0084314e-03   2.2288626e-03   5.7816270e-04
  -3.6021052e-02   2.7899157e-01   1.8577104e+00  -5.3765190e-04   2.1849501e-03   2.8876160e-04
  -4.5355110e-02   3.0022706e-01   1.8143660e+00  -1.8796214e-03   1.6631303e-03   4.6394879e-04
  -2.2819993e-04   3.2763152e-01   1.8172694e+00  -1.9950589e-03   1.7898495e-03  -9.5547411e-04
  -4.2272427e-02   2.6791402e-01   1.8153270e+00  -2.2385033e-03   1.3405874e-03   9.4812157e-04
  -5.3773130e-02   2.8305471e-01   1.8301939e+00  -1.8525715e-03   1.8436547e-03   9.2748313e-04
  -1.7040396e-02   2.9141592e-01   1.8506232e+00  -1.1885279e-03   2.4263194e-03   3.2610458e-04
  -2.5026414e-02   3.0927409e-01   1.8905593e+00  -1.0046533e-03   2.2981407e-03   6.8345411e-04
  -6.0343693e-02   2.9923667e-01   1.8886888e+00  -1.5883957e-03   2.5475564e-03   1.2723382e-03
  -4.5127791e-03   2.6800341e-01   1.9041869e+00  -1.1670044e-03   1.9219228e-03  -1.6455346e-04
  -1.8623958e-02   2.8025925e-01   1.9181445e+00  -7.5649062e-04   1.9991693e-03  -1.7355826e-04
  -7.3932765e-03   2.8916991e-01   1.8785132e+00  -2.3534697e-03   2.4137566e-03   7.1744930e-04
  -3.8051618e-02   2.6750731e-01   1.9148972e+00  -1.2212712e-03   2.4459783e-03   3.6218928e-04
  -9.3959895e-03   2.6679293e-01   1.9527516e+00  -1.0539928e-03   1.9218861e-03  -5.2827591e-05
  -6.1803190e-02   3.0828708e-01   1.9606137e+00  -9.0191851e-04   1.5561240e-03   1.0563722e-03
  -1.7561287e-02   2.9533360e-01   1.9691815e+00  -1.4215075e-03   1.2942737e-03  -4.9102696e-05
  -2.8681184e-02   3.3809415e-01   1.9712905e+00  -1.6243536e-03   1.3548071e-03   4.8869238e-04
   2.5065155e-03   3.1374969e-01   1.9540840e+00  -1.6220743e-03   1.7801932e-03   4.4648694e-05
  -2.9267715e-02   3.3635093e-01   1.9911916e+00  -9.2790748e-04   1.9470437e-03  -2.4327594e-04
  -1.5950705e-02   3.0002759e-01   1.9704926e+00  -1.7493822e-03   2.8150422e-03   8.3163197e-04
  -4.6743909e-02   3.2187103e-01   1.9851119e+00  -1.7228472e-03   1.9473870e-03   8.7670224e-04
  -1.4393788e-02   3.2379918e-01   1.9916446e+00  -1.8133645e-03   1.6042669e-03  -2.4297300e-04
  -2.7705571e-02   3.2637009e-01   2.0102566e+00  -1.5533122e-03   1.1445252e-03   5.3712011e-04
  -3.9114651e-02   3.6380411e-01   2.0073620e+00  -1.7160649e-03   1.7261673e-03   1.0481068e-03
  -3.0761864e-02   3.3287756e-01   2.0285740e+00  -1.7970550e-03   1.5364343e-03   8.5634782e-04
  -4.3126053e-02   3.4288269e-01   2.0354374e+00  -1.4822177e-03   1.3205351e-03   8.6436193e-04
  -3.1174970e-02   3.4502699e-01   2.0411731e+00  -1.2869092e-03   2.8423523e-03   1.1035520e-03
  -3.4486554e-02   3.2852969e-01   2.0560219e+00  -1.4644150e-03   2.2125818e-03   1.0656197e-03
  -2.5332665e-02   3.1127007e-01   2.0596279e+00  -1.3368349e-03   1.7065440e-03   6.2617394e-04
  -2.4379626e-02   3.3452748e-01   2.0640016e+00  -9.0031790e-04   2.2988031e-03  -2.0029438e-04
  -6.0063411e-02   3.0046533e-01   2.0606979e+00  -1.5621896e-03   4.1463062e-04   6.4207103e-04
  -3.8345136e-02   3.1311633e-01   2.0557245e+00  -1.7496887e-03   1.5594188e-03   7.1887836e-04
  -7.6598500e-02   3.0690404e-01   2.0410866e+00  -1.9800994e-03   1.6444825e-03   1.1984335e-03
  -6.7554328e-02   3.0863973e-01   2.0933242e+00  -1.9467084e-03   5.3517786e-04   9.1794254e-04
  -4.0089721e-02   3.4434772e-01   2.0926551e+00  -1.5637304e-03   1.8712034e-03   7.6323483e-04
  -1.4376619e-02   3.2356496e-01   2.1223441e+00  -1.3233138e-03   1.7192334e-03   2.6792722e-05
  -1.5949325e-02   3.4133229e-01   2.1272099e+00  -7.8514092e-04   1.3552921e-03   6.3618871e-05
  -7.6832132e-03   3.4675246e-01   2.1171091e+00  -1.1743470e-03   1.9290657e-03   2.0917235e-05
  -2.5677158e-02   3.3008515e-01   2.1106010e+00  -1.6651520e-03   1.7298225e-03   1.4870063e-04
   7.2805127e-03   3.2562877e-01   2.1079794e+00  -2.0145293e-03   1.9978738e-03  -6.6695427e-04
  -4.9563977e-03   3.4335470e-01   2.1850826e+00  -3.9731853e-04   1.5133945e-03  -1.9021914e-04
  -1.8823876e-02   3.2743917e-01   2.1714761e+00  -1.1660124e-03   2.4156832e-03   7.4133783e-04
  -1.2246005e-02   3.4043588e-01   2.1435419e+00  -1.8668283e-03   2.6997335e-03   9.3161398e-05
  -4.3251514e-03   3.4740628e-01   2.1699716e+00  -1.7549167e-03   1.6871559e-03  -4.7673488e-05
  -2.5785477e-02   2.5903814e-01   2.1734130e+00  -1.4803839e-03   2.0104674e-03   5.6617862e-04
  -1.1406258e-02   3.4082692e-01   2.1982093e+00  -1.1994491e-03   1.9054284e-03   8.2304898e-04
  -2.7312601e-02   3.3533619e-01   2.2098889e+00  -1.1996829e-03   1.7347301e-03   9.7893923e-04
  -2.2277937e-02   3.6100338e-01   2.1921976e+00  -1.5552945e-03   2.0422662e-03   8.2449759e-04
  -2.9263047e-02   3.4608681e-01   2.1914857e+00  -1.7929765e-03   1.6812432e-03   8.4697863e-04
  -2.7698126e-02   3.7349718e-01   2.2017246e+00  -1.9475663e-03   1.8255711e-03   2.8122341e-04
  -4.0818048e-02   3.4531617e-01   2.2050062e+00  -1.2730636e-03   2.4040177e-03   1.0052298e-03
  -1.1429737e-02   3.4805586e-01   2.1731365e+00  -2.2205691e-03   1.7059831e-03  -8.9041061e-05
  -1.4924381e-02   3.4790598e-01   2.1710879e+00  -2.1609744e-03   2.0495414e-03   4.1250011e-04
  -5.1343652e-02   3.2503414e-01   2.1697058e+00  -3.4379604e-03   1.7827323e-03   1.1669851e-03
  -3.2240241e-02   3.2143830e-01   2.2012675e+00  -2.2654493e-03   1.8506292e-03   1.5658919e-04
  -1.0715828e-02   3.4142549e-01   2.2632628e+00  -6.3937968e-04   1.9642443e-03   5.0654470e-04
  -8.0455726e-03   3.3408639e-01   2.2739990e+00  -1.1784859e-03   1.5619902e-03   6.9764425e-04
  -2.1819239e-02   3.6477609e-01   2.2790387e+00  -1.0744962e-03   1.5215811e-03   2.9953257e-04
  -7.6988387e-03   3.2275206e-01   2.2690290e+00  -8.7347134e-04   1.7548690e-03   1.8240118e-04
  -2.3332680e-02   3.1930346e-01   2.2800798e+00  -1.7622512e-03   2.4307230e-03   1.6952192e-04
   6.2042937e-05   3.4527634e-01   2.2993379e+00  -1.2208157e-03   1.5973550e-03  -4.4769212e-05
  -4.4484378e-02   3.3783926e-01   2.2838084e+00  -1.4779514e-03   1.4722891e-03   8.6269586e-04
  -1.9111644e-02   3.2132225e-01   2.2764703e+00  -2.4994679e-03   9.7636247e-04   1.6557771e-05
  -1.5193341e-02   3.3800280e-01   2.2940488e+00  -2.4866028e-03   1.5589199e-03   1.3831497e-04
  -4.1514268e-02   3.7670094e-01   2.2889542e+00  -2.0096000e-03   1.6440922e-03   8.3025197e-04
  -5.6133828e-03   3.4687014e-01   2.3128807e+00  -1.1537848e-03   1.7456521e-03   2.5254860e-05
  -2.5197976e-02   3.7300556e-01   2.3235870e+00  -1.8978494e-03   1.5467089e-03   6.9043498e-04
  -2.1311089e-02   3.2366215e-01   2.3208378e+00  -2.1109522e-03   1.6655721e-03   1.1525541e-03
  -2.2780437e-02   3.5098662e-01   2.3275208e+00  -2.1066223e-03   2.4152320e-03   6.6606745e-04
  -4.4433964e-02   3.3876547e-01   2.3647474e+00  -1.4312528e-03   1.3280586e-03   9.4949936e-04
  -5.5070749e-02   3.7532580e-01   2.4080661e+00  -1.0121369e-03   1.7476755e-03   1.0863571e-03
   1.4219492e-02   3.8855227e-01   2.3724234e+00  -1.5941056e-03   2.2002046e-03   3.6295574e-05
   1.3242938e-02   3.9244634e-01   2.3450705e+00  -2.4471543e-03   2.1122640e-03   2.9283120e-04
  -1.3223312e-02   3.8006502e-01   2.3137733e+00  -2.6471863e-03   2.1587802e-03   5.9276303e-04
  -2.3863749e-03   3.3579093e-01   2.3408360e+00  -2.5484241e-03   2.3022365e-03   2.4213491e-04
  -2.1908387e-02   3.2886189e-01   2.3779750e+00  -2.1169479e-03   1.7146782e-03   5.5262275e-04
  -1.7445725e-02   3.3300587e-01   2.4107617e+00  -1.2647254e-03   1.5785517e-03   9.1598880e-04
  -2.0250519e-02   3.5705445e-01   2.4178504e+00  -1.0182703e-03   1.8273286e-03   9.1111538e-04
  -1.4335689e-02   3.5284503e-01   2.4358098e+00  -8.6769774e-04   2.1122644e-03   6.8110308e-04
  -4.9653900e-03   3.6682403e-01   2.4217691e+00  -1.8639351e-03   2.0238315e-03   2.7349835e-04
  -2.3432953e-02   3.6183974e-01   2.4062798e+00  -2.2996879e-03   1.9071038e-03   5.0630810e-04
  -1.0409797e-02   3.1538670e-01   2.4188765e+00  -2.3103438e-03   2.0194518e-03   8.5835391e-04
  -1.5145077e-04   3.5726385e-01   2.4757207e+00  -1.2689771e-03   1.5348791e-03   1.3082874e-04
  -1.9393877e-02   3.6712760e-01   2.4123512e+00  -3.1323845e-03   2.1062918e-03   4.7444222e-04
  -5.3829474e-03   3.6175041e-01   2.4782664e+00  -1.9372685e-03   1.7910650e-03   2.7547646e-04
  -3.3722231e-03   3.5704806e-01   2.4530814e+00  -2.5887933e-03   1.3007690e-03  -1.4234764e-04
  -9.3907608e-03   3.4966579e-01   2.4882651e+00  -2.2051196e-03   1.8456653e-03   9.8568836e-04
   4.7351829e-03   3.3959346e-01   2.4705953e+00  -2.7991298e-03   2.5102307e-03   8.1029567e-04
  -1.5503275e-02   3.7404800e-01   2.5038803e+00  -1.8578941e-03   1.8339136e-03   4.3647927e-04
  -2.6147527e-03   3.4055996e-01   2.5250303e+00  -2.6115040e-03   1.4933684e-03  -4.7905581e-05
  -4.2643481e-03   3.5620770e-01   2.5378968e+00  -1.8438370e-03   1.4742214e-03   3.0714488e-04
  -4.3117558e-03   4.2532569e-01   2.5165933e+00  -2.4786559e-03   1.6102742e-03  -1.3375865e-04
   2.2032796e-02   3.5682727e-01   2.4815230e+00  -3.6296531e-03   1.2806676e-03  -4.2324337e-04
  -1.2159528e-02   3.6587773e-01   2.5103558e+00  -3.0764150e-03   7.1833529e-04  -2.3735899e-04
  -1.3641338e-02   3.7199302e-01   2.5284546e+00  -2.7232396e-03   1.5374670e-03   5.4527634e-04
  -7.3656880e-03   3.2697529e-01   2.5414380e+00  -2.3611631e-03   1.0589701e-03   8.7260732e-04
  -2.0787709e-02   3.4686489e-01   2.5383224e+00  -2.7650196e-03   1.5716718e-03   8.5014302e-04
   1.5941619e-02   3.6267525e-01   2.5090826e+00  -3.7988322e-03   1.7984224e-03  -3.2571838e-04
   3.3839803e-03   3.7344041e-01   2.5716558e+00  -2.5773019e-03   1.4838934e-03  -7.6981170e-05
  -1.1751863e-02   4.1015524e-01   2.5824548e+00  -2.6660287e-03   1.9782092e-03   1.0175324e-03
   5.1918695e-03   3.5571046e-01   2.5640023e+00  -2.9392669e-03   8.3003729e-04  -1.1795134e-04
   6.0766200e-03   3.6759929e-01   2.5325235e+00  -3.2523919e-03   1.6999433e-03  -4.4136439e-04
   9.6676122e-03   3.7785294e-01   2.5763933e+00  -2.9526799e-03   6.8554594e-04  -4.0890090e-04
   1.4025665e-02   4.1275765e-01   2.5772971e+00  -2.7058939e-03   2.2701775e-03   5.6672837e-04
  -6.1259236e-03   3.3190759e-01   2.5962049e+00  -2.9610029e-03   1.6242613e-03  -4.6055826e-05
   2.8519961e-02   3.4015728e-01   2.5692081e+00  -3.6498175e-03   1.7731201e-03  -3.4091135e-05
   2.5052697e-02   3.7278081e-01   2.5886968e+00  -2.7304140e-03   1.8113015e-03  -5.4405494e-04
   5.1340813e-02   3.8586100e-01   2.6127856e+00  -3.0165328e-03   1.7021430e-03  -7.2089019e-04
   5.6972732e-03   3.6946135e-01   2.6072128e+00  -2.9439225e-03   1.7365235e-03   1.0412963e-04
  -2.8345938e-02   3.5442710e-01   2.6171341e+00  -3.2268771e-03   1.1406569e-03   5.8992005e-04
  -1.1886493e-02   3.6536132e-01   2.6531903e+00  -3.0090644e-03   1.2775665e-03   2.6924131e-05
  -7.8465195e-03   3.7950308e-01   2.6481637e+00  -2.6261926e-03   2.1684733e-03   9.6687827e-04
   7.4302849e-03   3.5752234e-01   2.6479815e+00  -3.0480220e-03   2.6133633e-03   2.5428094e-04
  -1.7480560e-03   3.9699543e-01   2.6407224e+00  -3.0447841e-03   2.3726924e-03   5.7578418e-04
   5.4893237e-03   3.8937383e-01   2.6816061e+00  -2.3678443e-03   7.0769910e-04  -5.0436212e-04
  -2.1507520e-02   3.7547952e-01   2.6974772e+00  -2.0436157e-03   2.1662577e-03   7.7743682e-04
  -1.8889890e-03   3.6117343e-01   2.7001921e+00  -2.4336751e-03   1.3297864e-03  -3.3929708e-04
   2.2126312e-03   4.0122612e-01   2.6477534e+00  -3.7122382e-03   1.2472266e-03   2.2789927e-04
   3.1517750e-02   3.8291698e-01   2.6587337e+00  -3.1986211e-03   2.4405333e-03  -5.6292595e-04
  -1.0892566e-02   3.5525605e-01   2.6637476e+00  -3.5365210e-03   1.4244435e-03   3.9289530e-04
  -1.4577269e-02   3.6370634e-01   2.7157833e+00  -3.2569668e-03   1.2050710e-03   1.8545071e-04
   2.4771120e-02   3.6568593e-01   2.7344871e+00  -2.1285035e-03   1.6937392e-03  -3.0432128e-04
   7.6443651e-03   3.8621558e-01   2.6908332e+00  -3.1678324e-03   1.7902343e-03  -1.8413437e-04
  -5.9322081e-03   3.8603688e-01   2.6712460e+00  -3.6517818e-03   1.3356857e-03   4.6535619e-04
  -1.5065652e-02   3.9673878e-01   2.7142592e+00  -3.0363982e-03   1.8355640e-03   1.1471890e-03
   8.4356632e-03   4.3992630e-01   2.7349332e+00  -3.3235484e-03   1.2884831e-03   2.3072072e-04
   8.4192673e-03   3.8685851e-01   2.7381699e+00  -2.8447571e-03   7.4402366e-04  -5.7870909e-04
   1.6949701e-02   3.7791896e-01   2.7657028e+00  -2.3771338e-03   2.5144843e-03   5.2256194e-04
  -2.6023664e-03   4.1658654e-01   2.7479044e+00  -2.6260712e-03   2.0743871e-03  -3.2129416e-04
  -8.6768987e-03   3.7178406e-01   2.7448054e+00  -2.8328175e-03   1.1003629e-03   1.4948980e-04
   1.9605048e-04   4.1243829e-01   2.7648713e+00  -2.6469134e-03   6.4696372e-04  -2.2860372e-04
  -2.5426762e-02   3.8099457e-01   2.7440775e+00  -3.0380247e-03   1.6455141e-03   7.7498426e-04
   9.8079036e-03   3.9223720e-01   2.8006682e+00  -2.4202357e-03   2.0485851e-03  -1.6239974e-04
  -1.0718374e-02   3.8921393e-01   2.8625404e+00  -1.8335299e-03   1.3553184e-03   6.3059074e-04
  -1.2254520e-02   4.0225125e-01   2.8415384e+00  -2.0866389e-03   1.8451588e-03   8.6687145e-04
  -4.4840869e-03   4.3302440e-01   2.8520384e+00  -2.6573030e-03   1.1669796e-03   1.7581253e-04
  -2.8240456e-02   4.1920727e-01   2.8242731e+00  -3.1897123e-03   1.4242342e-03   7.3874185e-04
  -1.7956071e-02   4.2261759e-01   2.8460335e+00  -3.0310399e-03   1.4753684e-03   5.9289224e-04
  -2.3682330e-03   4.0741761e-01   2.8447701e+00  -2.1776880e-03   1.3195171e-03   5.3133110e-04
  -2.8110196e-03   4.2430168e-01   2.8753011e+00  -3.3997903e-03   1.1370733e-03   1.5333686e-04
   8.3616472e-03   4.7060176e-01   2.8946512e+00  -2.8639279e-03   1.3246850e-03  -1.4094461e-04
  -2.0475585e-02   4.2936241e-01   2.9073382e+00  -2.5303137e-03   9.3185197e-04   9.3387250e-04
  -1.0402355e-02   4.3121137e-01   2.9069153e+00  -2.5896213e-03   1.0322023e-03   9.4215026e-04
  -1.0162392e-03   4.5443154e-01   2.8948895e+00  -3.4621351e-03   1.5040969e-03   1.2179944e-04
   1.8706765e-02   4.1335984e-01   2.9448466e+00  -1.9903481e-03   2.3139011e-03   5.5913578e-04
  -6.2620671e-03   4.2202015e-01   2.9014794e+00  -3.7188304e-03   1.8008884e-03   6.5596673e-04
   7.8881421e-03   4.8750067e-01   2.9318745e+00  -2.0921192e-03   2.2959261e-03  -2.4860255e-04
   7.1987259e-03   4.8477616e-01   2.9406563e+00  -2.3743175e-03   1.7403220e-03   2.7550194e-04
   8.6996394e-03   4.7174549e-01   2.9048404e+00  -2.8110680e-03   1.0330059e-03   1.6835624e-04
   2.1735251e-02   4.3981624e-01   2.9368145e+00  -3.7137442e-03   1.7232412e-03   1.0799651e-05
  -2.7622198e-02   4.1956326e-01   2.9422339e+00  -3.0741765e-03   1.0979704e-03   4.2931558e-04
   8.3175515e-03   4.5848575e-01   2.9321563e+00  -3.8523633e-03   1.0619209e-03  -1.0481965e-04
   1.5985139e-02   3.8462842e-01   2.5826405e+00  -1.6929733e-03   1.8171616e-03  -2.9906871e-04
  -2.5661654e-02   4.1865009e-01   2.8939975e+00  -2.7390453e-03   1.0193383e-03   1.5012586e-04
   9.5212168e-03   4.2733986e-01   2.9114790e+00  -3.0372840e-03   1.0254894e-03  -3.3521397e-04
   4.5736620e-03   4.0376146e-01   2.8662147e+00  -3.0536386e-03   1.7144670e-03  -1.8910134e-04
  -6.1388271e-03   3.9971899e-01   2.8896004e+00  -2.0866521e-03   1.0166685e-03   9.6348817e-05
   1.6927089e-02   3.6865409e-01   2.5991644e+00  -8.0831918e-03   1.6921683e-03  -1.6981853e-04
   2.8481678e-02   2.9827662e-01   2.8362848e+00   4.2041392e-03   2.2978528e-03   3.7374014e-04
   2.1091668e-02   3.8761015e-01   2.8517056e+00  -3.1853485e-03   1.4735145e-03  -3.1859312e-04
   1.2890373e-02   4.0700419e-01   2.8439106e+00  -2.5502269e-03   1.6951124e-03   4.5488849e-05
   3.7338483e-02   3.8848926e-01   2.7254620e+00  -2.4113768e-03   2.1479966e-03  -7.2407755e-04
   4.4419152e-02   4.0382985e-01   2.8726365e+00  -9.2859810e-04   2.1967540e-03  -5.6950911e-04
   7.9450150e-03   4.0438835e-01   2.9336034e+00  -3.1616355e-03   1.8252795e-03  -1.3824606e-04
  -6.2817119e-03   4.3047815e-01   2.9601541e+00  -3.2838672e-03   1.1321053e-03   5.6458718e-04
   1.5140152e-02   4.1367837e-01   3.0127865e+00  -2.4209496e-03   1.7342849e-03   5.5686220e-04
  -1.0069150e-02   4.1837533e-01   2.9813630e+00  -3.6006085e-03   7.3689616e-04   2.7330985e-04
  -6.5146667e-03   4.1486754e-01   2.9742615e+00  -3.4220328e-03   9.5093803e-04   6.0670800e-04
   1.6762926e-02   3.9531986e-01   2.9878396e+00  -3.8741122e-03   1.1783078e-03  -1.0358907e-03
   2.0901182e-02   4.3019974e-01   3.0172062e+00  -3.2315646e-03   2.2242515e-03  -1.1592087e-04
   1.6950875e-02   4.3264530e-01   2.9989052e+00  -3.3626193e-03   1.1758538e-03  -3.9064802e-04
  -2.9437079e-03   4.1515746e-01   2.9752599e+00  -5.0267135e-03   6.0280904e-04   1.8224591e-04
   1.9290622e-02   4.3311561e-01   3.0272948e+00  -3.9204349e-03   1.2137091e-03  -1.3367049e-04
   1.6993611e-02   4.3872587e-01   3.0577326e+00  -3.1677426e-03   1.9356131e-03  -5.9918167e-04
   1.7201661e-02   4.2373469e-01   3.0467096e+00  -3.6129269e-03   1.2522860e-03  -4.2664371e-04
   7.3820882e-03   4.1837696e-01   3.0502112e+00  -3.1838923e-03   1.5612389e-03   2.4791976e-04
   1.7855856e-02   4.7250619e-01   3.0882409e+00  -2.3681920e-03   1.8546544e-03  -1.5918625e-04
   4.7006213e-02   4.2594437e-01   3.1048628e+00  -2.4993834e-03   1.1685092e-03  -9.3903855e-04
   3.9059251e-03   4.1472370e-01   3.0671054e+00  -3.8950274e-03   1.1966765e-03  -1.2273650e-05
   1.0595790e-02   4.1600801e-01   3.0597250e+00  -3.6596450e-03   1.8351921e-03   3.1066553e-04
  -6.6326322e-03   4.2066018e-01   3.0778301e+00  -3.4572665e-03   1.8305715e-03   3.5273073e-04
   4.1586961e-03   4.6258413e-01   3.1191588e+00  -3.1034700e-03   9.6951379e-04   3.9640617e-04
   3.8228429e-03   4.6863400e-01   3.0938346e+00  -3.4325484e-03   1.4619960e-03   2.7666174e-04
   6.1047370e-03   4.2753454e-01   3.1330105e+00  -2.5797302e-03   3.9857582e-04  -4.6789560e-04
  -1.7107155e-03   4.2277296e-01   3.1542165e+00  -2.9433174e-03   1.7317475e-03   2.9855777e-04
   2.5225111e-02   4.4340942e-01   3.1786976e+00  -2.4667107e-03   1.5848374e-03  -3.0142368e-04
   2.1457797e-03   4.7467728e-01   3.1674163e+00  -2.3397302e-03   9.1220859e-04  -1.7869194e-04
   1.9070465e-02   4.5969543e-01   3.1782233e+00  -3.0771074e-03   1.4149463e-03   3.4304866e-04
   2.1724987e-02   4.6963319e-01   3.1334720e+00  -4.0215465e-03   1.4416927e-03  -1.0620735e-03
   9.1890126e-04   4.6080626e-01   3.2098717e+00  -3.1169980e-03   9.7137964e-04   3.1097751e-04
  -8.6455863e-03   4.7596095e-01   3.2420296e+00  -2.2690239e-03   1.1020876e-03   1.9862619e-04
   2.2756330e-02   4.3997352e-01   3.2155001e+00  -3.0066894e-03   1.5342683e-03  -2.6503283e-04
   1.3851748e-02   4.4096590e-01   3.2167317e+00  -3.4175031e-03   1.4097219e-03  -3.9456813e-05
   2.0540760e-02   4.6384144e-01   3.2317207e+00  -2.9782409e-03   1.9995705e-03   8.2215794e-05
   2.8837021e-02   4.7206394e-01   3.1861459e+00  -4.5073965e-03   1.0587424e-03  -8.7345832e-04
   2.9984008e-02   4.6634464e-01   3.2159427e+00  -2.8238538e-03   8.7788075e-04  -2.5072886e-04
   2.5323197e-02   5.0162281e-01   3.1961707e+00  -3.7834689e-03   1.9116951e-03  -8.2793236e-05
   4.0987285e-03   4.8811401e-01   3.2517551e+00  -2.8464417e-03   1.5505007e-03   2.2766863e-05
   8.3043815e-03   5.0331757e-01   3.2588357e+00  -2.7070110e-03   1.3696758e-03   1.1498649e-04
   2.1314013e-02   4.8446442e-01   3.2632959e+00  -3.4090374e-03   1.6844553e-03   3.2942216e-04
   9.3969576e-03   5.0166687e-01   3.2739032e+00  -2.9698569e-03   1.6942128e-03   2.0214561e-04
   2.1952680e-02   4.8445513e-01   3.2773202e+00  -2.9528414e-03   4.0905576e-04   1.5292153e-04
   6.0417974e-03   4.8625265e-01   3.2889741e+00  -2.5402874e-03   1.4029537e-03   3.0196886e-04
   1.9134106e-02   5.0823072e-01   3.3009654e+00  -3.3297583e-03   1.1845597e-03  -6.8342870e-04
   2.9868216e-02   4.9608838e-01   3.3110494e+00  -3.2881738e-03   9.1199012e-04  -4.8661661e-05
   9.5791023e-04   5.2702231e-01   3.3135466e+00  -3.0710228e-03   1.3015513e-03   6.7224247e-04
   1.7246051e-02   4.9209237e-01   3.2881916e+00  -4.2504345e-03   1.2245189e-03  -4.2307522e-04
   2.6897996e-02   4.7362953e-01   3.3502314e+00  -2.8379107e-03   2.0318342e-03   2.3053281e-04
  -2.2721938e-02   4.6277725e-01   3.3907589e+00  -2.2365791e-03   6.9509216e-04   6.0808482e-04
  -9.2744643e-03   4.5059665e-01   3.3742249e+00  -3.0612375e-03   4.6342264e-04   5.6112440e-04
   3.0276371e-02   5.0257619e-01   3.3732600e+00  -2.6780055e-03   5.3065767e-04  -7.5636737e-04
   1.7499161e-02   4.8474973e-01   3.3067896e+00  -3.9493976e-03   9.4341213e-04  -6.2115003e-04
   1.1521207e-02   4.6772299e-01   3.3484934e+00  -3.6257666e-03   1.5632508e-03  -2.1230897e-04
   5.8285439e-03   4.7266929e-01   3.4156564e+00  -2.0897136e-03   9.1063772e-04   4.5967041e-04
   3.1188529e-02   4.6568292e-01   3.4314986e+00  -2.3047426e-03   1.4805187e-03  -7.1295071e-04
   1.5610958e-02   4.8978547e-01   3.3801236e+00  -3.5233576e-03   1.6357875e-03  -2.8450588e-04
   1.3780602e-02   5.0335045e-01   3.4069420e+00  -3.8144602e-03   1.1109808e-03   9.9405027e-05
   7.7668843e-04   5.0130149e-01   3.4103583e+00  -3.2849572e-03   1.4480531e-03   8.8588715e-04
   5.5681318e-03   4.9834905e-01   3.4228971e+00  -3.2336093e-03   9.9601780e-04   3.8687688e-04
   1.3131572e-02   4.5389278e-01   3.4054596e+00  -3.0520714e-03   1.1990129e-03  -3.2986248e-04
  -4.1010064e-04   4.6270595e-01   3.4091276e+00  -3.0418268e-03   5.4994613e-04   3.6995736e-05
   4.7581921e-02   4.8679659e-01   3.4116785e+00  -3.1728036e-03   1.0182756e-03  -6.3779007e-04
  -1.5351119e-02   4.8771795e-01   3.4325342e+00  -2.9512843e-03   6.6778199e-04   5.5418429e-04
  -8.7241813e-03   4.8489095e-01   3.4276615e+00  -3.2911220e-03   7.5365022e-04  -2.1477076e-04
   3.0775132e-02   5.0244011e-01   3.4812861e+00  -2.8376597e-03   1.2003340e-03  -3.3851906e-04
  -2.1576344e-02   5.2908600e-01   3.4598310e+00  -3.1393869e-03   5.4905729e-04   5.9765087e-04
   3.2020267e-02   5.1373254e-01   3.4427306e+00  -4.2552935e-03   8.4163652e-04  -8.5037935e-04
  -1.2485452e-02   4.9478245e-01   3.4394556e+00  -3.7449430e-03   9.8743497e-04   4.3053805e-04
   3.4049351e-02   4.9575673e-01   3.4281999e+00  -4.2822488e-03   1.3464865e-03   3.4436945e-04
   1.0144710e-02   5.0095040e-01   3.4514978e+00  -3.7850481e-03   1.2873723e-03   4.3271192e-04
   1.9059396e-02   5.1900177e-01   3.4644785e+00  -3.5387104e-03   1.2524024e-03  -1.2018133e-04
   2.8442850e-02   4.8558667e-01   3.4749906e+00  -3.5855456e-03   1.0453853e-03  -6.9339836e-04
   1.7570345e-02   4.7632793e-01   3.4948184e+00  -2.8879712e-03   1.3050902e-03  -2.5805489e-04
   3.6392752e-02   4.8751392e-01   3.4756149e+00  -3.4443868e-03   1.7152380e-03  -1.7602882e-04
   5.7519812e-03   5.4417823e-01   3.5063014e+00  -3.4325415e-03   1.4728483e-03  -1.9321953e-04
   2.4846757e-02   5.2446867e-01   3.5354247e+00  -3.3765895e-03   1.2984506e-03  -2.4614227e-05
   2.4369591e-02   4.8897595e-01   3.5301172e+00  -4.0690024e-03   1.2265599e-03   1.8010553e-04
  -1.2477639e-02   5.3178777e-01   3.5143880e+00  -3.6663319e-03   1.2843316e-03   4.1530143e-04
   3.0493341e-02   5.2744418e-01   3.5341831e+00  -3.1952223e-03   1.3974556e-03  -4.9052165e-04
   5.7907275e-03   5.2124611e-01   3.5684545e+00  -2.7537097e-03   1.2623716e-03  -1.0901624e-04
   9.4580669e-03   5.1409406e-01   3.5575602e+00  -4.3341956e-03   1.6833063e-03   6.5914416e-04
   1.4393107e-02   5.4228769e-01   3.5507886e+00  -3.8211491e-03   1.4865363e-03   1.1967042e-04
   2.4297214e-02   5.1661845e-01   3.5320178e+00  -4.0313408e-03   8.0320027e-04  -5.8027491e-04
   5.3872988e-03   5.1827612e-01   3.5776650e+00  -3.5375852e-03   1.9691841e-03   7.8628481e-04
   9.0694427e-03   5.6642126e-01   3.5972148e+00  -3.6210742e-03   1.1569633e-03  -1.0897430e-04
   3.4658547e-02   5.0368422e-01   3.6200957e+00  -2.9314436e-03   1.2072591e-03  -1.0826014e-04
   2.6790585e-03   5.2764794e-01   3.5986149e+00  -3.4114853e-03   1.4916913e-03   5.0697020e-04
   2.5320386e-02   5.2669712e-01   3.6047448e+00  -3.1382248e-03   1.3866038e-03  -4.3227237e-04
   3.2898855e-03   5.0880835e-01   3.6340973e+00  -3.0561352e-03   1.5476149e-03  -5.5990508e-04
   4.2464722e-03   5.1024766e-01   3.6544626e+00  -2.9873906e-03   1.4505057e-03   3.5764341e-04
  -3.0651099e-03   5.7128046e-01   3.6317415e+00  -3.4348268e-03   1.0698589e-03   6.7567743e-04
  -1.2237895e-02   5.3152907e-01   3.6507025e+00  -2.8455832e-03   9.7502728e-04   9.2996582e-05
  -9.3041305e-03   5.2362136e-01   3.6804603e+00  -2.4716432e-03   9.4712514e-04   2.8332459e-04
   1.0149076e-02   5.2644495e-01   3.6617237e+00  -3.2558757e-03   2.1542588e-03   1.0170848e-03
  -1.0068025e-02   5.3048828e-01   3.6970587e+00  -3.0540352e-03   1.4700720e-04  -1.0287278e-04
   2.8282410e-02   5.2043941e-01   3.6532941e+00  -3.6846752e-03   1.1045773e-03   3.2174316e-04
   2.9159201e-03   5.3937810e-01   3.6649282e+00  -3.4133233e-03   7.7711083e-04   4.2211417e-04
   1.5860084e-02   5.5456376e-01   3.6965433e+00  -2.8549103e-03   3.8959957e-04  -7.0143650e-04
  -1.0774586e-02   5.3037869e-01   3.7229033e+00  -2.4930783e-03   1.9250210e-03   7.5820910e-04
   2.3469488e-02   5.5485617e-01   3.7152419e+00  -3.0862448e-03   1.4119934e-03  -1.0469661e-04
   3.1515152e-03   5.5571230e-01   3.7169261e+00  -3.0849967e-03   1.2037286e-03   3.6029460e-04
   2.8069510e-02   5.3504385e-01   3.7072122e+00  -3.4573592e-03   1.9730741e-03   2.8491973e-04
   2.0999286e-02   5.2393621e-01   3.7496490e+00  -3.1925013e-03   2.0715257e-03   9.5240817e-04
  -1.5789817e-02   5.6813198e-01   3.7364139e+00  -2.7995462e-03   2.5808142e-04   2.1151488e-04
   2.5272584e-02   5.3678114e-01   3.7515202e+00  -2.6469427e-03   1.9682062e-03   1.9754669e-04
   2.1875761e-02   5.4724981e-01   3.7651592e+00  -2.6132688e-03   1.6519302e-03  -9.0441082e-05
   1.1179321e-03   5.4374479e-01   3.7591666e+00  -3.8096507e-03   1.4593454e-03   4.0567379e-04
  -3.4110168e-03   5.4888707e-01   3.7907431e+00  -2.2100677e-03   2.1838934e-03   8.7336023e-04
   8.8357875e-03   5.4769096e-01   3.7948302e+00  -2.3999632e-03   1.4113262e-03   3.7314242e-05
  -5.7394455e-03   5.3423405e-01   3.8121451e+00  -2.6025948e-03   1.1166773e-03   4.1021900e-04
   1.7638415e-02   5.2752464e-01   3.7850294e+00  -3.4127751e-03   1.1785877e-03  -3.7011914e-04
   2.9533256e-02   5.7729231e-01   3.7840786e+00  -3.2056449e-03   1.6407596e-03  -2.8510268e-04
   2.0183218e-02   5.4864956e-01   3.7987430e+00  -2.8474632e-03   1.4770760e-03   2.4434119e-04
   1.0431643e-02   5.7143775e-01   3.8166481e+00  -3.2901423e-03   8.2557441e-04   6.2716797e-04
  -3.7823066e-03   5.3511284e-01   3.8420776e+00  -3.1013519e-03   2.9470572e-04   5.2534659e-04
   2.1036686e-02   5.6646405e-01   3.8619058e+00  -2.9202506e-03   1.5794981e-03   9.0795156e-05
  -1.6528209e-03   5.7238650e-01   3.7948092e+00  -4.2120940e-03   1.5538959e-03   4.2480692e-04
   1.2460782e-02   5.7396745e-01   3.8610821e+00  -2.3188947e-03   2.0081185e-03   2.9113032e-04
   4.0935069e-03   5.4622898e-01   3.7984250e+00  -4.7280234e-03   1.1114128e-03   6.0886677e-04
   5.1035867e-03   5.6254981e-01   3.8654364e+00  -3.1536168e-03   1.3878123e-03   5.1552374e-04
   1.6943142e-02   5.7025464e-01   3.8617481e+00  -3.2014232e-03   1.3881265e-03  -7.0171934e-05
   1.6946144e-02   5.7145026e-01   3.8529405e+00  -3.9127421e-03   6.8634458e-04  -2.6280839e-05
   4.2029021e-02   5.6958485e-01   3.8588385e+00  -3.8032148e-03   8.6420079e-04  -3.4405735e-04
   1.5733435e-02   5.5040910e-01   3.8520160e+00  -4.5339007e-03   1.0337748e-03   8.7736999e-04
   2.7940172e-02   5.6245017e-01   3.8946983e+00  -3.5122123e-03   1.1855871e-03   4.0327862e-04
   1.6533281e-02   5.6117188e-01   3.8991531e+00  -2.9703377e-03   4.8556666e-04  -2.7602376e-04
   3.8033740e-02   5.6367695e-01   3.8841394e+00  -3.0883646e-03   3.6172388e-04  -4.0883651e-04
   5.4858710e-03   5.7518411e-01   3.9017082e+00  -3.5422486e-03   1.8719495e-03  -5.9240516e-06
   1.6184706e-02   5.6814809e-01   3.8920141e+00  -3.5302101e-03   1.4794020e-03  -2.2368314e-05
   3.3757453e-02   5.5813521e-01   3.8806888e+00  -3.8434662e-03   1.7973825e-03   1.4883272e-04
   2.3059361e-04   5.8241196e-01   3.9206187e+00  -3.0723386e-03   1.1603543e-03   6.2356107e-04
   3.1395929e-02   5.6900776e-01   3.9085977e+00  -3.2837449e-03   1.6219800e-03   9.1379926e-06
   1.7348903e-03   5.6867217e-01   3.9576449e+00  -3.0323031e-03   6.7585582e-04   8.1151754e-04
  -3.9256744e-03   5.7864861e-01   3.9604910e+00  -3.5299161e-03   1.2549550e-03   3.8090933e-04
   3.4180711e-02   5.7819186e-01   3.9914376e+00  -2.7813737e-03   1.9061281e-03   4.7782654e-04
   1.7644427e-02   5.4283368e-01   3.9506715e+00  -3.1817966e-03   9.6564776e-04  -3.4182590e-05
   1.6319417e-02   5.9252665e-01   3.9408470e+00  -3.5441397e-03   2.0071650e-04  -4.9148097e-04
   3.0062816e-02   5.6195417e-01   3.9559779e+00  -2.9356390e-03   8.0897932e-04   6.9600704e-05
   1.0982005e-02   5.7854523e-01   3.9664443e+00  -3.1762413e-03   8.4630985e-04   4.6504978e-05
   3.2443812e-02   5.6620402e-01   3.9995711e+00  -3.1536513e-03   8.8154759e-04  -2.7913426e-04
   2.9811461e-02   6.0063241e-01   3.9627501e+00  -3.9193420e-03   1.5044700e-03   3.1290790e-04
  -7.1929826e-03   5.9995832e-01   4.0110901e+00  -3.2025968e-03   5.8093281e-04   4.7496860e-04
   2.3249797e-02   5.8636431e-01   4.0501815e+00  -2.3038397e-03   8.5195480e-04   5.7490011e-05
   1.8751132e-02   5.6247059e-01   4.0139494e+00  -2.7521291e-03   1.1051826e-03   7.6305556e-04
   3.4903992e-02   6.1709473e-01   4.0031056e+00  -3.7012082e-03   7.4714543e-04  -2.2884509e-04
   1.7444602e-02   5.9924890e-01   3.9868401e+00  -3.3385490e-03   1.0277048e-03  -5.3065160e-05
   1.2992295e-03   5.8376692e-01   4.0517636e+00  -2.3895885e-03   6.6337855e-04  -1.9502755e-04
   3.2565602e-02   5.7474071e-01   4.0849278e+00  -2.5948743e-03   1.7032502e-03   2.7733422e-04
   3.3816663e-02   5.8336161e-01   4.0404559e+00  -3.6201835e-03   1.5028682e-03   4.1311845e-05
   2.7654550e-02   6.0749439e-01   4.0429299e+00  -3.5805666e-03   7.9191217e-04  -6.5679279e-04
  -1.3425065e-02   5.9807342e-01   4.0698649e+00  -3.1800941e-03   9.6498216e-04   7.2286349e-04
   1.6690707e-02   5.6816052e-01   4.1346133e+00  -2.3088713e-03   1.4179250e-03   2.4471313e-04
   2.1097949e-02   5.2352885e-01   4.0738767e+00  -3.1831100e-03   9.4491848e-04  -3.8860278e-05
   1.7539479e-02   5.9695983e-01   4.0751785e+00  -3.3523744e-03   1.4005311e-03   1.4501142e-04
   2.0100766e-02   5.7275350e-01   4.0802097e+00  -3.0670248e-03   1.3014255e-03   5.4333070e-05
   2.8566965e-02   5.8266940e-01   4.1325225e+00  -3.4549500e-03   1.2408530e-04  -6.5920871e-04
   3.6290168e-02   5.9143937e-01   4.1183112e+00  -2.9166258e-03   9.9163171e-04   7.1076753e-05
   2.3983834e-02   5.9911373e-01   4.0887653e+00  -3.6543949e-03   1.5011802e-03   2.7297575e-04
   4.4127953e-02   5.8664007e-01   4.0830343e+00  -3.6101098e-03   1.5668999e-03  -6.3282644e-05
   9.5504638e-03   5.6304238e-01   4.1126140e+00  -3.2893946e-03   9.3314688e-04   4.7036666e-05
   2.8120298e-02   5.7130896e-01   4.1149170e+00  -3.2930367e-03   8.7339905e-04   4.8041848e-05
   6.4024965e-03   6.1326218e-01   4.1431033e+00  -3.1123704e-03   1.4760646e-03   9.2668614e-04
   1.2570921e-02   5.8065618e-01   4.1428096e+00  -4.0036409e-03   7.0741700e-04   4.2900913e-04
   3.4612126e-02   6.1334584e-01   4.1673856e+00  -2.7378949e-03   5.4675915e-04   1.8428524e-05
   5.1530216e-02   6.1111172e-01   4.1720213e+00  -3.0941497e-03   2.1354832e-03   3.6651576e-04
   6.0473186e-03   6.2304034e-01   4.1502672e+00  -3.3691344e-03   1.1112336e-03   4.3477482e-04
   4.0389358e-02   5.9535885e-01   4.1481274e+00  -3.9129182e-03   1.1774926e-03  -4.9345822e-05
  -2.8154617e-03   5.7758307e-01   4.1614317e+00  -3.3982043e-03   8.2401703e-04   7.1709496e-04
   1.2987464e-02   5.7824521e-01   4.1505886e+00  -4.5499012e-03   9.1927265e-04   7.9870031e-05
   3.5416555e-02   6.1976450e-01   4.1715736e+00  -3.3799977e-03   1.4813763e-03   7.2905091e-05
   7.5132250e-03   5.9403791e-01   4.2048233e+00  -2.8237977e-03   5.0061574e-04   8.1451866e-04
   3.8990900e-02   5.8504193e-01   4.2080476e+00  -2.4938581e-03   1.6524948e-03  -2.3753922e-04
   1.2449732e-02   5.8374542e-01   4.2193559e+00  -3.0955575e-03   1.5014304e-03   6.5261834e-04
   3.1475819e-02   5.6114987e-01   4.2274285e+00  -2.6643319e-03   9.9978253e-04  -1.4155099e-04
   7.9282468e-03   5.9153578e-01   4.2580432e+00  -1.8528549e-03   5.9200286e-04   3.0699187e-04
   4.8896301e-02   6.1286495e-01   4.2120397e+00  -3.7178896e-03   1.2997535e-03  -1.6134190e-04
   2.9879049e-02   5.7803602e-01   4.1761491e+00  -4.2398460e-03   1.2281620e-03   2.0620464e-04
   3.7478688e-02   5.8751731e-01   4.2148756e+00  -3.5734813e-03   1.0864004e-03  -1.4605994e-04
  -7.8881411e-03   5.8092582e-01   4.1955175e+00  -3.3752617e-03   5.9544017e-04   5.9258497e-04
   2.3776452e-02   5.8674732e-01   4.1940926e+00  -3.5381455e-03   1.6100006e-04   7.1149181e-05
   3.0997285e-02   5.5585280e-01   4.1957406e+00  -4.1085225e-03   3.9170534e-04   6.5745667e-05
   3.0953945e-02   5.7729468e-01   4.1132830e+00  -3.0053825e-03   1.4456057e-03  -3.0968023e-04
   4.5565635e-02   5.7447187e-01   4.1034362e+00  -2.9060072e-03   1.6607695e-03  -8.6456121e-04
   2.6870683e-02   5.5515241e-01   4.0941072e+00  -2.8810722e-04   1.4999249e-03  -4.8614396e-05
  -5.4478068e-02   4.8544881e-01   4.2600897e+00  -2.7720187e-04  -3.5449497e-04   2.0873023e-03
  -8.8516986e-03   4.4763439e-01   4.1235973e+00   7.2621531e-04  -1.1741741e-03   1.9151133e-03
  -5.2032567e-03   5.2076978e-01   4.2242604e+00   9.1684822e-04   5.5691214e-04   1.3615579e-03
   9.4100530e-02   5.7523319e-01   4.1492366e+00  -4.0974816e-04   6.5930246e-04  -1.6372896e-03
  -2.2235023e-02   4.8709455e-01   4.2260213e+00   8.5599467e-05   6.1906558e-04   1.8657960e-03
   7.4387083e-02   5.5451026e-01   4.2501844e+00  -1.2965525e-03   4.0429039e-04  -2.1177916e-03
   1.8710243e-03   4.9191781e-01   4.2953591e+00  -1.9025448e-03  -2.5628528e-05  -5.3292424e-04
  -4.0581247e-02   4.3993254e-01   4.2710352e+00  -2.2600104e-03   1.5137888e-03   1.8210687e-03
   7.8664592e-03   4.6088648e-01   4.2080712e+00  -4.1520400e-03   1.0851320e-03   5.7825899e-05
   4.9220695e-02   5.1569172e-01   4.2289907e+00  -3.4107780e-03   4.5945266e-04  -2.0235086e-03
   8.3916444e-03   4.5705346e-01   4.1059323e+00  -6.2132446e-03   1.8830793e-03   4.4718240e-04
  -3.4228958e-04   4.1505103e-01   4.0606640e+00  -1.4561734e-03   2.0423021e-03   2.3469041e-04
   6.7217227e-02   3.0533045e-01   3.5940263e+00   1.0540875e-03   3.8568944e-03   7.9448185e-04
   7.1517709e-03   4.4293142e-01   4.1667670e+00  -5.7022085e-03   2.9917488e-03  -7.2572186e-04
   2.1959381e-02   4.3028827e-01   4.1408566e+00  -7.3899909e-03   3.0337731e-03  -1.3893356e-03
   1.1537472e-02   4.2524261e-01   4.2431502e+00  -5.8831350e-03   2.6760522e-03  -9.4583583e-04
   5.4021764e-03   4.8963698e-01   4.2916727e+00  -6.8508881e-03   1.5296465e-03  -7.4215322e-04
   2.2260584e-02   5.0108883e-01   4.3360675e+00  -6.4211272e-03   2.7918379e-03  -2.4569405e-04
   3.7967219e-02   5.0515979e-01   4.3522942e+00  -5.8486909e-03   2.6412149e-03  -1.3343315e-03
   2.0267395e-03   5.1249595e-01   4.3201224e+00  -6.2067000e-03   2.7767873e-03  -5.1923664e-04
   3.8201397e-02   5.4761841e-01   4.3551793e+00  -4.7942710e-03   1.5681519e-03  -1.0597386e-03
   1.1996498e-02   5.2858614e-01   4.3376869e+00  -6.2391304e-03   2.7015219e-03   3.2713496e-06
   3.5612987e-03   5.3378918e-01   4.3503077e+00  -5.8141419e-03   2.6259169e-03  -9.2507591e-05
   3.0631868e-02   5.1697897e-01   4.3470130e+00  -5.8861467e-03   2.1337633e-03  -5.6735208e-04
   3.4794273e-02   5.4692948e-01   4.3485065e+00  -6.0896817e-03   1.9856608e-03  -1.3221499e-03
   2.0428484e-02   5.3178008e-01   4.3875456e+00  -5.0117479e-03   1.2831470e-03  -7.5608837e-04
   1.3050345e-02   5.5708441e-01   4.4040085e+00  -4.8916042e-03   1.6156469e-03  -8.5298950e-04
