   0.0000000e+00   0.0000000e+00   0.0000000e+00   0.0000000e+00   0.0000000e+00   0.0000000e+00
   6.9654528e-02  -2.3460555e-02  -6.4201496e-02  -1.5633553e-04   6.8216884e-04  -1.6812370e-03
   7.2473032e-02  -6.2058518e-02  -1.1780943e-01   6.0300121e-05   7.7082778e-04  -1.2486914e-03
   5.4779415e-02  -1.1541445e-01  -1.2702060e-01   5.4851473e-04   2.2910483e-03  -3.0115196e-04
   4.3478693e-02  -9.6087538e-02  -1.2444263e-01  -3.6995003e-04   9.3419222e-04  -9.8078689e-04
   5.3570135e-02  -6.8098769e-02  -8.2982018e-02   2.2711612e-04   8.0252036e-04  -1.2678744e-03
   7.5513005e-02  -9.5258961e-02  -6.9930637e-02   5.0780714e-04   1.2585158e-03  -1.5949051e-03
   5.1778506e-02  -1.2340332e-01  -1.2183244e-01  -4.8247867e-04   6.5637396e-04  -7.7964006e-04
   1.4530247e-01  -1.1998616e-01  -2.7093607e-01   2.0642725e-03   1.2471817e-03  -1.3140585e-03
   8.2552071e-02  -1.7406674e-01  -2.6851389e-01   1.0981515e-03   9.0477623e-04  -3.0330167e-04
   1.8978351e-01  -2.5530387e-01  -6.8195804e-01   4.9152603e-04   7.8217345e-04   7.2106278e-05
   5.9380400e-02  -1.8406113e-01  -1.9289864e-01   5.3429112e-03  -5.8741859e-04   2.4190190e-05
   5.7831045e-02  -3.4301826e-02  -1.9750197e-01   2.4157412e-03  -2.8440231e-04  -1.6642831e-03
   7.7277327e-02  -1.7611585e-01  -2.6007736e-01   2.5296812e-03   3.0092765e-04  -6.2707128e-04
   1.1224923e-01  -1.9479480e-01  -3.4749845e-01   1.1498255e-03   3.6561556e-04  -1.5440342e-03
   1.5246330e-01  -2.6479578e-01  -6.0653683e-01   4.6453297e-03   1.7837891e-05   1.0001698e-03
   5.0948688e-02  -2.5256052e-01  -4.3502664e-01  -9.0255228e-04   2.0207086e-03   3.6814947e-03
   2.4078712e-02  -2.8051961e-01  -5.7186752e-04   5.0793529e-03   4.1047194e-03   2.6487034e-03
  -1.9935746e-02  -4.5879819e-01  -9.7595417e-02   4.6189044e-04   5.2165520e-03   3.2362047e-03
   4.6682829e-03  -2.3518832e-01  -1.5886734e-01  -8.2036847e-04   5.5233421e-03   1.8569579e-03
   2.9200479e-02  -1.7465878e-01  -8.3050988e-02   5.8897584e-04   5.6415898e-03   6.1367031e-04
  -8.0159905e-03  -1.6234337e-01  -6.3191316e-02  -8.5201182e-04   5.5274181e-03   1.0433004e-03
   3.1150371e-02  -1.5165643e-01  -4.1601322e-02  -8.7363886e-04   6.3625974e-03   1.3525846e-04
   3.4809066e-03  -1.2543372e-01  -8.0501224e-02  -1.5881898e-03   5.4996552e-03   3.5162291e-04
  -9.0171232e-03  -1.5158373e-01  -2.6537683e-02  -1.0229301e-03   5.8536025e-03   9.1677438e-04
  -4.0471599e-02  -1.1220854e-01  -3.7053714e-02  -1.4315689e-03   5.7493977e-03   1.4005665e-03
  -2.1843896e-02  -1.2482630e-01  -2.4575313e-02  -1.2507167e-03   5.3705646e-03   4.1838838e-04
  -3.0480535e-02  -1.2427292e-01  -4.1518247e-02  -2.0923422e-03   5.5614487e-03   5.3885547e-04
  -3.5452087e-02  -1.6442929e-01  -5.2311785e-03  -1.2207412e-03   5.6355267e-03   1.0829217e-03
  -3.0189692e-02  -1.2110930e-01   3.3275204e-02  -7.8837463e-04   6.1338175e-03   1.1030581e-03
  -2.3317774e-02  -9.5467862e-02   3.4960275e-02  -5.1558173e-04   5.8942335e-03   3.7731548e-04
  -2.8519254e-02  -1.2347837e-01   4.1503114e-02  -5.9799391e-04   5.6298387e-03   1.3257721e-03
   1.7724239e-02  -1.1604481e-01   4.3164744e-02  -1.0095012e-03   6.0844799e-03  -1.6222615e-04
  -2.8264091e-02  -1.1974066e-01   3.5950788e-02  -1.2980579e-03   6.1848769e-03   6.1080232e-04
  -4.8878180e-02  -1.6018527e-01   2.8299477e-02  -2.0111172e-03   5.2976851e-03   7.1941063e-04
  -8.0780509e-03  -1.6719885e-01  -4.7611852e-02  -2.7188086e-03   6.7059604e-03   4.7314287e-04
  -2.1479565e-02  -1.5722065e-01  -1.0000857e-02  -1.3833638e-03   5.6923414e-03   5.4516344e-04
  -7.9128123e-03  -1.5838892e-01   4.1578614e-02  -6.4727650e-04   5.4939007e-03   7.1462605e-06
  -5.0199041e-02  -1.1602292e-01   1.3797855e-02  -1.0581307e-03   5.5740755e-03   7.9514526e-04
  -4.4294476e-02  -1.4222628e-01  -3.3541379e-03  -2.0640392e-03   5.6883504e-03   2.8563040e-04
  -5.4703027e-02  -1.1485108e-01  -3.5560909e-03  -2.2412551e-03   5.3439545e-03   2.6412696e-04
  -2.9889470e-02  -1.3809981e-01   4.7747518e-03  -1.7814373e-03   5.4403156e-03  -6.5086975e-05
  -3.7830554e-02  -1.6876101e-01   6.5823137e-02  -1.5789917e-03   6.5240721e-03   5.1178946e-04
  -4.6515415e-02  -1.3286623e-01   1.3214122e-01  -1.2181374e-03   6.2043599e-03   3.3784187e-04
  -3.9172651e-02  -7.6930512e-02   1.3414602e-01  -8.6552541e-04   6.0354402e-03  -1.0557799e-04
  -4.7302439e-02  -1.4139034e-01   4.2051972e-02  -1.7390262e-03   5.5315638e-03   3.2618096e-04
  -3.0674786e-02  -1.0873915e-01   3.8421549e-02  -1.1672113e-03   5.5422170e-03  -8.0886154e-04
  -5.6720636e-02  -1.3108347e-01   3.0288761e-02  -1.9820676e-03   5.6703293e-03   3.4556184e-04
  -6.6215728e-02  -1.4112400e-01   8.9159523e-02  -1.3762082e-03   5.3440876e-03   5.3849022e-05
  -7.6775102e-02  -1.3713040e-01   1.3758309e-01  -9.8074451e-04   5.8084030e-03   9.6865833e-04
  -5.8343245e-02  -1.1503614e-01   1.0783695e-01  -1.4527187e-03   6.1855823e-03   3.7194852e-04
  -3.9878644e-02  -1.2901727e-01   6.3004464e-02  -2.2970698e-03   5.5111951e-03  -1.5314775e-04
  -5.2243654e-02  -1.5040716e-01   6.0273078e-02  -7.3340603e-04   6.1987001e-03   3.1794773e-04
  -4.9919168e-02  -1.3406862e-01   4.1482084e-02  -1.7203845e-03   5.5029690e-03   4.2301898e-04
  -4.4113483e-02  -1.4186912e-01   4.4438966e-02  -1.6693695e-03   5.9603558e-03   1.1216204e-04
  -6.6024794e-02  -1.2692507e-01   1.1567669e-01  -7.6883574e-04   5.2199387e-03   4.8934703e-04
  -7.2739440e-02  -1.2638917e-01   1.8627968e-01  -1.6968847e-04   6.2410320e-03   1.1615582e-04
  -8.5258260e-02  -1.2988595e-01   1.8474140e-01  -8.2421197e-04   5.8213315e-03   5.8158106e-04
  -5.4720250e-02  -8.5766698e-02   1.4455016e-01  -7.3072062e-04   6.4468878e-03  -4.2114544e-04
  -9.0925550e-02  -1.6827458e-01   9.1383184e-02  -1.7631349e-03   6.4303875e-03   1.1272848e-03
  -7.4148910e-02  -1.6521175e-01   1.6391801e-01  -4.9809862e-04   6.7037777e-03   4.0641087e-04
  -7.2692904e-02  -1.4075227e-01   2.4593659e-01   5.9622473e-05   5.9268060e-03   3.2752976e-04
  -7.7057819e-02  -1.6204304e-01   2.4405905e-01  -3.7428422e-04   5.9338123e-03   2.9777978e-04
  -8.1066806e-02  -8.0098195e-02   2.2782018e-01  -4.1274505e-04   6.2331341e-03  -2.4932174e-05
  -4.8286443e-02  -1.3302331e-01   1.0749596e-01  -2.1525760e-03   6.2410789e-03  -2.4715927e-05
  -6.1541363e-02  -1.2189890e-01   1.0834300e-01  -1.6170857e-03   6.6417683e-03   5.4320755e-05
  -6.2602234e-02  -1.2736706e-01   1.4016809e-01  -1.9720265e-03   5.6762591e-03   1.1065379e-04
  -7.6383596e-02  -8.8721941e-02   1.6351492e-01  -1.4086044e-03   6.3485903e-03   2.4559987e-04
  -9.5648893e-02  -1.3732066e-01   1.4134172e-01  -1.8140292e-03   6.0826769e-03   5.5305686e-04
  -1.1443322e-01  -1.4002988e-01   1.0651282e-01  -1.5525413e-03   6.0266611e-03   6.8532998e-04
  -7.9846408e-02  -1.5305655e-01   1.8800342e-01  -5.7813206e-04   5.8369338e-03   3.5155773e-04
  -1.1121483e-01  -1.4177384e-01   2.2488635e-01  -5.3216558e-04   6.6888484e-03   1.0094006e-03
  -7.7165321e-02  -1.4236806e-01   2.1253596e-01  -4.4301178e-04   6.3460604e-03   1.9496674e-04
  -7.6990465e-02  -1.1682032e-01   1.8224114e-01  -1.1272754e-03   6.7057255e-03  -1.7849858e-05
  -9.5247031e-02  -1.2617986e-01   1.3917544e-01  -1.2109792e-03   6.5829371e-03   7.2411361e-04
  -9.4642168e-02  -2.1531537e-01   1.5798541e-01  -1.4810400e-03   5.3483683e-03   8.6161357e-04
  -1.1168617e-01  -1.1690098e-01   1.6590827e-01  -1.4342015e-03   6.5501085e-03   1.0166202e-03
  -7.1267822e-02  -1.0476742e-01   1.7330454e-01  -1.2952418e-03   6.6573862e-03  -1.6891361e-04
  -9.2447506e-02  -9.0791875e-02   1.7973971e-01  -1.8053855e-03   6.3625156e-03   1.8036853e-04
  -8.3075958e-02  -1.1193072e-01   2.9343013e-01  -3.8048409e-04   5.8373216e-03   8.2659910e-05
  -1.2771394e-01  -9.1126690e-02   2.9145116e-01  -9.7978995e-04   5.9477522e-03   8.2516339e-04
  -9.9496092e-02  -1.0253686e-01   2.9633716e-01  -7.5318330e-04   6.1409163e-03   2.5616249e-04
  -8.8855176e-02  -1.2522504e-01   2.5685543e-01  -8.2997922e-04   6.0799837e-03   1.0758877e-04
  -7.8667989e-02  -1.3585908e-01   2.4460791e-01  -8.1835351e-04   6.9070724e-03  -8.3732209e-05
  -1.1839995e-01  -1.3636145e-01   2.9034276e-01  -4.4549346e-04   6.6898342e-03   7.0771803e-04
  -9.5531722e-02  -1.1522339e-01   2.6985627e-01  -8.2530392e-04   6.8929617e-03   7.2855185e-04
  -6.9861617e-02  -9.5748440e-02   2.9772495e-01  -3.7742487e-04   6.7608955e-03   4.2992486e-04
  -1.1613494e-01  -1.0482293e-01   3.1056808e-01  -1.3340093e-03   5.8396107e-03   7.5523787e-04
  -8.8875624e-02  -1.5120350e-01   3.4148793e-01   2.5750828e-04   6.8923621e-03   6.6860677e-04
  -1.3221930e-01  -6.6756474e-02   4.2743962e-01   6.5342340e-04   6.0328718e-03   3.9548036e-04
  -1.1648172e-01  -8.3500267e-02   3.0357401e-01  -8.1102329e-04   6.9089776e-03   6.6481680e-04
  -1.1098829e-01  -9.4385743e-02   3.1707858e-01  -3.5393019e-04   6.5617731e-03  -4.8260410e-05
  -1.1020949e-01  -1.1382602e-01   3.3034196e-01  -5.2378375e-04   6.3661604e-03   1.6859999e-04
  -9.8674859e-02  -9.9502950e-02   3.9867600e-01  -6.4796017e-05   6.3050001e-03   4.8512407e-05
  -1.0077459e-01  -9.8884304e-02   3.3860872e-01  -3.9741960e-04   7.4012935e-03   3.9801554e-04
  -8.0519527e-02  -1.3725593e-01   3.4336219e-01  -4.0441689e-04   6.8682690e-03   2.5002424e-04
  -8.2652111e-02  -8.3708500e-02   4.0723444e-01   7.0271107e-04   7.4699232e-03   4.1532903e-05
  -9.5684850e-02  -8.5069369e-02   3.9591754e-01  -2.4166950e-04   6.2460092e-03   4.2092244e-04
  -8.7128276e-02  -6.3545126e-02   4.1627716e-01   1.3116511e-04   6.3321922e-03  -2.0940326e-05
  -7.2456341e-02  -8.6329323e-02   4.2471982e-01  -8.1486173e-05   6.9778509e-03   1.3336894e-04
  -8.9330073e-02  -4.6510508e-02   3.7084450e-01  -4.0548221e-04   6.9554217e-03   5.4045182e-05
  -7.2496452e-02  -6.5377721e-02   3.7381703e-01  -7.6548080e-04   5.9232499e-03  -3.8711251e-04
  -7.8956641e-02  -4.6631794e-02   3.7493768e-01  -6.8394001e-04   7.8844405e-03   1.0832716e-04
  -1.0508643e-01  -1.2003687e-01   3.5527151e-01  -2.2333320e-04   7.3097922e-03   4.8965485e-04
  -6.7995405e-02  -5.4061864e-02   4.1830064e-01  -6.1452088e-05   7.5699955e-03  -5.1534125e-04
  -1.0775069e-01  -6.0656456e-02   3.7976483e-01  -8.1995450e-04   6.8844024e-03   3.7654379e-04
  -9.6804921e-02  -5.3053801e-02   4.1421521e-01   2.3931200e-04   7.4363473e-03   1.9474088e-04
  -6.3116185e-02  -6.9927458e-02   3.9605155e-01  -8.9554884e-04   6.7769355e-03  -2.9743684e-04
  -8.5189837e-02  -1.0200557e-01   4.0306005e-01  -1.6622467e-03   6.0258195e-03  -1.4389850e-04
  -1.2315527e-01  -8.8415001e-02   4.5784606e-01  -5.5318498e-04   6.5810395e-03   3.7531884e-04
  -1.1428482e-01  -6.9071516e-02   4.7784174e-01  -6.1018074e-04   7.0919129e-03   7.7023717e-04
  -1.0931646e-01  -8.8347590e-02   4.4454063e-01  -7.1053066e-04   7.0953746e-03   6.2579227e-04
  -1.1206246e-01  -6.5114407e-02   4.5092645e-01  -7.9626819e-04   7.0924711e-03   5.2447233e-04
  -9.9499990e-02  -1.4981272e-01   4.9451455e-01  -7.9978485e-04   6.0532183e-03   1.6727588e-04
  -9.4927611e-02  -6.9095045e-02   5.1709987e-01  -6.5284418e-04   7.0797957e-03   6.8343321e-04
  -1.2094174e-01  -7.1136386e-02   5.1413425e-01  -3.5054399e-04   6.5947079e-03   6.6343894e-04
  -7.9893252e-02  -8.6445433e-02   4.5664891e-01  -1.0267799e-03   7.0296175e-03  -6.1047515e-05
  -8.2522077e-02  -1.0451885e-01   4.2410330e-01  -1.6492513e-03   6.2857728e-03   1.1881204e-04
  -1.1059525e-01  -8.2935848e-02   4.8563764e-01  -1.0282879e-03   6.5298584e-03   7.7579826e-04
  -1.1286633e-01  -5.9402824e-02   5.6434374e-01   2.1650731e-04   6.8630566e-03   1.1976919e-03
  -1.1572632e-01  -5.3384834e-02   5.6521952e-01   2.0132876e-04   7.1697013e-03   9.3078023e-04
  -7.6162989e-02  -5.4316019e-02   5.1055247e-01  -3.5039582e-04   7.2388000e-03  -1.6214599e-04
  -9.8623022e-02  -7.9045166e-02   5.2650860e-01  -3.6858866e-04   6.2790651e-03   5.7564477e-04
  -9.9605722e-02  -5.4171667e-02   5.4774977e-01  -3.0762471e-04   6.9582879e-03   6.7518637e-05
  -1.1092695e-01  -8.1656633e-02   5.7972142e-01  -1.1901884e-04   7.0961879e-03   3.5521034e-04
  -1.4077027e-01  -5.1835879e-02   6.0652642e-01   3.7038395e-05   6.7170074e-03   1.2382983e-03
  -1.0478080e-01  -3.0821759e-02   5.9739929e-01  -2.3076767e-04   6.7343543e-03   3.5574575e-04
  -8.6933493e-02  -5.6313062e-02   5.9137873e-01  -2.8823175e-04   6.9804329e-03  -2.2042428e-04
  -1.0241992e-01  -7.1737665e-02   5.6180409e-01  -4.9603229e-04   6.5639164e-03  -2.5439528e-05
  -1.1182410e-01  -8.7307134e-02   6.4176953e-01   7.9018563e-04   6.6493350e-03   5.4868848e-05
  -1.2765302e-01  -7.4340748e-02   5.9301266e-01  -6.4687478e-04   7.0639201e-03   7.9718484e-04
  -1.1862508e-01  -7.5333804e-02   5.5000696e-01  -1.0731943e-03   7.5083473e-03   6.0853244e-04
  -1.0328906e-01  -1.0523272e-01   5.5392925e-01  -1.3194579e-03   7.2108053e-03   3.2691956e-04
  -9.5259909e-02  -9.6326696e-02   6.0674251e-01  -3.0103079e-04   6.7430402e-03   8.3174531e-05
  -1.2494029e-01  -5.6636673e-02   6.1305657e-01  -5.8004700e-04   6.7462401e-03   7.0256779e-04
  -9.2781025e-02  -1.0280608e-01   5.5751378e-01  -1.2455117e-03   6.7881178e-03   2.4029786e-04
  -8.6871930e-02  -1.0734276e-01   5.0967334e-01  -1.6769801e-03   7.2677457e-03   1.9885851e-04
  -6.9379744e-02  -1.1878547e-01   4.9164834e-01  -1.9301006e-04   6.3160248e-03   3.3849692e-04
  -6.4819883e-02  -1.2333637e-01   5.6081661e-01   1.4905471e-03   6.4654494e-03  -1.3462683e-04
  -1.0291531e-01  -6.6377681e-02   5.8784220e-01   3.4084334e-04   6.7432915e-03   4.7433054e-04
  -1.0678917e-01  -9.9594282e-02   5.6387537e-01  -1.2682818e-04   6.5479752e-03   5.1263266e-04
  -1.0650339e-01  -1.0547096e-01   5.3835162e-01  -8.4777626e-04   6.0285906e-03   4.4340483e-04
  -7.3599331e-02  -7.6905932e-02   5.6541871e-01  -8.0868333e-04   6.4848016e-03   7.4700905e-05
  -1.1260123e-01  -1.0909187e-01   6.3104565e-01  -2.8664045e-04   6.8963184e-03   4.8944155e-04
  -1.0367546e-01  -1.0455579e-01   6.2959895e-01  -6.4888861e-04   6.1719900e-03  -1.8457450e-05
  -1.4606361e-01  -8.0482183e-02   6.9714949e-01   2.3754643e-04   6.1179060e-03   1.1392005e-03
  -9.8105853e-02  -4.3377861e-02   6.4240776e-01  -8.9373048e-04   6.2517687e-03  -1.1360795e-04
  -9.6879005e-02  -6.2718006e-02   6.6288585e-01  -2.4754740e-04   6.3952796e-03   3.8729392e-04
  -1.0260147e-01  -7.3542641e-02   6.4861167e-01  -1.4903044e-03   5.9537300e-03   1.1566705e-04
  -8.6310450e-02  -6.5812767e-02   6.9221622e-01  -2.9231723e-04   6.0766538e-03  -4.2258718e-04
  -9.5836895e-02  -5.9998990e-02   6.8880028e-01  -6.7455010e-04   6.3369560e-03  -6.0710550e-04
  -1.3067224e-01  -1.2903489e-02   7.1012163e-01  -2.7703343e-04   6.7331455e-03   6.1384478e-04
  -1.0004492e-01  -3.8842084e-02   6.6322039e-01  -1.3709974e-03   5.8999893e-03  -3.2402203e-04
  -1.0344878e-01   1.7314716e-02   6.8912651e-01  -9.2212206e-04   6.4145421e-03   1.0864296e-04
  -1.2336347e-01  -6.3475736e-02   7.0240902e-01  -1.9675350e-03   6.0563610e-03   7.3408369e-04
  -1.0330397e-01  -2.2867722e-02   7.8992127e-01  -7.2852956e-04   6.6332833e-03  -1.8595264e-04
  -1.0092694e-01  -2.7205489e-02   7.9049229e-01  -8.2082932e-04   5.5553120e-03  -6.1949482e-05
  -1.2439417e-01  -3.1156902e-02   7.2132569e-01  -1.4480450e-03   6.2910484e-03   3.6709312e-04
  -8.5861060e-02  -4.7571468e-02   7.1971769e-01  -1.5298403e-03   6.5091186e-03  -4.9443094e-04
  -1.0862836e-01  -5.2663959e-02   7.6441269e-01  -1.1690438e-03   5.9927194e-03  -5.2897332e-05
  -1.3422727e-01  -4.3101280e-03   7.6551069e-01  -1.4458082e-03   6.5231030e-03  -4.0155073e-05
  -9.8787869e-02  -4.3717779e-03   8.0259207e-01  -4.3472136e-04   6.5191752e-03  -8.2623767e-05
  -9.5039453e-02   2.1954059e-03   7.7639505e-01  -1.8677358e-03   5.7509315e-03  -9.6331042e-04
  -1.1348970e-01  -6.2471091e-03   8.0008216e-01  -1.1165706e-03   6.6094366e-03   2.2654898e-04
  -1.5005037e-01   2.5625685e-03   8.0306838e-01  -1.4713748e-03   6.1838869e-03   4.3719687e-04
  -1.2507750e-01   2.5533345e-02   8.7710106e-01  -9.3450995e-04   5.9874372e-03  -1.0269810e-05
  -1.2742919e-01  -8.7081604e-03   9.0503280e-01  -1.0658560e-03   6.3857971e-03   3.0607069e-04
  -1.1933626e-01   1.6093838e-02   9.1653556e-01   3.5091198e-05   6.0372893e-03  -4.7090390e-04
  -1.3117669e-01   4.8836591e-04   7.9568328e-01  -1.6741061e-03   5.8799716e-03   1.0049487e-04
  -1.0848528e-01  -2.7787439e-02   8.2223535e-01  -1.9866791e-04   6.5133279e-03  -2.7526481e-04
  -1.1301783e-01  -5.5730979e-02   7.9789536e-01  -8.6717665e-04   5.2229252e-03   2.5892348e-04
  -1.2540033e-01  -5.7873969e-02   7.9821979e-01  -1.0838802e-03   6.7560886e-03   4.2609922e-04
  -1.1920479e-01  -3.0198813e-02   8.8699988e-01  -2.4102484e-04   6.1686682e-03   1.3504717e-04
  -1.1720493e-01  -4.2057352e-03   9.4974919e-01   4.7673152e-04   5.9534655e-03  -5.4053756e-06
  -1.2143790e-01   3.1144898e-02   9.0265425e-01  -7.1199084e-04   6.2199430e-03   1.9273698e-04
  -7.2675945e-02   2.8275206e-02   8.5038553e-01  -1.7201342e-03   6.3861048e-03  -1.2043682e-03
  -8.7461840e-02   5.5658224e-02   9.2387282e-01  -4.8076902e-04   6.5696980e-03  -7.3302959e-04
  -1.0725606e-01   3.4186690e-02   9.1738079e-01  -8.6306045e-04   6.0161686e-03  -6.9155165e-04
  -1.1048043e-01   1.7207507e-02   9.4259786e-01  -9.3309871e-04   5.6943541e-03  -1.5985210e-04
  -1.1135525e-01   9.2485316e-03   9.1667631e-01  -1.5498839e-03   6.2631595e-03  -6.0330346e-05
  -1.0445520e-01  -1.0035665e-03   9.2592680e-01  -7.8234620e-04   6.3229352e-03  -1.0998063e-04
  -1.0570250e-01  -6.6828028e-02   1.0008296e+00   2.6014811e-04   6.3951276e-03   1.4482729e-04
  -1.4078412e-01  -2.1865486e-02   1.0281548e+00  -2.3099137e-04   5.9357712e-03   5.7984029e-04
  -1.2067246e-01   5.4496381e-02   1.0642234e+00   5.9911226e-04   6.3748050e-03   3.8079527e-04
  -9.3895057e-02   1.3841566e-02   9.7531040e-01  -7.7556611e-04   6.2812699e-03  -6.2310748e-04
  -1.0966514e-01   2.3852005e-02   9.5246027e-01  -1.5067803e-03   6.5550280e-03   1.5889235e-04
  -1.0691733e-01   1.5224772e-02   9.7922644e-01  -1.1457691e-03   6.4234047e-03   1.5129377e-04
  -1.0599388e-01   4.9002375e-04   9.4873909e-01  -1.2439693e-03   6.3385613e-03  -1.8622252e-04
  -9.4984340e-02   2.5532712e-03   9.9895878e-01  -9.2003204e-04   6.1995449e-03  -1.3111571e-04
  -8.6968964e-02  -1.8199384e-02   1.0036461e+00  -7.7522594e-04   5.9683650e-03  -2.2844305e-04
  -1.0501915e-01   2.4385768e-02   1.0191224e+00  -8.6631572e-04   6.4189589e-03   9.0990646e-05
  -4.3627979e-02   1.2012259e-02   1.0790597e+00  -5.7262437e-04   6.2064285e-03  -1.6513653e-03
  -9.8486829e-02   5.8749322e-02   1.0879426e+00  -5.6947680e-04   5.6429730e-03  -4.9898623e-04
  -9.5503765e-02   5.4532467e-02   1.0192301e+00  -1.6689885e-03   6.4770697e-03  -1.6540508e-04
  -5.5244377e-02   3.6995539e-02   1.0485819e+00  -1.4034145e-03   5.8969649e-03  -1.1993601e-03
  -8.5058967e-02   7.0938490e-02   1.0877356e+00  -9.4316048e-04   6.2273094e-03  -2.4850056e-04
  -1.1147537e-01   4.4108414e-02   1.0390924e+00  -1.2534070e-03   6.3917948e-03   7.6958699e-04
  -1.0431399e-01   3.9321565e-02   1.0601618e+00  -1.0157615e-03   7.0441659e-03   7.8917576e-06
  -1.3127306e-01   6.6744373e-02   1.1471691e+00  -6.9825902e-04   5.5626388e-03   6.0836556e-04
  -1.2434492e-01   4.9989635e-02   1.2088065e+00  -2.2908919e-05   6.1030402e-03   2.3180300e-04
  -8.0334530e-02   1.0037938e-01   1.1716920e+00  -3.4448822e-04   6.1240876e-03  -1.2679224e-03
  -1.0934189e-01   6.7363606e-02   1.1197566e+00  -5.9680750e-04   6.9425315e-03  -1.8248290e-04
  -8.7434761e-02   2.1997454e-02   1.1619283e+00   9.2988046e-05   6.6662836e-03  -1.9350170e-04
  -7.8005078e-02   2.0987728e-02   1.1496524e+00  -1.0785555e-03   6.4669543e-03  -7.1510459e-04
  -7.7115211e-02   5.6537846e-02   1.2033198e+00  -1.7740584e-05   6.5840820e-03  -4.9980936e-04
  -1.2535241e-01   4.8836540e-02   1.1887943e+00  -3.7790165e-04   6.4282752e-03   5.7047904e-04
  -9.7120303e-02   6.2047705e-02   1.2091471e+00  -4.4308084e-04   6.9745979e-03   1.5074793e-04
  -1.1682611e-01   5.1625858e-02   1.2079798e+00  -6.1752678e-04   6.5615096e-03  -1.1746355e-05
  -8.8028273e-02   3.9819207e-02   1.1982324e+00  -9.6961016e-04   5.9893688e-03  -3.7392621e-04
  -1.0660973e-01   7.1294142e-02   1.2366593e+00  -7.4709678e-04   6.5275671e-03   3.9096943e-04
  -1.0478274e-01   1.2465533e-01   1.3050795e+00   3.3985382e-04   6.5019120e-03  -4.0599334e-04
  -1.2251559e-01   9.4107802e-02   1.3092809e+00  -8.5351064e-04   6.2970208e-03   3.9571783e-04
  -7.1133351e-02   8.9191531e-02   1.3196199e+00  -2.3144741e-04   6.9917477e-03  -5.3561279e-04
  -9.4579271e-02   8.8142063e-02   1.2707616e+00  -1.2477084e-03   6.4618983e-03   2.1344015e-04
  -7.3820303e-02   8.6239012e-02   1.2118789e+00  -1.2569483e-03   7.1348760e-03  -2.6091260e-04
  -7.8536136e-02   1.2112911e-01   1.2220986e+00  -1.0273333e-03   7.0487017e-03  -6.4946442e-04
  -8.8995689e-02   1.1627835e-01   1.2489601e+00  -1.5374273e-03   6.2635601e-03  -7.8526394e-05
  -7.7441970e-02   1.0978810e-01   1.2721960e+00  -9.4297466e-04   6.5601717e-03  -7.5929390e-04
  -1.0567606e-01   1.0266008e-01   1.3242525e+00  -6.3447435e-04   7.0861664e-03   3.7905766e-06
  -1.2413744e-01   1.4145681e-01   1.3752324e+00  -5.0608616e-04   6.3672934e-03   3.9046868e-04
  -1.1084680e-01   1.2504346e-01   1.3720315e+00  -7.2283584e-04   6.3988364e-03   4.8596208e-04
  -1.1305040e-01   7.1600169e-02   1.3204643e+00  -1.5149952e-03   6.1407440e-03  -3.1791155e-05
  -1.0386879e-01   7.9156572e-02   1.2653561e+00  -1.4693597e-03   6.7676583e-03   2.1178826e-04
  -9.0212385e-02   7.0275171e-02   1.2662302e+00  -1.4561150e-03   6.6955690e-03  -1.2423493e-04
  -1.1180884e-01   9.6238129e-02   1.2915027e+00  -1.4153006e-03   6.7285086e-03  -2.3818657e-04
  -8.2317075e-02   1.0325959e-01   1.3695330e+00  -6.1594587e-04   6.6863397e-03  -2.5216249e-04
  -1.0024627e-01   8.2444154e-02   1.4439015e+00  -4.6036150e-04   6.5109935e-03   1.3810751e-04
  -1.2923755e-01   1.1921451e-01   1.4661785e+00  -4.4122779e-04   6.6193798e-03   6.5889492e-04
  -1.3992143e-01   1.1499118e-01   1.4870585e+00  -3.2581761e-04   5.8337344e-03   4.1973496e-04
  -6.3172118e-02   1.3154826e-01   1.4731605e+00  -6.1924314e-04   6.4117061e-03  -4.1289265e-04
  -9.0482424e-02   9.1993039e-02   1.3881666e+00  -1.0592180e-03   6.2096898e-03  -2.2547063e-04
  -1.0250858e-01   8.7121471e-02   1.3732368e+00  -7.5071693e-04   6.7309013e-03  -9.7710482e-05
  -8.6055719e-02   9.8989067e-02   1.3909177e+00  -4.7761136e-04   6.4780641e-03  -3.1911103e-04
  -6.7712362e-02   1.1439398e-01   1.4319756e+00  -2.2376114e-04   5.8972290e-03  -6.0366918e-04
  -1.0057008e-01   1.2019743e-01   1.4912786e+00  -6.2382300e-04   6.5777627e-03  -2.5927041e-04
  -9.5888496e-02   1.2316359e-01   1.4559032e+00  -7.2813017e-04   6.6160650e-03   1.5316380e-04
  -7.7083880e-02   8.3436856e-02   1.4065176e+00  -1.4290527e-03   5.9725793e-03  -4.6452126e-04
  -1.0748344e-01   1.1156710e-01   1.4336547e+00  -1.1615606e-03   6.2618875e-03   4.1774652e-04
  -7.6354348e-02   1.3562905e-01   1.4501869e+00  -9.8653424e-04   6.4089417e-03   5.1274943e-05
  -9.3073526e-02   1.0893840e-01   1.4332578e+00  -1.2237985e-03   6.2822197e-03   1.1779359e-04
  -8.0258561e-02   1.2590404e-01   1.4927623e+00  -1.4303456e-04   6.1168041e-03  -2.5951023e-05
  -7.1144622e-02   1.1032860e-01   1.4608632e+00  -1.5952841e-03   6.6510456e-03  -5.0180229e-04
  -1.0674428e-01   1.0526692e-01   1.4477070e+00  -1.8582298e-03   5.3419417e-03   1.4782859e-04
  -9.7945956e-02   9.7127025e-02   1.5080619e+00  -4.1926631e-04   6.6090296e-03   6.0076138e-04
  -1.0784211e-01   1.2484579e-01   1.5383932e+00  -1.4630840e-04   6.4255278e-03   6.4137830e-04
  -8.1576757e-02   1.3296012e-01   1.5477088e+00  -4.3501628e-04   6.5302542e-03  -1.8125460e-04
  -8.9464989e-02   1.2123073e-01   1.5260068e+00  -1.2161116e-03   7.3337787e-03   6.4074448e-04
  -9.7604686e-02   1.4557248e-01   1.5479559e+00  -6.3803586e-04   6.9411319e-03   2.1956858e-04
  -1.0005741e-01   1.5918430e-01   1.5787423e+00  -4.1525826e-04   6.6583538e-03   5.0073470e-04
  -9.4477227e-02   1.5091787e-01   1.5538521e+00  -1.0652766e-03   5.7564528e-03   2.9216044e-04
  -7.5316486e-02   1.3170949e-01   1.5450504e+00  -5.9111080e-04   5.6541639e-03  -4.2096489e-04
  -1.0901361e-01   9.9831842e-02   1.5319037e+00  -1.5780446e-03   5.7915013e-03   6.0810866e-04
  -7.7449979e-02   1.3576831e-01   1.5476435e+00  -1.5667796e-03   6.1014814e-03  -7.6468857e-04
  -8.7059675e-02   1.0998372e-01   1.6067948e+00  -7.4082983e-04   6.4352126e-03  -2.1334529e-04
  -7.0480825e-02   1.2638048e-01   1.6286448e+00  -7.4859409e-04   6.4266979e-03   5.3096591e-04
  -1.1258117e-01   1.5474835e-01   1.5909684e+00  -1.3141255e-03   5.9996861e-03   2.4019139e-04
  -9.3083976e-02   1.3999332e-01   1.5803967e+00  -9.2607592e-04   5.7959178e-03   1.6582544e-04
  -1.1265926e-01   1.5232724e-01   1.5439470e+00  -1.4917126e-03   6.0013830e-03   6.9379806e-04
  -5.7234013e-02   1.5064172e-01   1.5732715e+00  -9.0546377e-04   5.9996244e-03  -4.4722589e-04
  -7.1969167e-02   1.2038580e-01   1.6048711e+00  -9.3752820e-04   6.7150339e-03   3.3231575e-05
  -6.1753379e-02   1.2029866e-01   1.5934079e+00  -1.5798838e-03   6.2729843e-03  -3.2594824e-04
  -3.4779323e-02   1.5175896e-01   1.6559429e+00  -9.4521368e-04   6.3247186e-03  -8.4936300e-04
  -7.2110988e-02   1.4341074e-01   1.6397474e+00  -1.3148587e-03   5.5921361e-03   9.8542978e-05
  -5.4858201e-02   1.6372010e-01   1.6735013e+00  -6.8353898e-04   6.4620910e-03  -3.6236737e-04
  -6.0227171e-02   1.7412116e-01   1.6770565e+00  -4.0056265e-04   6.3360145e-03  -4.6294114e-05
  -1.0025886e-01   1.5014709e-01   1.6526999e+00  -5.1405768e-04   5.5195703e-03   1.0185335e-03
  -5.0184659e-02   1.0037651e-01   1.6617798e+00  -6.6979338e-04   6.1370774e-03  -9.6008537e-05
  -9.4325552e-02   1.5373586e-01   1.7420569e+00   3.3399350e-04   6.3796330e-03   5.0456522e-04
  -7.2023814e-02   1.5512178e-01   1.6852777e+00  -9.8266889e-04   6.1044373e-03   3.6653714e-05
  -9.3244444e-02   1.3993548e-01   1.7485265e+00  -3.5559552e-06   5.9906963e-03   4.7186462e-04
  -8.9194331e-02   1.4714881e-01   1.7288607e+00  -2.5286961e-04   6.8634606e-03   6.7537400e-04
  -6.9306575e-02   1.4146488e-01   1.7580098e+00  -4.9200925e-04   5.7180657e-03  -5.3478107e-04
  -5.7917904e-02   1.4237734e-01   1.7529210e+00  -5.1881725e-04   6.9408865e-03   2.2408816e-04
  -5.1602949e-02   1.0945062e-01   1.7137962e+00   6.2790395e-04   5.8063219e-03   2.9488580e-04
  -6.7050855e-02   1.7818002e-01   1.7995563e+00   3.2829086e-05   6.2744371e-03   2.4151873e-04
  -4.8127995e-02   1.0561209e-01   1.7175859e+00  -2.5132651e-04   5.4204536e-03   9.6670342e-04
  -1.1111574e-01   1.4005392e-01   1.7435072e+00   1.6166366e-04   5.0629948e-03   5.7802805e-04
  -8.9894915e-02   1.8304798e-01   1.7534032e+00  -1.0275278e-03   4.8093812e-03   4.9984542e-04
  -1.0089024e-01   1.5819624e-01   1.8088004e+00   1.7152976e-04   5.8044951e-03   7.9492029e-05
  -8.1738624e-02   1.8709909e-01   1.8075318e+00  -4.7401733e-04   5.2380270e-03   5.7503960e-05
  -8.8876133e-02   1.7109654e-01   1.7974881e+00  -1.1298449e-03   5.6184252e-03   3.5902942e-04
  -9.2117959e-02   1.7979309e-01   1.8368232e+00  -1.6725213e-03   5.5430766e-03  -1.8508159e-04
  -8.2717932e-02   1.9886666e-01   1.9198756e+00  -3.0868381e-04   5.4870775e-03  -3.1444389e-04
  -1.0533656e-01   2.0485045e-01   1.9107351e+00  -6.2312568e-04   5.4782581e-03   2.0035700e-05
  -5.7325927e-02   2.1181849e-01   1.8489235e+00  -1.1526589e-03   5.5053226e-03  -3.9246983e-04
  -8.8731830e-02   2.0211434e-01   1.8265461e+00  -1.6946617e-03   5.5277765e-03  -1.0377728e-04
  -1.0170814e-01   2.2452046e-01   1.8449846e+00  -1.3935109e-03   5.6638268e-03   2.0842849e-04
  -8.6185493e-02   2.0448982e-01   1.8455553e+00  -1.4163766e-03   5.9932991e-03   8.7185530e-05
  -7.3889427e-02   1.7774278e-01   1.8331406e+00  -2.5923832e-03   5.0663819e-03  -5.4004213e-04
  -6.0982511e-02   2.0048319e-01   1.8959233e+00  -1.0453229e-03   5.3712817e-03  -8.3474515e-04
  -8.3863542e-02   2.0808761e-01   1.8614387e+00  -2.2699046e-03   5.1003392e-03   9.0070091e-05
  -9.3630333e-02   2.1178662e-01   1.9228987e+00  -1.2958452e-03   5.4690004e-03   1.1037999e-04
  -1.1640208e-01   2.2483587e-01   1.9473728e+00  -1.1087607e-03   5.8595256e-03   4.2657504e-04
  -1.0441142e-01   2.2101528e-01   1.9418045e+00  -1.5535300e-03   5.2042420e-03   1.1674898e-04
  -8.6635451e-02   2.1131252e-01   1.9992044e+00  -1.2833157e-03   4.9310948e-03  -3.8473612e-04
  -7.5241847e-02   2.6611887e-01   2.0042652e+00  -1.3689857e-03   5.5820502e-03  -2.2436198e-04
  -1.2830665e-01   2.2240432e-01   1.9266399e+00  -2.4826855e-03   5.4195209e-03   5.0239972e-04
  -9.0551286e-02   2.2734891e-01   1.9601575e+00  -1.6799325e-03   5.8347702e-03   2.7518201e-04
  -9.3382269e-02   2.2424886e-01   2.0094800e+00  -1.0217007e-03   5.0026023e-03   2.0372439e-04
  -9.5141662e-02   2.3083648e-01   2.0108957e+00  -1.1193697e-03   5.1416400e-03   1.4214846e-04
  -8.8365514e-02   2.3579144e-01   1.9936326e+00  -1.9246583e-03   5.6599792e-03  -2.1641450e-04
  -9.5193951e-02   2.6049723e-01   2.0725138e+00  -8.6539328e-04   5.8327572e-03   4.1487852e-04
  -8.1295811e-02   2.8942691e-01   2.0891699e+00  -6.4340508e-04   5.5509615e-03   9.2818945e-05
  -8.3231980e-02   2.3802858e-01   2.0475477e+00  -1.3121335e-03   5.6656432e-03  -3.1978653e-04
  -4.7784360e-02   2.3981652e-01   2.0733669e+00  -6.7822325e-04   5.6079449e-03  -9.5607314e-04
  -1.2667678e-01   2.4570094e-01   2.0928884e+00  -1.0587375e-03   5.0932486e-03   9.2452724e-04
  -1.0287380e-01   2.6605150e-01   2.0689043e+00  -1.7507740e-03   5.5975531e-03   4.4942495e-04
  -9.5035520e-02   2.5399001e-01   2.0993420e+00  -1.1439895e-03   5.1828587e-03   3.2552743e-04
  -7.5052437e-02   2.5153584e-01   2.1393420e+00  -1.1140583e-03   5.6487726e-03  -3.1271061e-04
  -8.5646040e-02   2.8277697e-01   2.1478756e+00  -1.3369814e-03   5.6575796e-03   2.2662156e-04
  -1.1730741e-01   2.5038192e-01   2.2239282e+00  -5.6917837e-04   5.3779603e-03   2.1911420e-04
  -9.4060099e-02   2.6601722e-01   2.1701458e+00  -1.7809793e-03   5.5304695e-03   5.8466805e-04
  -7.7186352e-02   2.5544669e-01   2.0769311e+00  -2.4886707e-03   5.6672632e-03  -5.9950845e-04
  -7.2618185e-02   2.4479636e-01   2.1070452e+00  -1.7434212e-03   5.8211896e-03  -5.0596150e-04
  -1.0707483e-01   2.4907145e-01   2.2009146e+00  -2.7982165e-04   6.1836734e-03   2.4326236e-04
  -6.3588699e-02   2.7948682e-01   2.2142824e+00  -1.5710420e-03   5.6374875e-03  -3.5450067e-04
  -8.6742510e-02   3.0941497e-01   2.2103448e+00  -1.8389960e-03   5.4707958e-03  -3.7817898e-04
  -4.9672455e-02   2.8000532e-01   2.1889233e+00  -1.0644329e-03   6.4659733e-03  -3.4794308e-04
  -6.2533112e-02   2.4765271e-01   2.2211489e+00  -5.1948659e-04   5.8781075e-03  -6.6344764e-04
  -6.5137268e-02   2.7548084e-01   2.1779382e+00  -1.1933064e-03   6.0550304e-03  -2.2381522e-04
  -8.4900472e-02   2.7069024e-01   2.1356719e+00  -2.4109565e-03   5.4736678e-03   7.7556627e-05
  -1.0994488e-01   2.3050464e-01   2.1502979e+00  -1.7404365e-03   5.6329032e-03   6.2063782e-04
  -7.9840999e-02   2.5539779e-01   2.2101347e+00  -1.1739303e-03   5.8370971e-03   2.8505553e-04
  -7.3675909e-02   2.5956843e-01   2.2537159e+00  -9.7256855e-04   5.3582114e-03  -2.4432685e-04
  -7.9503520e-02   2.9297832e-01   2.2586394e+00  -5.9301820e-04   5.9706942e-03  -2.0684211e-04
  -9.8088311e-02   2.8161618e-01   2.2693135e+00  -9.4111921e-04   5.6868592e-03   4.9289174e-04
  -8.5387851e-02   3.0103762e-01   2.2917423e+00  -1.0609176e-03   6.3023424e-03   4.1458735e-04
  -8.2449582e-02   2.7745162e-01   2.2828441e+00  -1.3400483e-03   5.5884193e-03   2.0015915e-05
  -9.0911576e-02   3.0803336e-01   2.3060064e+00  -7.9279554e-04   5.7786491e-03  -2.4162382e-04
  -6.1232793e-02   3.0190342e-01   2.2977445e+00  -7.7558239e-04   5.9644266e-03  -3.8335160e-04
  -6.7938141e-02   2.9597135e-01   2.2826248e+00  -1.2308627e-03   6.1683024e-03  -1.7974489e-04
  -1.0097162e-01   2.8988842e-01   2.3150511e+00  -1.2913587e-03   5.2501025e-03   2.3699398e-04
  -8.4622052e-02   2.7281728e-01   2.3396295e+00  -1.1379410e-03   5.6651356e-03   6.8848893e-05
  -9.1496943e-02   3.1490205e-01   2.3949311e+00  -5.3200333e-04   6.0330440e-03   4.2702631e-04
  -9.7618196e-02   3.0883537e-01   2.4448646e+00  -5.3410079e-04   5.7251868e-03   1.7209719e-04
  -6.4903168e-02   3.0705890e-01   2.4419393e+00  -1.1124049e-03   5.7642212e-03  -1.5030253e-04
  -9.0448588e-02   3.2566076e-01   2.4391328e+00  -8.5520212e-04   5.2957880e-03  -1.3219558e-04
  -8.8317689e-02   3.3795962e-01   2.3543285e+00  -1.9867204e-03   5.4995672e-03  -7.4254771e-04
  -1.0126337e-01   2.9075076e-01   2.3706098e+00  -1.1852114e-03   4.5826318e-03   1.3442667e-04
  -1.1110359e-01   3.2323609e-01   2.3953718e+00  -1.1635340e-03   5.4131884e-03   7.6881876e-04
  -7.5067924e-02   3.5652216e-01   2.4211436e+00  -5.9817755e-04   5.7528164e-03  -5.1444791e-04
  -8.3675697e-02   3.1901857e-01   2.4176020e+00  -8.9074735e-04   5.1698235e-03  -3.1699964e-04
  -7.3361253e-02   3.4161959e-01   2.3690054e+00  -1.3608494e-03   5.8459327e-03   8.7280109e-05
  -7.7277672e-02   3.1543733e-01   2.3882383e+00  -1.1002345e-03   6.0579297e-03   1.2844792e-05
  -9.6624904e-02   3.6037839e-01   2.4144289e+00  -1.3277496e-03   5.9657166e-03   2.8353865e-04
  -6.8193934e-02   3.2476709e-01   2.4621365e+00  -1.6046815e-03   5.5797881e-03  -1.5582822e-04
  -9.6225532e-02   3.8339719e-01   2.5628348e+00  -5.3762329e-04   4.7270337e-03  -2.6315673e-04
  -9.0600513e-02   3.6494758e-01   2.5702889e+00  -8.0656373e-04   4.7777801e-03  -1.1475264e-04
  -8.8842511e-02   3.8051385e-01   2.5931301e+00   1.6730980e-04   5.4642240e-03  -7.6388775e-05
  -9.2884529e-02   3.5055340e-01   2.5190661e+00  -1.4278613e-03   4.9511832e-03   2.6205148e-05
  -1.0118561e-01   3.1669150e-01   2.4439768e+00  -2.0376556e-03   5.2274850e-03   7.5543257e-04
  -9.9726128e-02   3.2681990e-01   2.4659647e+00  -1.6900472e-03   5.4896219e-03   4.5132356e-04
  -8.2327972e-02   3.5192469e-01   2.4938089e+00  -1.6344930e-03   5.7996485e-03   6.2592899e-04
  -8.3461514e-02   3.6344607e-01   2.5487532e+00  -9.9121612e-04   5.4872745e-03   3.3975624e-04
  -9.3822845e-02   3.5322917e-01   2.5857459e+00  -1.3566921e-03   4.7090238e-03  -4.0882853e-05
  -8.9288364e-02   3.6272457e-01   2.6107112e+00  -1.3298653e-03   5.5897379e-03   3.5230525e-04
  -9.9721152e-02   3.9256100e-01   2.6193639e+00  -1.4734116e-03   4.6534640e-03   4.7847565e-04
  -5.9280361e-02   3.4270151e-01   2.5767173e+00  -9.1995438e-04   5.0335978e-03  -4.8035195e-04
  -8.0272896e-02   3.2254695e-01   2.5184199e+00  -1.8760844e-03   6.1682361e-03   4.5260561e-04
  -6.2371258e-02   3.3898851e-01   2.6171712e+00  -2.3964883e-04   5.9298030e-03  -6.7158757e-05
  -5.4523445e-02   3.2729399e-01   2.5808705e+00  -1.4509405e-03   5.2901413e-03  -5.8936225e-04
  -4.9646034e-02   3.0350727e-01   2.6184657e+00  -1.3065396e-03   5.4519872e-03  -1.6279992e-04
  -6.3098046e-02   3.7820800e-01   2.7138024e+00  -3.6016526e-04   4.9279602e-03  -3.7183607e-04
  -8.8313032e-02   3.6017837e-01   2.6824726e+00  -1.8870349e-03   4.6886305e-03   7.4200171e-04
  -6.1364976e-02   3.6539929e-01   2.7032970e+00  -8.9784704e-04   5.3878637e-03  -5.1002976e-04
  -7.4895086e-02   3.7064164e-01   2.6207814e+00  -1.9465744e-03   5.3200345e-03  -2.0326925e-05
  -9.1899118e-02   3.6889506e-01   2.6174303e+00  -2.2523042e-03   5.1714068e-03   6.9676938e-04
  -1.1617418e-01   3.7801399e-01   2.6344878e+00  -1.7882663e-03   5.0046521e-03   1.2780003e-03
  -6.6126802e-02   3.6882039e-01   2.6693579e+00  -1.0023956e-03   5.0320812e-03   2.5438088e-05
  -1.1675904e-01   3.4801446e-01   2.6669971e+00  -1.7105989e-03   4.8202818e-03   8.8197024e-04
  -7.5292745e-02   3.8292620e-01   2.7526552e+00  -5.4744316e-04   5.4112656e-03  -3.0649346e-04
  -6.1305712e-02   4.0159961e-01   2.7774938e+00  -6.1194725e-04   4.9643514e-03  -2.3958689e-04
  -1.1456585e-01   4.3206598e-01   2.7987541e+00  -3.3834078e-04   5.6180577e-03   8.0576035e-04
  -5.4935796e-02   3.6290823e-01   2.6903898e+00  -2.0571649e-03   4.8998248e-03  -7.8985088e-04
  -5.7172445e-02   3.7117611e-01   2.7047625e+00  -9.5906174e-04   5.4876224e-03  -1.4563163e-04
  -4.9562380e-02   3.4874468e-01   2.6910975e+00  -1.1650975e-03   4.8088726e-03  -4.0812781e-04
  -7.7677414e-02   3.4480692e-01   2.7091142e+00  -1.3750412e-03   5.2324573e-03   3.0889096e-04
  -6.3859452e-02   3.6464744e-01   2.7572120e+00  -1.3554652e-03   4.6823468e-03  -8.1207105e-05
  -5.9736216e-02   3.6552436e-01   2.7650761e+00  -1.7484451e-03   5.2196883e-03  -1.8085786e-04
  -3.5489816e-02   3.9914916e-01   2.7671739e+00  -1.4736522e-03   5.2281067e-03  -6.4351402e-04
  -7.8689805e-02   3.6506821e-01   2.8542857e+00  -1.9068909e-04   5.3784207e-03   6.3411927e-04
  -6.7102093e-02   4.1094271e-01   2.8575089e+00  -9.2050965e-04   5.3664667e-03  -1.3456635e-04
  -6.0211373e-02   3.8994347e-01   2.8867084e+00  -1.1766257e-03   5.3705190e-03  -5.4459491e-04
  -9.6803869e-02   4.2405703e-01   2.8963767e+00  -9.0918789e-04   5.2122650e-03   3.7807942e-04
  -5.1135980e-02   4.0210355e-01   2.8105171e+00  -1.8540299e-03   5.0878112e-03  -5.9747339e-04
  -5.2606141e-02   3.9805032e-01   2.7755281e+00  -1.8452900e-03   5.4959876e-03  -4.6267813e-05
  -2.8272850e-02   4.3877004e-01   2.8257091e+00  -1.2781389e-03   5.3640642e-03  -7.4228026e-04
  -5.0644449e-02   3.7809946e-01   2.8393446e+00  -1.2432216e-03   5.4272563e-03  -2.5785619e-04
  -4.2975030e-02   3.9759733e-01   2.8754641e+00  -9.7904881e-04   4.8769180e-03  -2.9861082e-04
  -4.1006066e-02   3.7922962e-01   2.8641748e+00  -2.0111296e-03   5.7219544e-03  -3.7870846e-04
  -9.4385038e-02   4.1459632e-01   2.9047719e+00  -1.0604235e-03   4.6697076e-03   1.4775299e-04
  -7.6714189e-02   3.9222988e-01   2.9202068e+00  -1.0957117e-03   5.2247146e-03   5.6719480e-06
  -5.3342333e-02   4.5755685e-01   3.0011199e+00  -4.7588929e-04   5.5014945e-03  -2.5424589e-04
  -6.5433465e-02   4.3624042e-01   3.0366088e+00  -4.6587590e-04   4.8297955e-03  -3.9760961e-04
  -3.9813278e-02   4.5034376e-01   2.9612583e+00  -1.6013838e-03   5.1592953e-03  -7.2532643e-04
  -6.9204378e-02   4.1483115e-01   2.9507238e+00  -6.7342766e-04   5.5012581e-03   1.1662293e-04
  -6.6000355e-02   4.1567041e-01   2.8954784e+00  -2.0000250e-03   5.3869689e-03   6.6913481e-04
  -5.6405340e-02   4.0437828e-01   2.9396620e+00  -1.1495263e-03   5.5297554e-03   1.6388021e-04
  -8.4099346e-02   4.1172915e-01   2.9471186e+00  -1.4601034e-03   5.5496534e-03   4.6991001e-04
  -4.4448343e-02   4.3502999e-01   2.9684141e+00  -7.0413896e-04   5.4742312e-03  -2.1085710e-04
  -5.3955378e-02   4.2959433e-01   2.9478743e+00  -1.4049315e-03   5.2817503e-03  -3.0024970e-04
  -3.9561481e-02   4.3055383e-01   2.9757690e+00  -1.6833438e-03   5.8354374e-03  -2.7311943e-04
  -5.5700953e-02   4.4986593e-01   3.0027562e+00  -1.5472486e-03   4.8796794e-03  -1.0806448e-04
  -1.0375229e-01   4.3189604e-01   3.0500313e+00  -1.4503922e-03   5.0674646e-03   8.8337243e-04
  -6.4708652e-02   4.7741965e-01   3.0712850e+00  -1.1210403e-03   4.9591516e-03  -1.3295871e-04
  -5.4369597e-02   4.6440889e-01   3.0316177e+00  -1.0763733e-03   5.4750688e-03  -7.4646735e-05
  -6.8077537e-02   4.3984340e-01   3.0196391e+00  -1.7774657e-03   4.8716597e-03  -2.1148925e-04
  -3.8560827e-02   4.7174239e-01   3.0553942e+00  -9.4241709e-04   5.4443538e-03  -1.6449987e-04
  -5.7864693e-02   4.5441179e-01   3.0416956e+00  -1.2522070e-03   4.9693589e-03   3.1217277e-04
  -4.2209459e-02   4.4518615e-01   3.0394624e+00  -5.4933651e-04   5.4184866e-03  -9.3941472e-05
  -3.3656520e-02   4.5657398e-01   3.0411483e+00  -6.3040958e-04   5.6109865e-03   1.2240252e-04
  -4.9614092e-02   4.5042235e-01   3.0409958e+00  -1.2793869e-03   5.4249845e-03   3.7675991e-04
  -5.8230493e-02   4.3318844e-01   3.0792679e+00  -1.0913390e-03   4.8071319e-03   6.2902801e-05
  -4.8001826e-02   4.0211300e-01   3.0651638e+00  -1.2507708e-03   4.7842846e-03   5.2281309e-04
  -5.3590819e-02   4.7492823e-01   3.1422217e+00   4.4616991e-04   5.0760515e-03   1.4181952e-04
  -5.8661255e-02   4.9133991e-01   3.1394234e+00  -2.9012787e-04   5.1727813e-03   1.4986260e-04
  -7.0688456e-02   4.4946201e-01   3.0883867e+00  -8.7332910e-04   5.3130643e-03   9.2598970e-04
  -7.7565700e-02   4.0497412e-01   3.1108785e+00  -5.0616372e-04   4.9029492e-03   1.3534157e-03
  -2.4564072e-02   4.3588110e-01   3.1012394e+00  -7.7234357e-04   5.0062314e-03  -2.8374774e-05
  -4.5169900e-02   3.8717586e-01   3.0581359e+00  -1.0874212e-03   4.7676306e-03   3.5244192e-04
  -6.4761513e-02   3.9458322e-01   3.1124379e+00   3.6375766e-04   4.6309843e-03   9.0447270e-04
  -4.0036803e-02   4.2334148e-01   3.0390514e+00  -9.5492834e-04   4.8118204e-03   5.6934516e-04
   1.1567354e-01   2.8196989e-01   2.4894784e+00   1.7313862e-03   3.9563915e-03   1.7381818e-03
   8.7765720e-03   4.2560887e-01   3.0592923e+00   1.9327123e-03   4.4437247e-03   6.8614033e-04
  -5.0360114e-04   4.5924786e-01   3.1272288e+00   8.1549646e-05   5.2312468e-03  -9.1138125e-04
  -4.9811400e-02   4.2462729e-01   3.1173420e+00  -6.0752572e-04   4.4921043e-03   1.5660994e-04
  -3.1841859e-02   4.0481858e-01   3.1672846e+00   2.2952021e-05   4.9090761e-03   1.8230268e-04
  -6.4824262e-02   3.8647394e-01   3.2294947e+00   7.8939327e-04   4.2993606e-03   6.5546494e-04
  -2.2038004e-02   4.5534206e-01   3.2047917e+00   6.1998607e-04   5.0442203e-03  -2.9448470e-04
  -3.4166623e-02   4.6435985e-01   3.1461100e+00   1.9944806e-04   5.0365173e-03   2.3419158e-04
  -1.1044073e-02   4.1246209e-01   3.1607306e+00  -5.6073384e-04   4.9186779e-03  -3.0916774e-04
  -3.6081495e-02   4.1277651e-01   3.1437895e+00  -3.9789031e-04   4.9365340e-03   2.2814499e-04
  -1.9761226e-02   4.2804526e-01   3.1364461e+00  -4.3496528e-04   5.1786668e-03   9.5670900e-05
  -5.1525356e-02   4.5353372e-01   3.1884807e+00  -4.6802999e-04   4.9629346e-03   5.4347666e-04
  -2.2697758e-02   4.6466193e-01   3.2684300e+00  -2.9018725e-04   5.1054552e-03   1.2621701e-04
  -3.9354909e-02   4.4842337e-01   3.1832708e+00  -1.2402169e-03   5.0205417e-03   6.7903746e-05
  -4.6925777e-02   4.6016601e-01   3.2790210e+00  -3.2333522e-04   4.9723618e-03   4.8486235e-04
  -8.2894782e-03   4.3577160e-01   3.2005244e+00  -1.2035433e-03   4.5225786e-03   1.8080284e-04
  -4.0851025e-02   4.6297345e-01   3.2988419e+00  -4.4376666e-04   5.1555571e-03   2.1835009e-04
  -3.5608721e-02   5.0610985e-01   3.2644129e+00  -4.2170255e-04   4.7308054e-03   1.2125009e-05
   1.2017018e-02   4.2025594e-01   3.1724756e+00  -2.0147748e-03   4.8478835e-03  -3.0099671e-04
  -2.4683040e-02   4.8004814e-01   3.2516535e+00  -5.2614574e-04   5.0200531e-03   6.8335709e-05
  -5.8133460e-02   4.5300024e-01   3.2440385e+00  -8.9295331e-04   4.5416969e-03   4.8147970e-04
  -2.8986000e-02   4.3718538e-01   3.3015207e+00  -1.8277451e-04   4.7762615e-03   4.6603200e-05
  -3.5887240e-03   4.4013213e-01   3.2172431e+00  -7.5995982e-04   4.9177696e-03   4.1606029e-04
  -4.5580769e-02   4.6806089e-01   3.2827641e+00   8.6154485e-04   4.5084807e-03   8.3669071e-04
  -3.3317420e-02   4.8500951e-01   3.3396676e+00   4.1236956e-04   4.7056842e-03   4.8941555e-04
  -2.3053859e-02   4.7401978e-01   3.3011854e+00  -4.3508042e-04   4.6120595e-03   5.2931036e-04
   1.0762164e-04   4.6476218e-01   3.2935410e+00   2.8553765e-04   4.6916415e-03   6.1078698e-05
  -2.0812111e-02   4.4205062e-01   3.3299323e+00   1.4386774e-04   4.4604957e-03   3.2791939e-04
   1.3313918e-02   4.8439065e-01   3.3220757e+00  -1.2411704e-04   4.3485666e-03  -8.7700372e-04
  -1.2494148e-02   4.5977953e-01   3.3102310e+00  -1.2839626e-04   5.1154511e-03  -4.9273500e-06
   1.2279654e-02   4.3407810e-01   3.2366429e+00   1.2329939e-03   4.4303625e-03   7.6169927e-04
   5.2175307e-02   4.2612219e-01   3.1730752e+00  -3.7101039e-05   4.5744846e-03  -4.8021964e-05
   3.4226769e-02   4.0902082e-01   3.2021575e+00   1.5787947e-03   3.6465889e-03   4.6744807e-04
   2.5299907e-02   4.3601136e-01   3.2490417e+00   9.1710786e-04   4.2190795e-03   4.5225386e-04
   1.5435769e-02   4.0829196e-01   3.2295225e+00  -2.0301096e-04   4.8655591e-03   7.6493107e-04
   3.6811106e-02   4.1255733e-01   3.2334314e+00   2.7819231e-05   5.3611030e-03   1.1462921e-03
   1.5693267e-02   4.3449878e-01   3.3054090e+00   2.5701709e-04   4.4424100e-03   5.4750501e-04
   6.3174288e-03   4.8260491e-01   3.3280623e+00   1.0579796e-04   4.6030472e-03   4.2796390e-04
   1.8964639e-04   3.9739091e-01   3.2983489e+00  -1.6535654e-03   4.9863462e-03   2.6923928e-04
  -1.1650619e-02   4.3672159e-01   3.3859269e+00  -1.7538684e-03   4.3000207e-03   1.0617247e-04
  -1.3858778e-02   4.5359126e-01   3.4423715e+00  -1.4905947e-03   5.0346878e-03   2.4752691e-04
  -1.1999638e-02   4.8112757e-01   3.4721094e+00  -1.5985150e-03   4.7168910e-03   2.5509770e-04
  -7.2133231e-03   4.7139645e-01   3.4512854e+00  -1.8810897e-03   5.4111556e-03   9.0854358e-05
  -1.2427233e-02   4.6488507e-01   3.4463197e+00  -2.5572746e-03   5.1734800e-03   5.6647918e-04
   1.9164254e-02   4.5827011e-01   3.4684666e+00  -2.1093666e-03   4.7230311e-03  -2.7399542e-04
  -7.2397772e-04   4.6049039e-01   3.4785276e+00  -1.2070962e-03   5.4460138e-03   1.3423530e-04
   1.3085468e-02   4.4875725e-01   3.4712708e+00  -2.2782703e-03   5.2858384e-03  -3.6632570e-04
  -2.1095450e-02   4.7031648e-01   3.4931638e+00  -1.6290164e-03   5.0618904e-03   5.5666199e-04
   1.1468700e-02   4.5575257e-01   3.4833104e+00  -1.8316840e-03   5.2398072e-03  -4.9202976e-04
  -6.5987199e-03   4.5755093e-01   3.5043795e+00  -1.9515912e-03   5.1777093e-03   1.6963776e-04
  -4.0449933e-02   4.8340162e-01   3.5071512e+00  -1.9984109e-03   5.0250591e-03   8.9685245e-04
  -8.2494128e-03   4.7648852e-01   3.5400946e+00  -1.6630020e-03   5.4679174e-03   6.5303177e-04
   1.9784922e-03   4.5116042e-01   3.5038272e+00  -2.3699950e-03   5.3605384e-03  -3.0630543e-05
  -2.7874567e-03   5.0455686e-01   3.5574157e+00  -1.6416071e-03   4.7324571e-03  -2.4412874e-04
   1.0599066e-02   4.5181267e-01   3.5314052e+00  -2.2410666e-03   5.0482186e-03  -1.0108164e-04
   3.9527557e-03   4.9219224e-01   3.5478167e+00  -2.1667949e-03   4.6603567e-03   9.8426615e-05
  -2.2578943e-02   4.6142513e-01   3.5490091e+00  -2.3171164e-03   4.9111144e-03   3.4024234e-04
  -8.2771657e-03   4.7911959e-01   3.5956579e+00  -1.9196721e-03   4.7225259e-03   8.8738852e-05
   7.9564809e-03   4.6393178e-01   3.5550405e+00  -3.0735137e-03   5.0259293e-03  -2.0470294e-04
   7.4802021e-03   4.9536659e-01   3.5775213e+00  -2.4295269e-03   4.9292613e-03  -2.1036567e-04
   9.4493082e-03   4.7438739e-01   3.5921269e+00  -2.4291354e-03   5.0195218e-03  -6.0977496e-05
  -6.5089181e-03   4.6777200e-01   3.5721993e+00  -2.8845224e-03   5.0024657e-03   1.8989160e-04
   9.7686757e-03   4.7444349e-01   3.5893932e+00  -2.8938594e-03   5.3851928e-03   9.3188686e-05
   2.2079916e-03   4.8821806e-01   3.6207568e+00  -2.7966970e-03   5.3292311e-03  -1.1035616e-04
  -1.4609273e-02   4.8918064e-01   3.6238901e+00  -2.9535443e-03   4.5005871e-03   2.8033447e-04
   1.2457107e-02   4.8126927e-01   3.6178112e+00  -3.0959462e-03   5.0414473e-03   2.4338191e-04
  -3.0416690e-02   4.8041472e-01   3.6142838e+00  -3.5638469e-03   4.9600984e-03   2.5981069e-04
  -3.8785060e-02   4.8086499e-01   3.6502480e+00  -2.6634274e-03   4.8136723e-03   6.3757647e-04
  -1.4938108e-02   4.9128438e-01   3.6728722e+00  -2.7320510e-03   4.8860805e-03   2.8458740e-04
   1.3263794e-02   4.6990319e-01   3.6811106e+00  -2.9905279e-03   5.5064898e-03  -3.9252681e-04
  -1.6151209e-03   4.9243426e-01   3.6638934e+00  -3.5117917e-03   4.9974271e-03   1.6082223e-04
   7.4118952e-03   4.9917331e-01   3.6761027e+00  -3.0757853e-03   5.5115750e-03   1.7869014e-04
   5.6357942e-03   4.8841940e-01   3.7015146e+00  -2.8604055e-03   5.2502540e-03  -3.0141584e-04
   9.7790982e-04   4.9107562e-01   3.7665030e+00  -1.5791561e-03   4.1679672e-03   3.0145532e-04
  -7.6138435e-04   4.6549365e-01   3.7302003e+00  -3.0271970e-03   4.9626867e-03   3.2401852e-04
  -2.0302187e-02   5.1126661e-01   3.7245503e+00  -3.3179125e-03   4.6230922e-03   7.2888006e-05
   2.4270262e-03   4.8231086e-01   3.7877664e+00  -2.0043595e-03   5.0854416e-03  -2.0026597e-05
   2.4247907e-02   5.1630053e-01   3.7860325e+00  -2.2330586e-03   5.3513078e-03  -7.1901846e-04
   1.6149559e-02   5.2105813e-01   3.7934486e+00  -2.4167460e-03   4.8760638e-03  -5.3526657e-04
   2.9148319e-02   5.1387038e-01   3.8176563e+00  -2.0135577e-03   5.3460402e-03  -5.0718876e-04
   1.1313257e-02   4.8453955e-01   3.7961804e+00  -2.8416449e-03   4.8577250e-03  -5.7192007e-04
   3.4170679e-03   5.2219318e-01   3.7960938e+00  -2.6904510e-03   5.2370020e-03   8.6761797e-05
  -1.2014739e-02   5.4150876e-01   3.8092754e+00  -2.8934669e-03   5.0467665e-03  -3.2443298e-05
   9.8498687e-03   5.1671720e-01   3.8488639e+00  -1.9906624e-03   5.3898295e-03  -1.0684890e-04
  -7.0727772e-05   5.3228512e-01   3.8494060e+00  -2.1792254e-03   4.8717981e-03   2.0589780e-04
  -2.5911887e-02   5.0563176e-01   3.8362922e+00  -3.2179643e-03   3.8589492e-03  -3.7372691e-05
  -1.3965218e-02   4.9481532e-01   3.8581682e+00  -2.7314378e-03   5.4441103e-03   6.2444425e-04
   8.7863064e-03   5.4374489e-01   3.9078764e+00  -1.9517936e-03   4.8256067e-03  -5.1212651e-04
  -2.5906046e-02   5.2850411e-01   3.8882681e+00  -2.8240568e-03   4.9930045e-03   3.0376495e-04
  -2.1560901e-02   5.0978139e-01   3.8986262e+00  -2.8983274e-03   4.5767042e-03  -2.0639615e-05
   1.6921898e-02   5.2252120e-01   3.9146888e+00  -2.5086981e-03   4.6848289e-03  -8.0537722e-04
  -2.4337746e-02   5.4888516e-01   3.9477935e+00  -1.8531728e-03   4.8706597e-03   4.8373480e-04
   2.8792484e-02   5.5374391e-01   3.9714684e+00  -1.9416431e-03   4.8258660e-03  -6.2517830e-04
  -3.2052491e-02   5.0598508e-01   3.9404756e+00  -2.7117298e-03   3.6136574e-03   2.6569566e-04
   1.3109898e-02   5.2314831e-01   3.9306491e+00  -2.6332636e-03   4.8400236e-03  -2.6310749e-05
  -1.2358568e-02   5.1862771e-01   3.9217148e+00  -2.6680441e-03   4.6182459e-03  -2.4560848e-04
   1.4612021e-02   5.3585016e-01   3.9223255e+00  -3.0172475e-03   4.8350829e-03  -1.9547436e-04
  -2.3878672e-02   5.1977946e-01   3.9385748e+00  -3.5454036e-03   4.3668458e-03   5.1220740e-04
   1.4562274e-02   5.1847034e-01   4.0020471e+00  -2.1322168e-03   4.3652106e-03  -3.2977858e-04
  -1.7473201e-02   5.1932813e-01   4.0040475e+00  -2.7215336e-03   4.5907589e-03   3.1122023e-04
   1.2594594e-02   5.6225293e-01   4.0235886e+00  -2.2262233e-03   4.7407455e-03  -2.6664960e-04
   3.2463572e-02   5.4297588e-01   3.9947187e+00  -2.9789477e-03   5.1137941e-03  -9.4947756e-04
  -1.6315608e-02   5.6766968e-01   4.0131339e+00  -2.4038037e-03   5.1434894e-03   6.9326628e-04
   2.1577280e-03   5.5746621e-01   3.9797200e+00  -3.2402965e-03   5.7957707e-03  -5.3476158e-05
   9.6637886e-03   5.8914556e-01   4.0268802e+00  -2.2295804e-03   6.1259637e-03  -4.4445528e-05
   2.2623501e-02   5.6697367e-01   3.9998927e+00  -3.3545493e-03   5.2737839e-03  -3.4408688e-04
   4.3389182e-03   5.7082942e-01   4.0542289e+00  -2.7033514e-03   4.7526125e-03  -2.3512098e-04
   1.0641007e-02   5.3833974e-01   4.0561590e+00  -2.3988116e-03   4.7038463e-03   3.7717731e-05
  -1.0629375e-02   5.3759336e-01   4.0461309e+00  -3.4122009e-03   5.2510957e-03   5.5204454e-05
   3.3346622e-03   5.6075647e-01   4.0763497e+00  -2.7424633e-03   5.2870127e-03   1.9193580e-04
   2.8744817e-02   5.7130659e-01   4.0954248e+00  -2.5499021e-03   5.0004094e-03  -6.1367788e-04
   1.8353144e-02   5.5980809e-01   4.0990890e+00  -2.5325979e-03   5.0763781e-03  -5.6653509e-04
  -5.2895674e-03   5.6285465e-01   4.1289164e+00  -2.6188687e-03   4.4435106e-03  -1.9728661e-04
   1.1363554e-02   5.5866052e-01   4.1238552e+00  -3.2935078e-03   4.8492842e-03  -2.9050934e-04
  -8.3017522e-03   5.7904639e-01   4.1202826e+00  -3.0483055e-03   4.7520709e-03   1.9234486e-04
   1.7937462e-02   5.7882627e-01   4.1662309e+00  -1.8598682e-03   5.1129225e-03  -6.9969640e-04
  -3.6434307e-03   5.8966480e-01   4.1447151e+00  -2.3732014e-03   4.7451977e-03  -1.2761317e-04
  -4.0068987e-02   5.8033403e-01   4.2007231e+00  -1.8533857e-03   4.1023354e-03   6.6469027e-04
   3.7448688e-03   5.5856729e-01   4.1498402e+00  -2.7521701e-03   5.0286226e-03   1.6070736e-04
   1.4942756e-02   5.6855957e-01   4.1904536e+00  -2.4425627e-03   5.2758521e-03  -3.2242102e-04
  -1.0273718e-03   5.8430517e-01   4.2068046e+00  -1.9535531e-03   4.8674267e-03   1.2835023e-04
   3.4076005e-03   5.7738861e-01   4.1877143e+00  -2.6090500e-03   4.6991831e-03  -2.8331917e-04
   1.7336998e-02   6.5430554e-01   4.1397025e+00  -4.9506190e-03   4.7837912e-03  -1.7088825e-03
   2.6068055e-03   6.3308331e-01   4.2538916e+00  -1.9301005e-03   5.5934901e-03   5.8197571e-05
  -1.8556366e-02   6.1138792e-01   4.2326740e+00  -2.4704275e-03   5.2923321e-03   5.9993924e-04
  -9.6108001e-03   5.9883036e-01   4.2644010e+00  -1.9483415e-03   4.3819878e-03  -2.4992839e-04
   8.1410382e-03   6.1616438e-01   4.2698899e+00  -2.2630669e-03   4.7890622e-03  -3.7990870e-04
   2.7425375e-02   6.0694389e-01   4.2512460e+00  -2.7806020e-03   5.4282880e-03  -8.8884175e-05
   1.1718796e-02   6.0950277e-01   4.2918706e+00  -2.1991728e-03   4.6384844e-03   9.5079457e-05
   2.8246838e-02   6.1953427e-01   4.2699784e+00  -2.8216361e-03   5.4979401e-03  -2.9442288e-04
   1.4488665e-02   6.3338185e-01   4.2579200e+00  -2.7136717e-03   5.0467965e-03  -4.7786199e-04
   1.4015628e-02   6.4912914e-01   4.2960180e+00  -2.2203971e-03   5.3169439e-03  -1.8919954e-05
  -3.1756234e-03   6.2229302e-01   4.3198004e+00  -1.9178773e-03   4.9204315e-03   2.6729431e-04
  -1.0006374e-02   6.3236075e-01   4.2877496e+00  -2.8637867e-03   4.9825276e-03   6.9841593e-04
  -1.9267808e-02   6.3711925e-01   4.3315948e+00  -2.3549972e-03   4.4859393e-03  -3.8260306e-05
   3.3809398e-02   6.1070693e-01   4.3504646e+00  -2.1181373e-03   4.8922817e-03  -9.3534630e-04
   3.3137963e-02   6.2642374e-01   4.3627944e+00  -2.0363637e-03   5.5034000e-03  -2.4644036e-04
   2.8669578e-03   6.6881118e-01   4.3489823e+00  -2.5815608e-03   4.7174037e-03  -1.6496142e-04
   1.5101013e-02   6.3986496e-01   4.3785167e+00  -2.2746989e-03   4.3067786e-03  -3.3217231e-04
  -9.6232524e-03   6.4816221e-01   4.4255689e+00  -1.5188424e-03   4.4870516e-03  -1.5669211e-04
   2.3528125e-03   6.3228134e-01   4.4373342e+00  -2.0058369e-03   5.0004054e-03   1.3423766e-04
   4.4409723e-02   6.3865389e-01   4.4292484e+00  -2.0324826e-03   5.3465852e-03  -9.0584024e-04
   3.0460638e-02   6.6635353e-01   4.4382922e+00  -1.8403355e-03   5.2349869e-03  -5.9125839e-04
  -2.8499686e-02   6.3165066e-01   4.4436107e+00  -2.0125771e-03   4.5918046e-03   5.7260557e-04
   2.0702935e-02   6.7035167e-01   4.4570466e+00  -1.7609573e-03   5.2757061e-03   1.0426593e-04
   6.0381855e-03   6.5766605e-01   4.5078352e+00  -1.5237459e-03   4.7103870e-03  -6.1802426e-05
  -7.9364593e-03   6.5571553e-01   4.4529010e+00  -2.9283957e-03   5.0566620e-03   1.2436967e-04
   6.1817534e-03   6.7159582e-01   4.4935137e+00  -1.7247492e-03   4.2930833e-03  -3.2142886e-04
   3.1367185e-02   6.7789466e-01   4.5074624e+00  -1.5231024e-03   5.2012526e-03  -9.3643002e-04
   8.1279397e-03   6.8623656e-01   4.4996968e+00  -1.9933467e-03   4.9794281e-03   2.5343015e-05
   1.8972252e-02   6.7461270e-01   4.4833392e+00  -2.6185723e-03   5.1205451e-03   2.1020752e-04
  -7.2139721e-03   7.0660303e-01   4.4820090e+00  -2.4710800e-03   4.6547327e-03  -7.1416872e-04
   4.8832828e-04   6.6988886e-01   4.5291943e+00  -1.6010916e-03   4.8324907e-03   1.5832913e-04
  -2.8035352e-03   6.7485874e-01   4.5485573e+00  -1.5933696e-03   4.5206095e-03   2.1420711e-04
   1.8429524e-02   6.7702284e-01   4.5527472e+00  -1.6132325e-03   4.9291718e-03  -9.9752318e-05
  -2.6694697e-03   6.7880326e-01   4.6195298e+00  -8.4845450e-04   4.8936235e-03   7.9559654e-05
   4.5952369e-02   6.9504884e-01   4.6137948e+00  -9.2187658e-04   4.8703884e-03  -7.0643872e-04
  -6.1696246e-03   7.0833203e-01   4.6128850e+00  -1.0638016e-03   4.6292324e-03   2.2007908e-04
   2.4824190e-02   6.7729343e-01   4.5669769e+00  -2.0754489e-03   4.9174766e-03  -5.6959687e-04
   1.1827246e-02   6.9345960e-01   4.6335775e+00  -1.2109619e-03   4.5158426e-03  -3.7859337e-04
  -3.6622768e-03   6.6899768e-01   4.5958758e+00  -1.9535625e-03   4.5266502e-03   6.2898699e-04
   3.3603141e-02   7.0576741e-01   4.6306474e+00  -1.3310321e-03   4.7892640e-03  -1.0571033e-03
  -3.7312734e-03   7.0604718e-01   4.6556739e+00  -1.6251225e-03   4.5994232e-03   1.3079113e-04
  -3.1768695e-03   6.8350934e-01   4.6360957e+00  -1.8950276e-03   4.7524642e-03   3.6012359e-05
  -5.3503614e-03   7.1404333e-01   4.6433419e+00  -1.8409394e-03   4.2890816e-03  -1.9199858e-04
   1.6132708e-02   7.0874756e-01   4.6508051e+00  -1.5586143e-03   4.7655369e-03  -3.7342408e-04
   4.0940109e-02   7.2225954e-01   4.6655000e+00  -1.1218120e-03   4.8229925e-03  -8.9867465e-04
   2.6830958e-02   7.0886234e-01   4.6499309e+00  -2.0297058e-03   4.9913809e-03  -3.9450158e-04
   2.0609056e-02   7.4453767e-01   4.6843672e+00  -1.5158936e-03   5.0041820e-03  -1.6305813e-04
   3.2345983e-02   7.4305399e-01   4.7139058e+00  -1.4509308e-03   5.2077976e-03  -3.9244538e-04
   1.3480667e-02   7.2580017e-01   4.7107100e+00  -1.7415705e-03   4.7633599e-03  -5.0064838e-05
   1.8247990e-02   7.1344269e-01   4.7258824e+00  -9.1242798e-04   5.2375303e-03  -6.3109189e-04
   1.4320822e-02   7.1936913e-01   4.7224093e+00  -1.4484968e-03   4.9451687e-03  -1.0013305e-04
  -9.5135377e-03   7.0983810e-01   4.7025236e+00  -1.8353397e-03   4.7693954e-03   2.2050096e-04
  -2.1600214e-02   6.8756926e-01   4.7546459e+00  -1.3024592e-03   4.0106574e-03   3.8385814e-04
   3.4762566e-03   7.4967199e-01   4.7638558e+00  -1.5294331e-03   4.6154793e-03   1.4375208e-04
   2.5844542e-02   7.1403815e-01   4.7651489e+00  -1.2317000e-03   5.1865261e-03  -1.3985670e-04
   1.2869761e-02   7.3163400e-01   4.8284398e+00  -5.4284193e-04   4.4807731e-03  -2.0498387e-04
   1.5474978e-02   7.4021128e-01   4.7726639e+00  -2.3116683e-03   5.4103053e-03  -1.8606117e-04
   1.1856137e-02   7.4145959e-01   4.8033997e+00  -1.6506528e-03   4.9188721e-03  -2.4142963e-04
   4.9730957e-02   7.4611471e-01   4.8210293e+00  -1.5247565e-03   4.5043228e-03  -1.0070892e-03
   5.7820600e-02   7.5705809e-01   4.8341331e+00  -1.2685040e-03   5.0659243e-03  -8.7976679e-04
   2.6791904e-02   7.4593207e-01   4.8386859e+00  -8.0337686e-04   5.0454707e-03  -4.1457074e-04
   4.1397253e-02   7.6713894e-01   4.8311019e+00  -1.6976893e-03   4.9899244e-03  -1.3173852e-04
   2.0477407e-02   7.9284620e-01   4.8338171e+00  -1.4046227e-03   4.7092282e-03  -7.7707846e-04
   7.1808770e-02   6.7100345e-01   4.6886588e+00  -2.0312184e-03   3.9197034e-03  -2.2051044e-04
   5.3960455e-02   6.8229622e-01   4.8351813e+00   5.2207071e-04   4.2116526e-03   5.1150859e-04
   1.2122918e-02   7.3591064e-01   4.8811773e+00  -1.2776378e-03   4.5353198e-03   1.7288928e-04
   4.4428249e-02   7.4510002e-01   4.8964760e+00  -1.0610569e-03   4.6265178e-03  -2.3718472e-04
   2.1015639e-02   7.1637498e-01   4.9091991e+00  -1.5175532e-03   4.7163584e-03   2.4352810e-04
   3.2435981e-02   7.1886673e-01   4.9240028e+00  -1.7144832e-03   5.0102511e-03  -2.6156313e-04
   1.3210713e-02   7.3531707e-01   4.9284969e+00  -7.5159594e-04   5.0628402e-03   4.0162250e-04
   1.5621275e-02   7.3981368e-01   4.9482127e+00  -1.4137834e-03   4.9371673e-03   9.6013460e-06
   1.0282884e-02   7.7337063e-01   4.9743259e+00  -1.2566535e-03   4.4472544e-03   2.9790108e-04
   3.7770323e-02   7.8596161e-01   4.9951219e+00  -6.1264596e-04   4.5894825e-03  -9.5589572e-04
   7.9493361e-03   7.8285264e-01   5.0169860e+00  -7.2454869e-04   5.2046639e-03   7.1841494e-04
   4.8669427e-02   7.5963025e-01   5.0145822e+00  -8.8633864e-04   5.0576859e-03  -8.9463886e-04
   4.1825682e-02   7.8803924e-01   4.9984685e+00  -1.1080031e-03   5.9763079e-03  -3.5923462e-04
   4.4191080e-02   8.1401360e-01   4.9823814e+00  -1.6794218e-03   5.2004579e-03  -3.3295883e-04
   5.2385250e-02   8.0701132e-01   4.9813677e+00  -1.3896784e-03   5.0434864e-03  -4.8450950e-04
   2.7903388e-02   7.7364331e-01   4.9726541e+00  -2.3519744e-03   4.5676838e-03  -1.7040964e-04
  -1.1046320e-02   7.8735035e-01   5.0024069e+00  -9.3251998e-04   4.8220815e-03   3.2831922e-04
   3.3575253e-02   8.1276172e-01   5.0344103e+00  -1.4417083e-03   4.5527253e-03  -4.7588836e-04
   3.9570098e-02   7.7412991e-01   5.0410871e+00  -1.5751100e-03   4.9544925e-03  -5.2791591e-04
   4.6064254e-02   8.1873440e-01   5.0815113e+00  -2.0498041e-04   5.7373277e-03  -1.3837815e-04
   3.1725809e-02   7.8868278e-01   5.0643876e+00  -1.5486386e-03   5.1737735e-03  -5.3255406e-04
   4.8626162e-02   8.1619226e-01   5.1018266e+00  -6.9717903e-04   4.6680962e-03  -4.8259091e-04
   1.3789888e-02   7.9931721e-01   5.1070413e+00  -8.1193567e-04   5.2543067e-03  -7.0991648e-05
   3.4941765e-02   8.1347021e-01   5.0971949e+00  -1.0261568e-03   5.4129627e-03  -6.5673324e-04
   7.9220458e-03   8.3034309e-01   5.0978131e+00  -1.0646572e-03   5.0954155e-03   3.8099766e-04
   2.9994935e-02   7.8020190e-01   5.0851614e+00  -1.4619735e-03   5.1901639e-03  -3.9845598e-04
   2.9599854e-02   8.0064655e-01   5.1238474e+00  -1.0173541e-03   5.6415791e-03   4.2899021e-05
   4.9553226e-02   8.1789491e-01   5.1280458e+00  -8.3468699e-04   5.3652403e-03  -9.7415306e-04
   3.6443117e-02   7.9327114e-01   5.1490569e+00  -1.0040621e-03   5.2168235e-03  -3.0348443e-04
   1.7446741e-02   8.2194413e-01   5.1460279e+00  -1.1970018e-03   4.9508691e-03  -1.4367928e-04
   2.6735767e-02   8.2889759e-01   5.1380604e+00  -1.3715465e-03   5.0303473e-03  -4.9339435e-04
   4.8132596e-02   8.3225634e-01   5.1714819e+00  -1.1401336e-03   5.4031753e-03  -2.9502630e-04
   3.5052265e-02   8.3278000e-01   5.1579596e+00  -1.4816120e-03   5.1436124e-03  -6.0942730e-04
   2.5386033e-02   8.5460708e-01   5.1412453e+00  -1.9961605e-03   4.5160196e-03  -5.6285803e-04
   4.9480407e-02   8.2870519e-01   5.1849792e+00  -8.5184281e-04   5.2626409e-03  -2.7265517e-04
   4.0294170e-02   8.0752467e-01   5.1955618e+00  -1.5948714e-03   4.8616802e-03  -1.4257207e-04
  -1.4384000e-04   8.1204051e-01   5.1811458e+00  -1.7664025e-03   4.9406961e-03   2.1403562e-04
  -8.1612783e-05   8.8339164e-01   5.2558178e+00  -3.8553631e-04   5.7714856e-03   7.5490598e-04
   2.2515671e-02   8.2718733e-01   5.2108420e+00  -1.8695201e-03   5.1126801e-03   3.6210207e-04
   3.4857015e-02   8.4753316e-01   5.2483285e+00  -1.1247768e-03   4.8428696e-03  -3.8767277e-04
   3.9159739e-02   8.2897596e-01   5.2661264e+00  -9.4115866e-04   5.1420166e-03  -4.6322659e-04
   3.1910688e-02   8.4791316e-01   5.2201378e+00  -1.9184582e-03   5.0501216e-03  -6.1278972e-05
   4.3003537e-02   8.3405984e-01   5.2298842e+00  -2.3037215e-03   5.0062395e-03  -5.1999545e-04
   4.2920544e-02   8.2777966e-01   5.2656969e+00  -1.5693742e-03   5.7085616e-03  -1.0616048e-04
   4.8196104e-02   8.4992961e-01   5.2806034e+00  -1.6953741e-03   5.5319692e-03  -8.1699513e-04
   2.1212969e-02   8.5077866e-01   5.2862904e+00  -1.4076433e-03   5.3234107e-03   6.2910524e-05
   3.3227913e-02   8.7176519e-01   5.3108290e+00  -1.1622956e-03   5.1830935e-03  -1.0776509e-04
   5.5118811e-03   8.7329303e-01   5.3211242e+00  -1.6821353e-03   4.5871758e-03   3.9320836e-05
   4.5885207e-02   8.9503389e-01   5.3491510e+00  -1.3766144e-03   4.4850760e-03  -9.3645521e-04
   3.4628736e-02   8.7304398e-01   5.3720557e+00  -8.1488452e-04   4.7688755e-03  -3.9380485e-05
   4.5453534e-02   8.7783770e-01   5.3534606e+00  -1.1849177e-03   5.5527490e-03  -3.3308560e-04
   3.0040519e-02   8.3181090e-01   5.3494379e+00  -1.2353791e-03   5.3397015e-03  -1.2223572e-04
   3.9809361e-03   8.4030639e-01   5.4161676e+00  -5.9824854e-04   4.8065693e-03   4.3040316e-04
   1.8111677e-02   8.4876920e-01   5.4050137e+00  -1.5797984e-03   4.9571965e-03  -1.8742432e-04
   2.2630848e-02   8.9087426e-01   5.4469393e+00  -1.1363790e-04   5.2706296e-03   1.5649074e-04
   3.1905797e-02   8.8834302e-01   5.4002194e+00  -1.4359155e-03   5.2956252e-03  -8.6218059e-04
   5.4501119e-02   8.7163704e-01   5.4068747e+00  -1.1337190e-03   4.9720051e-03  -9.5380487e-04
   7.4832270e-02   8.7912442e-01   5.4030109e+00  -1.6719867e-03   4.9689481e-03  -1.0475632e-03
   1.1733575e-02   8.8002196e-01   5.4257872e+00  -1.4378054e-03   5.0049825e-03  -1.7822173e-05
   1.0971736e-02   8.9908763e-01   5.4520671e+00  -1.2771091e-03   5.0821764e-03   3.0366696e-04
   1.1653139e-02   9.0043392e-01   5.4763717e+00  -1.5061936e-03   5.2231221e-03   1.6924921e-04
   4.3645763e-02   8.6296159e-01   5.4997054e+00  -9.1490044e-04   4.9531666e-03  -4.3450777e-04
   2.3636647e-02   8.9625182e-01   5.5020506e+00  -9.0271865e-04   4.9074853e-03  -4.9885698e-05
   4.2146698e-02   8.9598449e-01   5.5114893e+00  -1.1857220e-03   4.7998595e-03  -4.1973064e-04
   5.3245419e-02   8.8260501e-01   5.4912289e+00  -2.0254646e-03   4.7957359e-03  -3.8695901e-04
   6.8165421e-02   9.0932692e-01   5.4980627e+00  -1.2523487e-03   4.9954681e-03  -6.3050096e-04
   5.3769084e-02   8.9651795e-01   5.5072890e+00  -1.4926956e-03   4.8070646e-03  -5.9993192e-04
   3.2386490e-02   8.9748455e-01   5.5466783e+00  -1.0822578e-03   5.1178572e-03  -5.2555380e-04
   4.4118151e-02   8.8204750e-01   5.5599674e+00  -1.0225172e-03   5.0349238e-03  -3.2715848e-04
   2.8957892e-02   9.1543682e-01   5.5378741e+00  -1.7178590e-03   5.1290777e-03   1.6423543e-05
   6.2405820e-02   9.0209079e-01   5.5328022e+00  -1.4176370e-03   5.1952714e-03  -3.9561190e-04
   7.0773745e-02   9.2836827e-01   5.5602890e+00  -7.2744466e-04   6.3455256e-03   4.9166773e-05
   3.2854934e-02   9.1523539e-01   5.5680741e+00  -1.2968533e-03   4.6142834e-03  -1.3112230e-04
