   0.0000000e+00  -1.4210855e-14   0.0000000e+00   0.0000000e+00   0.0000000e+00   1.3479004e-19
  -3.3675514e-02   1.1096795e-02  -3.7484320e-02  -1.0099706e-03  -7.6981598e-04   1.0708095e-04
   2.2614261e-03   5.2743420e-03   1.9435602e-02   9.7503459e-04  -1.2465996e-04   2.5132379e-04
   2.4007795e-02  -2.7442987e-02  -2.7198966e-02  -1.1906607e-04  -1.6364369e-04  -4.4162974e-04
  -3.3109033e-02  -2.8952424e-02  -4.4257579e-02  -5.6296124e-04  -2.9294089e-04   5.1237054e-04
  -3.5063070e-02  -2.1480024e-02  -6.6203387e-02   8.3742122e-05  -6.8834361e-04   6.8012689e-04
   9.4114292e-03  -7.7124051e-02  -1.1539442e-01  -1.1036095e-03   7.9178396e-04  -4.1149203e-04
   6.7807703e-04  -7.4419730e-02  -1.1271191e-01   3.9402077e-04   1.1942857e-03  -3.0490044e-04
  -5.5648266e-02  -6.0411597e-02  -9.3234763e-02   6.5902307e-04   7.9248869e-04   7.5798743e-04
  -4.4714749e-03  -6.7752769e-02  -1.2604862e-01   1.3991565e-03   1.2492488e-03   1.6067265e-04
  -4.3308359e-02  -7.3506332e-02  -1.3193904e-01   6.4845047e-04   1.0014206e-03   6.3322870e-04
  -1.0369257e-02  -7.0418417e-02  -8.5479919e-02   1.7431087e-03   9.8676324e-04  -1.6532882e-04
  -1.8654333e-02  -8.3988651e-02  -1.6345894e-01   8.9403996e-04   2.0654335e-03   1.2412004e-04
   5.5176721e-03  -6.3263218e-02  -1.4638721e-01   3.2849868e-04   8.1887460e-04   1.2504396e-04
  -5.9495203e-02  -1.3193022e-01  -2.1576475e-01   1.8868085e-04   2.4327478e-03   1.4302157e-03
  -5.2884668e-02  -9.4901133e-02  -2.3299241e-01   2.9809629e-03   2.6911339e-03   7.7216136e-04
  -8.6774599e-03  -1.2646336e-01  -2.0196021e-01   2.6652144e-03   2.4533348e-03  -1.0032869e-04
  -4.2856832e-02  -9.5135813e-02  -1.9082293e-01   2.9051500e-03   1.2882598e-03  -2.0459381e-04
  -5.1416626e-03  -8.6581917e-02  -2.1124258e-01   3.0514134e-03   2.2134250e-03   5.8944769e-05
  -2.0279314e-02  -9.4108429e-02  -1.9286301e-01   2.5996327e-03   1.8727409e-03   8.1839300e-05
  -1.9149334e-02  -6.2979546e-02  -2.0441765e-01   2.4582496e-03   2.1971876e-03  -1.5717600e-04
  -4.7652652e-02  -9.3843979e-02  -2.8022813e-01   7.7745195e-03   4.1965939e-03  -1.5749162e-03
  -3.8622522e-02  -6.5829054e-02  -2.5742423e-01   5.8303569e-03   2.1444046e-03  -3.7889604e-04
  -4.4080289e-02  -9.4164610e-02  -2.8064512e-01   5.3410399e-03   2.9867331e-03   6.1215377e-04
  -3.7572397e-02  -1.0001277e-01  -2.4994289e-01   5.5394000e-03   2.5406715e-03   5.8634259e-04
  -3.9594793e-02  -1.1175210e-01  -2.7790953e-01   5.3571960e-03   3.0638005e-03   4.5158914e-04
  -1.1839680e-02  -9.7138177e-02  -2.4325782e-01   5.3240534e-03   1.8512002e-03  -1.9189380e-04
  -4.3900795e-03  -9.2837135e-02  -2.6790001e-01   5.0777179e-03   3.2534341e-03   4.3190758e-04
  -2.4204171e-02  -9.0249594e-02  -2.7300448e-01   5.0493282e-03   2.1551901e-03  -1.5710457e-04
  -4.4599834e-02  -9.5278438e-02  -2.5383938e-01   4.9589882e-03   1.8634018e-03   6.6813763e-04
  -3.2320272e-02  -7.9290973e-02  -2.7063095e-01   4.3750298e-03   2.1207216e-03  -2.3459151e-04
  -4.1152541e-02  -1.3091471e-01  -2.4825392e-01   4.8996476e-03   2.2870203e-03   2.1706653e-04
  -2.0461257e-02  -9.5096674e-02  -2.5539703e-01   4.9533561e-03   2.3783917e-03   1.6108072e-04
  -1.6579177e-02  -9.5422952e-02  -2.7599126e-01   3.8105838e-03   2.5020165e-03  -3.4909755e-04
  -2.7894162e-02  -1.1541946e-01  -2.6615294e-01   4.4935280e-03   2.2169689e-03   1.6739926e-04
  -2.9678436e-02  -1.2053908e-01  -2.8822222e-01   3.8972231e-03   2.2721863e-03   3.0851052e-04
  -3.4387349e-02  -9.6670260e-02  -2.7083436e-01   4.2601897e-03   1.6613897e-03   1.1077475e-04
  -3.7038785e-02  -1.0461185e-01  -2.6641398e-01   4.0139843e-03   1.9334237e-03  -3.3084468e-04
  -1.8959892e-02  -1.1346682e-01  -2.2172465e-01   5.0946449e-03   2.7483605e-03   2.3088892e-04
  -3.2861354e-02  -1.3688176e-01  -2.0575369e-01   4.3071895e-03   1.8504102e-03   4.2527748e-05
  -1.8337298e-02  -1.2082475e-01  -2.2247189e-01   4.4769475e-03   2.3738839e-03   1.6399377e-04
  -5.4277394e-02  -1.1831633e-01  -2.2950990e-01   4.2678548e-03   2.1662463e-03   1.8264409e-04
  -5.3970706e-02  -1.3377327e-01  -2.2221545e-01   3.9608427e-03   9.8739840e-04  -2.5617288e-04
  -5.1926769e-02  -1.2492741e-01  -2.0313276e-01   4.6263616e-03   1.0637273e-03   4.6194339e-04
  -4.1462439e-02  -1.0833359e-01  -2.2378470e-01   4.6951081e-03   2.3494308e-03   2.2551435e-04
  -3.9527489e-02  -9.2546896e-02  -2.3196131e-01   4.0181275e-03   2.1681249e-03   6.3371155e-04
  -7.3364088e-02  -1.3029329e-01  -2.1396960e-01   4.0555464e-03   1.4324285e-03  -4.0237096e-05
  -2.9707293e-02  -1.2640649e-01  -2.2058422e-01   3.7358681e-03   2.3272385e-03   4.6046829e-04
  -5.0513614e-02  -1.3557956e-01  -2.6026222e-01   3.1611291e-03   1.6739834e-03   7.8262785e-04
  -5.0745105e-02  -1.4800063e-01  -2.2430182e-01   4.2162082e-03   1.7062826e-03   2.2494295e-04
  -5.8723899e-02  -1.2811229e-01  -2.1614505e-01   4.5042867e-03   1.3579274e-03   1.2763939e-04
  -6.9739585e-02  -1.4255968e-01  -1.6032123e-01   5.4003298e-03   1.6025755e-03   7.3020245e-04
  -4.1166382e-02  -1.3128820e-01  -1.4598270e-01   5.0583343e-03   2.0345760e-03  -2.0791614e-04
  -6.2610942e-02  -1.3914613e-01  -1.5973352e-01   4.5307651e-03   1.7992545e-03  -1.5704046e-04
  -7.5161317e-02  -1.1500945e-01  -1.7021946e-01   4.4658241e-03   2.1480636e-03   9.1801910e-04
  -5.9185752e-02  -1.2184325e-01  -2.1832881e-01   4.0730967e-03   1.8762360e-03   7.1280291e-05
  -5.1585191e-02  -9.9701627e-02  -2.0541544e-01   4.3321177e-03   9.4018242e-04   3.7771460e-04
  -8.3440953e-02  -1.4667220e-01  -2.0538699e-01   3.8440377e-03   1.1511468e-03   4.2533906e-04
  -6.1347342e-02  -1.5357851e-01  -2.0318460e-01   3.3140233e-03   1.4275257e-03  -4.0035312e-04
  -6.9938041e-02  -1.5418708e-01  -2.0703707e-01   3.2296424e-03   1.0073795e-03   3.9044136e-04
  -4.7284805e-02  -1.0995427e-01  -1.5723382e-01   4.5750936e-03   1.4732712e-03  -7.0281067e-05
  -5.6721538e-02  -1.5000975e-01  -1.6019381e-01   4.2102815e-03   1.3284032e-03   5.4045570e-04
  -7.1962271e-02  -1.3920540e-01  -1.3943419e-01   4.4722599e-03   1.3173793e-03   1.1968758e-04
  -6.0784451e-02  -1.2216970e-01  -1.2422248e-01   4.7261235e-03   1.3405338e-03  -2.5039240e-04
  -5.7727056e-02  -1.4991637e-01  -1.8184950e-01   3.7283935e-03   1.3725457e-03   1.8802821e-04
  -6.7953630e-02  -1.4748553e-01  -1.2645599e-01   5.1610975e-03   2.1969250e-03   5.0579180e-04
  -4.8734552e-02  -1.4252825e-01  -1.2073943e-01   4.3417249e-03   1.0136212e-03  -4.0181950e-04
  -3.6645063e-02  -1.3723493e-01  -9.9272441e-02   4.9041392e-03   2.4171443e-03   5.3347563e-04
  -6.9707924e-02  -1.4366991e-01  -1.1978211e-01   4.4068683e-03   1.2925528e-03   7.0349605e-04
  -4.2073886e-02  -1.4524004e-01  -1.1163203e-01   3.9763294e-03   1.3750630e-03  -2.1482060e-04
  -5.8394392e-02  -1.4117879e-01  -6.7349477e-02   5.1700402e-03   1.3335452e-03   4.8529355e-04
  -5.5421515e-02  -1.5088666e-01  -9.0347961e-02   3.6665008e-03   1.3932849e-03  -7.5704050e-05
  -6.9123463e-02  -1.5364156e-01  -8.7282821e-02   4.1410093e-03   1.4269580e-03   4.3735689e-04
  -5.6964439e-02  -1.4367874e-01  -7.0713990e-02   4.9873879e-03   1.6158031e-03   4.4485918e-04
  -7.9747514e-02  -1.5586347e-01  -4.6968547e-02   5.0242159e-03   1.7300978e-03   1.7118064e-04
  -7.7273465e-02  -1.1602373e-01  -8.3836797e-02   4.2334155e-03   1.7022952e-03   7.2597007e-04
  -5.8615182e-02  -1.5736670e-01  -5.2918686e-02   4.1406431e-03   1.4312930e-03  -2.2879878e-05
  -5.3838923e-02  -1.5686724e-01  -5.3723296e-02   4.1225484e-03   1.9059301e-03  -4.8212318e-04
  -1.0712795e-01  -1.7314196e-01  -5.3735684e-02   4.0750886e-03   1.8062492e-03   1.3987107e-03
  -8.3885286e-02  -1.4014114e-01  -4.1757580e-02   4.6828252e-03   9.6453075e-04   4.1459259e-04
  -5.7223064e-02  -1.3327551e-01  -4.5768661e-02   4.4543216e-03   1.6630214e-03  -3.8640181e-04
  -8.8424700e-02  -1.5137789e-01  -4.4989060e-02   4.2700947e-03   9.6535186e-04   5.4685044e-04
  -6.0981056e-02  -1.5039872e-01  -3.4303249e-02   4.3722852e-03   1.5382006e-03   3.6727950e-04
  -5.5320077e-02  -1.2043837e-01   1.1488488e-02   4.7654708e-03   1.1097650e-03  -9.7479801e-04
  -7.7211012e-02  -1.1650443e-01   3.3630113e-02   4.5987450e-03   1.2270757e-03   3.8855169e-04
  -6.3803926e-02  -1.3147172e-01  -4.7865370e-03   3.9396042e-03   1.5931714e-03   5.1663996e-04
  -6.8099851e-02  -1.0850537e-01   6.0674431e-03   4.1910911e-03   7.3928824e-04   2.4483845e-04
  -9.2778858e-02  -1.3592425e-01   2.9437633e-02   4.9506572e-03   1.3420538e-03   8.3962322e-04
  -8.9665950e-02  -1.5050311e-01  -4.3446625e-02   2.8821570e-03   1.6242828e-03   3.6735011e-04
  -1.0088817e-01  -1.2262193e-01   4.5925377e-02   5.2514359e-03   1.0713247e-03   5.6446812e-04
  -9.0990344e-02  -1.1785595e-01   8.7615197e-02   5.3083793e-03   1.2338006e-03   6.9667986e-04
  -6.8220055e-02  -1.2868636e-01   3.9533985e-02   4.9933524e-03   1.5587731e-03   7.0219835e-04
  -7.0673773e-02  -1.0207696e-01   1.7305812e-02   4.3910699e-03   1.0673079e-03  -1.1955158e-04
  -5.8556406e-02  -1.1954219e-01  -3.7168532e-02   3.9257775e-03   2.1929437e-03  -5.7201973e-04
  -9.9642618e-02  -1.1914074e-01  -1.6839865e-02   4.4260454e-03   1.4924354e-03   5.1180845e-05
  -1.0661812e-01  -1.7572064e-01  -8.0722148e-02   4.4549152e-03   2.2549484e-03   7.7734814e-04
  -8.1115770e-02  -1.4814512e-01  -2.3716085e-02   5.0663954e-03   2.3691173e-03   4.8960847e-04
  -8.4438558e-02  -1.6912251e-01  -2.0054196e-01   5.8816311e-03   2.5248146e-03  -6.3031054e-04
  -1.1749656e-01  -1.4287035e-01  -6.3165647e-02   6.7529050e-03   2.3269737e-03   7.1636920e-04
  -1.0982060e-01  -1.3867023e-01  -1.3430299e-01   4.6251669e-03   1.6564027e-03  -1.8917168e-04
  -9.9125131e-02  -2.3283737e-01  -9.9439499e-02   7.2926188e-03   3.7816910e-03   3.9777709e-04
  -1.1910252e-01  -1.1909081e-01  -8.7653997e-02   6.7204464e-03   2.1498908e-03  -6.0792825e-05
  -1.0251740e-01  -1.4862969e-01  -2.7464350e-02   6.7227775e-03   2.2068083e-03   1.3610957e-04
  -9.2984264e-02  -1.7625980e-01  -7.0013004e-02   5.1904841e-03   2.1203187e-03  -2.1770370e-04
  -1.0292215e-01  -1.1863341e-01  -1.8628174e-02   6.8674852e-03   2.1813542e-03   5.8788834e-05
  -1.0482238e-01  -1.4375434e-01  -3.1743003e-02   5.6898054e-03   2.7149637e-03   5.1499479e-04
  -1.2297180e-01  -1.4525130e-01  -6.7154141e-02   6.7523644e-03   1.8692383e-03   4.9372354e-04
  -1.0296199e-01  -1.4842442e-01  -3.2388495e-02   5.6056949e-03   2.0442001e-03   1.0029080e-03
  -1.2312895e-01  -1.9475352e-01  -5.3267405e-02   7.6474952e-03   2.3087740e-03   5.0348534e-04
  -1.0591848e-01  -1.3608480e-01  -4.3243359e-03   6.8614308e-03   1.9033228e-03   1.4679133e-04
  -1.2469112e-01  -1.6393682e-01  -1.1746038e-01   7.6286228e-03   2.8100175e-03   2.4570704e-04
  -1.1234467e-01  -1.6762646e-01  -1.1542725e-01   6.3152010e-03   3.2716760e-03   1.6726214e-04
  -1.4229987e-01  -1.6264955e-01  -1.2928725e-01   8.7045896e-03   2.8346053e-03  -9.0169301e-04
  -2.2452698e-01  -1.4309465e-01  -2.6570269e-01   2.2214826e-03   1.5033886e-03   4.3652467e-04
  -3.1767065e-01  -1.8898127e-01  -3.1661861e-01   1.9584855e-02   3.3223018e-03  -2.9311867e-03
  -2.4638307e-01  -1.7401284e-01  -8.8654616e-02   5.4165027e-03   8.9968900e-03  -9.1577180e-04
  -2.7268605e-01  -1.5309597e-01  -2.2626772e-01   7.3092844e-03   6.1157017e-03   3.5745272e-04
  -2.0985572e-01  -1.3986421e-01  -1.4738167e-01   1.0677700e-02   5.0510956e-03  -3.9724305e-04
  -2.5359667e-01  -2.3035898e-01  -2.2603259e-01   1.1561593e-02   6.0622443e-03  -1.5324141e-03
  -1.6869283e-01  -1.4377894e-01  -1.7766617e-01   9.8965751e-03   5.2094331e-03  -1.2252480e-03
  -2.2062171e-01  -1.4475818e-01  -1.3712861e-01   1.0576498e-02   4.3374507e-03   1.5660852e-04
  -2.1366725e-01  -1.2011416e-01  -1.9151198e-01   1.0943107e-02   5.6178925e-03  -5.3025014e-07
  -2.0308970e-01  -1.6305837e-01  -1.8435265e-01   9.8798324e-03   4.6135009e-03  -1.2275182e-04
  -2.5527347e-01  -1.6099874e-01  -2.4136192e-01   1.2874060e-02   7.1016760e-03  -1.8095772e-03
  -2.1633947e-01  -1.3104699e-01  -1.5727529e-01   1.0671964e-02   5.7325735e-03  -4.8167646e-04
  -2.3167235e-01  -1.1534864e-01   3.7350380e-02   1.4621252e-02   6.0494259e-03   4.0391474e-04
  -2.1363305e-01  -1.3370210e-01   3.1393282e-01  -1.4002733e-04   2.7393859e-03  -4.7384014e-04
  -2.0328047e-01  -1.0282574e-01   3.9207313e-01   7.0710446e-04   2.9331726e-03   7.7131821e-04
  -1.9963482e-01  -1.3460443e-01   3.9051607e-01   7.5550090e-04   2.9824504e-03   8.2185655e-04
  -2.3473224e-01  -2.2337974e-01   1.3233567e-01   3.9554105e-03   4.1917442e-03  -2.4169038e-04
  -2.4049333e-01  -8.8663491e-02   1.2880806e-02   9.5698920e-03   5.1742724e-04  -6.0830847e-04
  -2.2041558e-01  -9.4978795e-02   5.2630922e-02   8.4941746e-03   1.9276675e-03  -5.3110524e-04
  -2.1006144e-01  -7.1558578e-02   5.4045828e-02   8.6214282e-03   3.3862608e-04  -7.5274029e-04
  -2.4677145e-01  -1.0473868e-01   1.0210531e-02   1.2246471e-02   2.3990507e-03  -2.0808800e-03
  -2.1773894e-01  -5.0815639e-02   9.3437612e-03   9.5454304e-03   8.4705593e-04  -4.6982396e-04
  -2.3220175e-01  -5.0950118e-02   5.4493150e-02   1.0038685e-02   1.0678682e-03  -9.4705664e-04
  -2.2009024e-01  -6.5126995e-02   6.9228360e-02   9.8543297e-03   8.5000687e-04  -5.9448596e-06
  -2.1370854e-01  -4.6700338e-02   9.3672176e-02   9.6935180e-03   1.4496997e-03  -2.0286441e-04
  -2.1522246e-01  -5.3663257e-02   9.5405245e-02   9.7157576e-03  -1.1211899e-04  -3.8427864e-04
  -1.8772643e-01  -6.0485666e-02   1.1982737e-01   9.1835006e-03   5.7535741e-04  -7.2073480e-04
  -2.1285083e-01  -1.4704446e-02   1.2764798e-01   1.0278230e-02  -9.2604316e-04  -6.2999924e-04
  -2.0714490e-01  -4.5949215e-02   1.0818968e-01   9.6142886e-03   3.5722730e-04   1.5109975e-04
  -1.8750780e-01  -1.1470427e-02   1.4728256e-01   9.7731070e-03   3.0928518e-04  -4.8834778e-04
  -1.9864606e-01  -2.3676753e-02   1.3151835e-01   9.2444953e-03   4.5605480e-04   9.4656464e-06
  -2.0526119e-01  -4.2103460e-02   1.5524135e-01   8.6008394e-03   4.8442969e-04  -5.2966317e-05
  -1.8635517e-01  -6.1542895e-02   2.1826946e-01   9.6793847e-03   4.9068581e-05  -2.1937960e-04
  -2.3053222e-01   3.0701304e-03   1.6176610e-01   1.0261108e-02   1.0055844e-03  -1.0163263e-03
  -1.8340923e-01  -3.9195513e-02   1.9463452e-01   1.0864558e-02   6.1780865e-04  -8.7343547e-04
  -1.8330540e-01  -2.3397725e-02   1.8742238e-01   1.0928944e-02   8.5452880e-04   2.1633877e-04
  -1.9472475e-01  -1.8980993e-02   2.2554206e-01   1.1132239e-02   6.7303024e-04  -5.9819449e-04
  -1.7900399e-01  -7.9413283e-03   2.5217378e-01   1.0862194e-02   9.5070550e-04  -4.3760404e-04
  -1.9807944e-01  -1.3979307e-02   2.5573737e-01   1.0463047e-02   5.1899375e-04   2.5840620e-04
  -1.9022871e-01  -1.7825574e-02   2.6717432e-01   1.0195990e-02   1.7479293e-04  -2.0575694e-05
  -2.0503167e-01   1.7164092e-02   3.2463683e-01   1.1869818e-02   5.5266808e-04   1.0630283e-04
  -1.7634900e-01   6.8802957e-03   3.1249583e-01   1.1097551e-02   3.3588949e-04  -3.9451444e-04
  -1.7447946e-01  -1.4166903e-03   2.9991333e-01   1.0770796e-02   3.7062590e-04  -5.0878561e-04
  -1.8716446e-01  -2.5462174e-02   2.9451196e-01   1.0447417e-02  -2.1780958e-04  -3.7494603e-04
  -1.5816462e-01   6.9047668e-03   3.2343370e-01   1.0916859e-02  -5.0708231e-04  -7.3886566e-04
  -1.6372518e-01  -4.1599915e-03   2.8789247e-01   1.0390113e-02  -8.0881670e-05  -5.0208179e-04
  -1.7148179e-01  -3.4804985e-03   3.1484311e-01   1.0681981e-02   6.5300846e-07   1.3805343e-04
  -1.6910224e-01   2.3237507e-02   3.5568272e-01   1.0935434e-02  -1.5386317e-04   1.1234217e-05
  -2.0122987e-01  -1.1532812e-01   3.6811628e-01   1.0651092e-02   7.9730727e-05   1.2208762e-03
  -1.6528498e-01   1.0450968e-02   3.6280719e-01   1.0281624e-02  -9.8393932e-06   3.5266608e-05
  -1.4149731e-01  -5.1022290e-03   3.4818508e-01   1.0015405e-02  -4.5949829e-04  -6.5471642e-04
  -1.5559032e-01   1.4769026e-02   3.7451768e-01   9.9765130e-03   3.3289877e-04  -4.1287004e-04
  -1.7155760e-01   5.3314736e-03   4.2749271e-01   1.0778121e-02  -1.9529478e-04  -1.7204449e-04
  -1.5394762e-01   2.9322520e-02   4.2127913e-01   1.0209189e-02  -9.1788372e-04  -5.5026946e-04
  -1.8257295e-01  -2.3018117e-02   4.1259990e-01   9.7749703e-03  -9.9345222e-04   4.4048227e-04
  -1.5686507e-01   3.9794754e-03   4.0876264e-01   1.0033498e-02  -6.4426235e-04  -4.5444800e-04
  -1.6962354e-01   3.6893406e-02   4.4772330e-01   1.1166641e-02  -4.5770414e-04   7.4330252e-05
  -1.8951213e-01   1.6400337e-02   4.4566141e-01   1.0787834e-02  -6.0967321e-04   6.4600593e-05
  -1.9274810e-01   1.7186911e-02   4.2048736e-01   9.7212974e-03  -1.2018311e-03   9.2705605e-04
  -1.5063613e-01   1.3305574e-02   4.4001747e-01   1.0079157e-02  -1.2255544e-03  -5.2804233e-04
  -1.6670182e-01   3.3095165e-02   4.4342081e-01   9.6008073e-03  -1.5535883e-03   7.8018321e-05
  -1.6698792e-01   3.2184092e-02   4.6512253e-01   1.0105395e-02  -1.5470362e-03   2.6280855e-05
  -1.5866969e-01  -3.2554667e-03   4.5383025e-01   9.7913613e-03  -4.0048280e-04  -3.2182925e-04
  -1.6561547e-01   5.7324493e-02   5.0449547e-01   1.0921140e-02  -9.0718085e-04   4.5398595e-04
  -1.3482589e-01   3.0430147e-02   5.0587755e-01   1.0177814e-02  -1.4872634e-03  -5.3914288e-04
  -1.4163687e-01   4.2256331e-02   5.1420570e-01   1.1017323e-02  -1.0649584e-03  -2.8267498e-04
  -1.6823087e-01   2.5238745e-02   5.2559686e-01   9.9656061e-03  -1.4354407e-03   1.1134771e-04
  -1.4729752e-01   3.7593627e-02   5.1059076e-01   9.8897367e-03  -9.5623871e-04  -6.4269505e-04
  -1.5844545e-01   1.8296905e-02   5.1157057e-01   9.6160324e-03  -1.1026560e-03   5.0938317e-04
  -1.4724687e-01   3.9856651e-02   5.0463936e-01   9.5765988e-03  -1.7891989e-03  -4.9627393e-04
  -1.2022337e-01   8.5597766e-04   5.2308067e-01   9.5274462e-03  -1.0589311e-03  -3.5034470e-04
  -1.2722163e-01  -1.1838655e-02   5.1345332e-01   9.1006892e-03  -1.0812390e-03  -8.0106581e-04
  -1.7465920e-01   1.7688677e-02   5.4808490e-01   9.6462489e-03  -7.4722649e-04   7.0664428e-04
  -1.3197165e-01   1.7778707e-02   5.7204719e-01   9.8718620e-03  -6.6693178e-04  -4.0423794e-04
  -1.1474200e-01   2.7633951e-02   5.9636007e-01   1.0109539e-02  -1.2714289e-03  -6.8784585e-04
  -1.1644816e-01   4.1635299e-02   5.6986416e-01   9.2160739e-03  -8.5060377e-04  -4.9970069e-04
  -1.4326173e-01   2.8774257e-02   5.8387870e-01   9.0913847e-03  -8.9718889e-04   3.5460591e-04
  -1.4769391e-01   5.2886866e-02   5.9933042e-01   9.4459698e-03  -7.7920792e-04   1.9693711e-04
  -1.3886200e-01   2.4229486e-02   6.2276678e-01   1.0018412e-02  -9.0331680e-04   1.4327468e-04
  -1.5040837e-01   6.4435911e-03   6.1141102e-01   9.6402346e-03  -2.0652156e-03   2.1415498e-06
  -1.0814042e-01   2.1685739e-02   5.9795481e-01   9.6468935e-03  -7.6728545e-04  -4.6364197e-04
  -1.1785509e-01   3.4482532e-02   6.2455356e-01   9.8952838e-03  -1.8546042e-03  -7.7833781e-04
  -1.3663336e-01   3.1107435e-02   6.2631134e-01   9.5068247e-03  -1.4938197e-03  -6.4454247e-04
  -1.2278663e-01   2.1936446e-02   6.3717947e-01   9.5561461e-03  -1.1372041e-03  -2.0222733e-04
  -1.1666779e-01   8.6075133e-03   6.4592486e-01   9.4797151e-03  -1.5762279e-03  -6.1009364e-04
  -1.4773022e-01   3.5814316e-02   6.7036599e-01   9.7952218e-03  -2.1878402e-03  -3.1948696e-04
  -1.4446380e-01   2.0672264e-02   7.0818068e-01   9.3370101e-03  -9.3507545e-04   1.3852209e-04
  -1.1522246e-01   6.4478497e-02   7.2373048e-01   1.0269162e-02  -1.8295837e-03  -6.3924727e-04
  -1.0850942e-01   6.8361372e-02   7.1554460e-01   1.0034061e-02  -1.2582889e-03  -9.4138694e-04
  -1.1540196e-01  -1.6884095e-03   7.0921665e-01   9.1535742e-03  -1.8669448e-03  -3.1218111e-04
  -1.0457479e-01   5.5065621e-02   7.1941301e-01   9.3320571e-03  -1.6889148e-03  -4.1066951e-04
  -1.3159078e-01   2.7081721e-02   7.6478217e-01   9.6730948e-03  -1.5861708e-03  -5.9274180e-04
  -1.2158143e-01   3.3800397e-02   7.8516596e-01   1.0516975e-02  -1.6024714e-03  -6.5936423e-04
  -1.0481240e-01   4.3771014e-02   7.5987369e-01   9.0327132e-03  -1.7312943e-03  -9.9671124e-04
  -1.1432837e-01   2.8399764e-02   7.6429677e-01   9.2970362e-03  -2.1362305e-03  -8.9533105e-04
  -1.0408874e-01   3.7297368e-02   7.5987310e-01   9.3522025e-03  -1.5514049e-03  -9.7733876e-05
  -1.4011597e-01   4.7395000e-02   7.8667561e-01   9.9260934e-03  -1.9313183e-03  -4.1398802e-04
  -1.4016314e-01   3.6750454e-02   7.9555185e-01   9.5112654e-03  -1.6104172e-03   2.4293148e-04
  -9.5547916e-02   2.7377518e-02   7.9230784e-01   9.3692508e-03  -1.6478334e-03  -1.1775291e-03
  -1.5812660e-01   3.8853644e-02   8.3346416e-01   1.2825712e-02  -9.7719894e-04  -1.8792346e-03
  -1.5319860e-01   7.5544156e-02   7.7612859e-01   1.0784079e-02  -2.6624463e-03  -6.5808960e-04
  -1.1618554e-01   2.7468527e-03   8.0873752e-01   1.0821007e-02  -1.8153282e-03  -9.4384757e-04
  -1.0326348e-01   4.8821997e-02   8.2087224e-01   1.0571119e-02  -1.6182104e-03  -1.2221608e-03
  -1.1244607e-01   7.0193947e-02   8.0115468e-01   9.1506920e-03  -2.1095022e-03  -7.5075409e-04
  -1.0509421e-01   8.3312162e-02   8.4918781e-01   1.0140058e-02  -2.4872441e-03  -5.4217300e-04
  -1.0924411e-01   4.8173905e-02   8.6458479e-01   1.0420417e-02  -2.0689761e-03  -6.1908329e-04
  -1.2089511e-01   8.6130827e-02   8.3909109e-01   9.4591925e-03  -3.1939422e-03  -6.3464956e-04
  -1.4040953e-01   2.4478377e-02   8.2662828e-01   9.0809397e-03  -2.8861668e-03  -1.0552255e-04
  -1.0079850e-01   5.7558426e-02   8.4742365e-01   9.5918655e-03  -2.6225901e-03  -8.9610082e-04
  -1.2944433e-01   6.8743890e-02   8.3475322e-01   9.3862418e-03  -2.2961807e-03  -4.2924565e-05
  -1.0605724e-01   6.3581037e-02   8.4256309e-01   8.8956024e-03  -2.4683141e-03  -5.5542866e-04
  -1.2181508e-01   4.0788506e-02   8.4717980e-01   9.0314785e-03  -2.3665841e-03   1.5245286e-05
  -1.3770902e-01   3.5790797e-02   8.7582730e-01   8.7905932e-03  -2.7811967e-03  -1.3840557e-04
  -1.2225657e-01   5.4659609e-02   8.8290714e-01   9.6482177e-03  -2.4388007e-03  -8.6351883e-04
  -1.2608754e-01   5.9744336e-02   9.0267538e-01   9.6105550e-03  -2.2257246e-03  -2.4487236e-05
  -1.1391405e-01   6.1115648e-02   8.9672997e-01   9.7081530e-03  -1.8770584e-03  -2.3414622e-04
  -1.1827634e-01   4.3086282e-02   9.0267665e-01   9.1609858e-03  -2.7904000e-03  -3.3195708e-04
  -1.4702921e-01   7.5823585e-02   8.9654456e-01   9.0928139e-03  -2.2448841e-03   4.1869374e-04
  -1.2301193e-01   4.2718006e-02   8.9562449e-01   9.6358444e-03  -2.3872313e-03  -1.1235927e-04
  -1.2011541e-01   6.3101214e-02   9.0291965e-01   9.0122893e-03  -2.1212871e-03  -2.2563577e-04
  -1.2793666e-01   4.9289460e-02   9.4828004e-01   9.3505452e-03  -2.4716429e-03   4.2694856e-05
  -1.1243760e-01   5.4047818e-02   9.2042640e-01   8.2196343e-03  -3.0393419e-03  -7.2337270e-04
  -1.0100692e-01   5.5622422e-02   9.6223752e-01   9.7349969e-03  -2.3134036e-03  -7.5796893e-04
  -1.1344354e-01   4.8688543e-02   9.5062938e-01   9.1440781e-03  -2.7306381e-03  -1.7725099e-04
  -1.1068551e-01   7.7804416e-02   9.8703802e-01   9.3830440e-03  -2.0953772e-03  -6.6724392e-04
  -8.9202802e-02   7.9378449e-02   1.0124037e+00   9.6453768e-03  -2.1528295e-03  -8.7208869e-04
  -1.5464640e-01   5.9800719e-02   9.9024308e-01   9.0978751e-03  -1.4075301e-03   4.9043990e-04
  -1.1114737e-01   8.5172926e-02   1.0263338e+00   9.1159329e-03  -2.9560399e-03  -5.3949117e-04
  -1.2526766e-01   3.7885391e-02   1.0216471e+00   9.1890296e-03  -2.9183632e-03  -4.1591949e-04
  -1.3393728e-01   7.4636073e-02   1.0438559e+00   9.2658950e-03  -3.2179940e-03   3.6148105e-05
  -1.0786506e-01   6.3944060e-02   1.0490543e+00   9.1272941e-03  -2.5219483e-03  -9.0285753e-04
  -9.0469472e-02   8.8467557e-02   1.0381595e+00   8.3495810e-03  -3.0467908e-03  -7.4954517e-04
  -1.2335478e-01   8.0470939e-02   1.0707537e+00   9.7492717e-03  -3.2243897e-03  -5.0518774e-04
  -1.2477629e-01   8.3738102e-02   1.0662915e+00   8.8332662e-03  -2.3189619e-03  -2.6031658e-04
  -8.5874820e-02   6.7789440e-02   1.0870753e+00   9.5617758e-03  -1.9326685e-03  -1.0464812e-03
  -1.3159251e-01   5.4957247e-02   1.0647029e+00   8.8124199e-03  -3.1642452e-03   2.0088833e-04
  -1.1654408e-01   4.7114293e-02   1.0988919e+00   9.2988694e-03  -2.3106619e-03  -2.1195836e-04
  -1.0826493e-01   7.6075237e-02   1.1093458e+00   8.8659573e-03  -2.0503466e-03  -4.8289097e-04
  -8.6249912e-02   7.3589650e-02   1.1076556e+00   8.9595401e-03  -2.0757245e-03  -8.6665837e-04
  -1.0443442e-01   7.3177344e-02   1.1036780e+00   9.0172810e-03  -1.7035846e-03  -3.0671780e-04
  -1.2698091e-01   7.8252583e-02   1.0948008e+00   8.8192799e-03  -2.0248980e-03  -2.3254169e-04
  -1.1487885e-01   6.6337797e-02   1.1338303e+00   8.6899885e-03  -2.7252030e-03  -6.0096376e-04
  -1.0749523e-01   7.0063439e-02   1.1071712e+00   8.1601817e-03  -2.5032353e-03  -4.7737904e-05
  -9.1943450e-02   8.0257762e-02   1.1452404e+00   8.5763714e-03  -2.3311956e-03  -7.1807597e-04
  -1.1362991e-01   6.8176169e-02   1.1723545e+00   9.0036103e-03  -3.1669203e-03  -6.8045096e-04
  -1.1082207e-01   8.2706874e-02   1.1801711e+00   9.2532578e-03  -2.6337548e-03  -1.1804968e-04
  -7.8744295e-02   6.8031314e-02   1.1732376e+00   8.4490311e-03  -2.5045687e-03  -7.1568667e-04
  -9.3578474e-02   6.8838792e-02   1.1767432e+00   8.5499057e-03  -3.0586808e-03  -8.3690037e-04
  -9.8883030e-02   7.7057209e-02   1.1988506e+00   9.1140641e-03  -1.8910861e-03   1.1959516e-04
  -8.8509321e-02   8.8733033e-02   1.1934228e+00   8.8504091e-03  -2.2098540e-03  -8.0667968e-04
  -1.2196304e-01   8.1532188e-02   1.1912121e+00   8.6035447e-03  -3.0320784e-03  -1.6594299e-04
  -8.9897458e-02   6.6978020e-02   1.2017931e+00   8.1564629e-03  -1.9233606e-03  -5.0914724e-04
  -9.2029745e-02   7.2151167e-02   1.2480939e+00   9.9113023e-03  -2.0123364e-03  -3.4280110e-04
  -1.1515207e-01   7.3004632e-02   1.2293908e+00   8.5133229e-03  -2.6661148e-03  -3.7729913e-04
  -9.6913957e-02   8.0759070e-02   1.2631602e+00   9.3013624e-03  -3.5050703e-03  -1.2454429e-03
  -1.0576297e-01   6.5033262e-02   1.2588079e+00   8.7900947e-03  -3.3820684e-03  -5.0435329e-04
  -9.4676883e-02   5.2354635e-02   1.2681659e+00   8.5118980e-03  -2.5902539e-03  -1.0136213e-03
  -9.0032104e-02   7.8089050e-02   1.2530939e+00   8.1430485e-03  -1.6914779e-03  -6.3563378e-04
  -1.0249687e-01   7.2577262e-02   1.2644552e+00   8.4271517e-03  -2.6958110e-03  -2.1150285e-04
  -1.0150594e-01   8.8408441e-02   1.3015819e+00   9.0637778e-03  -2.6046807e-03  -3.6787455e-04
  -1.1032558e-01   9.1582313e-02   1.3059179e+00   8.8855763e-03  -2.1166364e-03   7.5276218e-05
  -6.9004663e-02   1.0724381e-01   1.3219302e+00   8.8181039e-03  -2.1676814e-03  -1.4586426e-03
  -9.8349398e-02   9.2389637e-02   1.3536306e+00   9.0055191e-03  -2.5122906e-03  -4.6627136e-04
  -1.2471477e-01   6.2232596e-02   1.3145218e+00   8.0768139e-03  -3.0868567e-03   5.1184030e-04
  -7.8054064e-02   6.0354836e-02   1.3465016e+00   8.6974607e-03  -2.5190868e-03  -9.1802639e-04
  -9.8919817e-02   7.9910145e-02   1.3516316e+00   7.5731456e-03  -2.6493516e-03  -2.4149668e-04
  -1.1302905e-01   6.0451042e-02   1.3607080e+00   7.9853698e-03  -2.9454533e-03  -3.6778268e-04
  -9.1690191e-02   7.2812092e-02   1.4028336e+00   9.5781944e-03  -2.5660395e-03  -7.0648133e-04
  -7.7311725e-02   5.2490653e-02   1.3860072e+00   8.5114237e-03  -3.0931393e-03  -1.1534282e-03
  -8.4435605e-02   9.0788639e-02   1.4427377e+00   9.4679882e-03  -2.4438238e-03  -5.2574572e-04
  -8.0161194e-02   7.9656493e-02   1.4397937e+00   8.8622306e-03  -3.0294361e-03  -1.0414575e-03
  -8.1089978e-02   8.8657559e-02   1.4486803e+00   9.1575130e-03  -2.8402274e-03  -4.5908903e-04
  -8.8806145e-02   8.6966570e-02   1.4416283e+00   8.7790495e-03  -2.8717520e-03  -5.1431025e-04
  -8.5413226e-02   9.0945219e-02   1.4694886e+00   9.0024852e-03  -3.3367499e-03  -1.4403325e-03
  -7.9639301e-02   6.9183515e-02   1.4841442e+00   8.8638640e-03  -2.1092748e-03  -4.2460687e-04
  -7.2701890e-02   9.0727250e-02   1.5074529e+00   9.2827552e-03  -2.9841526e-03  -7.7511769e-04
  -8.8674808e-02   1.6145135e-01   1.5003171e+00   9.3116424e-03  -3.0769050e-03   1.4088846e-04
  -5.9956993e-02   6.8401016e-02   1.4816311e+00   8.3999413e-03  -2.6414837e-03  -1.0338347e-03
  -1.2044242e-01   7.8346017e-02   1.4952271e+00   8.2513890e-03  -2.8992764e-03   5.3828212e-04
  -9.4640189e-02   8.7560575e-02   1.5253208e+00   9.4013264e-03  -2.5162802e-03  -4.9876391e-04
  -1.2163675e-01   6.6539873e-02   1.5097452e+00   8.2300208e-03  -3.1753490e-03   2.1898103e-04
  -7.5928838e-02   1.0686621e-01   1.5151889e+00   8.4022266e-03  -2.5881469e-03  -2.0508507e-04
  -6.8714673e-02   8.5419098e-02   1.5675606e+00   8.9613801e-03  -2.9007837e-03  -7.8807251e-04
  -7.8482489e-02   8.8992190e-02   1.5956847e+00   9.8037370e-03  -3.0046104e-03  -2.4972104e-04
  -6.3975587e-02   1.0611142e-01   1.5751956e+00   9.1114818e-03  -2.8249708e-03  -6.3453080e-04
  -9.3258403e-02   9.4390702e-02   1.6115766e+00   9.2532168e-03  -2.8394018e-03  -3.3794270e-05
  -8.9201103e-02   8.9155486e-02   1.5846659e+00   8.1443473e-03  -2.3135606e-03   5.6973048e-04
  -1.0613598e-01   9.9601991e-02   1.6064849e+00   8.8857415e-03  -2.4963213e-03   3.5002522e-04
  -8.2296257e-02   8.2268780e-02   1.5850814e+00   8.1697624e-03  -2.7548975e-03  -5.3601612e-04
  -7.7667813e-02   1.3323647e-01   1.6339688e+00   8.9816418e-03  -2.7919767e-03  -8.9301413e-04
  -9.7614716e-02   1.1884633e-01   1.6308857e+00   8.6028099e-03  -3.0512523e-03   7.9868152e-06
  -8.5498892e-02   8.7055418e-02   1.6289655e+00   8.3689610e-03  -2.8211405e-03  -3.6356258e-04
  -6.6148156e-02   1.0882233e-01   1.6622245e+00   8.7252669e-03  -2.1952857e-03  -8.7580679e-04
  -6.9282681e-02   1.2373241e-01   1.6662592e+00   8.8590998e-03  -3.0530364e-03  -4.5961847e-04
  -5.6807826e-02   1.1587451e-01   1.6899917e+00   8.6774387e-03  -2.9464697e-03  -6.4554611e-04
  -6.1780110e-02   1.3764392e-01   1.6922242e+00   8.4742168e-03  -2.8170350e-03  -6.5265043e-04
  -7.5681930e-02   1.0503600e-01   1.6979883e+00   8.7726940e-03  -2.3168527e-03   1.1754735e-04
  -6.1144361e-02   1.2625727e-01   1.6894283e+00   8.3701977e-03  -3.3670182e-03  -1.3980419e-03
  -5.8135669e-02   1.1987794e-01   1.7310291e+00   8.9051520e-03  -2.8385421e-03  -2.8758064e-04
  -6.8506303e-02   1.4213003e-01   1.7616533e+00   9.2804315e-03  -2.8428406e-03  -3.3078588e-05
  -5.9784569e-02   1.3746433e-01   1.7560831e+00   9.1225583e-03  -2.1220955e-03  -3.3589851e-04
  -7.7687252e-02   1.2185340e-01   1.7554153e+00   8.9469557e-03  -2.9060029e-03  -6.6586275e-04
  -6.2337725e-02   1.1515390e-01   1.7537198e+00   8.4214956e-03  -3.4668805e-03  -6.5822579e-04
  -8.2943651e-02   1.3263152e-01   1.7698757e+00   8.1914887e-03  -3.1894794e-03  -2.7875655e-05
  -6.0754060e-02   1.4575443e-01   1.7683254e+00   8.4798944e-03  -2.7986595e-03  -6.7414125e-04
  -5.3875353e-02   1.4654269e-01   1.7890147e+00   8.3226423e-03  -2.8649332e-03  -7.4296052e-04
  -8.4048173e-02   1.3523657e-01   1.8089290e+00   8.6670290e-03  -3.0250472e-03  -2.6179640e-04
  -7.1909870e-02   1.2011892e-01   1.8078282e+00   8.9296503e-03  -2.6807339e-03  -8.1537460e-05
  -5.4263139e-02   1.6245438e-01   1.8311021e+00   9.4636609e-03  -3.0557803e-03  -6.8946990e-04
  -8.6548645e-02   1.3545993e-01   1.8339018e+00   8.9446996e-03  -3.4588097e-03  -3.4444366e-04
  -8.5971742e-02   1.5080560e-01   1.8311986e+00   7.8267231e-03  -3.0359182e-03  -1.2509456e-04
  -8.0588260e-02   1.3322565e-01   1.8571223e+00   8.7167181e-03  -3.0759338e-03  -7.1605758e-04
  -8.0546170e-02   1.3572664e-01   1.8682634e+00   8.7022491e-03  -3.2144347e-03  -9.0299207e-05
  -6.9186790e-02   1.5227495e-01   1.8895673e+00   9.0997402e-03  -3.3682290e-03  -6.1422943e-04
  -3.2456582e-02   1.5388025e-01   1.8939421e+00   8.9370167e-03  -2.5219279e-03  -1.5183017e-03
  -6.2665231e-02   1.6232969e-01   1.9399200e+00   9.9326685e-03  -2.6686907e-03  -9.0820000e-04
  -4.8452281e-02   1.6146577e-01   1.9340984e+00   9.1592376e-03  -2.6369384e-03  -1.0639005e-03
  -6.4427616e-02   1.6918335e-01   1.9302689e+00   8.3800638e-03  -2.6188791e-03  -6.5164595e-04
  -7.9494225e-02   1.4025519e-01   1.9229753e+00   8.3990473e-03  -2.7746351e-03  -2.5787687e-04
  -6.7899551e-02   1.5938196e-01   1.9435146e+00   8.8786327e-03  -2.8903249e-03  -8.4157603e-06
  -5.3503732e-02   1.5013312e-01   1.9595883e+00   8.9209814e-03  -2.5645201e-03  -5.2172299e-04
  -4.9550442e-02   1.6605221e-01   1.9804299e+00   8.7179855e-03  -1.7847707e-03  -6.8318939e-04
  -5.8569115e-02   1.6790858e-01   1.9775964e+00   8.6875905e-03  -3.1481307e-03  -9.5924964e-04
  -5.3009596e-02   1.5870124e-01   1.9734647e+00   8.2674979e-03  -2.4308000e-03  -1.0742447e-04
  -7.4388682e-02   1.5491582e-01   2.0066122e+00   8.9121184e-03  -2.1609201e-03   1.7402817e-04
  -3.8323255e-02   1.6346902e-01   2.0295229e+00   9.6160504e-03  -2.5999154e-03  -7.1412971e-04
  -1.6754468e-01   1.4423297e-01   1.9423809e+00   8.1523190e-03  -2.8059170e-03   8.5423341e-04
  -6.6111985e-02   1.2951102e-01   1.9833999e+00   7.9435486e-03  -2.5148432e-03  -5.5903074e-04
  -5.4693244e-02   1.5626045e-01   2.0162569e+00   8.3345031e-03  -2.6745156e-03  -7.8480076e-04
  -9.5778299e-02   2.0213271e-01   2.0419790e+00   8.8953621e-03  -3.1924285e-03  -2.5487479e-04
  -8.6628909e-02   1.6502500e-01   2.0408538e+00   8.1687303e-03  -3.3369696e-03   7.0096102e-05
  -7.7806315e-02   1.5520282e-01   2.0655134e+00   8.6377465e-03  -3.0677637e-03  -4.1422638e-04
  -6.7462415e-02   1.3921657e-01   2.0822054e+00   9.1847817e-03  -2.9161487e-03  -6.6013126e-04
  -6.5329705e-02   1.6825427e-01   2.0756126e+00   9.7393826e-03  -2.7367796e-03  -5.7548376e-04
  -6.2563690e-02   1.6546871e-01   2.0922078e+00   8.6405129e-03  -2.9894132e-03  -6.2640743e-04
  -5.9072643e-02   1.4924313e-01   2.1039250e+00   8.4090890e-03  -3.1956516e-03  -6.6248169e-04
  -4.7794502e-02   1.9047477e-01   2.1158073e+00   8.6423302e-03  -2.7028657e-03  -1.3194108e-04
  -6.6146744e-02   1.8256570e-01   2.1229851e+00   8.8720576e-03  -2.0683261e-03   1.2259452e-04
  -5.3825731e-02   1.9612790e-01   2.1642845e+00   9.4834058e-03  -3.1097567e-03  -4.1574866e-04
  -6.0880131e-02   2.0294730e-01   2.1449446e+00   8.4932108e-03  -2.1848710e-03   1.3822305e-04
  -4.5568806e-02   1.8087509e-01   2.1418039e+00   8.8538300e-03  -2.1799292e-03  -3.8408707e-04
  -7.8227566e-02   2.0562065e-01   2.1646115e+00   8.9505216e-03  -3.2073954e-03  -5.9767574e-04
  -6.5637952e-02   2.0486451e-01   2.1942454e+00   9.5786828e-03  -2.9694329e-03  -3.3173281e-04
  -6.1639718e-02   1.6765991e-01   2.2075044e+00   8.7489857e-03  -2.2573569e-03  -1.6741296e-04
  -4.6826575e-02   2.1177704e-01   2.1935009e+00   8.6336112e-03  -2.4924980e-03  -4.1465593e-04
  -6.5968392e-02   2.1414530e-01   2.2343299e+00   9.3679790e-03  -3.0830790e-03  -3.8598526e-04
  -6.0509982e-02   1.9914015e-01   2.2401339e+00   9.3767298e-03  -2.5989184e-03  -2.3103433e-04
  -9.0614545e-02   1.9052778e-01   2.2115793e+00   8.1235538e-03  -3.0299551e-03   4.6578704e-04
  -6.8159223e-02   2.0312350e-01   2.2480753e+00   8.6975566e-03  -2.7885750e-03  -4.9516175e-05
  -6.0522187e-02   2.0247962e-01   2.2843492e+00   9.2124908e-03  -2.6210142e-03  -1.3769459e-05
  -6.8202920e-02   1.9677734e-01   2.2568145e+00   8.3286160e-03  -2.7834008e-03   4.4607736e-04
  -7.4175988e-02   1.9346242e-01   2.2995952e+00   8.7437385e-03  -2.9016557e-03  -5.6106727e-05
  -6.7519363e-02   2.1525281e-01   2.3018841e+00   8.9727265e-03  -2.0941462e-03   5.6203175e-04
  -3.0533554e-02   1.9449685e-01   2.2986658e+00   8.4055798e-03  -3.0024458e-03  -8.7297405e-04
  -6.4544222e-02   2.2389812e-01   2.3290023e+00   9.2541193e-03  -2.7985018e-03  -3.9613479e-04
  -8.4082226e-02   1.9752660e-01   2.3073646e+00   8.3308753e-03  -2.4067640e-03   5.9995102e-04
  -4.7509172e-02   2.1109363e-01   2.3174079e+00   8.3898678e-03  -2.4001701e-03  -1.2069908e-03
  -6.7249146e-02   2.1536465e-01   2.3650162e+00   9.1530878e-03  -2.7629816e-03   6.3125085e-05
  -5.4110412e-02   2.0798688e-01   2.3838872e+00   9.2392625e-03  -2.1850067e-03   9.0889436e-05
  -6.9370036e-02   2.1185577e-01   2.3712553e+00   8.6684817e-03  -3.8097881e-03  -6.2413700e-04
  -6.0340089e-02   2.2098229e-01   2.3743629e+00   8.2962022e-03  -2.7383588e-03  -4.5741484e-04
  -4.4896389e-02   2.0510811e-01   2.4131984e+00   9.2373683e-03  -2.2307651e-03  -5.3730455e-04
  -5.9910996e-02   2.1377670e-01   2.4139690e+00   8.6342352e-03  -3.0889350e-03  -1.4196304e-04
  -2.8671357e-02   2.1855793e-01   2.4288683e+00   9.1394701e-03  -2.0966281e-03  -8.1877116e-04
  -3.1285893e-02   2.0974533e-01   2.4245277e+00   8.3149371e-03  -2.2613964e-03  -4.4142367e-04
  -5.1821123e-02   2.3313703e-01   2.4417502e+00   9.2535099e-03  -2.8153772e-03  -5.1239561e-04
  -6.3118426e-02   2.2613970e-01   2.4444207e+00   8.5209354e-03  -2.7447265e-03  -2.0737490e-04
  -2.8225629e-02   2.2098460e-01   2.4309295e+00   8.1114147e-03  -2.2662082e-03  -4.0078773e-04
  -3.4890599e-02   2.0268155e-01   2.4546064e+00   8.4214793e-03  -1.9263980e-03  -1.9742502e-04
  -4.0074424e-02   2.1332983e-01   2.4741422e+00   8.2995149e-03  -1.9773252e-03  -9.5996885e-05
  -6.1514009e-02   2.2574008e-01   2.4948665e+00   8.6543335e-03  -3.1440622e-03   2.7172017e-05
  -2.4059063e-02   2.4094046e-01   2.5042035e+00   8.6204431e-03  -2.7744457e-03  -6.2060938e-04
  -4.9556003e-02   2.3469587e-01   2.5223251e+00   8.4767214e-03  -2.5063251e-03  -3.9590368e-04
  -4.7787500e-02   2.2490483e-01   2.5545155e+00   9.0744859e-03  -2.4963549e-03  -1.8346365e-04
  -6.3812567e-02   2.0908810e-01   2.5158141e+00   8.2206997e-03  -2.9377860e-03   4.5198636e-04
  -4.7963544e-02   2.2543469e-01   2.5424583e+00   8.5680206e-03  -2.9354301e-03  -1.8879564e-04
  -4.3688208e-02   2.4486024e-01   2.5419578e+00   8.4853389e-03  -3.0445717e-03  -9.3343402e-04
  -4.8012796e-02   2.5081690e-01   2.5638361e+00   8.4564953e-03  -2.7846907e-03  -5.5760123e-04
  -4.3283030e-02   2.3082147e-01   2.5748717e+00   8.6502608e-03  -3.0521425e-03  -3.0782401e-04
  -7.3626400e-02   2.4119183e-01   2.6017669e+00   9.0890703e-03  -3.1932130e-03  -1.5641929e-04
  -5.9470206e-02   2.3743869e-01   2.6157663e+00   8.6495802e-03  -2.9222842e-03  -5.6537509e-04
  -4.6858115e-02   2.4344865e-01   2.6159029e+00   8.6721336e-03  -2.8678093e-03  -4.4521239e-04
  -3.1538237e-02   2.3669168e-01   2.6345866e+00   8.5531695e-03  -2.3710135e-03  -1.0330736e-04
  -1.2259572e-02   2.6078729e-01   2.6284850e+00   8.8550259e-03  -1.3325010e-03  -4.8991568e-04
  -4.5304140e-02   2.5006108e-01   2.6469343e+00   8.4633131e-03  -2.6945501e-03   8.5654516e-07
  -2.9426799e-02   2.5752297e-01   2.6643609e+00   9.1587857e-03  -2.3120903e-03  -3.4107791e-04
  -2.5186790e-02   2.5957816e-01   2.6608401e+00   9.0183931e-03  -2.6065554e-03  -7.1186577e-04
  -5.0242538e-02   2.5816429e-01   2.6719213e+00   8.8167360e-03  -3.1979090e-03  -4.1339503e-04
  -2.9423552e-02   2.5842358e-01   2.6702675e+00   8.3692355e-03  -2.4758083e-03  -1.2611435e-05
  -3.1343389e-02   2.6650334e-01   2.6911426e+00   8.4463105e-03  -3.3247223e-03  -6.5138874e-04
  -4.5636379e-02   2.8495504e-01   2.7223552e+00   8.7060048e-03  -2.9838601e-03  -5.7265816e-04
  -2.9559669e-02   2.8045053e-01   2.7378867e+00   9.2318967e-03  -2.8086513e-03   7.0349689e-05
  -4.9021849e-02   2.6792528e-01   2.7304549e+00   9.0143468e-03  -2.2314145e-03  -3.3259030e-04
  -2.6093886e-02   2.7750751e-01   2.7660004e+00   9.2976844e-03  -2.1556073e-03  -8.5644813e-04
  -6.3322786e-02   2.6883288e-01   2.7607515e+00   8.6833807e-03  -2.7460566e-03   1.5672594e-04
  -4.2273456e-02   2.6432547e-01   2.7982254e+00   9.4030642e-03  -1.7192922e-03   7.0007946e-05
  -4.7492460e-02   2.6458212e-01   2.8071622e+00   9.2111172e-03  -3.1368270e-03  -9.3778942e-05
  -2.6535167e-02   2.4968907e-01   2.8183435e+00   9.4726291e-03  -2.5547634e-03  -3.4121987e-04
  -3.3730901e-02   2.8404139e-01   2.8123036e+00   8.3997804e-03  -2.6329978e-03  -6.3995460e-04
  -4.3475970e-02   2.8748998e-01   2.8367302e+00   8.8687743e-03  -2.6945570e-03  -5.9955209e-05
  -4.5653361e-02   2.9706979e-01   2.8655343e+00   8.9889324e-03  -1.9218863e-03  -3.0694920e-04
  -3.8311835e-02   2.8032096e-01   2.8847212e+00   9.1041278e-03  -2.4487936e-03  -8.9840617e-04
  -3.2366322e-02   2.7920130e-01   2.8418441e+00   8.7004748e-03  -2.5728121e-03  -5.4016061e-04
  -3.9911606e-02   3.2705566e-01   2.8727084e+00   9.5781018e-03  -2.4504625e-03  -2.3286216e-04
  -2.2609286e-02   2.8091227e-01   2.8874253e+00   9.4909396e-03  -1.9092392e-03  -8.7698652e-04
  -3.1303139e-02   2.9495798e-01   2.8808040e+00   8.6969388e-03  -2.1282147e-03  -4.5020568e-04
  -4.4940595e-02   2.9649531e-01   2.8917000e+00   9.2865356e-03  -1.9745610e-03   1.1202685e-04
  -2.1902453e-02   3.0011573e-01   2.9456755e+00   9.9573691e-03  -2.1291711e-03  -3.1987281e-04
  -3.5770432e-02   3.0262339e-01   2.9547040e+00   9.6521464e-03  -1.5199810e-03   1.7102036e-04
  -2.3514236e-02   2.9099568e-01   2.9476540e+00   9.6360396e-03  -2.4473853e-03  -6.9803056e-04
  -1.4438316e-02   2.9425052e-01   2.9221788e+00   8.4743443e-03  -2.2400702e-03  -7.7095078e-04
  -2.7062947e-02   2.9375869e-01   2.9360642e+00   8.6444961e-03  -2.4377461e-03  -7.2506995e-04
  -4.9458796e-02   3.3513991e-01   2.9690034e+00   9.0670573e-03  -2.3295548e-03  -1.1693339e-04
  -4.0427097e-02   2.9742965e-01   2.9758934e+00   9.0177649e-03  -3.3843895e-03  -1.5308522e-04
  -3.3201353e-02   3.2422216e-01   2.9949489e+00   9.6067239e-03  -2.2093615e-03  -1.4726140e-04
  -2.4519721e-02   3.0030577e-01   2.9901763e+00   8.2995214e-03  -3.4191917e-03  -1.0042098e-03
  -3.2240674e-02   3.2126727e-01   2.9718506e+00   8.4106682e-03  -2.9409839e-03  -4.4359639e-04
  -3.1528284e-02   3.0831998e-01   3.0233582e+00   8.7695276e-03  -1.9203273e-03  -4.0426449e-04
  -1.7622981e-02   2.9488491e-01   3.0116280e+00   8.1415359e-03  -2.0988773e-03  -2.6321335e-04
  -3.8959627e-02   3.0798422e-01   3.0700546e+00   9.8873003e-03  -2.2353322e-03  -3.6091612e-04
  -2.5030499e-02   2.9003540e-01   3.0817788e+00   9.6345335e-03  -2.2511236e-03  -4.9102077e-04
  -2.4822969e-02   3.1308653e-01   3.0329482e+00   8.5282945e-03  -1.7530290e-03  -2.8406523e-04
  -2.1840030e-02   3.3563562e-01   3.0689190e+00   9.1282232e-03  -2.8422063e-03  -9.7161969e-04
  -5.5153202e-02   2.9282182e-01   3.0745769e+00   8.7055120e-03  -2.0243958e-03   2.7802304e-04
   4.8665980e-03   3.0013993e-01   3.0869915e+00   8.4892003e-03  -1.8960035e-03  -6.6579976e-04
  -5.4268635e-02   3.3272878e-01   3.0912796e+00   8.0784219e-03  -2.5349593e-03   6.1343882e-04
  -6.2270404e-02   3.1513005e-01   3.1060848e+00   8.5732155e-03  -1.9738511e-03   9.7740557e-05
  -3.7598384e-02   3.1071841e-01   3.1178430e+00   9.3470765e-03  -1.8427572e-03  -1.4203376e-05
  -3.0704620e-02   3.1233370e-01   3.1207431e+00   9.1624486e-03  -2.8652018e-03  -3.2542384e-04
  -3.8036135e-02   3.2343788e-01   3.1941153e+00   9.2784853e-03  -1.7282073e-03   1.8185718e-04
  -1.9652624e-02   3.3176617e-01   3.2160309e+00   1.0147996e-02  -2.5156228e-03  -7.7648003e-04
  -4.0379895e-02   3.1180858e-01   3.1993454e+00   9.3338401e-03  -2.4288147e-03  -2.6843528e-04
  -3.8243053e-02   3.2526762e-01   3.2396412e+00   9.8949505e-03  -2.5706781e-03  -3.4446445e-05
  -1.4428105e-02   3.2057795e-01   3.2185784e+00   9.2140588e-03  -2.0372562e-03  -4.3652163e-04
  -5.0622426e-02   3.2084774e-01   3.2227135e+00   8.7654065e-03  -2.8633554e-03  -2.6634362e-04
  -2.1074167e-02   3.6243506e-01   3.2801951e+00   9.6444512e-03  -1.8811056e-03  -5.7629328e-05
  -4.3659915e-02   3.5059062e-01   3.2651407e+00   9.4085210e-03  -2.1801625e-03  -1.3033673e-04
  -3.2204679e-02   3.3261443e-01   3.2849603e+00   9.6714373e-03  -2.1125457e-03  -2.1801689e-04
  -9.5648192e-03   3.6257976e-01   3.2838942e+00   9.4151699e-03  -1.5699456e-03  -4.7483639e-04
  -2.4788465e-02   3.2365625e-01   3.2642734e+00   8.8459721e-03  -2.5603363e-03  -3.1506647e-04
  -1.7497032e-02   3.7381589e-01   3.2981902e+00   9.3278446e-03  -2.4596138e-03  -7.4762282e-04
  -1.3372870e-02   3.2914049e-01   3.2920257e+00   8.8633149e-03  -2.0076086e-03  -4.8273047e-04
  -2.0514737e-02   3.5288048e-01   3.2918400e+00   8.9676850e-03  -2.1634715e-03  -3.3304153e-04
  -4.2999565e-02   3.3039544e-01   3.2822452e+00   8.1711187e-03  -2.2987983e-03  -3.1477096e-04
  -3.6490122e-02   3.5682209e-01   3.2927601e+00   8.7232740e-03  -2.5624835e-03  -6.4618713e-04
  -4.2537901e-02   3.5332700e-01   3.3195268e+00   8.3902612e-03  -2.5780060e-03  -5.8087749e-05
  -1.8721829e-02   2.9932269e-01   3.2646359e+00   7.2261970e-03  -2.0765251e-03  -5.5302432e-04
  -4.1699818e-02   3.7266116e-01   3.3255932e+00   8.2102973e-03  -2.5700226e-03  -9.2575842e-04
  -3.4217580e-02   3.5119370e-01   3.3599871e+00   9.1053344e-03  -1.7637862e-03  -5.8420373e-04
  -3.9809981e-02   3.4704555e-01   3.3946733e+00   8.9917096e-03  -2.3121930e-03  -6.4472423e-05
  -1.6618536e-02   3.5651034e-01   3.3438292e+00   7.7762870e-03  -2.0976574e-03  -5.9573441e-04
  -9.8261995e-03   3.2629745e-01   3.3594034e+00   9.6746257e-03  -1.5494274e-03  -2.5696696e-03
  -4.6850406e-02   3.7055580e-01   3.3830765e+00   9.5193545e-03  -1.7807142e-03  -4.2063497e-04
  -6.5298920e-02   3.6831546e-01   3.3889304e+00   9.3344379e-03  -2.3562182e-03   9.2101410e-05
  -6.2695648e-02   3.4857125e-01   3.3929197e+00   8.8255189e-03  -2.1645493e-03  -5.9040519e-04
  -7.4613787e-02   3.3606598e-01   3.3829146e+00   9.0486759e-03  -2.0370880e-03  -8.9787095e-04
  -8.8774539e-02   3.1757184e-01   3.3777440e+00   8.7138425e-03  -2.5177250e-03   1.0081148e-04
  -6.2009700e-02   3.4981785e-01   3.3799182e+00   9.0714567e-03  -2.5125966e-03  -3.0900566e-04
  -6.5817566e-02   3.6634221e-01   3.4155281e+00   8.8937342e-03  -2.2965744e-03   3.9102762e-04
  -8.4439828e-02   3.6333486e-01   3.4083651e+00   8.7747914e-03  -3.2289791e-03  -9.6205177e-05
  -6.6720113e-02   3.4625082e-01   3.3818798e+00   8.3551941e-03  -2.4490235e-03  -8.1256315e-05
  -1.0191898e-01   3.5343632e-01   3.3966039e+00   8.9758789e-03  -2.9628541e-03   8.2888469e-05
  -6.8447934e-02   3.4204550e-01   3.4035841e+00   9.6609494e-03  -3.0440725e-03  -1.2481828e-03
  -7.8969332e-02   3.5033734e-01   3.4368113e+00   9.1140267e-03  -4.0012268e-03  -5.7411532e-04
  -7.0191841e-02   3.4204116e-01   3.4332234e+00   9.9451985e-03  -3.0057496e-03  -8.4878792e-04
  -8.0024805e-02   3.5218546e-01   3.4374214e+00   9.2865555e-03  -3.7761740e-03  -7.3153603e-04
  -7.2954036e-02   3.3683588e-01   3.4746627e+00   9.3435137e-03  -3.8307909e-03  -5.3667613e-04
  -7.6348611e-02   3.6348895e-01   3.5116434e+00   9.6743428e-03  -3.2896482e-03  -5.9572105e-05
  -6.1574598e-02   3.6392164e-01   3.5163570e+00   9.9627694e-03  -3.0628459e-03  -4.5148809e-04
  -3.9285294e-02   3.6736181e-01   3.5065874e+00   9.1334183e-03  -3.4565455e-03  -3.5773940e-04
  -7.4537817e-02   3.9737057e-01   3.5258024e+00   9.7431208e-03  -3.4028631e-03  -6.0868642e-04
  -5.5139552e-02   3.8927831e-01   3.5129665e+00   9.0988251e-03  -2.8769431e-03  -1.0755563e-04
  -4.8436196e-02   3.3848637e-01   3.5096518e+00   8.7730050e-03  -3.9823146e-03  -6.9326824e-04
  -7.0659957e-02   3.8255195e-01   3.5787926e+00   1.0123380e-02  -3.5343299e-03  -4.2663778e-04
  -5.6697579e-02   3.6344504e-01   3.5603350e+00   9.4445074e-03  -3.0372089e-03  -3.2041111e-04
  -1.0169929e-01   3.7120309e-01   3.5570872e+00   9.0948574e-03  -3.3772694e-03   2.8107744e-04
  -5.4794227e-02   3.7242381e-01   3.5973110e+00   1.0461906e-02  -3.3375759e-03  -2.2211452e-04
  -5.5832846e-02   3.8089013e-01   3.5932054e+00   8.9899718e-03  -3.3437787e-03  -3.4417042e-04
  -5.2187094e-02   3.7594289e-01   3.6327225e+00   1.0252632e-02  -3.6681279e-03  -4.5596435e-04
  -6.1030980e-02   4.0754645e-01   3.6549267e+00   1.0680773e-02  -3.7643947e-03  -7.2797535e-05
  -6.1622361e-02   4.1294809e-01   3.6468907e+00   1.0275147e-02  -3.4371181e-03  -4.4225143e-04
  -4.8355684e-02   4.0286876e-01   3.6664398e+00   1.0390630e-02  -3.4135386e-03   2.7777644e-04
  -5.9513399e-02   3.8387617e-01   3.6505846e+00   9.9536741e-03  -3.5575484e-03  -4.8825698e-04
  -5.6301180e-02   3.9192346e-01   3.6858666e+00   1.0090855e-02  -3.3371282e-03  -7.0719294e-04
  -5.3250801e-02   3.8753374e-01   3.6651925e+00   9.2728021e-03  -3.0312184e-03   1.1454246e-04
  -3.5121260e-02   4.4153470e-01   3.7039442e+00   9.8319917e-03  -3.8207943e-03  -6.3624370e-04
  -5.1267319e-02   4.2425947e-01   3.7183018e+00   1.0009677e-02  -3.3125502e-03   2.0565498e-05
  -4.0647736e-02   4.2677607e-01   3.7227559e+00   1.0198528e-02  -3.6213010e-03  -2.6748076e-04
  -3.8259965e-02   4.2081395e-01   3.7062044e+00   9.8883182e-03  -3.8320383e-03  -6.9739836e-04
  -6.2551673e-02   4.1530198e-01   3.7024571e+00   9.3726493e-03  -3.0091562e-03  -1.6951229e-04
  -6.8322784e-02   3.9844849e-01   3.7402155e+00   9.7601820e-03  -3.7666780e-03   1.5524364e-05
  -3.1717837e-02   4.4328516e-01   3.7549340e+00   1.0023173e-02  -3.4481290e-03  -6.3988996e-04
  -4.4347114e-02   4.2326215e-01   3.7740295e+00   1.0400691e-02  -2.5770749e-03   2.2659106e-04
  -4.5560983e-02   4.4589321e-01   3.7814611e+00   1.0237816e-02  -2.9368090e-03   1.3095737e-04
  -4.2155993e-02   4.5603412e-01   3.8210496e+00   1.0588768e-02  -3.6221123e-03  -8.1204368e-04
  -5.7959352e-02   4.4776802e-01   3.8261232e+00   9.6662914e-03  -3.5677095e-03  -1.9023545e-04
  -5.1631853e-02   4.4502873e-01   3.8735915e+00   1.0628391e-02  -3.1610033e-03   3.5337674e-04
  -4.2497233e-02   4.5933774e-01   3.8542637e+00   9.5241589e-03  -3.3038610e-03  -2.0818746e-04
  -3.3323625e-02   4.4136621e-01   3.8833171e+00   1.0727077e-02  -2.9361171e-03  -2.4093939e-04
  -4.8997253e-02   4.4683280e-01   3.8714563e+00   1.0101168e-02  -3.4168351e-03  -3.5755140e-04
  -2.7586595e-02   4.5243266e-01   3.9062021e+00   1.0764790e-02  -2.5135133e-03  -2.6649452e-04
  -3.8641944e-02   4.7212441e-01   3.9281264e+00   1.1099118e-02  -2.7499853e-03  -4.9340614e-04
  -2.7773255e-02   4.4402136e-01   3.8728348e+00   9.6324860e-03  -2.8331969e-03  -2.4189181e-04
  -1.8401928e-02   4.5739743e-01   3.9359652e+00   1.0743048e-02  -3.5892619e-03  -1.1392466e-03
  -2.8400546e-02   4.4521799e-01   3.9058586e+00   1.0218659e-02  -2.3627955e-03  -3.0721411e-04
  -3.5916719e-02   4.6930970e-01   3.9438399e+00   1.0136291e-02  -3.4047815e-03  -6.1724587e-04
  -2.2272336e-02   4.5718000e-01   3.9344347e+00   1.0052019e-02  -2.9324910e-03  -7.8440674e-04
  -2.4613946e-02   4.8122818e-01   3.9548834e+00   1.0205636e-02  -3.1870925e-03  -4.8205638e-04
  -4.7399421e-02   4.7974677e-01   3.9836198e+00   1.1134315e-02  -3.4522782e-03  -2.5628094e-04
  -9.2255057e-02   3.4714287e-01   4.0031528e+00   1.1275212e-02  -3.2290077e-03   2.1087361e-03
  -7.0825966e-03   4.4339978e-01   3.9694439e+00   9.5421864e-03  -2.5835047e-03  -2.2085195e-04
  -4.1356708e-02   4.6375329e-01   3.9875232e+00   1.0612578e-02  -2.6884183e-03  -6.6221000e-05
  -2.1919722e-02   4.4876435e-01   4.0105313e+00   1.0339591e-02  -2.1245960e-03  -8.4599360e-05
  -3.2128204e-02   4.4903125e-01   4.0448143e+00   1.0809670e-02  -2.6435974e-03  -7.1963354e-05
  -2.6599856e-02   4.8207028e-01   4.0439851e+00   1.0562699e-02  -2.9965511e-03  -4.2499856e-04
  -4.5559859e-02   4.4566024e-01   4.0387871e+00   9.8862540e-03  -2.7952674e-03  -3.5716163e-04
  -5.1396694e-03   4.5422180e-01   4.0612928e+00   1.0682182e-02  -2.8943615e-03  -9.5572101e-04
  -3.7030984e-02   4.4532943e-01   4.0332800e+00   9.8345598e-03  -3.0943492e-03  -7.4261310e-04
  -5.8328752e-03   4.5791456e-01   4.0406583e+00   9.7437546e-03  -2.5556592e-03  -1.2047091e-03
  -2.9992713e-02   4.6091547e-01   4.0694230e+00   9.9319436e-03  -2.9661439e-03   2.7148959e-06
  -2.3309767e-02   4.6046810e-01   4.0416661e+00   9.2433725e-03  -2.9124964e-03  -4.3522912e-04
  -4.1155996e-02   4.7158684e-01   4.1006682e+00   1.0512920e-02  -2.4660924e-03  -3.5155709e-04
  -2.7992304e-02   4.4093847e-01   4.0637348e+00   8.9609499e-03  -2.9880123e-03  -7.2433667e-04
  -4.5954668e-02   4.9775636e-01   4.1077396e+00   9.9020307e-03  -2.0905146e-03  -1.0566553e-04
  -2.7617937e-02   4.7172644e-01   4.1185427e+00   9.9411989e-03  -1.9514567e-03  -6.0335898e-04
  -6.4717218e-02   4.4168936e-01   4.1216255e+00   9.8958018e-03  -2.1638956e-03   9.5109043e-05
  -5.3742816e-02   4.2442221e-01   4.1024064e+00   8.7780120e-03  -2.9714716e-03  -5.8440113e-04
  -4.7351567e-02   4.2764124e-01   4.1151929e+00   9.2266760e-03  -2.2791404e-03  -7.5845163e-04
  -7.3463440e-02   4.2953600e-01   4.1379379e+00   9.6205213e-03  -2.4296835e-03  -7.8273116e-04
  -7.8442942e-02   4.3747716e-01   4.1402398e+00   9.5283713e-03  -2.2374636e-03  -6.3395434e-04
  -1.2497610e-01   4.0010146e-01   3.9635747e+00   9.3400866e-03  -2.4556364e-03  -9.0179579e-05
  -7.2336624e-02   4.4222941e-01   4.0826142e+00   1.2381417e-02  -1.6920249e-03   5.6247728e-05
  -8.7395354e-02   4.4824588e-01   4.0282360e+00   1.3386855e-02  -1.7333537e-03  -3.7612320e-04
  -4.8469102e-02   4.5525829e-01   4.0678148e+00   1.2815090e-02  -1.8376389e-03  -6.9235454e-04
  -6.0009474e-02   4.4211781e-01   4.0707674e+00   1.2682369e-02  -2.0069865e-03  -4.5630007e-04
  -3.1910877e-02   4.3680342e-01   4.0856612e+00   1.2970924e-02  -1.2952068e-03  -9.4154871e-04
  -2.4440187e-02   5.0078673e-01   4.0970745e+00   1.2117234e-02  -1.3849685e-03  -1.4849461e-03
  -4.3298956e-02   4.6694487e-01   4.0919439e+00   1.2766595e-02  -2.0544574e-03  -1.2147689e-03
  -4.1900568e-02   4.4772272e-01   4.1419183e+00   1.2782895e-02  -1.5483854e-03  -9.9027941e-04
  -6.2443457e-02   4.4549558e-01   4.1378293e+00   1.3401689e-02  -1.9421759e-03  -3.2472701e-04
  -5.5114012e-02   4.3939972e-01   4.1985554e+00   1.3893290e-02  -2.0781572e-03  -2.4681177e-04
  -5.0853675e-02   4.6665516e-01   4.1475756e+00   1.2502336e-02  -2.0044931e-03  -2.7740680e-04
  -4.3334519e-02   4.5072698e-01   4.1735833e+00   1.2634321e-02  -1.7437090e-03  -4.3080471e-04
  -3.9137407e-02   4.4241342e-01   4.1718849e+00   1.2761050e-02  -1.6270007e-03  -1.2044389e-04
   1.4650783e-03   4.6977794e-01   4.1959233e+00   1.2730818e-02  -1.0297323e-03  -1.3376831e-03
  -3.7214857e-02   4.6970411e-01   4.2226634e+00   1.2554386e-02  -2.0399494e-03  -9.3888845e-04
  -5.3216852e-02   4.7301759e-01   4.2452310e+00   1.3776408e-02  -2.0461012e-03  -4.6711778e-04
  -5.5950266e-02   4.8354361e-01   4.2590015e+00   1.3384350e-02  -1.8525220e-03  -3.5633511e-04
  -2.6199537e-02   4.8434865e-01   4.2871570e+00   1.3529520e-02  -1.2752984e-03  -1.7278375e-04
  -1.8269754e-02   4.5400876e-01   4.2978672e+00   1.2714060e-02  -1.6322384e-03  -4.1142281e-04
  -3.9412202e-02   4.5732997e-01   4.2823892e+00   1.2850492e-02  -1.5480700e-03  -5.1263097e-04
  -1.4931014e-02   5.0640964e-01   4.3254377e+00   1.3421910e-02  -1.6063267e-03  -6.9412936e-04
  -2.1267159e-02   5.0848492e-01   4.3240007e+00   1.3570069e-02  -6.2249629e-04  -1.1371035e-05
  -3.5515037e-02   4.7412008e-01   4.3229849e+00   1.3458499e-02  -1.0002725e-03  -2.9137518e-04
  -4.3831466e-02   4.6901093e-01   4.3190637e+00   1.2402123e-02  -1.2512490e-03   1.2199990e-04
  -2.4658015e-02   4.9409165e-01   4.3411867e+00   1.3577097e-02  -8.5004655e-04   4.0547171e-05
  -4.8660808e-03   4.9104628e-01   4.3576505e+00   1.3678832e-02  -4.9801317e-04  -1.5685750e-04
  -2.2923666e-02   4.9548432e-01   4.3522950e+00   1.2765201e-02  -1.0825497e-03  -4.9118975e-04
  -2.1486498e-02   4.7627303e-01   4.3764029e+00   1.3509208e-02  -8.9914236e-04  -2.9561044e-04
  -3.4747933e-02   5.0861506e-01   4.3891335e+00   1.3634255e-02  -1.2639145e-03  -2.1612818e-04
  -2.8109235e-02   4.7596816e-01   4.4215035e+00   1.3695778e-02  -1.7585881e-03  -6.6679129e-04
  -3.3279312e-03   4.9908207e-01   4.4243611e+00   1.3234960e-02  -1.4566562e-03  -4.6470696e-04
  -3.7876538e-02   5.2165072e-01   4.4339902e+00   1.3186274e-02  -1.7320566e-03  -5.7736599e-04
  -4.1174201e-02   5.2096420e-01   4.4535613e+00   1.3888618e-02  -1.4367800e-03   1.1094392e-04
  -1.9415399e-02   5.1990529e-01   4.4544677e+00   1.3349267e-02  -1.3998519e-03  -8.6159562e-04
  -3.4900719e-02   4.8640028e-01   4.4396295e+00   1.2993669e-02  -1.3377110e-03  -1.4945111e-04
  -1.0375420e-02   4.6570869e-01   4.4542670e+00   1.2353108e-02  -1.5666438e-03  -3.2015848e-04
  -8.5836579e-04   4.8732230e-01   4.4876919e+00   1.2555567e-02  -1.1863144e-03  -9.3357598e-04
  -2.0237824e-02   5.0665415e-01   4.5037442e+00   1.2988657e-02  -1.6545458e-03  -6.6826703e-04
  -3.2416641e-02   5.2331141e-01   4.5181107e+00   1.3016106e-02  -7.3530917e-04   1.6446119e-04
  -2.8097474e-02   5.6270742e-01   4.5059507e+00   1.2890460e-02  -1.2613852e-03  -8.4122644e-05
  -1.3286246e-02   5.5248012e-01   4.5328121e+00   1.3232589e-02  -5.4266922e-04  -2.5852698e-04
  -7.5526294e-03   5.2287671e-01   4.5273262e+00   1.2743135e-02  -1.0947468e-03  -5.3544832e-04
  -4.7801337e-02   5.1947785e-01   4.5536282e+00   1.2338510e-02  -1.3564546e-03   4.1510353e-04
  -8.1097545e-03   4.9400155e-01   4.5933061e+00   1.3416657e-02  -5.0371566e-04  -2.1440644e-04
  -2.8331468e-02   5.3010608e-01   4.5938222e+00   1.3052153e-02  -1.2424736e-03  -1.1998912e-04
  -1.5271837e-02   5.3632240e-01   4.6195641e+00   1.3700893e-02  -1.6851963e-03  -5.0805268e-04
  -1.0596030e-02   5.2551379e-01   4.5847144e+00   1.2392054e-02  -8.8411516e-04  -2.9257637e-04
  -8.3055005e-02   3.5539691e-01   4.6053897e+00   1.3095584e-02  -1.8124757e-03   1.9485497e-03
  -1.8923540e-03   5.3943581e-01   4.6062712e+00   1.2578451e-02  -1.2271393e-03  -3.8451631e-04
  -1.9576426e-02   5.5961795e-01   4.6566749e+00   1.3454350e-02  -1.6432498e-03  -8.3704629e-05
   3.7803106e-03   5.6057506e-01   4.6182207e+00   1.2324385e-02  -5.8086688e-04  -4.4905544e-04
   1.9323503e-02   5.4770659e-01   4.6187895e+00   1.2784385e-02  -1.0184337e-03  -1.0196225e-03
   9.0090744e-04   5.3698593e-01   4.6421896e+00   1.2462352e-02  -1.1197534e-03  -2.8903810e-04
  -1.1878413e-02   5.3256202e-01   4.6834761e+00   1.3157659e-02  -1.0497881e-03  -5.7211616e-05
  -3.1431800e-03   5.3434090e-01   4.6976539e+00   1.2576126e-02  -1.3301240e-03  -5.5607944e-04
  -3.8164110e-03   5.4758308e-01   4.6947452e+00   1.2472771e-02  -1.5291991e-03  -5.4337050e-04
  -1.0822635e-02   5.5016658e-01   4.6849280e+00   1.2414663e-02  -1.2818148e-03   1.8368044e-04
  -1.3446010e-02   5.5989399e-01   4.7024113e+00   1.3261491e-02  -1.0248008e-03  -5.8431665e-04
  -1.7178251e-02   5.6733516e-01   4.7201348e+00   1.3265485e-02  -1.1275159e-03  -3.8164066e-04
   7.5847833e-03   5.3538395e-01   4.7281002e+00   1.3179415e-02  -2.7045576e-04   7.0764878e-05
  -8.7152004e-03   5.6611716e-01   4.7282885e+00   1.2739681e-02  -1.2496991e-03  -2.1615510e-04
  -6.4645664e-03   5.5081265e-01   4.7627958e+00   1.3553609e-02  -1.4096269e-03  -3.6408566e-04
  -6.2257796e-03   5.6457561e-01   4.7648817e+00   1.2900808e-02  -1.1212316e-03  -3.8357344e-04
  -2.0110083e-02   6.0155473e-01   4.7687888e+00   1.2967973e-02  -1.6023673e-03  -2.5924036e-05
  -7.9649616e-03   5.6880801e-01   4.7639240e+00   1.2631660e-02  -8.8219095e-04  -2.0563991e-04
   6.3644782e-03   5.3021061e-01   4.7695184e+00   1.2305639e-02  -8.9003753e-04  -1.9791335e-04
  -9.6505897e-03   5.4822190e-01   4.7710696e+00   1.2722740e-02  -1.3339579e-03  -7.1326753e-04
   6.6464891e-04   5.4826841e-01   4.7725924e+00   1.2517374e-02  -1.1611294e-03  -5.6743145e-04
  -6.8880343e-03   5.6664474e-01   4.8273107e+00   1.2726927e-02  -1.6839144e-03  -2.1451436e-04
  -1.2749007e-03   5.6482058e-01   4.8238279e+00   1.2688724e-02  -9.9537906e-04  -6.2966112e-04
  -2.9782927e-03   5.6232263e-01   4.8435003e+00   1.2873753e-02  -1.0593246e-03  -7.6428839e-04
   9.9300173e-03   5.6068036e-01   4.8457931e+00   1.3417520e-02  -4.9181734e-04  -5.2296937e-04
  -1.0581438e-02   5.4950102e-01   4.8581295e+00   1.2869491e-02  -1.0831061e-03  -4.2275603e-04
  -1.1996804e-02   5.5649283e-01   4.8591098e+00   1.2619924e-02  -1.0421388e-03  -3.6659485e-04
  -1.8463964e-02   5.6173512e-01   4.8584010e+00   1.2640992e-02  -9.2342631e-04  -2.2052455e-05
   4.5945484e-03   5.7531684e-01   4.8448950e+00   1.1843485e-02  -7.6204278e-04  -7.2504654e-05
  -3.7537576e-03   5.9434605e-01   4.8672403e+00   1.2586543e-02  -7.3181643e-04  -5.5632531e-04
  -2.9459652e-03   5.7903398e-01   4.9173022e+00   1.3163145e-02  -1.1899206e-03  -5.9766757e-04
  -2.0908081e-02   5.8588055e-01   4.8963113e+00   1.2551068e-02  -1.5653981e-03  -4.0968269e-04
  -3.1786238e-02   5.7694611e-01   4.8951191e+00   1.2463774e-02  -9.9928059e-04   3.5780772e-04
  -7.8776907e-03   5.7360527e-01   4.9145533e+00   1.2699861e-02  -1.0820367e-03  -3.2244990e-04
  -6.9463199e-02   5.9244849e-01   4.8562543e+00   1.2575120e-02  -6.6874724e-04  -7.6007585e-04
  -3.4011406e-02   5.6410372e-01   4.8845840e+00   1.2924595e-02  -1.3926966e-03   6.0767172e-04
   1.9667461e-03   5.6439872e-01   4.9038419e+00   1.2967729e-02  -4.9417376e-04  -5.3580381e-04
  -1.5600977e-02   5.7585577e-01   4.9196510e+00   1.2957832e-02  -1.2152591e-03   3.3388124e-04
   1.2608640e-02   5.8464036e-01   4.9659194e+00   1.3512038e-02  -1.5153678e-03  -1.0656456e-03
   4.2615043e-03   5.7748569e-01   4.9447517e+00   1.2643684e-02  -1.0207965e-03  -5.8816519e-04
  -1.9230300e-02   5.8211201e-01   4.9665722e+00   1.2827357e-02  -1.6956268e-03  -2.0424751e-04
   3.8837870e-03   5.8698292e-01   4.9581490e+00   1.2582076e-02  -1.2131510e-03  -2.9147794e-04
  -1.5936975e-03   5.8199164e-01   4.9787614e+00   1.3118641e-02  -1.2447708e-03  -3.1346543e-04
   4.2257835e-03   5.8241556e-01   5.0019456e+00   1.3536832e-02  -7.0276147e-04  -2.7718542e-04
  -2.8812914e-02   5.6997864e-01   5.0048995e+00   1.3008773e-02  -9.5927394e-04   4.9649394e-04
   6.3898603e-03   5.8083139e-01   4.9890781e+00   1.2763097e-02  -1.7562287e-03  -5.2884661e-04
   1.1358126e-02   5.8769016e-01   4.9998742e+00   1.2846935e-02  -1.3393177e-03  -5.6520663e-04
   4.0096365e-03   5.8535545e-01   4.9762843e+00   1.1626578e-02  -1.4805993e-03  -4.8829133e-04
  -1.8882829e-02   5.9933037e-01   5.0271557e+00   1.2953038e-02  -1.7074573e-03  -3.3343586e-04
   9.0157173e-03   5.9825258e-01   5.0025311e+00   1.2488968e-02  -7.7412644e-04  -7.4073963e-04
   1.8001253e-02   5.8576853e-01   5.0606254e+00   1.3480647e-02  -6.1263934e-04  -5.9742049e-04
   2.3722865e-02   5.8113385e-01   5.0423545e+00   1.2350537e-02  -1.5101813e-03  -7.3868606e-04
  -6.5755851e-03   6.1563431e-01   5.0596273e+00   1.3399592e-02  -2.5977617e-04   3.2423071e-04
   5.4833635e-03   5.8831445e-01   5.0599827e+00   1.2933243e-02  -3.8230641e-04  -1.3539308e-04
  -2.9828774e-03   6.1635430e-01   5.0951957e+00   1.3223871e-02  -1.0511984e-03   7.6373047e-04
  -1.4839335e-02   6.3240131e-01   5.0821425e+00   1.3398155e-02  -1.6890185e-03  -1.3281954e-05
   2.7923238e-03   6.1734885e-01   5.1092134e+00   1.3375522e-02  -1.6427011e-03  -7.5323019e-04
   1.1826846e-02   6.1455207e-01   5.0973069e+00   1.2846603e-02  -5.4398943e-04  -4.0862289e-04
   4.8921449e-02   6.0524003e-01   5.1170081e+00   1.2982489e-02  -7.1142280e-04  -1.2555205e-03
  -3.9818730e-03   6.2906647e-01   5.1063343e+00   1.2339081e-02  -1.5470376e-03  -4.9654569e-04
   3.2970832e-02   6.2733134e-01   5.1257400e+00   1.3000145e-02  -6.9862605e-04  -8.0539831e-04
   3.8352098e-02   6.3680382e-01   5.1625761e+00   1.3595556e-02  -7.0760755e-04  -7.2881941e-04
  -1.1779517e-02   6.0650335e-01   5.0614540e+00   1.1022598e-02  -1.6196845e-03  -3.5361079e-04
   6.1088506e-02   6.8883330e-01   4.8138199e+00   1.7547994e-02   2.3555983e-04  -1.5934905e-03
   8.1347147e-02   6.9797154e-01   4.6948221e+00   1.8398853e-02   2.8877100e-03  -1.8636301e-03
   1.0971624e-01   6.2900702e-01   3.9894992e+00   2.0690635e-02   3.2224597e-03  -2.5966140e-03
   1.2898923e-01   8.2595779e-01   4.8552987e+00   2.3152044e-02   2.3460664e-03  -3.5210059e-03
   1.3528876e-01   8.0114614e-01   4.8469669e+00   2.0703079e-02   3.4797312e-03  -2.6910779e-03
   9.4794418e-02   7.7801866e-01   4.8621413e+00   2.0520384e-02   1.9098155e-03  -2.9586179e-03
   1.0738664e-01   7.6327238e-01   4.8113139e+00   1.9856268e-02   1.9319199e-03  -2.6927163e-03
   1.2697586e-01   7.6916946e-01   4.7282117e+00   2.0653827e-02   2.5681921e-03  -2.9897055e-03
   1.1850341e-01   7.4702550e-01   4.5114148e+00   2.1473689e-02   3.6972317e-03  -3.0204679e-03
   1.3639633e-01   7.5581470e-01   4.5224350e+00   2.1137535e-02   3.3017198e-03  -3.2988266e-03
   1.1908944e-01   7.7097713e-01   4.6358926e+00   2.0436425e-02   3.4060329e-03  -2.6355818e-03
   1.2925364e-01   7.6666878e-01   4.5756915e+00   2.1350880e-02   4.0279695e-03  -2.7145704e-03
   1.2950117e-01   7.4234410e-01   4.6708564e+00   2.1484721e-02   2.6646854e-03  -3.2172617e-03
   1.3244061e-01   7.4565420e-01   4.6216333e+00   2.1171509e-02   3.9001394e-03  -3.3409758e-03
   1.0882567e-01   7.6400575e-01   4.6711716e+00   2.0742367e-02   3.6997490e-03  -1.9577504e-03
   1.3879207e-01   7.7958725e-01   4.5989001e+00   2.0492854e-02   4.0124851e-03  -2.5139936e-03
   1.3045235e-01   7.5152770e-01   4.5687195e+00   1.9618021e-02   4.1587971e-03  -2.1876107e-03
   1.1309492e-01   8.1195586e-01   4.6142487e+00   2.2330968e-02   2.6659903e-03  -2.7837774e-03
   1.4011228e-01   7.6139138e-01   4.6201287e+00   1.9308772e-02   3.8014370e-03  -2.6293720e-03
   1.3003125e-01   7.9795073e-01   4.6877350e+00   2.1739101e-02   3.2952307e-03  -3.0382874e-03
   1.2619666e-01   7.8381711e-01   4.6816185e+00   2.0748879e-02   3.8779775e-03  -2.2260614e-03
   1.1456443e-01   7.3630178e-01   4.4941269e+00   1.8955969e-02   4.4132040e-03  -1.9381221e-03
   1.2704999e-01   7.6746747e-01   4.7307444e+00   2.1988401e-02   3.5812405e-03  -2.2257632e-03
   1.2147193e-01   7.5673980e-01   4.7464488e+00   2.0247092e-02   3.4171806e-03  -2.5847422e-03
   1.3275070e-01   7.7238591e-01   4.8365046e+00   2.0536173e-02   3.3532041e-03  -3.1691497e-03
   1.3090321e-01   7.5969576e-01   4.6476142e+00   1.9201108e-02   4.9991495e-03  -2.3164119e-03
