   0.0000000e+00   1.4210855e-14   0.0000000e+00   0.0000000e+00   0.0000000e+00   0.0000000e+00
  -2.7721232e-02  -3.9778433e-03   5.8565126e-04   1.5108475e-03  -4.2741389e-04   2.7517627e-04
  -4.7968206e-02   1.3041755e-02   7.3155407e-03   1.2916864e-03   2.0226033e-04   9.9745250e-04
  -1.4663326e-02   1.7321284e-02   3.4253388e-02   1.4785292e-03  -1.7558645e-04   6.7330996e-04
  -2.8341217e-02   1.5642160e-02   4.9969008e-02   1.3586742e-03  -7.5517148e-05   5.6876727e-04
  -3.0179672e-02   1.9169045e-02   3.2925721e-02   1.1583806e-03   1.1929062e-04   9.2924292e-04
  -2.9948614e-02  -3.8274312e-03   5.7224603e-02   1.8793983e-03  -3.1638367e-05   9.8902811e-04
  -2.3157729e-02  -8.4518933e-03  -9.2874946e-02   4.2237159e-04   6.6952647e-04   3.0357085e-04
  -5.5017201e-02  -2.1501665e-02  -7.2982051e-02   1.7444776e-03  -4.9721632e-04   7.0875382e-04
   3.7860036e-02   5.3676076e-02  -7.3431900e-03   4.4775014e-03   1.9697903e-05  -2.3290522e-03
  -3.9013165e-02  -6.7752451e-02  -1.0444094e-01   1.1457026e-03  -8.9078746e-04   2.3102930e-04
  -3.0129081e-02  -8.6266733e-02  -1.4352242e-01   8.2965659e-04   8.8362148e-05  -1.1190608e-04
  -6.8975800e-02  -6.6510450e-02  -8.9615265e-02   2.4605544e-03  -5.7479060e-04   7.7803505e-04
  -6.0394228e-02  -7.3843058e-02  -1.5964158e-01   4.0537505e-04  -4.0866062e-04   6.4276284e-04
  -5.8825404e-02  -5.3560900e-02  -7.8916495e-02   2.5281117e-03   2.3552589e-04   6.8999882e-04
  -6.4977287e-02  -7.8810848e-02  -1.1550103e-01   2.3247386e-03   1.0509869e-03   1.5168874e-03
  -9.1583254e-02  -9.0031159e-02  -2.4330905e-01  -9.5862213e-05  -1.8241239e-04   1.1725931e-03
  -8.9258008e-02  -1.1781307e-01  -2.2568684e-01   1.1572378e-03  -6.8237462e-04   5.8354762e-04
  -6.8145564e-02  -6.5773689e-02  -2.3968417e-01   8.2698349e-04  -1.8206104e-04   6.9677807e-04
  -8.2620018e-02  -9.7151584e-02  -2.4726970e-01   1.7336009e-03  -5.9166923e-04   4.6949368e-04
  -8.1183181e-02  -1.0697093e-01  -3.1829237e-01  -4.1272370e-05  -2.7207311e-04   7.5825140e-04
  -1.0068670e-01  -1.0240963e-01  -2.2458431e-01   1.5830186e-03  -2.6830438e-04   6.0215246e-04
  -6.8787999e-02  -7.9898930e-02  -2.3718143e-01   7.4661435e-04   2.3969325e-04   1.5407924e-04
  -8.7936570e-02  -1.0596524e-01  -2.4729948e-01   1.2529048e-03  -5.3503878e-04  -1.9235458e-05
  -1.0686192e-01  -1.4426747e-01  -2.8338862e-01   9.1942688e-04   4.5122568e-04   8.5476270e-04
  -1.0368502e-01  -1.1727243e-01  -2.7866462e-01   2.2233870e-03  -2.3876849e-04   7.6029895e-04
  -1.0892537e-01  -1.5240658e-01  -3.3679727e-01   6.1456453e-04  -3.0618051e-04   6.8146428e-04
  -1.1122210e-01  -1.6297473e-01  -4.1431250e-01   6.7951562e-04   6.3133490e-06   9.5374851e-04
  -1.1839638e-01  -1.4795287e-01  -5.0489348e-01   5.2637842e-04  -2.0492557e-04   7.7754453e-04
  -1.1090385e-01  -1.8789034e-01  -5.0087734e-01   9.6593941e-04  -4.5736859e-04   6.9113902e-04
  -1.0987390e-01  -2.0405545e-01  -5.8927706e-01  -4.3272663e-04  -1.2716774e-03   1.0749789e-04
  -1.3905571e-01  -2.2891931e-01  -6.5148996e-01  -2.4781706e-04  -4.3766420e-04   1.6568058e-03
  -1.2980148e-01  -2.2656789e-01  -6.1819542e-01   6.2315218e-04  -3.4173825e-04   9.1476345e-04
  -1.3180765e-01  -2.0777103e-01  -5.9834591e-01   6.7684056e-04  -5.3097252e-04   7.9366018e-04
  -1.2650825e-01  -2.2244431e-01  -6.3679961e-01  -1.7861823e-04  -3.7019111e-04   7.9647321e-04
  -1.2912295e-01  -2.2675165e-01  -5.9688548e-01   8.3767181e-04  -1.0495405e-03   6.0887552e-04
  -1.1904855e-01  -2.5329071e-01  -7.2185807e-01  -1.0313406e-04  -7.5664162e-04   6.8940703e-04
  -1.2122928e-01  -3.0254795e-01  -6.9256602e-01   8.8413747e-04  -1.7878060e-03  -8.2635952e-04
  -8.9157924e-02  -2.3581908e-01  -7.3176210e-01  -3.7403962e-04  -6.2811488e-04  -9.1424211e-05
  -1.0559564e-01  -2.4314758e-01  -6.5770113e-01   1.2216370e-03  -2.2642422e-04   5.5801125e-04
  -1.3562324e-01  -2.1799465e-01  -6.3809308e-01   1.4099500e-03  -8.2552176e-04   9.3161693e-04
  -1.2745173e-01  -2.4580815e-01  -6.4707226e-01   1.3784530e-03  -1.0352403e-03   6.9267119e-04
  -1.2965028e-01  -2.2245982e-01  -6.6496281e-01   9.3436939e-04  -6.7840097e-04   9.2998643e-04
  -1.5805030e-01  -2.4531540e-01  -7.1638446e-01   1.5210290e-04  -8.6060309e-04   1.1410594e-03
  -1.2763959e-01  -2.7818648e-01  -7.5198019e-01   8.0062652e-04  -8.0985953e-04   5.2810358e-04
  -1.0670416e-01  -2.6751501e-01  -7.6762108e-01  -3.9677153e-05  -8.4462465e-04   2.8432913e-04
  -1.3854887e-01  -2.7752407e-01  -7.7860816e-01   3.2896298e-04  -8.7065677e-04   6.9362460e-04
  -1.1871893e-01  -2.8694660e-01  -8.4540488e-01  -1.2386603e-03  -9.6361850e-04   6.9693521e-04
  -1.1902579e-01  -2.8605331e-01  -8.2586886e-01  -1.8358947e-04  -8.1852917e-04   2.5982013e-04
  -1.4615697e-01  -2.4818732e-01  -8.9951010e-01  -1.2389378e-03  -8.9317960e-04   1.0250209e-03
  -1.0655889e-01  -2.9940624e-01  -8.1389613e-01   2.6920386e-04  -3.7584151e-04  -1.1261476e-04
  -1.5384132e-01  -2.8183020e-01  -7.8926136e-01   4.8468110e-05  -1.4245235e-03   1.0168081e-03
  -2.6748250e-01  -5.1175239e-01  -8.7285631e-01  -2.6047172e-03  -7.1512546e-04   3.4187857e-03
  -1.7044425e-01  -3.0607468e-01  -8.5234126e-01  -6.1799347e-04  -8.7775742e-04   7.9568940e-04
  -1.5451287e-01  -3.0111610e-01  -8.0988203e-01   4.7033540e-04  -5.7426840e-04   6.6588719e-04
  -1.4052467e-01  -2.7528417e-01  -7.7352437e-01   3.5426671e-04  -2.8954948e-04   8.7400268e-04
  -1.5064234e-01  -2.9795659e-01  -7.0619930e-01   1.9434492e-03  -7.0705603e-04   1.2605359e-03
  -1.8450130e-01  -3.0540341e-01  -7.9361773e-01  -9.9088555e-04  -4.7586695e-04   1.5453547e-03
  -1.4318359e-01  -3.0931805e-01  -7.7139236e-01  -5.1859428e-04  -8.6901350e-04   6.6157548e-04
  -1.5913733e-01  -3.1315703e-01  -7.8796374e-01   2.6220980e-04  -5.2477052e-04   7.9264960e-04
  -1.5485976e-01  -3.2447212e-01  -8.5336668e-01  -5.2753068e-04  -7.1119769e-04   1.0452055e-03
  -1.1131893e-01  -3.4260402e-01  -8.7637698e-01   9.5533429e-05  -2.4756508e-04   2.8457145e-04
  -1.5462164e-01  -3.1861385e-01  -8.6774395e-01  -2.2723119e-04  -1.1017541e-03   5.6351119e-04
  -1.5846789e-01  -3.1788431e-01  -8.9841991e-01  -4.3595634e-04  -6.8224891e-04   1.0800221e-03
  -1.4328619e-01  -3.9351981e-01  -8.9650714e-01  -8.2675526e-04  -1.2673435e-03   9.2033614e-04
  -1.7064153e-01  -3.1333868e-01  -8.4146428e-01  -1.2768169e-04  -7.2717066e-04   1.4377523e-03
  -1.4626260e-01  -3.4522834e-01  -8.2040147e-01   9.4633580e-05  -1.1935028e-03   5.3482976e-04
  -1.9396814e-01  -3.8131698e-01  -7.9894194e-01  -2.6509053e-04  -1.4613934e-03   1.5105904e-03
  -1.5528825e-01  -3.5008679e-01  -7.5362792e-01   1.1757341e-03  -5.1254554e-04   1.0258244e-03
  -2.0430075e-01  -3.2917597e-01  -7.6893313e-01   2.2000021e-04  -7.2482991e-04   1.7822185e-03
  -1.5555903e-01  -3.4589814e-01  -7.5819991e-01   7.0009527e-04  -3.6627554e-04   6.4135572e-04
  -1.4963596e-01  -3.3044806e-01  -7.7091136e-01   1.9165305e-04  -4.2487410e-04   6.8358494e-04
  -1.6071641e-01  -3.2051495e-01  -7.6680205e-01   3.4651433e-04  -3.8345733e-04   7.1643915e-04
  -1.4661631e-01  -3.0279733e-01  -8.0241540e-01  -4.1295610e-04  -7.0406264e-04   1.0754808e-04
  -1.5031148e-01  -3.3886146e-01  -8.7951511e-01  -4.5746368e-04  -4.9881267e-04   5.2636933e-04
  -1.5622514e-01  -3.6007732e-01  -9.0148824e-01  -1.3998976e-04  -9.9683408e-04   8.4684430e-04
  -1.7008563e-01  -3.3700226e-01  -9.3091263e-01  -4.2146839e-04  -7.8745454e-04   4.7341986e-04
  -1.8101266e-01  -3.5384830e-01  -9.2985414e-01  -7.7422143e-04  -1.0943705e-03   7.2103993e-04
  -1.9041166e-01  -3.5279616e-01  -8.8015500e-01  -2.1213967e-04  -6.8844058e-04   1.2486738e-03
  -1.8904757e-01  -3.3828756e-01  -8.4169652e-01   2.1599909e-04  -1.3502689e-03   1.0410639e-03
  -1.7459220e-01  -2.9785759e-01  -8.0712729e-01   6.2987702e-04  -7.9966304e-04   7.9161367e-04
  -1.8736393e-01  -3.4102821e-01  -8.6438893e-01  -9.4384953e-04  -4.5035424e-04   1.2651501e-03
  -1.8605144e-01  -3.6835541e-01  -8.7192596e-01   2.1793543e-05  -1.0447368e-03   9.2854280e-04
  -1.8002104e-01  -3.7072288e-01  -9.1013392e-01  -7.4044221e-04  -5.2401652e-04   5.9294036e-04
  -1.9669746e-01  -3.7560956e-01  -8.8967610e-01  -4.1494038e-05  -9.6865956e-04   8.7117845e-04
  -1.9986833e-01  -3.6901532e-01  -8.8965074e-01  -5.6350112e-04  -9.9657185e-04   1.0593200e-03
  -1.8526274e-01  -3.7227631e-01  -8.1001773e-01   6.8064931e-04  -4.1833487e-04   9.5429198e-04
  -1.8555317e-01  -3.2162041e-01  -8.0094135e-01   3.7673907e-04  -8.1776209e-04   9.2177386e-04
  -2.0491037e-01  -3.2758212e-01  -7.6072724e-01   1.1876033e-03  -3.7817116e-04   1.4054533e-03
  -1.8279813e-01  -3.2786731e-01  -8.4578172e-01  -6.0323253e-04  -9.3322327e-04   8.8581721e-04
  -1.8689017e-01  -3.7213212e-01  -8.6223384e-01   2.3785171e-04  -1.1207382e-03   3.2778808e-04
  -1.8901305e-01  -3.6081907e-01  -8.6677577e-01  -4.5098519e-04  -1.0869174e-03   1.9330737e-04
  -1.8501980e-01  -3.3658961e-01  -8.2569347e-01  -3.3615255e-04  -1.1564490e-03   3.9161490e-04
  -2.0918802e-01  -3.5086643e-01  -7.4328869e-01   1.5634131e-03  -1.0586165e-03   1.0111774e-03
  -1.9522321e-01  -3.5422868e-01  -7.5616783e-01   4.9266524e-04  -1.2707063e-03   3.5185811e-04
  -1.7000918e-01  -3.2305763e-01  -7.4116199e-01   7.6475995e-04  -4.5797094e-04   4.3632366e-04
  -1.9095066e-01  -3.1546228e-01  -8.1408059e-01  -3.2849389e-04  -8.0584606e-04   5.0816719e-04
  -1.9277814e-01  -3.7877446e-01  -8.3352410e-01   3.7920575e-04  -1.0093256e-03  -1.3556830e-04
  -1.9693456e-01  -3.7806583e-01  -8.4067511e-01   1.7157349e-04   2.6253667e-04   8.1804060e-04
  -2.3370268e-01  -3.4869469e-01  -8.5506356e-01  -1.2232428e-03  -1.0617285e-03   1.3462218e-03
  -1.9891817e-01  -3.7308312e-01  -8.2993106e-01  -7.0320147e-05  -5.5219578e-04   6.6187025e-04
  -2.1985113e-01  -3.2874680e-01  -8.1249194e-01  -3.2173208e-04  -1.3726861e-03   9.0641318e-04
  -2.1037903e-01  -3.8937455e-01  -8.1829344e-01   1.5875979e-04  -1.2503157e-03   8.1158696e-04
  -2.1935543e-01  -4.0614329e-01  -8.8367115e-01  -5.1890758e-04  -7.3958932e-04   3.9695272e-04
  -2.1462687e-01  -3.7069481e-01  -8.8473939e-01  -1.0064237e-03  -1.3348889e-03   3.6446279e-04
  -2.2315731e-01  -4.2175772e-01  -8.7931833e-01  -7.1346024e-04  -1.3775296e-03   4.5177582e-04
  -2.0345477e-01  -3.9675634e-01  -8.7981721e-01  -9.4351771e-04  -9.5589533e-04   5.9869340e-05
  -2.7926062e-01  -3.7200365e-01  -8.3293594e-01  -7.3220141e-04  -2.1899707e-03   1.5314098e-03
  -2.3427134e-01  -3.7743874e-01  -7.7540606e-01   1.1373742e-04  -1.1552602e-03   7.7001068e-04
  -2.5733414e-01  -3.9764289e-01  -7.5432833e-01   1.0229201e-03  -5.2910652e-04   1.3763842e-03
  -2.2332167e-01  -3.7165870e-01  -8.7669286e-01  -1.8895079e-03  -1.1788009e-03   6.8059892e-04
  -2.0630660e-01  -4.0208031e-01  -8.1180545e-01   3.6987265e-04  -8.9181095e-04   1.8029091e-04
  -2.2415838e-01  -3.6616085e-01  -7.8017930e-01   2.0011775e-04   2.6320624e-04   7.4583056e-04
  -2.3966640e-01  -4.0326473e-01  -7.3974204e-01   1.3773551e-04  -4.5866502e-04   8.1112473e-04
  -2.7657619e-01  -5.1219762e-01  -8.7524370e-01  -2.7694179e-03  -1.1893342e-03   1.5961853e-03
  -2.5907466e-01  -3.8639617e-01  -8.4333121e-01  -5.6986716e-04  -8.6294081e-04   9.2462876e-04
  -2.2854690e-01  -3.9361427e-01  -8.2678664e-01  -7.4752291e-04  -8.7412153e-04   5.6030354e-04
  -2.1696277e-01  -3.7829383e-01  -8.3288564e-01  -2.0715488e-03  -4.2286332e-04   6.4928473e-04
  -2.3275812e-01  -4.8343414e-01  -7.3070756e-01   2.8841326e-04   4.6101160e-05   8.8971770e-04
  -2.3502629e-01  -3.6072818e-01  -7.4204910e-01  -1.0364530e-03  -2.0014302e-04   1.0102784e-03
  -2.6251302e-01  -4.0584585e-01  -6.9145773e-01  -5.1404108e-04  -3.1603608e-04   1.0125048e-03
  -2.3754264e-01  -3.6969502e-01  -7.6791234e-01  -1.0204038e-03  -5.9726825e-04   6.4956671e-04
  -2.3420608e-01  -4.0255631e-01  -8.6549087e-01  -2.2053413e-03  -2.0369629e-03   8.4986098e-04
  -2.7364915e-01  -3.9209216e-01  -8.3861922e-01  -1.2493827e-03  -1.1976880e-03   1.2947735e-03
  -2.3752946e-01  -4.1669704e-01  -8.2885968e-01  -1.0911265e-03  -1.9018774e-04   6.1567798e-04
  -2.6738355e-01  -3.9223782e-01  -7.8037827e-01  -2.9216299e-04  -1.4445680e-03   7.7443103e-04
  -2.2336176e-01  -3.8680416e-01  -7.4748130e-01  -4.4493471e-04  -5.7510795e-04   6.6661727e-04
  -2.6927302e-01  -3.9142607e-01  -7.9185609e-01  -1.2182923e-03  -8.9688825e-04   1.1027341e-03
  -2.2981565e-01  -3.9524259e-01  -8.1954523e-01  -1.5850565e-03  -7.8209845e-04   8.4812852e-04
  -2.1086457e-01  -3.9021038e-01  -7.9461966e-01  -9.6128158e-04  -9.2142245e-04   6.5104615e-04
  -2.4424042e-01  -3.8833928e-01  -7.7125471e-01  -1.3716280e-03  -4.8780828e-04   7.8975562e-04
  -2.3526129e-01  -3.5276821e-01  -7.6235065e-01  -1.4663243e-03  -1.0134677e-03   6.4966214e-04
  -2.6673052e-01  -3.8131814e-01  -7.3825779e-01  -1.1536988e-03  -7.4121379e-04   7.5297240e-04
  -2.5000747e-01  -3.9172395e-01  -7.8815529e-01  -1.9392121e-03  -1.0021462e-03   1.0083793e-03
  -2.9549294e-01  -3.9659047e-01  -7.9477419e-01  -1.5636959e-03  -1.4155703e-03   1.4389429e-03
  -2.3571341e-01  -3.8905952e-01  -7.8172773e-01  -1.6152078e-03  -8.6221115e-04   1.2813919e-04
  -2.6519205e-01  -3.8880817e-01  -7.6882438e-01  -1.0570860e-03   7.2675915e-05   1.5124848e-03
  -2.7697942e-01  -6.1638313e-01  -8.4240221e-01  -3.7910878e-03  -6.9811126e-04   1.2991701e-03
  -2.3157282e-01  -4.3940389e-01  -7.1496517e-01  -6.2315797e-04  -4.9213053e-04   1.3699318e-04
  -2.2533461e-01  -3.7368290e-01  -7.4507050e-01  -1.5217621e-03  -9.3660103e-04   5.9903290e-05
  -2.5823927e-01  -4.2994307e-01  -7.2798171e-01  -1.3624957e-03  -1.1228077e-03   7.8889433e-04
  -2.5312556e-01  -4.0878964e-01  -7.0186655e-01  -9.2785753e-04  -3.3766309e-04   3.8089183e-04
  -2.4432348e-01  -4.2708066e-01  -6.7677440e-01  -2.0580292e-04  -5.6490647e-04   4.8875029e-04
  -2.9499270e-01  -3.9390179e-01  -7.0040951e-01  -9.9412798e-04  -8.0246404e-04   1.6889654e-03
  -2.1768533e-01  -4.3574020e-01  -7.0698826e-01  -1.2539619e-03  -8.8102726e-04   4.9222582e-05
  -2.2362422e-01  -3.8750493e-01  -6.6478969e-01  -2.8769441e-04  -1.1966596e-03   3.8224926e-04
  -2.7692269e-01  -3.8312936e-01  -6.2890545e-01  -1.4559015e-04  -8.3630659e-04   1.2036994e-03
  -2.4231175e-01  -4.2727321e-01  -6.3569982e-01  -9.3620437e-04  -1.6273215e-03   4.2496020e-05
  -2.2239167e-01  -4.1440899e-01  -6.0009950e-01  -4.1635925e-04  -3.3299768e-04  -5.3109005e-06
  -2.3741621e-01  -3.9912460e-01  -6.1680235e-01  -6.1142978e-04  -7.1779057e-04   1.6897547e-04
  -2.6370737e-01  -4.0853832e-01  -6.6792608e-01  -1.2355012e-03  -6.7014661e-04   8.5669981e-04
  -2.5988210e-01  -4.1591939e-01  -6.6741385e-01  -1.4739097e-03  -1.2316121e-03   1.3949205e-03
  -2.6420889e-01  -3.9357498e-01  -6.5189388e-01  -1.1237661e-03  -9.7261501e-04   1.3055781e-03
  -2.7968233e-01  -4.1253777e-01  -6.1152985e-01  -1.3772780e-03  -6.4411696e-04   1.6677759e-03
  -2.5789034e-01  -3.8810077e-01  -5.6676887e-01  -8.4538620e-04  -1.0297449e-03   9.9949390e-04
  -2.1001225e-01  -4.0767893e-01  -6.2294107e-01  -1.6304569e-03  -1.2200219e-03  -3.4443878e-04
  -2.6161064e-01  -3.7610749e-01  -6.4052686e-01  -1.8006805e-03  -1.5921067e-03   9.2505049e-04
  -2.3659945e-01  -4.0300446e-01  -6.2997463e-01  -1.3369405e-03  -9.0258876e-04   5.7924383e-04
  -2.5115332e-01  -3.9593674e-01  -6.0227930e-01  -8.6777961e-04  -1.3421206e-03   3.1426991e-04
  -2.2347501e-01  -3.9081156e-01  -5.8832985e-01  -1.0501018e-03  -4.5780063e-04   2.2286498e-04
  -2.4114241e-01  -4.1946395e-01  -5.8494960e-01  -1.0417190e-03  -9.4849622e-04   7.7227362e-04
  -2.4891487e-01  -4.2227938e-01  -5.7602140e-01  -6.9873596e-04  -9.4044252e-04   7.9235261e-04
  -2.5805246e-01  -3.9707758e-01  -5.5899708e-01  -7.7976275e-04  -1.0008079e-03   7.2494052e-04
  -2.3996834e-01  -4.3312785e-01  -6.2853129e-01  -1.6152678e-03  -2.5892026e-04   7.1440076e-04
  -2.1150186e-01  -4.3374642e-01  -6.1997288e-01  -1.2973668e-03  -8.1611762e-04  -2.5289032e-05
  -2.3783854e-01  -4.4369235e-01  -6.1316869e-01  -1.0343865e-03  -2.1073093e-03  -2.4737496e-03
  -2.5461475e-01  -4.2562009e-01  -6.0350153e-01  -1.2138231e-03  -1.2239733e-03   2.0180034e-04
  -2.2731453e-01  -4.4484880e-01  -6.3067374e-01  -1.4027406e-03  -1.1337651e-03   7.7296849e-06
  -2.2756291e-01  -4.3443070e-01  -5.8551736e-01  -5.5289233e-04  -1.2630238e-03  -2.5325266e-04
  -2.8893423e-01  -4.4426233e-01  -6.1176046e-01  -1.7805220e-03  -1.6244874e-03   1.1920681e-03
  -2.6511787e-01  -4.1701271e-01  -6.4376038e-01  -2.2522268e-03  -1.3311948e-03   7.0778721e-04
  -2.7722704e-01  -5.9014975e-01  -6.3893128e-01  -3.1392800e-03  -1.5258460e-03   1.0484488e-03
  -2.8209781e-01  -4.9693295e-01  -6.5818398e-01  -3.3421304e-03  -1.6751136e-03   1.2887257e-03
  -3.0985357e-01  -4.3926854e-01  -6.7259533e-01  -2.5165753e-03  -1.0086472e-03   1.3414836e-03
  -2.3752824e-01  -5.3642989e-01  -6.7767344e-01  -1.5775845e-03  -4.1841424e-04  -6.9963165e-04
  -2.7772960e-01  -4.7594864e-01  -6.4699748e-01  -1.7602961e-03  -9.4943052e-04   9.8357894e-04
  -3.0283450e-01  -4.6042033e-01  -5.8222898e-01  -1.5853449e-03  -6.0238324e-04   8.9653251e-04
  -2.7816988e-01  -4.3356495e-01  -6.1020545e-01  -2.5566017e-03  -1.6853785e-03   8.5027554e-04
  -2.7813955e-01  -4.1609017e-01  -5.9766452e-01  -2.5305542e-03  -1.8720579e-03   7.2438102e-04
  -2.7331152e-01  -4.4481074e-01  -5.6806087e-01  -2.2632348e-03  -1.3401841e-03   1.1772254e-03
  -2.7589377e-01  -4.5126154e-01  -5.7042240e-01  -2.7143591e-03  -1.8391014e-03   4.5161366e-04
  -2.5731479e-01  -4.6943485e-01  -5.8673738e-01  -3.4222333e-03  -1.2018672e-03  -1.1845180e-05
  -2.7919249e-01  -4.5054065e-01  -5.5777467e-01  -2.1014265e-03  -1.8383056e-03   8.0469664e-04
  -2.6420468e-01  -4.7434848e-01  -5.4323476e-01  -2.5290318e-03  -2.6421357e-03   1.9325637e-04
  -3.2220452e-01  -4.2918632e-01  -5.4053096e-01  -2.5949210e-03  -2.0849780e-03   1.5247758e-03
  -3.4633291e-01  -4.2618641e-01  -5.5451362e-01  -3.2466523e-03  -2.5627803e-03   2.3251463e-03
  -2.7177335e-01  -4.6458470e-01  -5.2813302e-01  -3.1892525e-03  -1.9978378e-03   5.3809014e-04
  -2.9693301e-01  -4.7600773e-01  -5.2680902e-01  -2.6990022e-03  -1.4489164e-03   9.2721226e-04
  -2.6846303e-01  -4.6715106e-01  -4.9522115e-01  -2.8119557e-03  -2.0423679e-03   3.0950539e-05
  -2.6076333e-01  -4.7932128e-01  -4.6019356e-01  -1.4552169e-03  -1.7545962e-03   1.5986948e-04
  -2.5716707e-01  -4.8844245e-01  -5.2047090e-01  -3.0980439e-03  -1.6724353e-03   7.7946694e-04
  -2.5115061e-01  -4.7436042e-01  -5.3852445e-01  -4.1252078e-03  -2.5789223e-03  -8.8437938e-04
  -2.5810976e-01  -4.8250846e-01  -4.8282845e-01  -2.7511704e-03  -1.8798946e-03   1.1829812e-04
  -2.7668320e-01  -4.8940631e-01  -4.6731453e-01  -2.5781276e-03  -1.6473808e-03   6.8388533e-04
  -2.9241903e-01  -4.6970302e-01  -4.8752665e-01  -3.4643468e-03  -2.3547776e-03   8.4309950e-04
  -2.6148199e-01  -4.6760101e-01  -4.5522691e-01  -2.7290399e-03  -2.9081480e-03   8.1473521e-04
  -2.7632465e-01  -4.7623767e-01  -5.0882231e-01  -4.4260538e-03  -1.8923216e-03   6.9569544e-04
  -2.5204403e-01  -4.5742887e-01  -4.7052431e-01  -3.6774999e-03  -1.6542445e-03   2.8711523e-04
  -3.0535795e-01  -4.5379835e-01  -4.2041524e-01  -3.0598044e-03  -2.3774518e-03   8.9144535e-04
  -2.6917634e-01  -4.6840701e-01  -4.4891579e-01  -3.6623095e-03  -1.9486717e-03   5.9826652e-04
  -2.6794572e-01  -4.5626406e-01  -4.8762889e-01  -4.8987813e-03  -2.2484269e-03   3.3981325e-04
  -2.5350930e-01  -4.5108158e-01  -4.3296711e-01  -3.3192056e-03  -1.5413675e-03   3.2354569e-04
  -2.5362550e-01  -4.4254287e-01  -4.4489903e-01  -4.0900995e-03  -2.9993331e-03   3.6544022e-04
  -2.9381400e-01  -4.3756809e-01  -4.0677199e-01  -3.8929927e-03  -2.8002687e-03   1.1059441e-03
  -2.5531043e-01  -4.5374656e-01  -4.2653067e-01  -4.4965487e-03  -2.4364699e-03   6.0389853e-05
  -2.9992578e-01  -4.6912785e-01  -4.2680709e-01  -5.1049740e-03  -2.5795981e-03   7.9732318e-04
  -2.6838741e-01  -4.8378697e-01  -4.3093218e-01  -5.4981424e-03  -2.2165008e-03   6.2823195e-04
  -2.7350656e-01  -4.4161228e-01  -3.9868258e-01  -4.5797318e-03  -1.3389391e-03   1.0004174e-03
  -2.9401527e-01  -4.7916012e-01  -3.7075501e-01  -4.0288456e-03  -2.2169835e-03   1.2466170e-03
  -2.4975664e-01  -4.3871515e-01  -3.8178713e-01  -5.2047950e-03  -1.9697335e-03   2.8353629e-04
  -2.7977871e-01  -4.3680517e-01  -3.7250243e-01  -5.1331825e-03  -1.4658959e-03   6.5944507e-04
  -2.7390117e-01  -4.5451758e-01  -3.7276776e-01  -4.4720510e-03  -1.8785735e-03   9.4312330e-04
  -2.8498626e-01  -4.6349210e-01  -3.5175078e-01  -4.6734269e-03  -1.8699681e-03   1.0634432e-03
  -2.6900940e-01  -4.4410832e-01  -3.5280974e-01  -5.0194020e-03  -1.7199963e-03   9.8318236e-04
  -3.0328079e-01  -4.4657276e-01  -3.3419863e-01  -4.8576682e-03  -1.9347820e-03   1.8056059e-03
  -2.6517068e-01  -4.6410061e-01  -2.8710120e-01  -3.8705498e-03  -1.9750339e-03   4.5574173e-04
  -2.8401159e-01  -4.3245284e-01  -2.5267327e-01  -3.5029560e-03  -1.9454253e-03   1.0502760e-03
  -2.6025457e-01  -4.3726739e-01  -3.3842189e-01  -5.8051489e-03  -1.4193681e-03   6.7829120e-04
  -2.5683102e-01  -4.3924846e-01  -3.1891501e-01  -5.3077746e-03  -1.0138961e-03   1.0992793e-03
  -2.3361307e-01  -4.4387683e-01  -2.6702758e-01  -3.6952065e-03  -1.1186845e-03   2.8557218e-04
  -2.5053818e-01  -4.7909422e-01  -2.7359071e-01  -4.2600468e-03  -1.7807250e-03   1.6126054e-04
  -2.5499005e-01  -4.4610826e-01  -2.5613466e-01  -4.8038354e-03  -9.6104344e-04   6.9693775e-04
  -2.5727230e-01  -4.2777019e-01  -2.6497310e-01  -5.2013060e-03  -1.8813033e-03   7.7610882e-04
  -2.7472732e-01  -4.4023971e-01  -2.5931195e-01  -4.7408292e-03  -1.6440282e-03   6.3856178e-04
  -2.3477139e-01  -4.5234291e-01  -2.2892103e-01  -4.5182123e-03  -2.2376830e-03  -2.8189812e-04
  -2.2712039e-01  -4.3983438e-01  -2.1453068e-01  -4.5858109e-03  -1.3934018e-03   4.2992888e-04
  -2.5115831e-01  -4.4010858e-01  -2.1081302e-01  -4.5984959e-03  -1.3604045e-03   8.4918181e-04
  -2.4416111e-01  -4.5226724e-01  -2.0477243e-01  -4.2448311e-03  -2.2909739e-03   1.0291803e-04
  -2.4286866e-01  -4.2299596e-01  -1.7925740e-01  -4.0568225e-03  -8.9542175e-04   3.7612884e-05
  -2.5738631e-01  -4.3113648e-01  -1.5644489e-01  -3.8520324e-03  -1.4140651e-03   6.6314578e-04
  -2.2386793e-01  -4.3346064e-01  -1.5707250e-01  -4.3732889e-03  -2.1422961e-03   2.2638098e-04
  -2.4275016e-01  -4.1017819e-01  -1.6004554e-01  -4.1030676e-03  -1.1653956e-03   8.7287395e-04
  -2.4933122e-01  -4.1693446e-01  -1.7541156e-01  -5.0060916e-03  -1.7901665e-03   6.7167872e-04
  -2.6065471e-01  -4.3195154e-01  -1.7795734e-01  -5.3882993e-03  -4.3512519e-04   1.2060254e-03
  -2.6048603e-01  -4.1243763e-01  -1.0659005e-01  -3.3697476e-03  -1.5368624e-03   6.9521709e-04
  -2.6791305e-01  -3.9839781e-01  -1.5361506e-01  -4.8627045e-03  -7.8029083e-04   1.1180743e-03
  -2.3733575e-01  -3.9786541e-01  -1.3484060e-01  -4.3597925e-03  -1.4019034e-03   3.9321512e-04
  -2.4079759e-01  -4.0765769e-01  -1.1431770e-01  -4.2542442e-03  -1.0376435e-03   7.5229754e-04
  -2.3768134e-01  -3.9039761e-01  -1.0221066e-01  -4.4283644e-03  -1.5636130e-03   3.6344691e-04
  -2.6566214e-01  -3.8025082e-01  -8.4874046e-02  -4.0889770e-03  -1.0649263e-03   1.1363996e-03
  -2.5223578e-01  -4.0139854e-01  -6.8004372e-02  -3.7508370e-03  -1.0553999e-03   9.2501666e-04
  -2.1896440e-01  -3.8704743e-01  -9.3929095e-02  -4.4151605e-03  -1.7311928e-03   1.2732554e-04
  -2.6471480e-01  -3.9690376e-01  -7.2210319e-02  -4.1079640e-03  -1.2260985e-03   1.1949284e-03
  -2.3443485e-01  -3.7947266e-01  -9.1867038e-02  -4.9067288e-03  -1.0827681e-03   7.8452550e-04
  -2.2705619e-01  -3.9181744e-01  -5.5162260e-02  -3.9787370e-03  -1.3537542e-03  -1.3897880e-04
  -2.1504901e-01  -3.5581915e-01  -7.8815335e-02  -4.5710065e-03  -7.6471692e-04   6.0939556e-04
  -2.4340871e-01  -3.9106168e-01  -5.3073393e-02  -4.1885009e-03  -1.8600186e-03   4.8130487e-04
  -2.6418975e-01  -3.6938883e-01  -3.1287962e-02  -3.7682729e-03  -1.2456051e-03   1.2460006e-03
  -2.4668936e-01  -3.7656749e-01  -4.3009012e-02  -4.2586852e-03  -1.3520365e-03   1.0087286e-03
  -2.5279655e-01  -3.8717221e-01   3.5148006e-03  -3.7585128e-03  -9.5253012e-04   8.4924600e-04
  -2.1982696e-01  -3.9600743e-01  -1.0917493e-02  -4.0605600e-03  -1.3920716e-03   4.2842449e-05
  -2.2951098e-01  -3.6711444e-01   1.9740462e-02  -3.7570669e-03  -1.2001207e-03   3.0458043e-04
  -2.4298304e-01  -3.8277845e-01   2.7203373e-02  -4.1343038e-03  -1.0392308e-03   6.1741393e-04
  -2.5010222e-01  -3.6083010e-01   6.2219170e-02  -3.6151903e-03  -7.3519494e-04   1.0911094e-03
  -2.4934228e-01  -3.5501661e-01   8.4468900e-02  -3.3707902e-03  -7.8486539e-04   1.0779293e-03
  -2.3770166e-01  -3.8128362e-01   2.7961335e-02  -4.7636109e-03  -1.2746585e-03   8.3723972e-04
  -2.2718782e-01  -3.6414805e-01   6.2849449e-02  -3.9419015e-03  -1.5712885e-03   3.8404080e-04
  -2.4195407e-01  -3.7325371e-01   5.3752635e-02  -4.3948823e-03  -2.1743499e-03   6.2404261e-04
  -2.4678026e-01  -3.9516498e-01   5.4235522e-02  -4.8366121e-03  -1.5451713e-03   7.5438984e-04
  -2.5893026e-01  -3.3464358e-01   1.1557882e-01  -3.1075328e-03  -1.0655066e-03   1.4143408e-03
  -2.5798473e-01  -3.6474421e-01   1.2532356e-01  -3.8457437e-03  -1.9870860e-03   1.1309036e-03
  -2.0737403e-01  -3.3748325e-01   1.0715738e-01  -4.5084531e-03  -9.6308430e-04   2.9055053e-05
  -2.5465272e-01  -3.4843851e-01   1.2182238e-01  -4.5029639e-03  -1.6612399e-03   7.4533383e-04
  -2.3538852e-01  -3.3963073e-01   1.4142293e-01  -3.7675159e-03  -1.2773156e-03   8.2422784e-04
  -2.5024820e-01  -3.6124308e-01   1.3334876e-01  -3.9214633e-03  -1.0632954e-03   9.6265244e-04
  -2.1430917e-01  -3.3849780e-01   1.2785470e-01  -4.5282420e-03  -9.2842191e-04   6.7391112e-05
  -2.4793721e-01  -3.2907016e-01   1.9184763e-01  -3.0898807e-03  -1.5700325e-03   1.2511437e-03
  -2.3919337e-01  -3.4610389e-01   1.7873263e-01  -3.8271815e-03  -1.4959624e-03   3.8420166e-04
  -2.6145456e-01  -3.3401146e-01   2.3669606e-01  -2.5824586e-03  -1.5719519e-03   1.1411524e-03
  -2.2184366e-01  -3.2999719e-01   1.4559411e-01  -4.9297834e-03  -1.0166116e-03   7.1707162e-04
  -2.1572543e-01  -3.4582094e-01   2.1273885e-01  -3.7753120e-03  -1.6016782e-03   4.8272236e-05
  -2.5757515e-01  -3.0652236e-01   2.4977303e-01  -3.0298555e-03  -1.5202470e-03   6.2679502e-04
  -2.3205679e-01  -3.2512575e-01   1.8912026e-01  -4.6269188e-03  -1.2002892e-03   7.4132565e-04
  -2.5133839e-01  -3.0641264e-01   2.1825762e-01  -4.0710848e-03  -4.3168714e-04   1.5557717e-03
  -2.0375419e-01  -3.2339821e-01   2.5196126e-01  -3.5941683e-03  -5.8464648e-04  -6.7567381e-05
  -2.3680000e-01  -2.9597938e-01   2.7579056e-01  -3.6451162e-03  -1.6669056e-03   5.0135471e-04
  -2.5979636e-01  -3.0959084e-01   2.9406996e-01  -3.4102770e-03  -9.0902999e-04   9.1782631e-04
  -2.2174882e-01  -3.0671441e-01   3.0201617e-01  -3.5072156e-03  -1.4773077e-03   6.0773397e-04
  -2.1909290e-01  -3.0721760e-01   2.8237540e-01  -3.9801832e-03  -1.0942716e-03   5.2555389e-04
  -1.8868880e-01  -3.1512512e-01   2.4919671e-01  -4.7486047e-03  -8.5982456e-04   1.9192742e-05
  -2.2464755e-01  -3.1517263e-01   2.8880405e-01  -3.9036500e-03  -8.1415301e-04   6.7743730e-04
  -2.2107101e-01  -2.9254193e-01   2.9059676e-01  -4.2401620e-03  -1.3203745e-03   3.1190083e-04
  -2.2755494e-01  -2.7332084e-01   3.1084422e-01  -3.6857813e-03  -1.1335841e-03   6.8635275e-04
  -2.6550799e-01  -3.0308732e-01   3.2693138e-01  -4.0261386e-03  -1.4121339e-03   1.8054174e-03
  -2.2299637e-01  -3.0231034e-01   3.4643220e-01  -3.6173363e-03  -1.1739446e-03   3.2146607e-04
  -2.5193011e-01  -3.0525687e-01   3.4257632e-01  -3.6923492e-03  -7.3475990e-04   1.2742445e-03
  -2.4372349e-01  -2.9032632e-01   3.4655104e-01  -3.7710586e-03  -1.0250408e-03   1.4206922e-03
  -2.5751102e-01  -3.0847738e-01   3.6400914e-01  -3.5858215e-03  -1.4084944e-03   9.2078033e-04
  -2.2068591e-01  -2.9557010e-01   3.8400513e-01  -3.1447312e-03  -9.5874486e-04   5.6731814e-05
  -2.4508703e-01  -3.1128819e-01   4.0753095e-01  -3.2147466e-03  -1.1064263e-03   9.5304979e-04
  -2.6478947e-01  -2.9012454e-01   4.0137774e-01  -3.4878846e-03  -1.5123432e-03   1.5415540e-03
  -2.3482656e-01  -2.9940361e-01   4.1916235e-01  -3.4496543e-03  -8.8557265e-04   1.2366412e-03
  -2.2554966e-01  -3.0087560e-01   4.3608112e-01  -3.6380420e-03  -8.5690647e-04   6.4031568e-04
  -2.2970660e-01  -2.8732268e-01   4.4614037e-01  -3.0638496e-03  -1.0421770e-03   7.8827034e-04
  -2.6013981e-01  -3.3280779e-01   4.4868662e-01  -3.6651577e-03  -8.8422572e-04   1.0813692e-03
  -2.3780772e-01  -3.0874425e-01   4.7302579e-01  -3.4906891e-03  -1.2413435e-03   9.7714857e-04
  -2.2121161e-01  -2.8344484e-01   4.7635322e-01  -3.5177702e-03  -8.8440433e-04   4.5879949e-04
  -2.3363840e-01  -3.0269558e-01   4.2294744e-01  -4.6330282e-03  -1.0148375e-03   8.8394601e-04
  -2.4677308e-01  -2.8717704e-01   4.6665169e-01  -3.9350935e-03  -7.7315706e-04   9.6730865e-04
  -2.3069135e-01  -2.7638759e-01   4.3705638e-01  -4.6330564e-03  -5.1605503e-04   1.1229804e-03
  -2.2551605e-01  -3.1802365e-01   5.0622900e-01  -3.6329422e-03  -1.5662435e-03   3.0386608e-04
  -2.3587612e-01  -2.7009672e-01   5.1926401e-01  -3.2480512e-03  -1.1537567e-03   1.2333885e-03
  -2.2787869e-01  -2.3798714e-01   5.1914041e-01  -3.1368569e-03  -1.2153060e-03   8.8193389e-04
  -2.7034839e-01  -2.8475437e-01   5.4504063e-01  -2.9927574e-03  -1.4912145e-03   1.2981912e-03
  -2.2862916e-01  -2.7121711e-01   5.0684929e-01  -4.4411280e-03  -1.1694493e-03   6.4723065e-04
  -2.2470548e-01  -2.7651893e-01   5.3759882e-01  -3.9484709e-03  -1.1076546e-03   4.4680223e-04
  -2.4133717e-01  -2.5135659e-01   5.1696051e-01  -4.3577029e-03  -1.0274379e-03   9.2409159e-04
  -2.2525188e-01  -2.3963919e-01   5.4547220e-01  -4.0024181e-03  -7.3815035e-04   7.6365914e-04
  -2.0826143e-01  -2.8490194e-01   5.4726416e-01  -3.9824693e-03  -1.1135131e-03   3.4805531e-04
  -2.0798023e-01  -2.9657503e-01   5.5241309e-01  -4.2785524e-03  -1.3503371e-03   4.8897696e-04
  -2.0104867e-01  -2.8540007e-01   5.7357142e-01  -4.3362129e-03  -3.6840533e-04   5.0085330e-05
  -2.6152152e-01  -2.8457031e-01   5.9309463e-01  -4.0736445e-03  -1.0564690e-03   1.4800522e-03
  -2.6622080e-01  -6.8079786e-01   4.8225177e-01  -8.5879397e-03  -1.0923920e-03   1.4667326e-03
  -2.3733454e-01  -2.8322155e-01   6.3702482e-01  -3.8431934e-03  -1.3512150e-03   5.7923783e-04
  -2.4537924e-01  -2.5613153e-01   6.1367549e-01  -3.6448100e-03  -1.4276394e-03   8.0475939e-04
  -2.6223655e-01  -2.8251257e-01   6.1885483e-01  -3.9865279e-03  -1.1448266e-03   1.5220069e-03
  -1.7945940e-01  -3.0066634e-01   6.8171682e-01  -2.3189060e-03  -8.2818909e-04  -3.3401097e-04
  -2.0139229e-01  -2.7037916e-01   6.5280988e-01  -3.4378913e-03  -9.6967293e-04  -1.7124508e-04
  -2.1942061e-01  -2.9629049e-01   6.8531441e-01  -3.3137860e-03  -4.4772517e-04   6.1653783e-04
  -2.0698036e-01  -2.6114776e-01   6.6487368e-01  -4.3515444e-03  -1.0125216e-03   4.3333840e-04
  -2.0585415e-01  -2.5632929e-01   6.8545961e-01  -3.3959283e-03  -7.2190023e-04   3.6734444e-04
  -1.9772413e-01  -2.4409783e-01   7.0838889e-01  -3.0868942e-03  -7.3664834e-04   2.6249297e-04
  -2.3967745e-01  -2.8660912e-01   6.9162634e-01  -4.3314506e-03  -1.2664990e-03   8.6735780e-04
  -2.2418619e-01  -2.5368931e-01   7.0659416e-01  -4.1960993e-03  -1.0757904e-03   1.0869970e-03
  -1.9680169e-01  -2.6179886e-01   7.4691491e-01  -3.5679341e-03  -6.2860442e-05   6.8394431e-04
  -2.2133353e-01  -2.6026145e-01   7.7717688e-01  -2.9572491e-03  -1.1263759e-03   5.4609773e-04
  -2.3183302e-01  -2.5778002e-01   7.6558406e-01  -3.3702037e-03  -8.4852326e-04   6.6672142e-04
  -2.1240512e-01  -2.7250390e-01   7.6219257e-01  -4.1754895e-03  -1.2169899e-03   1.1216899e-03
  -2.1611298e-01  -2.6765952e-01   8.2051219e-01  -3.0687528e-03  -1.5232428e-03   1.0679541e-03
  -2.2718036e-01  -2.2982329e-01   7.6698794e-01  -3.8277441e-03  -1.3597195e-03   4.5989183e-04
  -2.2348343e-01  -2.3295619e-01   8.0730892e-01  -2.8806907e-03  -1.4627078e-03   4.1753879e-04
  -2.4396142e-01  -2.5510956e-01   7.5966039e-01  -3.9008440e-03  -1.2015417e-03   1.4711203e-03
  -2.1633823e-01  -2.8549579e-01   7.9407779e-01  -3.7484536e-03  -7.1939738e-04   4.3145094e-04
  -1.9412164e-01  -2.3771011e-01   8.1820277e-01  -3.4810959e-03  -4.4908512e-04   5.9266653e-04
  -2.5121865e-01  -2.6983280e-01   8.1900559e-01  -3.4144526e-03  -1.0780278e-03   1.4016777e-03
  -2.4439033e-01  -2.4835503e-01   8.5412887e-01  -3.1476475e-03  -7.6190176e-04   1.2798623e-03
  -2.0037767e-01  -2.2885602e-01   8.3877831e-01  -4.0214635e-03  -1.0088847e-03   8.6928464e-05
  -2.4342285e-01  -2.4168018e-01   8.4819224e-01  -3.6383831e-03  -9.1068660e-04   1.4855301e-03
  -2.3715997e-01  -2.2664403e-01   8.6307977e-01  -3.4537856e-03  -1.4492597e-03   1.3132591e-03
  -2.3853525e-01  -2.5097303e-01   8.1582435e-01  -4.7025636e-03  -1.6478590e-03   9.1548712e-04
  -2.2209450e-01  -2.1442343e-01   8.6272633e-01  -3.5521044e-03  -9.3913025e-04   1.0955497e-03
  -2.3690570e-01  -2.3710762e-01   8.4613398e-01  -4.2711914e-03  -2.4522762e-04   1.4595179e-03
  -2.1386192e-01  -3.9781534e-01   7.8829012e-01  -6.2973879e-03  -5.6570852e-04   4.6193929e-04
  -1.8720084e-01   4.8979831e-02   8.7772439e-01  -3.1836031e-03  -1.3734506e-03  -2.0643414e-04
  -2.0850841e-01  -2.4360933e-01   9.3319028e-01  -3.3488851e-03  -5.4708202e-04   5.3217497e-04
  -2.2301556e-01  -2.4351892e-01   9.1904450e-01  -4.0371127e-03  -1.7210156e-03   3.6288142e-04
  -2.0514153e-01  -2.0438168e-01   9.1843671e-01  -4.0229167e-03  -7.4000060e-04   3.9076440e-04
  -1.9494219e-01  -2.2019867e-01   9.3665698e-01  -3.9639250e-03  -5.4180669e-04   5.9188116e-04
  -1.9191295e-01  -2.0877174e-01   9.4141261e-01  -3.8987488e-03  -1.4422117e-03   3.1584100e-04
  -2.1369678e-01  -1.9907223e-01   9.5468470e-01  -3.5520519e-03  -1.0198312e-03   8.7179246e-04
  -2.9923362e-01  -1.1102713e-01   9.2784081e-01  -4.4222170e-03  -9.8651997e-04   1.9991848e-03
  -1.9593002e-01  -2.1415106e-01   9.4339011e-01  -4.2290634e-03  -9.3991998e-04   3.1545598e-04
  -2.3617992e-01  -2.2002868e-01   9.6690140e-01  -4.0322453e-03  -7.3573744e-04   1.3528077e-03
  -2.1704492e-01  -2.3443262e-01   9.9192731e-01  -3.4722638e-03  -8.4881406e-04   7.5235003e-04
  -2.7748612e-01  -4.3021216e-01   9.6462624e-01  -5.7840647e-03  -7.5823072e-04   1.6211866e-03
  -2.1513506e-01  -2.4635802e-01   1.0516705e+00  -2.6033904e-03  -3.6514629e-04   8.0262709e-04
  -2.1537014e-01  -2.1417541e-01   9.7292838e-01  -4.6985012e-03  -6.5819338e-04   4.6218961e-04
  -2.2490479e-01  -2.2052292e-01   9.6905606e-01  -4.7431728e-03  -2.2367251e-04   9.0920443e-04
  -2.1329860e-01  -2.2618477e-01   9.6658065e-01  -5.0006401e-03  -9.2491156e-04   6.1254512e-04
  -2.2525696e-01  -2.2235226e-01   1.0037137e+00  -4.7388546e-03  -7.8160100e-04   7.6886193e-04
  -2.0952810e-01  -2.3152332e-01   1.0736755e+00  -3.5828792e-03  -5.6800944e-05   7.2639526e-04
  -2.1204201e-01  -2.2059805e-01   1.0408845e+00  -4.0359240e-03  -7.7034488e-05   4.2547686e-04
  -2.3375506e-01  -2.1514405e-01   1.0645250e+00  -3.4262918e-03  -5.5784551e-04   8.8543716e-04
  -2.2813187e-01  -2.4455486e-01   1.0858779e+00  -3.8681174e-03  -3.6255695e-04   1.2886669e-03
  -2.1603825e-01  -1.8548344e-01   1.1023265e+00  -3.3357352e-03  -6.0160491e-04   7.8591603e-04
  -2.0937183e-01  -2.2610797e-01   1.1084580e+00  -3.3674095e-03  -5.0516843e-05   1.5720910e-04
  -2.1723085e-01  -2.0963962e-01   1.0744044e+00  -4.2798977e-03  -9.6372280e-04   6.2599126e-04
  -2.2085497e-01  -2.0583396e-01   1.1151799e+00  -3.8074654e-03  -1.0115594e-03   1.1924299e-03
  -2.1218055e-01  -2.0788247e-01   1.1366192e+00  -3.4338747e-03  -9.9106731e-04   5.7328730e-04
  -2.0113213e-01  -1.8117557e-01   1.1230765e+00  -3.3239664e-03  -4.5237158e-04   7.9344407e-04
  -2.5016599e-01  -2.0296426e-01   1.0908347e+00  -4.1479904e-03  -5.8372799e-04   1.0966164e-03
  -2.4633625e-01  -1.6376348e-01   1.1411369e+00  -3.3297844e-03  -1.2056405e-03   1.2129185e-03
  -2.3072775e-01  -1.9448173e-01   1.1587182e+00  -3.7177314e-03  -4.6038916e-04   8.6324624e-04
  -2.2028270e-01  -2.0189982e-01   1.1848542e+00  -3.3464495e-03  -1.0889364e-03   7.2997397e-04
  -2.0845820e-01  -1.6110457e-01   1.2046677e+00  -3.4578664e-03  -4.2557577e-04   6.9341431e-04
  -2.0033833e-01  -1.4701589e-01   1.1739806e+00  -4.1699672e-03  -1.8431080e-04   1.0280239e-03
  -2.3219502e-01  -1.6088056e-01   1.2043990e+00  -3.7131201e-03  -1.2248640e-03   1.0022858e-03
  -1.8614717e-01  -1.5671021e-01   1.2292617e+00  -3.2322974e-03  -7.9663999e-04   3.3158862e-05
  -2.3257517e-01  -1.5892429e-01   1.2511502e+00  -3.4210580e-03  -1.1769629e-03   1.3505332e-03
  -2.2300968e-01  -2.4389534e-01   1.2066782e+00  -3.6019510e-03  -9.2281512e-05   1.3524485e-03
  -2.3377871e-01  -1.6300034e-01   1.2030153e+00  -3.9537007e-03  -5.7037238e-04   9.1204549e-04
  -2.4150075e-01  -1.6108472e-01   1.2119720e+00  -3.7820281e-03  -7.1986942e-04   1.3523774e-03
  -2.1154016e-01  -1.5359739e-01   1.2446772e+00  -4.3707791e-03  -6.7864177e-04  -1.1548114e-05
  -2.3716761e-01  -1.5290431e-01   1.2668165e+00  -3.8758559e-03  -4.3011988e-04   1.2286093e-03
  -2.3715262e-01  -1.6379094e-01   1.2913394e+00  -3.2120571e-03  -7.6398743e-04   7.5110850e-04
  -2.1743078e-01  -1.2790972e-01   1.2713724e+00  -3.2693211e-03   3.4730898e-05   8.8902307e-04
  -2.0801292e-01  -1.2765279e-01   1.2959207e+00  -3.7455874e-03  -8.6365919e-04   1.0073563e-04
  -2.1921074e-01  -1.1139452e-01   1.3190968e+00  -3.5086576e-03  -6.4572554e-04   9.9043938e-04
  -2.4687203e-01  -1.3502759e-01   1.3255030e+00  -4.1467641e-03   2.2222185e-04   1.4598496e-03
  -2.3987923e-01  -1.3148898e-01   1.3861851e+00  -2.7866360e-03  -6.1942041e-04   1.1369561e-03
  -2.1634940e-01  -1.1490678e-01   1.3638073e+00  -3.2115138e-03  -9.6952783e-05   1.1071151e-03
  -2.1224301e-01  -8.6119729e-02   1.3951804e+00  -2.6269649e-03  -6.2302005e-04   4.4644690e-04
  -2.0611954e-01  -1.2988672e-01   1.3991382e+00  -3.1590871e-03   1.3456677e-04   6.7078903e-04
  -2.0857611e-01  -1.1251372e-01   1.4206689e+00  -2.7179990e-03  -5.0707177e-04   8.8547295e-04
  -2.1187204e-01  -1.3057610e-01   1.3765815e+00  -3.3754449e-03   8.2742607e-05   9.5600661e-04
  -1.8244607e-01  -7.4142121e-02   1.3621142e+00  -4.0725445e-03  -2.5779988e-04  -9.2176708e-04
  -2.2013928e-01  -1.3429418e-01   1.3859304e+00  -3.7017439e-03   5.4593296e-04   1.1313860e-03
  -1.9828603e-01  -1.2441941e-01   1.4103957e+00  -3.5008273e-03  -2.2048976e-04   6.8406220e-04
  -2.5318658e-01  -1.2905783e-01   1.4064126e+00  -3.3155299e-03  -4.8764808e-04   1.1357498e-03
  -2.0991989e-01  -1.2037115e-01   1.4537673e+00  -2.7085153e-03  -1.0246797e-03   2.9072703e-04
  -2.3073213e-01  -1.1189502e-01   1.4413755e+00  -3.8269706e-03  -9.9671818e-04   3.0300064e-04
  -2.4127529e-01  -1.1567920e-01   1.4578348e+00  -3.2745134e-03  -1.1346722e-03   1.2417735e-03
  -2.2660574e-01  -1.2862771e-01   1.4172435e+00  -4.4503220e-03  -5.4007519e-04   9.3884119e-04
  -2.1358137e-01  -1.0152045e-01   1.4657246e+00  -3.0596887e-03  -1.8089623e-04   9.5471363e-04
  -2.1773511e-01  -1.1568954e-01   1.5072999e+00  -3.2985077e-03  -6.6991541e-04   7.0817063e-04
  -1.8943455e-01  -9.0308242e-02   1.5292003e+00  -3.0073361e-03  -4.6654688e-04   2.1861273e-04
  -2.1407959e-01  -1.1316367e-01   1.5121530e+00  -3.4073626e-03  -6.3496574e-06   7.5203537e-04
  -2.3866449e-01  -1.2383252e-01   1.5350401e+00  -2.6271771e-03  -4.5558855e-04   1.1772066e-03
  -2.0590118e-01  -1.1128388e-01   1.5092496e+00  -3.1087044e-03   2.7243944e-04   6.2978757e-04
  -2.1619655e-01  -1.0276253e-01   1.5377941e+00  -3.2625879e-03  -8.8999575e-05   9.5636212e-04
  -1.9027935e-01  -2.9069169e-01   1.4055692e+00  -7.5874277e-03  -5.1524058e-04  -3.2958090e-04
  -2.2215384e-01  -1.2731565e-01   1.5316124e+00  -3.7927728e-03  -1.0615828e-04   8.7965550e-04
  -1.8199682e-01  -1.0057148e-01   1.5811679e+00  -2.8476047e-03  -8.4646407e-04  -1.3006407e-03
  -1.8271423e-01  -8.5741324e-02   1.5711289e+00  -3.7246442e-03   7.4792387e-05   4.4530956e-04
  -1.8233942e-01  -1.1824430e-01   1.5922914e+00  -3.0928810e-03  -1.1651599e-04   3.0509609e-04
  -2.2570330e-01  -8.7763282e-02   1.6058224e+00  -3.3773742e-03  -2.4298738e-04   1.0802025e-03
  -2.2716632e-01  -1.1041858e-01   1.5822309e+00  -4.0518662e-03  -7.9373664e-04   1.1676176e-03
  -1.8879034e-01  -9.9609446e-02   1.6375580e+00  -3.3425167e-03  -1.1070068e-04   2.7113438e-04
  -2.2425454e-01  -8.4179279e-02   1.6516012e+00  -2.9512258e-03  -2.3060344e-04   1.0521259e-03
  -2.1009037e-01  -8.4629399e-02   1.6526619e+00  -3.4653307e-03  -5.1309093e-04   3.4169303e-04
  -2.0442900e-01  -9.2711705e-02   1.6702180e+00  -2.8233025e-03   1.5186827e-04   4.7374030e-04
  -2.2606930e-01  -7.3491086e-02   1.6900240e+00  -2.8439163e-03  -4.1476654e-04   7.9643049e-04
  -2.0775635e-01  -8.2503081e-02   1.6629025e+00  -3.3826456e-03   1.4195268e-04   7.2562439e-04
  -2.1184488e-01  -7.1590184e-02   1.6708852e+00  -3.2698368e-03  -3.6570955e-04   5.2086143e-04
  -2.0923303e-01  -5.6801773e-02   1.6777601e+00  -2.9787743e-03   8.6575373e-05   7.1179759e-04
  -2.1443142e-01  -4.9906341e-02   1.7281939e+00  -2.6957521e-03  -4.8956750e-04   8.3373127e-04
  -2.3773487e-01  -8.7135488e-02   1.7317623e+00  -3.0537891e-03  -3.3475200e-07   1.3249012e-03
  -2.1510862e-01  -6.0928266e-02   1.7563363e+00  -3.0223717e-03  -4.6596798e-05   8.1724653e-04
  -2.0501822e-01  -7.5165979e-02   1.7448421e+00  -2.8781026e-03  -2.4894673e-04   8.0110610e-04
  -1.8916315e-01  -7.0139451e-02   1.7254204e+00  -3.4432887e-03   3.8288643e-04   8.5898112e-05
  -1.9531688e-01  -5.3952838e-02   1.7564920e+00  -2.8654502e-03  -5.1686119e-04   3.4580335e-04
  -2.2942355e-01  -8.7378633e-02   1.7438709e+00  -3.3129674e-03   7.9044448e-05   1.0901272e-03
  -2.4319821e-01  -5.6204868e-02   1.7238411e+00  -3.8364243e-03  -4.7702930e-04   1.3624465e-03
  -2.1202677e-01  -5.1411631e-02   1.7350710e+00  -3.8796226e-03  -4.3497665e-04   4.6812916e-04
  -2.6659812e-01  -8.0581488e-02   1.7832536e+00  -3.3018071e-03  -1.4651034e-04   2.1352444e-03
  -2.3274222e-01  -6.2546123e-02   1.8544443e+00  -1.9608983e-03  -3.5929326e-05   1.3784200e-03
  -2.0966909e-01  -7.0980910e-02   1.8385705e+00  -2.4294133e-03   2.6786511e-04   8.6950005e-04
  -2.2908265e-01  -6.1397747e-02   1.8522515e+00  -2.3605368e-03  -1.9847779e-04   1.6697624e-03
  -2.1915484e-01  -7.6723365e-02   1.8616820e+00  -2.3538870e-03   3.1455438e-04   7.9639421e-04
  -2.5551296e-01  -4.3295124e-02   1.9108980e+00  -2.3072290e-03  -2.2047488e-04   1.4568885e-03
  -2.0221092e-01  -8.9007197e-02   1.8463229e+00  -3.7334822e-03   5.3389496e-04   6.3033959e-04
  -1.6190730e-01  -5.8783722e-02   1.8643517e+00  -2.5967499e-03   1.0646645e-04   8.7906347e-05
  -1.8252558e-01  -4.9587408e-02   1.8813084e+00  -3.1668602e-03   4.7308727e-04   3.8516710e-04
  -2.0531737e-01  -5.8541404e-02   1.9082365e+00  -2.9210943e-03   1.7919877e-04   5.0194626e-04
  -2.2196620e-01  -3.0648591e-02   1.9089510e+00  -2.7071945e-03   4.7523796e-05   1.0749481e-03
  -2.1152714e-01  -4.2959439e-02   1.9348879e+00  -3.3003973e-03   6.1491843e-04   1.0474333e-03
  -2.0572478e-01  -3.7360236e-02   1.9552069e+00  -3.1142811e-03  -1.3113835e-04   5.7563454e-04
  -2.0433615e-01  -3.8171198e-02   1.9568758e+00  -2.6113194e-03   3.5411209e-04   3.0652559e-04
  -2.2557231e-01  -1.6898306e-02   1.9442955e+00  -3.2963482e-03   1.2082939e-04   1.3783236e-03
  -2.0275351e-01  -1.8754393e-02   1.9637534e+00  -3.0076010e-03   1.2198902e-04   5.0642808e-04
  -1.8649228e-01  -1.4365135e-02   1.9852222e+00  -2.5543878e-03  -2.3035326e-04   1.1074299e-04
  -2.0570124e-01  -6.6502567e-03   1.9696818e+00  -3.2344421e-03   2.1257516e-04   7.1755270e-04
  -1.9094827e-01  -4.2827425e-02   2.0234597e+00  -2.8423311e-03   7.8872590e-05   3.6452702e-04
  -1.6747757e-01  -3.5274304e-02   1.9974009e+00  -2.9954700e-03  -2.3745157e-04  -7.3740921e-05
  -2.0566298e-01  -1.9800149e-02   2.0509708e+00  -2.3468320e-03   5.7715765e-05   1.0384818e-03
  -2.2109600e-01  -1.0635991e-02   2.0600241e+00  -2.4680254e-03   2.2853400e-04   1.1047653e-03
  -1.8226750e-01   4.8915703e-03   2.0602785e+00  -2.5578284e-03   3.3038031e-04   3.8300300e-04
  -2.3331124e-01   8.4534288e-03   2.0696175e+00  -2.7407988e-03   1.8870962e-04   1.5746091e-03
  -1.6356821e-01   1.3384831e-02   2.0496341e+00  -2.9613969e-03   3.4368410e-04  -4.9939722e-04
  -2.1518582e-01  -5.0761407e-02   2.0613393e+00  -2.6978946e-03   5.0497435e-04   1.2031491e-03
  -2.1645351e-01   6.1103751e-03   2.0880255e+00  -2.5231105e-03   2.5723857e-04   1.0048677e-03
  -2.0637634e-01  -2.2570627e-02   2.1014977e+00  -2.6794572e-03  -4.5757478e-04   5.8044784e-04
  -1.8475063e-01  -1.9576722e-02   2.0916470e+00  -3.1445746e-03   1.1239718e-04   6.1994576e-04
  -1.9370611e-01  -1.8438632e-02   2.1623439e+00  -1.6620470e-03  -1.5251391e-04   7.7760449e-04
  -1.9237005e-01  -3.4275873e-02   2.1315700e+00  -3.0610966e-03   6.8764321e-07   8.7919147e-04
  -1.9312737e-01   7.8953550e-03   2.1433641e+00  -2.8502530e-03   5.0755467e-04   2.1272797e-04
  -2.0885674e-01  -1.3906295e-02   2.1811814e+00  -1.9506627e-03   2.5825522e-04   8.7729331e-04
  -2.5761962e-01  -9.7650389e-02   2.1309012e+00  -4.1864156e-03  -6.6735487e-04   2.2550080e-03
  -1.8422045e-01   1.3382981e-02   2.1942085e+00  -2.3675376e-03  -3.5194621e-04   9.1245007e-05
  -2.0388934e-01  -7.1061376e-03   2.1338700e+00  -3.7876593e-03   6.7756306e-05   8.3131815e-04
  -1.8825280e-01  -1.5377794e-03   2.1705181e+00  -3.1608234e-03   7.3020390e-04   8.6691568e-04
  -2.3168101e-01   1.0915474e-02   2.1773204e+00  -3.4223126e-03  -1.2293698e-04   1.4923478e-03
  -2.2466667e-01   2.5893580e-02   2.1956008e+00  -3.8052483e-03   4.6312788e-04   1.1634752e-03
  -1.9211534e-01   4.8547136e-02   2.2091770e+00  -3.0836276e-03   1.2511932e-04   7.3567557e-04
  -1.8676259e-01   2.7314016e-02   2.1757444e+00  -3.4799836e-03   7.5462570e-04   5.7046320e-04
  -2.4318382e-01  -5.1329023e-03   2.1962530e+00  -3.3145935e-03  -6.8425679e-05   1.8672070e-03
  -2.2215691e-01  -7.4367951e-03   2.2403424e+00  -2.6920741e-03   1.2721863e-04   1.4785931e-03
  -1.9816316e-01   2.0028150e-02   2.2364581e+00  -2.6809004e-03   2.0314975e-04   1.9277808e-04
  -2.0453542e-01   2.9301366e-02   2.3022647e+00  -2.1695816e-03   3.8834651e-04   8.7870471e-04
  -2.0222761e-01   4.1773955e-02   2.2976377e+00  -2.1744373e-03   4.0600909e-04   1.1616840e-03
  -2.0657811e-01   6.1683021e-02   2.2904490e+00  -2.8995882e-03  -1.6114359e-04   1.1070820e-03
  -1.9472105e-01   5.3308323e-02   2.3432268e+00  -2.2859930e-03   4.5970047e-04   9.5473814e-04
  -1.8963187e-01   4.8722037e-02   2.3265108e+00  -2.8807225e-03   3.6111600e-04   1.1078518e-03
  -2.3888198e-01   4.1218260e-02   2.3099236e+00  -2.8878505e-03   5.0117169e-04   1.9263640e-03
  -2.0279415e-01   3.9773634e-02   2.3325367e+00  -2.5571612e-03   7.5133081e-04   1.1472038e-03
  -1.9420324e-01   2.6300241e-02   2.3743941e+00  -2.0954437e-03   2.5826294e-04   1.0530517e-03
  -2.1197332e-01   3.4247820e-02   2.3548926e+00  -2.4917909e-03   1.1272185e-05   9.6188783e-04
  -2.0427957e-01   1.4289520e-02   2.3897975e+00  -2.2538636e-03  -3.3594233e-04   1.1384862e-03
  -2.1584768e-01   3.9131625e-02   2.3879154e+00  -2.2414693e-03   8.5846742e-04   1.5185984e-03
  -1.9234690e-01   2.8872301e-02   2.3970117e+00  -3.3867652e-03   1.4370696e-04   1.0672101e-03
  -1.7044439e-01   6.5540789e-02   2.4470952e+00  -2.1385882e-03   5.0209947e-04   6.6192140e-04
  -2.0720474e-01   6.7992778e-02   2.4235907e+00  -2.9154624e-03   7.5038162e-04   1.4137860e-03
  -2.0497941e-01   5.1694854e-02   2.4237904e+00  -3.3745427e-03   3.5811067e-05   7.0715938e-04
  -2.1568754e-01   7.3981545e-02   2.4606440e+00  -2.0779419e-03   7.4902851e-05   1.2759149e-03
  -2.1849915e-01   7.3458690e-02   2.4185811e+00  -3.2215867e-03   4.2759362e-04   1.4965171e-03
  -1.8390934e-01   6.9470575e-02   2.4279658e+00  -3.2613611e-03   5.5609204e-04   3.4970308e-04
  -2.0914223e-01   7.4029005e-02   2.4787607e+00  -2.1048631e-03   1.3998080e-04   1.0085327e-03
  -2.0255537e-01   9.0375004e-02   2.4933602e+00  -2.0573336e-03   9.4335144e-04   1.2356923e-03
  -1.8715783e-01   2.9608336e-02   2.4649388e+00  -2.8372935e-03   5.0995196e-04   9.3071542e-04
  -2.0997398e-01   7.8380072e-02   2.4873421e+00  -2.1925629e-03   8.8501488e-04   1.0208248e-03
  -2.0188915e-01   5.7064472e-02   2.4929693e+00  -2.5246627e-03  -2.0688014e-04   1.1564528e-03
  -1.9404289e-01   7.0178645e-02   2.5089980e+00  -2.4867711e-03   4.8286315e-04   6.5166595e-04
  -1.8130994e-01   7.0899768e-02   2.5712767e+00  -1.7325214e-03   1.6692951e-04   8.9967906e-04
  -1.7220378e-01   5.4330838e-02   2.5453802e+00  -2.6280687e-03   8.7151732e-04   3.8412101e-04
  -1.7958550e-01   8.9221386e-02   2.5931532e+00  -1.8174866e-03   9.7436455e-04   6.4555206e-04
  -2.0919872e-01   7.5742348e-02   2.5570959e+00  -2.7718270e-03   3.2795080e-04   1.2854077e-03
  -1.9496542e-01   8.0526303e-02   2.6128703e+00  -1.7875608e-03   6.1626382e-04   7.2433150e-04
  -1.8303373e-01   1.0595741e-01   2.6185729e+00  -1.8602184e-03   6.7994985e-05   4.5967968e-04
  -1.8131989e-01   8.0375053e-02   2.6473189e+00  -1.3386159e-03   5.9173671e-04   1.2675585e-03
  -1.7578094e-01   8.4496340e-02   2.6462870e+00  -1.7947542e-03  -5.7417853e-05   7.7542631e-04
  -1.5279728e-01   6.5121516e-02   2.6177538e+00  -2.0567805e-03   1.4862569e-03   2.6778133e-04
  -1.9849795e-01   6.8392124e-02   2.6502920e+00  -1.7336359e-03   6.1245615e-04   1.0224815e-03
  -1.8874029e-01   8.1752131e-02   2.6449168e+00  -2.2398055e-03   8.1048892e-04   1.0043799e-03
  -2.1215129e-01   7.8830606e-02   2.6099168e+00  -3.1103098e-03   6.7655398e-04   1.2999889e-03
  -1.9549178e-01   4.8192444e-02   2.6031569e+00  -2.9019043e-03   1.0154195e-03   1.0689768e-03
  -1.9178147e-01   9.8014896e-02   2.6431550e+00  -2.4327698e-03   1.2659625e-03   1.2518050e-03
  -1.8690503e-01   1.1367276e-01   2.6624691e+00  -2.6947188e-03   4.7491197e-04   8.2923229e-04
  -1.9785834e-01   9.3906349e-02   2.7104309e+00  -1.7580666e-03   1.8858748e-03   1.1270297e-03
  -2.0046655e-01   8.7570005e-02   2.6757849e+00  -2.5641720e-03   4.9537521e-04   9.4826711e-04
  -1.6541276e-01   9.0034859e-02   2.6929368e+00  -2.4282173e-03   4.3119604e-04   6.8173126e-04
  -1.7701544e-01   1.3781811e-01   2.7036140e+00  -2.4785068e-03   1.1646998e-03   6.5876338e-04
  -2.1517316e-01   1.0872588e-01   2.7346890e+00  -2.2021046e-03   6.9567823e-04   1.3278490e-03
  -1.8424480e-01   8.0050217e-02   2.7807879e+00  -1.3386985e-03   3.4218571e-04   8.2933326e-04
  -2.0201844e-01   1.0211838e-01   2.7852613e+00  -1.9878766e-03   7.3018762e-04   1.3903311e-03
  -1.8675462e-01   1.0002084e-01   2.8138221e+00  -1.6285529e-03   1.8859517e-04   5.6312293e-04
  -1.9654479e-01   9.3460422e-02   2.8425638e+00  -1.0741850e-03   5.6890817e-04   1.0188083e-03
  -1.9197510e-01   8.5423007e-02   2.8830464e+00  -7.6982397e-04   7.1923378e-04   1.0309985e-03
  -1.9436383e-01   1.4613263e-01   2.8505679e+00  -1.4389692e-03   5.4705816e-04   9.6702565e-04
  -1.8132085e-01   1.4048524e-01   2.8034758e+00  -2.5961935e-03   5.6466476e-04   9.4926801e-04
  -2.1419409e-01   1.3389554e-01   2.8082094e+00  -2.1193090e-03   2.9578195e-04   1.3697063e-03
  -1.8315500e-01   1.2986430e-01   2.7926529e+00  -2.7873243e-03   1.4235091e-03   8.6510670e-04
  -2.0148813e-01   1.2222159e-01   2.7799161e+00  -2.5857630e-03   5.0165860e-04   1.2077122e-03
  -2.2247749e-01   1.1803077e-01   2.8705690e+00  -8.6999165e-04   4.7294666e-04   1.3801245e-03
  -1.9103849e-01   9.6162811e-02   2.8557484e+00  -1.2778587e-03   9.4272189e-04   1.1579912e-03
  -1.8368845e-01   1.3651281e-01   2.8386385e+00  -1.8843732e-03   4.9152310e-04   5.0601024e-04
  -2.1759391e-01   1.3185236e-01   2.8774776e+00  -1.3132099e-03   8.3307140e-04   1.6028789e-03
  -1.5737234e-01   9.3763279e-02   2.9531261e+00   5.8558583e-04   1.1511646e-04  -1.8675393e-03
  -2.1589485e-01   1.1425743e-01   2.8991100e+00  -1.5016793e-03   4.7432476e-04   1.4380767e-03
  -2.0478699e-01   1.4149821e-01   2.9287142e+00  -1.6513161e-03   1.7952096e-04   1.2573721e-03
  -2.1028755e-01   1.7115629e-01   2.9474999e+00  -1.2520815e-03   2.7213683e-04   1.1537734e-03
  -1.8369045e-01   1.2895361e-01   2.8950884e+00  -2.5598156e-03   1.0519059e-03   8.9678590e-04
  -1.8612304e-01   1.4618026e-01   2.8845536e+00  -2.9663937e-03   1.2884342e-03   8.0694108e-04
  -2.1772000e-01   1.6552964e-01   2.9607958e+00  -1.7173771e-03   6.7877993e-04   1.0798756e-03
  -2.0813233e-01   1.7066587e-01   2.9125412e+00  -2.9443250e-03   7.1851318e-04   9.6932998e-04
  -2.1270816e-01   1.5078510e-01   2.9101409e+00  -2.3738737e-03   6.9086108e-04   1.3429343e-03
  -2.1801420e-01   2.4528713e-01   2.9127508e+00  -1.9300649e-03   1.0602897e-03   1.3758422e-03
  -2.2291575e-01   1.3800406e-01   2.9290085e+00  -2.7194140e-03   6.9000683e-04   1.6973496e-03
  -1.9614757e-01   1.4459925e-01   2.9563952e+00  -2.6361929e-03   8.9014627e-04   1.4871509e-03
  -2.2727370e-01   1.7768459e-01   3.0108863e+00  -1.0843924e-03   4.1600959e-04   1.1565856e-03
  -1.7749518e-01   1.6858160e-01   3.0318988e+00  -1.1805305e-03   1.1623616e-03   6.0961027e-04
  -1.9853912e-01   1.5569648e-01   3.0416287e+00  -1.2470565e-03   5.4273045e-04   5.4532979e-04
  -1.8690699e-01   1.5155315e-01   3.0497241e+00  -1.1001574e-03   1.3077706e-03   1.1641775e-03
  -1.9219592e-01   1.8606421e-01   3.0838387e+00  -9.0854820e-04   6.4232216e-04   1.1649044e-03
  -1.9684735e-01   1.5955410e-01   3.0894918e+00  -1.1941956e-03   1.2209580e-03   1.5706558e-03
  -2.2622007e-01   1.6553678e-01   3.1004985e+00  -5.7078106e-04   1.6275900e-03   1.7726372e-03
  -2.1853104e-01   1.7429904e-01   3.0694456e+00  -1.3959192e-03   7.7297091e-04   1.2981996e-03
  -1.9730789e-01   1.5024308e-01   3.0619442e+00  -1.8516859e-03   1.3233684e-03   1.3799985e-03
  -1.9053419e-01   2.0431565e-01   3.1007245e+00  -1.1415730e-03   9.8693964e-04   7.1136160e-04
  -2.1406006e-01   1.7024374e-01   3.1026202e+00  -1.5715189e-03   7.8613270e-04   1.3326860e-03
  -2.1257305e-01   1.9118248e-01   3.0922766e+00  -1.6315436e-03   7.7887146e-04   1.5247348e-03
  -2.0904334e-01   1.3426356e-01   3.1234883e+00  -9.0639353e-04   1.1357144e-03   1.2673770e-03
  -2.0052288e-01   1.3209832e-01   3.1392345e+00  -1.0697735e-03   9.6819423e-04   1.1061601e-03
  -2.1531456e-01   1.7064393e-01   3.2043303e+00  -4.1749206e-04   4.9881054e-04   1.3917751e-03
  -2.0409016e-01   1.7603767e-01   3.1418958e+00  -1.3013756e-03   1.0665838e-03   1.4504401e-03
  -1.9155607e-01   2.2142371e-01   3.1697714e+00  -1.4917190e-03   1.1401609e-03   9.2334138e-04
  -2.0122656e-01   1.9262832e-01   3.1819183e+00  -1.5905465e-03   9.1782909e-04   8.1030807e-04
  -1.8816486e-01   1.9576728e-01   3.1947483e+00  -9.5693728e-04   8.8069944e-04   1.3086273e-03
  -1.9722122e-01   2.1479880e-01   3.1611058e+00  -1.8244094e-03   6.5084214e-04   1.2269458e-03
  -1.9579415e-01   1.7800588e-01   3.2038072e+00  -1.1431237e-03   1.5093732e-03   1.1805959e-03
  -1.8116511e-01   2.0845710e-01   3.2078003e+00  -1.0405615e-03   8.3995335e-04   8.6383537e-04
  -2.2373445e-01   2.1634924e-01   3.2309019e+00  -3.3363820e-04   1.6558446e-03   2.4006314e-03
  -1.6820805e-01   2.3184611e-01   3.2086307e+00  -1.1090039e-03   9.7297067e-04   5.2785709e-04
  -1.9240176e-01   1.9894544e-01   3.2444888e+00  -6.0045404e-04   1.3745993e-03   8.8399472e-04
  -2.1900634e-01   2.1265457e-01   3.2707338e+00  -7.1618491e-04   1.1271998e-03   1.7111597e-03
  -2.2403662e-01   2.0590445e-01   3.2961916e+00  -5.6662405e-04   1.3423527e-03   1.4000744e-03
  -2.8118616e-01  -3.2829947e-02   3.2061917e+00  -3.5741540e-03   1.1302382e-03   3.2901932e-03
  -1.9282813e-01   1.9990136e-01   3.2520400e+00  -1.6118650e-03   6.7731239e-04   9.7985891e-04
  -2.1342648e-01   1.9736468e-01   3.2980485e+00  -2.7277939e-04   4.8870526e-04   1.1101492e-03
  -2.0417274e-01   1.9325921e-01   3.3065396e+00  -8.9808315e-04   5.9754173e-04   8.2138446e-04
  -1.8815540e-01   1.9147176e-01   3.2758923e+00  -1.2640951e-03   1.2063583e-03   1.0892912e-03
  -1.9441462e-01   1.9854366e-01   3.3106775e+00  -1.0471230e-03   1.5515797e-03   1.5002863e-03
  -2.0173922e-01   2.1831196e-01   3.3951007e+00   6.7277228e-06   7.1740439e-04   1.1733658e-03
  -2.0079976e-01   2.0832376e-01   3.4006960e+00  -1.7801923e-04   6.1692577e-04   8.5168105e-04
  -1.9892660e-01   1.8802175e-01   3.3432160e+00  -1.0261389e-03   1.7286041e-03   1.1509824e-03
  -1.9897914e-01   2.0859467e-01   3.3599415e+00  -7.7733065e-04   1.1052976e-03   1.0661108e-03
  -2.0503276e-01   2.8178866e-01   3.3604581e+00  -1.2236966e-03   1.4259658e-03   1.1824942e-03
  -1.8144146e-01   2.5801993e-01   3.3724570e+00  -4.9478346e-04   7.0559812e-05  -2.3959566e-04
  -1.8304016e-01   2.0764834e-01   3.3730998e+00  -9.6901087e-04   1.4077401e-03   1.0008399e-03
  -2.1094756e-01   2.0085701e-01   3.3558367e+00  -1.7228695e-03   9.6345702e-04   1.2142159e-03
  -1.9964084e-01   1.9970769e-01   3.3420033e+00  -1.9869307e-03   1.0043455e-03   1.0881402e-03
  -2.1348293e-01   2.0455281e-01   3.3680963e+00  -1.2288493e-03   7.6809378e-04   1.0425903e-03
  -1.8782078e-01   2.1258534e-01   3.3814575e+00  -1.3196203e-03   1.9253528e-04   8.8263993e-04
  -2.1397674e-01   1.9787389e-01   3.4434698e+00  -1.1019266e-04   1.5334899e-03   1.4762074e-03
  -2.0012729e-01   2.3422882e-01   3.4472317e+00  -9.1672758e-04   1.1821073e-03   1.1670157e-03
  -1.9398418e-01   2.1614883e-01   3.4610275e+00  -9.3848334e-04   1.3488365e-03   1.1464248e-03
  -2.3491767e-01   2.1206826e-01   3.4158263e+00  -1.3993921e-03   9.8619086e-04   1.8101385e-03
  -1.7436239e-01   1.8842380e-01   3.4430064e+00  -1.4216290e-03   1.4651231e-03   8.0778042e-04
  -2.0924154e-01   1.7411903e-01   3.5179746e+00  -1.5398660e-04   1.8203480e-03   1.3582098e-03
  -2.1548379e-01   2.2075879e-01   3.4882401e+00  -1.1496605e-03   5.5084996e-04   1.4498278e-03
  -2.1277871e-01   2.1435856e-01   3.5058159e+00  -5.2575456e-04   8.8222611e-04   1.4513904e-03
  -2.0063142e-01   2.3301453e-01   3.5178953e+00  -9.2199776e-04   1.8022529e-03   1.6506670e-03
  -2.1540189e-01   2.4595587e-01   3.4867088e+00  -1.4328502e-03   1.0152908e-03   1.2006664e-03
  -1.9623720e-01   2.0406832e-01   3.4820614e+00  -1.4649672e-03   1.2807141e-03   1.2157748e-03
  -1.9463818e-01   2.2434863e-01   3.4724299e+00  -1.7634443e-03   1.0689020e-03   8.0936803e-04
  -2.0877421e-01   2.6967804e-01   3.5151478e+00  -1.2558843e-03   6.4415895e-04   1.1628493e-03
  -1.9600656e-01   2.4372222e-01   3.5215194e+00  -1.6076313e-03   1.0311226e-03   1.0193003e-03
  -2.1239453e-01   2.4843882e-01   3.5429983e+00  -1.0191903e-03   1.3839402e-03   1.3704290e-03
  -1.9173358e-01   2.4412671e-01   3.5364013e+00  -1.8193719e-03   6.4948705e-04   4.9049886e-04
  -1.9842456e-01   2.3081753e-01   3.5380736e+00  -1.9431755e-03   1.1079870e-03   1.3235810e-03
  -2.0991677e-01   2.5986538e-01   3.5673157e+00  -1.0285950e-03   9.6050966e-04   1.2737056e-03
  -1.8471997e-01   2.4613674e-01   3.5519174e+00  -1.4924009e-03   7.6132993e-04   7.2466666e-04
  -1.8655454e-01   2.0622086e-01   3.5576200e+00  -1.4541069e-03   1.4611975e-03   9.3929630e-04
  -2.0269317e-01   2.3723704e-01   3.5596875e+00  -1.7497579e-03   1.2263410e-03   1.5291275e-03
  -1.9173593e-01   2.3075443e-01   3.5936692e+00  -1.3965767e-03   1.4267180e-03   1.5713313e-03
  -1.8031923e-01   2.6160340e-01   3.5993477e+00  -1.0717001e-03   7.7911919e-04   4.6638948e-04
  -1.8648366e-01   2.5278859e-01   3.6139516e+00  -1.5065471e-03   8.9810702e-04   1.3357142e-03
  -1.8639420e-01   2.4860904e-01   3.6171709e+00  -1.2488308e-03   1.0948080e-03   8.9248383e-04
  -2.0593188e-01   2.3565394e-01   3.6216160e+00  -8.2450478e-04   9.3505413e-04   1.9517770e-03
  -2.1110894e-01   2.0683755e-01   3.6268335e+00  -1.4040808e-03   5.3909957e-04   9.9290473e-04
  -1.8820588e-01   2.7120004e-01   3.6539390e+00  -3.6443892e-04   9.9147449e-04   1.0065627e-03
  -2.0502072e-01   2.0994225e-01   3.6693514e+00  -7.9385907e-04   6.6894118e-04   1.7315985e-03
  -1.9152641e-01   2.3215803e-01   3.6779799e+00  -7.7721247e-04   1.4693692e-03   7.7631159e-04
  -1.7892701e-01   2.3198186e-01   3.6917279e+00  -1.0370595e-03   9.8097373e-04   7.4740447e-04
  -2.0531577e-01   2.7319607e-01   3.6723789e+00  -1.2731319e-03   1.2227830e-03   1.5339527e-03
  -2.0759662e-01   2.5018795e-01   3.6977690e+00  -1.7128903e-03   9.6969122e-04   1.2490293e-03
  -1.9174271e-01   2.2542418e-01   3.7429848e+00  -5.9033221e-04   9.1043268e-04   6.4712894e-04
  -1.9902903e-01   2.5049695e-01   3.7285380e+00  -1.6018814e-03   1.2139570e-03   1.7432736e-03
  -2.1364425e-01   2.6009339e-01   3.7508099e+00  -8.4258658e-04  -4.0039737e-05   1.1901135e-03
  -2.2966385e-01   2.2570823e-01   3.7407456e+00  -1.1562486e-03   8.4187562e-04   1.6781153e-03
  -2.2501222e-01   2.5633473e-01   3.7393030e+00  -1.8859240e-03   1.1016419e-03   1.6144338e-03
  -1.8457165e-01   2.3295442e-01   3.7714466e+00  -3.2917653e-04   9.9783653e-04   1.1198041e-03
  -1.6612675e-01   2.6997699e-01   3.8097098e+00   2.5456635e-04   9.7115266e-04  -6.3199312e-04
  -1.8566001e-01   2.6301452e-01   3.7712410e+00  -6.7937855e-04   4.9434920e-04   6.0890983e-04
  -1.9706276e-01   2.3874861e-01   3.7804772e+00  -6.7525139e-04   9.0962452e-04   8.6865166e-04
  -1.8544540e-01   2.5572155e-01   3.8450928e+00   3.2646667e-04   6.7093547e-04   6.4962059e-04
  -2.0393297e-01   2.4286227e-01   3.8399215e+00   1.0668373e-05   2.8539455e-04   1.3134776e-03
  -1.8176980e-01   2.7170608e-01   3.7974773e+00  -9.9145937e-04   9.2276873e-04   1.3170266e-03
  -2.0483925e-01   2.7381863e-01   3.8192902e+00  -1.0265305e-03   1.9873804e-04   6.2515049e-04
  -1.5818284e-01   2.8890668e-01   3.8114762e+00  -7.2379576e-04   1.1266914e-03   3.1096689e-04
  -1.6007712e-01   2.8303215e-01   3.8319676e+00  -3.2924663e-04   1.4644722e-03   4.7666251e-04
  -1.8577651e-01   2.6045852e-01   3.8401585e+00  -6.0981307e-04   1.5822565e-03   1.5332136e-03
  -2.0427571e-01   2.6684310e-01   3.8197549e+00  -9.5415768e-04   8.4382368e-04   1.2442295e-03
  -1.6867542e-01   2.7454640e-01   3.8140234e+00  -1.6920362e-03   7.1116147e-04   9.6309301e-04
  -1.9281121e-01   2.7581670e-01   3.8316873e+00  -1.2869237e-03   1.0707632e-03   6.7002907e-04
  -2.1385693e-01   2.3993516e-01   3.8363750e+00  -1.3531203e-03   1.2101024e-03   1.6104319e-03
  -1.8094661e-01   2.7578681e-01   3.8668566e+00  -5.7184178e-04   2.4386267e-05   5.6039570e-04
  -1.9051657e-01   2.5968979e-01   3.8596966e+00  -7.2348379e-04   8.6521868e-04   4.1875565e-04
  -1.9024180e-01   2.9350401e-01   3.8602561e+00  -1.0367977e-03   1.3638816e-03   8.9911188e-04
  -2.1126933e-01   3.1208202e-01   3.8624998e+00  -1.2686856e-03   3.3140437e-04   1.2853436e-03
  -1.7667068e-01   2.7381371e-01   3.8888566e+00  -1.0406591e-03   1.4640760e-03   8.5167505e-04
  -2.0214618e-01   2.7112311e-01   3.8934573e+00  -1.2168922e-03   5.9604336e-04   9.9059560e-04
  -1.8073717e-01   2.5027556e-01   3.9104318e+00  -7.9344728e-04   7.8880364e-04   3.5406134e-04
  -1.9715841e-01   2.5576362e-01   3.9159439e+00  -4.5681304e-04   1.1130402e-03   8.8983246e-04
  -1.8916075e-01   2.6672152e-01   3.9546465e+00  -3.5546234e-04   1.1328488e-03   7.2959722e-04
  -1.9941271e-01   2.8047404e-01   3.9259627e+00  -1.0563980e-03   5.0258220e-04   1.1593434e-03
  -1.8984181e-01   2.9693511e-01   3.9545333e+00  -6.2715566e-04   5.9629872e-04   8.3226703e-04
  -1.8789697e-01   2.8913655e-01   3.9346390e+00  -1.3662100e-03   6.5577110e-04   1.0476125e-03
  -1.9215703e-01   2.7102505e-01   3.9523293e+00  -8.4129522e-04   1.3499158e-03   1.5092426e-03
  -2.0722765e-01   2.6523690e-01   3.9559026e+00  -1.0296601e-03   9.1268442e-04   1.6676402e-03
  -1.9067197e-01   2.4746987e-01   3.9944939e+00  -1.0557598e-03   3.5168395e-04   1.7136643e-04
  -1.9795201e-01   2.8324650e-01   4.0339737e+00  -3.7219530e-04   8.6422815e-04   1.3086700e-03
  -1.7253686e-01   2.7500147e-01   4.0416283e+00  -6.8995929e-04   1.6670232e-03   9.7889010e-04
  -2.1895634e-01   2.8226796e-01   4.0190377e+00  -8.4158054e-04   1.5508652e-03   1.5570713e-03
  -1.9451815e-01   3.2909162e-01   4.0742151e+00   2.4109567e-04   1.2066304e-03   1.6470906e-03
  -1.6627325e-01   2.8633970e-01   4.0705628e+00  -6.4865998e-05   1.5024581e-03   6.4642316e-04
  -1.5708512e-01   2.5301331e-01   4.0661777e+00  -1.6136476e-04   1.7294101e-03   7.4353135e-04
  -2.0328883e-01   2.6986639e-01   4.0803260e+00  -2.5399987e-04   5.5056078e-04   8.9634950e-04
  -1.9806792e-01   2.8709445e-01   4.0257418e+00  -1.1112297e-03   1.3016767e-03   8.6925474e-04
  -1.4291345e-01   2.9416866e-01   4.0622445e+00  -5.2383054e-04   6.1921787e-04  -2.2057484e-04
  -1.9853053e-01   3.0060586e-01   4.0695064e+00  -3.8910617e-04   1.3725927e-03   1.6293702e-03
  -1.8760339e-01   3.1239086e-01   4.0922800e+00  -4.5491553e-04   1.2927813e-03   1.1586323e-03
  -1.8194826e-01   3.0917358e-01   4.0857185e+00  -9.5751729e-04   1.1812510e-03   5.8705218e-04
  -1.9057305e-01   3.1682624e-01   4.1238699e+00  -2.4135103e-04   7.0671111e-04   1.0031187e-03
  -1.7377596e-01   2.9609526e-01   4.0946037e+00  -6.2232272e-04   1.3594699e-03   1.1382061e-03
  -1.7401147e-01   2.8900151e-01   4.0296576e+00  -1.2705813e-03   5.9290571e-04   3.9880849e-04
  -1.7040087e-01   2.9836789e-01   4.0769725e+00  -1.0436909e-03   1.4308013e-03   2.2851617e-04
  -1.8675876e-01   2.7781761e-01   4.1411540e+00  -1.2535961e-04   1.1599110e-03   6.2606211e-04
  -1.9959343e-01   2.9143999e-01   4.1686634e+00   3.1176947e-04   6.2198670e-04   7.0460449e-04
  -2.2329382e-01   3.0447800e-01   4.1499312e+00  -7.5994108e-04   3.4966615e-04   1.8668061e-03
  -1.9194556e-01   2.7544884e-01   4.1566092e+00  -9.0337803e-04   1.0272877e-03   1.3960596e-03
