   0.0000000e+00  -1.4210855e-14   0.0000000e+00   0.0000000e+00   0.0000000e+00   0.0000000e+00
   6.6705368e-03  -3.4342445e-02  -7.0175360e-02   6.6136568e-04  -8.6063887e-04   4.0593765e-04
   2.5362195e-02   8.0238479e-03   6.4026126e-02  -7.0299161e-04  -1.0135472e-03  -5.7615825e-04
   1.7621816e-03   7.1541933e-04   8.4507106e-02  -1.2892622e-03  -9.5202006e-04   1.3204457e-04
   8.1579560e-03   1.2081549e-02  -3.9787532e-02  -1.8974789e-03  -6.5920234e-04   3.2434397e-04
   2.5900511e-02   1.3961136e-02   5.6889776e-02  -1.1699438e-03  -1.6780070e-03  -5.6744719e-04
   1.9355393e-02  -2.5273079e-02  -2.2440716e-03  -1.7133992e-04  -1.1912884e-03  -2.2605727e-04
  -1.1874716e-02  -1.0542559e-01   9.9580104e-02  -1.0152318e-03  -2.5248702e-03   2.9388524e-04
   1.7522552e-02   2.4783324e-02   1.0943196e-01  -1.2911972e-03  -1.7778627e-03  -2.8757315e-04
  -1.1486349e-02  -3.5702904e-03   4.2207280e-02   1.3917830e-03  -2.0894039e-03   1.5908225e-05
   2.5468804e-02   3.3556436e-02   5.8922828e-02  -1.6298009e-03  -2.3962795e-03  -7.3538550e-04
   1.6194000e-02  -7.0381024e-03  -4.5747681e-02  -8.6026591e-04  -1.4905284e-03   4.0795641e-06
  -1.0364303e-02   2.2711555e-02   2.9411964e-02  -3.3546698e-04  -2.7626584e-03  -1.7523966e-04
  -3.7875069e-03   1.3437577e-02   4.6413951e-02  -1.2694128e-03  -2.1578925e-03  -1.9733354e-04
  -3.2095075e-02   9.2479515e-03  -1.1443240e-01  -2.1267915e-03  -1.6028539e-03   5.6832782e-04
  -2.9249211e-03   4.1885445e-02   8.4085782e-03  -1.0729251e-03  -9.9638410e-04  -3.2881409e-04
  -1.0856363e-02   3.1952848e-02   5.0673981e-02  -7.0357232e-04  -1.3292910e-03  -2.4627202e-04
   1.3551432e-02  -1.0988726e-02  -1.3062876e-01   1.1667052e-03  -3.5550138e-04  -2.0587590e-04
   3.0588525e-03   2.5879331e-02  -4.6795863e-03   4.6875014e-04  -1.1746616e-03  -6.8589647e-04
  -1.2428811e-02   3.1282835e-02   3.0335335e-02  -6.6675459e-04  -4.5781156e-04  -2.1680652e-04
  -7.7119997e-03  -2.2138751e-01  -2.1187618e-01  -2.7111954e-03  -9.9033010e-04  -9.3349952e-06
  -1.4806730e-02   1.5840150e-02   2.1485806e-02  -4.3217918e-04  -6.4575369e-04  -1.1763817e-04
   1.7339951e-02   1.6395753e-02  -1.8461646e-01  -3.3059733e-03   3.1269326e-04  -4.6988734e-04
  -5.1332479e-03   3.8215563e-03   6.9504720e-02   2.6921732e-03  -1.7483855e-03  -5.3697477e-04
  -5.0862224e-02   1.6592255e-02   1.5769906e-01  -2.8983962e-03  -1.7313100e-03   3.2635178e-04
  -3.5811151e-02   2.7642892e-02  -5.5525436e-02  -3.3503622e-03  -1.0545751e-03   3.7216080e-04
  -1.9960498e-02   3.7245530e-02   2.6467455e-02   3.1482928e-05  -1.8899692e-03  -3.5531483e-04
  -3.0860998e-02  -5.7715174e-03  -4.6496686e-02  -2.0437256e-04  -1.5598250e-03  -1.1023156e-04
  -2.4605881e-02   3.5264700e-02   8.8569194e-02   8.8818974e-04  -2.7310451e-03  -9.9059627e-04
  -3.7511843e-02   3.0280793e-02   1.0614895e-01  -1.7283903e-03  -2.8298052e-03  -5.2146743e-04
  -3.1312229e-02   4.1365244e-02  -5.7552565e-02  -1.7655118e-03  -1.6976129e-03   1.0620398e-04
  -2.3433275e-03   4.1116926e-02   8.5700233e-02   1.5488185e-05  -1.2823440e-03  -8.0023161e-04
   1.4721158e-03   3.0287606e-02  -1.0483116e-01  -3.7289379e-03  -2.5641760e-04  -4.9371382e-04
  -1.8987955e-02  -2.9821203e-02   9.0026468e-02   2.8527260e-03  -2.1103222e-03  -7.8600015e-04
  -1.7174789e-02   4.3329364e-02   1.2058489e-01  -6.7204066e-04  -1.7064102e-03  -4.5781941e-04
  -1.2906834e-02   5.2688892e-02  -5.2889699e-02  -3.2203676e-03  -1.1094794e-03  -4.0232459e-04
  -3.9777815e-02   2.2787353e-02   1.2568191e-01   2.4241290e-03  -1.0863656e-03  -2.5244130e-04
  -4.1433568e-02   6.2565071e-02   1.5042639e-01  -2.2699428e-03  -1.4278948e-03  -4.4148961e-04
  -4.2232089e-02   5.3431988e-03  -7.3595148e-02  -2.5100218e-03  -6.7429540e-04   4.5676418e-04
  -1.0753231e-02   4.2983531e-02   1.0491110e-01   1.4078492e-03  -1.7685813e-03  -8.0036335e-04
  -2.1902774e-02   6.7129121e-02   1.5306004e-01  -2.7132886e-03  -1.2794463e-03  -5.7208151e-04
  -1.9889356e-02   2.4000551e-02   1.9003423e-02   1.0932498e-03  -1.6585404e-03  -8.8193803e-04
  -3.8306293e-02   4.2368097e-02   1.5299512e-01  -2.2315651e-03  -1.9562698e-03  -5.7376795e-04
  -5.2935926e-02   4.8998104e-02   2.8360453e-02  -3.2506952e-03  -1.1185586e-03   5.5481817e-05
  -6.2534249e-02   5.3056601e-02   1.6392759e-01  -1.2547696e-03  -3.4660084e-03  -1.6068351e-03
  -7.9508845e-02   4.4290582e-02   1.6287425e-01  -2.3139891e-03  -3.4411544e-03  -8.9773259e-04
  -7.2352157e-02   4.4326628e-02   2.1281940e-01  -1.4436470e-03  -2.7982676e-03  -7.9810940e-04
  -7.1509252e-02   5.0196784e-02   5.3374619e-02  -1.7473361e-03  -1.9022372e-03  -4.2221118e-04
  -4.4547335e-02   8.1521530e-02   1.4813980e-01  -1.1767907e-03  -1.4747144e-03  -8.9009129e-04
  -7.1730084e-02   5.1426330e-02  -4.1204450e-02  -3.4130989e-03  -1.2695450e-03   1.1300128e-04
  -6.5713632e-02  -4.8023228e-02   2.3868915e-01   3.2263270e-03  -1.9937967e-03  -9.5163207e-04
  -7.2631440e-02   9.8360985e-02   1.9117639e-01  -2.5733394e-03  -1.1912213e-03  -5.8792084e-04
  -3.3647797e-02   7.0956361e-02   3.9633928e-02   9.4398644e-04  -4.6560093e-04  -7.2623819e-04
  -7.1363603e-02   9.9664336e-02   2.2859034e-01  -9.6628036e-05  -7.9451828e-04  -8.6511410e-04
  -5.4355185e-02   1.1348258e-01   1.6893428e-01  -3.1392645e-03   1.8448896e-04  -1.5044749e-03
  -5.3831526e-02   4.5928258e-02   2.2574882e-01   3.4324535e-03  -1.3134342e-03  -1.6498284e-03
  -7.8955571e-02   9.3902923e-02   2.4425987e-01  -8.6464471e-04  -4.7148018e-04  -8.8743080e-04
  -5.5091085e-02   3.4170410e-02   8.9650487e-03   1.2390094e-04  -4.8180953e-05  -7.3956650e-04
  -1.0527541e-01   8.5437974e-02   2.8413653e-01  -1.1648202e-03  -7.5701452e-04  -1.6838559e-04
  -7.9666885e-02   1.1283500e-01   2.8167547e-01  -2.0207752e-03  -6.8952498e-04  -4.9570485e-04
  -6.3489030e-02   1.9454575e-02   9.8206866e-02   2.3163160e-03  -7.2090695e-04  -6.8394772e-04
  -9.0814181e-02   9.7293578e-02   3.0938791e-01  -5.6615084e-04  -2.0426409e-04   1.2866696e-04
  -9.7852244e-02   1.0407992e-01   2.6900325e-01  -3.0520494e-03  -5.0755440e-04  -8.5347345e-05
  -9.1332901e-02   6.1109693e-02   1.0481480e-01   1.5634388e-03  -5.2854325e-04   1.5252158e-04
  -7.7026152e-02   9.0077916e-02   2.3721782e-01  -1.8620694e-03  -4.5811724e-04  -4.8937981e-04
  -7.7765831e-02   7.8531810e-02   9.9335736e-02  -2.5307157e-03  -1.1151833e-03  -1.0928696e-03
  -8.8300630e-02   8.8119693e-02   2.3622234e-01  -1.5501741e-03  -1.5259643e-03  -9.9498323e-04
  -9.0060088e-02   1.0990608e-01   1.3287248e-01  -3.8462435e-03  -8.9336247e-05  -4.8030430e-04
  -9.9699880e-02   6.5941614e-02   3.0010801e-01   1.7273453e-03  -1.9125797e-03  -1.0058161e-03
  -1.0792601e-01   9.2292154e-02   3.3757949e-01  -1.5566534e-03  -7.9974287e-04  -3.9654947e-04
  -8.5330619e-02   6.8700539e-02   9.7968248e-02  -3.0820626e-03  -4.3219055e-04  -6.8180505e-04
  -1.1700351e-01   8.7648043e-02   3.3772152e-01  -2.3887301e-03  -1.0165733e-03  -7.1684129e-04
  -1.1310708e-01   1.1753209e-01   3.2484966e-01  -3.3856532e-03  -9.7922576e-04  -7.7804708e-04
  -9.2362486e-02   6.3821852e-02   2.2255373e-01   6.4278794e-04   2.3477927e-04  -4.2604407e-04
  -1.1155941e-01   8.4949373e-02   3.3282065e-01  -2.6591958e-03  -4.5160002e-04  -4.7046570e-04
  -9.7012200e-02   9.9670620e-02   1.5477577e-01  -6.2688172e-03   5.0655137e-04  -8.8433021e-04
  -9.7389480e-02   1.0131113e-01   3.7419753e-01   3.1177165e-03  -3.4667166e-04  -7.8375544e-04
  -1.0258311e-01   1.2460751e-01   4.2322251e-01  -8.2623980e-04  -3.6527384e-04  -6.0541433e-04
  -1.1806810e-01   1.4186731e-01   3.9682157e-01  -1.9108178e-03  -2.8556373e-04  -2.1400796e-04
  -1.1377941e-01   8.2979326e-02   2.7876626e-01   9.4303806e-04  -3.6721986e-04  -6.0750858e-04
  -1.1482587e-01   1.1423625e-01   3.5716180e-01  -2.3588546e-03  -5.0773856e-04  -5.4229936e-04
  -1.4078836e-01   1.1941882e-01   3.4146294e-01  -2.7297647e-03  -6.8843422e-04   8.5209490e-05
  -1.1397123e-01   7.1410220e-02   2.9338985e-01  -9.3168452e-04   1.7910098e-04  -1.1777098e-04
  -1.4354927e-01   1.2357681e-01   4.2865394e-01  -1.7326850e-03  -1.4416771e-03  -5.6091838e-05
  -1.2685490e-01   1.4923422e-01   3.6605147e-01  -4.3087055e-03  -5.1565263e-04  -3.8312568e-04
  -1.6411012e-01   8.3811624e-02   4.0152527e-01   3.2653446e-03  -1.8965512e-03  -5.9871148e-04
  -1.7038507e-01   1.1059683e-01   4.8673283e-01  -3.8651703e-03  -1.1092168e-03  -1.0313153e-04
  -1.8339279e-01   1.5503075e-01   4.8338684e-01  -4.3930107e-03  -7.8471532e-04   3.7439750e-04
  -1.2175978e-01   4.3491813e-02   3.4765577e-01   4.7522117e-03  -6.4704520e-04  -4.0863909e-05
  -1.3888405e-01   1.5160128e-01   5.0311913e-01  -3.3434663e-04  -7.4416383e-04  -4.7408149e-04
  -1.4466668e-01   1.2253463e-01   3.3297721e-01  -3.4284179e-03  -9.2456030e-05   7.8682346e-05
  -1.3343354e-01   1.3866961e-01   5.1744461e-01   1.6391032e-03  -3.3082677e-04  -1.0185270e-03
  -8.0657534e-02   1.0206262e-01   1.7750373e-01  -1.8977640e-03   7.0794125e-04  -1.1743283e-03
  -1.3935550e-01   1.3886946e-01   5.6819353e-01  -2.2604621e-04  -5.2418365e-04  -9.1747795e-04
  -1.6536046e-01   1.8731846e-01   5.3748072e-01  -3.0965104e-03  -2.1200588e-04  -1.1553316e-05
  -1.2630135e-01   1.0132511e-01   4.9689082e-01   2.8739061e-03  -2.5471802e-05  -1.0473911e-03
  -1.3538303e-01   1.2512231e-01   5.4886387e-01  -1.4549732e-03   3.6754590e-04  -3.7201000e-04
  -1.3653481e-01   1.3443055e-01   4.2126701e-01  -1.4286014e-03   3.7556116e-04  -4.1423554e-04
  -1.4749763e-01   1.5268614e-01   5.4440904e-01  -1.3857064e-03   2.7397321e-05  -9.3106625e-04
  -1.3267898e-01   1.6075674e-01   4.4770355e-01  -4.1295049e-03   8.9497899e-04  -3.8788579e-04
  -1.4123449e-01   1.6341660e-01   5.6131490e-01  -4.5926898e-04   1.7434556e-04  -7.0310634e-04
  -1.3105079e-01   1.6993113e-01   5.1023572e-01  -3.5451007e-03   4.7136617e-04  -1.1807863e-03
  -1.1541566e-01   7.1168293e-02   4.5486488e-01   1.8187209e-03   5.7589380e-04  -9.1936638e-04
  -1.5804893e-01   1.5544023e-01   5.7067091e-01  -2.2918466e-03   1.2381486e-04  -4.0952892e-04
  -1.4354883e-01   1.4195244e-01   3.9806446e-01  -3.4478577e-03   8.9040193e-04  -5.6574508e-04
  -1.2892998e-01   1.8095774e-01   5.8202690e-01  -5.7220642e-04   1.6024758e-04  -1.3243268e-03
  -1.0890428e-01   1.7491148e-01   5.4381387e-01  -3.5268177e-03   1.0877393e-03  -1.7406317e-03
  -1.1816077e-01   1.0025884e-01   5.5741534e-01   2.6054417e-03   2.3650624e-04  -1.3595244e-03
  -1.2787922e-01   1.4633843e-01   6.0816858e-01  -2.7162868e-03   7.2148475e-04  -8.5899365e-04
  -1.1091496e-01   1.6636790e-01   5.5056113e-01  -1.0825142e-03   9.3792356e-04  -1.1995518e-03
  -1.3440834e-01   1.9194289e-01   6.3449391e-01  -1.5108559e-03   3.9287770e-04  -7.4027081e-04
  -1.0572025e-01   1.6252496e-01   4.0791705e-01  -2.8918754e-03   1.4050846e-03  -1.1861747e-03
  -1.1792108e-01   1.6899295e-01   6.3532789e-01  -1.1973517e-03   9.3827546e-04  -1.6539910e-03
  -1.5429894e-01   1.8104800e-01   6.6365588e-01  -2.3975695e-03   3.0386014e-04  -6.0787036e-04
  -1.4464990e-01   1.3638687e-01   5.2404846e-01  -1.2625244e-04   2.4527020e-04  -6.3832314e-04
  -1.2549361e-01   1.9200442e-01   6.2978810e-01  -2.7283804e-04   2.7716817e-04  -1.2823325e-03
  -1.2766203e-01   1.7144422e-01   5.0066543e-01  -5.4110639e-03   1.2473074e-03  -1.0251932e-03
  -1.3874260e-01   1.7009830e-01   7.1977915e-01  -1.9100263e-05  -1.2698035e-03  -1.7237802e-03
  -1.5360463e-01   1.7132198e-01   7.2953606e-01  -3.5402305e-03   2.3803178e-04  -1.5477121e-03
  -1.0759793e-01   1.2678145e-01   4.7407606e-01  -4.0431646e-03   1.1405350e-03  -1.4554225e-03
  -1.3980860e-01   1.7776517e-01   7.6966779e-01  -2.4073227e-03   9.4348274e-04  -1.3375391e-03
  -1.5816411e-01   1.8191255e-01   7.7407747e-01  -3.7695455e-03   1.1055815e-03  -9.0315544e-04
  -1.2772616e-01   1.6296658e-01   5.2406553e-01  -5.2357187e-03   1.6009264e-03  -5.3154773e-04
  -1.3918349e-01   1.8734661e-01   7.9016139e-01  -1.7619832e-03   6.6147703e-04  -1.0204138e-03
  -1.5248830e-01   2.0036470e-01   8.3931696e-01  -1.2251129e-03   9.8968850e-04  -6.8246958e-04
  -1.4759990e-01   1.4391239e-01   6.1606918e-01  -8.2987556e-04   3.8691176e-04  -9.1129111e-04
  -1.4980659e-01   1.9355015e-01   8.2266383e-01  -4.3950923e-04  -9.6978852e-05  -1.7685116e-03
  -1.7171526e-01   1.6560749e-01   6.6548602e-01  -5.6901275e-04  -6.1190840e-04  -2.9226913e-04
  -1.1934450e-01   1.9340218e-01   8.4939442e-01  -3.8283937e-04   6.6044487e-04  -1.9046799e-03
  -1.3764678e-01   2.1208410e-01   8.3659552e-01  -2.2398469e-03   1.0416714e-03  -1.4753452e-03
  -1.4276097e-01   1.8358992e-01   8.5246623e-01   7.6371322e-04   1.7737057e-04  -1.7369974e-03
  -1.2703485e-01   2.2116008e-01   8.2668199e-01  -3.3907181e-03   1.4520499e-03  -1.5747654e-03
  -1.4148310e-01   1.7894679e-01   8.5230781e-01   1.9897482e-03   1.2408762e-03  -1.2034632e-03
  -1.3943512e-01   1.9891273e-01   9.1017057e-01  -2.0635881e-03   8.2124330e-04  -1.4169789e-03
  -1.5885835e-01   2.1202469e-01   8.9082245e-01  -2.2533148e-03   5.7945830e-04  -8.3217364e-04
  -1.6379288e-01   1.5482140e-01   7.3453061e-01  -8.3766723e-04   1.1378775e-03  -5.8031929e-04
  -1.4906874e-01   1.9003030e-01   8.9989701e-01  -2.6510169e-03   7.6201211e-04  -8.7258864e-04
  -1.2457644e-01   1.9810078e-01   6.2827578e-01  -3.8323876e-03   1.5215459e-03  -1.3584838e-03
  -1.3557518e-01   2.0095154e-01   9.2651709e-01  -8.0089491e-04   1.4980464e-03  -1.2229279e-03
  -1.7107509e-01   2.3188334e-01   9.5716368e-01  -2.3500336e-03   8.8177156e-04  -5.1815235e-04
  -1.7068745e-01   1.8935204e-01   8.1746271e-01  -8.5161481e-04   4.3669108e-04  -1.1928706e-03
  -1.6322102e-01   2.2418218e-01   9.7794952e-01  -1.4146581e-03  -2.3755888e-04  -1.3338446e-03
  -1.6812046e-01   2.0206673e-01   7.8671859e-01  -6.4369400e-03   8.8410784e-04  -1.6056916e-03
  -1.4133514e-01   2.3229282e-01   9.3883434e-01   1.7434328e-03   9.7368486e-04  -1.2499423e-03
  -1.6405232e-01   2.4298638e-01   8.5996606e-01  -5.9063372e-03   2.5140698e-04  -8.7448732e-04
  -1.2129620e-01   2.1684984e-01   1.0267125e+00   2.7404106e-03   1.3575556e-04  -2.1839892e-03
  -1.5896414e-01   2.6061450e-01   1.0496528e+00  -2.1492511e-03   3.8577573e-04  -1.1184679e-03
  -1.6135751e-01   2.5901641e-01   1.0495103e+00  -2.9060341e-03   4.7688309e-04  -1.3827104e-03
  -1.5751055e-01   2.2228002e-01   1.0324834e+00  -1.6254296e-03  -9.8648892e-05  -1.3078732e-03
  -1.6045951e-01   2.1327887e-01   1.0242213e+00  -2.3260590e-03  -4.1319240e-05  -8.0321729e-04
  -1.7460996e-01   2.3070498e-01   1.0564552e+00  -3.1840778e-03  -4.1284497e-04  -6.1737948e-04
  -1.3532831e-01   2.3497675e-01   8.1041417e-01  -3.3653675e-03   2.0851924e-04  -1.4273605e-03
  -1.3181548e-01   2.5489140e-01   1.0557052e+00  -9.1648952e-04   1.2796606e-03  -1.8835081e-03
  -1.5949850e-01   2.3917770e-01   1.0880341e+00  -1.1818508e-03   7.7245026e-04  -1.3846014e-03
  -1.5894751e-01   2.3205656e-01   9.0031835e-01  -3.2964717e-03   9.6439339e-04  -6.6301561e-04
  -1.6501133e-01   2.4310801e-01   1.0781793e+00   1.2872087e-04   5.8854425e-04  -9.1548430e-04
  -2.0466123e-01   6.5860548e-02   1.1247655e+00  -1.6267885e-03   8.3567743e-04   6.2760345e-04
  -1.2399118e-01   2.0693696e-01   9.6677022e-01   3.8343237e-04   4.4123682e-04  -1.1363780e-03
  -2.4695579e-01   2.6253943e-01   1.2278863e+00  -1.3442292e-03  -1.7269623e-03  -1.3906545e-03
  -2.4615972e-01   2.7751686e-01   1.1856160e+00  -4.2907043e-03  -8.6878303e-04  -4.7325228e-04
  -2.4478577e-01   2.7992206e-01   1.2204529e+00  -4.2668260e-03  -9.2924451e-04  -8.4945145e-04
  -2.0095000e-01   2.7527033e-01   1.1037040e+00  -2.5837435e-03  -3.7756253e-04  -1.2949361e-03
  -1.8160379e-01   3.0595503e-01   1.1586943e+00  -2.0194704e-03   4.6053774e-04  -2.5061361e-03
  -2.0217564e-01   3.0941419e-01   1.1767284e+00  -2.5098625e-03   1.7215651e-05  -1.9955542e-03
  -1.7764439e-01   2.6839525e-01   1.0557216e+00  -9.6495351e-04   7.9488571e-04  -1.8835687e-03
  -1.9134743e-01   3.2067808e-01   1.2084842e+00  -2.7764888e-03   6.7949091e-04  -1.9096363e-03
  -1.9921441e-01   3.2127058e-01   1.2266779e+00  -2.0451018e-03   7.7688337e-04  -1.4019505e-03
  -1.8199512e-01   2.8571989e-01   1.0168252e+00  -2.3197730e-03   4.6855702e-04  -1.3407811e-03
  -1.8296736e-01   3.2098538e-01   1.1982337e+00  -2.4633666e-03   5.0064482e-04  -1.7628235e-03
  -2.0387753e-01   3.2679786e-01   1.2220436e+00  -1.5944827e-03   7.5786983e-04  -1.2487888e-03
  -1.9785285e-01   2.8424454e-01   1.1135578e+00  -8.4451946e-04   4.0279228e-04  -1.3999782e-03
  -2.2612146e-01   3.2674292e-01   1.2579207e+00  -2.9975580e-03   9.6226397e-04  -9.7552643e-04
  -2.0393436e-01   3.1999576e-01   1.2638541e+00  -3.4823253e-03   1.4106535e-03  -1.3234618e-03
  -1.9408891e-01   2.9520982e-01   1.2885309e+00   1.6817921e-03   1.2928031e-03  -1.3742540e-03
  -2.2300252e-01   2.7410177e-01   1.2816325e+00  -2.8335980e-03   6.3801584e-04  -1.1185281e-03
  -2.3102856e-01   3.0595460e-01   1.3097211e+00  -2.7187410e-03   7.6346197e-04  -7.9938146e-04
  -2.3096457e-01   3.2436095e-01   1.3515765e+00  -1.4381740e-03   2.6688355e-04  -9.6493302e-04
  -2.2602355e-01   3.1801756e-01   1.1762229e+00  -5.0757745e-03   9.6561541e-04  -6.0256988e-04
  -2.3821467e-01   3.1871914e-01   1.3527041e+00   2.2761577e-04  -1.1569145e-03  -1.5015950e-03
  -2.4975191e-01   3.3877267e-01   1.4061048e+00  -3.1742497e-03   2.6605270e-04  -1.0588900e-03
  -2.6940791e-01   3.4084316e-01   1.3900690e+00  -3.0321641e-03  -1.0820285e-04  -6.4467187e-04
  -2.7249925e-01   3.2892749e-01   1.3837186e+00  -3.4870612e-03   1.6594813e-04  -3.3724763e-04
  -2.6983192e-01   3.3139065e-01   1.3268607e+00  -3.4590801e-03  -5.5511735e-04  -1.2731625e-04
  -2.2011586e-01   3.5155931e-01   1.3653565e+00  -2.0857908e-03   2.9225203e-04  -1.2612039e-03
  -2.1392758e-01   2.9339832e-01   1.2211372e+00  -1.8548125e-03   5.7704271e-04  -1.5492503e-03
  -2.1281734e-01   3.6158683e-01   1.3940382e+00  -3.7822894e-04   6.9142354e-05  -1.8921536e-03
  -2.1414571e-01   3.3519769e-01   1.4204544e+00  -1.6825097e-03   9.5773488e-04  -1.7571656e-03
  -2.1529209e-01   3.2620627e-01   1.4283761e+00  -1.5185688e-03   7.5467105e-04  -2.0744116e-03
  -2.0187409e-01   3.6731707e-01   1.2140619e+00  -3.0359895e-03   1.2727293e-03  -1.6751160e-03
  -1.7903049e-01   3.6810732e-01   1.3896333e+00   8.0291620e-06   1.1706388e-03  -2.0582653e-03
  -2.0453721e-01   3.5601006e-01   1.4432637e+00  -7.9426655e-04   1.4558788e-03  -1.8749861e-03
  -1.9458025e-01   3.3145795e-01   1.3523806e+00  -3.2268012e-03   1.5680507e-03  -1.8901314e-03
  -2.1109673e-01   3.5751296e-01   1.4629335e+00   1.1233801e-03  -1.0306669e-04  -1.9920587e-03
  -2.2283038e-01   3.5068452e-01   1.4488172e+00  -2.9060756e-03   4.9600931e-04  -1.6694222e-03
  -2.5239356e-01   3.4773909e-01   1.4887707e+00  -2.7013891e-03  -2.3519945e-06  -4.1077609e-04
  -2.4084006e-01   3.8316099e-01   1.4547384e+00  -3.6033983e-03   6.2109969e-04  -7.4189926e-04
  -2.1275148e-01   2.9136541e-01   1.4753820e+00   2.2418869e-03   6.2884507e-04  -1.6654234e-03
  -2.2608087e-01   3.6309547e-01   1.5175912e+00  -3.2271965e-03   4.2107495e-04  -1.2095437e-03
  -2.3253776e-01   3.4414016e-01   1.4096012e+00  -1.8538683e-03   7.2900933e-04  -1.1585119e-03
  -2.1094420e-01   3.8797749e-01   1.6186041e+00  -1.3256459e-03   4.3124390e-04  -1.4815106e-03
  -2.1749489e-01   3.6949435e-01   1.6343687e+00  -2.5786080e-03   2.7294481e-04  -1.4775001e-03
  -2.3031859e-01   4.0641629e-01   1.6457681e+00  -3.0075822e-03   7.8737309e-04  -1.5380136e-03
  -2.1346505e-01   3.5083843e-01   1.5516505e+00   1.4732484e-03   7.8048627e-04  -1.6009864e-03
  -2.1924500e-01   4.2032017e-01   1.6425293e+00  -2.4784344e-03  -9.1995225e-05  -1.4014731e-03
  -2.0911964e-01   3.6522510e-01   1.4476456e+00  -3.8050985e-03   1.2268861e-03  -1.4477307e-03
  -1.9999698e-01   3.4770060e-01   1.6133066e+00   6.1383759e-04   5.0765117e-04  -1.7819065e-03
  -2.0918524e-01   3.8130012e-01   1.6874192e+00  -2.7750516e-03   4.0960658e-04  -1.4051050e-03
  -2.3330713e-01   3.8960524e-01   1.6757576e+00  -3.1603963e-03   6.5502421e-04  -9.2714461e-04
  -1.9747169e-01   3.5364456e-01   1.5010462e+00  -1.8522292e-03   1.1767603e-03  -1.3743715e-03
  -2.0074485e-01   3.7599923e-01   1.7107767e+00  -2.2751419e-04   8.2237532e-04  -2.0333608e-03
  -2.0580647e-01   3.8041462e-01   1.6057051e+00  -4.0529764e-04   6.3849731e-04  -1.7118498e-03
  -2.1510120e-01   4.1540599e-01   1.7027002e+00  -1.7078116e-03   9.4114247e-04  -1.3848044e-03
  -2.0793790e-01   3.9250580e-01   1.7195813e+00  -1.5087334e-03   1.5103040e-03  -1.4645119e-03
  -2.3594874e-01   3.9207510e-01   1.7518270e+00  -2.6525991e-03   6.4796353e-04  -7.3831744e-04
  -2.1522137e-01   3.9251779e-01   1.7652844e+00  -2.2775800e-03   9.0621088e-04  -9.1534420e-04
  -2.3169503e-01   4.1342444e-01   1.7178559e+00  -3.1082127e-03   1.3862555e-03  -1.6737820e-03
  -2.1255277e-01   3.6967652e-01   1.7040419e+00   9.0355134e-04   3.5670828e-05  -1.9201926e-03
  -2.0864971e-01   4.1856190e-01   1.8253879e+00  -1.3760164e-03   9.9354199e-04  -1.6198724e-03
  -2.2292434e-01   4.1433449e-01   1.8555257e+00  -1.4850815e-03   3.4570368e-04  -1.4256272e-03
  -1.2818951e-01   6.3816964e-01   1.5642709e+00  -1.7704360e-03  -1.6766006e-04  -6.2134586e-03
  -2.1123111e-01   3.8022948e-01   1.7920997e+00  -2.0621876e-03  -3.2279333e-04  -1.8114143e-03
  -2.1308438e-01   3.9707369e-01   1.8134665e+00  -2.2310435e-03   3.6922639e-05  -1.6466056e-03
  -2.3667358e-01   4.3278358e-01   1.7826726e+00  -9.2091563e-04   3.9878890e-04  -8.2995012e-04
  -2.2553773e-01   4.4429932e-01   1.8260483e+00  -1.6228698e-03  -8.2998693e-04  -1.5764652e-03
  -2.2636074e-01   4.1989951e-01   1.8325553e+00  -1.8856601e-03   9.3195725e-05  -1.4800935e-03
  -2.1976681e-01   4.4101411e-01   1.8729130e+00  -2.0576341e-03   4.5752045e-04  -1.4410588e-03
  -2.0796369e-01   4.1609374e-01   1.7987683e+00   1.0598829e-03   1.9932938e-04  -1.5192051e-03
  -1.9536981e-01   4.4507186e-01   1.8752015e+00  -2.6336847e-03   7.0227062e-04  -1.8040330e-03
  -2.2887751e-01   4.2087866e-01   1.8977851e+00  -2.7836072e-03   8.6997663e-04  -8.0391149e-04
  -2.2660376e-01   4.0649864e-01   1.9195806e+00  -2.4190483e-03   1.2069023e-03  -6.7773625e-04
  -2.3371777e-01   4.1514565e-01   1.9016153e+00  -3.2829186e-03   5.2097875e-04  -6.1085672e-04
  -2.1523400e-01   3.9493732e-01   1.8908151e+00  -2.5849558e-03   9.7364005e-04  -7.8152285e-04
  -2.4711934e-01   4.1447463e-01   1.9227741e+00  -2.1542091e-03   4.1798529e-04  -2.0876331e-04
  -1.8013632e-01   3.8037103e-01   1.6694334e+00  -2.1469790e-03   7.9118641e-04  -2.0429823e-03
  -1.8826161e-01   4.3451289e-01   1.9289308e+00  -1.0624690e-04   7.9364090e-04  -2.6372421e-03
  -1.8560202e-01   4.4818613e-01   1.9532832e+00  -6.7819912e-04   1.3809639e-03  -2.3849289e-03
  -1.6765818e-01   4.6736482e-01   1.9011338e+00  -2.7216429e-03   1.3245479e-03  -2.8476567e-03
  -1.9330991e-01   3.9874521e-01   1.9080247e+00   3.2663058e-03   7.9431822e-04  -1.8854266e-03
  -2.0551242e-01   4.5097513e-01   2.0086229e+00  -1.8559378e-03   6.6141674e-04  -1.5509268e-03
  -2.0566028e-01   4.4417913e-01   2.0495673e+00  -1.1920468e-03   7.8738731e-04  -1.7772795e-03
  -1.7443031e-01   4.1591597e-01   1.7471572e+00   4.9881101e-04   2.2158534e-03  -1.7113238e-03
  -1.9083874e-01   4.5560158e-01   2.0529635e+00  -1.4859323e-03   1.6276264e-03  -1.3638821e-03
  -1.6133559e-01   4.5116357e-01   1.9379926e+00  -3.5569624e-03   2.1413689e-03  -1.5021700e-03
  -2.0811148e-01   4.5955706e-01   2.0798445e+00  -9.9977026e-06   8.8488725e-04  -1.5684719e-03
  -1.8282144e-01   4.2706409e-01   2.0583499e+00  -1.6831096e-03   1.4021616e-03  -1.5944132e-03
  -2.0756539e-01   1.9370576e-01   2.0053285e+00  -4.2568954e-03   1.4736851e-03  -1.4197460e-03
  -1.9750396e-01   4.5742169e-01   1.9805511e+00  -1.0985473e-03   1.9485520e-03  -1.0364473e-03
  -1.9927619e-01   4.5195735e-01   2.0734334e+00  -1.4958019e-03   1.3587210e-03  -1.0386161e-03
  -2.1860768e-01   4.5348894e-01   2.1290520e+00  -7.9134818e-04   1.1004019e-03  -7.2469771e-04
  -2.1364117e-01   4.5380684e-01   2.1375741e+00  -5.0914305e-04   1.1912848e-03  -5.8030201e-04
  -1.7192911e-01   4.1552905e-01   1.9010196e+00  -4.5587359e-04   1.8325271e-03  -1.6672233e-03
  -1.6017681e-01   4.8123234e-01   2.1011520e+00   6.7733810e-05   1.3889427e-03  -2.3471094e-03
  -1.7496080e-01   4.5781827e-01   2.1149482e+00  -1.3066676e-03   1.6326640e-03  -2.1330665e-03
  -1.8343795e-01   4.5718131e-01   2.1513141e+00  -7.7855156e-04   1.6882963e-03  -1.6596317e-03
  -1.6523309e-01   4.8029747e-01   2.1516220e+00  -1.4146694e-03   1.5018236e-03  -1.9059249e-03
  -2.0187563e-01   4.8203127e-01   2.1598228e+00  -1.6345716e-03   1.5576793e-03  -1.3790002e-03
  -1.4872800e-01   4.4703262e-01   1.9348020e+00  -1.0181671e-03   1.3714638e-03  -1.9755611e-03
  -2.0633713e-01   4.8143099e-01   2.1402731e+00  -1.3867609e-04   4.8869886e-04  -2.0626852e-03
  -1.8638617e-01   4.6359527e-01   1.9844759e+00  -2.9450049e-03   1.3397031e-03  -1.5616583e-03
  -1.4742884e-01   4.7109612e-01   2.2021338e+00   3.4160987e-03   2.2742123e-03  -2.4200379e-03
  -1.7100632e-01   5.1941319e-01   2.2422124e+00  -3.2194432e-04   2.1398811e-03  -2.5218138e-03
  -1.7951987e-01   4.6211352e-01   2.2364185e+00   4.8810450e-05   2.0224323e-03  -2.0433901e-03
  -1.8567781e-01   4.9597807e-01   2.2583023e+00   3.6651105e-04   1.6846855e-03  -1.4330726e-03
  -2.0577368e-01   4.9066542e-01   2.2131807e+00  -1.1924710e-03   1.2432139e-03  -1.4966883e-03
  -2.0158100e-01   5.1506088e-01   2.2367597e+00  -1.4871489e-03   1.8387617e-03  -9.8804849e-04
  -1.9533024e-01   5.0507975e-01   2.2545825e+00  -7.8704592e-04   1.3960782e-03  -1.2437799e-03
  -2.0283079e-01   4.7225281e-01   2.2875242e+00  -1.7279873e-03   1.7022443e-03  -1.1828109e-03
  -2.0411811e-01   5.2300870e-01   2.2711212e+00  -2.0007832e-03   1.7577181e-03  -1.2236091e-03
  -1.9474236e-01   5.0812333e-01   2.3054777e+00  -1.2610882e-03   1.4068730e-03  -1.2557106e-03
  -1.9259143e-01   4.8292962e-01   2.3177705e+00  -1.0086464e-03   1.6442255e-03  -1.1323340e-03
  -1.5230267e-01   4.7766921e-01   2.1543432e+00  -6.0254038e-04   1.8457972e-03  -2.0577964e-03
  -1.5362684e-01   5.2297912e-01   2.3099614e+00  -1.7341416e-03   1.5163179e-03  -2.3539607e-03
  -1.7637186e-01   5.0726203e-01   2.3133339e+00  -1.1717189e-03   1.3202679e-03  -1.8065562e-03
  -1.7113267e-01   5.2155967e-01   2.3290407e+00  -2.1252266e-03   1.5480951e-03  -2.0070611e-03
  -1.5232962e-01   4.9933458e-01   2.2450568e+00   3.5313310e-03   1.4613245e-03  -2.5797319e-03
  -1.5575958e-01   5.4474305e-01   2.3622405e+00  -4.2972727e-04   1.9007625e-03  -2.3733762e-03
  -1.5743107e-01   5.3574264e-01   2.3889672e+00   5.2012293e-05   2.0946620e-03  -2.6217150e-03
  -1.8721407e-01   5.5974432e-01   2.4342005e+00  -1.4605856e-04   1.6155868e-03  -2.0653077e-03
  -1.9471371e-01   4.8673698e-01   2.4006899e+00   1.4148385e-03   9.7257908e-04  -1.6174461e-03
  -1.7447065e-01   5.2556238e-01   2.4713914e+00  -2.2808823e-03   1.2075836e-03  -2.0189478e-03
  -1.7787745e-01   5.2778617e-01   2.5236332e+00  -7.9664873e-04   1.8737210e-03  -1.8612939e-03
  -1.7184519e-01   5.1833479e-01   2.4210055e+00  -4.0873895e-03   2.4235492e-03  -1.5040514e-03
  -1.6478113e-01   5.1226481e-01   2.4158656e+00   3.0982383e-03   1.7766899e-03  -2.1154478e-03
  -1.6444613e-01   5.2018387e-01   2.4807868e+00  -1.0988283e-03   1.8781423e-03  -1.7140713e-03
  -1.5683026e-01   5.0728839e-01   2.3780932e+00  -2.8056551e-03   1.9335833e-03  -2.0156415e-03
  -1.8863714e-01   5.2592953e-01   2.5602772e+00   3.9135593e-03  -1.8404347e-04  -2.4456139e-03
  -2.1978676e-01   5.2958454e-01   2.5773781e+00  -1.9857997e-03  -5.4097257e-04  -1.5376155e-03
  -2.1216689e-01   5.2588552e-01   2.6153475e+00  -2.0571478e-03   3.9881656e-04  -1.6460382e-03
  -2.0795635e-01   5.1790424e-01   2.6291745e+00  -1.6406379e-03   6.8729755e-04  -1.4444776e-03
  -2.1365413e-01   5.2981952e-01   2.6126691e+00  -2.0486844e-03   4.4485888e-04  -8.7205980e-04
  -2.1651448e-01   5.1133298e-01   2.5932425e+00  -3.0891576e-03   9.0918783e-04  -5.9503314e-04
  -2.0551801e-01   5.0411166e-01   2.6297349e+00  -2.5190140e-03   7.5028724e-04  -1.1043998e-03
  -2.1256093e-01   5.2244738e-01   2.5779894e+00  -5.0412210e-03   1.3400843e-03  -5.1643041e-04
  -2.0482959e-01   5.3638813e-01   2.5482023e+00   3.6405313e-03   1.0217432e-03  -1.6564814e-03
  -1.8820259e-01   5.6179319e-01   2.6673085e+00  -6.6038201e-04   8.4593810e-04  -1.9411740e-03
  -1.9724965e-01   6.0360629e-01   2.7018337e+00   8.6705045e-05   1.0106928e-03  -2.0591924e-03
  -2.0660795e-01   5.5161674e-01   2.6934891e+00  -1.0136690e-03   1.1103183e-03  -1.4119833e-03
  -2.0683448e-01   5.4049648e-01   2.6940587e+00  -8.9535323e-04   1.0119400e-03  -1.5098788e-03
  -2.0541143e-01   5.4674714e-01   2.6973034e+00  -8.5906057e-04   1.0260558e-03  -1.2159941e-03
  -2.2338352e-01   5.3112864e-01   2.7076020e+00  -2.3659694e-03   1.1463851e-03  -9.3104224e-04
  -2.2483350e-01   5.5699135e-01   2.7176716e+00  -1.7320513e-03   8.2230734e-04  -1.0400157e-03
  -2.0215493e-01   5.4755236e-01   2.7220414e+00  -1.4741783e-03   1.2138845e-03  -1.2579021e-03
  -2.0935686e-01   5.4865489e-01   2.7298901e+00  -1.4435213e-03   5.1177659e-04  -1.3270472e-03
  -1.9503077e-01   5.5946171e-01   2.7539209e+00  -1.5534475e-03   1.3998787e-03  -1.3689998e-03
  -2.2364842e-01   5.8009777e-01   2.7537308e+00  -1.8714432e-03   1.2004380e-03  -7.6845654e-04
  -2.0907929e-01   5.6100010e-01   2.7616304e+00  -1.5074484e-03   8.3810165e-04  -1.0089546e-03
  -2.1126626e-01   5.3169947e-01   2.7453760e+00  -2.0193098e-03   4.2021294e-04  -1.3514640e-03
  -2.1446640e-01   5.3565706e-01   2.5948536e+00  -8.9710670e-04   6.0987315e-04  -1.5057320e-03
  -2.2141225e-01   5.8489991e-01   2.7828621e+00  -9.9328648e-04  -1.4728986e-03  -2.1910907e-03
  -2.1981050e-01   6.0674587e-01   2.8168379e+00  -1.9276152e-03  -1.0488037e-03  -2.3545184e-03
  -2.2975722e-01   6.0249611e-01   2.8779313e+00  -1.3526774e-03  -5.2315172e-04  -1.8268916e-03
  -2.3113704e-01   5.7563052e-01   2.7857016e+00  -8.4815731e-04   2.9394703e-05  -1.1355535e-03
  -1.8789164e-01   6.0010159e-01   2.8083790e+00  -4.7851460e-04   7.3827904e-04  -1.9501437e-03
  -1.6884400e-01   5.8377107e-01   2.6908050e+00  -2.3551850e-03   1.5577498e-03  -2.0431010e-03
  -1.9961424e-01   5.7034576e-01   2.8802302e+00   2.0705721e-03   5.6589839e-04  -1.9064868e-03
  -2.2350073e-01   5.8619852e-01   2.8716057e+00  -1.2704250e-03   3.6610505e-04  -1.4085675e-03
  -2.0640112e-01   5.7568752e-01   2.8916020e+00  -4.3203281e-05   7.9827445e-04  -1.4779196e-03
  -2.1840565e-01   5.6167824e-01   2.7626165e+00  -1.3589265e-03   1.0390468e-03  -5.6885995e-04
  -1.9890806e-01   5.6980047e-01   2.8633893e+00   1.2197905e-03   6.2639672e-04  -2.0033777e-03
  -2.0952439e-01   5.7374973e-01   2.8587359e+00  -1.4892782e-03   7.0435846e-04  -1.3106378e-03
  -1.6790348e-01   5.6111006e-01   2.7945310e+00   1.8927518e-04   7.1065090e-04  -1.7481822e-03
  -2.0414448e-01   5.7942256e-01   2.9226948e+00  -1.2197427e-03   2.7480742e-04  -1.3164742e-03
  -1.9814836e-01   5.8850790e-01   2.9718095e+00  -8.9125450e-04   8.5658395e-04  -1.2173247e-03
  -1.9730040e-01   5.9462703e-01   2.9990198e+00  -4.0557321e-04   5.8881612e-04  -1.6338636e-03
  -1.9682096e-01   6.0540269e-01   2.9817445e+00  -1.4926573e-03   8.0318937e-04  -1.0488887e-03
  -1.9350309e-01   5.8656195e-01   2.7747693e+00  -3.1575839e-03   6.3219925e-04  -1.2463808e-03
  -2.0013238e-01   6.0666835e-01   2.9089978e+00  -2.5485215e-03   2.3149242e-04  -1.1613333e-03
  -2.0798501e-01   5.8744318e-01   2.9185422e+00   5.9109395e-04   7.7392827e-04  -1.3216847e-03
  -1.9886907e-01   5.9129760e-01   3.0175239e+00  -1.2551033e-03  -3.1048729e-05  -1.1992925e-03
  -1.8766099e-01   6.0525507e-01   2.9121420e+00  -2.2542992e-03   1.2091941e-03  -1.4021074e-03
  -1.8033005e-01   5.9378277e-01   3.0281051e+00  -9.6341937e-04   1.0407327e-03  -1.6641561e-03
  -1.6728316e-01   6.1207663e-01   3.0141876e+00  -1.6052038e-03   1.5726195e-03  -1.7481697e-03
  -1.8234550e-01   5.8214103e-01   3.0054481e+00  -1.9280810e-03   1.2029601e-03  -1.1686375e-03
  -1.7870494e-01   6.0733273e-01   3.0251244e+00  -1.4929876e-03   9.5777703e-04  -1.2618063e-03
  -1.9616212e-01   5.8219430e-01   3.0273249e+00  -3.1608101e-03   8.6521019e-04  -6.3423799e-04
  -1.7633451e-01   5.9335320e-01   3.0353134e+00  -2.5142134e-03   1.4268145e-03  -1.2041535e-03
  -2.1450025e-01   6.1461648e-01   3.0460304e+00  -3.8050029e-03   8.6181527e-04  -2.7071519e-04
  -1.9569235e-01   5.8871043e-01   3.0613872e+00  -2.7207045e-03   9.1254167e-04  -7.1784974e-04
  -2.0503582e-01   5.8715597e-01   3.0655561e+00  -2.7560524e-03   4.8681915e-04  -5.6015951e-04
  -2.0694252e-01   5.9873944e-01   3.1074570e+00  -3.1927069e-03   7.4568686e-04  -5.5195833e-04
  -2.0936570e-01   6.1236410e-01   3.0931465e+00  -2.7857273e-03   4.7340350e-04  -3.3152174e-04
  -1.7966587e-01   5.8508639e-01   3.1207825e+00  -2.3642908e-03   7.6890104e-04  -1.1513805e-03
  -2.1262361e-01   6.0602058e-01   2.9599668e+00  -5.9267457e-03   1.1104772e-03  -1.7506097e-04
  -2.5888344e-01   6.0708417e-01   3.1544280e+00   3.1653999e-03  -2.0786420e-03  -2.5121223e-03
  -2.1973432e-01   6.4102518e-01   3.2157419e+00  -2.7757524e-03  -1.4185006e-04  -1.6906842e-03
  -2.3277362e-01   6.3188805e-01   3.2085256e+00  -2.6911792e-03   4.4562743e-05  -1.4578434e-03
  -2.2312003e-01   6.2907980e-01   3.2465101e+00  -2.3238983e-03   3.3811785e-04  -1.2162128e-03
  -2.0077374e-01   6.1253215e-01   3.0951090e+00  -4.1701376e-03   7.6215071e-04  -1.1488550e-03
  -2.0217862e-01   6.5650011e-01   3.1894643e+00  -1.6580645e-03   3.8019574e-04  -1.0870409e-03
  -1.8813877e-01   6.2756111e-01   3.2210396e+00  -1.9578380e-03   8.6879785e-04  -1.0187456e-03
  -1.7312165e-01   6.4508165e-01   3.1542493e+00  -4.3361754e-03   1.4964424e-03  -1.8487879e-03
  -1.9689475e-01   6.2087928e-01   3.2323858e+00   3.7481144e-04   5.6087824e-04  -1.3469820e-03
  -2.0523109e-01   6.5929201e-01   3.2562119e+00  -2.7811604e-03   3.9257320e-04  -9.1625922e-04
  -2.0649982e-01   6.4636423e-01   3.2927310e+00  -1.8305780e-03   4.5528153e-04  -1.2997863e-03
  -2.2127583e-01   6.2056730e-01   3.2472711e+00  -1.5208073e-03  -4.6331378e-05  -5.4691545e-04
  -1.8898597e-01   6.5057882e-01   3.2778283e+00  -2.1920191e-03   5.3647140e-04  -1.1254937e-03
  -1.9901738e-01   6.2551568e-01   3.2923249e+00  -1.6094437e-03   6.4632018e-04  -1.0908217e-03
  -1.9338727e-01   5.8340662e-01   3.1856965e+00  -1.3294043e-03   7.5548000e-04  -8.9520292e-04
  -1.9648248e-01   6.5248452e-01   3.3111880e+00  -1.2916734e-03   9.6038149e-04  -1.3364855e-03
  -2.1057870e-01   6.5166731e-01   3.3377707e+00  -1.1773020e-03   1.0165732e-03  -7.5237604e-04
  -2.0850488e-01   6.3855050e-01   3.3838885e+00  -9.7596433e-04   8.2942065e-04  -7.0237183e-04
  -1.9459058e-01   6.3133962e-01   3.3408379e+00  -2.3220007e-03   8.6277609e-04  -6.5669480e-04
  -1.9465586e-01   6.5414474e-01   3.3548909e+00  -2.3710018e-03   4.8302819e-04  -8.1465306e-04
  -2.1273930e-01   6.2987622e-01   3.3607657e+00  -3.6365647e-03   8.5905148e-04  -2.7318706e-04
  -2.0064031e-01   6.5233141e-01   3.3850644e+00  -2.9658418e-03   6.5777020e-04  -2.1273257e-04
  -1.9304590e-01   6.2983451e-01   3.2162390e+00  -1.7526316e-03   1.1996702e-03  -6.3148488e-04
  -1.9174715e-01   6.5515678e-01   3.3732851e+00  -4.5057139e-04  -7.3581152e-04  -2.1225805e-03
  -2.0674790e-01   6.9312879e-01   3.3601684e+00  -3.0364361e-03  -2.5592944e-04  -1.7080315e-03
  -1.9180345e-01   6.2438633e-01   3.3232612e+00   2.1771850e-03   5.7314525e-04  -1.2696812e-03
  -1.9281717e-01   6.9037867e-01   3.4615702e+00  -1.5293772e-03   3.1922956e-04  -1.3270211e-03
  -1.9786498e-01   6.9033347e-01   3.4847750e+00  -1.0484370e-03   2.8180419e-04  -1.4114239e-03
  -1.8950760e-01   6.6680779e-01   3.2935682e+00  -4.7506732e-03   7.4867869e-04  -1.1792916e-03
  -1.7511146e-01   6.6742170e-01   3.4862421e+00   3.7084956e-03   5.2264803e-04  -1.2225900e-03
  -1.9260213e-01   6.8081101e-01   3.4875399e+00  -2.0039946e-04   3.8684677e-04  -1.6671387e-03
  -2.0236631e-01   6.9316933e-01   3.5096447e+00  -7.0421620e-04   4.5496280e-04  -1.1853003e-03
  -1.9590041e-01   6.8098841e-01   3.5466953e+00  -1.1903775e-03   2.4416582e-04  -1.2227075e-03
  -2.0740444e-01   6.6357832e-01   3.4323906e+00  -3.2746022e-03   4.0632952e-04  -8.2148349e-04
  -1.6482190e-01   6.9598642e-01   3.5302739e+00   1.3469317e-03   1.0131617e-03  -2.1106083e-03
  -1.4265691e-01   6.9794380e-01   3.5107208e+00  -6.5667380e-04   1.5436147e-03  -2.5120864e-03
  -1.8064039e-01   6.9151161e-01   3.5607014e+00  -1.2553482e-03   8.5606474e-04  -1.7828210e-03
  -1.6953128e-01   6.8584511e-01   3.5509934e+00  -1.1673991e-03   1.0397009e-03  -1.8803427e-03
  -1.7846492e-01   6.6794036e-01   3.5663024e+00  -1.4446372e-03   8.5987485e-04  -1.3354284e-03
  -1.7689773e-01   7.0682228e-01   3.5754801e+00  -1.8793402e-03   1.1657100e-03  -1.2998064e-03
  -1.7548754e-01   6.7268346e-01   3.4418582e+00  -7.6968013e-04   7.5617551e-04  -1.4582528e-03
  -1.5719521e-01   7.2087376e-01   3.6019754e+00  -6.6205027e-04   1.2640779e-03  -2.2184882e-03
  -1.6053623e-01   7.1403409e-01   3.6211485e+00  -6.5256154e-04   9.9405190e-04  -2.5016414e-03
  -1.7704532e-01   7.2813687e-01   3.6707374e+00  -3.9448838e-04   5.5360027e-04  -2.1827457e-03
  -1.7119039e-01   7.1361614e-01   3.6394077e+00  -1.2575844e-03   8.0565535e-04  -1.8190160e-03
  -1.7325875e-01   6.8964057e-01   3.6131070e+00  -1.2402884e-03   4.9362187e-04  -1.6538626e-03
  -1.9417828e-01   7.0500242e-01   3.6328570e+00  -1.4956123e-03   9.1272750e-04  -1.1763750e-03
  -1.6659049e-01   7.2217749e-01   3.5436859e+00  -4.0543391e-03   1.1922912e-03  -1.7415407e-03
  -2.2539601e-01   6.9357267e-01   3.6307405e+00   2.7794079e-03  -1.9047766e-03  -2.3563659e-03
  -2.1906915e-01   7.0927050e-01   3.7688168e+00  -2.0319199e-03  -1.7359658e-03  -2.5919886e-03
  -2.2034712e-01   7.0899790e-01   3.7736148e+00  -1.9360159e-03  -1.4079350e-03  -2.0758213e-03
  -2.1865133e-01   7.4855481e-01   3.7842988e+00  -2.4879192e-03  -7.4794546e-04  -1.7169623e-03
  -2.3076872e-01   7.3790343e-01   3.7830574e+00  -3.6944788e-03  -1.2165241e-03  -1.1687429e-03
  -2.3677432e-01   7.1538768e-01   3.7908805e+00  -3.4970549e-03  -8.9764729e-04  -5.7281747e-04
  -2.0924732e-01   7.3436476e-01   3.7872738e+00  -3.9208605e-03  -3.7567951e-04  -1.2511128e-03
  -1.9555450e-01   7.1524714e-01   3.7954630e+00  -4.3575590e-03  -5.6885683e-04  -1.7859248e-03
  -1.5292474e-01   7.2405191e-01   3.7689178e+00   1.2222282e-03   5.7155896e-04  -2.4895612e-03
  -1.7631274e-01   7.1168994e-01   3.7810749e+00  -1.9446253e-03   5.0347749e-04  -1.8834285e-03
  -1.8045636e-01   7.1344008e-01   3.8067520e+00  -1.8273965e-03   4.2754605e-04  -1.4757833e-03
  -2.0722112e-01   7.0408476e-01   3.8602032e+00  -2.9736823e-03   4.4220654e-04  -7.8417698e-04
  -2.0998204e-01   6.8638656e-01   3.8382818e+00  -3.3919194e-03   2.7568482e-05  -1.1304084e-03
  -1.9975188e-01   6.9984144e-01   3.8388347e+00  -2.9837984e-03   5.9296986e-05  -1.3216589e-03
  -2.0103222e-01   7.3057896e-01   3.7822918e+00  -5.0526237e-03   1.1798933e-04  -1.7008691e-03
  -1.6180815e-01   7.3685187e-01   3.8177509e+00   2.1903469e-03   2.4744903e-04  -2.1436772e-03
  -1.7616370e-01   7.5053661e-01   3.8016629e+00  -2.0794920e-03   4.8670233e-04  -2.1080407e-03
  -1.6550860e-01   7.4175146e-01   3.8701224e+00  -1.4165925e-03   7.5214748e-04  -2.5218702e-03
  -1.8473379e-01   7.5815359e-01   3.8582885e+00  -3.0542838e-03   1.2513138e-04  -1.9319345e-03
  -1.8941371e-01   7.3010390e-01   3.6942318e+00  -6.3913647e-03   8.1567899e-04  -1.2670772e-03
  -1.7458738e-01   7.3051661e-01   3.8459761e+00   1.5749067e-03  -5.6438503e-04  -2.9781622e-03
  -1.7355179e-01   7.4101103e-01   3.8593422e+00  -3.1954736e-03   4.9675175e-04  -2.1705069e-03
  -1.6348956e-01   6.8507369e-01   3.7878883e+00   3.3388381e-03   6.6788689e-04  -2.4798690e-03
  -1.8650822e-01   7.3577997e-01   3.9029235e+00  -1.9507467e-03   2.3328677e-04  -1.6112959e-03
  -1.8726974e-01   7.2757929e-01   3.9060841e+00  -1.0388590e-03   3.7015500e-04  -1.8598864e-03
  -2.0500168e-01   7.1540796e-01   3.9492035e+00  -1.9598416e-03   2.5986354e-04  -1.4323890e-03
  -1.8413465e-01   7.5117679e-01   3.9495401e+00  -1.4556485e-03   2.9715550e-04  -1.3838951e-03
  -1.7406440e-01   7.4829416e-01   3.8976069e+00  -2.8605890e-03   5.8040044e-04  -1.4290446e-03
  -1.6882492e-01   7.4818482e-01   3.9205066e+00  -1.7164987e-03   9.6124864e-04  -1.5794933e-03
  -1.8988627e-01   7.3632819e-01   3.8393742e+00  -3.0452911e-03   8.0371545e-04  -1.0590103e-03
  -1.6421679e-01   7.4157014e-01   3.9821343e+00  -1.7405406e-04   1.2193394e-03  -1.9545700e-03
  -1.5841947e-01   7.4598883e-01   3.9173874e+00  -2.4858919e-03   9.9904943e-04  -1.9301997e-03
  -1.5657502e-01   7.5884148e-01   4.0282142e+00  -8.7043554e-04   1.1444936e-03  -1.7866310e-03
  -1.5455444e-01   7.4789085e-01   4.0198842e+00  -8.7619208e-04   9.9453810e-04  -2.0977635e-03
  -1.3313988e-01   7.5442040e-01   3.9278954e+00  -2.6967476e-03   1.5751675e-03  -1.7302448e-03
  -2.0165001e-01   7.5308203e-01   4.0825688e+00  -1.5482531e-03  -7.1762384e-04  -1.4871570e-03
  -1.9804496e-01   7.5918601e-01   4.0563980e+00  -2.3066856e-03  -6.6005416e-04  -2.2895655e-03
  -1.8997941e-01   7.3102069e-01   4.0310483e+00  -2.5855959e-03  -8.3736726e-05  -1.9524790e-03
  -1.6039096e-01   7.7795856e-01   4.1196984e+00  -1.3155123e-03   1.0139624e-03  -2.1979762e-03
  -1.7336072e-01   7.8268417e-01   4.1293297e+00  -8.9803056e-04   6.8391361e-04  -2.0307799e-03
  -1.6709692e-01   7.8916665e-01   4.1303755e+00  -1.1140110e-03   1.0869172e-03  -1.6363074e-03
  -2.0030079e-01   6.8341973e-01   4.1301548e+00  -9.7236286e-04   8.3747554e-04  -1.0251893e-03
  -1.8031566e-01   7.7938959e-01   4.1353085e+00  -2.1156218e-03   5.7009476e-04  -1.4360381e-03
  -1.7809386e-01   7.6094138e-01   4.0751331e+00  -3.3262380e-03   8.0335424e-04  -1.5996668e-03
  -1.4783529e-01   7.6088003e-01   4.1525112e+00  -5.2385497e-04   1.1215732e-03  -2.2618668e-03
  -1.5005999e-01   7.8192580e-01   4.1421385e+00  -1.4362880e-03   1.5067646e-03  -2.2936058e-03
  -1.5400796e-01   7.4024501e-01   4.1824702e+00   3.4905922e-03   1.0419046e-03  -1.9486169e-03
  -1.6420274e-01   7.8202973e-01   4.2015422e+00  -1.0180779e-03   6.8768501e-04  -2.0572511e-03
  -1.5978394e-01   8.0794167e-01   4.2323904e+00  -1.1546978e-03   4.3803752e-04  -2.0491642e-03
  -1.8429506e-01   7.7255381e-01   4.2029564e+00  -2.1161007e-03   7.4810918e-04  -1.4836523e-03
  -1.6914170e-01   7.9186326e-01   4.2192736e+00  -1.4463401e-03   7.9896126e-04  -1.4274788e-03
  -1.8678960e-01   7.9718178e-01   4.2166323e+00  -2.9813910e-03  -2.6327944e-05  -1.4875644e-03
  -1.8316494e-01   7.8063548e-01   4.2138275e+00  -2.5069525e-03   7.6098256e-04  -1.5519321e-03
  -1.8300476e-01   7.8050500e-01   4.2269993e+00  -2.5244333e-03  -3.9493252e-04  -1.6861529e-03
  -2.0342202e-01   7.7777626e-01   4.2593759e+00  -2.7627955e-03   4.3845209e-05  -8.9199987e-04
  -1.8354854e-01   7.5733880e-01   4.2750259e+00  -1.9617743e-03   3.3827705e-04  -1.2975767e-03
  -1.9253049e-01   7.7483428e-01   4.2665655e+00  -2.5843857e-03   4.3129528e-04  -1.1503725e-03
  -1.9695693e-01   7.8462523e-01   4.2971694e+00  -2.6996019e-03   9.0036386e-04  -9.7301829e-04
  -1.9103547e-01   7.9074150e-01   4.2241020e+00   1.4895484e-03  -5.0518616e-04  -1.6205259e-03
  -1.6694160e-01   8.3649899e-01   4.3010787e+00  -1.3321394e-03   1.2199205e-04  -2.5322501e-03
  -1.7728146e-01   7.8700140e-01   4.3737965e+00   3.1636470e-03   3.5655263e-04  -2.0139899e-03
  -1.8529211e-01   7.9305717e-01   4.3688344e+00  -2.5159386e-04   6.3985034e-04  -1.6936642e-03
  -1.9762040e-01   8.0478423e-01   4.3741385e+00  -6.4661160e-04   3.1236441e-04  -1.2373359e-03
  -2.0018266e-01   7.9841155e-01   4.3776996e+00  -6.9084154e-04  -4.1498954e-06  -1.2008406e-03
  -2.1510661e-01   7.7086538e-01   4.3573842e+00  -1.9238931e-03  -2.8481058e-04  -8.8134263e-04
  -2.0437451e-01   7.8220888e-01   4.3509470e+00  -2.0487666e-03  -1.6557323e-04  -1.1947050e-03
  -1.9620793e-01   8.0554518e-01   4.3913641e+00  -1.3188752e-03   4.6305583e-07  -1.2064717e-03
  -1.8443482e-01   8.0224019e-01   4.3914332e+00  -1.3402741e-03   5.8489433e-05  -1.4587932e-03
  -2.0318816e-01   8.1195158e-01   4.4162073e+00  -1.9173504e-03  -3.4550496e-04  -1.4545563e-03
  -1.8797565e-01   8.0126048e-01   4.4157096e+00  -1.9072655e-03  -1.3969370e-04  -1.5446942e-03
  -2.1035303e-01   8.0954073e-01   4.3520908e+00  -3.0874147e-03  -2.7520255e-04  -8.7502842e-04
  -2.2495322e-01   7.7888210e-01   4.3649470e+00   2.4193198e-03  -1.3845337e-03  -2.1765668e-03
  -2.0626436e-01   8.2380645e-01   4.4571346e+00  -1.1117139e-03  -1.5130948e-03  -2.1945807e-03
  -2.2374455e-01   8.1953406e-01   4.4376726e+00  -1.5485454e-03  -1.0102879e-03  -2.2512348e-03
  -2.3118666e-01   8.0993602e-01   4.5203638e+00  -2.0636323e-03  -1.6909234e-03  -1.8291280e-03
  -1.9927977e-01   8.0707215e-01   4.3491636e+00  -2.5612775e-03   3.1053479e-04  -1.5657891e-03
  -1.8511305e-01   8.1782043e-01   4.5175200e+00  -3.7422319e-04  -3.4612166e-04  -1.9926409e-03
  -1.8731902e-01   8.6278762e-01   4.4660371e+00  -1.5167380e-03   9.7037446e-05  -2.1102827e-03
  -1.7384400e-01   8.2649669e-01   4.4927384e+00   7.5958030e-04  -1.0190709e-04  -2.3189301e-03
  -1.7904563e-01   8.2278603e-01   4.4823445e+00  -5.9625943e-04  -3.8891395e-05  -2.1723602e-03
  -1.8992648e-01   8.0478801e-01   4.5068347e+00  -3.3365366e-04   3.2609776e-04  -1.8279467e-03
  -2.0625588e-01   8.0356029e-01   4.5260432e+00  -4.8104560e-04  -1.0234448e-04  -1.1380503e-03
  -1.7850363e-01   7.9752033e-01   4.5404416e+00   1.5235205e-05   2.3040387e-04  -2.1153379e-03
  -1.9376807e-01   8.0340898e-01   4.5393860e+00  -6.4228988e-04   2.9582122e-04  -1.6001077e-03
  -1.9468235e-01   7.8517827e-01   4.5350367e+00  -1.5496744e-03  -6.0053098e-05  -1.1753968e-03
  -1.7679429e-01   8.1571147e-01   4.4225878e+00  -5.7962258e-04   7.7120290e-04  -1.7549413e-03
  -1.7051481e-01   8.5709054e-01   4.5697984e+00  -3.0901888e-04   9.3918670e-05  -2.2023164e-03
  -1.6231134e-01   8.6705849e-01   4.5023891e+00  -1.8068005e-03   8.6680193e-04  -2.4552488e-03
  -1.7369483e-01   8.7050192e-01   4.6281767e+00   1.0311291e-03  -2.3480176e-04  -2.2463701e-03
  -1.7667482e-01   8.2969735e-01   4.6525142e+00  -1.0409569e-03   7.0592846e-05  -2.0529639e-03
  -1.7586188e-01   8.4618419e-01   4.6425297e+00  -1.1584741e-03   5.7819394e-04  -1.9067854e-03
  -1.6187179e-01   8.2504227e-01   4.6385296e+00  -4.3241308e-04   4.7221915e-05  -2.3879144e-03
  -2.0417025e-01   8.1650719e-01   4.6660287e+00  -2.4467833e-03  -1.2436682e-04  -1.0431824e-03
  -1.8628103e-01   8.1886106e-01   4.6198513e+00  -1.9365516e-03   1.1316648e-05  -1.1638422e-03
  -2.0031729e-01   8.0997527e-01   4.6460965e+00  -2.0963908e-03   7.2816046e-05  -1.2700389e-03
  -1.7674821e-01   8.2440593e-01   4.6282181e+00  -2.0826345e-03  -5.9090758e-05  -1.6596391e-03
  -1.7330390e-01   8.0511555e-01   4.6403246e+00  -2.7784118e-03   4.6956788e-04  -1.5585749e-03
  -1.9390849e-01   8.2917791e-01   4.6567826e+00  -1.3743874e-03  -2.1885516e-04  -1.5893456e-03
  -1.9349998e-01   8.2032398e-01   4.6951667e+00  -1.7598655e-03  -1.2308393e-04  -1.7214568e-03
  -1.8726256e-01   8.3196053e-01   4.6984646e+00  -1.2061213e-03  -1.3142131e-04  -1.4768871e-03
  -1.8589617e-01   8.5873169e-01   4.6349622e+00  -1.7262419e-03  -6.1318090e-05  -1.5085414e-03
  -1.5983125e-01   8.6632130e-01   4.6993494e+00  -9.3953898e-04  -7.3798160e-04  -2.6571294e-03
  -1.6316199e-01   8.7962415e-01   4.7293428e+00  -8.1702703e-05  -3.4706752e-04  -2.5773889e-03
  -1.9728576e-01   8.8087091e-01   4.7827829e+00  -1.6217058e-03  -1.4107983e-03  -1.8618245e-03
  -1.7045668e-01   8.7874841e-01   4.7348860e+00  -1.1379920e-03  -3.3750141e-04  -2.1923730e-03
  -1.8843482e-01   8.7234051e-01   4.7507108e+00  -4.4365578e-04  -5.4823598e-04  -2.1649955e-03
  -1.8192034e-01   8.6081833e-01   4.7639198e+00  -8.4017231e-04  -4.3436313e-04  -1.9971448e-03
  -1.8515404e-01   8.3292320e-01   4.7665900e+00  -1.4441997e-03  -7.8129893e-04  -2.1226589e-03
  -1.8522123e-01   8.4354896e-01   4.8098432e+00  -1.2177125e-03  -3.8029926e-04  -1.5481336e-03
  -1.8258316e-01   8.4949131e-01   4.7713738e+00  -1.6299981e-03  -4.6382956e-04  -1.9211216e-03
  -1.8469794e-01   8.5332064e-01   4.8010295e+00  -1.7285101e-03  -3.7940056e-04  -1.7143811e-03
  -1.7777917e-01   8.4512791e-01   4.8058177e+00  -1.1556576e-03  -3.1060374e-04  -1.6061015e-03
  -1.9090838e-01   8.3023683e-01   4.8002000e+00  -1.6330601e-03  -7.7620958e-04  -1.7200306e-03
  -1.8305629e-01   8.2472115e-01   4.8374234e+00  -8.1733257e-04  -1.0101985e-03  -2.0347526e-03
  -1.9631193e-01   8.5527062e-01   4.8449016e+00  -2.3609613e-03  -6.2642049e-04  -1.1629758e-03
  -1.9672342e-01   8.5913538e-01   4.8621719e+00  -1.3630956e-03  -5.3792762e-04  -1.2989684e-03
  -1.9204243e-01   8.3876012e-01   4.7876331e+00  -9.4524301e-04  -3.1929252e-04  -1.4530843e-03
  -1.9401357e-01   8.4781061e-01   4.8604302e+00  -2.3691853e-03  -9.5742945e-04  -1.5799302e-03
  -1.8918699e-01   8.5052973e-01   4.9197786e+00  -1.6201602e-04  -7.6636972e-04  -1.8352382e-03
  -2.0452153e-01   8.6812143e-01   4.9140601e+00  -1.6575809e-03  -6.3871868e-04  -1.3605671e-03
  -1.9722757e-01   8.9802466e-01   4.9252190e+00  -2.4401713e-04  -1.0108175e-03  -1.7314820e-03
  -1.7404782e-01   8.5885171e-01   4.8886249e+00  -1.3571462e-03  -7.2197128e-04  -1.9883543e-03
  -1.9406438e-01   8.5998329e-01   4.9120990e+00  -1.3239487e-03  -1.0593940e-03  -1.6646450e-03
  -1.9794623e-01   8.5590202e-01   4.9292915e+00  -2.4844394e-03  -6.1484627e-04  -1.2712478e-03
  -1.7807938e-01   8.4884968e-01   4.9375910e+00  -2.3270623e-03  -9.0242785e-04  -1.9025865e-03
  -1.7676003e-01   8.6179384e-01   4.9461972e+00  -1.3009537e-03  -8.7338874e-04  -1.7632805e-03
  -1.9464227e-01   8.6692949e-01   4.9503386e+00  -2.1794876e-03  -7.0487943e-04  -1.5391488e-03
  -1.8988528e-01   8.7450656e-01   4.9617485e+00  -2.0478624e-03  -9.8270249e-04  -2.0214407e-03
  -1.8737831e-01   8.6844089e-01   4.9577676e+00  -1.7717166e-03  -8.7174457e-04  -1.8819387e-03
  -1.7197907e-01   8.7696661e-01   4.9735542e+00  -1.6635359e-03  -4.9592090e-04  -2.4317631e-03
  -7.2746254e-03   9.8966295e-01   5.2048965e+00   2.3856035e-02  -1.2545815e-03  -5.3927305e-03
   5.4531736e-02   5.7547250e-01   5.5499486e+00   3.0217078e-02  -1.0727164e-02  -2.6048625e-03
   8.8713441e-02   2.6032745e-01   5.1903825e+00  -2.1862777e-02  -7.1541501e-03   1.1561346e-03
  -8.3806835e-02   5.3128242e-01   4.6939944e+00   1.4921428e-02   4.2699925e-03  -4.6304490e-03
  -1.5665251e-01   7.6677138e-01   4.7092528e+00   8.8596176e-03   4.9449866e-03  -4.4040216e-03
  -1.5804031e-01   8.1626830e-01   4.8011220e+00   9.4506384e-03   4.6565240e-03  -5.2936357e-03
  -1.7045257e-01   8.5102400e-01   4.8838121e+00   9.6504254e-03   5.0936606e-03  -4.8274496e-03
  -1.7442733e-01   8.3503595e-01   4.8627884e+00   8.2752385e-03   4.7612124e-03  -4.6732215e-03
  -1.8214424e-01   8.5968357e-01   4.9189883e+00   9.4463228e-03   4.5022452e-03  -4.6616752e-03
  -1.7480785e-01   8.7692767e-01   4.9383153e+00   9.3940947e-03   4.8666198e-03  -4.6684029e-03
  -1.8864862e-01   8.7924735e-01   4.9416183e+00   9.3698952e-03   4.3513811e-03  -4.7983477e-03
  -1.7533527e-01   8.8616199e-01   4.9906020e+00   9.8195357e-03   5.0613913e-03  -4.8320636e-03
  -1.7450278e-01   8.7866904e-01   4.9941686e+00   9.4598516e-03   4.8406180e-03  -5.0388210e-03
  -1.7432881e-01   8.8601818e-01   4.9840778e+00   8.9950795e-03   4.2926952e-03  -5.3528605e-03
  -1.9511397e-01   8.8069211e-01   5.0366778e+00   1.0165294e-02   4.8785321e-03  -4.6272432e-03
  -1.9067810e-01   8.8674744e-01   5.0398781e+00   1.0003568e-02   4.3108836e-03  -4.8016500e-03
  -1.8242975e-01   8.9595966e-01   5.0645616e+00   1.0186999e-02   5.0602395e-03  -4.7706962e-03
  -1.9830913e-01   9.0825835e-01   5.0774298e+00   1.0145952e-02   4.2452839e-03  -4.6288880e-03
  -2.0267659e-01   8.6659758e-01   5.1001535e+00   9.5387101e-03   4.9182519e-03  -4.2046191e-03
  -2.0011707e-01   8.7696234e-01   5.0993749e+00   9.1417398e-03   4.7710002e-03  -4.2155660e-03
  -2.0813426e-01   8.6612704e-01   5.0973465e+00   8.9610342e-03   4.7834487e-03  -3.9999483e-03
  -2.2549000e-01   8.6609285e-01   5.1172214e+00   8.5982567e-03   4.3244529e-03  -3.5995726e-03
  -2.1634479e-01   8.8673908e-01   5.1374031e+00   8.4749128e-03   4.6287235e-03  -3.7843977e-03
  -2.2686032e-01   8.9869135e-01   5.1589598e+00   8.8740710e-03   4.6556243e-03  -3.3273472e-03
  -1.9310031e-01   8.2220366e-01   5.1753884e+00   1.0131027e-02   4.7062951e-03  -4.8678239e-03
  -2.2079068e-01   9.0477084e-01   5.1686692e+00   8.8083632e-03   4.6454093e-03  -3.7449378e-03
  -2.3909615e-01   8.6010697e-01   5.1592164e+00   8.3185929e-03   4.7156858e-03  -3.5113169e-03
  -2.1103243e-01   8.8062779e-01   5.1685209e+00   8.6191141e-03   4.6465441e-03  -3.6168578e-03
  -2.3092131e-01   8.6328473e-01   5.1637948e+00   8.2981437e-03   4.4801545e-03  -3.1135719e-03
  -2.0104126e-01   8.6774737e-01   5.1751948e+00   8.5782676e-03   4.6744702e-03  -3.9996024e-03
  -3.4995509e-01   8.7121234e-01   5.1222544e+00   8.9504257e-03   4.1391963e-03  -2.8453243e-03
  -5.7109193e-01   1.0266308e+00   5.1765609e+00   1.3114863e-02   1.4320481e-03  -6.2903364e-03
  -5.7924494e-01   1.0346138e+00   5.1530896e+00   1.0198042e-02   1.4198654e-03  -5.9121083e-03
  -5.9106318e-01   1.0614071e+00   5.2071131e+00   1.0773296e-02   1.3155733e-03  -5.5174975e-03
  -5.7376662e-01   1.0731555e+00   5.2423601e+00   1.0727521e-02   1.6500761e-03  -5.9131929e-03
  -6.0350527e-01   1.0945649e+00   5.2239351e+00   9.9964481e-03   1.2760769e-03  -5.7323585e-03
  -5.8099157e-01   1.0860745e+00   5.2307198e+00   9.7279559e-03   2.0672708e-03  -5.5568999e-03
  -5.8214141e-01   1.0790134e+00   5.2440255e+00   9.4061547e-03   2.1896457e-03  -5.3402239e-03
  -5.7028267e-01   1.1030740e+00   5.2515521e+00   8.8656455e-03   2.1288999e-03  -5.6892138e-03
  -5.8605350e-01   1.0679616e+00   5.2588043e+00   9.4103838e-03   2.2900804e-03  -5.0297263e-03
  -5.6708397e-01   1.0909891e+00   5.2556254e+00   8.7195950e-03   2.4885978e-03  -5.5770273e-03
  -5.8051757e-01   1.0863953e+00   5.2778320e+00   9.0923778e-03   2.6397538e-03  -4.6757961e-03
  -5.9700930e-01   1.0467407e+00   5.2761888e+00   8.4400844e-03   2.0569271e-03  -5.0901399e-03
  -6.0622225e-01   1.0471168e+00   5.2842593e+00   8.3073091e-03   2.0134703e-03  -4.9154030e-03
  -5.8076191e-01   1.0650203e+00   5.3116614e+00   9.0179258e-03   2.6888905e-03  -5.0605715e-03
  -5.5550863e-01   1.1018232e+00   5.3430913e+00   8.7147215e-03   3.1050670e-03  -5.7273568e-03
  -5.7724553e-01   1.1140412e+00   5.3239701e+00   8.8407162e-03   2.2420136e-03  -5.2971960e-03
  -5.3257378e-01   1.1131401e+00   5.3486628e+00   8.5799748e-03   3.2039141e-03  -5.7962944e-03
  -5.7502195e-01   1.0979887e+00   5.3644569e+00   9.1051329e-03   2.6502536e-03  -5.1835730e-03
  -5.6870680e-01   1.0811385e+00   5.4016426e+00   9.2176931e-03   2.7689550e-03  -5.1258497e-03
  -5.6478660e-01   1.0800759e+00   5.3928932e+00   9.1922725e-03   2.5279478e-03  -5.3846248e-03
  -5.7440831e-01   1.0957274e+00   5.3906195e+00   8.7008822e-03   2.5422171e-03  -5.4415013e-03
  -5.8711303e-01   1.0904032e+00   5.3976314e+00   8.5162209e-03   2.2263696e-03  -4.9375132e-03
  -5.7559000e-01   1.0965698e+00   5.4168862e+00   7.9657584e-03   2.2217434e-03  -5.0322579e-03
  -5.6878638e-01   1.0946861e+00   5.4584708e+00   9.3554764e-03   2.6341529e-03  -5.0800097e-03
  -5.8525923e-01   1.0939527e+00   5.4561396e+00   8.7944280e-03   2.2580013e-03  -4.8797920e-03
  -5.8103684e-01   1.0810373e+00   5.4594029e+00   7.7524731e-03   2.3323808e-03  -4.7112585e-03
  -5.5711700e-01   1.0992850e+00   5.5063935e+00   9.2529126e-03   2.7574332e-03  -5.4697689e-03
  -5.8727310e-01   1.1008577e+00   5.4969219e+00   8.0253165e-03   2.0917870e-03  -4.8338512e-03
  -5.7193466e-01   1.0724867e+00   5.5112855e+00   8.1742893e-03   2.2807996e-03  -5.4036592e-03
  -5.6099649e-01   1.1196116e+00   5.5359498e+00   8.8452212e-03   2.5075051e-03  -5.1026277e-03
  -5.7964547e-01   1.0948696e+00   5.5271792e+00   8.4645335e-03   2.2292555e-03  -4.9893567e-03
  -5.7644328e-01   1.1086658e+00   5.5441728e+00   8.4614919e-03   2.5500671e-03  -4.8447694e-03
  -5.9186246e-01   1.1320761e+00   5.4897678e+00   7.5473617e-03   1.3058525e-03  -5.1135176e-03
  -5.8044888e-01   1.1283267e+00   5.5354644e+00   8.5476664e-03   1.4205346e-03  -5.9273179e-03
  -5.8806855e-01   1.1285709e+00   5.5470391e+00   7.9342663e-03   1.2168434e-03  -5.7133926e-03
  -5.8182937e-01   1.1174816e+00   5.5794873e+00   8.5240932e-03   1.6455730e-03  -5.4982132e-03
  -5.6333966e-01   1.1422854e+00   5.6003966e+00   9.0463297e-03   2.2472356e-03  -5.5269581e-03
  -5.7061171e-01   1.1446303e+00   5.5984985e+00   8.0098618e-03   1.9288189e-03  -5.4515769e-03
  -5.8427929e-01   1.1402792e+00   5.5822585e+00   7.7438738e-03   2.0154384e-03  -5.3276833e-03
  -5.6348669e-01   1.1211711e+00   5.5968813e+00   7.6870388e-03   2.1190302e-03  -5.7886838e-03
  -5.6357591e-01   1.1362614e+00   5.6184422e+00   8.1593363e-03   2.1509892e-03  -5.7863396e-03
  -5.6826023e-01   1.1340217e+00   5.6250336e+00   8.4402080e-03   1.9095698e-03  -5.7292224e-03
  -5.6175131e-01   1.1362333e+00   5.6462084e+00   8.6018803e-03   2.2135853e-03  -5.6509510e-03
  -5.8810001e-01   1.1442350e+00   5.6806946e+00   7.9675185e-03   1.7721521e-03  -5.0815799e-03
  -5.8610920e-01   1.1393669e+00   5.6639704e+00   7.8931271e-03   1.7293272e-03  -5.0154485e-03
  -5.6218396e-01   1.1436441e+00   5.6632916e+00   7.7564194e-03   1.6997528e-03  -5.7224690e-03
  -5.7529335e-01   1.1307161e+00   5.6760938e+00   7.9296891e-03   1.7412936e-03  -5.2509844e-03
  -5.6573717e-01   1.1439790e+00   5.7081885e+00   8.8244045e-03   2.0022681e-03  -5.1973106e-03
  -5.8834872e-01   1.1555277e+00   5.6970298e+00   7.9940397e-03   1.3554762e-03  -5.4112265e-03
  -5.7734753e-01   1.1525623e+00   5.7087051e+00   7.8013626e-03   1.6392666e-03  -5.3657878e-03
  -5.9989128e-01   1.1402477e+00   5.7049692e+00   6.9545565e-03   1.6213899e-03  -4.7085644e-03
  -5.8677473e-01   1.1378002e+00   5.7004820e+00   7.0506448e-03   1.5350553e-03  -4.9567181e-03
  -6.0236476e-01   1.1546703e+00   5.7189261e+00   7.1663829e-03  -8.2216250e-04  -5.5087309e-03
  -6.1993489e-01   1.1635690e+00   5.7661126e+00   5.5496590e-03  -7.5845685e-06  -5.5847612e-03
  -6.3157059e-01   1.1288932e+00   5.7804963e+00   5.4144204e-03   2.8460966e-04  -5.1822535e-03
  -5.9205914e-01   1.1499442e+00   5.7916917e+00   5.5633620e-03   1.2785869e-03  -5.7106819e-03
  -6.2074651e-01   1.1480549e+00   5.8229045e+00   4.8545066e-03   9.5535216e-04  -4.9317333e-03
  -5.9446219e-01   1.1467191e+00   5.8266070e+00   6.1533718e-03   1.2228197e-03  -5.4412036e-03
  -5.9946029e-01   1.1424887e+00   5.8367370e+00   5.5827856e-03   1.2809561e-03  -5.2463418e-03
  -6.1236351e-01   1.1415490e+00   5.7976284e+00   4.8871145e-03   8.8740166e-04  -5.0160467e-03
  -6.2341787e-01   1.1470800e+00   5.8285262e+00   4.6084369e-03   1.2912790e-03  -4.5863109e-03
  -6.0644133e-01   1.1728735e+00   5.8528292e+00   3.5314389e-03   9.8976297e-04  -4.8661444e-03
  -5.8960752e-01   1.1557087e+00   5.8208515e+00   4.9110456e-03   1.4594148e-03  -5.1299019e-03
  -5.9315197e-01   1.1573303e+00   5.8691663e+00   4.9571540e-03   1.6820722e-03  -5.0751398e-03
  -6.0656386e-01   1.1498388e+00   5.8825827e+00   4.3966545e-03   1.3695941e-03  -5.0089469e-03
  -6.0902276e-01   1.1476343e+00   5.8658343e+00   4.3250566e-03   1.1995323e-03  -4.7033499e-03
  -6.1767993e-01   1.1606467e+00   5.8903800e+00   4.6434411e-03   1.2565488e-03  -4.5343133e-03
  -6.0104945e-01   1.1692261e+00   5.8871417e+00   3.9840473e-03   1.2530007e-03  -4.8598179e-03
  -5.9992758e-01   1.1516744e+00   5.9292344e+00   4.6035983e-03   1.6565478e-03  -4.6721837e-03
  -6.2151551e-01   1.1507077e+00   5.9279461e+00   4.2461893e-03   1.0040028e-03  -4.4065127e-03
  -6.0979734e-01   1.1710270e+00   5.9564932e+00   4.4818937e-03   1.3655117e-03  -4.3492400e-03
  -6.1195446e-01   1.1478677e+00   5.9290602e+00   3.0086899e-03   1.3845594e-03  -4.4486501e-03
  -6.1059191e-01   1.1839786e+00   5.9677295e+00   6.6294284e-03  -6.0548776e-04  -5.8666546e-03
  -6.2483808e-01   1.1794105e+00   5.9491981e+00   4.5276113e-03   8.8825468e-05  -5.4461622e-03
  -6.2070973e-01   1.1918213e+00   6.0056070e+00   4.7776388e-03   5.5211941e-05  -5.0127409e-03
  -6.1909412e-01   1.1908831e+00   6.0265589e+00   4.7333400e-03   1.4305663e-04  -5.3226497e-03
  -6.1252268e-01   1.1735448e+00   5.9291573e+00   5.1930621e-03   3.4030949e-04  -4.9530399e-03
  -5.9606398e-01   1.2347544e+00   5.9908691e+00   5.9036780e-03   4.3848578e-04  -5.9015181e-03
  -5.8316104e-01   1.2049510e+00   5.9322489e+00   3.5360434e-03   1.2324625e-03  -5.4788274e-03
  -5.9561033e-01   1.2331215e+00   6.0603090e+00   6.5268462e-03   9.6954630e-04  -5.4938780e-03
  -5.9399821e-01   1.2218487e+00   6.0905858e+00   5.7008453e-03   8.0314438e-04  -5.4338263e-03
  -6.0365968e-01   1.2158540e+00   6.0885110e+00   5.4389273e-03   7.0364924e-04  -5.4820685e-03
  -5.7977610e-01   1.2213160e+00   6.0696164e+00   4.8943143e-03   1.0377621e-03  -5.7607717e-03
  -6.1269428e-01   1.1917025e+00   6.0812495e+00   4.1385555e-03   6.2037702e-04  -5.2844416e-03
  -6.0093893e-01   1.2160255e+00   5.9740720e+00   2.9964564e-03   1.0705040e-03  -5.1781550e-03
  -6.3085306e-01   1.2234373e+00   6.1147303e+00   6.0610665e-03  -1.2580818e-04  -5.4219536e-03
  -6.1654674e-01   1.2154179e+00   6.1468728e+00   4.8675269e-03   3.8141362e-04  -5.4005635e-03
  -6.2261573e-01   1.2116774e+00   6.1975007e+00   5.4877763e-03   5.2678756e-04  -5.0236275e-03
  -6.1965077e-01   1.2074607e+00   6.1593604e+00   4.4250061e-03   6.9848612e-04  -4.9044129e-03
  -6.3104495e-01   1.2095817e+00   6.1435111e+00   4.0026442e-03   2.9934922e-04  -4.7000723e-03
  -6.0470007e-01   1.2011259e+00   6.1582118e+00   4.5501168e-03   5.0038827e-04  -4.9818014e-03
  -6.1014872e-01   1.1991667e+00   6.1667921e+00   3.8075488e-03   3.7010855e-04  -4.6625681e-03
  -6.1983789e-01   1.2019521e+00   6.1845521e+00   4.5656860e-03   3.4597803e-04  -5.2475037e-03
  -6.1718771e-01   1.1881768e+00   6.1811763e+00   4.0459743e-03   1.1509099e-03  -4.2614823e-03
  -6.2378308e-01   1.1705770e+00   6.1809541e+00   4.6470666e-03   1.9095366e-05  -5.1802080e-03
  -6.1365194e-01   1.1915283e+00   6.2015275e+00   4.4036640e-03   1.1222423e-03  -4.9435659e-03
  -6.1760069e-01   1.1806241e+00   6.1826286e+00   3.3308279e-03   6.1581331e-04  -5.0610336e-03
  -6.1671844e-01   1.2035578e+00   6.1857864e+00   4.3062028e-03   7.1346827e-04  -4.8635655e-03
  -5.9762077e-01   1.1835061e+00   6.1730644e+00   2.3694392e-03   1.2036032e-03  -4.6546606e-03
  -6.3179791e-01   1.2231723e+00   6.1918042e+00   7.2150687e-03  -7.1752782e-04  -5.4771336e-03
  -5.8078184e-01   1.1968635e+00   6.2182032e+00   5.3446456e-03   9.9568298e-04  -5.6948206e-03
  -6.0897963e-01   1.2283996e+00   6.1800100e+00   6.2074466e-03   5.1207252e-04  -5.0378602e-03
  -6.0969141e-01   1.2215580e+00   6.2477641e+00   5.3621911e-03   2.7995451e-04  -5.2515839e-03
  -6.1939584e-01   1.2401092e+00   6.2334803e+00   3.8166089e-03   5.9383275e-04  -4.9828364e-03
  -6.0155018e-01   1.2584237e+00   6.2442504e+00   9.0294024e-03  -1.6006927e-04  -5.9399647e-03
  -5.6368183e-01   1.2237696e+00   6.0868370e+00   4.8402906e-03   2.4195946e-03  -5.3935602e-03
  -5.7943639e-01   1.2315506e+00   6.1822694e+00   7.6836261e-03   8.5742172e-04  -5.6178975e-03
  -6.1140262e-01   1.2375716e+00   6.2583356e+00   7.0674396e-03   6.8666202e-04  -5.2236690e-03
  -6.3552318e-01   1.2270620e+00   6.2806120e+00   5.9638910e-03   9.2509057e-04  -4.7049963e-03
  -6.1540350e-01   1.2261862e+00   6.2847969e+00   6.3447986e-03   8.6758134e-04  -5.1390535e-03
  -6.3091096e-01   1.2226382e+00   6.3103187e+00   6.0759346e-03   8.5626492e-04  -4.8825163e-03
  -6.1585311e-01   1.2315387e+00   6.3205526e+00   6.0043612e-03   4.8864502e-04  -5.1138424e-03
  -7.0119236e-01   1.2261881e+00   6.3365186e+00   6.9675428e-03  -1.5743103e-03  -4.7012101e-03
  -6.6767782e-01   1.2228509e+00   6.3810189e+00   4.3938402e-03  -1.0334448e-03  -5.3383992e-03
  -6.6235835e-01   1.2347887e+00   6.4022882e+00   5.0944421e-03  -5.1353450e-04  -5.0654125e-03
  -6.6966587e-01   1.2547442e+00   6.4018144e+00   5.1389563e-03  -5.2137882e-04  -4.9294819e-03
  -6.2478732e-01   1.2552894e+00   6.3742431e+00   3.2088991e-03   4.5691237e-04  -5.6210945e-03
  -6.5418136e-01   1.2287536e+00   6.4234726e+00   7.1534125e-03  -7.6771677e-04  -4.7484259e-03
  -6.7837539e-01   1.2442439e+00   6.4758903e+00   4.5189850e-03  -1.3597106e-03  -4.9945088e-03
  -6.4748472e-01   1.2616021e+00   6.5379751e+00   5.6444948e-03  -2.5221970e-04  -5.4326845e-03
  -6.6054859e-01   1.2502583e+00   6.5092082e+00   4.9205746e-03  -4.4062669e-04  -5.0189137e-03
  -6.6162092e-01   1.2370849e+00   6.5024104e+00   4.5911377e-03  -7.5255985e-04  -5.0452528e-03
  -6.4858618e-01   1.2496440e+00   6.5241722e+00   4.9010200e-03  -4.2025444e-04  -5.0845054e-03
  -6.5908106e-01   1.2433008e+00   6.5327015e+00   3.7131061e-03  -5.5050276e-04  -4.9669720e-03
  -6.4627449e-01   1.2391254e+00   6.3959495e+00   2.2280744e-03   1.2833825e-04  -4.4754855e-03
  -6.5515814e-01   1.2563767e+00   6.4967164e+00   5.9173411e-03  -1.0198405e-03  -5.3617910e-03
  -6.1525580e-01   1.2618833e+00   6.5000294e+00   4.9877479e-03   1.1667772e-04  -5.6202486e-03
  -6.6096712e-01   1.2444919e+00   6.5614318e+00   4.9833094e-03  -4.2297844e-04  -4.5078745e-03
