   0.0000000e+00   0.0000000e+00   0.0000000e+00   0.0000000e+00   0.0000000e+00   0.0000000e+00
  -7.8554438e-03  -4.4040198e-03  -5.6268667e-02  -4.2837591e-03   2.1987851e-04   1.5048764e-05
  -2.6862675e-03  -1.5410456e-02   3.1728781e-02  -3.0769403e-04   1.3843061e-04   9.4253161e-06
   5.8627771e-03  -5.1035921e-03  -3.4721540e-02  -4.1169757e-03  -1.5961895e-04  -3.7224351e-04
  -1.9034102e-02  -2.5250487e-02  -9.2796556e-04   6.3699406e-04   2.8870856e-05   4.4279491e-04
  -1.9292205e-02  -1.2366947e-02  -1.0856554e-01  -2.9984179e-03   2.8534821e-04  -4.9668734e-04
   3.2596515e-03  -1.3425347e-02   8.5911792e-03  -2.4332918e-03   5.6273708e-04  -1.8338574e-04
   1.0994395e-02  -1.5867832e-02   5.0353317e-03  -1.4208469e-03   3.8351482e-04  -1.1240360e-03
  -5.1884438e-03   1.7108359e-03   1.9121394e-02  -2.7846893e-03   3.1443346e-04  -1.5401053e-04
  -6.2174251e-03   1.3711169e-02  -7.7109678e-02  -2.1939358e-03   1.0239983e-03  -8.5925145e-04
  -8.7394245e-03   1.0475689e-03   2.5722118e-02  -1.6745655e-03   1.2324156e-04  -2.7022411e-04
  -1.1256815e-02  -2.0072744e-02  -4.2043719e-02  -1.5354825e-03   5.2412893e-05  -8.0509587e-04
  -1.3860009e-04  -1.2643935e-02   2.2411928e-02  -2.5903282e-03  -3.0744989e-04  -4.3444420e-04
  -2.6590731e-03  -3.9534864e-02  -2.7064571e-02  -1.0908625e-03   9.0520326e-05  -5.9683722e-04
  -2.5368637e-02  -4.6648653e-03   2.5275650e-02  -2.3386717e-03  -3.6436274e-04   3.9733527e-04
  -4.6098949e-02  -8.4441524e-03  -7.6833124e-02  -3.1617293e-03  -2.1638168e-04   1.8567729e-04
  -5.3671072e-02   9.6115003e-03  -6.0305267e-02  -2.8665971e-03   3.4219451e-04   6.3701091e-04
  -4.6112451e-02  -5.8887457e-03   4.3918118e-02  -2.4076401e-03  -2.6509599e-04   6.6577228e-04
  -2.1843446e-02  -4.1523358e-03   6.9381573e-02  -7.2894310e-04   5.5814194e-05  -5.0881012e-04
  -6.1158604e-02  -8.1714698e-03   4.2875341e-02  -4.1930027e-03  -4.3476811e-04   1.2682188e-03
  -4.8436459e-02  -1.3233042e-02   1.0625197e-01   3.1802071e-04   4.5030220e-05   4.2657038e-04
  -3.6161802e-02   1.1734732e-02   5.4964818e-02  -3.7625387e-03  -2.6216148e-04   4.4232757e-04
  -6.3127078e-02  -2.9000252e-02   9.0422810e-02   2.7874593e-04   2.1814548e-05   5.5528180e-04
  -3.6079902e-02  -1.5032369e-04   8.9437551e-02  -2.7187853e-03   1.4895478e-04   3.3289262e-04
  -4.6808549e-02  -2.6489952e-02   7.6107515e-02  -1.1102794e-03  -1.3599047e-04   2.4978669e-04
  -3.4232927e-02  -5.5991716e-03   9.2415108e-02  -2.6260553e-03  -2.8769697e-04   1.5073667e-04
  -6.6480262e-02  -3.5177718e-02   8.3947998e-03  -1.5090817e-03   1.3579354e-04   4.6258907e-04
  -4.1980163e-02  -1.4449336e-02   1.2611181e-01  -1.9279799e-03  -5.7484743e-04   3.7148402e-04
  -4.4804074e-02   2.3228136e-04   8.0241414e-02  -2.0133686e-03  -7.6702568e-04   3.3137980e-04
  -2.9512773e-02  -6.9112945e-03   1.2584032e-01  -2.1869718e-03  -2.9446065e-04  -5.6248651e-05
  -4.4905643e-02  -1.7650649e-02   1.5396979e-01  -2.9090195e-03  -1.6076742e-04   5.0212148e-04
  -6.8994621e-02   7.4507785e-04  -2.0295618e-02  -9.6162465e-04   3.1834615e-04   5.2465286e-04
  -5.6932479e-02   2.3084941e-03   1.4482410e-01  -2.5423944e-03  -5.6948032e-04   7.8815086e-04
  -5.8567255e-02   1.4468384e-02   1.5620035e-02  -4.4744851e-03  -1.9348756e-04   6.0274865e-04
  -4.9450352e-02  -3.0232822e-02   1.6102567e-01  -2.6606182e-03  -4.4269058e-04   5.4082177e-04
  -5.5275633e-02   4.7434341e-02   1.6938779e-02  -3.7190455e-03   2.4907034e-04  -2.2725421e-04
  -5.7780091e-02  -1.8462360e-02   1.8805816e-01  -2.6894976e-03  -4.9619450e-04   5.5974901e-04
  -5.9341728e-02   1.2383247e-02   7.2192347e-02  -5.1700881e-03  -7.8246861e-05   5.9619483e-05
  -6.6800195e-02  -2.7523095e-02   1.7734333e-01  -4.6652642e-04  -6.6152015e-04   3.8411821e-04
  -5.0290105e-02  -4.1371119e-03   2.2503578e-01  -2.1281105e-03  -6.3437417e-04   1.7608595e-04
  -5.8265387e-02  -1.0876042e-02   1.5622518e-01  -2.4185230e-03   1.5632576e-04   7.0781090e-04
  -9.0887573e-02   1.3424085e-02   1.4868399e-02  -4.9278264e-03  -4.7546219e-04   5.1848497e-04
  -6.0776416e-02  -6.0463998e-02   2.3104446e-01   5.7404140e-04  -5.5274334e-04   3.5717050e-04
  -5.7925027e-02  -5.7358982e-03   2.4995876e-01  -2.6172541e-03  -3.9636116e-04   3.0363782e-04
  -6.7871386e-02   2.0497689e-03   1.5448886e-01  -4.1248019e-03   1.0859659e-04   7.5028785e-05
  -8.3717717e-02  -2.0142867e-02   2.5231378e-01  -8.6728068e-04  -5.6212011e-04   1.0088120e-03
  -8.1367839e-02   1.1529047e-02   1.8845020e-01  -4.6218496e-03  -7.8051743e-04   2.3999014e-04
  -7.4506457e-02   2.2809699e-03   3.0886135e-01  -3.1652358e-03  -6.1314797e-04   6.9057359e-04
  -5.7603966e-02  -1.1959941e-02   3.1471299e-01  -2.9546361e-03  -5.7173915e-04   2.1524171e-04
  -7.2885035e-02  -2.3886459e-02   2.8393253e-01  -2.6426059e-03  -4.4170699e-04   2.1597838e-04
  -5.5315951e-02  -4.0392963e-03   3.1568213e-01  -2.8057788e-03  -4.3878116e-04   6.8409372e-04
  -7.4920312e-02  -4.3289087e-02   2.4562295e-01  -7.4962186e-05  -1.3802193e-04   1.8170262e-04
  -7.3037855e-02  -1.0747945e-02   3.3739200e-01  -2.1335926e-03  -4.3717645e-04   5.7559747e-04
  -7.1400551e-02  -9.9653488e-03   2.6566674e-01  -1.6109300e-03  -4.6353694e-04  -2.4801346e-05
  -7.6072246e-02  -2.3745128e-02   3.9173589e-01  -2.4324439e-03   1.5138629e-05   3.5580067e-04
  -9.5557063e-02  -6.8676162e-03   1.8712879e-01  -4.2650570e-03   1.6922696e-04   3.5198431e-04
  -1.0408219e-01  -3.0989048e-03   3.0455688e-01  -1.8865887e-03  -3.5620303e-04   1.0825591e-03
  -6.8562095e-02  -1.3934108e-02   3.5363055e-01  -1.9334465e-03  -9.3081853e-04   4.2708491e-04
  -1.1046663e-01   2.1244980e-02   2.0885273e-01  -3.9759609e-03  -8.0912028e-04   5.1606123e-04
  -8.1569263e-02  -2.1474048e-02   4.0090433e-01  -1.4130170e-03  -6.4290233e-04   2.4701264e-04
  -7.9802371e-02   6.7054112e-04   4.4208043e-01  -2.5086532e-03  -7.6790406e-04   5.0379382e-04
  -9.5057404e-02  -1.5808197e-03   2.8248167e-01  -3.3928522e-03  -4.7894654e-04   2.2469481e-04
  -9.3332167e-02   3.0641725e-03   3.4763089e-01  -3.1989743e-03  -2.1426453e-05   8.8578836e-04
  -1.0816856e-01  -1.3785213e-02   3.0185511e-01  -4.4422638e-03  -4.6705398e-04   7.1631107e-04
  -9.1845782e-02  -1.6637216e-02   4.6814814e-01  -2.6116825e-03  -4.7015772e-04   8.2747575e-04
  -8.0353883e-02  -2.0124185e-02   3.6019094e-01  -7.4100436e-04  -1.4240763e-04  -4.1372648e-04
  -8.9910704e-02   7.5265430e-03   5.0172704e-01  -1.0495587e-03  -4.4170366e-04   5.5007068e-04
  -1.1683627e-01   2.8858968e-02   3.2784666e-01  -5.4324644e-03  -1.7965531e-04   4.4395145e-04
  -9.8762446e-02  -2.1222744e-02   5.0828830e-01  -8.7555478e-04  -1.5074962e-04   6.1261039e-04
  -9.9627494e-02   3.2327892e-03   5.4571216e-01  -2.5358340e-03  -9.3540471e-04   5.6768688e-04
  -1.0418886e-01  -4.1865941e-03   4.6223721e-01  -3.0891806e-03  -1.0132504e-04   2.9210157e-04
  -8.6157869e-02  -1.3406187e-02   5.9887986e-01  -1.6147145e-03  -1.2144496e-04   3.0658505e-04
  -8.8116385e-02   3.2444638e-03   5.5877964e-01  -1.4443216e-03   2.9495280e-05   2.1847258e-04
  -7.8299177e-02   1.8995459e-02   6.0078860e-01  -2.4407527e-03  -2.7865393e-04   3.3764015e-04
  -7.8759478e-02  -1.7402210e-02   6.4092631e-01  -1.2797942e-04   5.1806779e-04   6.5654226e-05
  -7.7532962e-02   5.1336093e-03   6.4388579e-01  -3.3017327e-03  -3.3366581e-04   4.1742494e-04
  -8.7154823e-02  -3.2606923e-02   5.9510234e-01  -2.4577508e-03  -6.6033357e-04  -3.8813699e-05
  -8.6873508e-02  -1.8518854e-02   6.7229068e-01  -2.6660841e-03  -3.2566154e-04   5.3913823e-04
  -7.2057294e-02   2.3865774e-02   6.4763884e-01  -4.0172891e-03  -5.0555770e-04   1.1838917e-04
  -1.0648528e-01   6.2181395e-03   6.5951084e-01   4.5219252e-04  -5.4248168e-04   3.9355992e-04
  -1.0053089e-01   1.4951407e-02   7.3088849e-01  -3.3490289e-03  -3.0919220e-04   6.8584331e-04
  -9.2732567e-02   2.2674243e-02   6.0134373e-01  -4.1619003e-03  -2.6859498e-04   1.2167528e-04
  -7.8775085e-02  -1.4038206e-02   6.8259073e-01  -3.3765918e-03  -5.2106390e-04   4.1091516e-04
  -8.8303793e-02   1.6159085e-02   6.9159301e-01  -4.3271334e-03  -6.0334330e-04   5.0378423e-04
  -9.4293207e-02  -1.3422485e-02   7.1390588e-01  -6.0051446e-04  -3.3820959e-04   4.5679967e-04
  -8.3202328e-02   1.1867887e-02   7.6640512e-01  -2.4832080e-03  -6.0178104e-04   3.0265719e-04
  -9.9533651e-02   3.2433656e-02   6.2438589e-01  -4.0016726e-03  -1.9034431e-04   1.4828824e-04
  -9.2447992e-02  -2.8101359e-03   7.2950464e-01  -3.6471667e-03  -3.2918147e-04   5.9227549e-04
  -8.1084173e-02   2.2607091e-03   7.0514299e-01  -1.2634557e-03  -6.0984595e-05  -3.6532404e-04
  -9.1542884e-02   2.8787145e-02   8.1530482e-01  -2.5283019e-03  -1.5618183e-04   6.2015204e-04
  -8.6258084e-02   9.8690557e-03   8.2911689e-01   6.4324614e-04  -5.2940707e-04  -7.4349944e-05
  -8.4372546e-02   2.7299253e-02   8.6099101e-01  -2.7455648e-03  -3.3899586e-04   4.8669893e-04
  -1.1074089e-01   4.1144545e-02   6.8655580e-01  -6.8968340e-03  -1.0609300e-04   6.1892430e-04
  -9.8786173e-02   4.0489690e-02   8.6200844e-01  -5.9859401e-04  -1.7458934e-05   5.3937761e-04
  -1.0109768e-01   3.3450869e-02   8.9415750e-01  -3.5808538e-03  -7.1934515e-04   5.5472353e-04
  -9.7398968e-02   4.2994101e-02   8.0987933e-01  -2.1370833e-03  -5.4579224e-04   6.7471230e-05
  -1.0532853e-01   4.5287134e-02   9.1877612e-01  -2.3491192e-03  -2.2173791e-04   8.7695047e-04
  -9.8763522e-02   2.2249656e-02   9.5377845e-01  -2.9590149e-03  -5.7928850e-04   6.8240818e-04
  -1.0794505e-01   6.1668628e-02   8.1409247e-01  -3.4627586e-03  -3.1053267e-06   3.2974128e-04
  -1.0334899e-01   6.2557476e-02   9.5662151e-01  -1.9404541e-03  -6.7912423e-04   7.9752336e-04
  -8.9068918e-02   3.2816172e-02   8.6156262e-01  -7.2130409e-04  -6.9088859e-04  -2.3363039e-04
  -9.1470543e-02   3.2252943e-02   9.6206710e-01  -3.2096555e-03  -6.7232366e-04   5.2550170e-04
  -1.2313713e-01   3.0481484e-02   8.5351050e-01  -1.3935574e-03   1.2713881e-05   5.3839938e-04
  -1.0929096e-01   8.0528144e-02   8.8693364e-01  -6.2466179e-03  -4.6324865e-04   4.9010912e-04
  -9.5598224e-02   2.9184465e-02   1.0731524e+00  -2.6693269e-03   3.1852748e-04   3.7840147e-04
  -7.9774247e-02   6.0928837e-02   1.0767120e+00  -3.5890662e-03  -1.6534813e-04   3.7350910e-04
  -9.2523853e-02   4.9366313e-02   8.9875943e-01  -3.7179281e-03   1.7545876e-04   1.1580920e-04
  -8.5670592e-02   6.5470993e-02   1.1099227e+00  -1.8419071e-03  -7.3437736e-04   6.5126628e-04
  -8.3447117e-02   4.8808291e-02   1.0954987e+00  -3.4021605e-03  -1.0926932e-03   9.2733936e-05
  -9.5831114e-02   3.3773313e-02   1.0044911e+00  -8.0168680e-05  -2.7143457e-04  -2.0662424e-04
  -1.0518752e-01   6.4341496e-02   1.1326627e+00  -2.7773510e-03  -6.4986696e-04   7.0474246e-04
  -1.1849695e-01   6.2329666e-02   9.7328918e-01  -2.4108445e-03  -2.9777995e-04  -9.8467118e-05
  -9.6293642e-02   5.7733435e-02   1.1788643e+00  -2.1957011e-03  -5.3074740e-04   6.9705006e-04
  -9.4077505e-02   8.3526295e-02   1.0054961e+00  -4.0906945e-03  -2.8243912e-05   1.0230512e-04
  -1.1673422e-01  -3.4368490e-02   1.1868643e+00  -2.5321139e-03  -1.3624668e-03   5.1704745e-04
  -7.3856309e-02   7.1369727e-02   1.1863101e+00  -3.8372208e-03  -9.0254661e-04   2.1908699e-04
  -9.6173189e-02   3.9026986e-02   1.0402835e+00  -4.4648293e-04   4.7533092e-05  -3.7944262e-04
  -7.8319062e-02   1.8366749e-02   1.1863862e+00  -9.5750168e-04  -6.1203405e-04  -1.4852615e-05
  -7.4393325e-02   6.6146904e-02   1.2369335e+00  -3.4577493e-03  -2.4770562e-04   2.6727539e-04
  -8.4387858e-02   8.1447398e-02   1.2662680e+00  -3.0054734e-03  -5.4469907e-04   7.5880056e-04
  -1.0898909e-01   8.2997409e-02   1.1305013e+00  -3.4884420e-03  -4.1958570e-04   7.6946176e-05
  -8.2343491e-02   8.5142870e-02   1.3060507e+00  -2.8887187e-03  -8.6553144e-04   3.3570073e-04
  -1.1269783e-01   1.1159419e-01   1.1201767e+00  -6.2657409e-03  -2.8973887e-04   7.7530924e-04
  -9.6289986e-02   7.0475704e-02   1.3445083e+00   7.5066069e-04  -1.0624968e-04   6.7557334e-04
  -1.0788499e-01   6.7927517e-02   1.2448945e+00  -2.1164466e-03  -3.2422804e-05   4.5031112e-04
  -9.1809782e-02   7.2648036e-02   1.3047019e+00  -2.0853987e-03  -6.2609758e-04   5.1366818e-04
  -9.2090787e-02   9.1385336e-02   1.3619364e+00  -2.3564900e-03  -4.8253119e-04   3.2027644e-04
  -1.0800803e-01   7.1851177e-02   1.1982188e+00  -2.7239258e-03  -4.7528860e-04  -5.0301199e-04
  -7.5575610e-02   7.7787911e-02   1.3715023e+00  -2.9389507e-03  -4.0638405e-04   2.7774279e-04
  -1.0199592e-01   1.1384676e-01   1.2273461e+00  -4.5373247e-03  -3.7726127e-04   5.1085456e-04
  -1.1462230e-01   1.1070397e-01   1.3945433e+00  -2.1721677e-03  -5.4813666e-04   9.0412196e-04
  -1.2856592e-01   1.2006156e-01   1.2131869e+00  -3.8096619e-03   1.1093016e-04   1.8528557e-04
  -9.5254737e-02   9.2882792e-02   1.3973058e+00  -3.0078836e-03   2.2853345e-05   5.8900893e-04
  -1.0046831e-01   9.7793016e-02   1.4254779e+00  -2.9901578e-03  -1.0258184e-03   6.2601159e-04
  -8.1970161e-02   1.1023699e-01   1.4424590e+00  -3.4962429e-03  -4.9305852e-04   2.8363548e-04
  -1.1755012e-01   1.1122560e-01   1.4046653e+00  -2.2360656e-03  -1.2714859e-04   5.3054429e-04
  -8.9226249e-02   1.0596278e-01   1.5100013e+00  -3.5301008e-03  -7.1112263e-04   4.7510199e-04
  -7.2650933e-02   1.1726797e-01   1.4706127e+00  -4.8453811e-03  -9.4058481e-04   1.1666840e-04
  -1.1512576e-01   7.1188861e-02   1.4003242e+00  -8.9463410e-04   5.8799668e-05   5.7884040e-04
  -9.5160516e-02   9.1539142e-02   1.6225556e+00  -1.2671257e-03  -4.4069875e-04   7.7317609e-04
  -9.6492775e-02   1.3337725e-01   1.4823423e+00  -5.6016350e-03  -6.5106515e-04   1.3586885e-04
  -9.3183770e-02   1.0301392e-01   1.5201978e+00   5.6601077e-04  -5.4652840e-04  -1.1406367e-04
  -6.0102173e-02   9.1293748e-02   1.6017824e+00  -3.1602527e-03  -8.2216352e-04  -1.1242651e-04
  -7.3751418e-02   9.3788630e-02   1.5349064e+00  -7.1001116e-04  -2.0669607e-04  -2.8490100e-04
  -7.4759253e-02   1.0514349e-01   1.6028935e+00  -1.8822547e-03  -4.4038058e-04   1.9156765e-04
  -9.4580568e-02   1.1955687e-01   1.4345921e+00  -3.3672012e-03  -2.9684521e-04  -2.2381875e-04
  -5.6753287e-02   9.8300121e-02   1.6317136e+00  -2.0127532e-03  -7.5536173e-04  -3.3748333e-04
  -1.0419316e-01   1.0649951e-01   1.4233098e+00  -3.8008119e-03   1.2478500e-04  -4.3826190e-05
  -8.3640307e-02   1.0367370e-01   1.6510640e+00  -1.8445128e-03  -4.1350458e-04   3.3940591e-05
  -8.9381463e-02   1.1542469e-01   1.5998226e+00  -2.0198927e-03  -1.2736774e-04   3.2818700e-04
  -9.2832743e-02   1.2383180e-01   1.6861471e+00  -2.8664765e-03  -4.2102034e-04   7.8851341e-04
  -1.0093875e-01   1.2164709e-01   1.6971798e+00  -3.6070522e-03  -8.6472824e-04   5.5064337e-04
  -9.3818129e-02   1.2672132e-01   1.6042542e+00  -5.5583412e-03  -1.3075699e-04   5.3568697e-04
  -1.0129336e-01   8.4363768e-02   1.7322024e+00  -1.9220866e-03  -5.5450977e-04   7.1598348e-04
  -1.0209340e-01   1.5515528e-01   1.6041304e+00  -3.9918200e-03  -7.5247411e-04  -3.3200773e-06
  -9.3338255e-02   1.4144732e-01   1.7566753e+00  -3.3388201e-03  -6.8845809e-04   6.3498441e-04
  -1.1378454e-01   1.4138221e-01   1.6658371e+00  -6.6710880e-03  -7.8305160e-04   5.3372244e-04
  -7.8263198e-02   1.1543958e-01   1.7524997e+00  -9.2488305e-04  -3.7391807e-04  -7.7751472e-05
  -6.9952837e-02   1.0543607e-01   1.7852539e+00  -3.5921525e-03  -5.9572600e-04  -3.5738261e-05
  -8.7233473e-02   1.2789691e-01   1.7787495e+00  -8.2439086e-04  -8.9588575e-05  -2.9135105e-04
  -7.7941563e-02   1.5047008e-01   1.8446161e+00  -5.2852286e-03  -9.7255467e-04   1.8251977e-04
  -8.7305314e-02   1.1276867e-01   1.8537636e+00  -1.8977201e-03  -7.6572961e-04   6.5523839e-04
  -8.6335489e-02   1.5669225e-01   1.8243858e+00  -4.3587828e-03  -1.0051993e-03   4.3917976e-04
  -9.3703554e-02   1.2933858e-01   1.9017337e+00  -3.4453638e-03  -9.0826197e-04   1.0205798e-03
  -9.4489605e-02   1.5033538e-01   1.9147103e+00  -4.0144883e-03  -1.2663420e-03   7.7787231e-04
  -9.7484876e-02   1.3640503e-01   1.7582857e+00  -5.1992179e-03  -8.9095964e-04   2.1422255e-04
  -8.4409390e-02   1.4539024e-01   1.9360360e+00  -3.6855343e-03  -1.1764075e-03   4.3631903e-04
  -1.0171484e-01   1.5009652e-01   1.8970048e+00  -5.1967095e-03  -1.4357697e-03   9.7332166e-04
  -8.6441919e-02   1.2876248e-01   1.9278676e+00   1.9630744e-05  -1.1429428e-03   1.2908392e-04
  -6.6341867e-02   1.2392226e-01   1.9657995e+00  -3.7330258e-03  -1.1794204e-03   1.9661628e-05
  -4.2275372e-02   1.4397273e-01   1.9893846e+00  -3.3367459e-03  -7.8653362e-04  -3.4782085e-04
  -7.2791191e-02   1.5755750e-01   1.9631609e+00  -4.6459063e-03  -1.1783866e-03   3.2346344e-04
  -7.8203876e-02   1.3513181e-01   1.8944923e+00  -1.2028560e-03  -2.9205511e-04  -4.0194653e-04
  -7.5169024e-02   1.4190349e-01   1.9848640e+00  -3.6403742e-03  -9.7514335e-04   2.4550056e-04
  -5.5239324e-02   1.5434306e-01   2.0016966e+00  -3.5645611e-03  -5.5045512e-04  -2.9861931e-04
  -4.5763306e-02   1.5363329e-01   2.0206873e+00  -3.0458194e-03  -7.8502407e-04  -2.4749486e-04
  -6.7127879e-02   1.5413515e-01   1.8829499e+00  -2.7051569e-03   1.1826496e-05  -9.3229546e-04
  -5.3074472e-02   1.3877052e-01   2.0591081e+00  -2.2037722e-03  -6.2911544e-04  -2.7113630e-05
  -5.1282261e-02   1.7035955e-01   2.0907800e+00  -3.2416030e-03  -8.3633848e-04   8.7004188e-06
  -4.4824649e-02   1.5835859e-01   2.1202533e+00  -2.5500458e-03  -4.9245863e-04  -1.8409582e-04
  -8.6533523e-02   1.4244124e-01   1.9717680e+00  -2.5998489e-03  -3.0608325e-04  -8.6529158e-05
  -6.1649342e-02   1.5890965e-01   2.1179579e+00  -3.0168329e-03  -6.8721961e-04   1.3948465e-04
  -9.0175497e-02   1.6455651e-01   1.8633679e+00  -6.3370678e-03  -9.0075095e-04   1.4100577e-04
  -6.8510287e-02   1.1572636e-01   2.1141164e+00  -3.1823582e-03  -1.2431053e-03  -2.8415939e-05
  -5.4130596e-02   1.5867270e-01   2.0662550e+00  -5.2530455e-03  -1.1947169e-03  -3.0280926e-04
  -5.9080472e-02   1.2250601e-01   2.1118865e+00  -2.8814087e-03  -6.0515712e-04  -2.6087475e-04
  -6.6945749e-02   1.8639299e-01   2.1271959e+00  -3.2646131e-03  -1.3207273e-04  -1.1086320e-05
  -4.5373965e-02   1.0159114e-01   2.1184470e+00  -4.2711647e-03   1.6573334e-04  -5.1317877e-04
  -3.9947223e-02   1.3741315e-01   2.1790301e+00  -3.5851407e-03   2.1123749e-05  -2.8148342e-04
  -7.4285903e-02   1.9067973e-01   2.1719277e+00  -1.6564465e-03  -3.3480496e-04  -5.2854890e-04
  -5.8728134e-02   1.5562906e-01   2.2995789e+00  -3.0947811e-03  -2.8088100e-04  -6.2865141e-05
  -6.4134000e-02   1.5136279e-01   2.1470072e+00  -3.4628014e-03   3.6645335e-05  -7.5223399e-04
  -4.2529009e-02   1.3710932e-01   2.2739038e+00  -2.3736846e-03  -9.0764961e-04  -2.4371231e-04
  -3.6348614e-02   1.5716049e-01   2.3170420e+00  -2.9044780e-03  -6.2783261e-04  -4.7725972e-04
  -5.6407657e-02   1.7991323e-01   2.1153855e+00  -4.4186310e-03  -6.2442025e-04  -4.0617508e-04
  -4.2096763e-02   9.0382258e-02   2.3133373e+00  -3.5017626e-03  -5.6525896e-04  -2.3627493e-04
  -5.6707535e-02   1.4721947e-01   2.2455020e+00  -3.6810476e-03  -8.6928382e-04  -2.9206709e-04
  -5.1361379e-02   1.6634299e-01   2.3478834e+00  -2.7187850e-03  -6.3581349e-04   1.9392249e-04
  -4.1695154e-02   1.7102382e-01   2.3412860e+00  -3.8131736e-03  -9.0132711e-04  -7.2183238e-05
  -4.0403293e-02   1.6897237e-01   2.4192339e+00  -3.2148179e-03  -9.4368793e-04  -1.6940715e-04
  -5.8625365e-02   1.6575073e-01   2.3906202e+00  -4.8847038e-03  -7.0617882e-04   3.8522578e-04
  -5.0296362e-02   1.6164292e-01   2.3738862e+00  -4.7502431e-03  -1.2184534e-03   1.2200946e-04
  -6.4000518e-02   1.8471147e-01   2.3898102e+00  -4.6691149e-03  -1.0162462e-03   4.5788636e-04
  -6.4206721e-02   2.0544112e-01   2.3991770e+00  -4.3987378e-03  -9.1915578e-04   4.3950769e-04
  -8.7750588e-02   1.8401956e-01   2.2960046e+00  -2.4440638e-03  -6.8136909e-04   3.1754535e-04
  -5.6313689e-02   1.7298237e-01   2.4864520e+00  -2.5509261e-03  -8.5647894e-04   2.0813598e-04
  -9.0699221e-02   1.7932045e-01   2.2807500e+00  -5.0935532e-03  -3.7663305e-04   4.2952810e-04
  -6.3743119e-02   1.9529419e-01   2.5042259e+00  -2.0744533e-03  -7.3493735e-04   2.5294875e-04
  -9.3684461e-02   1.7014113e-01   2.3802651e+00  -2.2032342e-03  -9.5099149e-04   5.3435436e-04
  -6.5948181e-02   1.6846589e-01   2.5673006e+00  -1.2111028e-03  -1.1391882e-03   2.8171471e-04
  -6.2146920e-02   1.9029753e-01   2.5791767e+00  -3.3206993e-03  -1.1027764e-03   5.8356846e-04
  -8.0134315e-02   1.7177221e-01   2.5301267e+00   5.5059818e-04  -1.0532585e-03  -3.4637147e-05
  -6.9727973e-02   1.8828793e-01   2.5289559e+00  -3.2598487e-03  -1.1706329e-03   2.1156236e-04
  -6.1137442e-02   1.7342633e-01   2.5689115e+00  -3.6035742e-03  -7.2918705e-04   3.3985895e-04
  -4.8649164e-02   2.0422273e-01   2.6000964e+00  -3.7136047e-03  -8.8125986e-04   4.1819344e-04
  -5.6419167e-02   1.8289085e-01   2.6073337e+00  -2.6099408e-03  -9.0250692e-04   2.7822297e-04
  -6.4245664e-02   1.9957082e-01   2.6217761e+00  -3.9996511e-03  -7.3249647e-04   7.6814416e-04
  -5.3010215e-02   1.9899073e-01   2.6450531e+00  -3.7303558e-03  -5.7845079e-04   5.6351727e-04
  -5.1563410e-02   2.0184103e-01   2.6661302e+00  -3.7982656e-03  -7.6413987e-04   2.5073463e-04
  -8.7642951e-02   2.2917598e-01   2.6019444e+00  -4.1416981e-03  -5.1653883e-04   1.0037810e-03
  -5.1319906e-02   1.8810019e-01   2.7308373e+00  -3.8232458e-03  -1.4599520e-03   3.1179926e-04
  -4.1572539e-02   1.9293893e-01   2.7163686e+00  -4.8869421e-03  -9.8397334e-04   4.5910002e-04
  -8.7366564e-02   2.0563126e-01   2.5917583e+00  -7.0365685e-03  -8.3848952e-04   7.3765833e-04
  -8.0216485e-02   1.7831474e-01   2.7564954e+00  -1.7042839e-03  -1.1508467e-03   9.5182277e-04
  -6.0051974e-02   2.1477538e-01   2.7867024e+00  -3.6533532e-03  -1.0337377e-03   9.2902745e-04
  -4.5382235e-02   2.1218684e-01   2.7867480e+00  -3.7380112e-03  -1.0296966e-03   6.9220653e-04
  -4.0547265e-02   2.0767757e-01   2.7997785e+00  -3.5286882e-03  -1.1764856e-03   3.9703435e-04
  -5.7145269e-02   2.2056663e-01   2.7170066e+00  -1.8286411e-03  -1.1315674e-03   2.7505649e-04
  -4.5642257e-02   2.1170268e-01   2.7935725e+00  -3.4266456e-03  -1.2879933e-03   4.4549755e-04
  -5.2527576e-02   2.0168183e-01   2.8222320e+00  -3.7508447e-03  -7.3380198e-04   7.3230874e-04
  -3.6181869e-02   1.9629429e-01   2.7458141e+00  -2.9696839e-03  -5.1615212e-04  -7.1769546e-04
  -3.0388861e-02   1.9656012e-01   2.8383233e+00  -3.2172995e-03  -7.8119469e-04   1.2937488e-04
  -2.4604597e-02   2.1617719e-01   2.8450247e+00  -3.8562058e-03  -7.3785982e-04  -3.4934386e-05
  -1.8275556e-02   1.9797622e-01   2.8444887e+00  -1.6231794e-03  -8.9932422e-04  -5.7925617e-04
  -3.3873299e-02   2.1095573e-01   2.8793575e+00  -3.4255602e-03  -8.6946097e-04   3.4346856e-04
  -1.3051798e-02   2.0215689e-01   2.9145812e+00  -3.7123875e-03  -4.8966584e-04  -2.2479514e-04
  -3.8471075e-02   2.0892560e-01   2.8413446e+00  -1.8812747e-03  -1.1636629e-03  -3.6586416e-04
  -4.0400133e-02   2.3036868e-01   2.9648072e+00  -2.7444369e-03  -1.1257707e-03   7.2569060e-04
  -5.3631100e-02   2.2092829e-01   2.8680307e+00  -3.2997896e-03  -9.5181749e-04   3.9232219e-05
  -6.4630541e-02   2.2895384e-01   2.8665582e+00  -5.4394704e-03  -9.3355979e-04   9.5765587e-04
  -6.2651405e-02   2.0980874e-01   2.9885444e+00  -2.2064832e-03  -1.0808893e-03   9.5698138e-04
  -3.2718709e-02   2.2130395e-01   2.9898623e+00  -3.4782849e-03  -7.3911410e-04   1.2253348e-04
  -7.2164680e-02   2.3043653e-01   2.8810436e+00  -4.1358398e-03  -5.8535549e-04   6.1096624e-04
  -2.5905397e-02   2.3609255e-01   2.9580845e+00  -3.1595773e-03  -2.7529483e-04  -2.3398222e-04
  -2.3821167e-02   2.4036603e-01   2.9727199e+00  -3.5530760e-03  -4.6524571e-04  -4.5538950e-05
  -1.8455277e-02   2.3132430e-01   2.9807931e+00  -4.1388955e-03  -5.4084723e-04  -2.3187257e-04
  -2.5812733e-02   2.7866553e-01   2.9396536e+00  -6.7886931e-03  -8.6608693e-04  -5.4740931e-04
   1.1392890e-03   2.3629728e-01   3.1046514e+00  -3.7702531e-03  -8.8563899e-04  -5.3600150e-04
  -3.2343985e-02   2.4957341e-01   3.0841355e+00  -5.2694921e-03  -1.4184084e-03   1.1962556e-04
  -4.2015278e-02   2.1461998e-01   3.0551893e+00  -2.6790013e-04  -8.5332605e-04   2.4106044e-04
  -5.6907877e-02   2.5937187e-01   2.9993938e+00  -4.9314131e-03  -1.1827805e-03   2.8128644e-04
  -4.2088699e-02   2.3139753e-01   3.1342019e+00  -2.4841708e-03  -1.0916039e-03   5.6971652e-04
  -2.9281384e-02   2.3853990e-01   3.1207102e+00  -3.8646492e-03  -1.1398313e-03   6.0834861e-04
  -2.5950791e-02   2.4729854e-01   3.1513358e+00  -3.7501137e-03  -1.4591738e-03   4.5156074e-04
  -3.0879340e-02   2.5397030e-01   3.1708413e+00  -3.4521233e-03  -1.1341214e-03   6.2091996e-04
  -3.3080877e-02   2.6395073e-01   3.1360810e+00  -4.6228301e-03  -9.7350500e-04   6.9085562e-04
  -1.9010311e-02   2.3684469e-01   3.1626688e+00  -4.1656945e-03  -8.9586351e-04   2.0711139e-04
  -5.1770989e-02   2.5420034e-01   3.1588428e+00  -5.0061966e-03  -1.6687104e-03   6.1248816e-04
  -3.7450854e-02   2.3312545e-01   3.1711789e+00  -4.4038138e-03  -1.5374825e-03   5.8213418e-04
  -2.9794253e-02   2.5887051e-01   3.0926105e+00  -4.2685612e-03  -1.0761102e-03  -2.7743825e-04
  -2.0179241e-02   2.6075112e-01   3.2517056e+00  -3.2517610e-03  -1.1655041e-03   3.4062767e-04
  -3.6301586e-02   2.5329442e-01   3.0728534e+00  -5.1214274e-03  -1.0772204e-03  -1.1846141e-04
  -2.4007205e-02   2.4235529e-01   3.3246491e+00  -3.1381922e-03  -1.2878351e-03   3.5702852e-04
  -1.3476852e-02   2.3257727e-01   3.2527739e+00  -2.8422430e-03  -9.6487753e-04  -8.5314850e-05
  -2.1669018e-02   2.3815543e-01   3.3506100e+00  -3.1885407e-03  -1.0460156e-03   4.0018118e-04
  -1.9683884e-02   2.6870932e-01   3.3022335e+00  -4.9476499e-03  -1.0817980e-03   3.6440335e-04
  -5.6890119e-03   2.1992198e-01   3.3562998e+00   1.9681140e-04  -9.2885720e-04  -2.1457677e-04
  -1.1995944e-02   2.4426853e-01   3.3894973e+00  -2.9120898e-03  -1.0897373e-03   1.8199438e-04
  -1.7001551e-02   2.6620726e-01   3.3775442e+00  -3.4132990e-03  -1.1098883e-03   6.4110200e-05
  -1.1533500e-03   2.6006579e-01   3.3836913e+00  -3.9249674e-03  -9.8290633e-04  -6.1068863e-06
  -5.9901282e-03   2.3409804e-01   3.3728018e+00  -3.7730592e-03  -1.3132621e-03  -3.7575124e-04
   5.5267061e-03   2.4557286e-01   3.4236076e+00  -4.1116010e-03  -1.2460233e-03  -2.7033481e-04
  -3.7471059e-02   2.5451644e-01   3.2791018e+00  -4.2638673e-03  -1.4169066e-03  -2.1672786e-04
  -2.2101880e-04   2.4526478e-01   3.4649955e+00  -3.5176579e-03  -1.1288332e-03  -1.5441289e-04
   2.5378790e-03   2.7048806e-01   3.4765468e+00  -3.4552497e-03  -1.1534230e-03   5.2492326e-05
  -7.9850755e-03   2.3928234e-01   3.4711172e+00  -5.3115863e-03  -3.8167095e-04   1.9136111e-04
   1.4423762e-03   2.5127875e-01   3.5217847e+00  -4.1984631e-03  -9.1247337e-04   3.8304667e-05
   1.6809193e-02   2.6719887e-01   3.5367198e+00  -4.2287091e-03  -8.1342658e-04  -1.7231638e-04
   1.5868430e-02   2.3423742e-01   3.5436582e+00  -2.5577745e-03  -1.0395764e-03  -5.7965174e-04
   1.4949732e-03   2.4635491e-01   3.5657445e+00  -4.2092525e-03  -1.1098285e-03   1.1062652e-05
  -1.4965847e-02   2.8735019e-01   3.4329928e+00  -6.5833425e-03  -1.1768419e-03  -1.3095008e-04
  -1.3418040e-02   2.4708081e-01   3.5964186e+00  -1.0114648e-03  -7.7708399e-04   2.9608032e-04
  -1.1791871e-03   2.4686677e-01   3.6017945e+00  -3.7576193e-03  -1.2990434e-03   2.6124927e-04
   1.9641769e-02   2.6998650e-01   3.6272435e+00  -3.7916351e-03  -1.0140702e-03  -8.4011050e-05
  -1.2695146e-02   2.6377195e-01   3.4590135e+00  -4.6700750e-03  -8.4868947e-04  -2.4323321e-05
  -7.6891787e-04   2.8291235e-01   3.6411077e+00  -3.4095365e-03  -1.2751957e-03  -1.6696896e-04
   5.6260315e-04   2.9601671e-01   3.6445223e+00  -3.8793241e-03  -1.2432436e-03   1.3845741e-05
  -2.8201227e-02   2.6908306e-01   3.4300692e+00  -5.2003981e-03  -1.2368142e-03  -2.0841729e-04
   8.0097459e-03   2.7340105e-01   3.6604933e+00  -3.6772225e-03  -1.4297129e-03  -4.2919368e-04
   8.8346372e-03   2.8452500e-01   3.6971185e+00  -3.0603327e-03  -1.0442870e-03  -6.9774910e-05
   1.3409101e-02   2.9091292e-01   3.6841761e+00  -3.8787156e-03  -1.2083544e-03  -2.3837263e-04
   3.1389220e-03   3.1319255e-01   3.6001769e+00  -4.7674035e-03  -9.3384923e-04  -3.4786343e-04
  -5.2694150e-03   2.8121664e-01   3.7131634e+00  -3.4534285e-03  -1.5880974e-03   1.2223818e-04
   7.7265903e-03   2.8290181e-01   3.7359086e+00  -3.9178616e-03  -9.5855755e-04   2.2138236e-04
   1.6091394e-02   2.9608817e-01   3.7300749e+00  -3.8984966e-03  -9.1130269e-04  -1.7229724e-05
   1.6166851e-02   2.8527767e-01   3.7702430e+00  -3.8804809e-03  -8.7493163e-04  -5.9841323e-05
   1.5114322e-02   2.7791301e-01   3.7831352e+00  -3.5512006e-03  -8.6916977e-04   2.1214134e-05
  -6.1631166e-03   2.9708543e-01   3.7746620e+00  -4.1237557e-03  -1.0528436e-03   4.4069808e-04
   9.9441919e-03   2.8608076e-01   3.7754178e+00  -4.2077327e-03  -6.6909594e-04   1.1468666e-04
   1.0868067e-03   2.9320944e-01   3.7831001e+00  -4.1672211e-03  -1.0038867e-03   1.3702105e-04
   1.5125994e-02   2.8108142e-01   3.8448073e+00  -4.5651302e-03  -7.9824754e-04   1.5196333e-04
   1.6220472e-02   3.1564472e-01   3.8667013e+00  -3.8796210e-03  -9.0713170e-04   2.2088682e-04
  -2.3459352e-03   3.0620985e-01   3.8720252e+00  -4.5583162e-03  -6.2741759e-04   5.2008383e-04
   1.8105958e-02   3.0575709e-01   3.8832470e+00  -3.9861809e-03  -9.9855255e-04   3.5199092e-04
   1.1539140e-03   3.0936358e-01   3.9334187e+00  -4.0263126e-03  -1.0045483e-03   7.5175018e-04
   1.2957522e-02   2.9640349e-01   3.9263874e+00  -4.1131160e-03  -7.4389247e-04   4.2583664e-04
   3.0473097e-02   3.1739381e-01   3.9329596e+00  -4.6083157e-03  -8.0209402e-04   1.1426854e-04
   1.5457781e-02   2.7360185e-01   3.9373595e+00  -4.7710209e-03  -8.1849102e-04   1.8858126e-04
   3.5603662e-02   2.8435970e-01   3.9591144e+00  -4.5228461e-03  -9.5056971e-04  -4.9148727e-05
  -8.8732309e-04   2.8775112e-01   3.9432032e+00  -5.9551775e-03  -1.1556264e-03   4.4963631e-04
   6.6000846e-03   2.5667467e-01   4.0186866e+00  -2.2491779e-03  -4.4674224e-04   2.9769366e-04
   2.2762842e-02   2.7760334e-01   4.0298961e+00  -3.6922051e-03  -1.1119310e-03   1.5795465e-04
  -4.9864907e-03   2.8857427e-01   3.9803252e+00  -5.6773034e-03  -9.6634727e-04   6.2419602e-04
   3.5341533e-03   2.8529001e-01   4.0329948e+00  -1.6141235e-03  -9.8421387e-04   2.1890921e-04
   2.8791774e-02   2.8406342e-01   4.0275505e+00  -4.4341205e-03  -1.5206687e-03   9.3217816e-05
   3.0744203e-02   3.0594751e-01   4.0738295e+00  -3.5293627e-03  -1.7340170e-03   8.9537239e-06
   1.0518277e-02   3.0696438e-01   4.0759395e+00  -3.7042989e-03  -1.6543758e-03   2.9270397e-04
   1.7429170e-02   3.1468653e-01   4.0678765e+00  -4.1805944e-03  -1.2287552e-03   5.2293962e-04
   7.1920415e-03   3.0605226e-01   4.0841598e+00  -4.7834468e-03  -1.2502736e-03   4.6188151e-04
   3.1892694e-02   2.9858325e-01   4.1203534e+00  -4.3666525e-03  -1.4379861e-03   1.0140406e-05
   8.7332734e-03   3.1159304e-01   4.1452335e+00  -4.2536415e-03  -1.6211234e-03   3.4552710e-04
   2.3826129e-02   3.0598111e-01   4.1678858e+00  -4.3176286e-03  -1.0510495e-03   2.3043000e-04
   3.0276484e-02   3.1149620e-01   4.1872602e+00  -3.9547221e-03  -1.1435311e-03   1.4747878e-04
   2.9390246e-02   3.0928029e-01   4.1897483e+00  -4.4377666e-03  -8.6371758e-04   1.2675329e-04
   2.1213883e-02   3.1169010e-01   4.0803103e+00  -5.4860754e-03  -1.2291504e-03   1.1763728e-04
   4.4134654e-02   2.9742618e-01   4.1952864e+00  -4.3828075e-03  -1.3882008e-03  -3.8401264e-04
   4.4005577e-02   3.1674121e-01   4.2265222e+00  -4.2818106e-03  -1.5132138e-03  -3.2816236e-04
   2.6734236e-02   3.2590563e-01   4.1881062e+00  -5.9442816e-03  -1.2554103e-03   2.0683467e-04
   1.0967337e-02   3.0922702e-01   4.1387724e+00  -6.7291643e-04  -1.4282838e-03  -4.1048639e-04
   3.2439219e-02   3.1511447e-01   4.2938418e+00  -3.5210660e-03  -1.3654755e-03   2.9849040e-04
   3.9280538e-02   3.3321939e-01   4.3095606e+00  -3.3888710e-03  -1.0273829e-03  -9.6697824e-05
   5.9642765e-02   3.1585234e-01   4.2877062e+00  -1.8875068e-03  -1.3061353e-03  -8.7462130e-04
   3.0296110e-02   3.1858009e-01   4.3491335e+00  -3.1165142e-03  -1.3967759e-03   2.9715567e-04
   4.6108220e-02   3.3406479e-01   4.3392693e+00  -3.8231707e-03  -1.3670118e-03  -8.7678233e-05
   4.4046962e-02   3.2567885e-01   4.3481605e+00  -3.9945499e-03  -1.3785194e-03   6.2723273e-05
   1.8332066e-02   3.4052147e-01   4.3776725e+00  -4.7135125e-03  -8.3001418e-04   7.7759934e-04
   3.9113042e-02   3.4045593e-01   4.3575175e+00  -4.9655392e-03  -1.1873432e-03   2.7784834e-04
   3.9127745e-02   3.1236486e-01   4.3997347e+00  -4.6794608e-03  -8.5558841e-04   2.3858505e-04
   5.3536155e-02   3.3347995e-01   4.4303172e+00  -4.4321361e-03  -1.1404695e-03   3.2986546e-04
   2.0696635e-02   3.4487615e-01   4.3810361e+00  -3.3325392e-03  -9.6927687e-04   1.6073562e-04
   1.5530365e-02   3.4421116e-01   4.4362438e+00  -4.4691774e-03  -1.8150261e-03   4.8274874e-04
   3.4718619e-02   3.3581006e-01   4.4457953e+00  -5.2262552e-03  -1.5001512e-03   2.5412621e-04
   3.3931979e-02   3.0412247e-01   4.5031000e+00  -4.8065891e-03  -1.1569961e-03   5.3243356e-04
   4.7210949e-02   3.3561965e-01   4.5143161e+00  -4.6192831e-03  -1.0076352e-03   3.0840708e-04
   3.6816233e-02   3.3555533e-01   4.5240791e+00  -5.0602072e-03  -1.2410915e-03   5.9255250e-04
   4.5729262e-02   3.5385457e-01   4.5329355e+00  -4.7546943e-03  -1.0071813e-03   5.1218732e-04
   3.3557041e-02   3.2762254e-01   4.5606360e+00  -5.3462466e-03  -8.9431836e-04   7.9804570e-04
   6.2312461e-02   3.3512711e-01   4.5581590e+00  -5.0202103e-03  -6.0626131e-04   2.3287949e-04
   3.2595139e-02   3.3361480e-01   4.4536027e+00  -3.7202306e-03  -1.1788334e-03   3.4004623e-05
   5.7771496e-02   3.1377881e-01   4.5690880e+00  -3.4649927e-03  -1.1692158e-03  -1.7889244e-04
   5.4632856e-02   3.3858208e-01   4.6006556e+00  -3.7064641e-03  -9.1750354e-04   1.6225464e-04
   4.1496063e-02   3.2696860e-01   4.5654189e+00  -2.5476732e-03  -1.2051301e-03   1.5852144e-04
   5.3917292e-02   3.2685807e-01   4.6180904e+00  -3.6244186e-03  -1.3421404e-03  -2.9547742e-04
   6.9985726e-02   3.4753703e-01   4.6598078e+00  -3.5024662e-03  -1.2451146e-03  -1.9724156e-04
   4.9878029e-02   3.2652309e-01   4.6638792e+00  -3.4202697e-03  -1.1034521e-03   3.3884726e-04
   8.0122292e-02   3.7214459e-01   4.6699982e+00  -3.6590531e-03  -9.2367232e-04  -1.5094440e-04
   5.9361597e-02   3.4298411e-01   4.6552579e+00  -3.9715202e-03  -1.6078117e-03   3.7554147e-05
   4.8400785e-02   3.5909919e-01   4.6478401e+00  -4.4886296e-03  -1.8075523e-03   3.1857607e-04
   3.7939318e-02   3.3378721e-01   4.5798089e+00  -4.5854003e-03  -7.1143862e-04   2.0257824e-04
   4.9675963e-02   3.1547682e-01   4.6830102e+00  -4.5935092e-03  -1.1215402e-03   3.8750554e-04
   6.9340657e-02   3.3574940e-01   4.7201734e+00  -4.1109745e-03  -1.3773521e-03  -6.5150112e-05
   3.9117328e-02   3.7317153e-01   4.6480108e+00  -4.7408440e-03  -9.9339697e-04   2.3745075e-04
   5.3462563e-02   3.3832176e-01   4.7203755e+00  -3.6836039e-03  -1.2949612e-03   1.3938645e-04
   3.9360468e-02   3.5070912e-01   4.7589949e+00  -3.9758829e-03  -1.5651687e-03   3.5343489e-04
   4.2163998e-02   3.5636324e-01   4.7805300e+00  -3.8993135e-03  -1.1165882e-03   7.1495429e-04
   5.6022676e-02   3.7068296e-01   4.7982668e+00  -4.5759077e-03  -9.2101237e-04   9.5530652e-05
   3.2456929e-02   3.6083057e-01   4.7682274e+00  -4.6302853e-03  -1.2589140e-03   4.4195971e-04
   3.3064595e-02   3.7099078e-01   4.6292289e+00  -8.0532237e-03  -1.0619307e-03   6.5332313e-04
   7.4767308e-02   3.2536666e-01   4.8144386e+00  -4.5071231e-03  -1.6801476e-03  -4.9297545e-04
   7.2496652e-02   3.4148582e-01   4.8359690e+00  -4.4302738e-03  -1.6283874e-03   2.7732042e-06
   6.7350441e-02   3.5079093e-01   4.8645288e+00  -4.6236142e-03  -1.5530799e-03   2.7252989e-04
   5.7450910e-02   3.5253866e-01   4.8547569e+00  -4.6465942e-03  -1.3779172e-03   5.7917646e-04
   6.4688553e-02   3.5504628e-01   4.8664149e+00  -5.9426469e-03  -1.3036585e-03   3.6846340e-04
   6.3754921e-02   3.5252941e-01   4.9020829e+00  -5.1542528e-03  -1.2769695e-03   3.8237503e-04
   6.0460756e-02   3.6309035e-01   4.9194957e+00  -5.6101969e-03  -1.1808800e-03   3.6277351e-04
   6.9347711e-02   3.5520433e-01   4.9294503e+00  -5.7872450e-03  -1.0426383e-03   3.7767080e-04
   5.4962556e-02   3.7766512e-01   4.8745300e+00  -3.7300537e-03  -1.3311023e-03  -6.4692169e-05
   8.0634494e-02   3.3383684e-01   4.9783923e+00  -4.2930326e-03  -1.2254134e-03   3.5521761e-05
   6.7235535e-02   3.5925729e-01   4.9940333e+00  -4.2314753e-03  -1.5468482e-03  -2.7975666e-04
   6.8682718e-02   3.6299403e-01   4.9391355e+00  -4.4547690e-03  -9.4841708e-04  -1.4681963e-04
   8.1202409e-02   3.6287254e-01   5.0322713e+00  -4.2800560e-03  -1.1579118e-03  -9.2732971e-05
   7.3096968e-02   3.6412298e-01   5.0456747e+00  -3.7790108e-03  -1.6712495e-03  -2.5806088e-05
   8.4848562e-02   3.6535043e-01   5.0549602e+00  -3.6063556e-03  -1.2566080e-03  -1.5225671e-04
   8.5979178e-02   3.5146129e-01   5.0533684e+00  -4.4185949e-03  -1.4467055e-03  -3.4147412e-04
   7.7603602e-02   3.6737725e-01   5.0631566e+00  -4.6187472e-03  -1.1851937e-03   1.6906689e-04
   4.8201324e-02   3.8293606e-01   4.9144827e+00  -5.6764517e-03  -1.5547242e-03   9.3222625e-05
   7.0507473e-02   3.7860907e-01   5.0871441e+00  -4.2877681e-03  -1.9682117e-03   1.0170964e-04
   8.6156395e-02   3.7107160e-01   5.1051083e+00  -4.1068153e-03  -1.7933294e-03  -2.1943404e-04
   7.0328216e-02   4.1347250e-01   5.0804237e+00  -4.2771222e-03  -2.3502680e-03  -4.2248985e-04
   7.7403840e-02   4.0012542e-01   5.1542789e+00  -4.3338384e-03  -1.7456865e-03  -7.6491339e-05
   7.9430103e-02   3.8588486e-01   5.1850490e+00  -3.6209001e-03  -1.4006175e-03   1.2027863e-04
   7.6336626e-02   3.9125036e-01   5.2144411e+00  -4.1629249e-03  -1.4932661e-03   3.1445934e-05
   5.0270717e-02   3.6353142e-01   5.1185625e+00  -3.2180782e-03  -2.1930164e-03   3.4651769e-04
   6.6431281e-02   3.5810787e-01   5.1295374e+00  -5.2016597e-03  -1.6826470e-03   2.4765404e-04
   4.0372772e-02   3.5286994e-01   5.2123732e+00  -1.8772755e-03  -1.6961257e-03   3.4346905e-04
   6.1923215e-02   3.7614901e-01   5.2550878e+00  -3.9358651e-03  -1.2406207e-03   6.1748169e-04
   6.2064727e-02   4.3058836e-01   5.2137297e+00  -3.2669298e-03  -1.5714108e-03   7.9505857e-05
   4.4490753e-02   3.7826918e-01   5.2536683e+00  -4.3179352e-03  -2.0137898e-03   9.8727273e-04
   6.0052375e-02   3.8588184e-01   5.2887023e+00  -4.0763259e-03  -1.5927063e-03   6.7754789e-04
   6.5725837e-02   3.6185387e-01   5.2986864e+00  -3.8119782e-03  -1.6121140e-03   3.6815012e-04
   6.9246803e-02   3.8333762e-01   5.2949417e+00  -4.9692490e-03  -1.7651888e-03   6.9916402e-04
   6.8616734e-02   3.6257131e-01   5.3066941e+00  -3.9693839e-03  -1.5252301e-03   4.3720601e-04
   7.5229944e-02   3.7199648e-01   5.3294873e+00  -4.3118235e-03  -1.6234770e-03   4.8812866e-04
   8.6728379e-02   3.7322186e-01   5.3082032e+00  -4.8147681e-03  -1.2663432e-03   3.7230054e-04
   6.8523125e-02   3.9002104e-01   5.2214251e+00  -7.1764476e-03  -1.7013964e-03   6.8946487e-05
   7.3994012e-02   3.7669980e-01   5.3638989e+00  -2.5528604e-03  -2.1162124e-03   1.5789220e-04
   8.0756525e-02   3.8029175e-01   5.4116836e+00  -4.0635660e-03  -2.0538644e-03  -2.1683572e-05
   5.6955134e-02   3.9873898e-01   5.2623942e+00  -4.9883702e-03  -1.6177646e-03   1.7901188e-04
   8.7360416e-02   4.0562548e-01   5.4336427e+00  -4.0075435e-03  -1.9175020e-03   3.2129421e-04
   9.4168815e-02   4.0909027e-01   5.4395880e+00  -4.4358975e-03  -1.7536689e-03   3.2882136e-04
   8.7588221e-02   3.9921365e-01   5.4461955e+00  -3.8577319e-03  -1.7266458e-03   1.8793168e-04
   8.8906731e-02   4.0107179e-01   5.4405054e+00  -4.4027059e-03  -1.7530840e-03   2.7744604e-04
   6.7598543e-02   4.1645570e-01   5.3403482e+00  -6.7574223e-03  -1.7684780e-03  -1.2843760e-05
   7.3071252e-02   3.9078772e-01   5.4467357e+00  -1.4055825e-03  -1.4156707e-03   1.1562597e-04
   9.5002606e-02   4.0991780e-01   5.4497295e+00  -4.1891955e-03  -2.1413347e-03  -4.9413276e-04
   7.5451151e-02   4.0081707e-01   5.3417798e+00  -5.6599499e-03  -1.3343117e-03   2.5762030e-04
   1.0747983e-01   4.0169847e-01   5.5220029e+00  -3.0637249e-03  -1.8172420e-03  -1.0549400e-04
   8.6801578e-02   3.8668439e-01   5.4988300e+00  -4.2965699e-03  -2.0003790e-03   5.7214264e-05
   8.2586790e-02   4.2115178e-01   5.5318198e+00  -3.5669960e-03  -1.9055003e-03   3.5895994e-04
   9.7983828e-02   3.9845302e-01   5.5284621e+00  -3.7925034e-03  -1.8723587e-03   1.3899492e-05
   8.6498216e-02   4.1210635e-01   5.5340896e+00  -3.5872185e-03  -1.9101602e-03   2.1712651e-04
   9.0311012e-02   4.1266907e-01   5.5838829e+00  -3.7220042e-03  -2.1936342e-03  -2.3988472e-04
   1.0015724e-01   3.9470929e-01   5.5500095e+00  -3.9842328e-03  -1.5925242e-03   1.9679675e-05
   1.0950309e-01   4.0192157e-01   5.5966088e+00  -3.7939361e-03  -1.8515725e-03  -1.4870337e-04
   9.4357674e-02   3.9470710e-01   5.5884225e+00  -4.5099846e-03  -1.7928719e-03  -1.4340353e-04
   9.9344118e-02   4.0905103e-01   5.5936927e+00  -4.5621815e-03  -1.7454779e-03  -1.3933265e-04
   1.0127640e-01   3.8248658e-01   5.5927725e+00  -4.9039251e-03  -1.5458584e-03  -6.1165070e-05
   9.5957183e-02   4.1543262e-01   5.6146801e+00  -4.5718255e-03  -1.4431204e-03   1.6008262e-04
   8.6826982e-02   4.2386170e-01   5.6681913e+00  -4.4513596e-03  -1.1561246e-03   3.3808869e-04
   1.0223060e-01   4.0091410e-01   5.6563262e+00  -4.7171250e-03  -1.2420375e-03  -3.1233326e-05
   1.0075139e-01   4.2687934e-01   5.6728301e+00  -4.1332877e-03  -1.7949739e-03   1.1657940e-04
   1.0064526e-01   4.0353785e-01   5.6891175e+00  -4.7049994e-03  -1.4811098e-03   2.3487641e-04
   9.8893982e-02   4.0881990e-01   5.7030762e+00  -3.9748787e-03  -1.6038545e-03   3.0895741e-05
   9.2263306e-02   4.2479885e-01   5.7069863e+00  -3.9886536e-03  -1.7209139e-03   1.9415615e-04
   8.8215993e-02   4.2131076e-01   5.7003471e+00  -4.0943068e-03  -1.5642151e-03  -1.9960411e-04
   7.6495114e-02   4.0280352e-01   5.7695586e+00  -4.2394256e-03  -2.0495175e-03   3.2640029e-04
   1.0511910e-01   4.0491473e-01   5.7665575e+00  -4.0609569e-03  -1.6520972e-03   1.4360967e-04
   1.1068958e-01   4.0740493e-01   5.8137570e+00  -4.7430674e-03  -1.8380644e-03   2.6669118e-05
   1.0317453e-01   4.2857023e-01   5.7896006e+00  -4.5793313e-03  -1.9191800e-03   1.0043558e-04
   1.0358777e-01   4.3823700e-01   5.8568846e+00  -4.1086846e-03  -2.1114466e-03   2.4893892e-04
   7.6864337e-02   4.1516623e-01   5.7811200e+00  -4.8427165e-03  -2.3438156e-03   3.7207600e-04
   8.8751962e-02   4.1005692e-01   5.8296289e+00  -4.6346625e-03  -2.1032184e-03   4.4488237e-04
   9.9613254e-02   4.0448616e-01   5.8804114e+00  -3.6226384e-03  -2.3140399e-03  -1.7226803e-04
   9.2320968e-02   4.2885480e-01   5.8827555e+00  -4.2022293e-03  -1.9100869e-03   4.0465486e-04
   7.7109037e-02   4.3265414e-01   5.8065978e+00  -6.0818076e-03  -2.3150935e-03   4.0964418e-04
   8.4556509e-02   4.2999536e-01   5.8782867e+00  -4.8069002e-03  -1.9362748e-03   7.8415766e-04
   9.6146863e-02   4.2368411e-01   5.8931054e+00  -4.3827287e-03  -2.2205324e-03   3.0139728e-04
   8.4446759e-02   4.2894729e-01   5.8365612e+00  -5.8791634e-03  -1.9559919e-03   1.1964172e-04
   8.4316538e-02   4.2277241e-01   5.9195563e+00  -2.6043207e-03  -1.7520740e-03   4.4556290e-04
   8.7688191e-02   3.8030317e-01   5.8934337e+00  -3.1395882e-03  -2.4727764e-03  -3.7792816e-04
   8.2455882e-02   4.2272095e-01   5.9872264e+00  -3.6595093e-03  -2.0469804e-03   5.9276894e-04
   9.8140793e-02   4.2472430e-01   6.0166167e+00  -3.7299718e-03  -2.2301164e-03   2.1847985e-04
   9.9141764e-02   4.1888526e-01   6.0102750e+00  -3.6910333e-03  -1.7659177e-03   5.9903338e-04
   8.6328529e-02   4.4352166e-01   6.0191953e+00  -3.9506036e-03  -1.8700063e-03   6.0215317e-04
   8.6586537e-02   4.4346161e-01   6.0164154e+00  -4.4353257e-03  -2.1733621e-03   6.8827087e-04
   9.1583051e-02   4.2553354e-01   5.9771746e+00  -5.1626709e-03  -1.6695496e-03   4.1355907e-04
   9.0231635e-02   4.0835518e-01   6.0153562e+00  -4.1847658e-03  -2.1050543e-03   2.1769679e-04
   1.0791743e-01   3.9618732e-01   6.0531831e+00  -3.9083964e-03  -1.9293842e-03  -1.9704626e-05
   9.9568019e-02   4.4323564e-01   6.0653807e+00  -4.1627314e-03  -2.1398174e-03   4.0369785e-04
   8.9173169e-02   4.4764375e-01   5.9984343e+00  -5.7216559e-03  -2.1167930e-03   1.4777751e-04
   1.1960014e-01   4.0218506e-01   6.0465096e+00  -5.1405474e-03  -2.2291172e-03  -2.6080631e-04
   1.1325461e-01   4.3577567e-01   6.1022359e+00  -4.3597296e-03  -1.8701170e-03   2.4923715e-04
   1.0417068e-01   4.3933487e-01   6.0973694e+00  -4.7678119e-03  -1.9201295e-03   1.1495547e-04
   1.0562742e-01   4.4794492e-01   6.1063936e+00  -4.9227844e-03  -2.0708295e-03   2.0511553e-04
   1.2733874e-01   4.2756615e-01   6.1333131e+00  -4.8160869e-03  -1.7703287e-03  -7.8967675e-05
   1.0373638e-01   4.2426284e-01   6.1179296e+00  -5.3947719e-03  -1.9383812e-03   2.5511420e-04
   1.0723284e-01   4.4922252e-01   6.1266547e+00  -5.2326760e-03  -1.7062994e-03   4.2472250e-04
   9.9092086e-02   4.4712840e-01   6.1725107e+00  -4.7938129e-03  -1.6903268e-03   3.2264557e-04
   8.1121335e-02   4.4420550e-01   6.1481618e+00  -5.3087108e-03  -2.0856721e-03   4.9758064e-04
   1.0378580e-01   4.1845277e-01   6.2020414e+00  -4.7524588e-03  -2.3330846e-03   2.0223322e-04
   1.1887309e-01   4.2180717e-01   6.2174310e+00  -4.3438407e-03  -2.2385595e-03   4.1426665e-05
   9.8106383e-02   4.4386732e-01   6.2551883e+00  -4.9241125e-03  -2.3950958e-03   8.6869985e-04
   1.1311660e-01   4.3457996e-01   6.2363035e+00  -5.2153511e-03  -1.9209492e-03   2.3290598e-04
   9.7152800e-02   4.3135989e-01   6.2458569e+00  -4.4877830e-03  -2.2266569e-03   6.6594624e-04
   1.0604017e-01   4.3684830e-01   6.2865641e+00  -5.1449985e-03  -2.2776329e-03   3.7339910e-04
   1.0157187e-01   4.2752954e-01   6.2772365e+00  -4.7885132e-03  -2.1021087e-03   7.2150636e-04
   9.1496923e-02   4.4004859e-01   6.2844031e+00  -5.2922168e-03  -1.9717738e-03   6.7224120e-04
   1.0946699e-01   4.3771502e-01   6.3102165e+00  -5.0753874e-03  -2.2132681e-03   4.5822394e-04
   9.6610164e-02   4.4451228e-01   6.3291792e+00  -5.4439552e-03  -2.0339289e-03   5.3752071e-04
   1.0547276e-01   4.2076541e-01   6.3627663e+00  -4.6917625e-03  -1.5580244e-03   5.7511207e-04
   7.3412832e-02   4.4991600e-01   6.3603837e+00  -4.4033957e-03  -1.9689250e-03   7.7157723e-04
   7.8104231e-02   4.4185829e-01   6.3853561e+00  -4.7885862e-03  -2.4755349e-03   8.5835121e-04
   8.8825547e-02   4.2481453e-01   6.3966643e+00  -4.8980840e-03  -2.4231790e-03   7.5553587e-04
   1.0136929e-01   4.4238476e-01   6.4301336e+00  -4.5406193e-03  -2.3708006e-03   3.7614093e-04
   1.0461515e-01   4.5647316e-01   6.4069645e+00  -5.6249061e-03  -2.0175810e-03   5.1492838e-04
   8.3498058e-02   4.5456089e-01   6.2575030e+00  -6.0855580e-03  -1.4616439e-03   1.4504695e-04
   1.0971028e-01   4.3918135e-01   6.4211373e+00  -4.9970097e-03  -1.8169974e-03   2.9735603e-05
   1.0089245e-01   4.4540735e-01   6.4402474e+00  -4.4316401e-03  -2.1360346e-03  -2.0301385e-05
   1.1634730e-01   4.6236438e-01   6.5168216e+00  -3.9037985e-03  -2.0062365e-03   8.6270577e-05
   1.0430174e-01   4.5868974e-01   6.4875719e+00  -4.8542689e-03  -1.9113009e-03   6.8679828e-04
   1.2075404e-01   4.5396210e-01   6.5011209e+00  -5.0676096e-03  -1.8204017e-03   1.4129600e-05
   1.1991297e-01   4.4318580e-01   6.4881397e+00  -5.1063852e-03  -1.5445128e-03   2.3767744e-04
   1.0794984e-01   4.4076364e-01   6.3655880e+00  -5.7251444e-03  -1.2277007e-03   2.1321624e-04
   1.0289078e-01   4.4430161e-01   6.4788605e+00  -4.5557373e-03  -1.8434342e-03   6.3442260e-04
   1.0025099e-01   4.4692616e-01   6.5165064e+00  -4.5144114e-03  -2.1534580e-03   2.1408384e-04
   1.0752624e-01   4.8213002e-01   6.5724957e+00  -4.2464787e-03  -1.9612853e-03   4.5509726e-04
   1.1763294e-01   4.7050630e-01   6.5399396e+00  -5.0105311e-03  -1.5421189e-03   3.9704180e-04
   1.0516415e-01   4.6632554e-01   6.5883553e+00  -4.4444721e-03  -2.1424602e-03   2.1220209e-04
   1.0504698e-01   4.4981713e-01   6.5688923e+00  -4.8487541e-03  -2.0335531e-03   4.8816024e-04
   1.2620239e-01   4.5162880e-01   6.5914598e+00  -5.0533826e-03  -1.6000991e-03   3.5281732e-04
   1.0841932e-01   4.6166596e-01   6.6202449e+00  -4.5846772e-03  -1.7601778e-03   3.9591707e-04
   1.2553990e-01   4.3994009e-01   6.6392204e+00  -4.2565571e-03  -1.5707972e-03   5.7684580e-05
   1.2543618e-01   4.5466644e-01   6.6602267e+00  -4.7926757e-03  -1.3071605e-03   3.2134915e-04
   1.2665408e-01   4.3420860e-01   6.6604636e+00  -4.7877198e-03  -1.5342435e-03   2.3585787e-04
   1.1512806e-01   4.6782942e-01   6.6803005e+00  -5.1884033e-03  -1.9631397e-03   1.6109833e-04
   1.1327116e-01   4.5853543e-01   6.7039382e+00  -4.2726975e-03  -1.6802578e-03   8.0308613e-04
   1.0897345e-01   4.6008791e-01   6.6291788e+00  -6.2836837e-03  -1.3797776e-03  -3.5148421e-05
   1.1632061e-01   4.6590179e-01   6.6725590e+00  -3.9816341e-03  -1.5863827e-03   3.8658369e-04
   9.6072536e-02   4.7017034e-01   6.6531268e+00  -4.9660354e-03  -1.5762249e-03   1.6017666e-04
   9.8022699e-02   4.6605580e-01   6.6235408e+00  -3.4839508e-03  -1.4513497e-03   1.1365089e-04
   1.1204849e-01   4.6995632e-01   6.6870225e+00  -2.6954620e-03  -1.1163095e-03   4.8371182e-04
   1.2638741e-01   4.9570868e-01   6.7581477e+00  -3.5162994e-03  -1.3968526e-03  -5.3780032e-05
   1.1431616e-01   4.7006384e-01   6.7523529e+00  -3.7068358e-03  -1.5876426e-03   2.5418494e-04
   9.1233068e-02   4.9239935e-01   6.7154567e+00  -5.3388098e-03  -2.3536650e-03   6.0963628e-04
   7.2164459e-02   4.9720510e-01   6.8327801e+00  -3.1512893e-03  -3.0992249e-03   9.4245433e-04
   9.6225190e-02   4.4906726e-01   6.8305987e+00  -4.5208462e-03  -2.6299404e-03   6.2000119e-04
   9.8115566e-02   4.7243247e-01   6.8623092e+00  -3.9111326e-03  -2.1651046e-03   8.7468809e-04
   1.0138504e-01   4.7314779e-01   6.8388354e+00  -4.6069112e-03  -1.9135112e-03   8.6831190e-04
   8.7104392e-02   4.7332142e-01   6.7240766e+00  -5.4962136e-03  -1.9661634e-03   1.0575853e-03
   1.0632923e-01   4.4290121e-01   6.8329395e+00  -4.1524471e-03  -1.6051490e-03   8.6137330e-04
   1.1684582e-01   4.4665302e-01   6.8386640e+00  -3.8906265e-03  -1.5967256e-03   3.8634339e-04
   1.1710651e-01   4.7023725e-01   6.8314625e+00  -3.0572463e-03  -1.9747259e-03   3.6970099e-04
   1.1652476e-01   4.5309887e-01   6.8316537e+00  -4.8182942e-03  -1.6600202e-03   1.1640858e-04
   1.3611088e-01   4.5707511e-01   6.8707740e+00  -4.2507627e-03  -1.3972730e-03  -2.0237804e-04
   1.2354369e-01   4.7545468e-01   6.8977205e+00  -4.2131631e-03  -1.4036955e-03   1.3079080e-04
   1.2067991e-01   4.7745049e-01   6.8809650e+00  -4.8727510e-03  -1.8831360e-03   3.1967917e-04
   1.2399551e-01   4.6564019e-01   6.9041564e+00  -5.0907369e-03  -1.5136909e-03   4.1713092e-04
   1.2937082e-01   4.6636705e-01   6.9010515e+00  -4.6916540e-03  -1.5695813e-03   1.4504684e-04
   1.3432817e-01   4.7225642e-01   6.9047785e+00  -5.3341571e-03  -1.7688444e-03  -1.6476690e-04
   1.4013100e-01   4.7236669e-01   6.9361593e+00  -4.9019163e-03  -1.3451822e-03  -1.6619899e-04
   1.3007172e-01   5.0260763e-01   7.0314131e+00  -3.3203351e-03  -2.6410517e-03  -2.9197860e-04
   1.0848320e-01   4.7027076e-01   7.0009352e+00  -3.2902376e-03  -1.6763613e-03   7.4125531e-04
   1.3046473e-01   4.6511672e-01   6.9736258e+00  -3.6684693e-03  -1.4900401e-03   4.9829124e-04
   1.3207970e-01   4.7654665e-01   6.9969509e+00  -3.6922397e-03  -1.6213626e-03   3.5440315e-05
   1.3373043e-01   4.9474621e-01   6.9852934e+00  -4.6530205e-03  -1.4671880e-03   4.2995794e-04
   1.2494125e-01   4.9197874e-01   6.9931084e+00  -4.6741985e-03  -1.4352303e-03   3.9758568e-04
   1.1981697e-01   4.9710326e-01   6.9884706e+00  -5.0199532e-03  -1.8785698e-03   3.4074028e-04
   1.1337689e-01   4.9783175e-01   7.0289375e+00  -5.2656501e-03  -2.0222039e-03   7.1738196e-04
   1.2473290e-01   4.5669490e-01   7.0240987e+00  -5.1024363e-03  -1.5691312e-03   6.6784686e-04
   1.2159105e-01   4.5436486e-01   7.0845710e+00  -4.6356490e-03  -1.3880310e-03   7.0817743e-04
   1.1810640e-01   4.9264644e-01   7.0879186e+00  -4.3435130e-03  -1.8415211e-03   8.4708958e-04
   8.4050899e-02   4.7365559e-01   7.0750880e+00  -4.1457597e-03  -1.9303088e-03   1.1973247e-03
   1.1430795e-01   4.7217687e-01   7.0931575e+00  -4.0749467e-03  -1.8503754e-03   5.7261715e-04
   1.0568615e-01   5.1581535e-01   7.1057910e+00  -4.4141238e-03  -2.1730644e-03   5.2922457e-04
   1.1324365e-01   4.6001902e-01   7.1202965e+00  -4.8833568e-03  -1.9828488e-03   8.3241390e-04
   1.1199030e-01   4.8921665e-01   7.1711271e+00  -5.0096550e-03  -1.5967930e-03   6.8280256e-04
   1.0536834e-01   5.0371551e-01   7.1808596e+00  -4.6489522e-03  -1.9383319e-03   9.2921516e-04
   1.1498663e-01   4.9565018e-01   7.1778908e+00  -4.2464508e-03  -1.7509961e-03   7.4679110e-04
   1.0442953e-01   5.1058626e-01   7.1665821e+00  -5.5278964e-03  -2.2663981e-03   6.7781238e-04
   1.1351905e-01   4.9072012e-01   7.2101234e+00  -3.6717284e-03  -1.7732097e-03   1.1204092e-03
   1.1688336e-01   4.7387225e-01   7.2061981e+00  -4.0750127e-03  -2.2073251e-03   6.2564626e-04
   1.0130565e-01   4.9987823e-01   7.2437269e+00  -3.1756347e-03  -1.9497565e-03   9.0716775e-04
   1.0918955e-01   4.9781207e-01   7.2750239e+00  -4.4617620e-03  -1.9605034e-03   8.2908634e-04
   1.0785399e-01   4.8541861e-01   7.2656770e+00  -4.3542123e-03  -2.1573393e-03   9.7713220e-04
   1.2327461e-01   5.0675951e-01   7.3045925e+00  -4.1760369e-03  -2.1029423e-03   6.1575162e-04
   1.2722004e-01   5.0908348e-01   7.3168742e+00  -3.5471966e-03  -1.9620018e-03   5.5462774e-04
   1.2189509e-01   5.1920780e-01   7.2868377e+00  -4.6798554e-03  -2.2564450e-03   6.7187169e-04
   1.2468412e-01   5.1215897e-01   7.3248106e+00  -4.0743025e-03  -1.9438051e-03   6.8030000e-04
   1.2229172e-01   5.0741592e-01   7.3245015e+00  -4.4922388e-03  -2.1714037e-03   5.1467842e-04
   1.2638130e-01   5.3411353e-01   7.3569710e+00  -4.2776301e-03  -1.9098986e-03   8.1232039e-04
   1.2212313e-01   4.9879063e-01   7.3640518e+00  -4.9711079e-03  -2.0343473e-03   6.7675623e-04
   1.2106436e-01   5.0978137e-01   7.3929679e+00  -4.4630965e-03  -2.0666118e-03   1.0438186e-03
   1.2810508e-01   5.1527250e-01   7.4321514e+00  -4.1470151e-03  -2.1432031e-03   3.9828185e-04
   1.2851871e-01   5.2233287e-01   7.3945381e+00  -4.8507432e-03  -2.2005129e-03   6.0239325e-04
   1.1864960e-01   5.2189818e-01   7.4607611e+00  -4.0609584e-03  -2.2469583e-03   6.4142456e-04
   1.2515167e-01   5.3098591e-01   7.4049274e+00  -4.4923590e-03  -1.7428400e-03   9.1491774e-04
   1.1552317e-01   5.4176525e-01   7.3969181e+00  -4.4003643e-03  -2.1706390e-03   7.9847662e-04
   1.2736527e-01   5.0382339e-01   7.4521182e+00  -4.3263207e-03  -2.2686700e-03   6.0503705e-04
   1.2729942e-01   5.0895995e-01   7.5124989e+00  -4.0205180e-03  -1.9676446e-03   3.5002001e-04
   1.2032617e-01   5.4316764e-01   7.4833531e+00  -5.1305708e-03  -2.2092149e-03   1.0294173e-03
   1.2168752e-01   5.5286722e-01   7.4591906e+00  -5.9744716e-03  -2.3440017e-03   4.3037544e-04
   1.4312373e-01   5.3805278e-01   7.4939927e+00  -5.1234182e-03  -2.2348847e-03   3.5733906e-04
   1.2451507e-01   5.3471002e-01   7.4590043e+00  -5.9321892e-03  -1.9210037e-03   3.2117700e-04
   1.2417524e-01   5.2476188e-01   7.5296818e+00  -4.6894037e-03  -2.3606356e-03   5.2232234e-04
   1.0961531e-01   5.2378718e-01   7.5567265e+00  -4.6035733e-03  -2.4347924e-03   7.6800479e-04
   1.3095306e-01   5.2775754e-01   7.5592589e+00  -5.0759336e-03  -2.2542919e-03   6.5736482e-04
   1.4105733e-01   5.3202329e-01   7.5666000e+00  -5.2799850e-03  -1.7994986e-03   1.9785359e-04
   1.2347600e-01   5.1982478e-01   7.5468192e+00  -5.6618659e-03  -1.8984173e-03   5.7772339e-04
   1.1249513e-01   5.1735220e-01   7.5183166e+00  -6.4306334e-03  -2.2663527e-03   7.8419342e-04
   1.4466830e-01   5.1807676e-01   7.6007814e+00  -5.0926928e-03  -1.9645306e-03   2.0246603e-04
   1.5962608e-01   4.9659646e-01   7.5773093e+00  -5.9768355e-03  -2.1591662e-03   4.6052416e-05
   1.3573253e-01   5.1925366e-01   7.6791591e+00  -4.1521565e-03  -1.9078230e-03   5.7750035e-04
   1.4604833e-01   5.2699163e-01   7.6409372e+00  -4.7050351e-03  -2.3610783e-03  -1.8296087e-04
   1.3410258e-01   5.2314255e-01   7.6459904e+00  -4.9710752e-03  -2.1164303e-03   4.6834508e-04
   1.4716592e-01   4.9556852e-01   7.6676614e+00  -5.1669957e-03  -2.1175276e-03   8.3333999e-06
   1.4583554e-01   5.0519911e-01   7.6975166e+00  -4.7907710e-03  -2.2175102e-03   1.0115571e-04
   1.4107080e-01   5.1984986e-01   7.7520677e+00  -5.2554406e-03  -2.0910741e-03   1.7499890e-04
   1.3630016e-01   5.1994649e-01   7.7248843e+00  -5.1853943e-03  -2.4113302e-03   4.6487827e-04
   1.4773328e-01   5.3022205e-01   7.7189696e+00  -4.9024710e-03  -2.3736753e-03   2.5101880e-06
   1.5399056e-01   5.2521671e-01   7.7657810e+00  -5.8864752e-03  -1.9970774e-03   2.6105046e-04
   1.4348244e-01   5.1394287e-01   7.7183821e+00  -6.0842681e-03  -1.8396575e-03   2.9598641e-04
   1.4428257e-01   5.1015783e-01   7.7615574e+00  -6.1754786e-03  -1.9455469e-03   4.7485700e-04
   1.3476617e-01   4.9769789e-01   7.7600819e+00  -5.6355558e-03  -2.0574216e-03   3.5740115e-05
   1.4949273e-01   5.2464760e-01   7.8245111e+00  -5.3127201e-03  -2.2457031e-03   3.0455114e-05
   1.4626649e-01   5.2031496e-01   7.8155417e+00  -5.2201348e-03  -1.6744588e-03   5.6108723e-04
   1.5250677e-01   5.3432768e-01   7.8236996e+00  -5.1566711e-03  -2.1748021e-03   7.4444055e-05
   1.2683653e-01   5.3151364e-01   7.8337253e+00  -5.1053988e-03  -2.3515043e-03   4.8997694e-04
   1.3421180e-01   5.4556647e-01   7.8670776e+00  -5.1373018e-03  -2.1787778e-03   5.6884326e-04
   1.4679223e-01   5.2718297e-01   7.8495973e+00  -5.1903306e-03  -2.0140354e-03   9.6730333e-05
   1.4225536e-01   5.4872260e-01   7.8818085e+00  -5.6455797e-03  -1.9428675e-03   4.2461052e-04
   1.1476172e-01   5.3117150e-01   7.8345593e+00  -6.6744418e-03  -2.1427440e-03   7.4964198e-04
   1.4550435e-01   5.4274589e-01   7.9137267e+00  -6.0558955e-03  -2.9090048e-03   3.3278142e-04
   1.5267437e-01   5.0724517e-01   7.8854830e+00  -6.5806866e-03  -2.3504891e-03   1.7580446e-04
   1.4990740e-01   5.0362882e-01   7.8886494e+00  -5.6585527e-03  -2.7882707e-03  -5.2847614e-05
   1.5089001e-01   5.1504957e-01   7.9364343e+00  -5.0065587e-03  -2.5547001e-03   1.4212762e-04
   1.5107685e-01   5.2873965e-01   7.9517526e+00  -5.2021109e-03  -2.3578240e-03   2.3520800e-04
   1.6361572e-01   5.3684042e-01   7.9786856e+00  -5.3768729e-03  -2.5428451e-03  -2.2214214e-04
   1.4842723e-01   5.2274615e-01   7.9356631e+00  -5.9188279e-03  -2.3424849e-03   1.0619650e-04
   1.4966463e-01   5.0533431e-01   7.9794030e+00  -5.0353548e-03  -1.9544546e-03   1.7133868e-04
   1.4611996e-01   5.3665329e-01   8.0241217e+00  -5.5738286e-03  -2.1201621e-03   2.5659506e-04
   1.4844508e-01   5.0419070e-01   7.9807449e+00  -5.9254008e-03  -2.3258595e-03   4.4344528e-04
   1.4937017e-01   5.0557642e-01   8.0058316e+00  -6.6103163e-03  -2.1873034e-03   3.6196303e-04
   1.5316601e-01   5.0421932e-01   8.0167170e+00  -6.0278482e-03  -2.2257677e-03   2.0939860e-04
   1.4690481e-01   5.3024673e-01   8.0923504e+00  -5.2800252e-03  -2.1403641e-03   4.5152054e-04
   1.5117506e-01   5.4164601e-01   8.0782123e+00  -5.7162868e-03  -1.9188878e-03   5.6799417e-04
   1.8924579e-01   6.8106220e-01   7.8242861e+00  -2.1883390e-03  -3.9910279e-03  -1.6142295e-03
   2.3988429e-02   1.1211321e-01   6.5931699e+00  -1.1751889e-03  -5.5108058e-03   1.8930749e-03
   8.1596246e-02   2.4682930e-01   5.6627053e+00   5.4990549e-02  -1.0272999e-02   4.9693248e-04
   9.8394748e-02   2.1493318e-01   5.0771080e+00   4.7732485e-02  -1.0279072e-02   3.2475366e-04
   1.6991011e-01   2.9561726e-01   5.5327963e+00   4.5247870e-02  -9.9712236e-03  -3.0640970e-04
   1.9466254e-01   2.7765077e-01   5.6070683e+00   4.4783587e-02  -9.7458994e-03  -5.0444243e-04
   1.6730711e-01   3.4110334e-01   5.6707789e+00   4.4882507e-02  -9.8988567e-03   1.8672104e-04
   1.8236315e-01   3.1808382e-01   5.6969953e+00   4.4426766e-02  -9.6231602e-03  -2.8898802e-04
   1.8968005e-01   3.4464818e-01   5.7307170e+00   4.4593197e-02  -9.7690930e-03  -1.2562510e-04
   2.0083220e-01   3.9738184e-01   5.7448154e+00   4.4372187e-02  -9.8977984e-03  -3.3415205e-04
   2.0157328e-01   4.0346063e-01   5.7732092e+00   4.4470289e-02  -9.5468748e-03  -3.3952358e-04
   1.7968588e-01   4.1248674e-01   5.8487023e+00   4.3916175e-02  -9.7837322e-03  -1.0007818e-04
   1.7113218e-01   4.1554014e-01   5.8617334e+00   4.4638935e-02  -1.0008490e-02   2.1573020e-05
   1.8061339e-01   4.3680647e-01   5.9121634e+00   4.5084292e-02  -9.6819982e-03  -8.5335204e-06
   1.7671207e-01   4.3861054e-01   5.9159770e+00   4.5414883e-02  -9.6546394e-03  -2.0075466e-04
   1.7873555e-01   4.3148067e-01   5.9067927e+00   4.4778498e-02  -1.0026885e-02   8.7286550e-06
   2.0207480e-01   4.6634500e-01   5.9144787e+00   4.4754133e-02  -9.6713302e-03  -4.8141143e-04
   1.6004495e-01   4.9020951e-01   6.0327306e+00   4.3807477e-02  -1.0143693e-02  -4.7389529e-04
   1.7222814e-01   4.6985138e-01   6.0298862e+00   4.2507654e-02  -1.0295624e-02  -7.7354096e-04
   1.8137254e-01   4.8526185e-01   6.0689277e+00   4.3088298e-02  -1.0248788e-02  -7.9761997e-04
   1.7896631e-01   4.8601324e-01   6.1051491e+00   4.3146228e-02  -1.0438189e-02  -6.4098033e-04
   1.8499352e-01   4.9431160e-01   6.1090665e+00   4.2828493e-02  -9.9038349e-03  -5.6020768e-04
   1.9932695e-01   4.9589116e-01   6.0680251e+00   4.2460598e-02  -9.2114085e-03  -8.7448250e-04
   2.0467628e-01   4.7771196e-01   6.0814179e+00   4.2480460e-02  -9.2625280e-03  -6.3697697e-04
   2.1041700e-01   5.0498822e-01   6.1568329e+00   4.2285918e-02  -9.1836558e-03  -6.2500856e-04
   1.6999678e-01   5.0924044e-01   6.1563052e+00   4.2963965e-02  -1.0345563e-02  -4.3425277e-04
   1.7077016e-01   5.7521739e-01   6.4619120e+00   4.1519236e-02  -5.5662514e-03   7.3146117e-04
   1.2867343e-01   3.2643895e-01   5.7485827e+00   4.2051122e-02  -8.5238509e-03  -7.4042957e-04
   1.5578061e-01   5.5105944e-01   6.4235055e+00   4.1952133e-02  -1.0858806e-02   1.9084511e-04
   1.4755396e-01   4.9566915e-01   6.3644919e+00   4.0174742e-02  -1.1381884e-02   4.9240603e-04
   1.6742696e-01   5.1618808e-01   6.4283904e+00   3.9059650e-02  -1.0644519e-02   1.7898556e-04
   1.8240107e-01   5.3374598e-01   6.4659621e+00   3.9628475e-02  -9.9456248e-03   1.4921431e-04
   1.8651738e-01   5.3175899e-01   6.4867177e+00   3.9095137e-02  -1.0079422e-02   9.1980221e-05
   1.7358277e-01   5.4719251e-01   6.4887432e+00   3.9049183e-02  -1.0272150e-02   3.7390507e-04
   1.8855143e-01   5.6166486e-01   6.5156336e+00   3.9844801e-02  -9.5746721e-03   2.7736322e-04
   1.7696396e-01   5.4456670e-01   6.5195693e+00   3.9077328e-02  -9.6892618e-03   2.8645908e-04
   1.8883525e-01   5.3287632e-01   6.5289747e+00   3.9482922e-02  -9.5245354e-03   1.2557872e-04
   2.0345111e-01   5.6073360e-01   6.5510327e+00   3.9031253e-02  -9.7061236e-03  -2.0576988e-04
   1.6134471e-01   5.1776407e-01   6.5543762e+00   4.1074134e-02  -9.6842942e-03   3.1616027e-04
   1.6219576e-01   5.3408895e-01   6.5476009e+00   4.0395074e-02  -1.0442845e-02  -1.4936934e-04
   1.7709721e-01   5.3339660e-01   6.5635335e+00   4.0218924e-02  -1.0116058e-02  -3.2284212e-04
   1.8912969e-01   5.5560900e-01   6.6081437e+00   4.0765745e-02  -1.0124042e-02  -8.2719814e-04
   1.7789088e-01   5.6932988e-01   6.6231040e+00   4.0286178e-02  -1.0111054e-02  -2.9535153e-04
   1.7856367e-01   5.6993712e-01   6.6484918e+00   4.0736583e-02  -1.0069507e-02  -3.6318966e-04
   1.8720448e-01   5.5423425e-01   6.6404118e+00   4.0273052e-02  -9.8013940e-03  -4.1613821e-04
   1.8226250e-01   5.5598403e-01   6.6874234e+00   4.1028856e-02  -9.6302098e-03  -3.0127960e-04
   2.1078330e-01   5.8045859e-01   6.6898488e+00   4.0713831e-02  -9.9132804e-03  -6.9662169e-04
   2.0607808e-01   5.8703358e-01   6.7259810e+00   4.1281730e-02  -9.7088649e-03  -4.5300932e-04
   1.8970693e-01   5.8232365e-01   6.7185132e+00   4.0603420e-02  -9.9360202e-03  -1.6792558e-04
   2.0371738e-01   5.9212240e-01   6.7386730e+00   4.0917938e-02  -9.7672592e-03  -3.8462629e-04
   1.8416001e-01   6.0729394e-01   6.7667331e+00   4.1436799e-02  -9.9035967e-03  -3.5043930e-04
   2.0349553e-01   5.7983809e-01   6.7913548e+00   4.1356177e-02  -9.7682855e-03  -4.1807354e-04
   2.0117654e-01   6.0083458e-01   6.7903672e+00   4.0309272e-02  -9.8766528e-03  -5.3981950e-04
   2.1456098e-01   6.1390543e-01   6.8362564e+00   4.0565671e-02  -7.8746035e-03  -2.3385829e-04
   1.9592615e-01   6.2627035e-01   6.8355917e+00   4.0907023e-02  -9.2261209e-03  -1.3095291e-04
   2.1351552e-01   5.8529039e-01   6.8045054e+00   4.0105266e-02  -9.2371963e-03  -6.6867649e-04
   1.9217884e-01   6.1049546e-01   6.8308854e+00   4.0593366e-02  -9.1649743e-03  -1.6635475e-04
   2.0248891e-01   6.4274707e-01   6.8294415e+00   4.0758882e-02  -9.2671553e-03  -4.7624859e-04
   1.8946300e-01   6.1478217e-01   6.8237612e+00   4.1358852e-02  -9.2494545e-03   1.0030702e-04
   2.1407284e-01   6.0965752e-01   6.8253578e+00   4.0792266e-02  -8.9732111e-03  -3.9018548e-04
   1.3012607e-01   6.3656386e-01   6.7415133e+00   4.0731624e-02  -1.0429824e-02   1.5041054e-03
   1.0288402e-01   5.7184578e-01   6.9247446e+00   5.9097042e-02  -1.4192206e-02   1.4563038e-04
   1.1146702e-01   5.6312701e-01   6.9038449e+00   5.3480253e-02  -1.3260301e-02   1.5408009e-03
   1.7399241e-01   5.7526848e-01   6.8693570e+00   5.0459306e-02  -1.2211675e-02   3.7155087e-04
   2.0314443e-01   6.1221417e-01   6.9266912e+00   5.0168195e-02  -1.1251152e-02   1.7379846e-04
