   0.0000000e+00   0.0000000e+00  -1.0468031e-17  -1.4450187e-19   0.0000000e+00   0.0000000e+00
   2.3239925e-02   7.2329989e-04  -1.0891080e-01   2.9151670e-03   1.0314934e-03   9.2862227e-05
   2.4351630e-02  -1.2066793e-02  -1.0074833e-01  -3.5263091e-04   3.5472952e-04  -1.0396831e-04
   3.4713603e-02  -5.3041582e-02  -1.0877442e-01   3.5071858e-03   6.2476616e-04  -5.6100594e-04
   2.0505543e-02  -3.8875734e-02  -6.4190238e-02   6.2208289e-04  -1.4918186e-04  -1.2804581e-04
   1.0109985e-02  -2.3423191e-02  -8.4058934e-02   6.0471164e-05   2.0197589e-04   4.1719443e-04
   1.7517240e-02  -1.7396667e-02  -7.8959398e-02   3.1529601e-04   5.2868709e-05   1.3989833e-05
   2.1646283e-02  -5.7440339e-03  -1.4823160e-01   1.7309264e-03   9.4653020e-04  -3.7561948e-04
   9.4088094e-03  -3.9469227e-02  -1.2688097e-01  -1.2046234e-04   6.5130764e-04   3.8895668e-04
   5.2912038e-03  -2.4300152e-02  -1.1553708e-01  -3.7138190e-04   2.8115448e-04   3.6708330e-04
  -1.8811394e-02   2.1955163e-02  -2.3005597e-01  -7.5397032e-04   1.5192819e-03   1.1032681e-03
  -8.3605980e-03  -5.3310160e-03  -7.1182402e-02   1.3266169e-03   2.0910295e-04   5.3754234e-04
   1.9878873e-03  -4.0397599e-02  -9.8149300e-02  -1.3520550e-04   1.4524840e-04   4.5285477e-04
   1.8920788e-02   1.0437477e-03  -1.7531340e-01   1.4129891e-03   1.1939537e-03  -7.0425146e-04
  -1.1406350e-04  -2.8585820e-02  -6.8706432e-02   4.5200387e-04  -7.5054443e-05   3.5858310e-04
  -2.3141290e-03  -6.7914043e-03  -3.9017130e-02  -5.0824230e-04  -2.8035146e-04   2.0455999e-04
  -2.8938082e-02  -3.3555394e-02  -3.4510538e-02  -3.1771054e-04  -2.6439973e-04   9.0631188e-04
   1.2259464e-02   2.2205204e-02  -2.2896502e-01  -4.1382701e-04   1.5187913e-03  -2.0974734e-04
   1.5648397e-02  -2.7462327e-02  -3.6100590e-02   8.6150254e-04  -1.9481761e-05  -3.7257516e-04
   5.6229727e-03  -1.5894507e-02  -1.8262583e-02  -1.3102386e-04  -9.4525882e-05  -3.8049484e-04
   1.5985179e-02  -1.3568225e-02  -1.6806757e-01   1.2145877e-03   2.0002606e-03  -1.4985725e-04
  -2.2224946e-03   9.5432568e-03  -3.8770736e-02   8.4276931e-04   4.5623620e-05   1.3879954e-04
  -7.5626540e-03  -1.3945869e-02   1.8998347e-02   3.1828406e-04  -1.4358148e-04   1.0706097e-04
  -2.2726026e-02  -9.5911082e-04  -1.1425085e-02   3.3804388e-04  -3.0902778e-04   6.1290225e-04
  -1.9286770e-02  -8.2577284e-03  -1.4682222e-02   4.3318992e-04  -3.7861714e-04   2.4770452e-04
  -1.8082806e-02  -3.1624699e-02  -5.2029010e-02   2.2355660e-04  -1.8944323e-04   3.8169005e-04
  -5.3253749e-02   4.4391870e-03  -9.5596431e-02  -3.2790134e-04  -1.1196080e-04   1.1796462e-03
  -2.8118573e-02   4.2841768e-03  -1.4966754e-01   3.6031469e-03   1.9890691e-03   3.4090445e-04
  -6.9949486e-03   2.5186129e-03  -4.4911600e-02  -7.9614648e-04   1.9622893e-04   8.4610788e-05
  -1.7777436e-03  -2.0027639e-02  -1.3975243e-02   1.0698583e-04   1.2505351e-04  -2.6235291e-04
  -1.7835726e-02  -9.8318806e-04  -7.2342607e-03   3.0587500e-04  -3.0090378e-04   2.9018112e-05
  -1.7479723e-02  -1.3392369e-02  -2.2761528e-02  -3.1460261e-04  -2.2436357e-04   3.4644904e-04
  -1.1729499e-02   3.0048322e-03  -2.0577057e-01  -6.3105319e-04   1.3433265e-03   4.5794554e-04
   1.5287881e-02   3.9068325e-03  -9.9529272e-02   1.6988509e-03   9.4760593e-04  -3.6278329e-04
  -9.4325121e-04  -2.1338775e-02  -5.8456719e-02  -2.1649122e-04   5.2309872e-04  -2.3652217e-04
   2.4803754e-02   4.9382357e-02  -2.5499184e-01   1.5209138e-03   2.2710672e-03  -9.6402176e-04
   2.7609389e-02   4.0434041e-03  -1.1987853e-01   2.4003602e-03   1.7802775e-03  -6.3990764e-04
  -3.8073790e-04   1.1724398e-02  -9.3324388e-02   2.7617006e-04   2.4319586e-04  -2.0292448e-04
  -1.6283101e-02   3.4875523e-03  -7.9997877e-02   7.4565792e-04   3.0339839e-04   1.8029088e-04
   8.4018218e-03   7.3905619e-03  -6.6561208e-02   5.0499092e-04   3.5351461e-04  -6.7105314e-04
  -3.8837960e-03   2.0474076e-02  -9.2005722e-02   2.8700749e-03   1.6423903e-03   1.3346473e-04
  -1.4512970e-02  -1.9359826e-03  -2.8034606e-02  -5.9162583e-04   4.8635282e-04  -1.1045140e-05
  -9.7328197e-03  -1.1282174e-02  -3.7756007e-02  -1.2349300e-03   4.2501163e-04  -9.7803773e-05
   1.0765507e-02   4.0366798e-02  -1.2249427e-01  -1.0200386e-03   2.2070728e-03  -2.5329044e-04
   1.2937956e-02  -2.3382015e-03  -4.8674040e-02   1.6894070e-03   1.0094150e-03  -3.1798049e-04
  -1.1771403e-02   2.4983647e-03   2.5113949e-02  -4.8719514e-04   8.2498856e-05   5.0263454e-05
  -5.0614510e-03  -3.0018824e-03  -6.9946511e-03  -1.3858935e-03   3.2190923e-04  -1.2819553e-04
  -9.6998483e-04   3.8268586e-02  -9.1541926e-02   2.2317364e-03   2.2796828e-03   6.0008713e-05
  -9.3038005e-04   1.9764282e-02   4.3163378e-02   1.2927117e-04   2.5143152e-04  -1.3312716e-04
   2.4468941e-03   1.1741461e-02   3.7668695e-02  -7.8979655e-04   4.9161591e-04  -1.8672767e-04
   7.9263612e-03   1.7693287e-02  -7.9522024e-02   3.4836023e-03   1.1273005e-03  -1.0485344e-03
   4.3919846e-03   2.3433709e-02   2.2154761e-03  -2.3598853e-04  -8.9994115e-05  -5.7717211e-04
  -2.5664692e-03   1.3190649e-02   9.3327735e-03  -4.8524827e-04   2.2775118e-04  -3.7462950e-04
  -2.7430365e-02   2.5657232e-02  -7.6094851e-03  -9.3303895e-04   2.1823685e-04   2.8849505e-04
  -8.8521129e-03   2.3155068e-02   1.0079416e-02  -6.5844368e-04   8.0240729e-04  -1.0717976e-04
  -1.5299784e-03   1.9761361e-02   2.3612809e-02   3.4503604e-04   8.2513421e-04  -5.1555860e-04
  -1.9932695e-02   4.6886221e-03   7.7879677e-03  -3.6239237e-04   7.1988108e-04  -2.0652599e-04
  -2.3296635e-02   3.5414386e-02  -1.4530117e-01  -7.0521185e-04   1.4637463e-03  -3.8617691e-04
  -1.4174385e-02   2.1570121e-02   3.2080869e-02   9.9285194e-04   1.0769279e-03  -8.1413098e-05
  -3.3801422e-02   2.0037421e-02   1.2364791e-01  -1.2678770e-03   7.9785741e-05  -1.8591768e-04
  -1.9412758e-02   1.3993889e-02   2.8840072e-02  -1.5782528e-03   8.0786596e-04  -4.3001585e-04
  -6.1302116e-02   2.1685588e-02   5.6207737e-02   2.1636442e-03   1.3029097e-03   1.6713054e-04
  -3.3273293e-02   4.9606202e-03   1.9325032e-01  -9.4119073e-04  -2.8343295e-04  -1.0711252e-04
  -4.9274170e-02  -4.7844481e-03   2.0731455e-01  -1.3076984e-03  -7.1327691e-05   2.4987419e-04
  -2.6882164e-02   3.2552950e-02   6.6342376e-02  -5.1500234e-04   9.0953377e-04  -7.4727393e-05
  -4.0352309e-02   2.7462301e-02   9.5975675e-02   1.3408582e-03   1.7472661e-03   1.1878596e-04
  -1.8691028e-02   2.9301283e-02   2.2072317e-01  -6.1833318e-04   2.5126948e-05  -6.5416406e-04
  -2.4384618e-02   1.3700238e-02   2.0797070e-01  -9.5149448e-04   4.4718281e-04  -2.0135160e-04
  -4.5780964e-02   2.2529149e-02   1.3875215e-01  -2.5717538e-03  -2.2005713e-04  -9.1555284e-05
  -4.1133952e-02   3.9616697e-02   4.2081544e-02   1.1063871e-03   1.3278853e-03   2.5442090e-04
  -1.8851052e-02   4.9434688e-02   1.9166156e-01  -7.6343954e-04  -1.2880370e-04  -4.0979186e-04
  -4.7403959e-02   3.6290017e-02   2.0835268e-01  -5.9099229e-04   1.5405431e-04   2.9693070e-04
  -5.8222607e-02   8.5603714e-03   2.4019176e-01   3.3650935e-04  -2.8055818e-04   2.9796897e-04
   3.3318127e-02   2.6256709e-01   1.4965177e-01  -1.4274402e-03   1.9093329e-04  -3.2678169e-03
  -5.6155191e-02   3.1433073e-02   7.9336330e-02   2.5610047e-03   1.2354287e-03  -2.5867483e-04
  -2.9830335e-02   2.9423651e-02   2.1782739e-01  -2.8545386e-04   3.9087236e-05  -4.6816559e-04
  -5.5828242e-02   2.8542945e-02   1.9378791e-01  -1.7378194e-03  -6.1403665e-04   1.8271438e-04
  -2.7693904e-02   4.8473476e-02   1.4239591e-01  -9.5515457e-04   9.7417655e-04  -5.1772453e-04
  -3.5118941e-02   5.3016447e-02   7.5342510e-02   1.1271965e-03   1.2360807e-03  -3.9112262e-04
  -2.9644439e-02   3.8048192e-02   1.4387681e-01   8.1331986e-04   9.6842719e-04  -6.8802053e-05
  -5.4107380e-02   2.5284180e-02   1.7874014e-01  -5.0353325e-04   6.6819856e-04   3.5777104e-04
  -3.4237255e-02   1.3584150e-02   1.9694841e-01  -1.9597583e-03   2.5095735e-04   1.2759047e-04
  -5.7423663e-02   5.4984385e-03   1.7563745e-01  -1.9644895e-03   5.0116609e-04   2.9241247e-04
  -4.7655331e-02   6.4333723e-03   2.0272557e-01  -1.4987217e-03   3.6023916e-04  -3.3833802e-04
  -2.8861582e-02   5.4494141e-02   6.3028303e-02   4.9711064e-03   2.8781177e-03  -4.9076340e-04
  -5.0956947e-02   2.0751578e-02   2.8826297e-01   9.8575380e-04   4.3446944e-05   6.7860164e-05
  -1.7291092e-02   6.9499742e-02   1.1735322e-01   2.2831604e-03   2.8927870e-03  -4.0852234e-04
  -4.6674539e-02   3.2592956e-02   1.9954953e-01  -1.1749965e-03   3.2118222e-04  -1.9984844e-04
  -3.4657016e-02   3.4391798e-02   2.3318283e-01  -1.3817908e-03   2.1529247e-04  -4.8053184e-04
  -1.4732805e-02   6.2855096e-02   1.7104335e-01  -1.2427644e-03   1.9692870e-03  -5.1355571e-04
  -3.3800046e-02   4.1055423e-02   2.9223331e-01   2.4594201e-03   2.5231633e-04  -4.9470494e-04
  -3.4704709e-02   1.2143155e-02   3.3350209e-01  -1.4071743e-03  -4.5156595e-04  -2.8072019e-04
  -3.1537388e-02   5.0557718e-02   3.1229578e-01  -2.3745728e-03  -1.3424667e-04  -1.0380992e-03
  -5.0226235e-02   3.9670328e-02   2.4250972e-01   2.7167683e-03   1.6372018e-03  -2.2188381e-04
  -5.4151216e-02   1.8808869e-02   4.5734904e-01  -1.0662010e-03  -9.3074475e-04  -5.3454792e-04
  -5.5978112e-02   3.0437375e-02   4.8196973e-01  -1.2561681e-03  -4.2685733e-04   2.2860610e-04
  -7.6599867e-02   1.1836768e-02   4.7953711e-01  -1.2283509e-03  -5.9133483e-04   4.4949503e-04
  -7.9740378e-02   2.8006981e-04   4.9192523e-01  -8.6394980e-04  -4.1836382e-04   4.5388403e-04
  -4.6847271e-02   7.2048968e-02   4.1125754e-01  -4.0632827e-04   5.4121271e-04  -2.5514469e-04
  -4.2897151e-02   3.5940407e-02   4.4345495e-01  -4.8687513e-04   8.2789585e-05  -1.5330921e-04
  -7.4295199e-02   2.6104888e-02   4.6244115e-01  -8.0395599e-04   2.2749879e-04   4.1064761e-04
  -6.0928831e-02   4.4168955e-03   4.5622214e-01  -1.2561781e-03  -1.7478481e-04   2.1203307e-04
  -3.8643078e-02   5.9457163e-02   3.1595782e-01  -2.0698952e-03   8.2407385e-04  -7.6260127e-04
  -5.8138973e-02   3.0108511e-02   3.4942630e-01  -4.4176657e-04   6.9046904e-04   4.2068486e-04
  -4.6722782e-02   3.0862735e-02   3.9528541e-01  -1.7335887e-03  -1.5809307e-04  -3.9316562e-04
  -4.7149339e-02   4.4899324e-02   3.1244247e-01  -4.7985508e-04   1.2909516e-03  -2.8966787e-04
  -5.8658813e-02   5.0617587e-02   4.0200971e-01   1.1750116e-03   3.2946701e-04   5.8227819e-05
  -4.4941475e-02   4.7465532e-02   4.6715942e-01  -1.4700021e-03   6.9600021e-05   1.6022920e-04
  -5.6540382e-02   4.0684695e-02   5.1758267e-01  -1.2925779e-03  -1.9794538e-04   9.3842539e-05
  -7.2066959e-02   5.5533333e-02   4.1153105e-01  -2.2004521e-03   9.5773209e-04   6.4882362e-04
  -3.4375865e-02   6.3361154e-02   3.7255191e-01   1.6227585e-03   1.0193317e-03  -4.5236438e-04
  -3.9847960e-02   4.7794945e-02   4.5450900e-01  -1.1799622e-03   2.7972933e-04  -3.1130069e-04
  -3.1161584e-02   5.4593151e-02   4.4772145e-01  -1.6161249e-03   3.5375094e-04  -6.3459716e-04
  -2.6174482e-02   8.4627292e-02   3.8797877e-01   3.4599859e-04   1.5817192e-03  -1.0106678e-03
  -5.1014939e-02   3.8862213e-02   5.5861936e-01   7.3164361e-05  -7.6514026e-05   1.7373496e-05
  -3.9490289e-02   1.6310297e-02   6.2734826e-01  -1.3056393e-03   3.8214392e-04  -5.8627015e-04
  -3.6633979e-02   6.0776498e-02   4.3947428e-01   2.3697534e-03   1.6676768e-03  -3.0598461e-04
  -8.8749672e-02   4.9392443e-02   6.3908944e-01  -1.2880992e-03  -6.2378746e-04   6.0281521e-04
  -7.7805698e-02   3.8688643e-02   6.4118930e-01  -1.9226396e-03  -6.1504769e-04   1.9566007e-04
  -3.3117610e-02   5.2324701e-02   4.1644299e-01  -1.9021756e-03   1.4597832e-03  -5.7887596e-04
  -5.6814159e-02   6.1569837e-02   6.6590777e-01   1.9035344e-04  -2.4060781e-04   3.1171947e-04
  -7.6551428e-02   6.3989057e-02   7.0617454e-01  -1.7361782e-03  -7.2081328e-04   3.2696442e-04
  -8.2438639e-02   6.6397639e-02   6.9688498e-01  -2.3799489e-03  -5.9251605e-04   5.6363117e-04
  -5.7227550e-02   6.2535714e-02   7.4249282e-01  -1.2705802e-03  -3.7798439e-04   2.5149020e-04
  -7.4745979e-02   6.6837620e-02   6.9019831e-01  -2.1641936e-03  -6.5670638e-04   7.9082740e-04
  -8.0591294e-02   8.3363260e-02   5.5388850e-01  -2.2360625e-03   7.2523695e-04   5.3893397e-04
  -4.8485101e-02   5.2433161e-02   6.6356904e-01  -2.0523924e-03  -2.2363195e-06  -7.9768673e-05
  -5.9631672e-02   4.5007193e-02   6.7707443e-01  -2.5407274e-03   4.6941620e-05   1.2863423e-04
  -6.4406485e-02   5.7560466e-02   7.1207459e-01  -1.9936760e-03  -2.8782615e-05   4.1229137e-04
  -2.1699908e-02   8.4883288e-02   5.6218735e-01  -1.3690003e-03   6.9532543e-04  -1.2830770e-03
  -4.5907631e-02   6.9505155e-02   6.2277007e-01   7.0284309e-05   4.1747878e-04  -1.1345145e-04
  -2.7856492e-02   5.6091253e-02   6.3970464e-01  -2.0923860e-03   1.4981131e-04  -3.3992341e-04
  -4.7040989e-02   5.0544539e-02   6.4073219e-01  -2.5604873e-03  -5.2641363e-05   1.1436271e-04
  -4.8907927e-02   5.7440512e-02   6.5405834e-01  -2.2237367e-03   3.9884228e-04   2.2749114e-04
  -5.0163573e-02   7.5695248e-02   6.2720052e-01  -2.3478578e-03   1.5858891e-04   3.2872410e-04
  -5.5384591e-02   7.0440814e-02   6.0195990e-01  -7.3477243e-04   1.7738749e-03   7.3807113e-06
  -3.9071749e-02   4.1324016e-02   6.4718233e-01  -8.0724089e-04   7.1233802e-04  -1.9208431e-04
  -3.5463550e-02   6.7536796e-02   6.6664711e-01  -1.8526015e-03   7.0179041e-04  -8.2117537e-05
  -3.7270204e-02   7.3567048e-02   6.9723095e-01  -1.7209085e-03   6.1217219e-04   2.2859140e-06
  -6.4552310e-02   7.0241700e-02   7.0630165e-01  -1.6959180e-03   2.0027796e-04   3.6138852e-04
  -7.4661571e-02   7.2897451e-02   7.0676559e-01  -2.6380214e-03  -1.7259035e-04   8.2460893e-04
  -5.2636437e-02   8.1622695e-02   7.0970713e-01  -2.1350587e-03   5.5270747e-05   2.4247820e-04
  -6.7069273e-02   1.0540144e-01   6.4199990e-01  -4.4292506e-05   2.4618244e-03   2.1209629e-04
  -5.8815794e-02   5.6190156e-02   8.0943155e-01  -8.2017478e-05  -4.4947192e-04   6.4191819e-04
  -6.7223248e-02   5.4630259e-02   8.5816660e-01  -1.4736081e-03  -5.1951511e-04   4.4874896e-04
  -6.7041618e-02   5.4645580e-02   8.7931277e-01  -1.6376259e-03  -4.5761850e-04   3.0500139e-04
  -3.4121111e-02   8.3411856e-02   6.7209909e-01  -2.2690396e-03   1.7887461e-03   1.2730136e-04
  -2.9027940e-02   2.3492974e-01   8.5605711e-01  -1.8189921e-03  -2.1503389e-04  -1.0272146e-03
  -6.0547320e-02   6.7879326e-02   8.3810963e-01  -3.0528139e-03  -3.0060401e-04   3.3943570e-04
  -6.1504161e-02   7.7920965e-02   8.5332131e-01  -2.8822578e-03  -3.4208511e-04   2.4825749e-04
  -4.8094782e-02   7.8108808e-02   7.4414615e-01  -1.3368012e-03   1.1276508e-03  -1.0635610e-04
  -7.9716968e-02   5.6180376e-02   9.6390557e-01  -1.4603853e-03  -1.0681445e-03   7.2342266e-04
  -5.2362532e-02   5.3678962e-02   9.3573707e-01  -2.8755317e-03  -7.1212260e-04   1.6857715e-04
  -9.0734843e-02   6.5148492e-02   9.5646230e-01  -2.5531110e-03  -8.1637015e-04   9.5677084e-04
  -7.6372306e-02   9.4015854e-02   8.7329953e-01  -2.6295153e-03   8.4660110e-04   8.3144373e-04
  -5.4283343e-02   6.5353691e-02   8.6928659e-01  -2.6267327e-04   3.5732873e-04   1.9085310e-04
  -6.2697152e-02   8.6292417e-02   8.9033202e-01  -2.6065310e-03   5.4604733e-05   6.4034958e-04
  -4.0763787e-02   7.9233534e-02   8.5154466e-01   6.9360224e-05   4.9297461e-04  -3.8462950e-04
  -1.9052225e-02   9.4476198e-02   8.9701145e-01  -1.4323953e-04   1.1833805e-03  -4.6800620e-04
  -4.2801919e-02   6.6508723e-02   8.7082982e-01  -2.4038613e-03   8.8221060e-04   3.4520719e-04
  -3.5938898e-02   7.3057207e-02   8.9344124e-01  -1.6710333e-03   2.4772319e-04  -2.0594485e-04
  -4.7293444e-02   1.0007831e-01   9.3082341e-01  -1.2988409e-03   5.0332980e-04   5.0211532e-04
  -5.9657404e-02   7.5107559e-02   9.8939677e-01  -1.1088519e-03  -6.2093299e-05   3.1947339e-04
  -6.0148606e-02   8.4478826e-02   9.6491041e-01  -1.6624506e-03  -3.4152971e-04   1.4248152e-04
  -4.1130711e-02   1.0437476e-01   9.2875223e-01  -2.7337175e-03  -4.9568602e-04   6.7870599e-05
  -4.7874677e-02   1.1842581e-01   9.5338738e-01  -2.0946598e-03  -1.0048333e-04   8.2233084e-05
  -6.0329348e-02   9.7024829e-02   9.5785156e-01  -2.0271863e-03  -1.2459894e-04   5.2514874e-04
  -6.2785042e-02   9.1008657e-02   9.6634111e-01  -2.2003039e-03  -4.2285391e-04   2.4934221e-04
  -7.0451839e-02   8.2189802e-02   9.9472995e-01  -1.4712335e-03  -3.0929706e-04   8.3022002e-04
  -7.4361083e-02   1.1108549e-01   8.1237791e-01   1.0946392e-03   2.7604537e-03   5.9022929e-04
  -7.1608274e-02   8.3049013e-02   1.0835255e+00   7.7643801e-05  -6.8721282e-05   2.0499251e-04
  -7.8187432e-02   7.8338458e-02   1.1495723e+00  -2.1134878e-03  -6.3938851e-04   4.0113425e-04
  -9.4543435e-02   5.6233042e-02   1.1582541e+00  -2.1713798e-03  -9.7697447e-04   7.6745613e-04
  -5.8033539e-02   1.1513419e-01   1.0918169e+00  -2.5772783e-03  -8.3216614e-05  -4.5684438e-04
  -2.4137455e-02   7.8195619e-02   9.4954633e-01   4.7731814e-03   1.6780351e-03  -8.3420621e-04
  -6.0206834e-02   1.2139844e-01   1.1411649e+00  -3.6154905e-04   2.1426122e-04   2.2263880e-04
  -2.2863978e-02   1.2470399e-01   1.1386802e+00  -1.3606040e-03   4.3848888e-04  -1.1480735e-03
  -2.5485156e-02   1.0995655e-01   1.0652704e+00   2.6107501e-03   1.9874283e-03  -1.8257522e-04
  -3.5808685e-02   1.0121150e-01   1.1432158e+00  -1.4926895e-03   1.1338484e-04  -3.3736241e-04
  -3.7960308e-02   1.0011615e-01   1.1615351e+00  -1.6319189e-03  -3.3479019e-04   3.1881338e-05
  -5.5505308e-02   1.0019141e-01   1.1745723e+00  -1.5052408e-03  -1.8152355e-04   3.3041013e-04
  -4.8331618e-02   1.2504567e-01   1.1608892e+00  -1.5100466e-03  -2.1619274e-04   1.1773864e-05
  -3.8286117e-02   1.2767032e-01   1.1619608e+00  -1.1686544e-03  -2.7615266e-04  -9.7255031e-05
  -4.9272543e-02   1.1831301e-01   1.1331291e+00  -1.8392398e-03  -6.8831974e-05   4.0146360e-04
  -5.9986438e-02   1.1398467e-01   1.1846527e+00  -1.2812550e-03   7.1329940e-05   4.4873067e-04
  -4.8424899e-02   1.1274255e-01   1.1885932e+00  -1.4490414e-03  -1.5332935e-05   3.0559733e-05
  -6.0099669e-02   9.6748752e-02   1.1843643e+00  -1.8246306e-03  -9.1564489e-05   5.4154335e-04
  -3.1405720e-02   1.5459718e-01   1.1020216e+00  -5.6021921e-04   1.2167395e-03  -5.2654006e-04
  -4.7539887e-02   1.2086739e-01   1.1851338e+00  -1.7720430e-03   3.1053496e-04   1.6373753e-04
  -5.2982630e-02   8.9114584e-02   1.2055294e+00  -2.0554919e-03  -3.3571170e-04  -2.9665175e-05
  -4.3626406e-02   1.2542146e-01   1.2368453e+00  -1.6261790e-03   2.1102236e-04  -1.7097297e-04
  -5.1970416e-02   1.0231140e-01   1.2381940e+00  -1.8136175e-03   1.5404186e-04   2.6115268e-04
  -4.9603749e-02   1.0044678e-01   1.2203430e+00  -2.4131638e-03   9.3179930e-05   1.9333115e-04
  -5.6429458e-02   1.0769079e-01   1.2264672e+00  -2.2171778e-03   2.5307653e-04   5.3269917e-04
  -4.0219517e-02   1.1128245e-01   1.2250865e+00  -2.0886542e-03  -5.1155924e-06  -1.8452574e-05
  -4.0796817e-02   1.0340389e-01   1.2395638e+00  -1.8620882e-03  -2.3114663e-04  -6.1128445e-05
  -4.9547131e-02   9.5020447e-02   1.3027242e+00  -1.8552220e-03  -9.8540744e-05   2.1354232e-04
  -3.7240108e-02   7.9138318e-02   1.2889521e+00  -2.0222371e-03  -4.0658987e-04  -1.3341381e-04
  -5.2221275e-02   1.0010163e-01   1.2948865e+00  -2.2634382e-03  -4.7752416e-04   2.3618745e-04
  -5.2784290e-02   1.1244480e-01   1.3173762e+00  -2.2093717e-03  -5.1208117e-04   5.5807010e-04
  -5.0318002e-02   1.9906502e-01   1.3022736e+00   1.0165382e-04   1.5284073e-03   4.4657079e-05
  -6.2724006e-02   1.2932335e-01   1.3046291e+00  -1.0202872e-03   1.9158560e-04   5.7181241e-04
  -2.0978732e-02   1.2645826e-01   1.2657573e+00  -1.2898378e-03   1.2870264e-03  -4.3884136e-04
  -6.0122137e-02   1.3280018e-01   1.3416480e+00   2.3112047e-03   8.7135405e-04   2.4325443e-04
  -4.2123511e-02   1.1919533e-01   1.4396843e+00  -1.7649795e-03  -4.8812484e-04   3.1087669e-04
  -8.8222911e-02   1.1479813e-01   1.4559429e+00  -2.0275314e-03  -8.5677979e-04   1.3143745e-03
  -8.2852488e-02   1.2217208e-01   1.4730922e+00  -1.5056131e-03  -5.2443535e-04   1.3237668e-03
  -6.2645705e-02   1.3506643e-01   1.3785701e+00  -2.7985848e-03   4.9072166e-04   9.0721261e-04
  -4.3927499e-02   1.5202975e-01   1.3736388e+00   4.0317831e-03   2.0336249e-04  -6.1837516e-04
  -3.5696371e-02   1.4269319e-01   1.4522584e+00  -1.0175582e-03  -3.1771177e-04   6.2723006e-05
  -5.3722860e-02   1.2067842e-01   1.4428497e+00  -1.9253722e-03  -4.9315461e-04   3.4222739e-04
  -3.2661534e-02   1.3303419e-01   1.4743920e+00   1.7777395e-03   1.1340181e-03  -2.0515507e-04
  -5.0771948e-02   1.2448974e-01   1.5278918e+00  -1.7853246e-03  -7.9837546e-04   4.1772906e-04
  -4.4607598e-02   1.3345067e-01   1.5166470e+00  -2.4546582e-03  -4.8923178e-05  -6.6320631e-05
  -3.7832264e-02   1.4319735e-01   1.4407119e+00   7.0766754e-04   2.1063669e-03   2.0773136e-04
  -5.0875640e-02   1.2809525e-01   1.5683230e+00  -1.5595047e-03  -4.9952894e-04   1.3996783e-04
  -5.0354361e-02   1.1954678e-01   1.5810714e+00  -1.9316436e-03  -5.8692373e-04   2.7325898e-04
  -7.7092837e-02   1.2301124e-01   1.6162152e+00  -1.6782488e-03  -7.2440636e-04   8.9726503e-04
  -7.8605560e-02   1.2945030e-01   1.6168953e+00  -1.2441955e-03  -1.7720246e-04   1.3829730e-03
  -7.8402548e-02   1.5405165e-01   1.5572389e+00  -2.2080109e-03  -6.4713731e-06   4.7535773e-04
  -5.4056067e-02   1.4775895e-01   1.5375572e+00  -1.1707096e-04   1.2658641e-03   3.3813849e-04
  -6.9091567e-02   1.4512103e-01   1.6019814e+00  -2.2580027e-03  -6.3948914e-04   6.4198253e-04
  -7.6948704e-02   1.1705840e-01   1.5847093e+00  -3.1063509e-03  -6.3731371e-04   5.8826394e-04
  -2.4004319e-02   1.5314453e-01   1.5118015e+00  -4.8472428e-04   1.3307593e-03  -1.4829415e-04
  -5.1753223e-02   1.2531034e-01   1.6413708e+00  -1.6529529e-03  -5.7056665e-04   4.7422395e-04
  -5.2000834e-02   1.3735103e-01   1.6563632e+00  -2.9345574e-03  -8.5416915e-04   2.0973205e-04
  -6.3636432e-02   1.3546441e-01   1.6671947e+00  -2.8625636e-03  -7.1341952e-04   4.3129637e-04
  -6.7784397e-02   1.4953716e-01   1.6602032e+00  -2.8124669e-03  -4.0174881e-04   5.2693913e-04
  -5.5542186e-02   1.3172699e-01   1.5179389e+00  -9.0263195e-04   1.1905822e-03   5.8178715e-04
  -2.4358382e-02   1.3350497e-01   1.6440640e+00   1.7501382e-03   3.4188137e-04  -3.0391793e-04
  -5.5735944e-02   1.3713946e-01   1.6989619e+00  -2.5156886e-03  -6.2013372e-04   1.8744466e-04
  -4.9995467e-02   1.3511690e-01   1.7315860e+00  -2.5115842e-03  -1.0640619e-03   2.8914225e-04
  -6.9058046e-02   1.5485714e-01   1.7162120e+00  -3.1099998e-03  -7.5412195e-04   5.7843751e-04
  -7.3226029e-02   1.7698086e-01   1.6657932e+00  -2.0444116e-03   5.3441710e-04   9.0078246e-04
  -4.1054583e-02   1.8249809e-01   1.6522960e+00  -5.1576394e-04   7.0354050e-04   2.7129552e-04
  -4.1544933e-02   1.4613996e-01   1.6579686e+00  -2.4871241e-03   3.5863713e-05   1.8853792e-04
  -3.6772634e-02   1.4089585e-01   1.6899863e+00  -2.3243701e-03   1.9852375e-04  -4.5909698e-06
  -5.8531898e-02   1.4732641e-01   1.7550705e+00  -2.4094175e-03  -5.2908685e-04   4.4044782e-04
  -3.7830812e-02   1.5305086e-01   1.7434164e+00  -3.0736750e-03  -8.1832576e-05  -7.9321008e-05
  -3.8387553e-02   1.6714851e-01   1.7480919e+00  -3.0800264e-03  -4.2321792e-04  -4.1555138e-05
  -6.9851306e-02   1.4831429e-01   1.8045723e+00  -1.9092614e-03  -2.0166114e-04   9.7494736e-04
  -4.6489558e-02   1.4939238e-01   1.8120069e+00  -2.3485902e-03   2.1917164e-05   2.7096670e-04
  -6.2096512e-02   1.4932712e-01   1.7808850e+00  -3.2751353e-03  -6.8227607e-04   5.4822211e-04
  -5.7834865e-02   1.2792001e-01   1.8252564e+00  -2.2770518e-03  -5.8172053e-04   8.1780043e-04
  -4.8395800e-02   1.5679768e-01   1.8381401e+00  -2.0041254e-03  -3.4919263e-04   6.0474199e-04
  -7.0643972e-02   1.5666620e-01   1.8460023e+00  -2.4523782e-03  -6.5916615e-04   7.2302990e-04
  -8.0407501e-02   1.6304074e-01   1.8700547e+00  -1.9726311e-03  -9.5237178e-05   1.2439811e-03
  -5.8994468e-02   1.7160600e-01   1.8606949e+00  -2.3458793e-03  -2.0631343e-04   4.8181895e-04
  -5.3090540e-02   1.5605948e-01   1.8583821e+00  -2.6039622e-03  -4.5358105e-04   5.5452807e-04
  -5.5814931e-02   1.5980849e-01   1.8616400e+00  -2.6338226e-03  -4.7697023e-04   5.8336930e-04
  -5.4019504e-02   1.8353804e-01   1.7422031e+00  -2.2018179e-03   1.4072076e-03   4.5360129e-04
  -6.0320255e-02   1.5855796e-01   1.8640939e+00  -1.6202325e-03   2.2970751e-04   4.8399386e-04
  -4.7125890e-02   1.4524280e-01   1.8712694e+00  -2.3999998e-03  -1.0477283e-04   1.1327093e-04
  -5.2647002e-02   1.4128385e-01   1.8979320e+00  -2.0095226e-03  -4.4737825e-05   7.2466774e-04
  -3.1480114e-02   1.7738278e-01   1.7987516e+00  -1.9425190e-04   2.7319698e-03   1.1172809e-03
  -4.9358060e-02   1.5090261e-01   1.9244984e+00  -1.6182608e-03  -3.7475628e-05   4.4148937e-04
  -3.6328854e-02   1.3950599e-01   1.9473566e+00  -2.2571294e-03  -5.0958508e-04   2.3629574e-04
  -6.3872601e-02   1.6178496e-01   1.9738782e+00  -2.1918993e-03  -8.3975809e-04   6.8894039e-04
  -6.1416105e-02   1.5487699e-01   1.9754685e+00  -2.6398988e-03  -8.8131054e-04   9.0677419e-04
  -3.6165661e-02   1.6236964e-01   1.9631655e+00  -3.2912886e-03  -6.0259449e-04   2.2267500e-04
  -3.4133974e-02   1.7000833e-01   1.9527841e+00  -3.4252493e-03  -6.9521054e-04   3.8303813e-04
  -6.3453527e-02   1.5262247e-01   1.9617873e+00  -3.4811820e-03  -7.3058615e-04   9.6603303e-04
  -6.5767939e-02   1.6087258e-01   1.9871961e+00  -3.2209174e-03  -6.0351711e-04   1.1285705e-03
  -3.6080729e-02   1.6422863e-01   2.0056277e+00  -2.9950566e-03  -4.0721854e-04   6.3185544e-04
  -6.0254334e-02   1.7840472e-01   2.0285996e+00  -2.8081844e-03  -4.0680453e-04   5.9759509e-04
  -2.9449206e-02   2.1942440e-01   1.8296486e+00   1.1734357e-03   2.4887228e-03   2.9794977e-04
  -3.2462222e-02   1.9862830e-01   1.9812994e+00  -3.7640268e-04   3.2393420e-04   1.6646696e-04
  -2.4968718e-02   2.0178125e-01   1.9634433e+00  -7.6296200e-04   8.1059741e-04  -2.4880968e-04
   1.5409066e-02   2.2903668e-01   1.9211261e+00  -9.1042733e-05   1.5042162e-03  -1.4930111e-03
   5.1455276e-04   2.2548075e-01   1.9089586e+00  -7.6269082e-04   1.4924703e-03  -1.1763745e-03
   1.1831449e-02   2.1336969e-01   1.9568624e+00  -6.8102115e-04   1.4270644e-03  -9.8497240e-04
  -3.2425239e-02   2.0606847e-01   1.9572969e+00  -1.9380176e-03   5.4390819e-04   1.5058301e-04
  -3.7667973e-02   2.0152127e-01   1.9772213e+00  -2.7150779e-03  -4.4198805e-05  -5.1266112e-05
  -2.3272407e-02   2.0373874e-01   1.9883869e+00  -2.4571729e-03  -3.0317795e-04  -1.9374423e-05
  -3.5229130e-02   1.7074096e-01   2.0217893e+00  -2.8539064e-03  -4.5961344e-04  -3.5675937e-05
  -1.9970325e-02   1.7328949e-01   2.0411958e+00  -2.5826480e-03   1.2777873e-04   6.0997284e-05
  -4.5948934e-02   1.6803535e-01   2.0532193e+00  -1.8948078e-03   2.6330654e-04   2.3166047e-04
  -2.4694575e-02   1.6030329e-01   2.1096843e+00  -3.0279487e-03   1.1202835e-04   1.0620857e-04
  -2.2235745e-02   1.6081201e-01   2.1276439e+00  -2.9446014e-03   9.9392493e-05   1.0728659e-04
  -2.9508233e-03   1.6553559e-01   2.1469995e+00  -2.6486111e-03   1.5185935e-04  -4.6534299e-04
  -8.8025077e-03   1.8680281e-01   2.1617746e+00  -3.0493125e-03  -5.7691449e-05  -3.2896421e-04
  -2.2769719e-02   1.6631678e-01   2.2073831e+00  -1.5512043e-03  -2.4642849e-04   2.3121646e-05
  -1.0144307e-02   1.7418908e-01   2.1814693e+00  -2.9655779e-03   6.9834436e-05   1.6743646e-05
  -1.2546169e-02   1.5418090e-01   2.2276809e+00  -2.5206208e-03   3.7769366e-04  -2.1300472e-05
  -6.4444498e-03   1.4337445e-01   2.2284315e+00  -2.8949474e-03  -2.8089182e-04  -3.3936340e-04
  -1.7597049e-02   1.9104012e-01   2.2216628e+00  -3.3140084e-03  -7.2464050e-04   1.9991210e-04
  -2.6185986e-02   1.7734040e-01   2.2280972e+00  -3.1953136e-03  -4.6928882e-04   3.2039718e-04
  -3.1611008e-02   1.8519516e-01   2.2059453e+00  -3.9656589e-03  -3.9309002e-04   5.8195690e-04
  -3.6264944e-02   1.7484435e-01   2.2393931e+00  -3.3025327e-03  -3.5988383e-04   2.3273472e-04
  -3.6016863e-02   1.7513379e-01   2.2311018e+00  -4.1973394e-03  -1.0802607e-03   6.4581974e-04
  -2.5414557e-02   1.7118140e-01   2.2619804e+00  -2.9924720e-03  -4.4788534e-04   5.3999762e-04
  -3.1015211e-02   1.8453747e-01   2.2541829e+00  -3.6481837e-03  -5.4610132e-04   4.4442212e-04
  -3.0999978e-02   1.6911462e-01   2.2759070e+00  -2.8526364e-03  -3.5689812e-04   3.6771121e-04
  -3.7970626e-02   1.8447229e-01   2.2911402e+00  -3.2045889e-03  -6.5607312e-04   2.7718197e-04
  -3.4564448e-02   1.5535317e-01   2.2873927e+00  -3.3133259e-03  -5.5983271e-04   6.1981640e-04
  -2.3197101e-02   2.0932705e-01   2.2929673e+00  -3.3459576e-03  -2.6941566e-04   1.3474187e-04
  -3.4470079e-02   1.9338313e-01   2.3034277e+00  -3.2074601e-03  -5.9736757e-04   4.9844922e-04
  -2.4180344e-02   1.7626165e-01   2.3148074e+00  -3.3851761e-03  -1.0324713e-04   1.5259888e-04
  -4.8621653e-02   2.0257096e-01   2.3949724e+00  -2.4135100e-03  -6.1101345e-04   6.8957297e-04
  -3.5458879e-02   1.7345470e-01   2.3452267e+00  -2.9746690e-03  -2.9663266e-04   7.4365602e-04
  -3.4442567e-02   1.8867953e-01   2.3455727e+00  -3.5559030e-03  -8.1017082e-04   4.5769680e-04
  -2.4229096e-02   1.9764247e-01   2.4050270e+00  -3.1207298e-03  -3.4668322e-04   1.4869356e-04
  -1.9220441e-02   1.9538631e-01   2.4307649e+00  -2.2730855e-03  -2.8100498e-04   2.6332577e-04
  -5.3921687e-02   1.9005753e-01   2.3538073e+00  -6.1951750e-04   2.7093953e-04   1.1741964e-03
  -4.2587055e-02   1.8523868e-01   2.3649640e+00  -3.0549464e-03  -1.2114043e-03   1.1228027e-03
   2.1838749e-03   2.0818876e-01   2.3204135e+00  -9.6637770e-04   1.2254339e-03  -3.6143048e-04
   1.4077393e-02   1.9687119e-01   2.4543842e+00  -6.0492072e-04   5.5464246e-04  -8.4963449e-05
   7.4104419e-03   1.7508546e-01   2.4608236e+00  -2.3706085e-03  -3.8699501e-05  -1.0364032e-04
   5.5294543e-03   1.8386554e-01   2.4195998e+00  -1.3865071e-03   1.8442986e-04  -5.7377210e-04
   1.8874485e-02   1.6927377e-01   2.5148863e+00  -1.5619219e-03  -2.8800757e-04  -7.5675483e-04
  -9.2835007e-04   1.7780815e-01   2.5203665e+00  -2.9976641e-03  -3.7645396e-05   1.0582121e-04
  -8.4565606e-03   1.9069637e-01   2.5085782e+00  -3.1363716e-03  -1.8061765e-04   4.4163006e-04
   1.4643903e-02   1.9451760e-01   2.5128578e+00  -2.9416372e-03  -3.7236302e-04  -4.0946864e-05
  -5.5472071e-03   1.9248193e-01   2.4864262e+00  -3.4606401e-03  -3.8090918e-04   1.9425755e-04
  -5.3526149e-03   1.9453081e-01   2.5135304e+00  -3.1724824e-03  -1.0867702e-03   2.4821856e-04
  -3.4136702e-02   2.0307901e-01   2.5235859e+00  -3.2798081e-03  -4.8937252e-04   1.2415882e-03
  -1.6714217e-02   1.9062917e-01   2.5370162e+00  -3.2414288e-03  -3.4262885e-04   6.2346349e-04
   1.3354568e-03   1.9848537e-01   2.5452662e+00  -2.9719408e-03  -3.6831881e-04   5.6482101e-05
  -3.5420369e-02   1.8824087e-01   2.6148952e+00  -2.6877724e-03  -9.2756472e-05   7.2605163e-04
  -1.3073346e-02   1.7440767e-01   2.5908326e+00  -3.0428533e-03  -9.3715309e-04   4.7773207e-04
   6.6184632e-03   1.7099403e-01   2.6015243e+00  -3.0010337e-03  -6.4792689e-04   3.0108963e-04
  -2.1575730e-02   1.9516567e-01   2.5924751e+00  -3.1727770e-03  -5.8004517e-04   5.6864532e-04
   5.2434767e-03   2.0670129e-01   2.6356960e+00  -2.9069549e-03  -7.1142200e-04  -5.4347942e-05
  -2.4678076e-02   2.0234546e-01   2.6211705e+00  -3.2701073e-03  -5.7900452e-04   6.1592722e-04
  -2.8215235e-02   2.0418332e-01   2.6632537e+00  -3.3322309e-03  -9.4492314e-04   6.2296303e-04
  -1.9093583e-02   1.9122980e-01   2.6769478e+00  -3.2511301e-03  -8.7015326e-04   5.8615034e-04
  -1.4172432e-02   2.1135394e-01   2.6670417e+00  -3.7451606e-03  -1.0624805e-03   6.3734520e-04
  -1.3528287e-02   1.9452139e-01   2.6942124e+00  -3.0849843e-03  -1.1372742e-03   2.4359529e-04
  -2.4182459e-02   2.3447463e-01   2.7480436e+00  -2.5083654e-03  -7.9532974e-04   4.0870864e-04
  -2.1069176e-02   2.0446760e-01   2.7351080e+00  -3.0937912e-03  -7.9539285e-04   6.7641457e-04
  -1.6213313e-02   2.0607417e-01   2.7313444e+00  -3.0587752e-03  -5.6492481e-04   1.6399345e-04
   2.0097365e-03   2.3999321e-01   2.7476043e+00  -2.7722287e-03  -8.3285170e-04   3.4022347e-04
  -5.0231222e-03   2.2080364e-01   2.7324092e+00  -3.0509304e-03  -4.9977411e-04   5.6553495e-04
  -2.1092975e-02   2.2584440e-01   2.7541922e+00  -3.1183296e-03  -7.0542291e-04   6.4571925e-04
  -1.6140918e-02   2.3182582e-01   2.7581684e+00  -3.0760751e-03  -8.3712255e-04   6.8512944e-04
   7.7636018e-03   2.1681971e-01   2.7664999e+00  -2.8506370e-03  -1.0917348e-03   1.6644649e-05
  -1.9369767e-03   2.0726583e-01   2.7707891e+00  -2.8293299e-03  -4.6784330e-04   4.5019971e-04
  -2.3804168e-02   1.8313033e-01   2.7907020e+00  -2.8278645e-03  -1.0320917e-03   7.7621731e-04
  -1.7762686e-02   2.3012170e-01   2.7891630e+00  -3.2018410e-03  -5.6797120e-04   7.1694600e-04
  -5.7936768e-03   2.3772753e-01   2.8320785e+00  -1.9710355e-03  -5.2271022e-04   2.9993274e-04
  -3.8999087e-02   2.0170417e-01   2.8183302e+00  -3.1069281e-03  -9.9178008e-04   9.3646100e-04
  -8.7326187e-03   1.9894042e-01   2.8155520e+00  -3.3997839e-03  -5.8363607e-04   6.8062078e-04
  -2.3415668e-02   2.0421598e-01   2.8630822e+00  -2.2826284e-03  -1.0621444e-03   7.3066792e-04
  -1.7093069e-02   2.0718672e-01   2.8590744e+00  -2.7266409e-03  -6.7976307e-04   5.7940537e-04
  -5.3256000e-03   2.2331022e-01   2.8700745e+00  -2.9585978e-03  -8.8157655e-04   3.5425086e-04
  -2.2599311e-02   2.4479849e-01   2.9051993e+00  -2.6865505e-03  -6.5364269e-04   9.4847942e-04
  -1.6678169e-03   2.1431463e-01   2.8604885e+00  -3.5292954e-03  -8.4146083e-04   4.6321618e-04
   1.4812504e-04   2.2030781e-01   2.8669417e+00  -3.7422906e-03  -1.0214445e-03   5.1355038e-04
   8.0071726e-03   2.0886869e-01   2.9240561e+00  -2.5351862e-03  -9.8691537e-04   6.4682792e-05
  -2.2797260e-02   2.2829776e-01   2.9458831e+00  -2.8299212e-03  -1.0018002e-03   5.8976873e-04
  -1.1904337e-02   2.1427679e-01   2.9304623e+00  -3.0925563e-03  -8.4296666e-04   5.5932979e-04
  -3.2505860e-02   2.1944811e-01   2.9782979e+00  -2.5141809e-03  -6.2037190e-04   9.9237426e-04
  -2.0782394e-02   2.4248687e-01   2.9843266e+00  -2.9183746e-03  -7.7684888e-04   8.3633980e-04
  -2.1045072e-02   1.5395496e-01   2.9977190e+00  -1.4669678e-03  -9.5577688e-04   5.0370730e-04
  -2.2350507e-02   2.5803781e-01   3.0104980e+00  -1.3628829e-03   1.7118005e-04   8.3622468e-04
  -3.3352873e-02   2.2799472e-01   2.9961522e+00  -2.9612271e-03  -1.0557559e-03   1.1655630e-03
  -5.0867713e-03   2.4706063e-01   3.0065009e+00  -2.3670182e-03  -7.1472806e-04   1.5558062e-04
  -9.9528511e-03   2.5639711e-01   3.0279059e+00  -1.9725706e-03  -5.3488723e-04   1.8603390e-04
  -8.5410521e-03   2.5065932e-01   3.0355150e+00  -2.2368050e-03  -3.0163608e-04   3.3677384e-04
  -1.0297783e-02   2.4990330e-01   2.9862885e+00  -2.3299555e-03   4.6703252e-04   6.8947542e-04
   1.5922787e-03   2.0868229e-01   3.0099428e+00  -2.5960173e-03  -1.0697516e-03   1.7131825e-04
   1.2853302e-03   2.2616200e-01   3.0109110e+00  -2.9322774e-03  -6.2460142e-04   6.2512030e-04
  -1.7948881e-02   2.2486725e-01   3.1291658e+00  -2.0459857e-03  -7.5350725e-04   6.8067906e-04
  -9.8897458e-03   2.1798840e-01   3.0958272e+00  -2.8394671e-03  -1.0144030e-03   7.3754419e-04
   7.9259215e-03   2.2587494e-01   3.1151204e+00  -2.3229531e-03  -5.4719580e-04   4.5278480e-04
  -1.2816193e-02   2.1884810e-01   3.1384714e+00  -3.1592396e-03  -9.2958608e-04   5.8873588e-04
  -1.5685527e-03   2.2934689e-01   3.1031172e+00  -3.5371495e-03  -9.4511858e-04   5.1032831e-04
  -2.7945046e-02   2.0873930e-01   3.1716841e+00  -2.6260429e-03  -1.1154227e-03   1.1577720e-03
   1.6030600e-03   2.4236505e-01   3.1355099e+00  -3.4982170e-03  -9.9334558e-04   6.1649976e-04
  -1.3284655e-02   2.2938398e-01   3.1309293e+00  -3.5260048e-03  -1.0102961e-03   8.0073501e-04
   3.9504663e-03   2.3206033e-01   3.1744075e+00  -2.5760498e-03  -6.3649219e-04   3.7898175e-04
  -9.3148679e-03   2.5458915e-01   3.1823351e+00  -3.0494682e-03  -6.8313851e-04   7.7978850e-04
   6.6193305e-03   2.4229068e-01   3.1602717e+00  -3.4371957e-03  -7.8989723e-04   3.1842033e-04
  -1.1576647e-03   2.4706759e-01   3.1711210e+00  -3.1197631e-03  -8.6815204e-04   8.2713660e-04
   1.3484977e-02   2.3522551e-01   3.2041720e+00  -2.8254097e-03  -5.5250103e-04   3.8193720e-04
  -7.1578341e-03   2.1953325e-01   3.1965559e+00  -3.0954620e-03  -7.5775051e-04   6.8591086e-04
   3.0358303e-03   2.4396346e-01   3.2049223e+00  -2.7757626e-03  -6.1586794e-04   6.7395903e-04
   2.5338351e-03   2.5306804e-01   3.1899338e+00  -3.5559408e-03  -5.8488865e-04   5.1629355e-04
   1.3919109e-03   2.3750331e-01   3.2221431e+00  -2.6939488e-03  -3.5221098e-04   7.0401424e-04
  -2.7828108e-02   2.0029635e-01   3.2784910e+00  -2.4710391e-03  -9.6492748e-04   1.2882660e-03
   1.6241758e-02   2.7608674e-01   3.2613829e+00  -6.4828645e-04   4.7884290e-04   4.7438616e-05
   1.8998367e-02   2.1917694e-01   3.2691932e+00  -1.6076246e-03  -9.2783556e-04   4.4804139e-04
   1.1050376e-02   2.2016073e-01   3.2839522e+00  -1.7024502e-03  -1.0105085e-03   2.3806633e-04
   7.3872464e-04   2.1141013e-01   3.2877966e+00  -1.2714693e-03  -6.8689620e-04   7.4575310e-04
  -7.6225362e-03   2.4885843e-01   3.2857820e+00  -2.1107988e-03  -8.1900814e-04   7.1063729e-04
  -5.3203434e-03   2.4304357e-01   3.2724984e+00  -2.3907885e-03  -5.6034747e-04   7.8311380e-04
  -4.4837227e-03   2.6815743e-01   3.3063338e+00  -1.7207548e-03  -4.2131128e-04   8.5273306e-04
  -1.3514638e-03   2.4831916e-01   3.3125738e+00  -2.8482380e-03  -7.9773164e-04   8.8105820e-04
  -1.1550317e-02   2.3169904e-01   3.3182428e+00  -2.4683081e-03  -7.4988605e-04   6.8587301e-04
  -8.7686590e-03   2.4225788e-01   3.3778298e+00  -1.7659887e-03  -6.3251607e-04   7.7292305e-04
  -2.1078893e-02   2.4559936e-01   3.3599208e+00  -2.6355689e-03  -1.4364503e-03   1.1041976e-03
   4.9394891e-03   2.4217142e-01   3.3713555e+00  -2.2031702e-03  -7.0987618e-04   8.3692732e-04
  -1.3184679e-02   2.6166692e-01   3.3559551e+00  -2.8444702e-03  -1.1543327e-03   6.3693540e-04
  -1.6647877e-02   2.5220899e-01   3.3831375e+00  -2.3187361e-03  -7.4121972e-04   1.3253436e-03
  -3.7014918e-03   2.3667723e-01   3.3876440e+00  -3.0147069e-03  -1.0520669e-03   7.3139702e-04
   3.2423392e-03   2.4707503e-01   3.3888183e+00  -2.7568071e-03  -7.1858102e-04   8.0826792e-04
  -5.5719832e-02   9.2790609e-02   3.4063357e+00  -2.6035805e-03  -1.2961578e-03   1.6847895e-03
   2.2165434e-03   2.4078691e-01   3.4403993e+00  -2.4525210e-03  -8.0067560e-04   6.3686761e-04
  -1.8646108e-03   2.5932966e-01   3.4404120e+00  -2.5437219e-03  -1.1528716e-03   9.4963474e-04
  -5.5926158e-03   2.3809614e-01   3.4401303e+00  -2.5900747e-03  -1.0883858e-03   1.1445751e-03
   8.9728557e-03   2.5595323e-01   3.4683549e+00  -2.6864638e-03  -1.0890269e-03   3.0654303e-04
   8.8836022e-03   2.7280070e-01   3.4599382e+00  -2.7586887e-03  -1.0681469e-03   4.6446024e-04
   3.5643849e-03   2.4852770e-01   3.4959120e+00  -2.1291733e-03  -7.9417680e-04   8.6053780e-04
  -1.3596161e-02   2.6698875e-01   3.5224030e+00  -2.5007489e-03  -1.1332405e-03   9.7924832e-04
   6.8952911e-03   2.7187741e-01   3.5057402e+00  -2.6179756e-03  -1.4906599e-03   5.5236411e-04
  -1.0316311e-02   2.6986195e-01   3.5442576e+00  -2.6657427e-03  -8.7896965e-04   1.2601935e-03
  -1.0742624e-02   2.4983715e-01   3.5330920e+00  -3.0599981e-03  -9.3232637e-04   1.2584000e-03
   1.5150095e-02   2.5254997e-01   3.5531100e+00  -2.7088117e-03  -4.5220033e-04   7.0274647e-04
  -1.0561466e-02   2.7452538e-01   3.5972789e+00  -2.3925273e-03  -7.4456391e-04   8.4443705e-04
   4.1193277e-03   2.7927422e-01   3.5639308e+00  -3.1233786e-03  -1.2185730e-03   7.2432491e-04
   7.1197912e-03   2.6760621e-01   3.6099277e+00  -2.5362791e-03  -1.0765146e-03   4.0746304e-04
  -6.4962521e-03   2.7570202e-01   3.5963214e+00  -2.8670947e-03  -1.1357142e-03   9.4063280e-04
   7.6722461e-03   3.0851956e-01   3.5861279e+00  -3.2931406e-03  -1.1241990e-03   9.4393945e-04
   5.3064794e-03   2.6866949e-01   3.6101508e+00  -3.1413536e-03  -1.1255933e-03   7.2760998e-04
   1.3202708e-03   2.6352817e-01   3.6216266e+00  -2.8294164e-03  -1.4537644e-03   7.7525314e-04
  -1.0991994e-02   2.6487104e-01   3.6954566e+00  -1.6343094e-03  -1.1347109e-03   1.0419747e-03
   1.4348567e-02   2.7321184e-01   3.6703188e+00  -2.5286664e-03  -1.1464240e-03   6.1929054e-04
   1.9378038e-02   2.6634756e-01   3.6595811e+00  -3.0743582e-03  -7.2851385e-04   9.3794628e-04
  -2.9961325e-03   2.7064997e-01   3.6682066e+00  -2.7480813e-03  -1.0118418e-03   1.0204103e-03
   1.0976832e-02   2.7492552e-01   3.6860180e+00  -2.3342716e-03  -1.0374586e-03   5.1964527e-04
   1.3276159e-02   2.7020406e-01   3.6743437e+00  -3.0250206e-03  -8.0557662e-04   9.1984638e-04
  -9.0891736e-03   2.5631273e-01   3.6689204e+00  -3.0942859e-03  -8.7442358e-04   1.3830096e-03
   1.0564936e-02   2.6129219e-01   3.6941941e+00  -3.0877444e-03  -1.1788340e-03   7.0970823e-04
  -1.0415205e-02   2.5645565e-01   3.6966515e+00  -3.9038089e-03  -1.5226263e-03   1.1739740e-03
   1.9292711e-03   2.7539977e-01   3.7415626e+00  -3.1421360e-03  -1.1341553e-03   8.2501927e-04
   2.4411586e-02   2.8382463e-01   3.7351620e+00  -3.6736240e-03  -1.1586700e-03   5.3762085e-04
   3.6584556e-03   2.9099235e-01   3.7278281e+00  -3.7533446e-03  -1.0589524e-03   7.8989296e-04
   9.3552759e-03   2.7702084e-01   3.7524193e+00  -3.2641443e-03  -1.0178918e-03   9.9510355e-04
   1.2317184e-02   2.7582442e-01   3.8193118e+00  -2.4980737e-03  -1.0247533e-03   4.8886247e-04
  -7.4209283e-03   2.7319528e-01   3.8298227e+00  -2.5780280e-03  -1.0576293e-03   1.0608507e-03
   1.1885151e-02   2.6974259e-01   3.8298301e+00  -2.3451522e-03  -7.6499954e-04   9.6558389e-04
   7.1233252e-03   2.5654939e-01   3.8248054e+00  -2.6019176e-03  -1.2625759e-03   6.4536068e-04
   1.9273784e-02   3.0059192e-01   3.8400220e+00  -3.1233023e-03  -7.3263317e-04   2.2656599e-04
   3.8326357e-03   2.6487955e-01   3.8608607e+00  -1.4869990e-03  -9.1354081e-04   7.1655174e-04
   9.3379669e-04   2.4960435e-01   3.8106574e+00  -2.8595900e-03  -5.3128043e-04   1.1330399e-03
   1.4618751e-02   2.3714882e-01   3.8033603e+00  -3.2204326e-03  -3.4035743e-04   1.0685125e-03
   1.0958363e-02   2.3602092e-01   3.8240088e+00  -3.3643346e-03  -6.6588014e-04   8.6544458e-04
   4.0769494e-02   2.7320930e-01   3.8417873e+00  -2.8645894e-03  -4.0108915e-04   3.8259111e-04
   2.3509574e-02   2.7794363e-01   3.8713653e+00  -2.4877704e-03  -7.9189265e-04   7.0466402e-04
   1.4493767e-02   2.9050468e-01   3.8749263e+00  -2.7806080e-03   2.7220087e-04   1.2150272e-03
   1.4522875e-02   2.8128024e-01   3.8873581e+00  -3.6026528e-03  -1.0167880e-03   7.7279914e-04
   8.2977939e-03   2.5150044e-01   3.8906815e+00  -3.2900995e-03  -8.9228477e-04   8.7994632e-04
   8.0483791e-03   2.5164197e-01   3.9660003e+00  -2.1493405e-03  -1.0790265e-03   7.5100488e-04
   1.3440364e-02   2.7565450e-01   3.9682056e+00  -3.3571654e-03  -1.0773763e-03   9.4956575e-04
   2.5524339e-03   2.8236973e-01   3.9437469e+00  -3.6954446e-03  -1.2607925e-03   1.1241451e-03
  -2.2955155e-03   2.9322403e-01   3.9529320e+00  -3.3939145e-03  -1.4406862e-03   1.1074917e-03
   9.3783263e-03   2.9161046e-01   3.9425509e+00  -3.7865838e-03  -1.3232422e-03   6.5983646e-04
   1.0613129e-02   2.5966955e-01   3.9680103e+00  -3.3675832e-03  -1.4974031e-03   8.8424875e-04
  -2.6232401e-03   2.6843855e-01   4.0147893e+00  -2.1342061e-03  -5.1660916e-04   1.2880703e-03
   1.7993180e-02   2.4361943e-01   3.9782112e+00  -3.3442563e-03  -1.0048048e-03   8.9817381e-04
   2.1464073e-02   2.5728424e-01   3.9941189e+00  -2.8830943e-03  -8.6019765e-04   8.5483700e-04
   2.8994891e-02   2.8929767e-01   4.0048597e+00  -3.1584239e-03  -8.1354981e-04   5.5723079e-04
   1.8105025e-02   2.9103069e-01   4.0279045e+00  -3.5306416e-03  -1.1159098e-03   9.8799788e-04
   1.3141137e-02   2.8326179e-01   4.0169489e+00  -3.3911794e-03  -6.7553217e-04   1.0936571e-03
   4.2155942e-02   2.9564730e-01   4.0469010e+00  -3.2936318e-03  -9.9604875e-04   8.8402795e-05
   1.1445920e-02   2.6536021e-01   4.0460548e+00  -3.2869573e-03  -1.1829296e-03   1.0201781e-03
   1.6512307e-02   2.5950611e-01   4.0315487e+00  -3.7884317e-03  -1.0818533e-03   1.1154635e-03
   1.1356026e-02   2.5876384e-01   4.0789761e+00  -3.5138530e-03  -9.6181112e-04   6.9882286e-04
   2.7262591e-02   2.7151575e-01   4.0822596e+00  -3.5495842e-03  -7.8827107e-04   4.7026116e-04
   8.9385953e-03   2.7857550e-01   4.1194258e+00  -2.4385937e-03  -7.9686671e-04   8.5462146e-04
   3.2708822e-02   2.7710817e-01   4.1024481e+00  -3.0800872e-03  -3.5457261e-04   7.7217503e-04
   1.2677129e-03   1.6200551e-01   4.0732604e+00  -3.4885365e-03  -4.6684876e-04   1.0265440e-03
   6.1557373e-02   2.8216365e-01   4.1246902e+00  -2.7557796e-03  -7.0792350e-04  -1.7007483e-04
   3.1223509e-02   2.9393803e-01   4.2024866e+00  -1.2570822e-03  -1.8385607e-04   7.5263953e-04
   9.5857327e-03   2.8606697e-01   4.1618972e+00  -4.0617633e-03  -8.3804132e-04   8.2090042e-04
   5.8658801e-02   2.9066087e-01   4.1543050e+00  -3.5158046e-03  -5.6347020e-04  -2.8968919e-05
   5.0726622e-02   2.9097867e-01   4.1751200e+00  -2.8085477e-03  -3.7822655e-04   3.6885369e-04
   2.1622100e-02   2.7100364e-01   4.2493704e+00  -2.9838435e-03  -7.0840303e-04   8.0873413e-04
   4.3344626e-02   2.9027308e-01   4.1864627e+00  -3.7706298e-03  -7.2875959e-04   4.1587460e-04
   2.2821165e-02   2.7959047e-01   4.2797285e+00  -2.2627227e-03  -2.4937824e-04   8.4697555e-04
   3.0591923e-02   2.6178903e-01   4.2260589e+00  -3.4898174e-03  -6.8423240e-04   5.2514668e-04
   5.2349825e-02   2.8473602e-01   4.2372415e+00  -3.3183776e-03  -6.2971998e-04   3.2719817e-04
   1.0858959e-02   2.6739611e-01   4.2988221e+00  -3.1150968e-03  -1.0379022e-03   1.3265184e-03
   2.8075956e-02   2.8194338e-01   4.2664581e+00  -3.7197726e-03  -8.4326959e-04   8.1512224e-04
   4.9608021e-02   2.8347433e-01   4.2800862e+00  -3.4673437e-03  -6.9010270e-04   3.9184584e-04
   2.6203674e-02   3.0292303e-01   4.3042560e+00  -2.7146546e-03  -9.5148768e-04   7.5994766e-04
   4.4854111e-02   2.9300176e-01   4.2923619e+00  -3.8487213e-03  -8.2776446e-04   5.6886998e-04
   2.9014866e-02   3.0080823e-01   4.3064033e+00  -3.1737284e-03  -1.2430309e-04   1.0195751e-03
   4.6525104e-02   2.9005253e-01   4.2795303e+00  -3.9508229e-03  -6.9352476e-04   5.4593397e-04
   6.2166261e-02   2.9535811e-01   4.3234590e+00  -3.0583447e-03  -8.0481823e-04  -4.7194733e-05
   3.7583705e-02   2.8676865e-01   4.3159815e+00  -2.4549012e-03  -7.7470795e-04   4.1441293e-04
   4.6915727e-02   2.6095521e-01   4.3121834e+00  -3.5249167e-03  -1.1041336e-03   5.2524219e-04
   4.5439690e-02   2.7324671e-01   4.3386271e+00  -2.7518846e-03  -1.0347936e-03   3.3916937e-04
   4.9707701e-03   2.7650967e-01   4.4675329e+00  -2.9340482e-03  -1.0399743e-03   1.4898524e-03
   2.9660937e-02   2.6105174e-01   4.4121156e+00  -2.9614879e-03  -1.3112140e-03   1.0267533e-03
   1.9636377e-02   2.8605447e-01   4.3903024e+00  -3.4861407e-03  -8.4342778e-04   1.2210032e-03
   7.4730526e-03   2.3393527e-01   4.4246509e+00  -2.4418214e-03  -1.3240273e-03   7.1756019e-04
   5.6848489e-03   2.7798434e-01   4.3835659e+00  -3.7924186e-03  -1.4156191e-03   1.1163256e-03
   4.0754043e-02   2.8232379e-01   4.3823430e+00  -3.8962999e-03  -1.2927430e-03   3.7422074e-04
   3.0349464e-02   2.8886821e-01   4.4241941e+00  -3.2488816e-03  -9.7903500e-04   9.4103493e-04
   3.6904046e-02   2.7968258e-01   4.4413989e+00  -2.9424051e-03  -1.1797711e-03   5.1746201e-04
   5.0178538e-02   3.0222175e-01   4.4349020e+00  -3.2370631e-03  -1.0308356e-03   6.1966024e-04
  -2.0105113e-02   2.7230307e-01   4.3165661e+00  -4.2004998e-03  -1.3835178e-03   1.2254534e-03
   4.4033555e-02   2.9124852e-01   4.4395791e+00  -2.1184673e-03  -1.2028788e-03   5.6073958e-04
   3.0962627e-02   2.8217981e-01   4.4484017e+00  -3.8267709e-03  -1.2322960e-03   5.2858373e-04
   3.8850768e-02   2.8697455e-01   4.4640146e+00  -3.2319443e-03  -1.1098148e-03   5.6426398e-04
   4.7350856e-02   3.1627878e-01   4.4987172e+00  -2.3408935e-03  -6.0811265e-04   8.2972763e-04
   2.7466219e-02   2.8111668e-01   4.4951873e+00  -3.2106887e-03  -1.5674168e-03   8.9251290e-04
   4.6755425e-03   2.9634100e-01   4.5515111e+00  -2.4741922e-03  -1.1473513e-03   1.3632752e-03
   3.9444320e-02   2.8999003e-01   4.5528486e+00  -2.8231187e-03  -1.7059905e-03   6.4936039e-04
   3.7819486e-02   2.6944395e-01   4.5195605e+00  -3.7050628e-03  -1.4549959e-03   9.7787659e-04
   2.1028882e-02   2.6027029e-01   4.5691547e+00  -2.8528660e-03  -1.6119666e-03   9.4307471e-04
   3.2459130e-02   2.9464482e-01   4.5728152e+00  -3.2528532e-03  -1.2155464e-03   9.2002362e-04
   8.2114308e-03   2.9706467e-01   4.6047201e+00  -3.7194766e-03  -1.4146624e-03   1.4348739e-03
   1.0762609e-02   2.8865498e-01   4.5890272e+00  -3.8743134e-03  -1.5286000e-03   1.3281607e-03
   1.9463942e-02   2.8340883e-01   4.5811048e+00  -4.1425354e-03  -1.4717264e-03   1.2784192e-03
   3.4979056e-02   2.9616937e-01   4.6137147e+00  -3.7632051e-03  -1.4014987e-03   5.4002688e-04
   3.0224695e-02   3.0046572e-01   4.6300267e+00  -3.0467397e-03  -6.2144513e-04   9.2156229e-04
   2.8007724e-02   3.1077898e-01   4.6369577e+00  -3.1397993e-03  -1.3686914e-03   8.1394458e-04
   4.2798815e-02   3.0130963e-01   4.6791770e+00  -3.0270796e-03  -1.1992097e-03   5.3526226e-04
   2.1707907e-02   2.8662317e-01   4.6875489e+00  -3.3402149e-03  -1.3125242e-03   7.4971701e-04
   1.4066458e-02   2.9535228e-01   4.6787250e+00  -4.0858811e-03  -1.5269736e-03   1.1007382e-03
   2.6017004e-02   3.0097809e-01   4.6878880e+00  -3.4523735e-03  -1.3131182e-03   1.0135866e-03
   2.0226650e-02   2.9498490e-01   4.6908310e+00  -2.9463045e-03  -6.0541688e-05   1.2637101e-03
   3.0647719e-02   2.9921290e-01   4.7012026e+00  -3.5333477e-03  -9.8288836e-04   4.9697472e-04
   4.9997899e-02   2.8252415e-01   4.7160092e+00  -3.3783008e-03  -1.3848012e-03   5.8902978e-04
   3.9902215e-02   3.3297432e-01   4.7210259e+00  -2.9717502e-03  -1.2498350e-03   1.0465833e-03
   4.3217610e-02   3.1563833e-01   4.7631321e+00  -2.6156103e-03  -1.2732908e-03   5.1982316e-04
   3.7741909e-02   2.9762071e-01   4.7234551e+00  -3.1870352e-03  -1.2249844e-03   8.7207206e-04
   4.2637734e-02   2.9571835e-01   4.7343031e+00  -3.0927681e-03  -1.4449911e-03   6.9994639e-04
   3.1873995e-02   3.4592338e-01   4.7852369e+00  -2.9062794e-03  -9.6080211e-04   1.0662737e-03
   2.8221347e-02   3.0069309e-01   4.7437491e+00  -3.4007626e-03  -1.3055670e-03   9.5874454e-04
   2.6353184e-02   3.0047414e-01   4.7738344e+00  -3.0317838e-03  -1.1333911e-03   1.2309808e-03
   2.6428770e-02   2.8741649e-01   4.8250532e+00  -2.9728474e-03  -1.1710179e-03   9.7653718e-04
   1.6993967e-02   2.8558415e-01   4.7815266e+00  -3.6592585e-03  -2.0831437e-03   1.0380628e-03
   2.7506472e-02   2.8856890e-01   4.8657536e+00  -2.8582667e-03  -1.3206013e-03   9.8032806e-04
   2.0248700e-02   2.7817444e-01   4.8209441e+00  -3.4465077e-03  -1.6466312e-03   9.0057192e-04
   3.7720393e-02   2.7555282e-01   4.8295308e+00  -3.5664772e-03  -1.2518871e-03   9.4471836e-04
   6.2541244e-03   2.8932466e-01   4.8482806e+00  -3.5665324e-03  -1.4957783e-03   1.4306912e-03
   2.2530387e-02   2.9488354e-01   4.8485554e+00  -3.8528550e-03  -1.5376808e-03   1.0116281e-03
   2.0357311e-02   2.7496798e-01   4.8524604e+00  -3.7475953e-03  -1.6742110e-03   1.0029477e-03
   1.5358351e-02   3.1208934e-01   4.8633018e+00  -3.7679297e-03  -1.4948752e-03   1.5159135e-03
   2.1134104e-02   2.9593397e-01   4.8780176e+00  -4.2413659e-03  -1.6732977e-03   1.0962134e-03
   3.3618135e-02   2.7977456e-01   4.8854263e+00  -3.6105639e-03  -1.5148332e-03   8.3784905e-04
   3.5144353e-02   3.1803781e-01   4.8882286e+00  -3.6516272e-03  -1.1061959e-03   1.0142138e-03
   2.4753902e-02   2.8897630e-01   4.9420234e+00  -4.1206049e-03  -1.6772119e-03   1.1509925e-03
   4.4362547e-02   3.0515669e-01   4.9107828e+00  -3.6781216e-03  -1.0124216e-03   6.5502096e-04
   5.4286916e-02   2.9626253e-01   4.9135835e+00  -4.1228992e-03  -1.4680189e-03   5.0772274e-04
   3.0486236e-02   2.9931793e-01   4.9290437e+00  -3.4241835e-03  -1.4560333e-03   1.1610942e-03
   3.1844011e-02   3.0609204e-01   5.0254444e+00  -2.7779793e-03  -1.2278132e-03   9.2023061e-04
   3.5820265e-02   2.9508070e-01   4.9509581e+00  -4.3245301e-03  -2.0145517e-03   7.0277195e-04
   2.1084379e-02   3.0378795e-01   4.9618094e+00  -3.9468754e-03  -1.7504971e-03   1.0305045e-03
   5.0869357e-02   3.1932176e-01   5.0348022e+00  -2.5715791e-03  -1.5011866e-03   5.0706118e-04
   3.0495226e-02   2.8776732e-01   5.0303550e+00  -3.4386044e-03  -1.9508737e-03   6.3090527e-04
   4.4382486e-02   3.1410865e-01   4.9991201e+00  -3.6846487e-03  -1.4659765e-03   6.6788702e-04
   3.1569190e-02   3.0554918e-01   5.0533986e+00  -3.0496880e-03  -1.3640875e-03   6.7017313e-04
   2.9358882e-02   3.2388014e-01   5.0384883e+00  -3.5223009e-03  -1.3645849e-03   1.0589108e-03
   2.5624685e-02   3.2112448e-01   5.0157240e+00  -3.7297640e-03  -1.5082579e-03   8.7655177e-04
   4.1693282e-02   3.4462965e-01   5.0148942e+00  -3.8889205e-03  -1.4977902e-03   1.0132379e-03
   4.0908514e-02   3.1157135e-01   5.0459921e+00  -3.7695611e-03  -1.1708255e-03   1.0082749e-03
   6.1103138e-02   3.4084626e-01   5.0269098e+00  -3.9811057e-03  -1.2806081e-03   3.3385216e-04
   3.0936144e-02   3.0263194e-01   5.0575443e+00  -4.0548756e-03  -1.5370265e-03   1.0059307e-03
   5.9500347e-02   3.1596683e-01   5.0617830e+00  -3.5525102e-03  -1.4348299e-03   4.3807219e-04
   5.3063981e-02   3.0262391e-01   5.1420478e+00  -2.9855886e-03  -1.3209681e-03   6.1544213e-04
   5.6962003e-02   3.1311023e-01   5.1002742e+00  -3.6624935e-03  -1.0086713e-03   6.0097994e-04
   4.2181714e-02   3.1277565e-01   5.0920999e+00  -3.5131279e-03  -1.2188137e-03   6.3195080e-04
   3.4821702e-02   3.2106764e-01   5.1251897e+00  -3.5841072e-03  -1.4008279e-03   8.3980165e-04
   4.7093375e-02   3.3531551e-01   5.1179628e+00  -3.4223835e-03  -1.0582810e-03   9.0847540e-04
   5.7612285e-02   3.3325888e-01   5.1390530e+00  -3.0007641e-03  -1.1172842e-03   6.5658485e-04
   4.1934116e-02   2.8490608e-01   5.1226465e+00  -4.0514122e-03  -1.6718458e-03   7.4426198e-04
   3.6816416e-02   3.0779727e-01   5.1110236e+00  -3.9683183e-03  -2.0518909e-03   8.2567028e-04
   1.8264566e-02   2.9486394e-01   5.1679124e+00  -3.3042276e-03  -1.2091717e-03   1.2618774e-03
   5.0859908e-02   3.0739439e-01   5.1736624e+00  -3.0598979e-03  -1.2924388e-03   6.0477813e-04
   4.0194404e-02   3.2614125e-01   5.1566551e+00  -3.3961919e-03  -1.3430427e-03   9.3162163e-04
   5.2506191e-02   3.2308633e-01   5.2132559e+00  -3.2111137e-03  -1.4106567e-03   4.6153929e-04
   6.0722057e-02   3.3069138e-01   5.1712222e+00  -4.0573912e-03  -1.0982474e-03   6.5870488e-04
   4.8281807e-02   3.2710898e-01   5.2169515e+00  -3.0650148e-03  -8.3959610e-04   9.8462852e-04
   5.0708000e-02   3.2276019e-01   5.2096347e+00  -3.8290758e-03  -1.3351717e-03   7.5243335e-04
   6.5488273e-02   3.2173652e-01   5.1982514e+00  -4.0075186e-03  -1.1841118e-03   6.8428950e-04
   6.5528088e-02   3.1745155e-01   5.2246893e+00  -3.4856581e-03  -1.1266469e-03   4.1039639e-04
   4.6232073e-02   3.2780890e-01   5.2968115e+00  -2.7874393e-03  -1.3869467e-03   9.2239510e-04
   3.7430527e-02   3.1734746e-01   5.2455537e+00  -3.9925212e-03  -1.9950208e-03   7.6261311e-04
   3.2604699e-02   3.0591734e-01   5.2865650e+00  -4.2813620e-03  -1.6440351e-03   9.3026053e-04
   3.9213778e-02   3.0898423e-01   5.2663017e+00  -3.5048765e-03  -1.1145343e-03   1.0047783e-03
   1.0120821e-02   3.3188433e-01   5.3021387e+00  -3.5048797e-03  -1.6305773e-03   1.2253334e-03
   5.5447548e-02   3.5259541e-01   5.2635526e+00  -4.0620213e-03  -1.4594298e-03   1.4137015e-03
   6.7717960e-02   2.9926962e-01   5.2855449e+00  -3.8650191e-03  -1.3135212e-03   5.3960634e-04
   6.4498305e-02   3.3277682e-01   5.2882078e+00  -3.7323925e-03  -1.1295260e-03   4.4482612e-04
   6.5701542e-02   3.1189077e-01   5.3295494e+00  -3.0639146e-03  -7.9632254e-04   7.8098210e-04
  -7.6015790e-03   3.2234245e-01   5.3012082e+00  -3.5200070e-03  -3.1423654e-03   1.4476712e-03
   2.7474398e-02   2.8328329e-01   5.2682855e+00  -5.5105681e-03  -3.6170370e-03   8.1153342e-04
   3.6813471e-02   2.9593665e-01   5.3262106e+00  -3.5239073e-03  -2.7454912e-03   8.9832992e-04
   2.5540869e-02   2.9651905e-01   5.3032306e+00  -3.9870684e-03  -1.0180091e-03   1.8358176e-03
   5.7145142e-02   3.2902722e-01   5.3829842e+00  -3.0415060e-03  -1.9253038e-03   3.1774312e-04
   4.4232071e-02   3.2447288e-01   5.3804464e+00  -3.6444564e-03  -2.0799764e-03   9.2364556e-04
   4.9877199e-02   3.4148154e-01   5.4085935e+00  -3.1332848e-03  -1.4080267e-03   8.8706861e-04
   4.9609208e-02   3.3964155e-01   5.4449481e+00  -2.5632970e-03  -1.8429637e-03   7.6719406e-04
   1.3236164e-02   3.3639866e-01   5.4157664e+00  -4.8298333e-03  -2.6856741e-03   1.3279121e-03
   2.2409002e-02   3.3439851e-01   5.4035616e+00  -4.7245752e-03  -2.1019608e-03   9.0033888e-04
   1.4270363e-02   3.3367770e-01   5.5032981e+00  -3.9142037e-03  -2.2995768e-03   1.5351403e-03
   2.7640682e-02   3.0789442e-01   5.4307111e+00  -4.8115007e-03  -2.3984205e-03   9.8318543e-04
   1.9146532e-02   3.4324407e-01   5.5190831e+00  -3.1091224e-03  -1.5626686e-03   1.2638944e-03
   4.0040485e-02   3.2012148e-01   5.4753270e+00  -3.6901050e-03  -1.7549147e-03   1.0499796e-03
   4.6448003e-02   3.1395230e-01   5.5278877e+00  -3.1679056e-03  -2.2232779e-03   3.8482046e-04
   5.2235242e-02   3.4129255e-01   5.5123566e+00  -3.3394656e-03  -1.4987709e-03   5.9025940e-04
   5.1680846e-02   3.3659762e-01   5.5286552e+00  -3.1271147e-03  -1.4550256e-03   7.5960062e-04
   3.7942438e-02   3.1311924e-01   5.5622747e+00  -3.6437216e-03  -1.9246148e-03   6.8370704e-04
   5.4852699e-02   3.2997767e-01   5.5191555e+00  -3.9445140e-03  -1.4543906e-03   7.4777032e-04
   4.3014344e-02   3.3560400e-01   5.5333310e+00  -3.3971746e-03  -1.6993450e-03   8.1050972e-04
   3.6421832e-02   3.2435874e-01   5.5785577e+00  -3.0659397e-03  -1.7425712e-03   1.1068416e-03
   4.8232579e-02   3.3568100e-01   5.5307374e+00  -3.4431887e-03  -1.2845318e-03   1.2660296e-03
   3.8689732e-02   3.2498843e-01   5.5948829e+00  -2.6350108e-03  -1.4714789e-03   1.1211359e-03
   4.2858000e-02   3.3862758e-01   5.5926415e+00  -3.4338544e-03  -1.8164326e-03   9.7087531e-04
   4.5214565e-02   3.2275284e-01   5.6252370e+00  -2.9678899e-03  -1.4692025e-03   8.5894936e-04
   5.8828239e-02   3.4126157e-01   5.5869389e+00  -3.8474238e-03  -1.5000216e-03   6.9468195e-04
   6.2112594e-02   3.4196203e-01   5.6112747e+00  -3.4401565e-03  -1.1409083e-03   4.3750399e-04
   5.6167414e-02   3.4627324e-01   5.6772122e+00  -2.7668726e-03  -1.2178552e-03   4.4051561e-04
   6.6083787e-02   3.5265846e-01   5.6587348e+00  -3.6685902e-03  -1.5105410e-03   6.5430236e-04
   6.3154338e-02   3.5429389e-01   5.6504902e+00  -3.5376681e-03  -1.2044686e-03   6.4462529e-04
   5.2183768e-02   3.6203736e-01   5.6693506e+00  -3.1118644e-03  -1.6554422e-03   6.2316734e-04
   6.0079607e-02   3.2948072e-01   5.6597427e+00  -3.7298822e-03  -1.4849734e-03   5.6273084e-04
   6.9519221e-02   3.4242528e-01   5.7001261e+00  -2.7213541e-03  -1.0183832e-03   4.2612250e-04
   4.3557067e-02   3.3542176e-01   5.6792563e+00  -4.0043451e-03  -1.7734602e-03   7.0586439e-04
   7.3818038e-02   3.4549194e-01   5.6867496e+00  -3.9730411e-03  -1.1658457e-03   3.6979648e-04
   5.8239837e-02   3.3917474e-01   5.6753313e+00  -3.8712315e-03  -2.0508946e-03   1.9879926e-04
   7.0424351e-02   3.3885579e-01   5.7760044e+00  -3.0102407e-03  -1.1156080e-03   5.8366366e-04
   6.3036494e-02   3.5408014e-01   5.7104219e+00  -3.8312789e-03  -1.1084058e-03   7.5260758e-04
   6.0563691e-02   3.3365228e-01   5.7283365e+00  -3.3081985e-03  -1.4541294e-03   4.8461673e-04
   3.8589569e-02   3.5650565e-01   5.7427426e+00  -4.0478768e-03  -1.9721449e-03   1.1279594e-03
   7.6401499e-02   3.4760506e-01   5.7331603e+00  -3.9644036e-03  -1.3654925e-03   3.3981538e-04
   6.5856523e-02   3.3571459e-01   5.7665178e+00  -3.4122139e-03  -1.1195117e-03   7.8674825e-04
   9.2842850e-02   3.5230714e-01   5.8131325e+00  -2.0813837e-03  -4.1913662e-04   7.5834802e-05
   4.3253035e-02   3.4845305e-01   5.7888816e+00  -3.9635392e-03  -1.2449757e-03   1.2743915e-03
   7.9958928e-02   3.3040482e-01   5.7519585e+00  -4.4947483e-03  -1.0580455e-03   4.5589339e-04
   4.3210278e-02   3.3479204e-01   5.7923700e+00  -4.3131409e-03  -1.4720878e-03   1.1588598e-03
   4.9046004e-02   3.4730836e-01   5.8578240e+00  -3.1567018e-03  -1.6034389e-03   1.0422425e-03
   6.3707438e-02   3.3135406e-01   5.7898839e+00  -3.8292784e-03  -1.5258788e-03   7.5587495e-04
   5.3177136e-02   3.2628339e-01   5.8239469e+00  -4.0645920e-03  -1.7297194e-03   9.1122505e-04
   5.8551175e-02   3.2558438e-01   5.8221923e+00  -3.5636059e-03  -1.7059486e-03   4.6704312e-04
   7.4014024e-02   3.5703194e-01   5.8422095e+00  -3.6683150e-03  -1.1911276e-03   6.9852238e-04
   5.9801217e-02   3.4633639e-01   5.8764564e+00  -3.0018381e-03  -1.5592531e-03   8.8167171e-04
   4.2382769e-02   3.3028615e-01   5.8415107e+00  -4.1951316e-03  -1.7017270e-03   1.2068460e-03
   6.1709169e-02   3.2441156e-01   5.8573741e+00  -3.6797350e-03  -1.5468763e-03   5.4096438e-04
   4.7649880e-02   3.4944042e-01   5.9003919e+00  -3.2701636e-03  -1.4601226e-03   9.2025218e-04
   5.9061944e-02   3.4583851e-01   5.8638877e+00  -4.0904804e-03  -1.0928588e-03   1.0963333e-03
   8.1572413e-02   3.4541459e-01   5.9274011e+00  -3.4354819e-03  -1.1503006e-03   3.3821599e-04
   6.8785439e-02   3.4594430e-01   5.8883582e+00  -4.2535782e-03  -1.4869390e-03   6.1774389e-04
   5.7876581e-02   3.3360926e-01   5.8322836e+00  -2.8474058e-03  -7.1643374e-04   6.4063269e-04
   7.4460697e-02   3.3591125e-01   5.8365473e+00  -3.7003903e-03  -1.1902385e-03   9.1206295e-04
   8.3571012e-02   3.0948886e-01   5.8588701e+00  -3.4433286e-03  -6.7884504e-04   6.8412916e-04
   7.2843968e-02   3.4952386e-01   5.8797285e+00  -3.2270191e-03  -1.2292427e-03   6.8477535e-04
   4.6090233e-02   3.6723224e-01   5.9330492e+00  -3.1847037e-03  -1.2707370e-03   1.0481284e-03
   7.8888761e-02   3.4223257e-01   5.9378133e+00  -3.6054291e-03  -1.3863464e-03   6.8476862e-04
   8.1578032e-02   3.3127079e-01   5.9392669e+00  -3.6280957e-03  -1.6831301e-03   2.3485486e-04
   5.5056438e-02   3.3710511e-01   6.0030835e+00  -3.3248303e-03  -1.7288796e-03   1.2018130e-03
   6.3898475e-02   3.4877338e-01   6.0402327e+00  -3.3024166e-03  -1.9134241e-03   6.0978224e-04
   6.0124007e-02   3.3651218e-01   5.9537472e+00  -4.5115100e-03  -1.6503822e-03   7.4955498e-04
   5.0890803e-02   3.4230937e-01   5.9911360e+00  -3.9015594e-03  -1.6005993e-03   1.1764960e-03
   6.3832556e-02   3.7084464e-01   6.0881800e+00  -2.2617759e-03  -1.2029995e-03   1.1195333e-03
   6.3288885e-02   3.4574793e-01   6.0219199e+00  -3.8790950e-03  -1.5001250e-03   9.9101706e-04
   6.6905951e-02   3.3156915e-01   6.0092467e+00  -4.0823864e-03  -1.7347002e-03   8.3006064e-04
   4.5308036e-02   3.2054186e-01   6.0860073e+00  -3.6723585e-03  -2.2661894e-03   7.9456217e-04
   6.6194452e-02   3.4392470e-01   6.0521577e+00  -3.2264067e-03  -1.3603824e-03   1.0697066e-03
   7.7803716e-02   3.2143531e-01   6.0436574e+00  -3.6407160e-03  -1.6750286e-03   7.6065340e-04
   5.1837032e-02   3.5749958e-01   6.1458641e+00  -2.3075499e-03  -2.0834371e-03   1.1124637e-03
   7.0679055e-02   3.3527259e-01   6.0733393e+00  -3.3757450e-03  -1.3382542e-03   9.5300708e-04
   9.5218091e-02   3.3477329e-01   6.0924005e+00  -3.1438454e-03  -1.5056404e-03   3.9108724e-04
   7.4091042e-02   3.2216322e-01   6.1072916e+00  -3.1104412e-03  -1.2684934e-03   7.7692512e-04
   6.1759422e-02   3.6642872e-01   6.1587549e+00  -3.3477023e-03  -1.8181384e-03   6.8174980e-04
   6.7479233e-02   3.5588839e-01   6.0973974e+00  -4.2593299e-03  -1.5908327e-03   5.6290993e-04
   3.8135485e-02   3.5040240e-01   6.1805270e+00  -2.8541890e-03  -1.3385626e-03   1.4844485e-03
   7.3249076e-02   3.3544605e-01   6.1487661e+00  -3.2432053e-03  -1.7017230e-03   6.6513339e-04
   7.4591137e-02   3.4244431e-01   6.1931974e+00  -2.9651993e-03  -1.6543781e-03   5.0811850e-04
   4.9269268e-02   3.4713919e-01   6.1418018e+00  -4.0374649e-03  -1.7881055e-03   4.4008597e-04
   8.5387515e-02   3.4754576e-01   6.1729213e+00  -3.4623249e-03  -1.2101339e-03   3.8895295e-04
   8.4144581e-02   3.2740951e-01   6.1823778e+00  -3.5851088e-03  -1.2150353e-03   5.1349115e-04
   6.5547831e-02   3.4196299e-01   6.1913784e+00  -3.1968369e-03  -1.3795686e-03   9.8802794e-04
   7.0140538e-02   3.7886592e-01   6.2426747e+00  -2.8997615e-03  -1.4062658e-03   6.2597734e-04
   8.7960385e-02   3.6583701e-01   6.2154651e+00  -4.0119667e-03  -1.4599918e-03   5.3581845e-04
   8.8395574e-02   3.3456250e-01   6.2040441e+00  -3.7830052e-03  -1.3593989e-03   7.4671827e-04
  -2.7847347e-02   3.5651063e-01   5.8885931e+00  -3.2648087e-03  -2.5647712e-03   2.3119379e-03
   1.5231172e-01   3.4336360e-01   6.0238025e+00   1.3938963e-02   3.6743572e-03  -1.2322638e-03
   1.0088398e-01   3.2394745e-01   5.9669307e+00   3.5446704e-03   8.0004510e-04  -3.1217787e-05
   9.9785813e-02   3.4271440e-01   5.9930623e+00   2.9410862e-03   3.8686242e-04   4.8545715e-05
   1.0467068e-01   3.6475953e-01   6.0427014e+00   2.8502697e-03   8.4352127e-04  -1.4451347e-04
   1.0204238e-01   3.6157219e-01   6.0642688e+00   3.2810703e-03   5.3469781e-04   1.0774942e-04
   9.9708664e-02   3.4678580e-01   6.1224785e+00   4.2138527e-03   4.9439014e-05  -2.3952739e-04
   8.0369821e-02   3.3208301e-01   6.0985956e+00   4.4773554e-03   5.1463802e-04   4.1835437e-04
   1.2303810e-01   3.5148838e-01   6.1424482e+00   4.6215443e-03   1.1435681e-03  -5.1520128e-04
   9.9787667e-02   3.6736091e-01   6.1781353e+00   4.5251081e-03   3.3104692e-04   1.2399328e-04
