   0.0000000e+00   0.0000000e+00   0.0000000e+00   0.0000000e+00   0.0000000e+00   0.0000000e+00
  -7.9692739e-03   3.0252349e-02   2.3366029e-02   1.0913825e-03   4.9469269e-04   2.1986886e-04
  -1.0106889e-02   1.2709250e-02  -3.2114585e-02   1.1244228e-03   5.4986347e-04   2.0700054e-05
  -2.0268870e-02  -1.6681609e-02  -7.1317158e-03   7.8079225e-04   9.0258820e-04   4.4966393e-04
  -1.3943907e-02   1.9279370e-03   1.7157494e-02   1.6808397e-03   9.8831579e-04   3.3699721e-04
   1.0622145e-02   1.2372563e-02  -4.3808039e-02   2.3677712e-03   1.2483894e-03  -5.3617998e-04
   1.3843371e-02   6.6134352e-02  -1.2780948e-01   2.8969862e-03   2.4087583e-03  -1.3370674e-03
   8.6752660e-03   3.7663631e-03  -1.0781397e-01   3.1096449e-03   2.2002815e-03  -8.1622321e-04
   2.7888584e-02   1.9480110e-02  -4.7388010e-02   2.7935798e-03   2.6243557e-03  -6.0118157e-04
   5.4886286e-03   4.2963433e-02  -7.0455934e-02   1.3936355e-03   1.7401773e-03  -2.6713418e-04
  -6.3553561e-03   2.2224849e-02  -5.7482031e-02   8.1457297e-04   1.0763006e-03  -4.5922633e-04
   7.2903958e-03   1.2179384e-02  -5.6699443e-02   1.3305254e-03   7.7113933e-04  -6.8720433e-04
  -6.1100322e-03  -1.5742369e-02  -6.4445730e-02   1.0368746e-03   3.0241951e-04  -3.3073803e-04
  -2.6456402e-02   3.5245201e-02  -7.3692555e-02   9.6460301e-04   7.4505779e-04   1.3844024e-04
  -9.4157169e-03   4.1499230e-03  -8.3205656e-02   1.2031943e-03   5.5714735e-04  -9.3753317e-05
  -2.1123401e-02  -6.0388943e-03  -7.3133406e-02   1.2387506e-03   5.6505876e-04  -2.9295451e-04
  -4.1631690e-03  -1.8956070e-02  -7.7998861e-02   1.4955642e-03   1.0133407e-03  -2.0371687e-05
  -6.3654498e-03  -1.3322619e-02  -7.8838299e-02   1.2648838e-03   1.8264124e-03  -7.5209362e-05
  -1.2181078e-02  -2.4565322e-02  -9.8436845e-02   1.2348795e-03   1.0897929e-03   1.6743759e-05
  -1.6781387e-02  -3.9525621e-02  -8.8230276e-02   1.6383576e-03   1.0267265e-03  -2.9030751e-04
  -3.8327300e-03  -3.2684562e-02  -1.0696686e-01   8.5282027e-04   1.6394851e-03  -5.3701761e-04
  -1.6785596e-02  -1.8019384e-02  -6.5047422e-02   1.2921546e-03   1.1432208e-03  -3.7000999e-04
  -1.4756795e-02  -1.9734483e-03  -7.0646728e-02   9.0326211e-04   1.0544715e-03  -3.2752535e-04
  -3.6170201e-02  -2.1654438e-02  -9.4092990e-02   7.9921599e-04   1.9249476e-04   4.5870980e-05
  -2.0972588e-02  -1.3312707e-02  -1.0170555e-01   3.3656724e-04   5.7818909e-04   1.4066448e-06
  -3.2134643e-02  -1.8043687e-02  -1.0406652e-01   5.6363493e-04   6.7920519e-04   1.3113984e-04
  -2.6676134e-02  -1.7973829e-02  -8.6556428e-02   1.1360056e-03   1.1633116e-03  -1.1227302e-04
  -1.2183824e-02  -3.0949480e-02  -9.1346303e-02   9.8561308e-04   8.4306617e-04  -3.6724551e-04
  -3.0396228e-02  -2.1438835e-02  -7.7951774e-02   1.3846632e-03   1.0442904e-03   6.9501834e-05
  -2.9280973e-02  -6.1079178e-02  -1.1322755e-01  -1.0910998e-03   1.5862001e-03  -1.7242399e-04
  -2.5142718e-02  -4.9746218e-02  -9.5268168e-02   9.5814978e-04   1.4460792e-03  -4.6936753e-05
  -2.3732893e-02  -4.5621631e-02  -7.5472297e-02   1.3234054e-03   1.3322689e-03  -2.2548877e-04
  -2.4800624e-02  -2.8647597e-02  -8.3747599e-02   1.0478386e-03   1.3549737e-03  -1.0866409e-04
  -1.6150985e-02  -4.3818864e-02  -1.0309030e-01   2.4968279e-04   1.0959156e-03  -5.6592418e-04
  -3.1591773e-02  -3.4707320e-02  -8.3381246e-02   5.4411773e-04   1.3097768e-03   1.4761561e-04
  -3.3361753e-02  -1.9364537e-02  -7.3674635e-02   1.0720513e-03   1.0541322e-03  -6.4455431e-05
  -2.0302254e-02  -4.2744478e-02  -7.2697614e-02   8.9764447e-04   8.1887150e-04  -4.9245758e-04
  -1.8728526e-02  -4.6065879e-02  -9.1543324e-02   7.5414786e-04   1.4315917e-03   1.6125673e-04
  -4.3386155e-02  -3.7132478e-02  -1.2084142e-01   3.4884331e-04   1.1925744e-03   1.3726441e-04
  -1.6255077e-03   1.3672179e-01  -1.5726637e-01  -1.3262527e-03   1.6216859e-03  -1.4577890e-03
  -1.5922888e-02  -5.8845493e-02  -9.8658942e-02   4.2933501e-04   1.1399212e-03   3.7708908e-05
  -3.0472747e-02  -2.1928169e-02  -6.1774288e-02   8.4170457e-04   1.0170759e-03  -2.4179717e-04
  -2.6991040e-02  -3.3598300e-02  -6.2424028e-02   5.0174212e-04   1.4927271e-03   2.7975551e-04
  -3.4945323e-02  -3.8750933e-02  -7.5773328e-02   1.6884331e-04   1.0493206e-03  -1.8565536e-04
  -5.3836157e-02  -4.8491805e-02  -3.0787747e-02   1.2348011e-03   8.9842280e-04   5.0008873e-04
  -3.9028401e-02  -5.9305986e-02  -5.5375783e-02   3.7173362e-04   1.2058049e-03   1.6757997e-04
  -4.5150831e-02  -3.6394737e-02  -4.2322306e-02   7.9698573e-04   1.3372168e-03   1.6512547e-04
  -3.6965056e-02  -5.5892819e-02  -5.2076353e-02   6.2134225e-04   1.5194837e-03   1.0718919e-04
  -4.2756158e-02  -5.4641930e-02  -6.2014561e-02   3.2178904e-04   1.4941698e-03   1.6738292e-04
  -4.0615021e-02  -3.4836317e-02  -3.6664218e-02   1.0449991e-03   1.0619756e-03  -1.1970966e-04
  -6.0904605e-02  -3.1253340e-02  -1.8662572e-02   5.3394385e-04   8.2069698e-04   6.6692704e-04
  -5.8272665e-02  -5.0898992e-02  -3.6985399e-02   1.6703156e-04  -2.7832124e-05   1.7160777e-04
  -5.9307694e-02  -4.1873684e-02  -6.5640342e-03   8.8317508e-04   9.3313116e-04   1.8392308e-04
  -5.3390336e-02  -4.6355879e-02  -4.1040038e-02   1.8718344e-04   5.8289053e-04   4.5988260e-04
  -5.9134226e-02  -3.0001796e-02  -1.7877839e-02  -1.3576618e-06   1.1106277e-03   2.6736822e-04
  -4.7736563e-02  -2.7271225e-02  -3.8781287e-02   5.2828228e-05   8.7636601e-04  -1.4232286e-04
  -6.4051954e-02  -3.4314540e-02  -1.3967572e-02   2.7558276e-04   7.3182817e-04   3.9797340e-04
  -6.5458578e-02  -4.6533179e-02  -6.0887143e-02  -5.1326755e-04   1.1352612e-03   4.1945851e-04
  -6.8312913e-02  -4.4405044e-02  -2.4850339e-02   1.4198587e-04   9.5528476e-04   2.8579918e-04
  -8.2251674e-02  -5.0253939e-02   1.1998279e-02   3.8012002e-04   9.8186428e-04   3.4035755e-04
  -5.9032809e-02  -4.1907133e-02  -6.1319280e-03   3.5669656e-04   1.3521682e-03  -1.6976042e-05
  -5.6546134e-02  -2.5668777e-02   1.5262088e-02   4.6917276e-04   8.6392420e-04  -4.5136357e-05
  -6.4826585e-02  -2.5347513e-02   8.9936065e-03   8.3400795e-05   7.7263057e-04   1.6476423e-04
  -6.1665283e-02  -3.3575296e-02  -2.1078103e-02  -5.2356011e-04   7.0943489e-04   1.6716680e-06
  -7.5320337e-02  -1.9763894e-02   2.7954330e-02   1.1624321e-04   5.9978890e-04   2.2143029e-04
  -5.8862681e-02  -1.4472072e-02   2.2510488e-02  -7.4141576e-06   5.2595529e-04   2.0827360e-04
  -5.5532920e-02  -2.7272690e-02   3.5634308e-02   3.8527729e-04   7.3127337e-04  -1.2679664e-04
  -5.9464490e-02  -2.3850046e-02   1.5344351e-02  -1.5765199e-04   1.1224123e-03  -3.1245357e-05
  -6.7464905e-02  -2.0614885e-02   4.8310281e-02  -1.3345397e-04   1.3790482e-03   4.2159036e-04
  -6.3326842e-02  -3.7928719e-02   3.8695950e-02   1.4229839e-04   1.3686166e-03   9.1793165e-05
  -6.6770413e-02  -3.8261893e-02   6.3428286e-02   3.1225216e-04   7.5281574e-04   1.7486590e-05
  -5.8541119e-02  -3.0778032e-02   5.8575448e-02  -3.4150958e-05   1.1667900e-03  -2.3699752e-04
  -6.5773018e-02  -4.3271798e-02   4.1059568e-02  -3.7060100e-04   1.1653611e-03  -4.9519651e-05
  -6.2433049e-02  -1.2176806e-02   5.1112183e-02  -1.3655047e-04   1.1574459e-03  -7.2765537e-05
  -6.8589096e-02  -3.6602623e-02   2.5259635e-02  -4.2891601e-04   1.2586229e-03  -1.0409092e-05
  -6.1684535e-02  -3.3237161e-02   4.7128898e-02   4.8828782e-05   1.5661264e-03  -1.0865287e-05
  -6.3771325e-02  -3.3718808e-02   7.4488877e-02   7.4826130e-04   1.4490495e-03  -4.0042705e-04
  -6.0105983e-02  -2.5104501e-02   8.6008568e-02   9.4839167e-04   1.4843187e-03  -2.4021739e-04
  -6.5600843e-02  -1.1311545e-02   8.1522844e-02   6.1550901e-04   1.5794611e-03   2.2647263e-04
  -6.8485633e-02  -1.3065121e-02   8.2438879e-02   7.9816262e-05   1.4742438e-03   9.3220067e-05
  -6.0126042e-02  -5.9923284e-03   9.2450682e-02  -5.6027318e-04   1.6002377e-03  -2.7162456e-04
  -5.4512749e-02  -1.7754993e-02   9.4595781e-02  -3.9743049e-04   1.4097528e-03   7.7686926e-05
  -7.4715941e-02   3.4738498e-02   1.1423681e-01  -1.0056508e-03   7.9206462e-04  -5.4432540e-04
  -1.3086807e-01   2.4048403e-02  -4.7476640e-02   6.1109834e-03   6.0832590e-04  -4.6056274e-04
   6.4162928e-03   1.1044401e-02   1.8761016e-01   8.0305363e-03   5.5744962e-03  -1.6011460e-03
   5.6078865e-03  -1.5377311e-03   1.0750240e-01   3.3147408e-03   3.0654248e-03  -1.4723694e-03
  -9.6160259e-03   8.6000322e-02   1.0480412e-01   1.9287888e-03   2.6212383e-03  -8.2662928e-04
  -1.6186491e-02   3.3174404e-02   1.7677265e-01   2.4251536e-03   2.5202654e-03  -8.7813462e-04
  -3.5937150e-02   4.9115005e-02   2.1996254e-01   2.7165867e-03   2.5825543e-03  -4.8679045e-04
  -3.4042690e-02   3.0264212e-02   1.9569551e-01   4.2259409e-04   2.0488587e-03  -4.4897925e-04
  -1.6000669e-02   3.5115347e-03   2.1194279e-01  -1.5415951e-04   1.4116966e-03  -1.0331417e-03
  -2.3388827e-02   4.5402578e-02   2.1945790e-01  -6.5639175e-04   1.1602941e-03  -8.2454087e-04
  -3.1627682e-02   3.2853087e-02   2.4403044e-01  -2.5275356e-04   8.3774930e-04  -7.3276347e-04
  -1.8102874e-02   3.5506978e-02   2.5278393e-01  -5.4546184e-04   8.9532086e-04  -1.0779215e-03
  -2.1150730e-02   3.8562167e-02   2.5145632e-01  -7.0332846e-04   1.1604594e-03  -8.2846695e-04
  -1.9147268e-02   2.3843096e-02   2.6940117e-01  -2.4291031e-04   1.2492246e-03  -7.0654361e-04
  -1.9832203e-02   3.9894483e-02   2.7032642e-01  -4.2489572e-04   1.5192574e-03  -5.8115199e-04
  -1.3765010e-02   5.2909731e-02   2.5688187e-01  -7.4339641e-04   1.6195568e-03  -7.7537416e-04
  -2.4135447e-02   4.3605549e-02   2.7612424e-01  -6.0198226e-04   1.6162367e-03  -5.9629869e-04
  -2.7306446e-03   5.5808219e-02   2.6755127e-01  -9.7196638e-04   1.7622827e-03  -1.2386994e-03
  -1.5242163e-02   7.1219903e-02   2.9266419e-01  -8.2542855e-04   2.0846772e-03  -9.3456107e-04
  -2.3168188e-02   1.8395566e-02   2.9174595e-01  -1.1966351e-03   1.8548937e-03  -4.8340418e-04
  -1.9406106e-02   4.0588725e-02   3.0068692e-01  -1.1025903e-03   1.6311538e-03  -9.2191738e-04
  -6.7584371e-02   8.1639619e-02   3.2478780e-01  -1.0976961e-03   1.4515280e-03  -1.1434998e-04
  -1.1279600e-01   5.2557304e-02   3.5120109e-01   4.0157392e-03  -7.6863688e-04  -5.9708778e-04
  -8.4782279e-02   7.0994103e-02   3.2629391e-01   1.2983265e-03   3.3944485e-04  -3.3187109e-04
  -9.0925921e-02   5.1362705e-02   3.3457848e-01   1.8040459e-03   5.4958438e-04  -1.3004228e-04
  -6.7449309e-02   7.5856457e-02   3.2843120e-01   1.2507854e-03   8.4637161e-04  -5.4188140e-04
  -7.4134832e-02   6.7343765e-02   3.1350520e-01   6.9505650e-04   6.2394783e-04  -6.0249645e-04
  -7.4724829e-02   5.8654042e-02   3.1255254e-01   6.9049481e-04   9.2574122e-05  -2.7548596e-04
  -3.8142931e-02   5.8790025e-02   3.0187732e-01  -7.2573362e-05   9.8765637e-04  -9.5839190e-04
  -6.2316248e-02   5.4478249e-02   3.1836602e-01  -3.2185767e-04   1.4847201e-03  -9.9188599e-04
  -7.0374987e-02   7.4946823e-02   3.5167717e-01  -2.1445816e-04   1.1265117e-03  -9.4783139e-05
  -5.3642921e-02   7.9475330e-02   3.6562580e-01  -2.5502297e-04   1.0101432e-03  -7.9133258e-04
  -5.6042835e-02   6.5106129e-02   3.6317472e-01  -1.0420413e-03   1.3312441e-03  -6.3633922e-04
  -5.8479970e-02   5.5243971e-02   3.7052304e-01  -6.1179921e-04   1.0974401e-03  -4.8042143e-04
  -4.7599437e-02   4.3342482e-02   4.2468624e-01  -3.0268715e-04   1.2003601e-03  -3.3760541e-04
  -5.7825649e-02   5.6279028e-02   3.9571117e-01  -5.5257689e-04   1.0356182e-03  -3.6043481e-04
  -5.4026719e-02   5.9764872e-02   4.3257364e-01   2.6129949e-04   1.0378576e-03  -6.1311684e-04
  -5.1975193e-02   5.9179511e-02   4.1684903e-01  -9.2176822e-04   1.2748299e-03  -4.5370521e-04
  -6.1626318e-02   6.9892539e-02   3.9716689e-01  -1.4632318e-03   6.7359210e-04  -5.2642907e-04
  -6.7963263e-02   6.5258251e-02   4.2507984e-01  -1.1032530e-03   4.9831450e-04  -1.0545882e-04
  -6.8983252e-02   6.3413440e-02   4.2371019e-01  -8.5151761e-04   7.1911749e-05  -5.6698853e-04
  -7.0507575e-02   7.7210151e-02   4.4030076e-01  -5.0825481e-04   5.9827748e-04  -1.3199032e-04
  -7.9221005e-02   5.5688572e-02   4.2662182e-01  -1.1514542e-03   6.8953866e-04  -7.2611503e-05
  -6.4248536e-02   6.4039626e-02   4.6178050e-01  -4.4339474e-04   6.8856147e-04  -3.4933668e-04
  -5.5311303e-02   8.9293252e-02   4.6803501e-01  -4.4125464e-04   7.5954136e-04  -5.4644396e-04
  -7.8115841e-02   4.6831261e-02   5.0238199e-01  -7.2120944e-04   4.7166111e-04  -1.6675450e-04
  -7.7808703e-02   6.0697785e-02   4.8075493e-01  -1.0014520e-03   5.0269337e-04  -1.0723007e-04
  -8.4974970e-02   6.6607005e-02   4.8925685e-01  -6.6819460e-04   4.5560661e-04   1.9861606e-04
  -8.0436478e-02   5.9904556e-02   4.9688647e-01  -6.5551514e-04   5.1569665e-04  -1.2353164e-04
  -6.6252580e-02   7.1611897e-02   5.2047817e-01  -3.5466393e-04   5.3038049e-04  -2.2831786e-04
  -7.8402485e-02   8.5435172e-02   5.3711477e-01  -4.4451600e-04   5.3486759e-04  -2.4010826e-05
  -7.2945530e-02   9.3860256e-02   5.4147861e-01  -8.3830224e-04   8.9792628e-04   1.7734064e-04
  -6.2820093e-02   6.2021089e-02   5.1721557e-01  -1.2431375e-03   1.4702676e-03  -3.5755054e-04
  -7.0815745e-02   7.7415077e-02   5.3428590e-01  -1.2536109e-03   1.0160301e-03  -1.0314196e-04
  -6.4079677e-02   8.9776656e-02   5.9621131e-01  -5.2450594e-04   9.9525287e-04   3.7633815e-05
  -7.6275451e-02   7.7984675e-02   5.8957183e-01  -3.8738049e-04   9.3989214e-04  -1.6102650e-04
  -8.7464090e-02   1.5375567e-01   5.5457949e-01  -2.2721126e-03   6.3916082e-04  -3.2425779e-04
  -1.1359634e-01   7.9402467e-02   4.6718850e-01   5.6554170e-03   1.8123436e-05  -1.0383210e-03
  -6.0776844e-02   1.1646393e-01   5.5758841e-01   7.5478517e-03   2.9749876e-04  -1.7673530e-03
  -5.7751916e-02   1.1303523e-01   6.0994440e-01   5.1862952e-03   2.0413369e-04  -1.0534587e-03
  -6.0531642e-02   1.1847480e-01   6.0551407e-01   3.0595505e-03   5.5745165e-04  -8.7708764e-04
  -7.0191754e-02   1.2211024e-01   6.3946613e-01   3.4241549e-03   6.1299141e-05  -5.5702134e-04
  -4.8232063e-02   1.2954187e-01   6.1806833e-01   2.6446998e-03   4.7604850e-04  -6.6112937e-04
  -4.1467144e-02   1.1563380e-01   6.2405428e-01   2.8729338e-03   6.3544581e-04  -9.0649255e-04
  -4.5468619e-02   1.0716633e-01   6.0831030e-01   2.1849075e-03   7.4072161e-04  -9.0265018e-04
  -6.3431144e-02   1.1357862e-01   6.3245955e-01   2.6560979e-03   3.8181568e-04  -4.5302464e-04
  -6.2120951e-02   1.1922336e-01   6.1032393e-01   2.1651191e-03   6.4155232e-04  -8.4026118e-04
  -8.7121711e-02   1.0539202e-01   6.6463750e-01   1.5271953e-03  -9.2913297e-05  -3.0751658e-04
  -7.1055585e-02   9.3205266e-02   6.8232675e-01   2.0714498e-03   6.1260310e-04  -4.7508801e-04
  -7.4088853e-02   1.0655294e-01   6.7901328e-01   2.0851476e-03   3.0305861e-04  -4.3232396e-04
  -5.8228811e-02   1.1167362e-01   6.7747437e-01   2.2647921e-03  -6.6980061e-05  -8.8451174e-04
  -6.1334551e-02   1.0833328e-01   6.6723102e-01   1.7729862e-03   3.4605735e-04  -8.1078105e-04
  -6.5000129e-02   1.3503682e-01   6.7548950e-01   1.8712137e-03   4.5081565e-04  -6.6253334e-04
  -5.8113200e-02   1.3789597e-01   6.8819060e-01   1.7512850e-03   1.5553859e-04  -6.0448056e-04
  -7.6827049e-02   1.3214096e-01   7.3003519e-01   2.1342669e-03   6.2186918e-04  -1.5266543e-04
  -5.8544755e-02   1.1639683e-01   7.2118212e-01   2.2094156e-03   6.7174091e-04  -4.3438700e-04
  -7.2822968e-02   1.2257015e-01   7.5056579e-01   2.5444292e-03   7.9751480e-04  -3.9773447e-04
  -5.4924939e-02   1.1956958e-01   7.5626447e-01   2.4341987e-03   1.3298644e-03  -4.2409933e-04
  -5.6272779e-02   1.2327899e-01   7.8223382e-01   2.6543448e-03   9.9575104e-04  -7.8470756e-04
  -5.4565406e-02   1.2531080e-01   7.9360683e-01   2.3480619e-03   1.0764541e-03  -4.2233965e-04
  -5.5155740e-02   1.1300297e-01   7.7271649e-01   1.9414615e-03   4.8462048e-04  -7.0133427e-04
  -6.7043289e-02   1.3930951e-01   7.6975014e-01   1.6355521e-03   4.4777085e-04  -4.5745237e-04
  -5.8729801e-02   1.4331790e-01   7.9875334e-01   1.9143713e-03   7.5732389e-04  -6.3395195e-04
  -6.7025937e-02   1.5939057e-01   7.8846097e-01   1.7420109e-03   6.6600978e-04  -5.8999201e-04
  -6.5433927e-02   1.6089160e-01   8.1441217e-01   1.9635942e-03   5.6658904e-04  -3.0340320e-04
  -6.1958487e-02   1.5810081e-01   8.2725485e-01   1.8656067e-03   3.3459787e-04  -4.8927219e-04
  -6.0136673e-02   1.6095825e-01   8.4566666e-01   1.9159601e-03   8.8538947e-04  -1.1797420e-04
  -6.6440328e-02   1.3645619e-01   8.4330434e-01   1.9278931e-03   3.5192777e-04  -4.2991493e-04
  -6.0590387e-02   1.5226733e-01   8.2891782e-01   1.0302314e-03   8.8355589e-05  -6.5541535e-04
  -1.0287699e-01   1.9071893e-01   8.8748352e-01   2.9560226e-03  -1.0589579e-03  -4.0765047e-04
  -1.1329840e-01   1.9050019e-01   8.8668509e-01   2.1742869e-03  -1.1244527e-03   1.4053116e-04
  -1.0877173e-01   1.6571260e-01   9.1682876e-01   2.5758315e-03  -1.0557016e-03  -8.2463148e-05
  -2.2587326e-01  -9.7068267e-03   5.8336513e-01   5.5712723e-03  -5.1124385e-03  -4.4052200e-04
  -1.2908148e-01  -1.0938884e-01   6.8450916e-01   1.5432158e-02  -2.3217293e-03  -7.9457127e-05
   1.8398300e-02   8.1598704e-02   7.7342390e-01   5.8022906e-03   4.4883132e-03  -6.3533907e-04
  -1.7351005e-02   1.0713685e-01   8.1361658e-01   1.8868362e-03   7.7720670e-04  -3.1909236e-04
  -2.5812730e-02   1.3980510e-01   8.8663900e-01  -2.4660075e-04  -6.7700382e-04  -4.4290242e-04
  -2.9161592e-02   1.7219688e-01   9.3273563e-01  -1.0235127e-03  -8.7682065e-04  -7.5553056e-04
  -4.8237029e-02   1.7859965e-01   9.4245307e-01  -2.0932735e-03  -1.5288330e-03  -5.6850385e-04
  -4.6835858e-02   1.9031412e-01   9.4316607e-01  -2.2868336e-03  -1.9175192e-03  -7.2953333e-04
  -3.8793189e-02   1.9660363e-01   9.6674356e-01  -2.3836953e-03  -1.9138103e-03  -8.8787394e-04
  -2.3947693e-02   1.9098000e-01   9.7050636e-01  -2.6301989e-03  -1.8732918e-03  -1.1499301e-03
  -5.4285159e-02   2.0525743e-01   9.8258643e-01  -2.8474592e-03  -1.9076558e-03  -4.7593610e-04
  -4.6565621e-02   1.8559574e-01   9.8910322e-01  -2.5596816e-03  -1.9720577e-03  -5.5860519e-04
  -3.2691564e-02   1.9116694e-01   9.9979492e-01  -2.6371099e-03  -1.7228696e-03  -8.5467347e-04
  -4.8202460e-02   2.0762761e-01   1.0073427e+00  -2.7186524e-03  -1.6387068e-03  -7.9579181e-04
  -4.8815948e-02   1.0033524e-01   9.8625301e-01  -4.2048262e-03  -1.7510999e-03  -3.5876384e-04
  -1.4492525e-02   2.0852742e-01   1.0065003e+00  -3.1904385e-03  -1.1371856e-03  -1.0510530e-03
  -2.7524751e-02   2.0709805e-01   1.0148751e+00  -3.2997959e-03  -1.1899839e-03  -9.0569046e-04
  -3.7470149e-02   2.2494421e-01   1.0626356e+00  -3.4339506e-03  -9.1806482e-04  -8.6994501e-04
  -2.6727738e-02   2.2653011e-01   1.0567933e+00  -3.7619401e-03  -1.0467452e-03  -5.1818729e-04
  -4.0111215e-02   2.2990610e-01   1.0585020e+00  -4.0614173e-03  -1.1738657e-03  -5.3387424e-04
  -3.0678647e-02   2.3359979e-01   1.0905744e+00  -4.7660846e-03  -6.6366250e-04  -5.8193693e-04
  -3.0131587e-02   2.1009649e-01   1.1168521e+00  -3.5474655e-03  -1.2846174e-03  -7.8105237e-04
  -3.5332212e-02   2.2187103e-01   1.1351558e+00  -3.1061807e-03  -1.9244314e-03  -4.3730081e-04
  -2.0204900e-02   2.2982323e-01   1.0983912e+00  -3.8799652e-03  -1.6861620e-03  -1.1299158e-03
  -2.9330920e-02   2.4269512e-01   1.1479560e+00  -3.3819005e-03  -1.7253170e-03  -9.5420988e-04
  -5.6469852e-02   2.5484181e-01   1.1421695e+00  -4.0428440e-03  -1.4775355e-03  -2.6192720e-04
  -2.1171646e-01   2.5435203e-02   9.5276130e-01   1.1033990e-02  -8.2730450e-03   4.8381309e-04
  -1.6166941e-01   1.3881058e-01   1.0175370e+00   5.6387843e-03  -8.4857114e-03   3.9579298e-05
  -1.2112132e-01   1.5156524e-01   1.0230749e+00   2.9740124e-03  -4.7349007e-03   6.8843184e-05
  -1.1763298e-01   1.9496344e-01   1.1181358e+00   7.1378567e-04  -4.8451345e-03  -4.2381103e-05
  -1.0781874e-01   2.2973624e-01   1.1543881e+00  -7.1345547e-04  -4.9699631e-03  -1.5675477e-04
  -1.0159469e-01   2.3977590e-01   1.1600521e+00  -1.9344501e-03  -4.8318172e-03  -6.8287387e-05
  -9.8906521e-02   2.3917379e-01   1.1734239e+00  -2.4668642e-03  -4.3085029e-03  -3.6315326e-04
  -7.9029358e-02   2.7279200e-01   1.1899830e+00  -3.5372188e-03  -4.1717520e-03  -4.3460548e-04
  -7.8100457e-02   2.7550974e-01   1.2021651e+00  -5.2262212e-03  -4.3911252e-03  -5.3194177e-04
  -1.0599013e-01   2.5337568e-01   1.2037656e+00  -5.2552503e-03  -4.8854749e-03  -1.8307524e-04
  -8.6163509e-02   2.6240203e-01   1.2402870e+00  -4.9415500e-03  -4.4100003e-03  -6.3163069e-04
  -6.4657046e-02   2.5243383e-01   1.2432959e+00  -5.0320198e-03  -3.8203123e-03  -4.3617984e-04
  -9.2328858e-02   2.6684818e-01   1.2565262e+00  -4.9006949e-03  -3.8627252e-03  -2.9043113e-04
  -9.3222865e-02   2.5485305e-01   1.2428536e+00  -5.8616724e-03  -3.4400268e-03   1.3609901e-04
  -8.7530567e-02   2.6795845e-01   1.2792365e+00  -5.3444478e-03  -3.7283479e-03  -2.5246823e-04
  -8.3317535e-02   2.6100227e-01   1.2922836e+00  -5.1168000e-03  -3.2621220e-03  -3.5697640e-04
  -7.8148780e-02   2.5432089e-01   1.3065940e+00  -5.1526938e-03  -3.0232924e-03  -2.0074776e-04
  -7.3957420e-02   2.5935921e-01   1.3068361e+00  -5.2136126e-03  -3.0215056e-03  -1.9768733e-04
  -8.4249506e-02   2.4579292e-01   1.3031875e+00  -5.7449046e-03  -3.3714194e-03  -9.0695552e-05
  -1.0136908e-01   3.2977752e-01   1.3758674e+00  -3.7988113e-03  -2.7486984e-03   1.4606281e-04
  -1.2331407e-01   3.3191790e-01   1.2834018e+00   1.6884389e-03  -4.9640153e-03  -1.6308802e-04
  -1.2670345e-01   2.7503503e-01   1.3197433e+00  -1.4457802e-03  -4.7286277e-03   5.8500767e-04
  -9.9635390e-02   2.8298067e-01   1.3657346e+00  -2.5930638e-03  -4.4220537e-03   1.0670402e-04
  -1.1649746e-01   3.0461763e-01   1.3608968e+00  -4.1846314e-03  -4.7443635e-03   4.2685489e-04
  -9.9327205e-02   3.1060416e-01   1.3847572e+00  -4.5300733e-03  -5.0672885e-03   8.4166290e-05
  -1.1546557e-01   3.2337452e-01   1.3933740e+00  -4.6993108e-03  -5.0025176e-03   2.4945347e-04
  -1.3129586e-01   3.0875592e-01   1.3978291e+00  -5.3535381e-03  -5.3718116e-03   6.3274674e-04
  -1.1090378e-01   3.1335082e-01   1.4143984e+00  -5.0475020e-03  -5.5613849e-03   9.7117687e-05
  -1.3581976e-01   2.9998341e-01   1.4140702e+00  -5.0867714e-03  -5.1740652e-03   6.8745206e-04
  -1.1455747e-01   2.9707216e-01   1.4217745e+00  -5.5671084e-03  -4.5377867e-03   3.4835111e-04
  -1.0729482e-01   3.2245215e-01   1.4086775e+00  -5.9291807e-03  -4.9668213e-03   3.0728889e-04
  -9.8754233e-02   3.1294176e-01   1.4422891e+00  -5.5974213e-03  -5.0504607e-03   1.7068109e-04
  -1.1090511e-01   3.2026481e-01   1.4291292e+00  -5.8217726e-03  -4.7619224e-03   4.9847343e-04
  -9.6233910e-02   3.3142107e-01   1.4500850e+00  -5.3316478e-03  -4.1858438e-03   1.9232644e-04
  -9.8319479e-02   3.3016229e-01   1.4674167e+00  -4.9518330e-03  -4.1881475e-03  -2.8851145e-05
  -9.8921935e-02   3.2555943e-01   1.4546789e+00  -5.3657730e-03  -3.8325782e-03   6.0017307e-05
  -9.2673521e-02   3.1012757e-01   1.4601881e+00  -5.4311929e-03  -3.5731363e-03   1.5900918e-04
  -1.0523594e-01   3.0893071e-01   1.4408206e+00  -5.6740391e-03  -4.0574944e-03   4.6694223e-04
  -8.0718311e-02   3.1060499e-01   1.4740243e+00  -5.6168928e-03  -3.6113566e-03  -1.8427155e-04
  -8.7649881e-02   3.2983259e-01   1.4978085e+00  -5.4785581e-03  -3.8679955e-03  -2.9110369e-05
  -8.2817717e-02   3.2782948e-01   1.4837561e+00  -5.6956090e-03  -3.9026314e-03  -2.4302205e-04
  -8.5375557e-02   3.2520419e-01   1.5034867e+00  -5.6450862e-03  -3.8905709e-03   6.7275565e-05
  -7.8914712e-02   3.2692475e-01   1.5156286e+00  -5.5998346e-03  -3.2506146e-03   8.3804867e-05
  -9.6656531e-02   3.2072040e-01   1.5393199e+00  -5.1221210e-03  -3.9884294e-03   2.2891812e-04
  -9.8717699e-02   3.2635450e-01   1.5509333e+00  -5.1465374e-03  -3.8165826e-03   1.9445871e-04
  -9.4135714e-02   3.4279859e-01   1.5381401e+00  -5.2945265e-03  -3.7079607e-03   1.6042544e-04
  -7.8367800e-02   3.2431380e-01   1.5441066e+00  -4.8991921e-03  -3.7717690e-03   3.5150918e-04
  -8.7162916e-02   3.1542143e-01   1.5310074e+00  -5.6651925e-03  -3.5659487e-03   2.6970120e-04
  -1.0037606e-01   3.3595219e-01   1.5738116e+00  -4.7881020e-03  -4.1399987e-03   2.7771481e-04
  -7.0515688e-02   3.4766752e-01   1.5914174e+00  -5.2000174e-03  -3.6112529e-03   2.5689179e-05
  -8.6468968e-02   3.4578864e-01   1.5934203e+00  -5.7844522e-03  -4.0420606e-03   1.7515865e-04
  -6.8758337e-02   3.5079738e-01   1.6010100e+00  -5.7347072e-03  -3.8595726e-03  -2.4525827e-04
  -9.1970838e-02   3.6839462e-01   1.6058382e+00  -5.7713677e-03  -4.0433884e-03   1.1465456e-04
  -9.9670599e-02   3.7286591e-01   1.6002071e+00  -6.0197958e-03  -4.2404114e-03   1.1688393e-04
  -8.0174983e-02   3.7761961e-01   1.6367957e+00  -5.8909720e-03  -3.9829046e-03  -1.4215467e-05
  -7.6591774e-02   3.5960608e-01   1.6389027e+00  -6.2616661e-03  -3.7380816e-03  -1.0923437e-04
  -7.5956331e-02   3.6083145e-01   1.6398656e+00  -6.4784121e-03  -3.2733416e-03   1.0503137e-04
  -5.7530821e-02   3.5753706e-01   1.6576666e+00  -6.3441617e-03  -3.2332191e-03  -2.9375827e-04
  -9.0031284e-02   3.7124857e-01   1.6696948e+00  -6.0680650e-03  -2.5048791e-03   2.6288569e-04
  -8.1532299e-02   3.5259499e-01   1.6899507e+00  -5.9890741e-03  -3.0328018e-03  -1.4163144e-04
  -6.8625257e-02   3.5831651e-01   1.7153498e+00  -5.8400686e-03  -2.9521612e-03  -2.6361630e-04
  -7.0909539e-02   3.7312873e-01   1.6977908e+00  -5.8515657e-03  -2.8572198e-03   1.1639416e-04
  -8.2558876e-02   3.8883575e-01   1.7222747e+00  -5.8439678e-03  -3.0168905e-03   7.0154555e-05
  -7.1686336e-02   3.9017570e-01   1.7372624e+00  -6.2291261e-03  -2.9479426e-03   2.0069429e-04
  -7.7803939e-02   3.8620676e-01   1.7498639e+00  -6.3673588e-03  -2.6490322e-03   4.7468013e-04
  -7.1231352e-02   3.8076181e-01   1.7505903e+00  -6.3968502e-03  -2.9718327e-03   2.7566998e-04
  -7.8203617e-02   3.9594351e-01   1.7571690e+00  -6.7529086e-03  -2.9518334e-03   3.2319451e-04
  -7.4090886e-02   3.6199773e-01   1.7964169e+00  -6.5673525e-03  -3.6525949e-03   1.8800711e-04
  -6.3680361e-02   3.8702399e-01   1.8567607e+00  -7.0443105e-03  -3.1429830e-03  -3.0806798e-05
  -9.6735852e-02   3.8674998e-01   1.8366021e+00  -6.8647256e-03  -1.7738032e-03   5.9709891e-04
  -8.4476675e-02   3.6017703e-01   1.8495802e+00  -6.7405567e-03  -2.0306304e-03   6.0050822e-04
  -8.8130261e-02   3.9229290e-01   1.8373289e+00  -7.8518755e-03  -1.9813330e-03   5.3375003e-04
  -9.6989773e-02   3.8204287e-01   1.8501996e+00  -6.7567608e-03  -1.3839611e-03   1.0051891e-03
  -8.1619483e-02   3.8731892e-01   1.8654045e+00  -7.3623057e-03  -9.6593257e-04   9.3140842e-04
  -8.1092286e-02   4.0793510e-01   1.8827362e+00  -6.4595618e-03  -1.2248569e-03   5.2593566e-04
  -7.0701749e-02   4.1410105e-01   1.8897447e+00  -6.5409088e-03  -1.3994526e-03   6.0192791e-04
  -8.3631908e-02   3.9874521e-01   1.8736950e+00  -7.2017811e-03  -9.8407645e-04   6.3423312e-04
  -7.1311410e-02   4.0319006e-01   1.8744239e+00  -7.2748331e-03  -1.7751695e-03   3.0599813e-04
  -7.3005438e-02   4.0319162e-01   1.9206338e+00  -6.8110049e-03  -1.9524391e-03   2.7425648e-04
  -6.0823098e-02   3.8746979e-01   1.9089250e+00  -7.4299232e-03  -2.0864751e-03   2.3453158e-04
  -7.2642280e-02   3.8898366e-01   1.9327790e+00  -6.9973710e-03  -1.7243503e-03   4.0130804e-04
  -5.7562963e-02   3.9666594e-01   1.9322214e+00  -7.4224625e-03  -1.7413836e-03   1.6167390e-04
  -5.6372570e-02   4.0826050e-01   1.9477194e+00  -8.0684831e-03  -2.3955559e-03   2.2612010e-05
  -5.9179584e-02   4.1240251e-01   1.9370098e+00  -7.7449843e-03  -2.6175915e-03  -8.9730181e-05
  -7.3423073e-02   4.2997553e-01   1.9469445e+00  -7.6686615e-03  -2.3749845e-03   1.5036011e-04
  -5.9497102e-02   4.2595428e-01   1.9817556e+00  -7.4691134e-03  -1.9070470e-03   9.2060186e-05
  -8.4077612e-02   3.9602189e-01   1.9656684e+00  -8.1469926e-03  -1.9408079e-03   6.2624500e-04
  -7.3782952e-02   4.1514857e-01   2.0032075e+00  -7.1926103e-03  -1.9145749e-03   3.8709477e-04
  -1.1402336e-01   4.6508906e-01   2.0478814e+00  -7.1276609e-03  -3.5574044e-03   4.5535109e-04
  -1.5161708e-01   5.2230184e-01   1.9197238e+00   2.3564860e-03  -8.3941428e-03  -2.7968936e-05
  -1.3382372e-01   4.5993449e-01   1.9229486e+00  -1.8231533e-03  -7.0052397e-03   8.3551749e-05
  -7.9685121e-02   4.6492597e-01   1.9849060e+00  -2.2628548e-03  -5.9144304e-03  -5.9307744e-04
  -1.0550598e-01   4.4934220e-01   2.0113905e+00  -4.7147548e-03  -6.3602261e-03  -1.8890553e-04
  -1.0130268e-01   4.6891401e-01   2.0380098e+00  -5.3797575e-03  -5.6837274e-03  -5.7330515e-05
  -9.3017663e-02   4.4012243e-01   1.9059774e+00  -2.1117267e-03  -4.5945903e-03  -4.7820680e-04
   9.1441721e-03   3.3334583e-01   2.0014624e+00  -1.4939125e-03   1.1995892e-03   5.7056858e-04
   1.0605955e-02   4.1145552e-01   2.1015539e+00  -4.8293233e-03  -2.0103521e-04   4.6936309e-04
   2.3775770e-02   4.1580763e-01   2.1037416e+00  -6.1913003e-03  -2.7597463e-03  -1.3185296e-04
   2.0296553e-03   4.3605065e-01   2.1301175e+00  -7.1151585e-03  -2.7017315e-03   1.1739563e-06
   4.0105470e-03   4.7926389e-01   2.1989695e+00  -7.1997533e-03  -3.1460468e-03  -5.8205833e-05
   7.1905481e-03   4.7498414e-01   2.1801944e+00  -8.2446077e-03  -3.7999663e-03  -4.6817451e-04
   2.1761647e-02   4.6431107e-01   2.1859483e+00  -7.9014546e-03  -3.4849871e-03  -8.7498605e-04
   1.1303635e-02   4.6933103e-01   2.1940021e+00  -7.8449868e-03  -3.3586371e-03  -7.0714094e-04
  -8.3761157e-03   4.6733565e-01   2.2030969e+00  -7.6747516e-03  -3.7298129e-03  -6.2364814e-04
  -1.6118470e-03   4.5284705e-01   2.1894291e+00  -8.0891730e-03  -3.6131372e-03  -6.2941490e-04
  -1.3985210e-03   4.7840491e-01   2.1874623e+00  -8.5298268e-03  -3.4363972e-03  -3.5665626e-04
   3.2801273e-03   4.7937256e-01   2.2155484e+00  -8.0890190e-03  -3.5813302e-03  -6.6643635e-04
   2.1017166e-02   4.6850989e-01   2.2111673e+00  -8.5803785e-03  -3.6037880e-03  -4.5066674e-04
   1.1514204e-02   4.5671874e-01   2.2232727e+00  -7.9832708e-03  -3.8980736e-03  -7.9948596e-04
  -6.7146272e-03   4.6140155e-01   2.2383603e+00  -8.2118466e-03  -3.6774490e-03  -2.4563078e-04
   9.7365035e-03   4.6357710e-01   2.2621438e+00  -7.4771830e-03  -3.3644685e-03  -6.2183736e-04
  -2.0189080e-02   4.8547294e-01   2.3074029e+00  -7.2819077e-03  -3.7768184e-03  -1.8745109e-04
  -2.6118532e-02   4.6361069e-01   2.2537542e+00  -6.3840668e-03  -4.6029119e-03  -5.7459117e-04
  -1.4402723e-02   4.5628535e-01   2.2673564e+00  -7.1375786e-03  -4.7687922e-03  -9.7691455e-04
  -1.7242372e-02   4.5855420e-01   2.2784164e+00  -7.5550779e-03  -4.7168990e-03  -7.0668624e-04
  -2.0824655e-02   4.8812283e-01   2.2786613e+00  -7.3460732e-03  -4.5404534e-03  -2.8615207e-04
  -2.5954629e-05   5.0772076e-01   2.2752530e+00  -7.5966116e-03  -4.2195464e-03  -8.5407808e-04
  -1.0275576e-02   4.9576239e-01   2.2596442e+00  -8.3760798e-03  -4.3803750e-03  -5.7979646e-04
  -1.2358312e-02   4.7812948e-01   2.2942954e+00  -8.3172819e-03  -4.6901353e-03  -7.5340880e-04
  -2.3284796e-02   4.8498467e-01   2.3236109e+00  -7.7038787e-03  -4.1032329e-03  -2.6658911e-04
  -2.9109657e-02   4.7288698e-01   2.3231713e+00  -7.8447204e-03  -4.1422247e-03  -1.3094373e-04
  -1.9048418e-02   4.6193293e-01   2.3569653e+00  -7.4218011e-03  -4.5667696e-03  -6.0354784e-04
  -1.8046736e-02   4.9272008e-01   2.3372704e+00  -8.0790799e-03  -4.1800667e-03  -2.3144079e-04
  -3.8051201e-03   4.9523690e-01   2.3414456e+00  -8.2712838e-03  -4.4634203e-03  -7.1564741e-04
  -1.0000674e-02   5.1655829e-01   2.3491236e+00  -8.2590240e-03  -4.7068667e-03  -5.7245176e-04
  -5.8210691e-03   5.2085768e-01   2.3658460e+00  -7.7401630e-03  -4.1696591e-03  -4.6705736e-04
   1.8399824e-04   4.9835701e-01   2.3683054e+00  -8.5321019e-03  -4.6309140e-03  -8.1972792e-04
  -8.3240165e-03   5.0117827e-01   2.3948348e+00  -8.3568790e-03  -4.2607599e-03  -8.7407186e-04
  -6.8320467e-03   5.0148952e-01   2.4290833e+00  -7.2612505e-03  -4.0732097e-03  -3.7073050e-04
  -2.1526207e-03   5.0390823e-01   2.4265392e+00  -7.7258975e-03  -4.5397504e-03  -1.0138382e-03
  -9.2261178e-04   5.0608292e-01   2.4375813e+00  -8.2076768e-03  -4.1800004e-03  -4.9082383e-04
   4.6239025e-04   5.0536470e-01   2.4365305e+00  -8.3421268e-03  -4.0366779e-03  -7.3474099e-04
  -5.0941324e-03   5.0816619e-01   2.4279563e+00  -8.8973280e-03  -4.7066414e-03  -5.4769856e-04
  -1.1199528e-02   5.3368469e-01   2.4644114e+00  -8.4432422e-03  -4.2596391e-03  -4.4269578e-04
  -1.2326937e-03   4.9301843e-01   2.4504387e+00  -8.7531611e-03  -4.5353251e-03  -1.1078723e-03
  -3.9669308e-02   5.2328276e-01   2.5374174e+00  -7.6885908e-03  -3.4899534e-03   2.5058946e-04
  -3.0981365e-02   5.1852416e-01   2.4938626e+00  -8.3840236e-03  -4.2294184e-03  -3.7795603e-04
  -2.7169158e-02   5.2321772e-01   2.4961234e+00  -8.1681258e-03  -3.8181428e-03   8.1197766e-05
  -1.2426122e-02   5.4084306e-01   2.5029629e+00  -8.1991721e-03  -3.7734087e-03  -4.1939693e-04
  -2.7473426e-02   5.6823703e-01   2.5567363e+00  -7.5475503e-03  -4.9231624e-03  -8.7719174e-04
  -3.6024300e-02   5.6898563e-01   2.5277034e+00  -7.9177378e-03  -5.5096684e-03  -9.6993357e-04
  -1.5933257e-02   5.4510864e-01   2.5143434e+00  -8.6383405e-03  -5.5160677e-03  -1.2265938e-03
  -1.0286579e-02   5.7271499e-01   2.5552956e+00  -7.9609433e-03  -4.7858086e-03  -7.8916652e-04
  -1.8747286e-02   5.6781816e-01   2.5491917e+00  -8.5034453e-03  -5.0621383e-03  -9.3223468e-04
   5.9786378e-03   5.7040249e-01   2.5447924e+00  -8.6991818e-03  -4.7093345e-03  -1.1721706e-03
  -1.6549460e-02   5.5671711e-01   2.5543724e+00  -8.6505817e-03  -5.0316892e-03  -1.0404293e-03
  -1.6410735e-02   5.4618806e-01   2.5664895e+00  -8.6736188e-03  -4.5715450e-03  -8.8004288e-04
  -7.4462485e-03   5.6720906e-01   2.5548685e+00  -9.5868503e-03  -4.7185123e-03  -8.0052235e-04
   1.4806290e-02   5.5855701e-01   2.6039432e+00  -8.8235215e-03  -4.2961445e-03  -1.2401703e-03
  -1.7551360e-02   5.4601515e-01   2.5973680e+00  -8.6908290e-03  -4.7028513e-03  -8.3189211e-04
  -3.7746571e-02   5.4266392e-01   2.5757551e+00  -9.2448641e-03  -5.0137485e-03  -6.9430254e-04
  -2.3096909e-02   5.3650217e-01   2.6228050e+00  -8.6463688e-03  -4.2221843e-03  -8.8129366e-04
  -1.6130587e-02   5.5463367e-01   2.6321765e+00  -8.4734267e-03  -3.8412212e-03  -7.4076674e-04
  -1.5205098e-02   5.3170270e-01   2.6466688e+00  -8.3626494e-03  -3.5768289e-03  -7.6991500e-04
  -1.4779317e-03   5.3360379e-01   2.6124029e+00  -8.2257619e-03  -2.4847981e-03  -8.2365697e-04
  -1.8185344e-03   5.2605947e-01   2.6376633e+00  -8.0073884e-03  -2.7726017e-03  -5.9491523e-04
  -1.4028055e-02   5.4395348e-01   2.6396912e+00  -7.8636093e-03  -2.6689808e-03  -3.1066764e-04
  -7.6437272e-04   5.7266849e-01   2.6534162e+00  -8.2361090e-03  -2.8852810e-03  -8.5392039e-04
  -1.4458572e-04   5.5472536e-01   2.6503442e+00  -8.0010032e-03  -3.0445332e-03  -9.8242907e-04
   1.0595764e-02   5.4995363e-01   2.6601208e+00  -8.7936291e-03  -2.9544800e-03  -7.0603058e-04
   1.3384243e-02   5.4891260e-01   2.6706116e+00  -8.4612321e-03  -3.3589328e-03  -1.1837214e-03
   4.0980492e-03   5.5133277e-01   2.7304969e+00  -8.1463208e-03  -2.6713643e-03  -5.7321432e-04
   8.9444126e-03   5.5684014e-01   2.7001282e+00  -8.7145443e-03  -2.6977659e-03  -8.0926209e-04
  -5.5362459e-03   5.8340190e-01   2.7269813e+00  -8.5048081e-03  -2.2337097e-03  -5.3194651e-04
  -4.9752746e-04   5.6868082e-01   2.7325397e+00  -7.9853882e-03  -2.9150818e-03  -8.8492098e-04
  -2.0128439e-02   5.8238582e-01   2.7442400e+00  -8.2408614e-03  -3.0260606e-03  -3.8092532e-04
   1.1274617e-02   5.7595439e-01   2.7558096e+00  -8.2780844e-03  -2.9855762e-03  -6.2832706e-04
   1.2918880e-03   5.7734115e-01   2.7487597e+00  -8.7414268e-03  -3.2977839e-03  -7.1102411e-04
  -9.5346920e-03   5.7684293e-01   2.7459016e+00  -8.8521720e-03  -3.6908701e-03  -7.5734509e-04
  -1.2840672e-02   5.6534861e-01   2.7649341e+00  -8.8721982e-03  -3.4426408e-03  -2.1926260e-04
  -1.1946353e-02   5.8172450e-01   2.7769471e+00  -8.8178316e-03  -3.7278145e-03  -6.5748023e-04
  -2.1854868e-02   5.7950763e-01   2.7816295e+00  -8.6965632e-03  -3.6671902e-03  -1.1273497e-04
  -8.5923398e-03   5.8611794e-01   2.7918141e+00  -8.5244863e-03  -3.6535194e-03  -4.4747774e-04
  -4.1608254e-02   5.7685480e-01   2.8078552e+00  -8.8370225e-03  -4.8771948e-03  -3.6476184e-04
  -2.0162246e-02   5.8745791e-01   2.8195120e+00  -8.9034677e-03  -4.2431899e-03  -5.8125798e-04
  -2.9419714e-02   5.8138161e-01   2.8170078e+00  -9.2873719e-03  -4.3130797e-03  -2.6450409e-04
  -1.5303196e-02   5.8041370e-01   2.8508402e+00  -9.4815006e-03  -4.3805442e-03  -5.8555814e-04
  -2.0073919e-02   5.9005539e-01   2.8448073e+00  -9.5394866e-03  -4.0565579e-03  -2.2609117e-04
  -2.3877404e-02   5.9330614e-01   2.8426939e+00  -9.0787133e-03  -4.5645041e-03  -5.3596564e-04
  -3.1428478e-02   5.8949914e-01   2.8530380e+00  -9.4857501e-03  -4.1696669e-03  -4.4130867e-04
  -3.0150898e-02   5.9339983e-01   2.8684966e+00  -9.9406432e-03  -4.4847840e-03  -5.3765182e-04
  -2.6656822e-02   6.1053126e-01   2.9007469e+00  -8.7195134e-03  -3.8794618e-03  -2.8832751e-04
  -2.7074732e-02   5.8883907e-01   2.8713260e+00  -1.0011014e-02  -3.9189785e-03  -2.9157767e-04
  -1.7085407e-02   6.0975504e-01   2.8832570e+00  -9.7755859e-03  -4.1013488e-03  -4.0394353e-04
  -2.1576681e-02   6.1692659e-01   2.8869656e+00  -9.9102977e-03  -4.1001340e-03  -4.5504925e-04
   4.9634686e-03   6.1065839e-01   2.9211012e+00  -9.1818185e-03  -3.8598694e-03  -1.0041559e-03
  -2.0005496e-02   6.1606463e-01   2.9223638e+00  -9.5098996e-03  -4.0216486e-03  -1.0222099e-03
  -2.2733951e-02   6.1456279e-01   2.9193857e+00  -9.7872345e-03  -3.8096388e-03  -3.7687041e-04
  -1.8641587e-02   6.2066891e-01   2.9550377e+00  -9.4068370e-03  -3.5848010e-03  -3.4191014e-04
  -1.8423173e-02   6.1570680e-01   2.9330112e+00  -9.6852980e-03  -3.4042823e-03  -2.4864716e-04
  -1.4854816e-02   6.2972542e-01   2.9710200e+00  -8.8729959e-03  -3.9945981e-03  -6.3178241e-04
  -9.3276480e-03   6.2508577e-01   2.9651040e+00  -9.3464987e-03  -3.8019245e-03  -4.0053738e-04
  -1.8515019e-02   6.0992497e-01   2.9835437e+00  -9.2748635e-03  -3.6162795e-03  -1.5206607e-04
   6.6063722e-04   6.2077090e-01   3.0436604e+00  -9.3298536e-03  -3.6063915e-03  -8.9662725e-04
  -2.7332781e-02   6.2651249e-01   3.0391705e+00  -9.2876799e-03  -3.5254770e-03  -4.1200725e-04
   8.5922266e-03   6.0890536e-01   3.0212205e+00  -9.5178203e-03  -3.8483176e-03  -1.1145284e-03
  -2.7140515e-02   6.2223778e-01   3.0401950e+00  -9.6445244e-03  -3.2325246e-03  -2.8724053e-04
  -2.2118590e-02   6.3289625e-01   3.0492358e+00  -9.6355480e-03  -3.1583525e-03  -4.0234605e-04
   1.6054747e-02   6.3774908e-01   3.0304480e+00  -1.0026315e-02  -3.3066917e-03  -4.9488576e-04
  -2.0351478e-03   6.4732663e-01   3.0330472e+00  -9.9276480e-03  -3.6916289e-03  -8.1601610e-04
   5.4308487e-03   6.5452105e-01   3.0582168e+00  -9.1826206e-03  -3.3880460e-03  -9.3401313e-04
  -1.0215044e-02   6.4943532e-01   3.0608821e+00  -1.0228214e-02  -3.7753652e-03  -7.0364265e-04
   1.6243386e-03   6.4395115e-01   3.0707603e+00  -9.6200401e-03  -3.7419141e-03  -8.4239822e-04
   5.3278644e-03   6.4129177e-01   3.0793520e+00  -9.3905257e-03  -3.6972719e-03  -7.5743811e-04
  -1.0536644e-02   6.2691594e-01   3.0736591e+00  -1.0157106e-02  -4.0574338e-03  -6.8355430e-04
   2.3889458e-03   6.3204043e-01   3.0997340e+00  -9.7646292e-03  -4.1818080e-03  -7.9762105e-04
  -2.1097313e-02   6.5024490e-01   3.1227154e+00  -9.6516188e-03  -4.4376394e-03  -7.4402104e-04
   5.8881797e-04   6.6040674e-01   3.1183344e+00  -9.7148257e-03  -3.7072831e-03  -9.8589857e-04
   5.0125489e-03   6.5161328e-01   3.1204184e+00  -9.9719766e-03  -3.8294490e-03  -9.3833733e-04
   8.5336001e-03   6.3922806e-01   3.1281119e+00  -9.3110430e-03  -3.6898181e-03  -7.9770034e-04
  -2.7341104e-03   6.6175010e-01   3.1373207e+00  -9.1704922e-03  -3.8203913e-03  -7.9366041e-04
   2.3985764e-03   6.6188965e-01   3.1335831e+00  -9.6857245e-03  -3.7335255e-03  -1.0560638e-03
  -1.9972837e-02   6.5602007e-01   3.1456570e+00  -9.6206179e-03  -3.8472354e-03  -5.1995787e-04
   4.6643885e-03   6.5676261e-01   3.1598400e+00  -9.1023425e-03  -3.5807583e-03  -9.4109287e-04
  -1.4874975e-02   6.4926311e-01   3.1476839e+00  -9.6253811e-03  -3.6655038e-03  -4.5202042e-04
  -5.9312785e-03   6.6518615e-01   3.1655717e+00  -9.0643369e-03  -3.9720577e-03  -1.0461604e-03
   3.1702078e-03   6.6068426e-01   3.1751523e+00  -9.0268175e-03  -4.1295352e-03  -8.5239053e-04
  -5.7779562e-03   6.5599075e-01   3.1878411e+00  -9.3763282e-03  -3.7798824e-03  -7.7772146e-04
  -1.6538361e-02   6.7126466e-01   3.2083884e+00  -9.2249613e-03  -4.1722827e-03  -2.5470314e-04
   8.3540594e-04   6.8244023e-01   3.1966179e+00  -9.9941319e-03  -4.1700850e-03  -8.1648181e-04
  -3.9992512e-03   6.8263117e-01   3.1945338e+00  -1.0152803e-02  -4.3111750e-03  -9.4351906e-04
  -1.4435196e-02   6.6040042e-01   3.2088202e+00  -9.7465182e-03  -4.0153857e-03  -8.2722098e-04
  -1.9250655e-03   6.8007131e-01   3.2227771e+00  -9.6548315e-03  -4.0306585e-03  -1.0191476e-03
  -8.4009156e-03   6.7463078e-01   3.2183218e+00  -9.4195810e-03  -4.2462345e-03  -8.2455320e-04
  -1.7601762e-02   6.9301373e-01   3.2665760e+00  -8.4627169e-03  -4.1444930e-03  -9.4343641e-04
  -1.4415904e-02   7.2297017e-01   3.3670096e+00  -9.4415432e-03  -4.4808862e-03  -1.9718684e-03
  -1.6807880e-02   6.9042782e-01   3.3187886e+00  -7.5919619e-03  -3.4120056e-03  -9.0191680e-04
  -4.6150780e-03   7.0627659e-01   3.3166671e+00  -8.7929976e-03  -2.9020232e-03  -1.0717723e-03
   1.2895086e-02   6.9375177e-01   3.3303173e+00  -8.6941942e-03  -2.2992990e-03  -1.1043033e-03
   7.2621440e-03   6.9852161e-01   3.3527736e+00  -8.0475960e-03  -2.4514646e-03  -9.3143004e-04
   3.9019245e-03   7.0816741e-01   3.3543436e+00  -8.4047808e-03  -2.8977287e-03  -7.3526680e-04
   1.4517291e-02   7.0421252e-01   3.3340512e+00  -8.9212752e-03  -3.0821890e-03  -1.2076410e-03
  -7.5244549e-03   6.9211280e-01   3.3527766e+00  -8.5568495e-03  -2.8384581e-03  -8.5784785e-04
   1.5682563e-02   6.9774008e-01   3.3476753e+00  -9.3562809e-03  -3.0882111e-03  -1.2392575e-03
   3.3734114e-03   7.1237245e-01   3.3854174e+00  -8.5219305e-03  -2.9984570e-03  -5.7939105e-04
   1.2997340e-02   7.1131582e-01   3.3797793e+00  -8.8901703e-03  -2.8372018e-03  -8.0094118e-04
   1.3106403e-02   6.9890758e-01   3.3647308e+00  -8.8482567e-03  -3.3085536e-03  -1.1984603e-03
  -1.5593367e-03   7.0612535e-01   3.3762914e+00  -8.9821297e-03  -2.7839864e-03  -7.1630880e-04
  -5.6826385e-05   7.0056614e-01   3.3872535e+00  -8.8475254e-03  -2.8400064e-03  -7.4032940e-04
   1.4511899e-02   7.0928805e-01   3.3995655e+00  -9.0793737e-03  -2.7673001e-03  -9.4456404e-04
   1.8475276e-02   6.9748496e-01   3.4055404e+00  -8.5198961e-03  -2.3217048e-03  -6.5700334e-04
   3.9039248e-03   7.3021927e-01   3.4314985e+00  -9.0466310e-03  -2.7131829e-03  -8.1392955e-04
   1.2053680e-02   7.7402730e-01   3.4420341e+00  -9.2697531e-03  -3.3132044e-03  -7.0995287e-04
   1.5407996e-02   7.3497911e-01   3.4443435e+00  -9.3519609e-03  -3.8243321e-03  -1.0923187e-03
  -3.3733748e-03   7.7376294e-01   3.4251170e+00  -5.7651675e-03  -4.5891918e-03  -1.7340803e-03
  -2.1090422e-02   7.2228495e-01   3.4064841e+00  -7.4226411e-03  -4.6476263e-03  -1.1619696e-03
  -3.2943457e-02   7.4624130e-01   3.4246650e+00  -7.0194835e-03  -4.1684519e-03  -1.0407821e-03
  -1.5363152e-02   7.2812429e-01   3.4568676e+00  -7.2041252e-03  -4.1565620e-03  -7.8738767e-04
   1.5436090e-02   7.4443226e-01   3.4476459e+00  -7.8069445e-03  -3.8563761e-03  -1.3470029e-03
  -9.5555426e-03   7.2775489e-01   3.4755425e+00  -8.4098832e-03  -3.9018031e-03  -8.4290965e-04
  -1.5754989e-02   7.3386364e-01   3.4733360e+00  -8.4427106e-03  -4.3759987e-03  -9.9788910e-04
   1.7975291e-03   7.3226592e-01   3.4735580e+00  -8.3619183e-03  -4.0681616e-03  -1.2812790e-03
  -7.6121975e-03   7.2331393e-01   3.4921663e+00  -7.8959687e-03  -3.9026550e-03  -7.7526095e-04
  -1.1877001e-02   7.2457239e-01   3.5005573e+00  -7.9300649e-03  -4.0116106e-03  -6.2734561e-04
  -1.1573464e-03   7.2644648e-01   3.4978736e+00  -8.4000342e-03  -3.8449631e-03  -7.3130284e-04
  -7.8898943e-03   7.3236330e-01   3.5054886e+00  -8.3995923e-03  -4.2636784e-03  -9.3188801e-04
   4.5734289e-04   7.0586146e-01   3.5023361e+00  -9.2110482e-03  -3.7321268e-03  -7.0547299e-04
   2.5387329e-02   7.6360916e-01   3.5092686e+00  -8.9006809e-03  -3.4956841e-03  -1.1159976e-03
  -1.2850138e-02   7.5558161e-01   3.5307004e+00  -8.9934514e-03  -3.7865880e-03  -7.7217627e-04
   7.4445977e-03   7.4568238e-01   3.5531539e+00  -8.6670638e-03  -3.3431211e-03  -9.5804039e-04
  -9.0351134e-03   7.3876081e-01   3.5785709e+00  -8.7429800e-03  -4.0534437e-03  -8.1736817e-04
  -5.4533906e-03   7.5540282e-01   3.5776606e+00  -9.3567807e-03  -3.8409454e-03  -6.3344648e-04
   6.0951874e-03   7.5976441e-01   3.6025743e+00  -8.1665410e-03  -3.5297958e-03  -7.2060785e-04
  -6.6478908e-03   7.5847073e-01   3.6168526e+00  -8.6859809e-03  -3.9514093e-03  -5.5399571e-04
  -1.0420216e-02   7.4142777e-01   3.6483046e+00  -9.6005823e-03  -4.1852494e-03  -5.9714828e-04
  -1.6307028e-02   7.5287695e-01   3.6457672e+00  -9.0707231e-03  -4.7650051e-03  -1.0357112e-03
  -8.4209722e-03   7.4606669e-01   3.6538648e+00  -8.9681374e-03  -4.2811608e-03  -1.0810505e-03
   5.1643869e-05   7.5438248e-01   3.6484370e+00  -9.8723960e-03  -4.1616692e-03  -1.1953309e-03
  -1.3236875e-02   7.5866920e-01   3.6376756e+00  -1.0307587e-02  -4.4988878e-03  -8.9847590e-04
  -6.0374648e-04   7.7435680e-01   3.6644549e+00  -9.6456080e-03  -4.1706359e-03  -1.0503352e-03
  -3.2346949e-02   7.8230109e-01   3.6764437e+00  -9.4901752e-03  -4.2297571e-03  -3.2157984e-04
  -2.0679969e-02   7.5605897e-01   3.6860034e+00  -9.4683036e-03  -4.2540010e-03  -7.1097349e-04
   8.9222725e-03   7.6139077e-01   3.6861503e+00  -9.7655972e-03  -4.2018215e-03  -1.2320425e-03
  -2.0252993e-02   7.3265827e-01   3.6864924e+00  -9.7237062e-03  -4.9877325e-03  -6.6828307e-04
  -1.2647848e-02   7.7912835e-01   3.7045841e+00  -9.7302412e-03  -4.6992892e-03  -1.1892496e-03
  -4.5526457e-03   7.5900001e-01   3.7198630e+00  -9.7908624e-03  -4.3735258e-03  -5.9746432e-04
  -8.4273695e-03   7.5347660e-01   3.7528143e+00  -9.8212797e-03  -4.0809451e-03  -8.2743528e-04
   2.1225079e-03   7.6803572e-01   3.7663872e+00  -9.3829966e-03  -3.9675038e-03  -1.2300441e-03
   7.0496722e-03   7.6230050e-01   3.7584939e+00  -9.8369244e-03  -3.7299911e-03  -1.0327682e-03
  -9.2217863e-03   7.5867415e-01   3.7497080e+00  -9.5936605e-03  -4.0800097e-03  -8.6477251e-04
  -4.6469288e-03   7.5419235e-01   3.7567080e+00  -9.9220419e-03  -3.6521414e-03  -1.1446210e-03
  -2.6343722e-02   7.5077190e-01   3.7697520e+00  -9.6161706e-03  -3.7519897e-03  -5.9980753e-04
  -1.0002090e-02   7.6294289e-01   3.7760824e+00  -9.2107507e-03  -3.7080101e-03  -8.2998156e-04
  -2.2757149e-02   7.5942902e-01   3.7961381e+00  -9.2392157e-03  -3.0025803e-03  -3.6440580e-04
  -1.3030835e-02   7.8275602e-01   3.8119696e+00  -9.0146086e-03  -3.0966406e-03  -5.9540076e-04
  -1.5249291e-02   7.7744172e-01   3.8079708e+00  -9.1029384e-03  -3.5747280e-03  -5.8422376e-04
  -1.6135115e-02   7.8567724e-01   3.8149401e+00  -9.5403253e-03  -4.0776853e-03  -9.4765051e-04
   6.0449932e-04   7.7831044e-01   3.8664131e+00  -9.6700431e-03  -3.5061078e-03  -1.2427584e-03
  -1.7377638e-02   8.0879888e-01   3.9167472e+00  -8.8514472e-03  -2.6868866e-03  -6.2079034e-04
  -4.0844824e-02   7.9211653e-01   3.8281623e+00  -5.8578752e-03  -4.3184814e-03  -8.9111515e-04
  -2.1022037e-02   7.7052782e-01   3.8222064e+00  -6.8716306e-03  -4.2291173e-03  -1.4782923e-03
  -8.5562513e-03   7.9521551e-01   3.8435776e+00  -7.2714397e-03  -4.3557774e-03  -1.0474912e-03
  -2.3942825e-02   8.4649554e-01   3.9079398e+00  -7.7577812e-03  -2.8217349e-03  -1.0477532e-03
  -9.3889259e-03   8.1724842e-01   3.9345004e+00  -6.5445339e-03  -2.0887590e-03  -1.2229586e-03
  -2.6161974e-03   8.0261200e-01   3.9229564e+00  -8.6311513e-03  -2.7800889e-03  -1.4078216e-03
   1.2365874e-02   8.1093443e-01   3.9787873e+00  -7.5452970e-03  -1.8967634e-03  -1.7012747e-03
   1.3925503e-02   8.1319037e-01   3.9716393e+00  -7.8072102e-03  -2.2337089e-03  -1.2608509e-03
   2.5414515e-02   8.0185686e-01   3.9497949e+00  -9.3728468e-03  -1.8759587e-03  -1.8068272e-03
   2.4690052e-02   8.0353259e-01   3.9659224e+00  -9.3278628e-03  -2.4476094e-03  -1.4358445e-03
   8.7745840e-03   8.0729151e-01   3.9592191e+00  -9.8012140e-03  -2.6822209e-03  -1.0149371e-03
   2.5376329e-02   8.2102724e-01   3.9605686e+00  -9.7992545e-03  -2.5422425e-03  -1.5673909e-03
   1.4109919e-02   8.0333006e-01   3.9904392e+00  -9.0078791e-03  -2.8298145e-03  -1.5035861e-03
   1.0512631e-02   7.9397000e-01   4.0661124e+00  -8.1886728e-03  -2.2782758e-03  -1.4263538e-03
   2.8048157e-02   8.0323071e-01   4.0230179e+00  -9.7562316e-03  -1.6416780e-03  -1.6065164e-03
   7.8281875e-03   7.9505032e-01   4.0514825e+00  -9.0969260e-03  -2.0729048e-03  -1.2144917e-03
   7.9105569e-03   8.1119459e-01   4.0538632e+00  -9.3939607e-03  -2.2286775e-03  -8.0581890e-04
   1.1520578e-02   8.0865530e-01   4.0304221e+00  -1.0046435e-02  -2.5691300e-03  -1.3704339e-03
   2.7439736e-02   8.2101143e-01   4.0474309e+00  -9.6008760e-03  -2.4294532e-03  -1.8916327e-03
   1.8767885e-02   8.0151782e-01   4.0507793e+00  -9.7201618e-03  -2.2534516e-03  -1.2387763e-03
   7.9773245e-03   8.0344556e-01   4.0507979e+00  -9.8455211e-03  -2.3097482e-03  -1.0076458e-03
   2.9454201e-03   8.3403097e-01   4.0925220e+00  -9.4307335e-03  -2.7180145e-03  -1.1458472e-03
   1.3098864e-02   8.3423724e-01   4.1059609e+00  -9.4090496e-03  -2.6342567e-03  -1.0362853e-03
   2.8856190e-03   8.4704358e-01   4.1258110e+00  -9.4242262e-03  -2.7345139e-03  -1.1000844e-03
   6.9640144e-03   8.2550339e-01   4.1304916e+00  -9.3332203e-03  -3.0235346e-03  -1.1768957e-03
  -7.4778124e-04   8.1268601e-01   4.1246135e+00  -1.0207595e-02  -3.0557269e-03  -8.6144410e-04
   7.3090602e-03   8.2944027e-01   4.1379168e+00  -9.8841443e-03  -3.2265378e-03  -1.2228117e-03
   5.7863193e-03   8.2879078e-01   4.1400848e+00  -9.9164675e-03  -3.3876863e-03  -1.4258011e-03
   2.2919315e-02   8.1606611e-01   4.1634994e+00  -9.8707442e-03  -3.1919443e-03  -1.1784883e-03
   3.9753729e-03   8.3900608e-01   4.1764296e+00  -9.0470886e-03  -2.7152467e-03  -1.1228910e-03
   1.2467964e-02   8.2680239e-01   4.1702118e+00  -9.4552440e-03  -2.7248834e-03  -1.0396964e-03
   7.0541749e-03   8.3343707e-01   4.1888337e+00  -8.9559312e-03  -2.4511217e-03  -1.0338115e-03
   8.0953297e-03   8.2686904e-01   4.1828162e+00  -9.2248944e-03  -2.4029727e-03  -8.1556342e-04
   1.8944423e-03   8.3477599e-01   4.1780588e+00  -9.3844463e-03  -2.4497234e-03  -9.3142180e-04
   2.2967301e-02   8.3697339e-01   4.1955144e+00  -9.0618467e-03  -2.6077466e-03  -1.3895494e-03
  -1.2053789e-02   8.3525474e-01   4.2030734e+00  -9.4077584e-03  -2.9603232e-03  -9.5800220e-04
   1.2240125e-02   8.3338747e-01   4.2012452e+00  -9.7218886e-03  -2.7806065e-03  -1.3395145e-03
  -9.6904646e-03   8.6154666e-01   4.2112875e+00  -9.0541598e-03  -2.7088223e-03  -7.8064607e-04
   1.0850807e-02   8.6942671e-01   4.2099122e+00  -9.2563844e-03  -1.9421545e-03  -7.7533347e-04
   4.6936584e-03   8.4992117e-01   4.2142182e+00  -9.0532264e-03  -2.5340708e-03  -9.4038506e-04
   1.8602593e-02   8.5741076e-01   4.2095483e+00  -9.5231294e-03  -2.4369285e-03  -1.2705218e-03
   2.0568598e-02   8.6116663e-01   4.2235564e+00  -9.5322173e-03  -2.7734970e-03  -1.3275428e-03
   2.6575439e-03   8.4870685e-01   4.2317076e+00  -9.7725426e-03  -3.4802168e-03  -9.1624787e-04
   3.2207219e-03   8.5882369e-01   4.2715114e+00  -9.6097104e-03  -3.6347466e-03  -1.1270963e-03
   5.8295639e-03   8.5502216e-01   4.2515452e+00  -1.0129786e-02  -3.0408068e-03  -1.1473970e-03
   4.8746809e-03   8.7848370e-01   4.2678803e+00  -1.0341474e-02  -3.1983445e-03  -1.2497586e-03
   5.2090601e-03   8.6681331e-01   4.3068417e+00  -9.7104236e-03  -3.5287676e-03  -1.0899935e-03
  -2.1088629e-03   8.6236180e-01   4.3052068e+00  -9.8745786e-03  -3.0858197e-03  -1.0196367e-03
  -3.6186741e-03   8.7824316e-01   4.3065617e+00  -1.0374042e-02  -3.7326956e-03  -1.0879166e-03
  -2.8433823e-03   8.6113605e-01   4.3018316e+00  -1.0405344e-02  -3.4169828e-03  -1.2037998e-03
  -3.8060708e-04   8.7174211e-01   4.3219351e+00  -9.4676326e-03  -2.7527350e-03  -1.2316731e-03
  -9.4045821e-03   8.6247720e-01   4.3192354e+00  -9.7269290e-03  -3.3322516e-03  -1.0931882e-03
   1.0714660e-02   8.7173786e-01   4.3327970e+00  -9.6643740e-03  -2.8437581e-03  -1.1487861e-03
  -6.2096787e-02   9.1883059e-01   4.3855445e+00  -6.6284860e-03  -4.3858252e-03  -5.2805120e-04
  -6.1864861e-02   8.8195317e-01   4.3728318e+00  -7.1399384e-03  -6.2107328e-03  -8.6442410e-04
  -5.4192497e-02   8.6396215e-01   4.3630458e+00  -7.9477269e-03  -5.7411060e-03  -3.9042745e-04
  -3.2995034e-02   8.7859229e-01   4.4059502e+00  -7.8290453e-03  -5.1239148e-03  -6.1304200e-04
  -5.9255304e-02   8.7273267e-01   4.3974146e+00  -7.5627534e-03  -4.9885740e-03  -3.6661782e-04
  -5.7490126e-02   8.5950927e-01   4.3931203e+00  -8.3139033e-03  -4.2306888e-03  -4.8262277e-04
  -2.1294869e-02   8.7266953e-01   4.3865473e+00  -8.8887966e-03  -3.6938151e-03  -6.8426894e-04
  -2.2407754e-02   8.7742246e-01   4.4090954e+00  -8.4085323e-03  -3.4704215e-03  -9.7577508e-04
  -8.8562936e-03   9.4527970e-01   4.3345004e+00  -8.5714949e-03  -2.8744541e-03  -1.7406066e-03
  -6.5377083e-03   9.2776572e-01   4.3377564e+00  -8.7919626e-03  -2.7364626e-03  -1.4675353e-03
   2.8724457e-02   9.2581439e-01   4.4390141e+00  -8.8941890e-03  -2.8052643e-03  -2.3110245e-03
   1.3853053e-02   9.4274218e-01   4.5161527e+00  -8.5311567e-03  -1.7720594e-03  -1.5907234e-03
  -4.2800723e-02   9.3990138e-01   4.5059307e+00  -6.6679970e-03  -4.5902788e-03  -7.8969596e-04
  -4.3999836e-02   9.2490520e-01   4.4853638e+00  -8.2279527e-03  -4.8173060e-03  -9.0627946e-04
  -3.1575083e-02   9.3381155e-01   4.5009278e+00  -8.1100536e-03  -4.7498212e-03  -1.0410916e-03
  -4.2035186e-02   9.4419792e-01   4.5147521e+00  -8.5601928e-03  -5.2430062e-03  -5.1527782e-04
  -3.8246877e-02   9.3866134e-01   4.4793083e+00  -8.9048683e-03  -5.0046359e-03  -2.6091735e-04
  -2.7135524e-02   9.4151264e-01   4.4937630e+00  -9.1960657e-03  -4.8899729e-03  -1.1581684e-03
  -2.3522362e-02   9.1285880e-01   4.5177884e+00  -8.1786743e-03  -4.6169963e-03  -9.9475732e-04
  -2.8081924e-02   9.2870878e-01   4.5122991e+00  -8.5314957e-03  -4.7325391e-03  -5.3458602e-04
  -2.6795381e-02   9.5358202e-01   4.5163080e+00  -8.7431444e-03  -4.3786289e-03  -9.6427602e-04
  -6.5516143e-03   9.4877856e-01   4.5316142e+00  -8.5776240e-03  -4.0006531e-03  -1.1772596e-03
  -3.5358436e-02   9.3357684e-01   4.5435945e+00  -9.4082200e-03  -4.7179316e-03  -5.6370616e-04
  -2.3134210e-02   9.2687587e-01   4.5673906e+00  -9.4722669e-03  -5.3984333e-03  -1.1668129e-03
  -2.8997809e-02   9.3058590e-01   4.5810994e+00  -9.1180901e-03  -5.8337225e-03  -9.3900934e-04
  -3.1783409e-02   9.4258773e-01   4.5997741e+00  -9.0296424e-03  -5.1446541e-03  -7.2049109e-04
  -3.6088477e-02   9.1113928e-01   4.5761515e+00  -9.9057729e-03  -5.4171750e-03  -1.0303845e-03
  -3.2303277e-02   9.1797701e-01   4.5951326e+00  -9.3297729e-03  -4.9173743e-03  -5.3836440e-04
  -2.2790094e-02   9.2883611e-01   4.5690509e+00  -9.8259807e-03  -4.7083125e-03  -7.7558986e-04
  -3.2078143e-02   9.5073339e-01   4.6093268e+00  -9.0853998e-03  -4.2409607e-03  -4.0340056e-04
   8.1709272e-03   9.1225069e-01   4.6094991e+00  -9.7636393e-03  -2.4515326e-03  -6.0646574e-04
  -8.9102843e-03   9.0882945e-01   4.6121667e+00  -9.3943711e-03  -3.1579798e-03  -3.4794578e-04
  -1.5170216e-02   8.9955997e-01   4.6060588e+00  -1.0098317e-02  -3.5138876e-03  -5.7429384e-04
  -2.8517109e-03   9.2728454e-01   4.6364828e+00  -9.0226509e-03  -3.3922113e-03  -7.5901912e-04
   1.3623945e-03   9.3515564e-01   4.6375196e+00  -9.4195816e-03  -3.3072319e-03  -7.8735779e-04
   4.1522037e-03   9.3444066e-01   4.6446026e+00  -9.0896020e-03  -3.4012318e-03  -1.1696449e-03
  -2.4833559e-02   9.4168728e-01   4.6500775e+00  -9.9088017e-03  -3.9188287e-03  -2.5039118e-04
  -9.7541034e-03   9.3833912e-01   4.6548530e+00  -9.7805191e-03  -4.0989728e-03  -8.8784632e-04
  -5.2820739e-03   9.3556364e-01   4.6742673e+00  -9.6379349e-03  -4.1096393e-03  -9.4507823e-04
  -2.0491406e-02   9.4106804e-01   4.6702610e+00  -1.0391668e-02  -4.2314176e-03  -4.2366976e-04
  -1.9696256e-02   9.4221005e-01   4.6837694e+00  -1.0244441e-02  -4.0091227e-03  -3.4058554e-04
  -1.8939748e-02   9.2961644e-01   4.6706635e+00  -1.0185662e-02  -4.2095675e-03  -4.1392225e-04
  -1.8185152e-02   9.3391878e-01   4.6820962e+00  -1.0010680e-02  -3.6844537e-03  -1.5480340e-04
  -2.2014140e-02   9.2330994e-01   4.6952529e+00  -1.0443099e-02  -1.6771812e-03   2.8546874e-04
   1.1964167e-02   9.2047316e-01   4.7108376e+00  -9.4102976e-03  -2.4335268e-03  -4.1691426e-04
  -8.8390158e-03   9.2211940e-01   4.6866783e+00  -9.9996446e-03  -2.5559001e-03  -9.3348898e-05
   6.1848502e-03   9.3840032e-01   4.7322277e+00  -9.0915175e-03  -2.2621535e-03  -5.0520293e-04
   1.1732067e-02   9.2567209e-01   4.7413333e+00  -9.7163217e-03  -1.8969843e-03  -3.0529121e-04
  -1.7703812e-01   8.6194680e-01   4.5208090e+00  -6.2310582e-03  -5.9145573e-03   2.1260048e-03
  -7.8300780e-02   8.1024375e-01   4.3634704e+00  -3.0676639e-04  -3.0377499e-03   1.4940683e-03
  -9.2151351e-02   7.1722118e-01   4.4546141e+00  -9.3040906e-03  -4.0745812e-03   2.2911700e-03
  -9.1651720e-02   7.9511802e-01   4.5064130e+00  -8.9602531e-03  -3.5649898e-03   1.4302172e-03
  -9.0517239e-02   8.2392176e-01   4.5346647e+00  -8.9901109e-03  -3.9916716e-03   1.2287459e-03
  -1.0260484e-01   8.3766438e-01   4.5876154e+00  -8.5398538e-03  -4.4737080e-03   1.1030128e-03
  -1.0434658e-01   8.5493718e-01   4.6128969e+00  -9.1638763e-03  -4.2370461e-03   1.0309347e-03
  -9.9008188e-02   8.6202311e-01   4.6183481e+00  -9.4426160e-03  -3.9498282e-03   6.6205433e-04
  -8.5571812e-02   8.4675307e-01   4.5872119e+00  -1.0381933e-02  -4.1518865e-03   4.0761693e-04
  -9.6634082e-02   8.7328426e-01   4.5813956e+00  -9.2557003e-03  -3.9907649e-03   6.1711170e-04
  -8.0566052e-02   8.4660866e-01   4.5719962e+00  -9.3419392e-03  -3.9958577e-03   2.9137078e-04
  -1.0652255e-01   8.3744045e-01   4.5868964e+00  -9.8679202e-03  -4.0000296e-03   4.3046872e-04
  -1.2415693e-01   6.3110938e-01   3.9241254e+00  -7.7453367e-03  -1.0338461e-02  -1.0597054e-03
  -9.9472806e-02   5.2179653e-01   4.2273409e+00   8.2957843e-03  -6.0645173e-03   2.0537719e-03
  -2.6124603e-02   7.3909781e-01   4.4046550e+00  -1.4359777e-03  -2.8031221e-03  -1.0182720e-04
  -2.7996213e-02   7.6076926e-01   4.4590676e+00  -2.2406207e-03  -2.7882689e-03  -2.1323659e-04
  -3.1748118e-02   8.0764982e-01   4.5490044e+00  -3.6107682e-03  -3.5947522e-03  -4.0861255e-04
  -2.6884438e-02   7.8870586e-01   4.5809509e+00  -5.1119426e-03  -4.1975942e-03  -6.4920126e-04
  -3.1023396e-02   8.2380236e-01   4.5896632e+00  -5.2134174e-03  -4.0594260e-03  -5.0416838e-04
  -1.7759408e-02   8.2245309e-01   4.6207295e+00  -4.9039201e-03  -4.0013163e-03  -6.2976049e-04
  -2.5170054e-02   8.2018109e-01   4.6093478e+00  -5.4927659e-03  -4.1530405e-03  -5.1347279e-04
  -3.2747974e-02   8.3226270e-01   4.5886462e+00  -5.7909215e-03  -4.5755243e-03  -4.8810059e-04
  -4.5543113e-02   8.1867007e-01   4.6271884e+00  -5.3743858e-03  -4.2118945e-03  -2.9187512e-04
  -2.8163512e-02   8.2059701e-01   4.6417368e+00  -5.4051124e-03  -3.9750031e-03  -6.3383404e-04
  -1.9925754e-02   8.2940463e-01   4.6606429e+00  -4.9030717e-03  -3.6900895e-03  -5.9836510e-04
  -1.7241711e-02   8.6326664e-01   4.6784043e+00  -4.9394410e-03  -4.1898037e-03  -7.6996352e-04
  -2.3482627e-02   8.8344728e-01   4.6777572e+00  -4.7568208e-03  -3.6661698e-03  -1.6626304e-04
  -2.3031501e-02   8.7396552e-01   4.6958576e+00  -4.4570015e-03  -3.9826175e-03  -5.6681979e-04
  -2.8250701e-02   8.7354921e-01   4.7065276e+00  -4.8819373e-03  -4.1609642e-03  -3.4687061e-04
  -3.5255338e-02   8.7065175e-01   4.7164059e+00  -4.8025040e-03  -3.9095042e-03  -6.8239437e-04
  -3.2293860e-02   8.7810857e-01   4.7266977e+00  -4.5731276e-03  -4.1096606e-03  -5.5127690e-04
  -3.1287283e-02   8.7786288e-01   4.7246827e+00  -4.9501213e-03  -4.3490662e-03  -5.6194853e-04
  -3.4685050e-02   8.9162413e-01   4.7397387e+00  -4.7708569e-03  -4.3284594e-03  -5.6857562e-04
  -3.1738653e-02   8.8801423e-01   4.7519380e+00  -4.8449721e-03  -3.6759625e-03  -8.6313090e-05
  -3.8979770e-02   8.8145560e-01   4.7518391e+00  -5.0463788e-03  -4.1626439e-03  -5.4666150e-04
  -4.4172532e-02   8.8845254e-01   4.7690090e+00  -4.4811332e-03  -4.2425297e-03  -3.3772767e-04
  -3.3983349e-02   8.9675513e-01   4.7540471e+00  -5.0268307e-03  -4.2763315e-03  -4.7992973e-04
  -5.3418757e-02   8.9325647e-01   4.8008431e+00  -4.4909870e-03  -4.1128158e-03  -3.4178297e-05
  -3.3826657e-02   8.8878441e-01   4.7994768e+00  -4.9495823e-03  -4.4642674e-03  -4.1235516e-04
  -3.6272380e-02   9.1190393e-01   4.8089976e+00  -4.5643085e-03  -4.1472427e-03  -4.1157963e-04
  -3.7156876e-02   8.9593701e-01   4.8047963e+00  -5.1480578e-03  -4.1285860e-03  -4.7624449e-04
  -4.2704355e-02   9.0199948e-01   4.8375881e+00  -4.2322017e-03  -3.5465144e-03   8.6835939e-05
  -2.4553437e-02   8.9062539e-01   4.8177958e+00  -5.0870159e-03  -3.9048713e-03  -7.3561700e-04
  -3.9392041e-02   8.8687947e-01   4.8545641e+00  -4.2691845e-03  -3.8450659e-03  -2.5133939e-04
  -3.7810103e-02   8.9471816e-01   4.8447600e+00  -4.9379050e-03  -3.8313785e-03  -6.6638406e-04
  -3.3629291e-02   9.0556529e-01   4.8644695e+00  -4.6034195e-03  -4.0183186e-03  -6.7512351e-04
  -3.2214809e-02   8.8955454e-01   4.8636638e+00  -5.2852559e-03  -4.2414126e-03  -7.1678895e-04
  -3.7241062e-02   9.1435542e-01   4.8878624e+00  -4.3610730e-03  -4.0550088e-03  -4.2599988e-04
  -4.8936463e-02   9.0089861e-01   4.9114956e+00  -4.7291471e-03  -4.3375173e-03  -3.5061603e-04
  -1.8978544e-02   9.2503203e-01   4.9084883e+00  -4.8779281e-03  -3.9485615e-03  -5.0510553e-04
  -3.9053240e-02   9.2789967e-01   4.9175903e+00  -4.6908458e-03  -3.9814056e-03  -7.1441895e-04
  -2.1782466e-02   9.2878657e-01   4.9183551e+00  -4.6981824e-03  -3.8407998e-03  -7.9984664e-04
  -3.2420311e-02   9.3182601e-01   4.9211462e+00  -5.4918052e-03  -3.7521239e-03  -7.1942816e-04
  -3.6588257e-02   9.1625715e-01   4.9025977e+00  -5.8023481e-03  -4.2333521e-03  -7.0533204e-04
  -2.6406376e-02   8.9651510e-01   4.9178356e+00  -5.7895670e-03  -4.0895597e-03  -8.5454665e-04
  -2.9782370e-02   9.1024446e-01   4.9600114e+00  -5.3715742e-03  -3.8561438e-03  -8.2564144e-04
  -1.7190105e-02   9.1573137e-01   4.9606574e+00  -5.5935801e-03  -3.6524420e-03  -7.9341559e-04
  -1.6843524e-02   9.1152246e-01   4.9795497e+00  -5.1338052e-03  -3.4616012e-03  -1.1156646e-03
  -1.0366027e-02   9.1809429e-01   4.9575374e+00  -6.0057248e-03  -3.3558485e-03  -1.1663194e-03
  -3.6233237e-02   9.3533852e-01   4.9984720e+00  -4.9044778e-03  -3.5139936e-03  -2.1739532e-04
  -2.1543766e-02   9.6460377e-01   5.0201326e+00  -5.0592809e-03  -3.7685993e-03  -8.2648611e-04
  -3.7040858e-02   9.3290637e-01   5.0030832e+00  -5.7470880e-03  -4.0093769e-03  -7.8400468e-04
  -2.0002982e-02   9.2064581e-01   5.0220519e+00  -5.3031200e-03  -3.5575477e-03  -8.5160680e-04
  -1.4169113e-02   9.4376247e-01   5.0148367e+00  -5.9886772e-03  -3.6244418e-03  -8.7400813e-04
   7.9598654e-02   1.1214006e+00   4.8944136e+00  -9.2901544e-04  -2.6185677e-03  -4.3890213e-03
   4.7363627e-02   1.1050702e+00   5.0781873e+00   4.1952131e-03  -2.3330134e-03  -3.3401543e-03
   6.9765127e-02   1.1433729e+00   5.0491815e+00   8.1984765e-04  -4.7827814e-04  -4.0504799e-03
  -2.7415919e-01   8.0591532e-01   4.8688834e+00   2.2490770e-03  -9.1472042e-03   1.4752701e-03
  -4.5439691e-02   8.6965261e-01   4.8987788e+00   2.2246061e-03  -3.0086814e-03  -1.0794554e-03
   9.6128793e-03   9.0926086e-01   4.9927050e+00  -4.1659481e-03  -2.4152682e-03  -1.6946198e-03
  -8.5019361e-03   9.3703644e-01   5.1271580e+00  -3.9532889e-03  -2.6595864e-03  -1.0130328e-03
  -2.3855821e-02   9.7698314e-01   5.1131849e+00  -8.3750604e-03  -2.7494663e-03  -7.7398708e-04
  -1.7046266e-02   9.2741353e-01   5.1899419e+00  -7.5223757e-03  -2.4581835e-03  -6.8838926e-04
  -2.4433335e-02   9.4047468e-01   5.2314439e+00  -8.7944511e-03  -2.8791685e-03  -6.8866763e-04
  -3.9901627e-02   9.6075327e-01   5.2602044e+00  -9.4958603e-03  -3.0850366e-03  -2.8971246e-04
  -2.3808056e-02   9.5864088e-01   5.2374692e+00  -9.8913108e-03  -3.7733924e-03  -5.1284323e-04
  -2.3468004e-02   9.6877676e-01   5.2570296e+00  -1.0134389e-02  -3.5664853e-03  -3.8010291e-04
  -2.3426275e-02   9.6976176e-01   5.2399429e+00  -1.0621506e-02  -3.5400378e-03  -1.1131328e-04
  -1.4777013e-02   9.5054685e-01   5.2242719e+00  -1.1345375e-02  -3.4491296e-03  -7.5071395e-04
  -1.1173414e-02   9.6794653e-01   5.2436524e+00  -1.1259707e-02  -3.0246670e-03  -8.2417984e-04
   4.4420103e-04   9.6501770e-01   5.2600113e+00  -1.0946071e-02  -3.3437788e-03  -1.4220373e-03
  -3.3120791e-02   9.5526203e-01   5.2572706e+00  -1.1449211e-02  -3.7497231e-03  -8.7847858e-04
  -2.4645463e-02   9.5333049e-01   5.2645700e+00  -1.1704955e-02  -2.9539377e-03  -3.6106525e-04
  -1.9372000e-02   9.9841495e-01   5.3083703e+00  -1.0585859e-02  -3.2567386e-03  -8.4572368e-04
  -3.0278263e-02   9.6586526e-01   5.2961162e+00  -1.0883921e-02  -3.3528760e-03  -4.6443781e-04
  -3.6913956e-02   9.7118729e-01   5.2980603e+00  -1.1066845e-02  -3.3917981e-03  -2.9737236e-04
  -3.3963830e-02   9.8041655e-01   5.3161557e+00  -1.0567090e-02  -2.9168903e-03  -4.9855023e-04
  -2.5474812e-02   9.5895057e-01   5.2986361e+00  -1.1287344e-02  -3.2055225e-03  -4.4660145e-04
  -2.6775486e-02   9.9529927e-01   5.3128532e+00  -1.1022674e-02  -3.6690924e-03  -6.6642153e-04
  -2.8548473e-02   9.7197386e-01   5.3161159e+00  -1.0982584e-02  -3.1145459e-03  -2.9425672e-04
