  -6.4539699e-15  -1.4210855e-14   6.7425747e-15   3.1673407e-18   1.8228892e-18  -7.7037198e-34
   2.5488996e-02   1.1155552e-01  -1.0900354e-01   9.8229985e-04  -2.0019142e-04  -1.0576704e-03
   6.0275504e-02   1.5889270e-01  -4.1069926e-01   4.0540236e-03   2.1776026e-04  -3.0315030e-03
   8.6223963e-02   2.0291765e-01  -4.3516039e-01   3.5394754e-03  -1.8252720e-03  -5.1997156e-03
   1.0796627e-01   2.2781603e-01  -4.7230147e-01   4.5706893e-03  -3.3365923e-04  -5.5832003e-03
   9.9167938e-02   2.0302970e-01  -2.8893382e-01   6.2882718e-03   2.2276386e-04  -5.1277919e-03
  -6.6723113e-03   1.3124722e-01  -3.3075714e-02   1.4453141e-03  -9.6827887e-04  -1.2208134e-03
   3.8457571e-02   1.0419570e-01  -5.5986035e-02   4.1998420e-03   1.5550812e-03  -6.4590182e-05
   5.2502541e-02   1.0101150e-01  -1.9257371e-01   1.8370356e-03   8.2657160e-04  -1.3551255e-03
   6.1973344e-02   1.7179724e-01  -3.3903559e-01   5.5530654e-03   1.1895560e-03  -2.5198706e-03
   4.8689470e-02   1.6041996e-01  -5.1431268e-01   4.6978437e-03   9.6297293e-04  -3.0546180e-03
   4.7752027e-02   1.6018152e-01  -4.1252358e-01   4.8455977e-03   1.1733309e-03  -2.4404471e-03
   2.9150346e-02   1.7092495e-01  -2.9461022e-01   5.8598562e-03   8.7993908e-04  -2.1862040e-03
   7.7688003e-02   1.6917069e-01  -5.1805335e-01   4.5824536e-03   1.8692311e-04  -4.2539322e-03
   1.0880446e-01   1.8817285e-01  -6.2708298e-01   4.9143359e-03   9.6631654e-04  -5.7416053e-03
   8.9743826e-02   1.5465634e-01  -6.7574685e-01   3.6372860e-03   1.0619900e-03  -4.2416734e-03
   1.1010505e-01   1.8678077e-01  -5.2853266e-01   7.7201085e-03   5.1034701e-04  -5.1893226e-03
   5.7245589e-02   1.4910547e-01  -2.9010911e-01   5.0818749e-03   1.7479737e-04  -3.3692700e-03
   5.4781697e-02   1.3060787e-01  -3.1099750e-01   3.8242777e-03   4.2063842e-04  -3.4115719e-03
   4.8488990e-02   1.2966219e-01  -3.0463456e-01   4.5534622e-03   2.0751856e-04  -3.4239067e-03
   5.7580564e-02   1.1753871e-01  -2.7336040e-01   3.4102447e-03   5.7742346e-04  -3.5257166e-03
   5.0932506e-02   1.1291540e-01  -3.3965142e-01   2.7510244e-03   1.0119962e-03  -2.9173289e-03
   3.1846081e-02   7.2695230e-02  -3.0190112e-01   2.2650460e-03   1.6248714e-04  -2.2109198e-03
   2.9089068e-02   8.9115184e-02  -2.5771142e-01   2.2762213e-03  -8.6220003e-05  -2.1673462e-03
   2.0715510e-02   5.6972658e-02  -2.6754417e-01   1.7395798e-03   4.5123664e-05  -1.7053811e-03
  -1.3583821e-02   2.8351785e-02  -2.4419041e-01   2.1384561e-03   3.6163394e-04  -1.0118478e-03
  -2.9723989e-03   3.5961454e-02  -2.4347733e-01   1.0636881e-03   1.8788403e-04  -1.3442869e-03
  -8.7778445e-03   2.7711838e-02  -2.3468539e-01   7.9324071e-04  -9.6675349e-05  -1.2387682e-03
  -3.5743763e-03   2.3195628e-02  -2.7306799e-01   1.8940311e-03   5.3293632e-05  -1.5887592e-03
  -1.6003880e-04   3.9715729e-02  -2.6435644e-01   4.1479380e-04  -3.1454597e-04  -1.5316327e-03
   1.5616620e-03   7.9599649e-03  -2.7546814e-01  -1.4056323e-04   1.8663243e-04  -1.4507990e-03
   6.2712695e-04  -9.3847877e-04  -2.5676996e-01   5.5782093e-04   4.8939116e-04  -1.6043103e-03
   6.5548782e-03   1.0140963e-02  -3.2146201e-01  -1.5322213e-04  -2.0621889e-04  -1.1253876e-03
   1.2947824e-02  -1.4434903e-02  -2.8549782e-01   6.6963611e-04   2.5965574e-04  -2.0328799e-03
   4.5661211e-03   9.9258277e-03  -2.4080495e-01   3.2286840e-04   7.5211559e-05  -1.7463821e-03
  -7.2731507e-03   1.5530712e-03  -2.5892810e-01   1.3070108e-04  -2.5702311e-04  -1.8890753e-03
   7.9125322e-03   1.7834144e-02  -2.1980432e-01   1.0349400e-03  -1.8515222e-03  -2.2681428e-03
   1.0204417e-02  -2.0634364e-02  -2.6422158e-01  -6.5279962e-04  -1.1890864e-03  -1.9277199e-03
   1.3832347e-02  -1.7876201e-02  -2.5269012e-01  -5.7801124e-04  -1.1947180e-03  -2.0707600e-03
   2.5312406e-02   1.4386963e-02  -2.2316661e-01  -4.9873968e-04  -7.3602710e-04  -2.0420637e-03
   8.1038401e-03   2.6720394e-03  -2.5536654e-01  -9.9587350e-04  -9.2511066e-04  -2.0491115e-03
   4.7326148e-03  -7.1118238e-03  -2.1079326e-01  -4.2726974e-06  -6.4016705e-04  -1.7166115e-03
   1.3858435e-02   1.7644008e-02  -2.2102153e-01  -5.7716887e-04  -9.2967545e-04  -1.7519350e-03
   4.2214133e-03  -5.8781879e-03  -2.5232749e-01  -9.8817253e-04  -1.5953416e-04  -1.8065432e-03
   5.2223669e-03   4.5181815e-03  -2.5037064e-01  -1.0652760e-03  -5.1840305e-04  -1.7417824e-03
  -1.1140349e-02   2.6923902e-03  -2.0807905e-01   6.8122549e-05  -7.3479880e-04  -1.3169904e-03
   8.9383897e-03  -1.2052396e-02  -2.2069117e-01   3.5707961e-04  -4.3626788e-04  -1.6788245e-03
  -6.4084644e-03  -2.3177395e-02  -1.8308383e-01   1.1528568e-04  -3.5740651e-04  -1.4801834e-03
   7.5341697e-04   8.0608985e-04  -2.0118861e-01   1.0577482e-04  -6.2080211e-04  -1.5403435e-03
   2.0694694e-05   5.1549756e-03  -2.3868106e-01  -8.8994135e-04  -7.8540460e-04  -1.6286551e-03
  -1.2013830e-02   7.2192186e-03  -2.2395969e-01  -8.5715219e-04  -8.2229905e-04  -1.7664331e-03
  -8.5259889e-03  -2.6793955e-04  -2.2249735e-01  -1.5125676e-03  -5.3458152e-04  -1.3050941e-03
  -1.0344344e-02  -1.2944579e-03  -2.2449232e-01  -8.5234263e-04  -6.3786424e-04  -1.2994232e-03
  -4.2167677e-03  -6.4837464e-03  -2.2389306e-01  -1.3024511e-03  -1.1693137e-03  -1.5830636e-03
  -1.9791703e-03  -1.3413788e-02  -2.0565443e-01  -6.7923857e-04  -1.0647958e-03  -1.5077783e-03
  -1.2765128e-02   4.9326728e-03  -2.2510488e-01  -3.2563244e-04  -7.4306189e-04  -1.5653245e-03
  -1.8092537e-02  -8.8629514e-03  -1.8696538e-01  -7.3714486e-04  -1.5301388e-03  -1.5468238e-03
  -1.5044321e-02   4.1765368e-03  -1.9251170e-01  -8.7864697e-04  -1.4954221e-03  -1.8944450e-03
  -9.2393950e-03   3.3793154e-02  -1.9762744e-01   2.7781233e-04  -9.8277765e-04  -2.0277088e-03
  -3.5605851e-02   1.9189012e-02  -2.2198255e-01  -1.1336712e-03  -7.6812086e-04  -1.4093909e-03
  -4.2353927e-02   2.3291156e-02  -1.7195983e-01  -6.2358635e-04  -7.5595468e-04  -1.0179572e-03
   2.5150612e-03   2.1300148e-02  -1.8002886e-01  -1.4611630e-03  -3.7362107e-04  -1.3406628e-03
  -6.4650663e-03   1.9786216e-02  -1.9824278e-01  -1.7796931e-03  -4.9761002e-04  -1.4479281e-03
  -3.2264208e-02  -1.0864579e-02  -1.5353832e-01  -5.4137393e-04  -1.4834988e-03  -2.3618384e-03
  -1.4427947e-02   1.8585826e-02  -1.5453095e-01  -9.3580625e-04  -2.7271810e-04  -1.1394442e-03
  -3.4168101e-03   3.4837455e-03  -1.7152447e-01  -1.1411843e-03   9.0154032e-06  -1.2852849e-03
  -2.4614646e-02   2.5515100e-02  -1.5256702e-01  -8.6033968e-04  -3.7949491e-04  -1.1814294e-03
  -1.9681738e-02   1.6229785e-02  -1.6573696e-01  -1.2340248e-03  -1.9558460e-04  -1.2187276e-03
  -3.7668135e-03  -1.1728796e-02  -1.4994977e-01  -4.0228320e-04  -3.6833633e-04  -1.4132790e-03
  -2.6161160e-02   6.3235339e-03  -1.6658861e-01  -1.5904888e-03  -3.0898362e-04  -1.0691470e-03
  -2.8782855e-02   2.0586039e-02  -1.3309372e-01  -1.2236311e-03  -4.0653686e-04  -9.1232606e-04
  -1.3438530e-03   9.0602955e-03  -1.5889639e-01  -2.3491489e-03  -2.9870995e-04  -1.5514738e-03
  -1.8621086e-02   5.4320938e-03  -1.6991902e-01  -1.4970012e-03  -8.2491370e-04  -1.3710090e-03
  -3.1230136e-02   2.9244171e-02  -1.0983670e-01  -1.3922093e-03  -8.4386556e-05  -1.0152997e-03
  -2.2432415e-02   3.4069082e-02  -1.2995558e-01  -2.3428976e-03  -3.5053120e-04  -1.2035877e-03
  -7.2352931e-03   7.0204277e-04  -1.0983097e-01  -2.3211801e-03  -2.5271046e-04  -1.4150271e-03
  -2.5180063e-02   1.5875302e-02  -1.1865428e-01  -1.5185616e-03  -5.0673720e-04  -1.1996535e-03
  -1.4540999e-02   3.9869420e-03  -1.0337185e-01  -1.7161393e-03  -1.9355918e-04  -1.3816378e-03
  -2.7916096e-02   2.7687565e-02  -9.0657910e-02  -1.8822592e-03  -3.0836407e-04  -8.7016226e-04
  -2.7136066e-02   2.0634817e-02  -1.0193759e-01  -2.0866187e-03  -7.2854255e-04  -1.2625671e-03
   1.0438573e-02   4.4736660e-03  -4.9223012e-02  -1.3242808e-03   4.2267493e-04  -4.6142068e-04
  -1.0608487e-02  -2.4792048e-02  -6.8340764e-02  -1.7179892e-03   6.3300205e-04  -1.2181343e-03
  -1.2009801e-02   1.1582711e-02  -8.0049100e-02  -1.8411660e-03   2.8024477e-04  -1.3948842e-03
  -1.5757198e-02   3.3988407e-02  -7.7433304e-02  -2.2798053e-03   3.6978207e-04  -9.9436601e-04
  -3.0318158e-02   2.2648896e-02  -8.4937424e-02  -2.4063854e-03   4.5190958e-04  -9.6562330e-04
  -3.1870424e-02   2.4158608e-02  -1.9331358e-02  -1.2196457e-03   5.2404391e-04  -1.2223430e-03
  -4.0126547e-02  -2.7347305e-02  -6.7825685e-02  -2.2727581e-03  -1.6104849e-04  -1.5218485e-03
  -5.0392860e-02   1.1540855e-02  -2.7873490e-02  -1.0394671e-03   4.6470489e-05  -1.3694885e-03
  -5.1344677e-02   3.2119372e-02  -4.8811608e-02  -2.0450442e-03  -6.1420879e-05  -1.1095660e-03
  -3.7166781e-02   3.7392138e-02  -4.7444911e-02  -1.9893816e-03   1.3335205e-04  -9.3007634e-04
  -4.5780779e-02   1.9174456e-02  -1.6208461e-04  -1.7117125e-03   1.6077747e-06  -1.1451485e-03
  -3.2626498e-02   1.4106660e-02  -3.1726630e-02  -1.8881571e-03   3.5870680e-05  -1.2516292e-03
  -4.6024007e-02   3.1614490e-02   3.0067076e-03  -2.2057403e-03  -7.8871934e-04  -6.8675302e-04
  -8.0219675e-03   1.3912444e-02  -4.8714728e-03  -2.3708886e-03  -3.0737594e-04  -1.8266897e-03
  -2.5901258e-03   3.3773188e-02   2.0098749e-02  -1.0950313e-03   1.5601313e-04  -1.7430047e-03
   3.8713648e-03   3.2419015e-02  -7.4848620e-03  -1.9056273e-03   3.9710019e-04  -1.7353906e-03
  -1.1872923e-02   3.4363608e-02   9.1653746e-03  -1.1954855e-03   6.0439953e-05  -1.1466539e-03
  -1.6387299e-02   3.9587492e-02   1.5228259e-02  -2.0713341e-03   1.5726462e-04  -1.2616669e-03
  -1.0694419e-02   5.1153931e-02   3.0879791e-02  -1.5382529e-03   1.2254813e-04  -1.0783223e-03
   1.4635272e-04   1.0254808e-02   3.9497629e-02  -1.7539336e-03   3.7518259e-04  -1.4761220e-03
  -1.8294280e-02   2.8983411e-02   1.8984854e-02  -1.5700570e-03   4.0628125e-04  -1.1614616e-03
  -1.2936441e-02   6.0079054e-02   9.1830081e-02  -1.2720376e-03   1.1372430e-03  -5.4383814e-04
  -3.2190824e-02  -3.3958153e-03   1.0725613e-01  -2.8131606e-03  -2.0857397e-04   7.0602182e-05
  -2.4367325e-02   4.0213152e-02   8.3935641e-02  -2.5910228e-03   4.0887620e-04  -8.1283903e-04
  -1.6269317e-02   5.7127404e-02   1.3617685e-01  -8.7170886e-04   1.0042624e-03  -6.8842758e-04
  -2.6594660e-02   4.9958389e-02   9.6767034e-02  -1.7881617e-03   9.0924342e-04  -1.2987765e-03
  -2.6756899e-02   9.0614592e-02   9.8478610e-02  -1.7046841e-03   1.0434685e-03  -9.0152901e-04
  -3.1585636e-02   4.8399680e-02   1.0006623e-01  -1.7607545e-03   6.0120402e-04  -7.1291523e-04
  -1.6175432e-02   2.7914928e-02   1.0085132e-01  -1.9461139e-03   5.2637645e-04  -1.2372839e-03
  -1.5549115e-02   4.3328356e-02   1.2191231e-01  -1.9938233e-03   9.1121889e-04  -1.0596336e-03
  -8.7450837e-03   3.6490832e-02   1.1412616e-01  -2.2823687e-03   6.9136845e-04  -1.0830631e-03
  -3.1538937e-02   5.5876094e-02   1.1564018e-01  -2.1164716e-03   6.5784120e-04  -5.5358166e-04
  -2.5625860e-02   4.9429997e-02   1.3434738e-01  -2.0378229e-03   7.2507730e-04  -1.0479155e-03
  -1.7698430e-02   4.8221197e-02   1.5563164e-01  -2.3061895e-03   7.4532249e-04  -1.0204790e-03
  -1.1688215e-02   3.9318855e-02   1.6445761e-01  -1.8731212e-03   8.8242050e-04  -8.7197469e-04
  -1.1184478e-02   5.2708719e-02   1.6540999e-01  -2.2276028e-03   9.6260034e-04  -9.5259442e-04
  -1.7050883e-02   5.3894613e-02   1.7969223e-01  -2.1989407e-03   8.1121009e-04  -7.9940345e-04
  -2.0270050e-02   6.0296015e-02   1.8844649e-01  -1.9584026e-03   7.8965087e-04  -9.3990582e-04
  -2.5620210e-02   6.0040434e-02   1.6991977e-01  -2.4434202e-03   6.9743482e-04  -1.2143672e-03
  -2.3415480e-02   6.6472452e-02   1.8755180e-01  -2.0838917e-03   9.7542687e-04  -6.5649843e-04
   1.4757174e-03   5.1387203e-02   2.0658449e-01  -1.1782755e-03   6.7154887e-04  -2.6082500e-04
   1.3968666e-03   6.2690516e-02   1.5700521e-01  -1.0501714e-03   1.1856165e-03  -1.6262052e-03
  -1.0980049e-05   4.6381855e-02   1.6740023e-01  -1.5370334e-03   1.1172003e-03  -1.3774842e-03
   1.3354291e-02   6.9953788e-02   1.9482041e-01  -1.0995239e-03   8.9442287e-04  -1.3542430e-03
   1.2641657e-02   6.2478120e-02   1.8640179e-01  -1.7124145e-03   1.3517270e-03  -1.3802302e-03
   6.0467232e-03   6.2565063e-02   1.7434816e-01  -1.5425308e-03   1.2692851e-03  -1.3313631e-03
  -2.2906128e-02   8.1221657e-02   1.9477946e-01  -1.0355010e-03   1.2703871e-03   1.5161773e-04
   5.0214083e-04   5.5777870e-02   2.0017627e-01  -1.6121980e-03   1.2542319e-03  -1.2715203e-03
   7.8791622e-03   7.1971729e-02   2.3270935e-01  -7.6370929e-04   1.3889328e-03  -1.3754353e-03
   3.1661570e-03   8.1903450e-02   2.2642634e-01  -1.3073561e-03   1.0504058e-03  -9.5893969e-04
  -8.0809143e-04   8.2553404e-02   2.4603632e-01  -1.4619670e-03   1.5765574e-03  -1.1541043e-03
  -2.9194639e-03   7.5201705e-02   2.2567106e-01  -1.2897567e-03   1.4831284e-03  -9.0342873e-04
  -1.1025712e-03   9.6744791e-02   2.5510775e-01  -8.8429244e-04   1.5815329e-03  -9.3493314e-04
  -1.0426993e-02   8.2993679e-02   2.5431906e-01  -1.2318619e-03   1.4758376e-03  -6.6722520e-04
  -1.1604794e-02   6.1006951e-02   2.6139221e-01  -1.3099202e-03   1.0454102e-03  -9.3059778e-04
  -3.0560216e-04   6.8865657e-02   2.6368976e-01  -1.4807673e-03   1.2976945e-03  -9.9877180e-04
   6.1750475e-03   8.1828379e-02   2.8765619e-01  -1.5297147e-03   1.6285179e-03  -1.1955157e-03
  -5.7137810e-03   5.8593287e-02   2.6687476e-01  -1.5209324e-03   1.9517305e-03  -8.0252869e-04
   7.4533495e-03   8.1647001e-02   2.8582200e-01  -1.1096455e-03   1.5008413e-03  -1.2021020e-03
   9.6506047e-03   6.1350489e-02   2.8526241e-01  -1.4187410e-03   1.7576944e-03  -1.1327589e-03
   1.6857369e-02   7.7747305e-02   2.9126950e-01  -1.7165028e-03   1.5902294e-03  -1.0609927e-03
  -6.0329871e-03   7.3150485e-02   3.0170343e-01  -1.0254650e-03   1.4338493e-03  -9.0281918e-04
   2.4058340e-02   2.0747063e-02   3.9277332e-01   2.1906904e-03  -3.6427200e-04  -3.5909469e-04
   3.9447874e-03   6.7518496e-02   2.9386306e-01  -1.4249001e-03   1.3092522e-03  -7.1699545e-04
  -9.0162155e-03   7.6395039e-02   3.2693363e-01  -7.1685502e-04   1.3587116e-03  -3.9491146e-04
   1.5600654e-02   8.6832312e-02   2.8510215e-01  -2.1003321e-03   1.7002140e-03  -1.0252985e-03
   5.1808166e-03   1.0500524e-01   2.8168748e-01  -2.6320300e-03   1.1200133e-03  -9.7650483e-04
   1.3074137e-02   8.9209657e-02   2.8758759e-01  -1.8397446e-03   1.3632770e-03  -1.2203131e-03
   8.9070828e-03   8.1112849e-02   3.1229823e-01  -1.7988547e-03   1.4768741e-03  -7.7642467e-04
   2.0399918e-02   7.5793255e-02   3.0406868e-01  -2.8528132e-03   1.5946371e-03  -1.2414596e-03
   1.2112438e-02   6.1573365e-02   3.2652101e-01  -1.6819117e-03   1.2604161e-03  -8.5021990e-04
   2.4174816e-02   6.5938113e-02   3.3100064e-01  -1.7050384e-03   1.5629800e-03  -1.2329234e-03
   9.3998653e-03   7.5210115e-02   3.5750509e-01  -1.1688889e-03   4.8876653e-04  -1.2442046e-03
  -4.4922671e-02   4.0116167e-02   3.4521595e-01  -2.0932787e-03  -7.5062138e-04  -1.4573815e-03
  -2.8215484e-02   4.6895743e-02   3.5857621e-01  -1.3248258e-03  -2.7197612e-05  -1.3686298e-03
  -2.2083778e-02   7.9892923e-02   3.8301299e-01  -1.1275809e-03  -8.9709024e-05  -8.9829974e-04
  -2.5819209e-02   8.8964902e-02   3.7396282e-01  -1.7926874e-03  -1.2022212e-04  -8.4931013e-04
  -2.0591147e-02   7.6054340e-02   3.7986027e-01  -1.5523547e-03  -1.1393782e-05  -9.9782414e-04
  -2.3274519e-02   9.6287126e-02   3.7249803e-01  -1.6313876e-03   5.4522894e-04  -8.8862638e-04
   5.7623450e-03   1.2698592e-01   3.6404269e-01  -2.1245439e-03   7.1978044e-04  -1.4065263e-03
   1.5025572e-02   9.1625500e-02   3.8587280e-01  -2.0431876e-03   1.2219373e-03  -7.8793513e-04
   1.1207031e-02   8.2103878e-02   4.2784033e-01  -1.3208892e-03   8.4238672e-04  -7.4897239e-04
   1.7015287e-03   5.1281855e-02   4.3822895e-01  -8.4423698e-04   4.3583109e-04  -8.5821725e-04
  -2.1718915e-03   9.2783949e-02   4.5796543e-01  -6.0006950e-04   7.0239116e-04  -8.7067628e-04
  -6.2845987e-03   1.0186133e-01   4.2630830e-01  -1.5396312e-03   6.6895072e-04  -5.1717535e-04
  -6.8440897e-03   1.4559842e-01   4.1888238e-01  -2.0940419e-03   4.8563681e-04  -4.3929561e-04
   7.7803819e-03   1.1439159e-01   4.3916720e-01  -6.5680049e-04   4.1798692e-04  -1.1394047e-03
   3.5988726e-02   9.0087954e-02   4.7691707e-01  -9.1692030e-04   1.7697084e-03  -9.9639177e-04
   9.8851621e-03   1.0052774e-01   5.6272106e-01  -2.1813945e-03   1.6217352e-03  -5.5299144e-04
   2.0791050e-02   9.6257165e-02   5.6982933e-01  -9.4018034e-04   1.8812236e-03  -1.1458115e-03
   2.4239717e-02   9.1549698e-02   5.8262427e-01  -1.8020790e-03   1.9811863e-03  -1.0340744e-03
   2.4595272e-02   1.0355732e-01   5.5660017e-01  -9.8862589e-04   1.8281307e-03  -1.4595958e-03
   1.6348849e-02   1.1118221e-01   5.7495790e-01  -7.6931576e-04   1.8174995e-03  -1.1476646e-03
   1.1992919e-02   1.1725759e-01   5.3639046e-01  -1.9797318e-03   1.6250342e-03  -8.9019694e-04
   3.4353487e-03   1.0561647e-01   5.7600601e-01  -1.6371703e-03   1.3022752e-03  -9.6938279e-04
  -1.6166471e-04   1.0698592e-01   5.8080754e-01  -1.7581161e-03   1.4498575e-03  -9.9700985e-04
   2.0656091e-02   1.1407914e-01   5.8410887e-01  -1.8055084e-03   1.1993732e-03  -9.4123032e-04
   3.3951862e-02   1.4000403e-01   5.3351391e-01  -1.1160834e-03   1.6089631e-03  -1.5411271e-03
   4.2038416e-02   1.1463672e-01   5.9858849e-01  -9.7778193e-04   1.6628821e-03  -1.3215567e-03
   4.3586681e-02   1.2200060e-01   6.1586323e-01  -1.0777329e-03   1.2184867e-03  -1.4154637e-03
   2.9893645e-02   1.1853916e-01   5.8696587e-01  -1.3651575e-03   1.1453232e-03  -1.1710934e-03
   2.9859850e-02   1.4703374e-01   5.9951266e-01  -1.4238621e-03   1.2648072e-03  -1.5193598e-03
  -3.2103443e-03   1.1488760e-01   5.8399483e-01  -2.5544727e-03  -8.3921535e-04  -1.3485164e-03
  -6.1979488e-03   8.2043718e-02   6.3228194e-01  -2.3175972e-03   5.9808818e-05  -4.6960185e-04
  -5.3299471e-03   1.0514707e-01   6.3689209e-01  -2.3269275e-03   1.2586767e-05  -6.9873873e-04
   1.3818639e-02   1.1078754e-01   6.4903409e-01  -1.9269240e-03   6.3485293e-04  -1.1415283e-03
   1.2239362e-02   1.1757845e-01   6.2411905e-01  -1.9787832e-03   5.6363591e-04  -1.1765303e-03
   1.8175859e-02   1.0389866e-01   6.6005576e-01  -1.7295311e-03   4.4644244e-04  -7.7638941e-04
   1.5589972e-02   8.9790993e-02   6.5759513e-01  -1.7305350e-03   5.5523520e-04  -8.0196842e-04
   1.4460543e-02   1.0209991e-01   6.7406323e-01  -2.6247516e-03   9.4238995e-04  -6.7929836e-04
   3.8762341e-04   8.4174613e-02   6.4094296e-01  -2.5924691e-03   5.7363912e-04  -8.6752705e-04
   4.1646954e-02   1.1707688e-01   7.1594231e-01  -1.6511308e-03   1.3056818e-03  -1.4941867e-03
   1.6378903e-02   1.2546707e-01   6.0800112e-01  -2.2852557e-03   1.7786775e-03  -4.7402874e-04
   1.4679950e-02   9.1805740e-02   6.1543137e-01  -1.8516989e-03   1.2262792e-03  -8.8536991e-04
   2.2599589e-02   1.2140739e-01   6.7684229e-01  -8.5497981e-04   1.6858218e-03  -1.1830743e-03
   1.3205767e-02   1.1341741e-01   6.9676503e-01  -1.1425666e-03   1.6889921e-03  -9.5577285e-04
   3.6351356e-02   1.0905669e-01   6.7355435e-01  -1.8415415e-03   1.5857670e-03  -1.6569068e-03
   1.6003260e-02   1.2362092e-01   7.0237207e-01  -1.7266171e-03   1.1216647e-03  -1.0213611e-03
   5.5245678e-02   1.2790071e-01   6.9706477e-01  -1.5456262e-03   2.0909343e-03  -1.3144072e-03
   4.5565206e-02   1.2530921e-01   8.2565118e-01  -2.1685161e-03   9.4365707e-04  -8.7321547e-04
   4.2448790e-02   1.2494326e-01   8.1890299e-01  -3.2708835e-03   1.3027563e-03  -1.0169967e-03
   2.2204040e-02   1.5421997e-01   8.6212785e-01  -2.1526616e-03   1.0470443e-03  -8.0177208e-04
   1.3439333e-02   1.6958996e-01   8.4400793e-01  -2.7731615e-03   1.0369657e-03  -6.9703306e-04
   1.6322816e-02   1.6907067e-01   8.4569624e-01  -2.4695653e-03   1.6513533e-03  -6.5422022e-04
   2.3361155e-02   1.6989953e-01   8.3189386e-01  -2.5909856e-03   1.2704603e-03  -1.0229683e-03
   3.0386302e-02   1.3129748e-01   8.3429208e-01  -2.8096526e-03   1.5728725e-03  -1.0494326e-03
   1.6557021e-02   1.2989694e-01   8.4936579e-01  -2.3053075e-03   1.5918954e-03  -6.8419417e-04
   4.6691675e-02   1.2853096e-01   8.4386289e-01  -3.4457197e-03   1.5880111e-03  -6.0403688e-04
   2.3376515e-02   1.2384144e-01   7.8599207e-01  -2.9258321e-03   7.0799824e-04  -1.0980265e-03
   2.8191361e-02   1.4247942e-01   8.1731972e-01  -2.5487089e-03   7.8301878e-04  -1.1572364e-03
   4.2981729e-02   1.5884682e-01   8.3065325e-01  -1.2667393e-03   8.1343669e-04  -1.2464624e-03
   6.9631014e-03   1.4140147e-01   8.6344445e-01  -2.9218293e-03   1.9277222e-04  -1.4629690e-03
  -5.9526308e-04   1.3130874e-01   8.8462426e-01  -1.9141916e-03   2.4397465e-04  -1.1359921e-03
   7.8522415e-03   1.5331671e-01   9.1567602e-01  -1.7408376e-03   6.7769663e-04  -1.3009885e-03
   2.7699909e-02   1.4340684e-01   9.2681163e-01  -2.3686593e-03   5.9661500e-04  -1.7084923e-03
   1.2719828e-03   1.3771283e-01   8.7945681e-01  -2.7594830e-03   8.4310952e-04  -7.3285378e-04
   1.8899550e-02   1.5385879e-01   8.7460649e-01  -2.5035721e-03   1.1272657e-03  -1.0647133e-03
   2.2731130e-02   1.3677137e-01   8.3521767e-01  -1.5844645e-03   2.1899162e-03  -6.7248016e-04
   2.6195817e-02   1.2928895e-01   8.6775577e-01  -1.7022745e-03   2.0008087e-03  -9.8990426e-04
   2.8489681e-02   1.3838775e-01   8.9291591e-01  -1.1026244e-03   1.5924666e-03  -7.7343338e-04
   2.9053740e-02   1.4408811e-01   8.5678593e-01  -1.9382293e-03   1.6037483e-03  -9.4513843e-04
   1.8839757e-02   1.7883590e-01   8.9269548e-01  -1.2596480e-03   1.2238217e-03  -1.0801352e-03
   3.3668818e-02   1.5268481e-01   8.6092439e-01  -1.9486258e-03   1.6242337e-03  -1.2322550e-03
   2.5220769e-02   1.4431970e-01   8.9759918e-01  -1.6850293e-03   1.5584251e-03  -1.0766988e-03
   4.2806452e-02   1.4146201e-01   8.9616232e-01  -1.0505440e-03   1.5234856e-03  -3.3220438e-04
   3.7953963e-02   1.3752016e-01   1.0004093e+00  -3.2110478e-03   7.3964649e-04  -1.2420542e-03
   4.9083190e-02   1.1944362e-01   9.6150393e-01  -3.2569570e-03   1.0280962e-03  -1.3835678e-03
   5.1806778e-02   1.4438747e-01   9.9118916e-01  -2.9570775e-03   1.6078263e-03  -1.3159969e-03
   4.2560940e-02   1.7029192e-01   9.9177018e-01  -3.2099166e-03   1.2294073e-03  -1.0771872e-03
   5.2175890e-02   1.6119899e-01   1.0052591e+00  -2.5963325e-03   1.2774361e-03  -1.5273279e-03
   7.6422143e-02   1.6565356e-01   9.6554628e-01  -2.8809201e-03   1.1144005e-03  -1.4487419e-03
   6.0734544e-02   1.3263660e-01   1.0135587e+00  -2.9737657e-03   1.3508204e-03  -1.1221106e-03
   6.9534256e-02   1.4567208e-01   1.0308804e+00  -2.5036214e-03   1.4325427e-03  -1.0782473e-03
   6.2365579e-02   1.6151574e-01   1.0292310e+00  -2.9339772e-03   1.6444532e-03  -1.4236230e-03
   6.1950221e-02   1.5846348e-01   9.9855291e-01  -3.5064199e-03   1.5135582e-03  -1.2275011e-03
   6.2526032e-02   1.3109788e-01   1.0190969e+00  -3.9897764e-03   1.8563800e-03  -1.2363110e-03
   5.6697043e-02   1.3065268e-01   1.0271786e+00  -2.9966068e-03   1.5714270e-03  -1.5509533e-03
   6.0350897e-02   1.6088578e-01   1.0552212e+00  -3.3971071e-03   1.8813248e-03  -1.1456250e-03
   5.3723828e-02   1.5492200e-01   1.0728490e+00  -2.3372549e-03   1.7170370e-03  -1.3580806e-03
   4.6885100e-02   1.5524273e-01   1.0696784e+00  -2.8371692e-03   1.6630959e-03  -1.3469255e-03
   5.0423890e-02   1.5151246e-01   1.0671578e+00  -2.5351321e-03   1.3101810e-03  -1.1188673e-03
   6.2240299e-02   1.6368943e-01   1.0946208e+00  -2.2787535e-03   1.8928551e-03  -1.2304798e-03
   7.2262203e-02   1.5544951e-01   1.0976432e+00  -2.7738107e-03   1.8881907e-03  -1.3704502e-03
   7.3338747e-02   1.6439526e-01   1.1047329e+00  -2.8827198e-03   1.8292998e-03  -1.5639974e-03
   4.7598615e-02   1.5949330e-01   1.1024903e+00  -2.8776913e-03   1.7331864e-03  -1.1165873e-03
   6.5637259e-02   1.5294920e-01   1.1200015e+00  -2.7972370e-03   1.9588072e-03  -1.3753858e-03
   4.7427163e-02   1.5949957e-01   1.1087606e+00  -3.1358916e-03   1.9095213e-03  -9.3821695e-04
   5.3850915e-02   1.7101911e-01   1.1805464e+00  -1.8970624e-03   1.2627503e-03  -1.3025402e-03
   6.6952490e-02   1.5189716e-01   1.1659677e+00  -4.0628729e-03   4.3753037e-04  -1.7288735e-03
   6.9392529e-02   1.5180796e-01   1.1936371e+00  -3.3233696e-03   1.2486322e-03  -1.5662892e-03
   7.7011157e-02   1.7214806e-01   1.1968304e+00  -3.4925629e-03   1.2048469e-03  -1.4448931e-03
   6.0999916e-02   1.7256032e-01   1.1983528e+00  -3.3606629e-03   1.1745050e-03  -1.2610621e-03
   5.7619956e-02   1.8080797e-01   1.1951898e+00  -3.6057066e-03   1.2590670e-03  -1.3030863e-03
   5.1981367e-02   1.8896682e-01   1.2318472e+00  -3.2904884e-03   9.7676029e-04  -1.3973277e-03
   5.4622068e-02   1.6326436e-01   1.2080825e+00  -3.3072841e-03   4.5866443e-04  -1.1300831e-03
   6.3947215e-02   1.6760108e-01   1.2294363e+00  -3.3829783e-03   8.7412348e-04  -1.6949787e-03
   6.6463490e-02   1.6087048e-01   1.2056986e+00  -4.3372256e-03   1.0072132e-03  -1.7956578e-03
   5.8773523e-02   1.7549659e-01   1.2264998e+00  -3.6002148e-03   7.9416947e-04  -1.0230647e-03
   8.2824038e-02   1.7540570e-01   1.2384457e+00  -3.3870575e-03   1.0437401e-03  -1.7613656e-03
   1.0418866e-01   1.8340219e-01   1.1445101e+00  -1.3917186e-03   1.7647135e-03  -6.6817619e-04
   8.2638313e-02   1.4171407e-01   1.1424759e+00  -2.3396875e-03   1.6016035e-03  -1.6739658e-03
   5.8642546e-02   1.7216787e-01   1.1878148e+00  -2.2824736e-03   9.1223404e-04  -1.1279209e-03
   5.5151851e-02   1.9523412e-01   1.2320334e+00  -1.3238758e-03   9.7808713e-04  -9.2181778e-04
   7.5536354e-02   1.7029406e-01   1.2491484e+00  -1.1255049e-03   8.4094448e-04  -1.4746549e-03
   7.5205154e-02   1.8481161e-01   1.2323886e+00  -3.1928058e-03   9.4526228e-04  -1.6135043e-03
   6.7816867e-02   1.9277616e-01   1.2594442e+00  -2.3648033e-03   1.1694467e-03  -1.6727247e-03
   5.2952669e-02   2.0036093e-01   1.2304462e+00  -3.0613134e-03   1.0926102e-03  -1.1410350e-03
   7.3453072e-02   1.8583513e-01   1.2350822e+00  -2.6681979e-03   1.3072661e-03  -1.4677314e-03
   6.9775420e-02   1.8275481e-01   1.2345294e+00  -2.9074631e-03   1.3693780e-03  -1.3040735e-03
   7.1690257e-02   1.7515633e-01   1.2714264e+00  -2.9915216e-03   1.3485839e-03  -1.1208943e-03
   6.7628177e-02   1.7916483e-01   1.2876142e+00  -2.7407691e-03   1.1094685e-03  -1.3602458e-03
   7.0076501e-02   1.6842288e-01   1.2568800e+00  -2.8751010e-03  -5.4575617e-04  -1.5138862e-03
   8.2777434e-02   1.8030462e-01   1.3029703e+00  -3.3737234e-03   1.9448799e-04  -1.8012910e-03
   5.5811614e-02   2.0722231e-01   1.3248293e+00  -2.9197959e-03   2.3734196e-04  -1.0035071e-03
   6.4864214e-02   1.9724386e-01   1.3230305e+00  -3.0297972e-03   2.9886987e-04  -1.3200238e-03
   5.8264933e-02   1.8822933e-01   1.3251646e+00  -3.2059631e-03   8.3392176e-04  -1.2406168e-03
   5.6581339e-02   1.9317357e-01   1.3181254e+00  -3.4011900e-03   7.2209341e-04  -8.6802070e-04
   6.0961648e-02   1.8072336e-01   1.3337862e+00  -4.0420173e-03   5.4264721e-04  -1.5173307e-03
   7.0010839e-02   1.7342260e-01   1.3693888e+00  -3.6650404e-03   4.0653855e-04  -1.6067156e-03
   5.5201191e-02   1.7024588e-01   1.3836508e+00  -3.4587387e-03   5.7467457e-04  -1.5229230e-03
   5.8609507e-02   1.9272198e-01   1.3902255e+00  -3.3702804e-03   9.0575233e-04  -1.1635888e-03
   7.3247322e-02   2.1716254e-01   1.4095742e+00  -3.3977922e-03   1.1874632e-03  -1.5266364e-03
   6.1941764e-02   1.6678665e-01   1.3957945e+00  -5.0059355e-03   3.3317207e-04  -1.3235540e-03
   6.7453896e-02   1.8943441e-01   1.4005435e+00  -3.9700521e-03   6.8421282e-04  -1.2104736e-03
   7.0891926e-02   1.8918258e-01   1.4372546e+00  -3.2584213e-03   4.3804209e-04  -1.3319389e-03
   5.3509189e-02   1.9520778e-01   1.4131404e+00  -3.8983875e-03   3.7303586e-04  -1.3133047e-03
   6.5162109e-02   2.2019344e-01   1.4232339e+00  -3.9796121e-03   9.2032445e-04  -1.3723109e-03
   6.8859798e-02   1.7104001e-01   1.4349143e+00  -3.7785732e-03   1.3209203e-03  -1.0780505e-03
   6.3167334e-02   2.0406029e-01   1.4467240e+00  -3.5652954e-03   9.3803840e-04  -1.4704048e-03
   6.7649248e-02   1.9732834e-01   1.4612351e+00  -3.6368688e-03   9.9461913e-04  -1.3225031e-03
   5.6894134e-02   1.7573797e-01   1.4386310e+00  -4.4769183e-03   8.0839677e-04  -1.4201678e-03
   8.1469267e-02   2.0840414e-01   1.4741984e+00  -3.2420522e-03   1.1221095e-03  -1.3485863e-03
   7.4085006e-02   1.7298515e-01   1.4500918e+00  -3.8284186e-03   9.0926320e-04  -1.6356126e-03
   7.4928973e-02   1.9908600e-01   1.4725492e+00  -3.3865171e-03   1.1482620e-03  -1.3602848e-03
   8.8116730e-02   1.9133399e-01   1.4562986e+00  -3.6598750e-03   8.8048705e-04  -1.5355335e-03
   5.9697369e-02   1.9497483e-01   1.4747619e+00  -3.4915296e-03   8.2480701e-04  -1.0983872e-03
   7.2701601e-02   2.0195207e-01   1.4826359e+00  -3.2017215e-03   9.6917024e-04  -1.2794152e-03
   7.6152383e-02   1.9843293e-01   1.4815035e+00  -3.7804343e-03   8.2385673e-04  -1.4394434e-03
   6.9088207e-02   1.7947620e-01   1.5002382e+00  -3.3226176e-03   1.2096830e-03  -1.2239555e-03
   6.4161230e-02   2.1478247e-01   1.5007938e+00  -3.3508954e-03   8.2395466e-04  -1.1271134e-03
   7.6356153e-02   2.0052253e-01   1.5054485e+00  -3.8944699e-03   6.7365370e-04  -1.4389999e-03
   1.1274351e-01   2.2870365e-01   1.4535050e+00  -3.0643245e-03   1.2320700e-03  -1.3567465e-03
   7.4303254e-02   1.9890915e-01   1.5077328e+00  -3.0211480e-03   1.6171018e-03  -1.3336920e-03
   7.7557158e-02   2.0364046e-01   1.5608318e+00  -2.4964956e-03   9.1356127e-04  -1.1602162e-03
   6.4024350e-02   2.1286262e-01   1.5151422e+00  -3.6838463e-03   1.1252469e-03  -1.0582163e-03
   6.3137490e-02   2.2225515e-01   1.5622491e+00  -3.6595128e-03   8.3405350e-04  -1.1473059e-03
   6.9924204e-02   2.0350420e-01   1.5516125e+00  -3.4969862e-03   1.0850792e-03  -1.1493900e-03
   5.4673328e-02   2.0580742e-01   1.5844472e+00  -2.5936771e-03   1.2806629e-03  -1.0579990e-03
   8.4965247e-02   2.2487017e-01   1.6327917e+00  -2.6848760e-03   2.0137117e-03  -1.5718769e-03
   5.4184939e-02   1.8390837e-01   1.6338774e+00  -3.0410013e-03  -7.0781212e-04  -4.2971840e-05
   8.7055909e-02   1.6911530e-01   1.5738440e+00  -1.5338389e-03   1.6206981e-03   1.0461168e-05
   6.7714033e-02   1.9840406e-01   1.5720160e+00  -2.4262430e-03   8.6729210e-04  -6.6376464e-04
   6.0438585e-02   1.9820236e-01   1.5882920e+00  -2.3692883e-03   1.1282803e-03  -5.4897258e-04
   5.8450496e-02   2.0809742e-01   1.5924518e+00  -2.2824320e-03   8.9829501e-04  -6.5844458e-04
   5.3168129e-02   2.0572606e-01   1.5899553e+00  -2.2479477e-03   1.2555344e-03  -3.6296640e-04
   4.1705519e-02   2.0017812e-01   1.5905825e+00  -2.6708929e-03   9.4552173e-04  -2.8814374e-04
   7.4865609e-02   2.0190403e-01   1.6172535e+00  -2.8922113e-03   1.6109610e-03  -9.2944510e-04
   7.1101467e-02   2.1554803e-01   1.5606518e+00  -2.3512683e-03   1.3124343e-03  -1.2105373e-03
   6.1860986e-02   2.0814527e-01   1.6187279e+00  -1.8792377e-03   1.5963057e-03  -7.6705625e-04
   5.0348470e-02   2.4084610e-01   1.6659058e+00  -3.2930181e-03   1.4542254e-03  -5.6134891e-04
   4.7366004e-02   2.2378374e-01   1.6525119e+00  -2.6112279e-03   1.7046814e-03  -6.8479809e-04
   5.4835087e-02   2.1244815e-01   1.6662171e+00  -2.0448329e-03   1.6627206e-03  -7.5799726e-04
   6.0342081e-02   2.0545006e-01   1.6454404e+00  -2.6045443e-03   1.5931637e-03  -7.3591170e-04
   8.3295063e-02   2.0422135e-01   1.5871321e+00  -1.6844505e-03   1.3575036e-03   6.3152273e-05
   7.3344922e-02   1.9256483e-01   1.7056189e+00  -3.0086383e-03   7.2319186e-04  -5.4756143e-04
   8.0563664e-02   2.3100321e-01   1.6967707e+00  -2.9981823e-03   9.3992073e-04  -1.1038834e-03
   7.1688541e-02   2.1391367e-01   1.7129123e+00  -2.8146521e-03   9.4654309e-04  -9.6315860e-04
   7.4479920e-02   2.4186736e-01   1.6965783e+00  -3.1318595e-03   8.7485555e-04  -1.0441800e-03
   7.4362256e-02   2.2953327e-01   1.6869626e+00  -3.4483139e-03   9.9225796e-04  -1.0320889e-03
   4.7872205e-02   2.1076756e-01   1.6944270e+00  -2.8066792e-03   9.7058255e-04  -6.1880584e-04
   7.7114145e-02   2.2889403e-01   1.7000527e+00  -3.6914951e-03   1.2479903e-03  -1.0813650e-03
   7.8293770e-02   2.1914675e-01   1.7086258e+00  -3.1481042e-03   1.0639953e-03  -9.7810534e-04
   7.4594889e-02   2.1868967e-01   1.7090685e+00  -3.3281357e-03   8.6282494e-04  -1.2170172e-03
   7.4237500e-02   2.3580285e-01   1.7358179e+00  -3.4605721e-03   1.3921211e-03  -9.8279321e-04
   7.3329368e-02   2.2198897e-01   1.7288874e+00  -3.3145353e-03   1.2697264e-03  -8.2362497e-04
   1.3060618e-01   2.3090566e-01   1.6843260e+00  -3.1164163e-03   2.1377887e-03  -1.7102545e-03
   9.4053521e-02   2.3240278e-01   1.7065588e+00  -2.9261579e-03   1.6483471e-03  -1.9399704e-03
   7.6957633e-02   2.2066976e-01   1.7323810e+00  -2.0992146e-03   1.5521639e-03  -1.3452922e-03
   9.2124461e-02   2.3748446e-01   1.7414577e+00  -2.4804534e-03   1.6326377e-03  -1.5737420e-03
   7.4330841e-02   2.4584274e-01   1.7308272e+00  -3.1485594e-03   1.5453140e-03  -1.4075679e-03
   1.0618137e-01   2.6527969e-01   1.7304014e+00  -2.9684756e-03   1.3488852e-03  -2.1334489e-03
   7.6379790e-02   2.1571843e-01   1.7421623e+00  -2.6128324e-03   1.2885566e-03  -1.3990834e-03
   1.4787909e-01   2.5129979e-01   1.7489332e+00  -2.3525746e-03   2.2917797e-03  -6.5766780e-04
   6.8713050e-02   2.3791225e-01   1.7944694e+00  -1.2719775e-03   2.1166287e-03  -7.5019318e-04
   6.6822475e-02   2.4874222e-01   1.7933869e+00  -1.7104402e-03   1.1937493e-03  -1.3387305e-03
   6.7232107e-02   2.5420661e-01   1.8244640e+00  -1.0578132e-03   1.6677791e-03  -1.2024286e-03
   5.8640035e-02   2.4852806e-01   1.8357664e+00  -2.3353332e-03   1.3326880e-03  -1.1480584e-03
   8.0952111e-02   2.5741891e-01   1.8175112e+00  -2.4252233e-03   1.8024269e-03  -1.0791776e-03
   7.5663256e-02   2.5339423e-01   1.7887279e+00  -1.4053397e-03   1.8669788e-03  -1.8100519e-03
   6.8169361e-02   2.5386841e-01   1.8320114e+00  -1.5377514e-03   1.7984158e-03  -1.4215229e-03
   6.8258729e-02   2.6554176e-01   1.8274966e+00  -1.8053906e-03   1.7433868e-03  -1.1491657e-03
   5.8077348e-02   2.2709326e-01   1.8079354e+00  -2.4479204e-03   1.3846026e-03  -1.4280906e-03
   5.7260030e-02   2.5160323e-01   1.8324320e+00  -2.0488483e-03   1.4025317e-03  -1.2384857e-03
   6.8537918e-02   2.5355390e-01   1.8208629e+00  -2.7012446e-03   1.5117981e-03  -1.3076815e-03
   5.5421951e-02   2.4852909e-01   1.8429369e+00  -2.0631361e-03   1.3114988e-03  -1.2555051e-03
   6.1274954e-02   2.3427585e-01   1.8415518e+00  -2.2422507e-03   7.8626154e-04  -1.2796209e-03
   6.3429198e-02   2.5255210e-01   1.8498888e+00  -3.0799496e-03   9.2207504e-04  -1.3526724e-03
   6.3243292e-02   2.3755471e-01   1.8732741e+00  -1.9697879e-03   1.0079071e-03  -1.2781162e-03
   7.7903857e-02   2.4420169e-01   1.9475797e+00  -2.3781965e-03  -7.8100377e-05  -1.3709704e-03
   1.2135086e-01   2.2755071e-01   1.9874790e+00  -4.5095353e-03   2.1373541e-04  -9.6351191e-04
   9.4830469e-02   2.2615021e-01   1.9852729e+00  -4.3686126e-03   7.3801994e-04  -8.1591436e-04
   8.4784800e-02   2.2693315e-01   1.9804272e+00  -3.6169667e-03   5.7028482e-04  -6.3758704e-04
   8.0442391e-02   2.3141634e-01   1.9855425e+00  -4.0530574e-03   5.5983291e-04  -4.1784272e-04
   9.6382460e-02   2.2162318e-01   1.9549141e+00  -4.6847946e-03   4.1383105e-04  -7.5393063e-04
   8.3192036e-02   2.3867843e-01   1.9668557e+00  -3.9805281e-03   7.1621729e-04  -6.5253644e-04
   7.9491694e-02   2.1907851e-01   1.9745982e+00  -4.1408339e-03   5.9661409e-04  -1.0085648e-03
   8.3067976e-02   2.3983655e-01   1.9868893e+00  -3.8612196e-03   5.8415873e-04  -8.8435355e-04
   8.5898552e-02   2.3598971e-01   2.0045413e+00  -4.1047945e-03   5.2356276e-04  -1.0652807e-03
   8.6592445e-02   2.4049624e-01   2.0094807e+00  -3.5584487e-03   3.0668307e-05  -9.8694103e-04
   8.3234237e-02   2.4482279e-01   2.0001543e+00  -4.1828094e-03   5.5717763e-04  -8.3273118e-04
   7.8316134e-02   2.3318056e-01   2.0071305e+00  -4.2558021e-03   3.4769077e-04  -8.6739994e-04
   9.9901484e-02   2.3593686e-01   2.0223557e+00  -3.5583039e-03   6.8839353e-04  -1.1988094e-03
   8.6540774e-02   2.3281719e-01   2.0347790e+00  -3.6916103e-03   4.4350425e-04  -9.1261487e-04
   8.9896072e-02   2.2301855e-01   2.0593502e+00  -3.1757436e-03   6.2890360e-04  -9.2015500e-04
   9.3694498e-02   2.2658269e-01   2.0634356e+00  -2.9482462e-03   7.1944525e-04  -1.1545158e-03
   7.4945370e-02   2.3645407e-01   2.0680049e+00  -3.4102999e-03   4.6215126e-04  -8.4564676e-04
   5.8669552e-02   2.2869434e-01   2.0475654e+00  -3.7863452e-03   3.4895807e-06  -5.8007758e-04
   8.3946530e-02   2.3723086e-01   2.0472974e+00  -4.0728758e-03   2.4087195e-04  -8.5210443e-04
   8.6807402e-02   2.3368459e-01   2.0786749e+00  -3.5116164e-03   5.1437429e-04  -7.3734943e-04
   9.1880710e-02   2.5607879e-01   2.0910812e+00  -3.3050211e-03   4.1576779e-04  -9.3558479e-04
   9.4642580e-02   2.3867345e-01   2.1021537e+00  -3.1459218e-03   4.3436510e-04  -8.2176278e-04
   9.2054398e-02   2.4629602e-01   2.1022686e+00  -3.4728420e-03   3.3854975e-04  -9.1736360e-04
   1.0713713e-01   2.5725572e-01   2.1189684e+00  -2.9440131e-03   6.1316589e-04  -1.0918216e-03
   1.7399847e-01   2.7382888e-01   2.1928554e+00  -3.0099144e-03   1.3634341e-03  -1.1370250e-04
   1.0779261e-01   2.3807017e-01   2.1048707e+00  -4.3863913e-03   7.0224487e-04  -1.6081841e-04
   1.0260335e-01   2.4473143e-01   2.1332238e+00  -3.1425496e-03   7.6016278e-04  -8.4256295e-04
   1.0627953e-01   2.6140442e-01   2.1215908e+00  -3.7596922e-03   1.0721412e-03  -8.3361306e-04
   1.0038988e-01   2.2169509e-01   2.1295103e+00  -3.9645384e-03   1.0664850e-03  -4.6839826e-04
   8.7612544e-02   2.3428470e-01   2.1647658e+00  -3.0402676e-03   1.2148879e-03  -3.2514774e-04
   9.5034979e-02   2.4304563e-01   2.1514267e+00  -3.6676355e-03   1.3048393e-03  -5.9795896e-04
   1.0259389e-01   2.5647540e-01   2.1671963e+00  -3.5788656e-03   1.4041172e-03  -8.5066569e-04
   9.8662667e-02   2.4383241e-01   2.2088097e+00  -2.8735942e-03   7.2184357e-04  -8.2784193e-04
   8.6415180e-02   2.4703407e-01   2.1981822e+00  -3.9200663e-03   9.6124599e-04  -7.0662413e-04
   9.3100423e-02   2.4485723e-01   2.2234347e+00  -3.6655883e-03   1.2844344e-03  -9.6805669e-04
   8.9347420e-02   2.2999551e-01   2.2193074e+00  -3.2454998e-03   1.0570022e-03  -8.5940577e-04
   7.9868560e-02   2.5710304e-01   2.2386345e+00  -3.2353096e-03   1.0865079e-03  -7.5483945e-04
   9.0423579e-02   2.3749277e-01   2.2153190e+00  -3.7128051e-03  -1.5458752e-04  -1.5853457e-03
   8.6966536e-02   2.4081744e-01   2.2760480e+00  -3.8333114e-03   8.8341538e-04  -7.7715928e-04
   7.6762565e-02   2.5223333e-01   2.2956181e+00  -3.3209208e-03   4.8194851e-04  -7.6359675e-04
   7.3276243e-02   2.5923433e-01   2.2675905e+00  -3.9358524e-03   2.1664418e-04  -9.3333087e-04
   1.5280937e-01   2.7224782e-01   2.2203128e+00  -5.4311081e-03   9.0146072e-04  -1.5520554e-03
   9.6762973e-02   2.3687377e-01   2.2670071e+00  -4.2708556e-03   2.6497953e-04  -9.5569806e-04
   9.5830460e-02   2.6310222e-01   2.3170664e+00  -2.6713779e-03   6.8694723e-04  -8.8365662e-04
   1.0020197e-01   2.7728064e-01   2.2870242e+00  -2.8927543e-03   8.9291895e-04  -1.1433467e-03
   9.5563488e-02   2.8088538e-01   2.2835606e+00  -3.2123067e-03   7.7023640e-04  -9.7011578e-04
   9.3817037e-02   2.8312464e-01   2.3075541e+00  -2.7956475e-03   9.8570645e-04  -8.2575495e-04
   9.0537061e-02   2.8009713e-01   2.3017808e+00  -3.2627882e-03   8.8783733e-04  -7.5591780e-04
   9.0872082e-02   2.6389969e-01   2.3180003e+00  -3.2067308e-03   8.3273953e-04  -1.0570722e-03
   9.8944792e-02   2.6401794e-01   2.2723256e+00  -1.8671427e-03  -2.3027759e-04  -1.8825051e-03
   8.4775042e-02   2.6943508e-01   2.3213185e+00  -3.2020359e-03  -5.5139772e-04  -1.5768286e-03
   9.4820605e-02   2.7161246e-01   2.3355518e+00  -3.0016394e-03   4.2934605e-04  -1.2238320e-03
   9.9043822e-02   2.6199051e-01   2.3446115e+00  -2.6464587e-03   2.9219944e-04  -9.9655635e-04
   1.0082718e-01   2.7600661e-01   2.3576272e+00  -3.0697754e-03   5.1973370e-04  -8.5227493e-04
   9.7695183e-02   2.6018771e-01   2.3599296e+00  -3.2505235e-03   4.0252693e-04  -9.4478582e-04
   9.2094252e-02   2.4823085e-01   2.3732816e+00  -2.8495293e-03   6.7128245e-04  -6.4875198e-04
   1.2597594e-01   2.8597140e-01   2.3647964e+00  -3.7572145e-03   8.4523474e-04  -1.5039564e-04
   1.4668217e-01   2.5771675e-01   2.3554463e+00  -3.7909182e-03   2.3556610e-03  -6.8782220e-04
   1.3708130e-01   2.8759011e-01   2.2787808e+00  -3.8050742e-03   2.1305357e-03  -9.2192011e-04
   1.5244378e-01   3.2730125e-01   2.1875565e+00  -3.2821214e-03   3.1235022e-03  -1.8398227e-03
   1.3477389e-01   3.2587006e-01   2.2331873e+00  -2.2134607e-03   2.5567033e-03  -2.0478143e-03
   1.3808228e-01   3.0173072e-01   2.3277866e+00  -2.3033319e-03   1.9940821e-03  -1.6307402e-03
   1.1133357e-01   2.6296989e-01   2.3368712e+00  -2.7413861e-03   1.6069403e-03  -9.7876100e-04
   1.1370157e-01   2.7646570e-01   2.3357851e+00  -3.4823038e-03   1.6113669e-03  -1.3095463e-03
   1.2212055e-01   2.9554510e-01   2.3571532e+00  -2.9935243e-03   1.5637320e-03  -1.5970066e-03
   1.1173604e-01   2.5940577e-01   2.5819111e+00  -5.1743722e-03  -3.7613850e-04  -1.5763940e-03
   1.0708207e-01   2.7121532e-01   2.5108211e+00  -4.0464878e-03   1.3977434e-03  -1.3882797e-03
   1.1537006e-01   2.8164565e-01   2.5170609e+00  -3.0622862e-03   9.9909372e-04  -1.2511704e-03
   1.2253852e-01   2.7088598e-01   2.4951151e+00  -3.8594786e-03   1.4705720e-03  -1.1517694e-03
   1.1836782e-01   2.7940600e-01   2.4941632e+00  -3.6575741e-03   1.0112037e-03  -1.0112836e-03
   1.3868137e-01   2.9911713e-01   2.4867282e+00  -4.4883810e-03   1.2156908e-03  -1.9205656e-03
   1.3048639e-01   2.8785145e-01   2.4790296e+00  -3.9968281e-03   1.2962963e-03  -1.3915016e-03
   1.3102217e-01   2.9703990e-01   2.5615444e+00  -2.3419705e-03   2.1228429e-03  -1.0290645e-03
   1.2546606e-01   2.9150559e-01   2.4882292e+00  -4.2522220e-03   1.5390054e-03  -1.5788183e-03
   1.1276238e-01   2.9787120e-01   2.5053628e+00  -3.1165143e-03   1.2932422e-03  -1.2320958e-03
   1.2490810e-01   3.0934293e-01   2.5139919e+00  -3.7387294e-03   1.1425948e-03  -1.2787965e-03
   1.1347094e-01   2.9761673e-01   2.5036957e+00  -4.0603281e-03   9.3859126e-04  -1.1196991e-03
   1.1742164e-01   2.9408549e-01   2.5339058e+00  -2.7890674e-03   1.2689383e-03  -9.8046708e-04
   9.3943984e-02   2.9227335e-01   2.5309012e+00  -3.8922606e-03   5.6638028e-04  -9.2764496e-04
   1.0198454e-01   2.9530640e-01   2.5235118e+00  -4.1665026e-03   6.0126610e-04  -1.3451028e-03
   1.1962026e-01   2.7812670e-01   2.5151150e+00  -3.3974776e-03   4.8013422e-04  -1.6273847e-03
   7.9599695e-02   2.8647676e-01   2.5407573e+00  -3.4805347e-03   5.3617429e-04  -1.0544920e-03
   1.0721583e-01   3.0435443e-01   2.5577115e+00  -3.7146035e-03   8.8086486e-04  -1.3045982e-03
   1.1003108e-01   2.7009732e-01   2.5620621e+00  -4.8361834e-03   3.9723231e-04  -1.0272905e-03
   1.1659470e-01   2.5452985e-01   2.6520329e+00  -6.2573249e-03  -1.0916160e-03  -1.8498918e-03
   1.2714833e-01   2.6676253e-01   2.6385355e+00  -5.2227880e-03  -3.5576755e-04  -1.4144749e-03
   1.3115537e-01   2.8645338e-01   2.6545539e+00  -5.7161845e-03   2.3064509e-04  -1.2415499e-03
   1.2053895e-01   2.9004690e-01   2.6566285e+00  -4.8491493e-03   4.8034017e-04  -8.2298414e-04
   1.2632990e-01   2.8505962e-01   2.6547026e+00  -5.0030144e-03   8.9458400e-04  -1.0477077e-03
   1.1172182e-01   2.8415767e-01   2.6183554e+00  -5.2204578e-03   8.9152772e-04  -1.0722008e-03
   2.2059581e-01   2.9754363e-01   2.6497677e+00  -4.9836084e-03   1.7579846e-03  -1.9851441e-03
   1.4347959e-01   2.8570296e-01   2.5999145e+00  -3.9805222e-03   2.2678757e-03  -8.9465793e-04
   1.2524753e-01   3.0784738e-01   2.5170248e+00  -3.1826626e-03   1.8941398e-03  -1.1411652e-03
   1.6709953e-01   3.4588221e-01   2.4836625e+00  -2.8697214e-03   2.0973021e-03  -2.6559370e-03
   1.4171955e-01   3.0565274e-01   2.5246937e+00  -2.5139578e-03   1.9147818e-03  -1.9919270e-03
   1.4240852e-01   2.9208448e-01   2.5704107e+00  -2.1375524e-03   1.4203901e-03  -1.4909766e-03
   1.1379063e-01   2.8880356e-01   2.5706253e+00  -3.1873752e-03   1.3790096e-03  -1.1804981e-03
   1.3899489e-01   2.6686418e-01   2.5988022e+00  -3.2569590e-03   1.2124494e-03  -1.4971518e-03
   1.2995362e-01   3.0280897e-01   2.6226689e+00  -2.6235811e-03   1.1172214e-03  -1.4952432e-03
   1.2707152e-01   2.4960829e-01   2.8267613e+00  -5.0360301e-03  -9.3342412e-04  -1.9702315e-03
   1.2903521e-01   2.7907020e-01   2.7602500e+00  -5.8113170e-03  -2.6696429e-04  -1.7025868e-03
   1.3942572e-01   2.9589865e-01   2.7847990e+00  -4.9839724e-03   2.3303314e-04  -1.4734354e-03
   1.3464305e-01   2.9081696e-01   2.7920786e+00  -5.0468056e-03   6.0499710e-04  -1.3016558e-03
   1.3632297e-01   2.9078510e-01   2.8050745e+00  -4.9252408e-03   9.6541537e-04  -1.2831036e-03
   1.3362193e-01   3.1687435e-01   2.8187667e+00  -2.7293298e-03   1.6027312e-03  -9.6640090e-04
   1.2853795e-01   2.8997754e-01   2.7652248e+00  -5.3482206e-03  -2.4946088e-04  -1.7669569e-03
   1.0201170e-01   2.9985332e-01   2.7736878e+00  -4.4717468e-03  -2.3356878e-04  -1.3289651e-03
   1.0827107e-01   3.0290233e-01   2.7820725e+00  -5.0771335e-03  -1.8310195e-04  -1.5271833e-03
   1.3146201e-01   3.3103732e-01   2.8003025e+00  -4.3616572e-03   1.9975498e-05  -2.1556393e-03
   1.1537899e-01   3.0522367e-01   2.7598766e+00  -5.3612598e-03   2.1456750e-04  -1.5769591e-03
   1.1942744e-01   3.1981830e-01   2.8021016e+00  -4.1839968e-03   3.2020163e-04  -1.5959575e-03
   1.0186424e-01   3.2866498e-01   2.8002764e+00  -4.6582795e-03   3.0743020e-04  -1.0319769e-03
   1.2632936e-01   3.4399694e-01   2.8731266e+00  -3.5829523e-03   7.0054474e-04  -1.4387242e-03
   1.3330436e-01   3.2739214e-01   2.8252671e+00  -3.4993065e-03   5.8867162e-04  -1.6837023e-03
   1.3671214e-01   3.0820114e-01   2.8643699e+00  -3.7807425e-03   2.7821169e-04  -1.1716334e-03
   1.4414069e-01   3.1001599e-01   2.9115279e+00  -4.3416869e-03   3.0071783e-04  -1.7306160e-03
   1.8799670e-01   2.7494495e-01   2.9211027e+00  -4.7721507e-03   1.2265400e-03  -2.0892452e-03
   1.5809186e-01   2.7832439e-01   2.9237724e+00  -5.9471411e-03   8.4806189e-04  -9.9524625e-04
   1.5239842e-01   3.0166058e-01   2.9203229e+00  -5.1674541e-03   1.3142416e-03  -8.7202790e-04
   1.4183288e-01   2.9402117e-01   2.9374292e+00  -4.7671003e-03   1.0919835e-03  -1.1489811e-03
   1.4710543e-01   2.6819982e-01   2.8808736e+00  -5.7448651e-03   1.2671602e-03  -9.0438642e-04
   1.4598463e-01   2.9194905e-01   2.8900093e+00  -4.6619076e-03   6.7711177e-04  -1.5226764e-03
   1.7385655e-01   3.2834031e-01   2.9205303e+00  -2.8751010e-03   1.1987122e-03  -5.8927073e-04
   1.5219628e-01   3.1639251e-01   2.9314899e+00  -4.3684830e-03   1.2229935e-03  -1.9697474e-03
   1.4485068e-01   2.9958057e-01   2.9216581e+00  -4.3629116e-03   9.9065298e-04  -1.6868147e-03
   1.3884402e-01   3.1585284e-01   2.9315754e+00  -4.2040092e-03   1.4746720e-03  -1.3476154e-03
   1.3382792e-01   3.2274671e-01   2.9164730e+00  -4.7116775e-03   9.8426545e-04  -1.4034349e-03
   1.4689818e-01   2.9203690e-01   2.9205050e+00  -5.0102832e-03   9.8146579e-04  -1.7828420e-03
   1.2382073e-01   3.1923780e-01   3.1361822e+00  -4.1072282e-03   1.1306356e-03  -1.7733631e-03
   1.4362402e-01   3.2823198e-01   2.9850770e+00  -4.9941920e-03   1.3797370e-03  -1.6386374e-03
   1.5881940e-01   3.1637218e-01   3.0117640e+00  -3.7115642e-03   1.9876734e-03  -1.6795333e-03
   1.1927473e-01   3.2856672e-01   2.9394400e+00  -2.4725205e-03   1.3687202e-03  -1.1583131e-03
   1.0732887e-01   3.1253671e-01   2.9645620e+00  -4.1607033e-03   1.1327675e-03  -1.4676452e-03
   9.5790725e-02   3.1723484e-01   2.9800396e+00  -3.3897196e-03   1.0369362e-03  -1.1158935e-03
   9.6980120e-02   3.2347330e-01   2.9607492e+00  -3.6634384e-03   9.1438356e-04  -1.2985774e-03
   9.9678500e-02   3.1337091e-01   2.9901956e+00  -3.0921191e-03   1.5945005e-03  -1.1794028e-03
   9.5333961e-02   3.0401159e-01   2.9559111e+00  -3.9831333e-03   5.6549010e-04  -1.1758869e-03
   9.5524295e-02   3.1072533e-01   2.9850343e+00  -3.3511579e-03   6.7399745e-04  -1.6040941e-03
   1.0938108e-01   3.2343990e-01   2.9705123e+00  -3.9869222e-03   8.0337764e-04  -1.8162036e-03
   1.1303455e-01   3.0632466e-01   2.9511216e+00  -4.6147180e-03   7.0094865e-04  -1.8472815e-03
   1.0364292e-01   3.1962931e-01   2.9873290e+00  -3.7272792e-03   8.6453274e-04  -1.4261752e-03
   1.1635680e-01   3.1592493e-01   3.0245308e+00  -3.5586735e-03   7.8581245e-04  -1.4650579e-03
   1.3788144e-01   3.2740292e-01   3.0220796e+00  -3.7736356e-03   1.7522491e-03  -1.3628434e-03
   1.5202683e-01   3.1804939e-01   3.0593164e+00  -3.1318427e-03   1.0133243e-03  -1.2526264e-03
   1.5615793e-01   2.5878081e-01   2.9840823e+00  -6.2294157e-03  -2.3744412e-04  -1.8345327e-03
   1.5155653e-01   2.7806885e-01   2.9940276e+00  -4.7713769e-03   1.7627745e-03   6.2155470e-04
   1.1597339e-01   2.8443325e-01   3.0333069e+00  -4.3780447e-03   1.5604685e-03  -2.6945171e-04
   1.2093437e-01   3.1033704e-01   3.0727751e+00  -4.5648111e-03   1.5739648e-03  -6.6751695e-04
   1.0790057e-01   2.9429937e-01   3.1024596e+00  -3.7166959e-03   1.9601643e-03  -5.5462959e-04
   1.0572671e-01   3.0715343e-01   3.1079613e+00  -3.9034108e-03   1.2202702e-03  -9.0901918e-04
   1.0157548e-01   3.0665295e-01   3.0898387e+00  -4.0506223e-03   1.6482730e-03  -5.8687976e-04
   1.0431077e-01   2.9752431e-01   3.1055781e+00  -3.9150819e-03   1.1664911e-03  -7.1249045e-04
   1.0995713e-01   2.9375511e-01   3.1105389e+00  -3.9617362e-03   1.6980079e-03  -1.0509383e-03
   1.0373578e-01   3.1402670e-01   3.1180011e+00  -4.1593011e-03   1.5578201e-03  -1.0032017e-03
   1.1243263e-01   3.1229801e-01   3.1662823e+00  -4.3967911e-03   1.5109697e-03  -9.2583219e-04
   1.1898349e-01   3.0133913e-01   3.1441479e+00  -3.6662617e-03   2.0918455e-03  -1.3494271e-03
   1.1499086e-01   2.9942461e-01   3.1656957e+00  -3.0699184e-03   1.9065216e-03  -1.3027387e-03
   1.4892825e-01   3.1603515e-01   3.1424089e+00  -3.2382623e-03   1.9381516e-03  -1.0253610e-03
   1.3657839e-01   3.1076640e-01   3.1552303e+00  -4.0570127e-03   1.3447279e-03  -1.2637864e-03
   1.1803879e-01   3.1845374e-01   3.2035723e+00  -2.9867645e-03   1.5945263e-03  -1.0084019e-03
   1.3277969e-01   3.2707966e-01   3.1877899e+00  -3.9455936e-03   1.3579782e-03  -1.1985398e-03
   1.6091254e-01   3.0657051e-01   3.2384465e+00  -3.4534907e-03   2.2323813e-04  -1.6836596e-03
   1.1870825e-01   3.0662927e-01   3.2008531e+00  -5.4799730e-03   5.1266461e-04  -1.5326332e-03
   1.4056423e-01   3.0045210e-01   3.1983886e+00  -4.6000118e-03   6.9920973e-04  -1.8508642e-03
   1.1230413e-01   3.0748938e-01   3.2202348e+00  -4.2145190e-03   7.1475148e-04  -1.3654461e-03
   1.1662225e-01   3.3522160e-01   3.2172622e+00  -4.4063437e-03   9.3427235e-04  -1.3463131e-03
   1.0457771e-01   3.2034979e-01   3.2102100e+00  -4.1003230e-03   5.4132424e-04  -1.4759461e-03
   1.1207214e-01   3.4610024e-01   3.2307082e+00  -3.5577106e-03   6.7446629e-04  -1.6154580e-03
   1.1153829e-01   3.3618351e-01   3.2174373e+00  -3.7714747e-03   5.6971661e-04  -1.4239208e-03
   1.0756051e-01   3.1783534e-01   3.2185167e+00  -3.8870010e-03  -1.2523945e-05  -1.3824143e-03
   1.3128060e-01   3.3370867e-01   3.2384561e+00  -3.6648450e-03   1.0656778e-03  -1.4941268e-03
   1.3338252e-01   3.2968433e-01   3.2668821e+00  -2.4736069e-03   1.9602435e-03  -1.4968726e-03
   1.2216342e-01   3.3646260e-01   3.2695701e+00  -3.4848232e-03   1.4980031e-03  -1.3781448e-03
   1.0474803e-01   3.3590741e-01   3.2606378e+00  -3.5371597e-03   1.2064935e-03  -8.6202256e-04
   1.1977701e-01   3.3814583e-01   3.2758943e+00  -3.5416572e-03   1.2208903e-03  -1.4042986e-03
   1.2057037e-01   3.3803950e-01   3.3196687e+00  -3.0512809e-03   1.0193508e-03  -1.4209309e-03
   1.1334346e-01   3.3960859e-01   3.3330699e+00  -3.8445060e-03   2.7474382e-04  -1.6626004e-03
   1.1017338e-01   3.4640357e-01   3.3330858e+00  -3.4930600e-03   3.5329928e-04  -1.7242903e-03
   1.0722961e-01   3.4188854e-01   3.3368232e+00  -4.2258798e-03   2.1501672e-05  -1.7049350e-03
   1.3969292e-01   3.3709886e-01   3.3822746e+00  -3.4884049e-03  -5.2960013e-04  -2.0138309e-03
   1.6382535e-01   3.3329615e-01   3.3580003e+00  -6.1965161e-03   5.0932720e-04  -1.0742672e-03
   1.4857830e-01   3.3219932e-01   3.3758100e+00  -4.6191955e-03   3.7503695e-04  -1.0541204e-03
   1.3941029e-01   3.4700433e-01   3.3930721e+00  -4.8978574e-03   4.5661929e-04  -1.0231304e-03
   1.4172377e-01   3.4796923e-01   3.3709747e+00  -4.5920355e-03   2.8534895e-04  -1.2578755e-03
   1.3565957e-01   3.3260284e-01   3.3798846e+00  -4.5637400e-03   1.3240607e-04  -8.1921318e-04
   1.3847311e-01   3.3949185e-01   3.4022872e+00  -4.5589083e-03   1.1774245e-04  -1.1679038e-03
   1.3344965e-01   3.4399402e-01   3.3953284e+00  -4.9000490e-03   2.3028504e-04  -6.6915096e-04
   1.3675180e-01   3.3675969e-01   3.4029223e+00  -4.3410471e-03  -1.4773907e-04  -7.7520674e-04
   1.4479059e-01   3.3903045e-01   3.3922438e+00  -4.8232819e-03  -3.3296509e-04  -1.0337124e-03
   1.3803389e-01   3.3123657e-01   3.4202180e+00  -5.2396930e-03  -3.2648615e-04  -1.7265204e-03
   1.3327018e-01   3.4416850e-01   3.4283601e+00  -4.1343146e-03  -1.4876359e-04  -1.4479859e-03
   1.3061734e-01   3.2181134e-01   3.4398539e+00  -5.4106349e-03   2.7883645e-04  -9.8099147e-04
   1.3732407e-01   3.1231140e-01   3.4270056e+00  -5.2744367e-03   1.5978648e-04  -1.1573628e-03
   1.6291927e-01   3.1737788e-01   3.3879169e+00  -5.1788756e-03   5.0609243e-04  -1.1170189e-03
   1.4437043e-01   3.1631750e-01   3.4087925e+00  -4.7084826e-03   3.7876343e-04  -1.1265445e-03
   1.5876610e-01   3.0588135e-01   3.5035705e+00  -2.9074802e-03   1.1125095e-03  -8.2684066e-04
   1.4642194e-01   3.0573559e-01   3.5526605e+00  -7.7475865e-03  -4.8676565e-04  -1.4768421e-03
   1.6455517e-01   3.0681945e-01   3.5154950e+00  -6.4913905e-03   2.4440494e-05  -1.5237778e-03
   1.4444322e-01   3.1642711e-01   3.5258622e+00  -5.6872110e-03   2.8236436e-04  -1.1300471e-03
   1.5747885e-01   3.2059999e-01   3.5111879e+00  -5.6299308e-03   5.3321006e-04  -1.4052470e-03
   1.5135290e-01   3.1859966e-01   3.5052616e+00  -2.7236511e-03   7.2791033e-04  -1.2904003e-03
   1.2390774e-01   3.2039754e-01   3.4934390e+00  -3.6248106e-03   8.3198454e-04  -1.1489942e-03
   1.3247135e-01   3.5140357e-01   3.5173711e+00  -3.2270113e-03   8.5686660e-04  -1.3418766e-03
   1.5515410e-01   3.4587596e-01   3.6332637e+00  -4.2339718e-03   7.6659077e-04  -1.6535463e-03
   1.4789188e-01   3.5793672e-01   3.5381198e+00  -4.5503468e-03   6.6544523e-04  -1.3135241e-03
   1.4039650e-01   3.6865818e-01   3.5374591e+00  -3.2215402e-03   4.9190980e-04  -1.9009914e-03
   1.1949991e-01   3.5599886e-01   3.5458658e+00  -3.1324496e-03   2.8304216e-04  -1.6770346e-03
   1.2820887e-01   3.5800376e-01   3.5604513e+00  -2.8578324e-03   5.8004081e-04  -1.6469172e-03
   1.1596766e-01   3.4295853e-01   3.5335571e+00  -3.5423660e-03  -8.9937814e-05  -1.6043001e-03
   1.1960716e-01   3.5811294e-01   3.5662377e+00  -3.0240389e-03   3.2119548e-04  -1.4440742e-03
   9.0672977e-02   3.0259022e-01   3.5680552e+00  -3.0976825e-03   4.4375590e-04  -5.5539883e-04
   1.2304550e-01   3.2670896e-01   3.5917547e+00  -4.0597918e-03   7.3944149e-04  -1.6599950e-03
   1.4410381e-01   3.4386634e-01   3.6675072e+00  -5.7758952e-03  -1.1237809e-03  -1.9726784e-03
   1.4465932e-01   3.3446214e-01   3.6093727e+00  -5.4181730e-03  -4.1230955e-04  -1.5259235e-03
   1.5185272e-01   3.5169407e-01   3.6252110e+00  -5.0882656e-03   2.7601081e-05  -1.6092019e-03
   1.4764511e-01   3.5435339e-01   3.6383281e+00  -4.7980521e-03   5.1563499e-06  -1.4316114e-03
   1.4434089e-01   3.5058180e-01   3.6426703e+00  -5.5460411e-03  -3.5783081e-04  -1.6374958e-03
   1.4882113e-01   3.1481692e-01   3.6358687e+00  -5.3585213e-03   4.4748543e-04  -1.6288140e-03
   2.1930433e-01   3.0414154e-01   3.6315500e+00  -4.7694101e-03   1.2860695e-03   7.2870655e-04
   1.5727577e-01   2.9049242e-01   3.6889234e+00  -7.2997078e-03   1.3625095e-03  -1.0656875e-04
   9.9378069e-02   3.1242031e-01   3.6853199e+00  -6.5448049e-03   1.1545411e-03  -3.8682344e-04
   7.9149063e-02   3.4892499e-01   3.7021041e+00  -5.7715463e-03   8.1248077e-04  -4.2342225e-04
   9.3656523e-02   3.5552590e-01   3.7151050e+00  -5.2741413e-03   1.2367133e-03  -8.1889043e-04
   9.9055643e-02   3.3898472e-01   3.6970195e+00  -4.9926295e-03   1.7022365e-03  -7.5178455e-04
   1.0188178e-01   3.4066499e-01   3.6916862e+00  -4.7203995e-03   1.8617320e-03  -1.0039141e-03
   1.0321360e-01   3.4899346e-01   3.6822128e+00  -4.6333812e-03   1.6774569e-03  -1.0654967e-03
   1.1068615e-01   3.6724020e-01   3.7168279e+00  -4.2575806e-03   1.7681084e-03  -1.2569553e-03
   1.0059917e-01   3.3378269e-01   3.7108773e+00  -4.2531116e-03   1.5055658e-03  -6.8611201e-04
   1.1499653e-01   3.3523402e-01   3.7201564e+00  -4.0320837e-03   1.5436772e-03  -6.2501575e-04
   1.1610013e-01   3.4802502e-01   3.7099802e+00  -3.7924484e-03   1.4095580e-03  -1.0576945e-03
   1.2718615e-01   3.4863670e-01   3.6937378e+00  -4.4741156e-03   1.8441679e-03  -1.0424771e-03
   1.3718250e-01   3.5504387e-01   3.6895900e+00  -3.8172962e-03   1.4105512e-03  -5.3287170e-04
   1.4453936e-01   3.4537488e-01   3.6761242e+00  -3.8438510e-03   1.6031529e-03  -1.1532390e-03
   1.4283636e-01   3.4157714e-01   3.6995429e+00  -3.8473301e-03   1.2130807e-03  -1.2682663e-03
   1.4159497e-01   3.6243384e-01   3.7103246e+00  -2.9722442e-03   1.3932513e-03  -1.1926608e-03
   1.3896506e-01   3.5866965e-01   3.6841088e+00  -4.4760807e-03   1.3726604e-03  -1.4418686e-03
   1.4027084e-01   3.4944255e-01   3.6932294e+00  -4.3439304e-03   1.2133471e-03  -1.2093092e-03
   1.8582755e-01   3.7433486e-01   3.7496164e+00  -3.2086292e-03   1.1116835e-03  -1.6844865e-03
   1.5517594e-01   3.4853057e-01   3.7888739e+00  -5.0760791e-03   9.1055759e-04  -1.3595372e-03
   1.6496891e-01   3.4003247e-01   3.7739529e+00  -5.1622414e-03   9.9960130e-04  -1.4135493e-03
   1.5755159e-01   3.4774133e-01   3.8052861e+00  -4.9391271e-03   1.0471959e-03  -1.1948560e-03
   1.4796396e-01   3.8217672e-01   3.8135235e+00  -5.7941163e-03  -2.3257623e-05  -1.6501521e-03
   1.6154291e-01   3.3530784e-01   3.7861955e+00  -6.9043642e-03  -4.5761815e-04  -1.6463401e-03
   1.4389529e-01   3.4976935e-01   3.8190084e+00  -5.3156747e-03  -3.9298403e-04  -1.3907346e-03
   1.4863630e-01   3.5942329e-01   3.8306930e+00  -5.6668469e-03  -4.1586830e-04  -1.7244676e-03
   1.4987392e-01   3.5807328e-01   3.8108284e+00  -5.5498928e-03   1.7519264e-04  -1.5910388e-03
   1.7545609e-01   2.9851745e-01   3.9288533e+00  -8.2586522e-03  -5.7338262e-04  -1.5276047e-03
   1.9246612e-01   3.3008323e-01   3.8898072e+00  -5.9843009e-03   4.5947365e-04  -1.5049173e-03
   1.8863570e-01   3.4008941e-01   3.8860049e+00  -5.9256235e-03   5.2028734e-04  -1.2280528e-03
   1.8073956e-01   3.5996634e-01   3.8872933e+00  -6.0554659e-03   5.6971838e-04  -1.0604858e-03
   2.0673361e-01   3.4877877e-01   3.8880185e+00  -6.0177874e-03   8.8835075e-04  -1.3736715e-03
   1.8643473e-01   3.4619978e-01   3.8888198e+00  -5.6481862e-03   4.5811156e-04  -7.1086187e-04
   1.8728876e-01   3.4023629e-01   3.8974688e+00  -5.6249202e-03   7.0224770e-04  -9.2528372e-04
   1.8645794e-01   3.3636045e-01   3.9256964e+00  -5.4202415e-03   7.3120457e-04  -9.1149703e-04
   1.9801267e-01   3.2143923e-01   3.9102980e+00  -6.3616587e-03   9.8248930e-04  -1.1963293e-03
   1.9739135e-01   3.4014887e-01   3.8710168e+00  -5.4405740e-03   7.7048495e-04  -1.1357687e-03
   2.3533571e-01   3.3896215e-01   3.8727056e+00  -6.0885159e-03   1.1037871e-03  -1.1695495e-03
   1.7982847e-01   3.7591115e-01   3.9365386e+00  -4.1485868e-03   1.4293501e-03  -8.5327313e-04
   1.7775743e-01   3.5884791e-01   3.9019373e+00  -4.4967414e-03   7.8624258e-04  -1.2546411e-03
   1.7109270e-01   3.6770000e-01   3.9090768e+00  -4.6184739e-03   1.0895346e-03  -1.0540969e-03
   2.1602730e-01   3.9234661e-01   3.9346587e+00  -5.4668912e-03   1.0376876e-03  -2.0112000e-03
   1.8911855e-01   3.7686028e-01   3.9515491e+00  -5.7721657e-03   7.8792252e-04  -1.7799896e-03
   1.9142968e-01   3.5583520e-01   3.9795709e+00  -4.7466906e-03   1.0413115e-03  -1.7099076e-03
   1.8534975e-01   3.9793154e-01   3.9853458e+00  -5.0244359e-03   7.6747949e-04  -1.5983083e-03
   1.6545424e-01   3.6560496e-01   3.9505139e+00  -4.6519373e-03   2.1806792e-04  -1.4581036e-03
   1.6508092e-01   3.4387530e-01   3.9743495e+00  -4.7922032e-03   1.9732146e-04  -1.6033891e-03
   1.5390547e-01   3.7171461e-01   3.9648001e+00  -4.7905158e-03   1.0768263e-04  -1.4658574e-03
   1.7368639e-01   3.6135842e-01   3.9508605e+00  -5.3358151e-03   8.8199342e-04  -1.5808830e-03
   1.7608699e-01   3.7714840e-01   3.9558084e+00  -6.1402835e-03   7.0801413e-04  -1.3545631e-03
   1.6498463e-01   3.5565104e-01   3.9798166e+00  -4.6508464e-03   4.3088098e-04  -1.2728780e-03
   1.5900870e-01   3.9631573e-01   4.0265296e+00  -3.9438375e-03   6.0131350e-04  -1.1816055e-03
   1.9480048e-01   3.4753003e-01   3.9571590e+00  -5.7009911e-03  -1.8198782e-04  -1.8919794e-03
   1.6946403e-01   3.4981516e-01   4.0097165e+00  -4.9751156e-03   5.0939757e-04  -1.0968770e-03
   1.6127851e-01   3.8545347e-01   4.0320769e+00  -4.1600296e-03   5.9983375e-04  -1.0183078e-03
   1.8523702e-01   3.9243865e-01   4.0116951e+00  -4.4308421e-03   7.8234792e-04  -1.4114920e-03
   1.4826682e-01   3.2543909e-01   4.0225493e+00  -5.9985731e-03  -4.6572844e-04  -1.3730423e-03
   2.3049986e-01   3.4179182e-01   4.0570056e+00  -7.2759078e-03   8.2894457e-04  -1.5630090e-04
   2.1848114e-01   3.6947333e-01   3.9888616e+00  -4.1271502e-03   1.0085333e-03  -6.1044554e-04
   1.6089347e-01   3.3278798e-01   4.0274183e+00  -5.0647081e-03   9.6625478e-05  -1.2811156e-03
   1.4556330e-01   3.5399466e-01   4.0608641e+00  -4.6425771e-03  -1.7638552e-04  -1.1763822e-03
   1.5286221e-01   3.6790932e-01   4.0537168e+00  -4.5281876e-03  -2.1212063e-04  -9.2654648e-04
   1.5737090e-01   3.5482175e-01   4.0573977e+00  -4.5783124e-03   5.5839973e-05  -1.2539090e-03
   1.4779678e-01   3.4740030e-01   4.0408058e+00  -4.9561052e-03   6.3450154e-05  -1.2238833e-03
   1.3935048e-01   3.6939123e-01   4.0428587e+00  -4.8959699e-03  -1.3902148e-04  -9.5951998e-04
   1.5560678e-01   3.5045289e-01   4.0549197e+00  -4.9364046e-03   2.1487781e-04  -1.3449874e-03
   1.5314710e-01   3.4680349e-01   4.0515231e+00  -4.8179021e-03   2.1701051e-04  -1.1323185e-03
   1.4913379e-01   3.6448295e-01   4.0722970e+00  -4.3346897e-03   1.1193350e-04  -1.1122030e-03
   1.6151692e-01   3.4990649e-01   4.0950507e+00  -4.6178605e-03   5.6809101e-04  -1.1647357e-03
   1.6423044e-01   3.7863858e-01   4.1357171e+00  -4.2811537e-03   6.2487621e-04  -9.8685767e-04
   2.0271767e-01   3.3989722e-01   4.1333811e+00  -6.1532586e-03   1.4716615e-03  -1.4327721e-03
   1.8376153e-01   3.4776380e-01   4.1430650e+00  -4.9858465e-03   1.1712407e-03  -1.1658783e-03
   1.8557402e-01   3.7061397e-01   4.1435863e+00  -4.8175524e-03   8.7258687e-04  -1.0839655e-03
   1.7275871e-01   3.5931635e-01   4.1357667e+00  -4.7976780e-03   9.5227766e-04  -1.1553555e-03
   1.8574530e-01   3.7160564e-01   4.1332131e+00  -4.7650844e-03   9.2490489e-04  -1.2583399e-03
   1.8143819e-01   3.5759708e-01   4.1769047e+00  -4.6418944e-03   9.7313920e-04  -1.3183727e-03
   1.7469344e-01   3.6352526e-01   4.1412034e+00  -5.3752535e-03   1.0179565e-03  -1.0872516e-03
   1.7017066e-01   3.4455431e-01   4.1679608e+00  -4.7384949e-03   7.3425157e-04  -1.3510958e-03
   1.7282302e-01   3.6088966e-01   4.1620616e+00  -4.9757373e-03   1.0007111e-03  -8.9070620e-04
   1.6521267e-01   3.5835748e-01   4.2851470e+00  -6.0617819e-03  -1.0744260e-04  -1.2078878e-03
   1.8334634e-01   3.0644071e-01   4.2304295e+00  -6.9233415e-03   1.1999675e-03  -3.9056601e-04
   1.6936770e-01   3.6537145e-01   4.2833003e+00  -5.8522103e-03   8.0791423e-04  -1.1079829e-03
   1.6548673e-01   3.7886991e-01   4.2789416e+00  -5.5400950e-03   3.0832964e-04  -1.1896833e-03
   1.5645303e-01   3.8056367e-01   4.2810011e+00  -5.7779168e-03   4.8245251e-04  -1.0738846e-03
   1.5676959e-01   3.8919844e-01   4.2595689e+00  -5.5550388e-03   5.5849741e-04  -1.4312581e-03
   1.4486643e-01   3.7214360e-01   4.2777521e+00  -4.9267884e-03   1.1250359e-04  -1.0453273e-03
   1.4594283e-01   3.8041640e-01   4.2516271e+00  -5.4193335e-03   1.1152137e-04  -1.1829652e-03
   1.4308441e-01   3.9215996e-01   4.2329052e+00  -5.2483322e-03   6.5605538e-04  -7.6537032e-04
   1.4246587e-01   3.7098236e-01   4.2664417e+00  -4.7254086e-03  -3.6882921e-05  -9.3817326e-04
   1.3850651e-01   3.7245810e-01   4.2526947e+00  -5.4187735e-03   6.0230442e-04  -1.2718467e-03
   1.6576300e-01   3.6135213e-01   4.2804438e+00  -4.6501012e-03   8.0050443e-04  -1.3350778e-03
   1.5744470e-01   3.7016860e-01   4.2635068e+00  -5.5330792e-03   2.8936170e-04  -9.7719316e-04
   1.5861376e-01   3.5982674e-01   4.2775377e+00  -5.2752848e-03   3.7475582e-04  -1.0522384e-03
   1.9987233e-01   3.6911173e-01   4.2942383e+00  -5.3722632e-03   1.0396163e-03  -1.0955055e-03
   2.1138629e-01   3.8406766e-01   4.2816656e+00  -4.5670943e-03   1.8944082e-03  -5.3033951e-04
   1.9692597e-01   3.4752347e-01   4.2660625e+00  -5.0530464e-03   1.4786084e-03  -9.7238540e-04
   1.7725436e-01   3.5971002e-01   4.2958867e+00  -5.0185701e-03   1.0349856e-03  -9.4560153e-04
   1.7133568e-01   3.8452530e-01   4.2961339e+00  -4.5448808e-03   1.0824236e-03  -8.0278931e-04
   1.7172398e-01   3.7660160e-01   4.3047990e+00  -4.8336961e-03   1.2681146e-03  -8.7802047e-04
   1.6408561e-01   3.6741786e-01   4.3026133e+00  -4.0395909e-03   1.2670912e-03  -7.1051578e-04
   1.7811449e-01   3.8467690e-01   4.3011744e+00  -4.9351787e-03   1.3978468e-03  -9.6272549e-04
   1.6092570e-01   3.7840632e-01   4.3153753e+00  -4.6408857e-03   1.3972863e-03  -7.8769318e-04
