   0.0000000e+00   0.0000000e+00   7.0123832e-15   1.0883352e-17   8.8897175e-19  -9.6749927e-36
   1.6718256e-03   1.4033342e-02  -3.3517057e-02  -1.1885855e-03   1.7995911e-05   2.2112490e-04
  -1.9244146e-02   8.6879247e-03  -5.5878212e-03  -3.8994409e-04  -2.6975059e-04   5.1373873e-04
   1.2119028e-02  -1.1997058e-02  -1.7202756e-04  -5.8258908e-04   3.0261286e-04  -1.3013649e-04
  -3.7012938e-03  -1.9177272e-02  -8.9257904e-03  -1.3108959e-03  -1.9108029e-04   1.3682355e-04
  -1.0269734e-02  -1.2985074e-02  -4.8832422e-03  -9.0792166e-04  -3.7539009e-04  -9.4820401e-05
   4.1142374e-03  -1.0715817e-02  -2.1940442e-03  -8.9816541e-04  -4.6726055e-04  -1.0455283e-04
  -2.2142127e-02  -4.3725142e-03   3.2044413e-03  -8.4701423e-04  -3.1016354e-04   7.4154644e-04
  -9.9313107e-03  -7.6521762e-03  -1.5702699e-02  -1.0006268e-03  -2.9594537e-04   8.0267162e-05
  -2.0638350e-02  -3.8828715e-02  -9.8060101e-03  -1.1788326e-03  -3.4573451e-04   5.9705568e-04
  -9.0818543e-03   1.8188580e-03  -3.4257752e-02  -1.5394218e-03  -2.2404784e-04   2.3943235e-04
  -1.1036764e-02  -2.0166588e-02  -4.6186277e-04  -1.0617293e-03  -4.9337417e-05   2.1499825e-04
  -9.2860106e-03   4.8993167e-03   1.5970808e-03  -1.0350802e-03  -2.3023169e-04   4.3077568e-04
   1.0922660e-02  -4.2112419e-02  -1.3868917e-02  -8.0516785e-04  -5.9274719e-04  -1.8679483e-03
  -2.5088565e-02  -5.4197717e-02  -3.2461970e-02  -1.6537403e-03  -3.3589364e-04   3.1827705e-04
  -2.0517973e-02  -4.5983252e-02  -6.8379274e-03  -1.4557358e-03  -8.7895902e-05   4.3708553e-04
  -1.9414188e-02  -2.2689533e-02   1.2428844e-02  -5.8339463e-04  -6.0283969e-04  -2.8951565e-04
  -2.3853534e-02  -5.0765804e-02   2.5569097e-02  -5.7238320e-04  -3.0508011e-04   2.8075811e-04
  -2.3890205e-02  -4.1472071e-02   1.6672319e-02  -1.1324482e-03  -2.5877173e-04   5.9189490e-05
  -3.9228454e-02  -3.8786320e-02  -6.7174493e-04  -1.0818534e-03  -8.8882278e-04   9.9294779e-05
  -1.3240272e-02  -4.8566232e-02  -8.6206722e-03  -1.2016595e-03  -2.9016881e-04  -6.1072109e-05
  -3.7780281e-02  -4.3364549e-02  -2.8533728e-03  -8.5433374e-04  -1.1498330e-04   4.3527220e-04
  -4.2730437e-02  -3.7936034e-02  -1.2765020e-02  -1.3735314e-03  -5.1523880e-04   5.5848733e-04
  -3.3869677e-02  -2.7624074e-02  -5.7840007e-03  -7.8811204e-04  -2.2541194e-04  -1.1980195e-05
  -3.7115957e-02  -5.0585980e-02   2.8780381e-03  -1.2263127e-03  -1.9174277e-04  -3.6960827e-05
  -6.1810599e-02  -4.7459850e-02   1.7525454e-02  -1.3405249e-03  -4.3356995e-04   3.0025318e-04
  -3.8008272e-02  -4.1657439e-02   3.9418074e-02  -7.7355253e-04  -2.5956484e-04  -1.2779987e-04
  -5.3400039e-02  -4.3083766e-02   8.5941220e-03  -1.2153437e-03  -6.0072450e-04   1.3340115e-04
  -3.9099673e-02  -3.4466502e-02  -1.1633526e-02  -1.6667610e-03  -5.6380873e-04  -6.2886341e-05
  -3.7127701e-02  -2.7822942e-02   1.7851721e-02  -6.2836738e-04  -4.9503231e-04  -1.2252753e-03
  -5.3587234e-02  -3.3660762e-02   2.3252670e-02  -8.7624205e-04  -4.3791126e-04   2.8980999e-05
  -5.7406013e-02  -2.9280266e-02   1.1384632e-02  -9.8034625e-04  -8.2827466e-04   3.1839585e-04
  -5.8329135e-02  -4.3768830e-02   2.5798201e-02  -8.3868989e-04  -2.1190872e-04   4.0484700e-04
  -5.2552866e-02  -5.3221244e-02   2.2955269e-02  -1.1507189e-03  -5.2253616e-04   2.6950880e-05
  -4.6355805e-02  -2.4109109e-02   1.9966822e-02  -1.1627893e-03  -1.9971873e-04  -7.2330247e-05
  -5.8692695e-02  -3.7578586e-02  -1.0864877e-03  -1.4456636e-03  -3.2890801e-04   1.6577731e-04
  -4.7540204e-02  -5.7077902e-02   3.7150260e-02  -8.8105684e-04  -7.9718994e-04  -4.8419148e-04
  -5.9466442e-02  -5.8182959e-02   2.3166501e-02  -1.3529651e-03  -2.6363061e-04  -1.4757548e-04
  -5.4142467e-02  -3.5489515e-02   4.0202001e-02  -1.0970201e-03  -5.2175298e-04  -8.9842723e-06
  -6.7857564e-02  -2.7687395e-02   5.0359903e-02  -7.2756069e-04  -7.0654665e-04   1.2822384e-04
  -6.9006756e-02  -5.2192283e-02   2.6973529e-02  -1.3467792e-03  -2.7877334e-04  -1.6203123e-05
  -7.0251589e-02  -4.0478616e-02   4.2527621e-02  -1.3446906e-03  -5.1261791e-04   3.6757475e-04
  -7.1052381e-02  -5.0233321e-02   6.6416948e-02  -7.3237058e-04  -2.8380194e-04   2.9808501e-04
  -8.0024413e-02  -4.0529960e-02   6.2334522e-02  -8.6373864e-04  -1.9102524e-04   2.8604337e-04
  -5.8810324e-02  -4.2994515e-02   4.9258473e-02  -1.0991573e-03  -3.9003160e-04   5.8778030e-04
  -6.1427010e-02  -4.4345689e-02   6.4435589e-02  -1.1049903e-03  -3.5339222e-04   1.6086066e-04
  -6.7513363e-02  -3.6599125e-02   5.7161270e-02  -1.3048008e-03  -3.0576270e-04   6.4352703e-06
  -6.5870989e-02  -3.9306460e-02   8.6433639e-02  -6.3132625e-04  -5.9188455e-05   1.2439417e-04
  -6.9926064e-02  -2.3729018e-02   6.4771455e-02  -1.0086178e-03  -6.1147199e-04   1.5951198e-06
  -9.5160738e-02  -1.9425321e-02   6.5887504e-02  -1.3315018e-03  -2.8916047e-04   9.5486386e-04
  -7.6280239e-02  -1.3465454e-02   7.0276192e-02  -1.3009027e-03  -4.1518795e-04   1.3971531e-04
  -6.0879070e-02  -3.4869780e-03   5.2666173e-02  -1.6554386e-03  -5.9119230e-04  -1.7851169e-04
  -5.5849696e-02  -3.3252439e-02   8.1966355e-02  -8.4955979e-04  -2.3649041e-04  -3.6761508e-04
  -8.6318299e-02  -5.1597808e-03   5.9061522e-02  -1.5521768e-03  -4.3657357e-04   1.4386140e-05
  -9.6345679e-02  -3.1396395e-02   8.3359738e-02  -1.1005992e-03   4.4936921e-05   6.2299167e-04
  -9.7892533e-02  -5.1759435e-02   7.8795674e-02  -1.2981431e-03  -1.2383666e-04   4.0817109e-04
  -8.1173512e-02  -2.8283198e-03   7.7089641e-02  -1.6058691e-03  -6.9192280e-04  -5.7659508e-04
  -8.8693543e-02  -3.8589739e-02   9.7462568e-02  -8.7158242e-04  -4.3669434e-04   1.0188510e-04
  -8.7451073e-02  -1.4836509e-02   1.1152027e-01  -6.1144652e-04  -2.2688499e-04   2.4750739e-04
  -8.4952617e-02  -2.4558485e-02   1.0567796e-01  -9.8314030e-04  -3.8142833e-04  -2.8746668e-05
  -8.3457943e-02  -1.7719702e-02   1.3780690e-01  -2.6164984e-04  -1.4987701e-04   2.6207938e-05
  -8.7703246e-02  -1.6159865e-02   1.4322336e-01  -6.4545305e-04  -2.5718838e-05   2.5487237e-04
  -9.2278436e-02  -2.2845495e-02   1.3451650e-01  -9.4965536e-04  -6.4949730e-04   2.4189300e-04
  -7.5999573e-02  -4.4105740e-02   1.4438345e-01  -9.4978999e-04  -2.7000274e-04  -1.4149004e-04
  -9.4327750e-02  -4.2575332e-02   1.8038909e-01  -5.0801254e-04  -3.7688281e-04   1.2329962e-04
  -9.6613441e-02  -3.7888357e-02   1.6653051e-01  -8.3673612e-04  -2.1262901e-04   3.3541747e-04
  -9.4937273e-02  -4.8504520e-02   1.9735386e-01  -1.4661423e-04  -1.3479531e-04   2.1398640e-04
  -8.0502792e-02  -2.2288943e-02   1.9386508e-01  -4.2969087e-04  -5.8250944e-05  -6.0988745e-07
  -7.1021284e-02  -2.0985067e-02   1.6595281e-01  -6.1631170e-04  -4.0486832e-04  -1.3104990e-04
  -9.0285224e-02  -3.8769876e-02   1.7333168e-01  -1.0209729e-03  -4.7163245e-04   1.8572328e-04
  -9.6174585e-02  -3.4199051e-02   1.8406562e-01  -6.5943720e-04  -8.3211927e-04   3.3008545e-04
  -7.4318456e-02  -3.1230312e-02   2.0016843e-01  -7.3063905e-04  -4.7921939e-04  -7.0319155e-05
  -8.8390397e-02  -5.3216819e-02   2.1071862e-01  -5.6647247e-04  -5.7769757e-04   1.0383441e-04
  -8.4966105e-02  -4.5509935e-02   2.2735001e-01  -7.9590005e-04  -4.5082650e-04   3.1937927e-04
  -9.7929685e-02  -3.2493317e-02   2.3715037e-01  -6.1274387e-04  -6.1248993e-04   3.3569809e-04
  -8.4525607e-02  -3.7226363e-02   2.5285266e-01  -6.4433322e-04  -3.2009036e-04   9.4308067e-05
  -8.8485533e-02  -1.2902117e-02   2.4432659e-01  -6.6106961e-04  -3.0715972e-04   1.9190236e-04
  -1.0828402e-01  -3.4623014e-02   2.6376778e-01  -7.6973957e-04  -6.7267649e-04   3.9757204e-04
  -8.8005941e-02  -3.7645274e-02   2.7395462e-01  -7.8007463e-04  -1.7346512e-04  -2.6110121e-05
  -1.0103222e-01  -2.5058927e-02   2.9537753e-01  -2.5481608e-04  -1.1790824e-04   4.0876900e-04
  -1.0735128e-01  -1.5383051e-02   2.6870720e-01  -1.3010659e-03  -6.7921477e-04   3.2702606e-04
  -1.1411885e-01  -3.5133132e-02   2.9460486e-01  -9.1719051e-04  -3.4478904e-04   7.6839650e-05
  -1.5229986e-01  -9.6543031e-02   3.0296240e-01  -9.9742600e-04  -8.3011893e-04   1.0671285e-03
  -1.1301625e-01  -4.5533835e-02   3.0669696e-01  -1.0419854e-03  -4.3645750e-04   2.3377870e-04
  -1.1615215e-01  -2.6159741e-02   3.4579767e-01  -5.3458292e-04  -2.0561482e-04   3.3793112e-04
  -9.9116650e-02  -1.6679816e-02   3.4096540e-01  -7.0072719e-04  -3.5143441e-04   4.3349646e-05
  -1.1124043e-01   1.1796427e-02   3.4959429e-01  -7.7569675e-04  -4.4484647e-04   5.6480791e-04
  -1.3042544e-01   4.5133605e-03   3.6887886e-01  -7.4650777e-04  -5.6789887e-04   4.5938905e-04
  -9.6075987e-02  -1.6416110e-02   3.4002428e-01  -8.9073274e-04  -9.2304601e-05   1.1831646e-04
  -1.2118460e-01  -1.9034521e-02   3.5893452e-01  -7.9627801e-04  -4.9872410e-04   4.1659374e-04
  -1.0342322e-01   3.4306907e-03   3.6617102e-01  -3.2004518e-04   1.7068014e-05   2.5822810e-04
  -9.1891196e-02  -5.4974183e-03   3.9140504e-01  -4.5319952e-04  -2.1053093e-04   1.3873784e-05
  -1.1527222e-01   9.5680880e-03   4.2335179e-01  -4.1827689e-04  -5.7531507e-04  -1.1156309e-04
  -1.0926608e-01   1.3342520e-03   4.1363151e-01  -8.7951640e-04  -1.5260558e-04   1.4088261e-04
  -9.5513910e-02  -1.2295245e-02   4.4096084e-01  -3.5218851e-04  -3.0306140e-04   2.7036105e-05
  -1.1412597e-01   6.9488233e-03   4.5611461e-01  -6.2649995e-04  -4.0819640e-04   2.0868809e-04
  -1.1698696e-01   1.0730523e-02   4.8842640e-01   1.3605463e-04  -4.4869124e-04   4.5135977e-04
  -1.1776540e-01   3.6210464e-02   4.7297626e-01  -6.7367776e-04  -6.8144537e-04   4.4205508e-04
  -1.1176687e-01   3.4418066e-03   4.8047630e-01  -5.3030216e-04  -5.6752707e-04   4.1385795e-04
  -1.1806835e-01   9.7632119e-03   4.9685692e-01  -1.2247145e-04  -2.0493163e-04   3.9949017e-04
  -1.2284024e-01   5.7832639e-03   4.9773997e-01  -5.8645755e-04  -2.5255259e-04   7.4987531e-04
  -1.2928537e-01  -1.4417143e-02   5.1839792e-01  -8.9457809e-04  -3.2165246e-04   1.2328506e-04
  -1.3483258e-01  -1.5596771e-02   5.2728724e-01  -1.0720747e-03  -5.5848638e-04   3.1291818e-04
  -1.3203844e-01   6.4489868e-03   5.7753444e-01  -3.4110465e-04  -1.4373181e-04   2.4138762e-04
  -1.2320143e-01   3.5744231e-02   5.6925680e-01  -6.8650551e-04  -6.9680610e-04   4.9571316e-04
  -1.1830506e-01   3.3971821e-02   5.8030306e-01  -4.1201969e-04  -3.8343422e-04   2.3810415e-05
  -1.1420361e-01   3.4348747e-02   5.4250949e-01  -1.1927136e-03  -2.8900685e-04  -1.0173779e-04
  -1.1618365e-01   2.7235866e-02   5.7474222e-01  -1.0416654e-03  -3.6257887e-04  -2.4363182e-05
  -1.2058175e-01   3.4195201e-02   5.9928085e-01  -5.3900417e-04   9.1446603e-05   2.4329798e-04
  -1.2541131e-01   3.3361080e-02   5.9563217e-01  -3.5095455e-04  -5.7975420e-04   4.8338775e-04
  -9.9670849e-02  -3.2694986e-03   5.7792504e-01  -1.1651763e-03  -4.6721664e-04  -5.5590881e-04
  -1.1695698e-01   4.1944736e-02   6.0471715e-01  -5.0271658e-04  -9.2992388e-05   4.3624664e-06
  -1.2445637e-01   4.2725903e-02   6.0130789e-01  -1.1157744e-03  -4.7346582e-04   2.4893969e-04
  -1.3238850e-01   3.4732955e-02   6.2044925e-01  -1.0492491e-03  -3.8631390e-04   6.3206756e-04
  -1.2368354e-01   4.5082430e-02   6.9910447e-01   5.1677782e-05  -9.9033272e-06   1.0873088e-04
  -1.3700451e-01   2.8098825e-02   6.9028347e-01  -7.7505725e-05  -5.3194221e-05   5.2998637e-04
  -1.3611444e-01   5.5872433e-02   7.1539709e-01  -1.9761054e-04  -3.2216504e-04   2.6449242e-04
  -1.1715378e-01   5.3655678e-02   7.0837560e-01  -5.4990630e-04  -1.8823204e-04  -4.0270574e-05
  -1.1639135e-01   3.4104363e-02   7.4366826e-01   1.6589187e-04   7.8953132e-05  -7.2847314e-06
  -1.2917782e-01   3.7529051e-02   7.3449871e-01  -3.5165385e-04  -2.3818661e-04   2.0768435e-05
  -1.2024700e-01   6.3743609e-02   7.2690455e-01  -2.7686263e-04  -7.8758574e-05   2.6834496e-04
  -1.0864907e-01   7.3922227e-02   7.4055692e-01  -1.3229793e-04  -6.9724256e-05   2.2927200e-04
  -1.3561296e-01   5.9747792e-02   7.6282026e-01  -3.6502653e-04  -2.0768403e-04   1.4533529e-04
  -1.3092465e-01   7.1264837e-02   7.9512262e-01  -2.0113764e-04  -2.2449563e-04   1.3558171e-04
  -1.4612496e-01   7.6814097e-02   8.2271029e-01  -2.2951476e-04   1.0375180e-04   3.7335669e-04
  -1.1753568e-01   7.0381446e-02   8.1061296e-01   5.2451362e-05  -2.9987686e-05   1.0316536e-04
  -1.2196800e-01   8.2124229e-02   8.1961869e-01   3.3968555e-05   2.7727416e-05  -1.1009084e-04
  -1.3244859e-01   7.7041742e-02   8.2655997e-01  -2.9877935e-04  -1.6006884e-04  -2.6396564e-05
  -1.3590962e-01   7.0841251e-02   8.4917644e-01  -8.4847792e-05  -7.5690358e-05   2.5153447e-04
  -1.1662732e-01   7.5076849e-02   8.3952818e-01  -1.8240720e-04  -1.5801968e-04   6.2503417e-05
  -1.3029842e-01   7.9299171e-02   8.4611523e-01  -6.4641825e-04  -1.3306391e-04   5.1988866e-04
  -1.3369362e-01   6.5614336e-02   8.5204200e-01   2.3505422e-05  -8.9582539e-05   2.8764896e-04
  -1.4532096e-01   7.0675839e-02   8.5409177e-01  -4.9599764e-04  -9.9860672e-05   6.3476412e-04
  -1.3550639e-01   8.7700662e-02   8.7799100e-01  -5.6243708e-05  -2.1471199e-05   3.6775032e-04
  -1.3065791e-01   9.3808482e-02   9.0037551e-01   1.4915670e-04   1.0008334e-04   2.0942786e-04
  -1.5795478e-01   8.7754698e-02   8.8385411e-01  -4.7053442e-04  -4.6722558e-04   4.7559492e-04
  -1.3994488e-01   8.2355743e-02   9.5551891e-01   4.7892897e-04  -1.5620363e-04   3.9216194e-04
  -1.4804311e-01   9.5502264e-02   9.7183014e-01   4.9467099e-04   4.0410073e-05   4.3403609e-04
  -1.3196271e-01   9.8493330e-02   9.8789516e-01   6.0084988e-04   2.2361953e-04   3.2977571e-04
  -1.4056162e-01   7.9139641e-02   9.5126812e-01  -4.1933906e-04   4.0143800e-06   4.5146028e-05
  -1.3116333e-01   8.9413532e-02   9.6428211e-01  -1.3198736e-04  -2.6613912e-04   1.2754477e-04
  -1.5125341e-01   9.4623370e-02   9.8709858e-01   2.1824650e-04  -4.4325302e-04   2.9084091e-04
  -1.3754159e-01   8.6114809e-02   1.0011183e+00   2.3962986e-04  -1.7675842e-04  -5.6094762e-05
  -1.4570138e-01   1.0665607e-01   1.0223078e+00   2.8841792e-04  -1.5169896e-04   1.3846944e-04
  -1.2812525e-01   9.3543743e-02   1.0437901e+00   1.5778974e-04   2.1998283e-04  -2.0546340e-04
  -1.3807288e-01   9.3857666e-02   1.0528796e+00   2.4025646e-04   1.6102568e-04   5.9604644e-05
  -1.3847319e-01   1.0222714e-01   1.0459695e+00  -4.5097021e-04   2.5432369e-04  -7.1326458e-05
  -1.3392992e-01   9.9489225e-02   1.0657650e+00  -7.6566347e-06   2.8056651e-04  -8.3951106e-05
  -1.4420089e-01   1.2482729e-01   1.0922236e+00   2.5733646e-04   6.0263888e-05   1.2367023e-04
  -1.4726870e-01   1.3544181e-01   1.0743682e+00   1.7000944e-05  -4.4526338e-04  -5.2907136e-05
  -1.3314898e-01   1.3078198e-01   1.0946299e+00  -4.5915094e-04   1.8367239e-04  -1.9647636e-04
  -1.5303432e-01   1.3115616e-01   1.1278615e+00  -3.6700417e-04  -7.9985328e-05  -3.5631322e-04
  -1.5788256e-01   1.3433378e-01   1.1392448e+00  -3.1621567e-04   8.7537187e-05   3.2755756e-04
  -1.6671137e-01   1.3633575e-01   1.1593151e+00  -2.1481396e-04  -1.2847283e-04   6.0110050e-04
  -1.4932692e-01   1.5813761e-01   1.1733249e+00  -1.3080507e-04   2.4700183e-04   7.9900994e-05
  -1.4251040e-01   1.5554709e-01   1.1509638e+00  -5.8133523e-04  -2.4005128e-05   1.0961026e-04
  -1.3965871e-01   1.4902585e-01   1.1808749e+00   3.3901349e-05  -8.3097973e-05  -5.2630565e-05
  -1.2963728e-01   1.4227003e-01   1.1801099e+00  -3.8145026e-04  -5.9368801e-05  -2.3049644e-04
  -1.4748136e-01   1.5003934e-01   1.2087279e+00  -2.5785412e-04   1.8623055e-04   5.2343297e-04
  -1.3798856e-01   1.2058471e-01   1.2223586e+00   5.2462946e-05   1.7132143e-04   3.7063888e-06
  -1.3737752e-01   1.5042732e-01   1.2425673e+00   1.3429930e-04   2.9787601e-04  -1.2939252e-04
  -1.3575196e-01   1.5596364e-01   1.2396180e+00  -2.0936515e-04  -7.3296440e-05   5.1841635e-05
  -1.5633098e-01   1.4314717e-01   1.2478052e+00  -4.7375642e-04   3.3149304e-04   2.7865653e-04
  -1.5504571e-01   1.5053285e-01   1.2721458e+00  -4.5234946e-04   5.4292386e-04   3.9828822e-05
  -1.6256728e-01   1.5883276e-01   1.2839765e+00  -2.3377296e-04   3.3327996e-04   3.8887917e-04
  -1.5171393e-01   1.6654147e-01   1.2776609e+00  -2.2514751e-04   3.4053727e-04   3.1605871e-04
  -1.3186403e-01   1.4785557e-01   1.2884139e+00  -1.7260800e-04   1.6574404e-04  -1.6051074e-04
  -1.4429538e-01   1.4593135e-01   1.3166911e+00  -7.7893726e-05   4.0113865e-04   3.2982923e-04
  -1.5094513e-01   1.5079905e-01   1.3049501e+00  -4.6076599e-04   2.4344153e-04   3.2959153e-04
  -1.5843504e-01   1.4189311e-01   1.3392596e+00  -1.0084867e-04   1.1810930e-04   4.5481468e-04
  -1.5871697e-01   1.4550396e-01   1.3318749e+00  -5.5886601e-05  -5.9486481e-05   1.2894474e-04
  -1.5548123e-01   1.4283354e-01   1.3742243e+00  -3.7324602e-04   3.5152198e-04   3.1710842e-04
  -1.7133857e-01   1.0397694e-01   1.3847778e+00  -7.0670973e-04  -2.2489789e-04   2.4468795e-04
  -1.5443103e-01   1.2859513e-01   1.4238063e+00  -6.7559349e-06   3.2930629e-04  -1.1281301e-04
  -1.5549720e-01   1.2950280e-01   1.4407193e+00  -2.5297498e-05   8.0663414e-04  -1.2295776e-04
  -1.5270183e-01   1.5950825e-01   1.4298111e+00  -4.8387729e-04   5.4742320e-04   3.7319011e-05
  -1.4469309e-01   1.8457303e-01   1.4331051e+00  -1.6732850e-04   4.5625765e-04  -7.2257491e-05
  -1.4159103e-01   2.0258164e-01   1.4324889e+00  -2.9320551e-04  -6.4995951e-05  -1.1577198e-04
  -1.5014523e-01   1.7126428e-01   1.4435556e+00  -9.0680436e-04   9.8718885e-05   4.5379674e-05
  -1.4277283e-01   1.8456670e-01   1.4558617e+00  -4.3946429e-04   3.7343014e-04   1.0079254e-04
  -1.4656833e-01   1.6885073e-01   1.5108597e+00   2.1741549e-04   4.1551545e-04  -5.9195461e-05
  -1.4727143e-01   1.6776907e-01   1.5259278e+00  -6.8706145e-04   3.8743111e-04  -1.3756539e-04
  -1.5892167e-01   1.9073917e-01   1.5223773e+00  -7.2378900e-04   6.2147409e-04   1.4389811e-04
  -1.3554329e-01   2.0247863e-01   1.5382948e+00  -6.1437783e-05   7.9059404e-04  -1.6841204e-04
  -1.4846368e-01   2.0516017e-01   1.5390838e+00  -2.1623707e-04   4.9138790e-04   1.2923783e-04
  -1.4962364e-01   1.9586265e-01   1.5594832e+00  -8.8829626e-05   4.3748047e-04   1.6367475e-04
  -1.5161398e-01   1.8616740e-01   1.5757519e+00   1.4275554e-05   3.5681674e-04   1.9405243e-04
  -1.6194183e-01   1.9037546e-01   1.6104052e+00  -2.7233089e-04   7.4944821e-04   4.7420702e-05
  -1.6507497e-01   1.7775260e-01   1.6555599e+00  -4.1648325e-05   4.6940383e-04  -3.0681914e-04
  -1.5803667e-01   1.9589756e-01   1.6671531e+00  -5.9368932e-04   4.0221178e-04  -4.9662411e-05
  -1.6266791e-01   2.0039830e-01   1.6461920e+00  -8.4508584e-04   4.2383092e-04   1.9418770e-04
  -1.4759126e-01   1.9493673e-01   1.6565569e+00  -6.9126894e-04   4.0515280e-04   2.2570456e-04
  -1.3627498e-01   2.1709521e-01   1.6575962e+00  -8.0438058e-04   4.8038979e-04  -1.9531647e-04
  -1.5538451e-01   2.1533864e-01   1.6601194e+00  -8.2723422e-04   5.1910489e-04   1.0769258e-04
  -1.5457706e-01   1.8613385e-01   1.6818858e+00  -3.7134193e-04   6.7513339e-04   3.4070497e-04
  -1.5334811e-01   2.0721235e-01   1.6908181e+00  -5.8927628e-04   9.2756072e-04   2.4596019e-05
  -1.5391390e-01   1.8677012e-01   1.7440530e+00  -1.1991099e-04   8.1462156e-04  -5.4071499e-05
  -1.4613098e-01   2.2571374e-01   1.7427457e+00  -4.1181346e-05   1.0272380e-03  -1.6291095e-04
  -1.5341499e-01   2.2799992e-01   1.7505240e+00  -1.8024258e-04   9.0502191e-04   2.7854572e-04
  -1.4435263e-01   2.1951774e-01   1.7264995e+00  -7.6488687e-04   9.3252911e-04   5.3836305e-05
  -1.5575255e-01   1.9872216e-01   1.7381183e+00  -1.6435705e-04   1.0215541e-03   5.1698071e-04
  -1.6115029e-01   2.1587372e-01   1.7455747e+00  -3.8605401e-04   4.6813602e-04   7.3255749e-04
  -1.7662246e-01   2.1195980e-01   1.7730258e+00  -5.2040408e-04   5.9893544e-04   5.7562954e-04
  -1.4769598e-01   2.1470954e-01   1.8198027e+00  -1.0669464e-04   4.7530689e-04  -2.6934271e-04
  -1.5554967e-01   2.1974419e-01   1.8443521e+00   1.4321943e-04   9.0991444e-04   7.6674179e-05
  -1.5009369e-01   2.5062269e-01   1.8565960e+00   4.6716384e-05   7.0332748e-04  -2.1911957e-04
  -1.4298838e-01   2.5743736e-01   1.8630721e+00   1.8045296e-05   1.2674220e-03  -1.5698534e-04
  -1.4661701e-01   2.5183897e-01   1.8523158e+00  -5.1587515e-04   6.1692796e-04   2.6117180e-04
  -1.4991520e-01   2.4249848e-01   1.8645505e+00  -6.9859674e-04   9.4949760e-04   3.0431893e-04
  -1.4304143e-01   2.4542084e-01   1.8828573e+00  -3.3587174e-04   1.1308200e-03   1.1059951e-04
  -1.4261555e-01   2.6360379e-01   1.9100502e+00  -2.4027120e-04   1.0905143e-03  -4.6801852e-05
  -1.5747921e-01   2.6118743e-01   1.9353703e+00  -1.3973502e-04   6.8420391e-04   7.7542446e-05
  -1.5846219e-01   2.4620226e-01   1.8969295e+00  -8.2116259e-04   1.1160588e-03   5.9839602e-04
  -1.5484104e-01   2.5435952e-01   1.9673152e+00   2.0808454e-04   7.0319273e-04   3.2649024e-04
  -1.4506299e-01   2.5094352e-01   1.9642310e+00  -3.0795672e-04   7.4696280e-04   3.2154936e-04
  -1.4325401e-01   2.5240302e-01   2.0056453e+00   2.0217944e-04   8.0656310e-04   2.1047183e-04
  -1.5579776e-01   2.6588354e-01   2.0107136e+00   1.8728636e-05   6.6370303e-04   6.0316385e-04
  -1.4490459e-01   2.6468625e-01   2.0125761e+00   9.5201978e-05   8.6366563e-04   9.3221323e-05
  -1.4315904e-01   2.6178081e-01   2.0137574e+00   2.2565914e-04   6.6309638e-04   5.0124196e-04
  -1.4088109e-01   2.6319627e-01   2.0105188e+00   1.5404295e-04   6.9159405e-04   5.3965879e-05
  -1.5384682e-01   2.7206017e-01   2.0342481e+00  -2.0715939e-04   6.8519366e-04   5.1701402e-04
  -1.4379010e-01   2.4519903e-01   2.0536834e+00  -3.6680893e-04   1.0463434e-03  -7.0615923e-05
  -1.4388251e-01   2.9144351e-01   2.0883629e+00   8.9616983e-05   6.1667978e-04  -5.7307626e-05
  -1.3451924e-01   2.7301598e-01   2.0517086e+00  -7.6006347e-04   9.3396606e-04  -1.3047604e-04
  -1.5836168e-01   2.7566921e-01   2.0751905e+00  -5.6749047e-04   7.6525058e-04   4.1326817e-04
  -1.3252277e-01   2.8794103e-01   2.1012071e+00  -4.3948294e-04   6.1785631e-04  -3.3748006e-04
  -1.4710506e-01   2.6834723e-01   2.1226591e+00  -1.8653826e-04   4.9143463e-04  -1.9320980e-05
  -1.4492369e-01   2.7623829e-01   2.1556184e+00  -6.3976863e-05   9.5326847e-04   3.6393987e-05
  -1.3890666e-01   2.9341353e-01   2.1656511e+00  -3.2295538e-05   5.0180615e-04  -3.7079123e-04
  -1.4303569e-01   3.0868165e-01   2.1641773e+00   2.3807970e-04   4.0402932e-04  -3.1142340e-04
  -1.3999465e-01   2.8519812e-01   2.1365073e+00  -7.3468977e-04   7.4481981e-04   2.8050401e-04
  -1.3809199e-01   2.8296524e-01   2.1843100e+00   2.2784344e-04   7.3659520e-04  -9.7337292e-05
  -1.5067760e-01   2.8861748e-01   2.1990594e+00   5.5897777e-04   6.4411197e-04   1.8510145e-04
  -1.5618197e-01   3.0683542e-01   2.2044492e+00   6.7431009e-05   4.3718222e-04   5.0983489e-04
  -1.4006700e-01   3.0158855e-01   2.2234457e+00   7.1260656e-05   7.7844346e-04   7.4973731e-05
  -1.4757307e-01   2.9704097e-01   2.2250321e+00  -1.0398785e-04   9.7887766e-04   5.4575866e-04
  -1.4261952e-01   3.0125727e-01   2.2461316e+00  -9.0324226e-05   1.0779644e-03   4.8705372e-04
  -1.5290205e-01   2.9040559e-01   2.2945978e+00   2.5076030e-04   6.8698023e-04  -3.5073428e-05
  -1.3787249e-01   3.1711666e-01   2.2921680e+00   2.0482627e-04   6.6552295e-04   1.0597144e-05
  -1.4156982e-01   3.1731786e-01   2.3002527e+00   3.1037892e-04   8.5161583e-04  -4.4064076e-05
  -1.3896314e-01   3.1063590e-01   2.3090034e+00   4.7305344e-04   9.3892607e-04  -2.0620240e-04
  -1.3301948e-01   3.3261844e-01   2.3078266e+00   7.7721698e-05   1.0292184e-03  -1.4328559e-04
  -1.3677255e-01   3.4277615e-01   2.3268085e+00   2.6704489e-04   1.1008917e-03  -2.9696596e-04
  -1.6079531e-01   3.3402334e-01   2.3389060e+00  -4.2828512e-05   7.7012663e-04   1.2414208e-04
  -1.4915813e-01   3.5303124e-01   2.3475777e+00   2.4128753e-04   9.5273218e-04   4.4327134e-04
  -1.3338153e-01   3.4605840e-01   2.3486341e+00  -4.6940469e-05   9.8173424e-04   2.2266269e-04
  -1.3064287e-01   3.4627171e-01   2.3323225e+00   3.5102568e-05   1.1315733e-03   5.0211652e-04
  -1.3627960e-01   3.1219725e-01   2.3358384e+00   2.4219026e-04   7.6314244e-04   5.6937036e-04
  -1.3331467e-01   3.2372762e-01   2.3949625e+00   8.9179869e-04   8.1603705e-04   4.2146597e-04
  -1.4063291e-01   3.1702732e-01   2.4075029e+00   7.1631066e-04   5.7642246e-04   5.7328384e-04
  -1.4036569e-01   3.2667852e-01   2.4300211e+00   3.8412517e-04   8.1170556e-04   3.4961957e-04
  -1.5461404e-01   3.6955385e-01   2.4314375e+00  -2.5566278e-05   5.0111578e-04   3.5507289e-04
  -1.4012995e-01   3.4235356e-01   2.4572696e+00   8.4654660e-04   1.2042284e-03   3.7110221e-04
  -1.4573684e-01   3.3525381e-01   2.4800906e+00   8.3451296e-04   1.3127988e-03   3.9203365e-04
  -1.3914891e-01   3.2899970e-01   2.4769679e+00   9.0320002e-04   1.0917343e-03   1.9504304e-04
  -1.4403519e-01   3.4845783e-01   2.5258926e+00   1.2916881e-03   1.1256458e-03   3.4211488e-04
  -1.5046829e-01   3.5895257e-01   2.5353214e+00   8.5078995e-04   1.0996028e-03   5.2195963e-04
  -1.3788927e-01   3.4712685e-01   2.5202570e+00   5.5895278e-04   6.3418345e-04  -1.0333044e-04
  -1.4248626e-01   3.5240380e-01   2.5248956e+00   4.0642706e-04   8.7312662e-04   3.8932718e-04
  -1.2372191e-01   2.9065566e-01   2.5466509e+00   7.5280399e-04   7.9343577e-04  -7.9239572e-04
  -1.4031670e-01   3.5591571e-01   2.5390940e+00   5.5444679e-04   1.2626581e-03   6.7689946e-04
  -1.3103960e-01   3.4104115e-01   2.5795138e+00   8.7907428e-04   1.6390546e-03   2.3725314e-04
  -1.4290394e-01   3.3374963e-01   2.5859034e+00   5.5098460e-04   1.0992819e-03   1.6542661e-04
  -1.4831958e-01   3.5415154e-01   2.6141217e+00   9.1693055e-04   6.7103705e-04   4.8206720e-04
  -1.5361130e-01   2.7587786e-01   2.6530394e+00   1.6297697e-03   6.6801961e-04   3.4482091e-05
  -1.3541333e-01   3.6725489e-01   2.6279405e+00   7.0959563e-04   1.1144329e-03   2.6845954e-04
  -1.4554720e-01   3.5447247e-01   2.6439925e+00   7.6426362e-04   9.7311974e-04   2.3657594e-04
  -1.4657094e-01   3.6155085e-01   2.6597813e+00   1.1553217e-03   7.6396985e-04   4.5694608e-04
  -1.3063617e-01   3.8872907e-01   2.6798051e+00   9.7895593e-04   1.0216355e-03   6.5459429e-05
  -1.4059289e-01   3.9232734e-01   2.6756898e+00   1.0372757e-03   1.0069357e-03   4.6481043e-04
  -1.4196880e-01   4.0401631e-01   2.6679037e+00   8.6148602e-04   8.4752534e-04   6.3143330e-04
  -1.2913977e-01   3.9549432e-01   2.6733654e+00   7.5159565e-04   9.1542119e-04   4.4351720e-04
  -1.3430141e-01   3.9969340e-01   2.6748161e+00   6.9895721e-04   9.9930206e-04   1.5848083e-04
  -1.3555465e-01   4.0034650e-01   2.7049854e+00   1.0229268e-03   1.3262590e-03   3.9173746e-04
  -1.3130939e-01   4.0839207e-01   2.6858930e+00   4.0950150e-04   1.0374891e-03   6.4281424e-04
  -1.3085934e-01   3.8770715e-01   2.7062184e+00   7.9055600e-04   1.0414719e-03   4.5738209e-04
  -1.2829992e-01   4.0457311e-01   2.7417566e+00   1.5062305e-03   1.0633337e-03   3.6002063e-04
  -1.5560135e-01   3.8786792e-01   2.8035964e+00   1.1610796e-03   8.2211133e-04   3.4832794e-04
  -1.4164145e-01   4.0013653e-01   2.8298647e+00   1.3186468e-03   9.9080200e-04  -7.4318782e-06
  -1.4171227e-01   3.7130450e-01   2.8583833e+00   2.0949780e-03   7.2644556e-04  -8.1745645e-04
  -1.5674020e-01   3.9282487e-01   2.8200154e+00   4.9083631e-04   1.0489960e-03   3.5822189e-04
  -1.3645194e-01   4.0519842e-01   2.8635889e+00   1.1567262e-03   1.5658179e-03   2.6788720e-04
  -1.3939640e-01   4.0696385e-01   2.8782587e+00   9.8072884e-04   1.2347803e-03   6.6637808e-05
  -1.4782817e-01   4.0377551e-01   2.8672484e+00   1.1215809e-03   1.2591995e-03   3.7116015e-04
  -1.3328327e-01   3.9449026e-01   2.8778692e+00   1.3429948e-03   1.2198235e-03  -6.0483696e-05
  -1.2697729e-01   4.2031248e-01   2.9157706e+00   1.2020442e-03   1.1603946e-03   1.3709903e-04
  -1.2941451e-01   4.0875364e-01   2.9015406e+00   1.1533153e-03   1.0999868e-03   2.4711697e-04
  -1.4672041e-01   4.1501764e-01   2.9194367e+00   1.0435599e-03   1.4488180e-03   6.9696271e-04
  -1.3268337e-01   4.0569941e-01   2.9598420e+00   1.0817965e-03   1.3994960e-03   2.2626521e-04
  -1.5517491e-01   4.1995349e-01   2.9899624e+00   1.1396772e-03   1.1247621e-03   5.3440295e-04
  -1.3595440e-01   4.3774397e-01   2.9965638e+00   1.4597865e-03   1.2059306e-03   3.4714609e-04
  -1.1031762e-01   4.1705370e-01   2.9794347e+00   1.2462012e-03   1.6409247e-03  -2.0421970e-04
  -1.2796446e-01   4.3011748e-01   2.9744896e+00   1.4606137e-03   9.1062390e-04   4.2882203e-04
  -1.1242588e-01   4.3060061e-01   2.9637768e+00   6.7841982e-04   7.8029950e-04   1.2409790e-04
  -1.1979477e-01   4.3003011e-01   3.0107110e+00   1.2281725e-03   1.2251465e-03   1.9163012e-04
  -1.3382470e-01   4.3516692e-01   3.0134950e+00   1.0272469e-03   7.4953449e-04   2.3276909e-04
  -1.4291569e-01   4.3375137e-01   3.0342364e+00   7.3361116e-04   9.0350118e-04   3.3097655e-04
  -1.3175053e-01   4.3241905e-01   3.0526742e+00   1.0605587e-03   1.1272066e-03  -5.2063584e-05
  -1.2132250e-01   4.3864557e-01   3.0471369e+00   1.0918286e-03   1.0069663e-03  -5.9413552e-05
  -1.1242770e-01   4.4118028e-01   3.0348438e+00   7.1949458e-04   8.4711509e-04   7.5322504e-05
  -1.2316951e-01   4.5650461e-01   3.0470962e+00   9.3009254e-04   7.0928448e-04   2.4327261e-04
  -1.1629364e-01   4.8148283e-01   3.0934726e+00   1.7783085e-03   1.3296557e-03   2.6580847e-04
  -1.2742832e-01   4.6935000e-01   3.0896099e+00   1.3799670e-03   8.4107637e-04   1.1286959e-04
  -1.1628432e-01   4.6688761e-01   3.1142166e+00   1.7820040e-03   1.3433201e-03   3.7665209e-04
  -1.2458574e-01   4.4760978e-01   3.0995166e+00   1.2036619e-03   9.0553189e-04   6.4731288e-04
  -1.1734321e-01   4.3154696e-01   3.0963247e+00   1.4914473e-03   5.9000580e-04   4.7598600e-04
  -1.7985597e-01   4.2284842e-01   3.1321980e+00   2.2833326e-03   6.7889328e-04   1.3928971e-03
  -1.1048578e-01   4.3009444e-01   3.1509334e+00   1.7676533e-03   1.1164677e-03   2.6665793e-04
  -1.2533361e-01   4.4594046e-01   3.1584584e+00   1.1434480e-03   6.6702633e-04   6.0325746e-04
  -1.1576253e-01   4.4684947e-01   3.1980801e+00   1.8887045e-03   1.1657177e-03   5.4505942e-04
  -1.2504579e-01   4.5072288e-01   3.1738871e+00   1.1740006e-03   9.9138208e-04   5.9989773e-04
  -1.2088229e-01   4.5432717e-01   3.1809788e+00   8.6329127e-04   8.2171019e-04   3.6633846e-04
  -1.2048484e-01   4.6169999e-01   3.1807773e+00   1.0226832e-03   1.1290919e-03   5.5409896e-04
  -1.2552197e-01   4.6317961e-01   3.1966735e+00   1.6176068e-03   1.1566324e-03   9.2873034e-04
  -1.3667803e-01   4.5487139e-01   3.2225737e+00   1.4372747e-03   8.3943201e-04   6.7677505e-04
  -1.2395186e-01   4.6092811e-01   3.2543033e+00   1.0489980e-03   1.1533962e-03   3.0978884e-04
  -1.2529544e-01   4.7642502e-01   3.2539554e+00   1.1722571e-03   9.8813570e-04   2.4428700e-04
  -1.1171372e-01   4.7403179e-01   3.2889365e+00   1.5658534e-03   1.2432474e-03   4.7954520e-04
  -1.1575076e-01   4.8686059e-01   3.2894063e+00   1.4207167e-03   9.1572109e-04   4.4352817e-04
  -1.3591914e-01   4.8641802e-01   3.2704090e+00   8.3072775e-04   1.2460773e-03   1.0947513e-03
  -1.2915749e-01   4.6154523e-01   3.2954052e+00   8.4018266e-04   1.2104115e-03   5.7191283e-04
  -1.3361407e-01   4.6792928e-01   3.3384525e+00   1.0004510e-03   1.3777979e-03   6.2999173e-04
  -1.2206202e-01   4.6770453e-01   3.3544038e+00   1.3022980e-03   1.0261411e-03   3.1368161e-04
  -1.2189517e-01   4.9784512e-01   3.3377386e+00   1.2001893e-03   9.9337698e-04   3.0510768e-04
  -1.2674466e-01   4.8242843e-01   3.3535638e+00   8.1939714e-04   1.1598991e-03   5.2173009e-04
  -1.2637696e-01   4.8943282e-01   3.3836194e+00   1.1494096e-03   1.0154711e-03   2.5754435e-04
  -1.2581967e-01   4.8749667e-01   3.4062655e+00   1.5085562e-03   9.3434373e-04   3.0193156e-04
  -1.2384529e-01   4.8774432e-01   3.4291572e+00   1.3046398e-03   1.3508376e-03   2.2745810e-04
  -1.2272108e-01   4.8532790e-01   3.4462559e+00   1.4991121e-03   1.3365436e-03   7.9904809e-05
  -1.4940319e-01   4.9896320e-01   3.4464800e+00   8.9734472e-04   9.9600235e-04   3.9845550e-04
  -1.3282907e-01   5.0316850e-01   3.4380825e+00   1.2029483e-03   1.6057062e-03   3.9264244e-04
  -1.3609120e-01   5.2032491e-01   3.4451448e+00   1.3414414e-03   1.2033961e-03   4.1090342e-04
  -1.2266972e-01   5.0976689e-01   3.4737621e+00   7.7012201e-04   1.2526465e-03   1.6383020e-04
  -1.3103672e-01   4.9723558e-01   3.5099419e+00   1.3555957e-03   1.5517328e-03   4.1700568e-04
  -1.3296680e-01   5.1503874e-01   3.4962147e+00   4.7096371e-04   1.2373754e-03   7.3509855e-05
  -1.2316495e-01   5.2361843e-01   3.5241168e+00   1.2997487e-03   8.6309410e-04   3.0335940e-04
  -1.3164671e-01   5.1199045e-01   3.5132934e+00   6.9286498e-04   1.0729488e-03   3.6478659e-04
  -1.2116623e-01   5.3126359e-01   3.5271901e+00   8.8002715e-04   1.4107766e-03   4.3949598e-04
  -1.2700489e-01   5.1691022e-01   3.5537795e+00   1.4301300e-03   1.0598560e-03   1.8778212e-04
  -1.2940347e-01   5.0019607e-01   3.5511875e+00   1.2323560e-03   1.2833046e-03   6.4436702e-04
  -1.2411693e-01   5.0994774e-01   3.5671513e+00   1.4474083e-03   9.8919881e-04   6.4579398e-04
  -1.1426556e-01   5.1312721e-01   3.5682121e+00   8.6840759e-04   1.3142270e-03   1.2120830e-04
  -1.1680833e-01   4.9995605e-01   3.5928987e+00   9.2996813e-04   1.1433534e-03   3.4879985e-04
  -1.1290304e-01   5.2436332e-01   3.6023490e+00   8.4936653e-04   1.2387720e-03  -4.4870064e-06
  -1.2404011e-01   5.2059988e-01   3.6158506e+00   4.1078752e-04   1.5895283e-03   1.1114166e-04
  -1.2338324e-01   5.3020624e-01   3.6493691e+00   1.0007619e-03   1.2339981e-03  -1.4676044e-05
  -1.1288396e-01   5.1811930e-01   3.6364661e+00   1.0636860e-03   1.2023473e-03   4.5374064e-05
  -1.2253957e-01   5.1672666e-01   3.6592929e+00   7.2072431e-04   1.0952328e-03   2.7220382e-04
  -1.2134947e-01   5.2829804e-01   3.6768869e+00   9.4735404e-04   1.2135969e-03   1.1776649e-04
  -1.2716125e-01   5.2826940e-01   3.7047710e+00   1.3025272e-03   1.4516446e-03   3.8609801e-04
  -1.2562028e-01   5.4345125e-01   3.7105312e+00   1.1005115e-03   1.5088834e-03   4.0805301e-04
  -1.2629943e-01   5.3434618e-01   3.7039376e+00   6.4652176e-04   1.2581540e-03   3.4787888e-04
  -1.2467330e-01   5.5131392e-01   3.7290451e+00   1.0567096e-03   1.5154899e-03  -1.0188594e-04
  -1.1646464e-01   5.1728271e-01   3.7145418e+00   5.4910654e-04   1.4866877e-03   3.8480094e-04
  -1.2258642e-01   5.3571683e-01   3.7266158e+00   7.5885028e-04   1.5035435e-03   7.4469577e-05
  -1.1938050e-01   5.4226953e-01   3.7483135e+00   1.1742700e-03   1.3442994e-03   2.2195636e-04
  -1.3333928e-01   5.3158134e-01   3.7907483e+00   7.7351961e-04   1.4051325e-03   3.4713950e-04
  -1.2725406e-01   5.2784089e-01   3.7983449e+00   7.4505675e-04   1.5724002e-03   2.9931941e-05
  -1.3208846e-01   5.3897904e-01   3.8276023e+00   5.0382266e-04   1.3365292e-03   1.9561482e-05
  -1.2009814e-01   5.4186325e-01   3.8089570e+00   5.5981847e-04   1.5730068e-03   2.7529321e-04
  -1.1517890e-01   5.7504410e-01   3.8260428e+00   8.5715537e-04   1.4768667e-03  -1.2881308e-04
  -1.3946580e-01   5.3998599e-01   3.7970539e+00   1.2568240e-04   1.2367429e-03   3.4967814e-04
  -1.1193171e-01   5.4152451e-01   3.8448984e+00   4.6336043e-04   1.6119517e-03   1.5550770e-04
  -1.2069662e-01   5.4666864e-01   3.8712887e+00   5.8465494e-04   1.5256698e-03   3.2466303e-04
  -1.1307174e-01   5.4562398e-01   3.8908630e+00   4.1780266e-04   1.4956618e-03   8.6083727e-06
  -1.3690935e-01   5.4819640e-01   3.8724049e+00   6.9947666e-04   1.3088721e-03   8.7408396e-04
  -1.5780673e-01   5.5221916e-01   3.8823086e+00   4.6218279e-04   5.3241975e-04   3.4517863e-04
  -1.2715857e-01   4.9439370e-01   3.8921328e+00   3.0134189e-04   1.4210635e-03   1.3371266e-04
  -1.0638691e-01   4.9975614e-01   3.9220633e+00   1.4584405e-04   9.7473570e-04  -3.0473738e-05
  -1.3073385e-01   5.2679733e-01   3.9557188e+00   4.9876431e-04   6.9932651e-04   3.4105087e-04
  -1.2614592e-01   5.4510468e-01   4.0131172e+00   6.4833907e-04   1.0737085e-03   1.7646133e-04
  -1.1477417e-01   5.5674642e-01   4.0601093e+00   1.1429406e-03   1.4865153e-03  -2.8569764e-04
  -1.1596865e-01   5.7424268e-01   4.0630789e+00   8.8074337e-04   1.1329610e-03  -8.6556650e-05
  -1.1756415e-01   5.8165783e-01   4.0415478e+00   6.5799914e-04   9.2257442e-04  -2.5590142e-04
  -1.2076002e-01   5.8177584e-01   4.0789581e+00   1.0117949e-03   4.0098759e-04  -1.9249020e-05
  -1.1174335e-01   5.8405788e-01   4.0622153e+00   2.0508718e-04   1.3674632e-03  -1.2254591e-04
  -1.0754589e-01   5.8735141e-01   4.0537983e+00   4.4511215e-04   1.0761265e-03  -1.5680408e-04
  -1.0341571e-01   5.7778757e-01   4.0780997e+00   4.4578648e-04   1.1601698e-03  -5.3947839e-04
  -1.1104690e-01   5.7875280e-01   4.0897798e+00   2.9466781e-04   1.0916941e-03  -1.7407383e-04
  -1.1918247e-01   5.8649296e-01   4.0999132e+00   7.6007540e-04   1.1152437e-03   2.9760135e-04
  -1.0050651e-01   5.8638221e-01   4.1081844e+00   2.8034734e-04   1.3426071e-03  -3.7133425e-04
  -1.0885104e-01   5.8278536e-01   4.1114934e+00   4.8552919e-04   8.3335253e-04  -2.3159286e-04
  -1.0225183e-01   5.9674479e-01   4.1406966e+00   8.0718844e-04   1.2293155e-03  -2.4310073e-04
  -1.1336232e-01   5.7070031e-01   4.1535923e+00   8.6778231e-04   1.0424560e-03  -4.7981000e-04
  -1.0973325e-01   5.8694271e-01   4.1710371e+00   3.7284427e-04   1.4323185e-03  -1.8235648e-05
  -1.1648098e-01   5.9188762e-01   4.1777019e+00   5.3959578e-04   7.9781704e-04   2.7983453e-05
  -1.3323474e-01   6.0217185e-01   4.1871999e+00   4.2999874e-04   7.5250530e-04   2.0296392e-04
  -1.0956181e-01   6.1972182e-01   4.1913473e+00   5.9331365e-04   1.3454747e-03   1.1844949e-04
  -9.9812345e-02   6.0575019e-01   4.1942715e+00   4.4776672e-04   1.2482836e-03  -2.1603280e-04
  -9.9876038e-02   6.0841309e-01   4.2388814e+00   1.1796248e-03   1.5257627e-03  -1.5455760e-04
  -1.0085963e-01   6.0104460e-01   4.2423295e+00   6.3871774e-04   1.7042260e-03  -6.1881705e-05
  -1.0766462e-01   5.8480935e-01   4.2455243e+00   6.7448076e-04   1.6306394e-03   7.0811466e-05
  -9.8171168e-02   6.0661690e-01   4.2612473e+00   9.3873882e-04   1.1299120e-03  -1.2945593e-04
  -1.0747028e-01   6.1104996e-01   4.2688962e+00   9.1528629e-04   1.5192131e-03  -5.9764890e-05
  -1.1731289e-01   6.2602011e-01   4.2820646e+00   9.7888535e-04   1.0255378e-03  -3.7894242e-04
  -1.0722505e-01   6.1773179e-01   4.2760876e+00   4.9064496e-04   1.1723701e-03  -1.2391509e-04
  -9.9210044e-02   6.2045673e-01   4.2760787e+00   4.1999973e-04   1.4538076e-03  -1.0551434e-04
  -9.4477710e-02   6.0820909e-01   4.3003502e+00   1.0156219e-03   1.4006292e-03  -2.3806098e-04
  -1.0713175e-01   6.2050755e-01   4.2973510e+00   1.5435084e-04   1.5958815e-03   3.9094001e-04
  -1.0460658e-01   6.1438651e-01   4.2945102e+00   8.2363630e-05   1.3485586e-03   2.5192691e-04
  -1.1303879e-01   6.2108916e-01   4.3102701e+00   3.0898184e-04   1.2898146e-03   4.8418619e-04
  -8.7935142e-02   6.3146890e-01   4.3073002e+00   6.6755463e-04   6.9892616e-04   3.9547677e-04
  -9.2689428e-02   6.0193227e-01   4.3221077e+00   6.4789593e-04   7.6695858e-04   3.8800324e-04
  -1.0244268e-01   6.1592512e-01   4.3318266e+00   9.7984457e-04   1.0197003e-03   5.9296400e-04
  -9.5038998e-02   6.1496627e-01   4.3753881e+00   1.0589646e-03   1.1410247e-03   3.9779316e-04
  -8.3620317e-02   6.2602509e-01   4.3699015e+00   7.9130814e-04   1.4104399e-03  -2.1742814e-04
  -1.0545444e-01   5.9785195e-01   4.3693690e+00   6.5183105e-04   1.0696630e-03   5.9064549e-04
  -1.0274283e-01   6.2621616e-01   4.3749758e+00   2.8692916e-04   1.1575488e-03   5.5212283e-04
  -1.0627085e-01   6.2744652e-01   4.4097254e+00   1.0620200e-03   1.0259004e-03   3.1572972e-04
  -1.0560615e-01   6.3129150e-01   4.4058376e+00   8.3631108e-04   1.0763424e-03   3.0008567e-04
  -1.0612727e-01   6.2120269e-01   4.4140351e+00   5.3508951e-04   1.2844477e-03   2.7235415e-04
  -8.7944570e-02   6.2407625e-01   4.3928198e+00   5.7037013e-04   1.2429349e-03   4.0037450e-04
  -9.8322914e-02   6.3038180e-01   4.4192741e+00   7.4121265e-04   6.5278969e-04   5.0411549e-04
  -8.6783730e-02   6.0489295e-01   4.4464224e+00   7.4587364e-04   9.7004121e-04   1.8745267e-05
  -9.7593323e-02   6.2444542e-01   4.5064881e+00   1.6575752e-03   1.1748498e-03   2.5667187e-04
  -1.1911253e-01   6.0955601e-01   4.4932993e+00   8.3596609e-04   9.6457827e-04   2.8572427e-04
  -9.7042260e-02   6.3084126e-01   4.4919914e+00   5.7342034e-04   7.8209994e-04   7.2615103e-05
  -9.9845306e-02   6.5319172e-01   4.5092649e+00   1.1889348e-03   1.0819348e-03   1.8991959e-04
  -9.1144960e-02   6.3808046e-01   4.5260511e+00   1.3020082e-03   9.5003169e-04  -4.6495316e-05
  -1.0288026e-01   6.2803899e-01   4.5379936e+00   1.2516281e-03   8.8410875e-04   4.7585528e-04
  -8.7383717e-02   6.4751613e-01   4.5303995e+00   9.9065513e-04   1.0777486e-03   7.3714070e-05
  -1.1665989e-01   6.1862168e-01   4.5911285e+00   1.3246095e-03   8.8881977e-04   4.7126254e-04
  -9.4203299e-02   6.5553488e-01   4.5939778e+00   1.6276187e-03   1.1115595e-03  -1.0242085e-04
  -1.0241581e-01   6.5491444e-01   4.5918294e+00   1.2078127e-03   9.2867881e-04   1.1078583e-04
  -1.0239925e-01   6.6019189e-01   4.6063414e+00   9.1911505e-04   1.3573923e-03   9.6934689e-05
  -9.8070507e-02   6.6276010e-01   4.6084454e+00   1.1837582e-03   1.1622707e-03   3.6435754e-05
  -1.1530414e-01   6.4875647e-01   4.6151423e+00   1.0746576e-03   7.4498839e-04   4.3887422e-04
  -9.2577621e-02   6.5384926e-01   4.6198781e+00   7.5528712e-04   1.3025759e-03  -2.3877319e-04
  -1.0434707e-01   6.6568222e-01   4.6401394e+00   1.1272479e-03   8.5415524e-04   1.2852353e-04
  -1.0794815e-01   6.5764170e-01   4.6396302e+00   1.1485084e-03   9.5714571e-04   5.3461437e-05
  -1.0042946e-01   6.5168337e-01   4.6555446e+00   9.3592447e-04   1.4761683e-03   1.9801244e-05
  -9.9434942e-02   6.5007519e-01   4.6795941e+00   1.2581411e-03   1.0076125e-03   1.0818438e-04
  -1.0793539e-01   6.7257871e-01   4.6638144e+00   4.8093852e-04   1.1622588e-03   2.3172706e-04
  -1.0821647e-01   6.6584894e-01   4.6648341e+00   9.2448509e-04   1.0296463e-03   4.9469732e-04
  -1.1323254e-01   6.5653825e-01   4.7056753e+00   1.2564755e-03   1.0672626e-03   3.7175756e-04
  -9.9196467e-02   6.6115418e-01   4.7089576e+00   8.3053598e-04   1.1766555e-03   2.1390705e-04
  -9.0238213e-02   6.7411640e-01   4.7261320e+00   1.0609510e-03   1.3883907e-03  -1.5750754e-05
  -1.0051594e-01   6.4779423e-01   4.7492895e+00   1.3226195e-03   1.1522409e-03   2.7021929e-05
  -1.0058386e-01   6.6027724e-01   4.7581787e+00   1.1804175e-03   1.3449030e-03   9.9093948e-05
  -9.6324116e-02   6.6970726e-01   4.7743754e+00   1.5839125e-03   1.4373256e-03   2.1851403e-05
  -9.8052138e-02   6.5630509e-01   4.7661189e+00   1.0516600e-03   9.8279004e-04  -1.0718185e-04
  -9.5709278e-02   6.7494614e-01   4.7889728e+00   1.0722960e-03   8.3353329e-04   8.3133760e-05
  -9.5436559e-02   6.6613332e-01   4.7959912e+00   1.1178764e-03   1.3458518e-03  -2.1466571e-04
  -1.1172962e-01   6.8625708e-01   4.8060438e+00   1.0892752e-03   1.1018540e-03   2.8127095e-04
  -9.8713225e-02   6.8959197e-01   4.8122303e+00   1.0176544e-03   1.5867222e-03   4.1102545e-04
  -1.1117645e-01   6.6345226e-01   4.8286946e+00   1.0457259e-03   6.9492317e-04   3.5120863e-04
  -1.0910487e-01   6.6687502e-01   4.8796622e+00   1.8376107e-03   1.3296282e-03   2.7831055e-04
  -9.9802631e-02   6.8095384e-01   4.8651589e+00   8.5481170e-04   1.0209421e-03   8.4861190e-05
  -1.1155107e-01   6.8162156e-01   4.8788272e+00   1.4285189e-03   1.0307604e-03   2.6698762e-04
  -1.0281336e-01   6.8637039e-01   4.8814148e+00   4.6912277e-04   1.0292545e-03   1.0225391e-04
  -9.5003686e-02   6.8755066e-01   4.9070987e+00   1.5051362e-03   9.8291655e-04  -6.2908348e-06
  -8.9753412e-02   6.8869986e-01   4.9350018e+00   1.5263783e-03   9.9286601e-04   8.1140735e-05
  -1.0920304e-01   6.9015157e-01   4.9445579e+00   1.3891016e-03   9.5842553e-04   2.8668074e-04
  -1.1266681e-01   6.9116627e-01   4.9679518e+00   1.4616081e-03   1.0854399e-03   4.4212637e-04
  -1.1029444e-01   6.8432029e-01   4.9680986e+00   1.3810280e-03   1.2543394e-03  -2.4503841e-04
  -1.0529827e-01   6.9985819e-01   4.9917179e+00   1.6215157e-03   1.4078821e-03  -1.7024893e-04
  -1.0436863e-01   7.1235279e-01   5.0297665e+00   2.1718550e-03   1.5553865e-03   6.7198750e-05
  -1.1643337e-01   7.1054833e-01   5.0184848e+00   1.4580852e-03   1.5209577e-03   4.3465131e-04
  -1.0257657e-01   6.9886580e-01   4.9939016e+00   9.3042419e-04   1.3202909e-03   1.5969328e-05
  -1.1971458e-01   7.0947365e-01   5.0109905e+00   1.2288090e-03   1.1601192e-03   1.5833736e-04
  -1.0449129e-01   7.1034456e-01   5.0145774e+00   1.3241122e-03   1.5219590e-03   2.9607266e-04
  -1.1708013e-01   7.0016105e-01   5.0221373e+00   1.0801143e-03   1.1629873e-03   3.5387839e-04
  -9.8690029e-02   7.2760776e-01   5.0185651e+00   1.2492756e-03   1.2485573e-03   7.5729250e-05
  -9.0546896e-02   7.0940784e-01   5.0404357e+00   8.1619396e-04   1.5783254e-03   1.5278785e-04
  -9.8296921e-02   7.1385738e-01   5.0599862e+00   1.4801084e-03   1.5717721e-03   3.1000945e-04
  -1.9813317e-02   8.7767591e-01   5.0432697e+00   9.6322797e-04   1.3612958e-03  -2.8587041e-03
  -1.0220042e-01   7.0739534e-01   5.0723466e+00   1.2513861e-03   1.5208686e-03   1.9492536e-05
  -1.1039366e-01   7.0850128e-01   5.0887601e+00   1.5483460e-03   1.1816595e-03   3.6297810e-04
  -1.1495724e-01   7.0682783e-01   5.0905233e+00   1.4485309e-03   1.1509407e-03   3.6691020e-04
  -1.0035806e-01   7.0860323e-01   5.0862700e+00   9.9801794e-04   1.3102168e-03   1.5186206e-04
  -1.0622086e-01   7.0945440e-01   5.1369269e+00   1.0638318e-03   1.4739439e-03   2.3992316e-04
  -1.1368839e-01   7.0111611e-01   5.1296606e+00   1.1126471e-03   1.5561111e-03  -2.5868255e-05
  -1.1591997e-01   7.1297350e-01   5.1550781e+00   1.5584035e-03   1.3452806e-03  -6.0913465e-05
  -9.8159837e-02   7.2304556e-01   5.1473578e+00   1.1317150e-03   9.1962642e-04  -7.7730203e-05
  -1.0770794e-01   7.2132568e-01   5.1194843e+00   4.3633728e-04   1.2382361e-03   2.9817402e-04
  -8.9323431e-02   7.5009509e-01   5.1066835e+00   1.9213045e-03   1.6471080e-03  -4.9862936e-04
  -9.2993023e-02   7.2553673e-01   5.1544968e+00   8.8108335e-04   1.5881981e-03  -3.3042587e-04
  -8.6073164e-02   7.3577129e-01   5.1892904e+00   1.5731674e-03   1.7646804e-03  -4.2523588e-04
  -9.1062777e-02   7.4925656e-01   5.1835542e+00   1.5321600e-03   1.3177954e-03  -6.4910107e-04
  -9.1413167e-02   7.4017971e-01   5.2021412e+00   1.6841206e-03   1.4543414e-03  -4.9744094e-04
  -1.1377848e-01   7.4037424e-01   5.1974270e+00   1.4530596e-03   1.4946041e-03  -8.9489895e-05
  -1.1074436e-01   7.3552233e-01   5.2139532e+00   1.4498959e-03   1.9179647e-03  -1.5737084e-04
  -9.5439520e-02   7.3323105e-01   5.2278442e+00   1.4582649e-03   1.3854452e-03  -4.0037203e-04
  -7.9069873e-02   7.5168439e-01   5.2427096e+00   1.6676216e-03   1.2995913e-03  -8.3495084e-04
  -1.0554825e-01   7.5348423e-01   5.2306961e+00   1.4495737e-03   1.1975442e-03  -2.0812403e-04
  -1.0179577e-01   7.4339164e-01   5.2402273e+00   1.2930218e-03   1.0781520e-03  -1.4363176e-04
  -9.7845752e-02   7.3607004e-01   5.2844318e+00   1.5262079e-03   1.3099300e-03  -2.2394459e-04
  -1.0445112e-01   7.4976458e-01   5.2898735e+00   1.4027037e-03   6.8539319e-04  -1.6427863e-04
  -1.0888993e-01   7.4592665e-01   5.3264863e+00   1.5226068e-03   1.1959974e-03  -3.7401567e-04
  -1.1928092e-01   7.3189520e-01   5.3256072e+00   6.3024803e-04   1.0373177e-03   9.9457906e-05
  -1.0014051e-01   7.3860193e-01   5.3511193e+00   9.7650824e-04   1.2531414e-03  -2.3792215e-04
  -9.6919282e-02   7.3446752e-01   5.4030169e+00   1.7327291e-03   1.4282388e-03  -4.1859172e-04
  -1.0244459e-01   7.3342168e-01   5.3772425e+00   1.1797734e-03   1.3525430e-03  -6.4727141e-05
  -1.1017192e-01   7.2156314e-01   5.3535784e+00   1.0517073e-03   1.2061760e-03   2.1332449e-04
  -9.3329212e-02   7.2491160e-01   5.3497947e+00   1.0979859e-03   1.2414401e-03  -1.9371365e-04
  -1.1130664e-01   7.3139438e-01   5.3529457e+00   6.9744735e-04   1.1237903e-03   8.4612733e-05
  -1.0653957e-01   7.3948824e-01   5.3970744e+00   1.5070957e-03   1.4521672e-03   3.6632705e-06
  -1.0189900e-01   7.4795263e-01   5.4032536e+00   9.2762039e-04   1.3725443e-03  -3.2652764e-04
  -1.0362834e-01   7.4795375e-01   5.3897718e+00   8.7966611e-04   1.1355265e-03   1.8960021e-04
  -8.5967144e-02   7.3349855e-01   5.4025007e+00   9.1741027e-04   1.3150306e-03  -1.0827036e-04
  -1.0574974e-01   7.3265586e-01   5.4147208e+00   9.8479868e-04   1.3230474e-03   4.3763436e-04
  -8.8378271e-02   7.1618014e-01   5.4295367e+00   9.1014796e-04   1.2003009e-03  -2.0238484e-04
  -1.0915706e-01   7.3867427e-01   5.4660556e+00   1.1201051e-03   1.3406475e-03   6.2306807e-05
  -8.6839428e-02   7.4847908e-01   5.4475548e+00   1.4423919e-03   1.0562671e-03   7.3621043e-05
  -9.7656165e-02   7.4156370e-01   5.4476352e+00   8.4128992e-04   1.3045433e-03   3.0922909e-04
  -8.7349339e-02   7.5573502e-01   5.4545660e+00   8.4330818e-04   1.1595105e-03   3.9213401e-04
  -8.9489862e-02   7.5223404e-01   5.4687118e+00   8.4609941e-04   1.1371485e-03   2.5924787e-04
  -1.0381659e-01   7.3653588e-01   5.4594703e+00   5.0480512e-04   9.8470281e-04   2.1468128e-04
  -8.1466245e-02   7.4341601e-01   5.4675186e+00   7.8449099e-04   1.6191939e-03  -2.4788144e-04
  -1.0336339e-01   6.9211170e-01   5.3894488e+00  -7.3107952e-04   1.8105497e-05   5.5067417e-04
  -1.0778551e-01   6.8833313e-01   5.4342315e+00   3.5249667e-04   1.5131338e-03   6.2097216e-04
  -9.4007983e-02   6.6735232e-01   5.4639518e+00   1.8090000e-04   1.3215366e-03   9.7411134e-05
  -7.9918388e-02   6.8596291e-01   5.5063985e+00   1.0581414e-03   1.4465943e-03  -1.9347364e-04
  -8.6492971e-02   7.2681376e-01   5.5455505e+00   1.3288845e-03   1.1578609e-03  -1.2366504e-04
  -8.6297067e-02   7.2547438e-01   5.5502804e+00   6.3403675e-04   1.1906271e-03  -1.2404157e-04
  -1.0005766e-01   7.3330610e-01   5.5492854e+00   8.6044499e-04   9.8423977e-04   3.3737531e-04
  -9.3316056e-02   7.4666252e-01   5.5588278e+00   1.3151671e-03   6.7717789e-04  -3.2510422e-05
  -7.8173776e-02   7.3589826e-01   5.5543667e+00   1.0434604e-03   7.5923739e-04  -5.7907466e-06
  -8.5872614e-02   7.4695648e-01   5.5496646e+00   1.0582177e-03   5.0651974e-04   5.5278622e-05
  -7.7349690e-02   7.4132783e-01   5.5852143e+00   8.0366497e-04   1.2690252e-03   9.6277643e-05
  -9.3552486e-02   7.4063999e-01   5.6071597e+00   7.8794125e-04   9.4635970e-04   2.4670749e-04
  -8.2697054e-02   7.3110427e-01   5.6137814e+00   8.9686460e-04   9.9966712e-04  -8.5607407e-05
  -7.7442939e-02   7.4214147e-01   5.6361847e+00   1.1918621e-03   9.9804867e-04  -3.1486108e-04
  -8.3409896e-02   7.5363114e-01   5.6141822e+00   9.0526860e-04   1.0690484e-03   8.9490137e-05
  -9.2588538e-02   7.6144023e-01   5.6302099e+00   1.1916281e-03   1.1196240e-03   2.3432421e-04
  -9.1005672e-02   7.6082416e-01   5.6388466e+00   1.0263061e-03   1.1780481e-03   1.6439808e-04
  -7.6744715e-02   7.7047828e-01   5.6670312e+00   1.3503341e-03   1.4140460e-03  -2.9666032e-05
  -6.8372567e-02   7.6562158e-01   5.6783002e+00   1.2681511e-03   1.0324072e-03   2.9918131e-04
  -7.5006466e-02   7.5635101e-01   5.6693149e+00   8.2886054e-04   1.3808382e-03   8.0688909e-05
  -8.7106117e-02   7.3884295e-01   5.6998604e+00   1.3898806e-03   1.2860347e-03   5.6399080e-04
  -7.8155383e-02   7.6386619e-01   5.7152187e+00   9.3425933e-04   9.5442194e-04   2.0019817e-04
  -8.5760416e-02   7.4824493e-01   5.7190271e+00   9.5873765e-04   1.0569837e-03   2.5122670e-04
  -9.1793326e-02   7.6053035e-01   5.7319551e+00   1.1203516e-03   8.6021484e-04   2.5170101e-04
  -8.5146351e-02   7.6058035e-01   5.7557013e+00   1.4582572e-03   9.4472749e-04   8.9025316e-05
  -9.0764743e-02   7.5740504e-01   5.7741908e+00   1.0802667e-03   1.2961511e-03   6.5769625e-06
  -8.3780842e-02   7.5875094e-01   5.7729010e+00   3.1169613e-04   7.9343699e-04   5.9485742e-06
  -9.6530190e-02   7.6215168e-01   5.7829312e+00   5.9619853e-04   8.9483652e-04   4.2513962e-06
  -7.6207493e-02   7.7151414e-01   5.8014601e+00   1.4524935e-03   8.0582673e-04  -4.0524290e-04
  -7.2720865e-02   7.9048798e-01   5.7713254e+00   6.9533706e-04   1.2546480e-03  -8.8568101e-05
  -6.1314046e-02   7.7003160e-01   5.7535519e+00   1.4664147e-03   1.3888626e-03  -5.0182039e-05
  -6.5694040e-02   7.5258890e-01   5.7240968e+00   1.1966790e-03   7.8025458e-04   1.7728032e-04
  -8.5792776e-02   7.5806454e-01   5.7548443e+00   1.6318272e-03   7.4315949e-04   4.3993346e-04
  -7.3580063e-02   7.5205625e-01   5.7622277e+00   1.6017240e-03   9.7498126e-04   3.2191623e-04
  -6.8671119e-02   7.6496819e-01   5.7581351e+00   1.4044961e-03   9.6652071e-04   5.0041443e-04
  -8.4487911e-02   7.4685006e-01   5.7889188e+00   1.7669407e-03   7.7042025e-04   4.9242553e-04
  -7.9452812e-02   7.5577382e-01   5.8077726e+00   1.3634195e-03   1.4311503e-03   6.4375113e-04
  -7.4647055e-02   7.3895246e-01   5.8481442e+00   1.0363489e-03   1.1520371e-03   8.6662874e-05
  -7.7703495e-02   7.5145687e-01   5.8537624e+00   1.0917072e-03   1.4869421e-03  -1.7573998e-04
  -8.2036747e-02   7.7327318e-01   5.8725028e+00   1.4260579e-03   1.1639678e-03   4.8552274e-05
  -9.2506882e-02   7.6263930e-01   5.8574704e+00   1.3754413e-03   1.2415025e-03   7.0059547e-04
  -8.8684060e-02   7.6956903e-01   5.8557026e+00   1.4089341e-03   9.9366657e-04   2.9648979e-04
  -8.8400305e-02   7.5942235e-01   5.8267842e+00   2.1369226e-04   1.0215710e-03   5.9613312e-04
  -7.6508019e-02   7.7925051e-01   5.8502256e+00   8.8925694e-04   1.2324283e-03   4.1615958e-04
  -7.5870148e-02   7.7887139e-01   5.8447726e+00   7.6629386e-04   1.1406352e-03   2.7952465e-04
  -8.0380968e-02   7.6938940e-01   5.8779031e+00   1.2103395e-03   1.1526969e-03   5.6318036e-04
  -7.9174082e-02   7.8313655e-01   5.8863765e+00   1.1678420e-03   1.4792455e-03   5.3458017e-04
  -8.4678372e-02   7.8966571e-01   5.9154159e+00   1.5387576e-03   1.3270489e-03   4.4520472e-04
  -6.4107880e-02   7.9266651e-01   5.9248810e+00   1.3471881e-03   1.3464194e-03   3.6233557e-04
  -7.5292687e-02   7.8647386e-01   5.9743308e+00   1.8647481e-03   8.9696152e-04   2.7699315e-04
  -9.0449879e-02   7.7820921e-01   5.9703259e+00   8.9521373e-04   7.8801882e-04   2.1876167e-04
  -7.5777226e-02   7.8088573e-01   5.9778430e+00   9.6159491e-04   1.1518418e-03  -6.2019973e-05
  -9.0462601e-02   7.9771583e-01   6.0134975e+00   1.5365011e-03   1.1465754e-03   5.4408315e-04
  -8.8299882e-02   8.1321809e-01   6.0181242e+00   1.1328147e-03   1.1560371e-03   3.7665808e-04
  -8.4673319e-02   8.1146149e-01   5.9943986e+00   8.2701064e-04   1.2038196e-03   1.1387727e-04
  -7.8910618e-02   8.0230808e-01   5.9884344e+00   1.2196496e-03   1.3138933e-03   6.5835565e-04
  -7.6929380e-02   8.2439712e-01   6.0161528e+00   1.6136639e-03   1.4091214e-03   5.3051568e-04
  -7.3569128e-02   7.8560360e-01   6.0186126e+00   1.0278909e-03   1.0191892e-03   3.0113708e-04
  -7.7135835e-02   8.0439395e-01   6.0306600e+00   1.0922941e-03   9.6131709e-04   3.4930063e-04
  -6.6334459e-02   8.0468654e-01   6.0465366e+00   1.2996831e-03   1.6216124e-03   3.6529381e-04
  -7.6187110e-02   7.9191299e-01   6.0548562e+00   1.4118717e-03   1.0176051e-03   1.9546235e-04
  -7.3292707e-02   8.0159198e-01   6.0818818e+00   1.4945149e-03   1.1531259e-03   4.2848577e-04
  -8.3763027e-02   8.0924885e-01   6.0837458e+00   1.8768511e-03   1.2225706e-03   4.9401383e-04
  -9.4631435e-02   8.0051510e-01   6.0854325e+00   1.9604963e-03   1.1243217e-03   6.7054524e-04
  -8.0407313e-02   8.2437545e-01   6.1215029e+00   1.7850988e-03   1.2159552e-03   4.5829152e-04
  -7.9633776e-02   7.9854427e-01   6.0988080e+00   1.3562002e-03   1.1358493e-03   1.0417840e-04
  -6.8240330e-02   8.0537046e-01   6.0969046e+00   1.2870755e-03   1.2930280e-03   5.7844372e-04
  -6.7461938e-02   8.1113991e-01   6.1014015e+00   1.1570744e-03   1.4021638e-03   4.1116328e-04
  -8.6363311e-02   8.2040256e-01   6.1381087e+00   1.5337271e-03   1.1012339e-03   3.3183449e-04
  -7.9416055e-02   8.1024491e-01   6.1263954e+00   1.0269495e-03   1.2757226e-03   4.9174609e-04
  -7.5100761e-02   7.9055764e-01   6.1333446e+00   1.2206041e-03   1.0935744e-03   4.4028815e-04
  -8.0156748e-02   7.9389148e-01   6.1615139e+00   1.8735529e-03   1.1509330e-03   3.6561371e-04
  -7.7430571e-02   8.0439981e-01   6.1786451e+00   1.4988693e-03   1.5522982e-03   2.6327823e-04
  -9.0618499e-02   8.3606715e-01   6.1658061e+00   1.1930250e-03   1.4430761e-03   9.2304271e-04
  -8.3961566e-02   8.1207685e-01   6.1535435e+00   8.8344131e-04   1.1875389e-03   5.9599045e-04
  -9.3326291e-02   8.0662247e-01   6.1864343e+00   1.1311780e-03   1.0718193e-03   4.4605334e-04
  -1.0057639e-01   8.4059290e-01   6.1818739e+00   1.2812722e-03   7.7860859e-04   8.0361718e-04
  -8.5398832e-02   8.0652185e-01   6.1943935e+00   9.6085050e-04   9.7730363e-04   9.2535934e-04
  -8.5589203e-02   8.0617696e-01   6.2002046e+00   5.2176058e-04   7.0905177e-04   5.2680683e-04
  -9.3975361e-02   8.0843936e-01   6.2377725e+00   1.0961252e-03   8.1691389e-04   6.8235767e-04
  -1.0298042e-01   8.0143185e-01   6.2722612e+00   1.7674055e-03   7.0887721e-04   9.2092254e-04
  -8.4299349e-02   7.9732157e-01   6.2684448e+00   1.4216065e-03   1.0593961e-03   2.9390362e-04
  -9.9871016e-02   8.2080188e-01   6.2563642e+00   1.2902641e-03   9.3321697e-04   7.0887838e-04
  -7.9316603e-02   8.3591215e-01   6.2702801e+00   1.2634187e-03   1.0358643e-03   5.4005582e-04
  -9.4129798e-02   8.3341705e-01   6.2537849e+00   4.4850623e-04   9.3680376e-04   7.9233854e-04
  -7.9532790e-02   8.1969455e-01   6.2461762e+00   6.5325481e-04   9.6405565e-04   4.4657848e-04
  -8.6673476e-02   8.2361393e-01   6.2868211e+00   1.1248435e-03   9.3047480e-04   9.9919435e-04
  -8.8194416e-02   8.1081010e-01   6.2954699e+00   1.1935618e-03   1.0803315e-03   6.6957648e-04
  -9.4896525e-02   8.2404741e-01   6.3225801e+00   1.1838282e-03   5.3698101e-04   7.8115884e-04
  -8.5980813e-02   8.3556739e-01   6.3282010e+00   1.0399911e-03   1.1892003e-03   5.6160639e-04
  -9.0541011e-02   8.0942371e-01   6.3194451e+00   7.6054006e-04   9.2338526e-04   5.3791004e-04
  -1.3180153e-01   7.9383606e-01   6.2458132e+00  -5.6147430e-04  -1.1379221e-03   1.3862276e-03
  -9.9580368e-02   7.9592070e-01   6.3093305e+00   4.9840598e-04   7.6512862e-04  -2.3119347e-04
  -9.8266181e-02   7.3121548e-01   6.1721190e+00  -9.1554723e-04   1.1278919e-03   1.8415757e-06
  -1.0432079e-01   7.6926457e-01   6.1629424e+00  -9.0815734e-05   9.2317280e-04  -1.2585042e-04
  -8.2344650e-02   7.9459142e-01   6.1648964e+00   6.3312830e-04   1.5151860e-03  -6.0022626e-04
  -6.9864536e-02   8.1212507e-01   6.1794314e+00   1.1235577e-03   1.8020671e-03  -1.0660801e-03
  -6.3685166e-02   8.1006453e-01   6.1655404e+00   2.9367850e-04   1.8083483e-03  -1.1477748e-03
  -7.3688072e-02   8.1037726e-01   6.1933606e+00   3.5245330e-04   1.3353355e-03  -5.9258457e-04
  -8.2025945e-02   8.1011512e-01   6.2056197e+00   1.1917454e-04   1.2985742e-03  -7.2580992e-04
  -8.9277342e-02   8.0574796e-01   6.1870491e+00  -6.8264219e-04   1.2921023e-03  -2.6609028e-04
  -8.7444462e-02   8.0858833e-01   6.1880093e+00  -6.8171257e-04   1.0283392e-03  -4.5487973e-04
  -8.0062590e-02   8.1409693e-01   6.2311006e+00   1.6350105e-07   7.9003281e-04  -5.8574472e-04
  -9.1011478e-02   8.1091739e-01   6.2345286e+00  -6.2150446e-04   1.1866468e-03  -7.2528656e-05
  -9.2299255e-02   7.9647452e-01   6.2622303e+00  -4.7594468e-04   1.5552153e-03  -1.6148085e-04
  -7.9531134e-02   8.1996743e-01   6.2712943e+00  -9.7567284e-05   1.8044214e-03  -2.9923180e-04
  -8.6401359e-02   8.1278760e-01   6.2607262e+00  -1.5698514e-04   1.6513910e-03  -2.0880221e-04
  -9.5599255e-02   8.0204948e-01   6.2740564e+00  -6.1695465e-04   1.2536959e-03  -1.7170624e-04
  -7.5748151e-02   8.2135183e-01   6.2568070e+00  -3.9901383e-04   1.4768079e-03  -1.8846009e-04
  -8.0159965e-02   8.0824149e-01   6.2858351e+00   9.1000122e-05   8.5631333e-04  -1.9579136e-04
  -8.0865904e-02   7.9465323e-01   6.2963481e+00  -1.4432290e-04   9.6453391e-04  -8.9846762e-05
  -7.5031189e-02   8.2287084e-01   6.3242440e+00  -9.0914075e-05   1.0190457e-03   5.8671234e-05
  -6.8444650e-02   8.2637925e-01   6.2763938e+00  -6.6370032e-04   1.1981357e-03   2.9078599e-04
  -6.4862034e-02   8.2312515e-01   6.3113072e+00  -4.3983445e-04   1.3824170e-03   3.3612132e-05
  -6.8431474e-02   8.0952467e-01   6.3533017e+00   1.6640589e-04   1.3906291e-03   5.5173258e-05
  -6.6231777e-02   8.0044412e-01   6.3545838e+00  -6.1983063e-04   1.3539122e-03   2.8758535e-05
  -6.0847111e-02   8.2513380e-01   6.3721935e+00  -1.6885095e-04   1.2224559e-03   6.0553452e-05
  -7.8678519e-02   8.3606840e-01   6.3906514e+00  -8.3097811e-05   1.2036992e-03   5.9981674e-05
  -6.1750652e-02   8.3711290e-01   6.3999607e+00   3.8593631e-04   1.5338987e-03  -1.3041857e-04
  -9.1135458e-02   8.1758640e-01   6.3844385e+00  -5.0812185e-04   9.8956733e-04   6.9012555e-04
  -8.0423960e-02   8.2427026e-01   6.4059375e+00  -1.2136228e-03   1.0138121e-03  -1.8495613e-04
  -8.8521253e-02   8.2615981e-01   6.4269366e+00  -6.9800530e-04   1.2347443e-03  -1.1403455e-06
  -8.3335619e-02   8.2176202e-01   6.4404300e+00  -5.7537720e-04   1.5774425e-03   2.8939029e-04
  -8.2060728e-02   8.0553435e-01   6.4064519e+00  -9.9910015e-04   8.8182431e-04   1.4372902e-04
  -8.0387977e-02   8.2322221e-01   6.4176414e+00  -4.4053921e-04   9.4521189e-04   2.6056465e-04
  -8.0639775e-02   8.0475018e-01   6.4232512e+00  -9.5236312e-04   1.3847371e-03   2.5224210e-04
  -7.5981213e-02   8.1230446e-01   6.4374462e+00  -7.6352729e-04   1.2731899e-03   1.5181121e-04
  -7.1786829e-02   8.5298183e-01   6.4493950e+00  -5.1525747e-04   1.4478475e-03   1.6667960e-04
  -6.8894286e-02   8.5507992e-01   6.4329902e+00  -1.0597755e-03   1.0164932e-03   4.1549521e-05
  -7.3581144e-02   8.4352859e-01   6.4396456e+00  -9.7916627e-04   1.3291560e-03   4.2363292e-04
  -6.8961421e-02   8.2543534e-01   6.4556908e+00  -1.0786869e-03   9.7358118e-04  -4.4526518e-04
  -6.6660361e-02   8.2134622e-01   6.4598549e+00  -9.7740354e-04   1.5320475e-03  -6.7572146e-05
  -8.8885482e-02   8.4020858e-01   6.4957664e+00  -9.9042276e-04   1.2930555e-03   3.5169162e-04
  -6.1407120e-02   8.1013775e-01   6.5124418e+00  -6.9633959e-04   1.6848597e-03  -1.6225126e-04
  -9.1814540e-02   8.1215823e-01   6.5063890e+00  -6.2694097e-04   1.0827459e-03   4.3608789e-04
  -1.2606727e-01   7.7663790e-01   6.4970040e+00  -1.4707874e-03   9.6860439e-04   1.5654638e-03
  -8.7860297e-02   8.1962223e-01   6.5460752e+00  -5.4956450e-04   1.0442877e-03   7.4600223e-05
  -9.1747587e-02   8.2766638e-01   6.5902543e+00  -5.1930228e-04   1.0758296e-03   1.3096147e-04
  -8.6989351e-02   8.2992023e-01   6.5772093e+00  -1.2444091e-03   1.0902885e-03   9.3012289e-06
  -7.2967061e-02   8.1498665e-01   6.5893433e+00  -6.5550113e-04   1.3970827e-03   5.4343331e-05
  -7.6235070e-02   8.2465993e-01   6.5984626e+00  -5.4272016e-04   8.1904017e-04  -4.9479330e-04
  -7.2996979e-02   8.3531035e-01   6.5957429e+00  -2.8930250e-04   1.4648446e-03   8.5509931e-05
  -7.1732280e-02   8.2979399e-01   6.5483331e+00  -1.0352931e-03   1.2851381e-03   2.7135456e-04
  -6.6957975e-02   8.5284162e-01   6.5809517e+00  -2.8862564e-04   1.3084315e-03   2.2627142e-04
  -6.8950577e-02   8.6080629e-01   6.5958478e+00  -5.5203676e-04   9.8417629e-04   2.3975926e-04
  -8.1764167e-02   8.3456196e-01   6.5924550e+00  -7.2195467e-04   8.6548582e-04   8.9240722e-05
  -7.6395939e-02   8.3702160e-01   6.6061367e+00  -3.0156729e-04   1.3037446e-03  -8.3153412e-05
  -6.4900906e-02   8.4770825e-01   6.6199060e+00  -1.1578340e-03   1.2271156e-03  -2.2503849e-04
  -7.1590699e-02   8.2308407e-01   6.6130311e+00  -1.5013618e-03   1.1395734e-03  -1.0940360e-04
  -5.8122756e-02   8.5262791e-01   6.6474507e+00  -1.8048847e-04   1.1783223e-03  -2.3043779e-04
  -6.7086853e-02   8.7111176e-01   6.6346950e+00  -3.2067891e-04   1.2880647e-03   1.1983557e-04
  -7.0227396e-02   8.7770730e-01   6.6399543e+00  -2.3792677e-04   1.0150728e-03  -9.5879695e-05
  -7.5905467e-02   8.4616900e-01   6.6486306e+00  -1.1796108e-03   8.5339936e-04  -1.0268097e-05
  -8.6107705e-02   8.5053693e-01   6.6723252e+00  -7.7392628e-04   1.1416688e-03   4.1156199e-04
  -7.5711662e-02   8.4863630e-01   6.6882798e+00  -9.8013372e-04   1.2155486e-03   2.0498796e-04
  -7.7642400e-02   8.3648003e-01   6.7008289e+00  -6.2519518e-04   1.2676522e-03   1.9832237e-04
  -8.1157292e-02   8.3685195e-01   6.7221793e+00   2.4253400e-04   1.4530521e-03   2.3095086e-04
  -6.9534574e-02   8.5457346e-01   6.7219017e+00  -3.5627196e-04   1.2744119e-03   5.8617731e-05
  -6.4979339e-02   8.4837542e-01   6.7224674e+00  -4.1614865e-04   1.3825943e-03   5.9950126e-05
  -6.4945967e-02   8.5822280e-01   6.7231416e+00  -5.5631988e-04   1.4046165e-03   6.2883675e-05
  -6.1011327e-02   8.2409210e-01   6.7431124e+00  -1.0360176e-03   1.2792316e-03  -2.3533210e-04
  -6.3459127e-02   8.3912657e-01   6.7230039e+00  -1.6212248e-03   1.2193225e-03  -6.0510721e-05
  -6.8489229e-02   8.4745163e-01   6.7746143e+00  -7.5653932e-04   1.1101397e-03  -2.7616410e-05
  -5.9041897e-02   8.6978354e-01   6.7384404e+00  -1.5493847e-03   9.0801265e-04  -1.8030221e-04
  -9.1588065e-02   6.1991428e-01   5.8236094e+00   1.6215899e-03   4.5314796e-03   6.7529775e-05
   8.1469280e-02   4.0994439e-01   5.0120364e+00   2.3244917e-02   7.9313086e-03   2.2434730e-03
   1.1371395e-01   4.6359833e-01   5.7657780e+00   2.4853911e-02   6.8912202e-03   1.5559035e-03
  -6.9477002e-04   7.9221159e-01   6.4356370e+00   7.6864864e-03   8.8502948e-03   2.9936374e-04
  -1.0975627e-02   7.4528905e-01   6.4413909e+00   5.7445116e-03   9.0437678e-03   2.0685148e-04
  -1.0916446e-02   8.0596575e-01   6.5331521e+00   6.7083050e-03   9.2981393e-03  -2.2375544e-04
  -1.2761751e-02   8.3590412e-01   6.5544832e+00   6.5628380e-03   9.2906055e-03   1.9804241e-04
