   0.0000000e+00   0.0000000e+00   0.0000000e+00   0.0000000e+00   0.0000000e+00   0.0000000e+00
  -9.6351609e-03  -3.2264988e-02  -4.2653755e-02  -8.2361245e-04  -2.5008534e-04   3.1822034e-04
  -2.3729257e-02  -1.5377620e-02  -1.8114320e-01   6.0565273e-04  -8.0675285e-04   5.8333251e-04
  -1.9676260e-02   4.0970705e-03  -2.8499453e-01  -5.5785553e-04  -4.9002160e-04   6.5892929e-04
  -2.2033920e-02  -2.4242667e-02  -3.1633455e-01   2.5840815e-04  -1.4248766e-04   7.0458756e-04
  -5.3059064e-03  -3.1202653e-03  -2.4539526e-01   3.1145924e-04  -1.7934790e-04   6.7272309e-04
  -4.4432554e-02  -9.0489951e-02  -4.0903795e-02   1.3752244e-05   2.3064977e-06   1.1697062e-03
   1.4580115e-03  -7.7107653e-02  -5.6835213e-03  -1.0204589e-03  -6.5838548e-04   5.4041094e-04
  -4.5057390e-02  -5.6059578e-02  -1.1100122e-02  -1.3486443e-03  -9.1631032e-04   1.6176571e-03
  -3.1763795e-02  -5.5561618e-02   1.1011642e-01  -5.6634837e-04  -2.1335755e-03   7.2664352e-04
  -3.8636845e-02  -4.6496710e-02  -2.0531467e-02  -3.9346254e-03  -1.3083030e-03   8.5343348e-04
  -4.9774684e-02  -3.3978344e-02   1.0554459e-01   1.5707329e-04  -3.7457979e-05   1.2490663e-03
  -4.0352074e-02  -1.8871088e-02   1.0147726e-01   1.3524473e-03  -7.3974465e-04   1.0172038e-03
  -3.0376331e-02  -1.1394099e-02   1.0408860e-01   1.2393259e-03  -6.3103302e-04   1.1263739e-03
  -5.5367409e-02  -2.9331933e-02   2.4726029e-01   2.7936039e-04  -8.2776769e-04   7.4579346e-04
  -3.3715504e-02  -1.2631249e-02   2.0854117e-01   1.0690254e-04  -5.9561580e-04   3.2018251e-04
  -3.9847924e-02  -1.9161018e-02   1.9103049e-01  -5.7829115e-05  -5.3145339e-04   1.1315446e-03
  -4.0008308e-02  -5.2082228e-02   2.5607257e-01  -1.3611573e-03  -1.5372190e-03   8.8938398e-04
  -1.9347377e-02  -3.3323477e-02   2.2515440e-01  -1.3523951e-03  -1.1088922e-03   8.2187553e-04
  -1.8652852e-02  -4.3986782e-02   2.5997621e-01  -6.5907886e-04  -1.5507053e-03   8.8475658e-04
  -5.5025356e-02  -7.2015642e-02   1.1426767e-01  -4.4608053e-03  -1.1376480e-03   2.1528661e-03
  -1.7780010e-02  -2.4730183e-02   2.5920174e-01  -2.1890751e-03  -1.1686016e-03   6.3013350e-04
  -5.2994841e-02  -2.3335058e-02   8.4660403e-02  -1.1350789e-03  -1.5010871e-03   1.4171972e-03
  -4.6683647e-02   3.0020360e-03   1.8978820e-01   5.4641787e-04  -9.2861558e-04   1.1873658e-03
  -4.9311414e-02  -5.0875714e-02   1.9612678e-01  -1.0653846e-03  -7.2880227e-04   8.5731794e-04
  -3.0111692e-02  -1.2781618e-02   3.1383192e-01  -1.9941335e-03  -2.4903200e-03   5.5604158e-04
  -4.4444839e-02  -3.3878287e-02   3.1627914e-01  -1.0834480e-03  -2.3799273e-03   4.5472722e-04
  -7.9753720e-02  -4.3758052e-02   2.3180323e-01  -3.3410181e-04  -1.8736785e-03   1.1960770e-03
  -4.3815122e-02  -5.6559921e-02   3.0292342e-01  -3.5872080e-03  -2.0583219e-03   5.8319752e-04
  -1.9786068e-02  -2.0366818e-02   1.9215598e-01  -3.1021536e-03  -2.0381530e-03   3.7892738e-04
  -4.7451027e-02  -3.2369471e-02   2.3999225e-01   6.0746267e-05  -1.9151330e-03   8.9495436e-04
  -2.4060655e-02  -2.6040491e-02   3.3575677e-01  -3.8072347e-04  -2.4587396e-03   3.7268083e-04
  -4.6598396e-02  -3.6751340e-02   2.8434036e-01  -2.3957445e-03  -2.1011383e-03   1.2046190e-03
  -4.4075804e-02  -7.0423243e-02   2.5124110e-01  -1.3225090e-05  -2.4537856e-03   7.1698872e-04
  -3.9108522e-02  -5.5723114e-02   2.9664510e-01  -4.9505080e-04  -1.8687717e-03   1.1157740e-03
  -4.4269176e-02  -4.1948620e-02   2.0857285e-01  -2.7557609e-03  -2.2338075e-03   1.1706883e-03
  -2.7207450e-02  -2.2937241e-02   3.2759533e-01  -7.9253419e-04  -2.4149167e-03   2.8364511e-04
  -1.0855991e-02  -1.0746297e-02   3.9716249e-01  -5.4714771e-04  -2.2024117e-03  -5.7621400e-05
  -8.2669150e-03  -6.6103756e-02   2.6814213e-01  -2.2457183e-03  -1.1062715e-03   3.5379897e-04
  -6.2406903e-03  -3.5427004e-02   3.7440070e-01  -1.0170722e-03  -2.2106268e-03  -3.0164326e-04
  -2.1550755e-02  -9.9777161e-03   3.4274682e-01  -2.9289592e-03  -2.0132183e-03   2.9694612e-04
  -2.7829403e-02  -2.6938060e-02   3.7775136e-01  -2.0254464e-03  -1.5946831e-03   8.4230430e-04
  -2.0421281e-02   1.3559428e-02   4.5955495e-01  -2.3535177e-04  -1.6506189e-03   2.5390109e-04
  -6.8597048e-02  -6.0466537e-03   2.3774556e-01  -3.0665532e-03  -1.9665032e-03   1.8842722e-03
  -2.7687717e-02  -9.3143130e-03   3.7263905e-01  -3.0650767e-04  -2.3010266e-03   5.7133072e-04
  -3.6031265e-02  -1.1927703e-02   4.1203124e-01  -1.0126876e-04  -2.3549063e-03   7.8003421e-04
  -9.6328846e-02  -3.9965375e-02   4.1539474e-01  -1.6039859e-03  -2.2432000e-03   1.9298237e-03
  -2.6183473e-02   3.6557083e-02   4.6567373e-01  -5.7951994e-04  -2.2409954e-03   5.5853093e-04
  -3.6482421e-02   1.7904025e-02   5.0071279e-01   8.5215693e-04  -2.9682782e-03   6.8211535e-04
  -4.4908766e-02  -2.3866981e-02   4.0543104e-01  -1.7334284e-03  -2.8305913e-03   8.6935217e-04
  -3.3766415e-02   1.4747624e-02   5.2340444e-01  -1.1412364e-03  -1.0455438e-03   6.6858066e-04
  -9.7934944e-04   1.0466735e-02   5.5005519e-01  -1.8422246e-04  -2.0296663e-03   3.6596043e-04
   1.0468085e-02   9.3256504e-03   4.5766257e-01  -2.3427311e-03  -1.7334864e-03  -7.7792680e-05
  -3.6710888e-02  -1.7626051e-02   5.6514635e-01  -7.8599613e-04  -2.3402890e-03   4.7470921e-04
  -1.8369092e-02  -4.6532299e-05   5.8445400e-01  -1.0658703e-03  -1.2354801e-03  -1.9708253e-04
  -2.3468968e-02  -2.2542688e-02   4.3314744e-01  -4.2891838e-03  -1.7867859e-03   3.8939298e-04
  -1.1270810e-02  -3.3417951e-02   7.2298721e-01   1.2144592e-03  -3.1776789e-03  -6.1893767e-04
  -2.8455099e-02   7.6332276e-03   6.5532102e-01  -1.8706870e-03  -3.1671914e-03   7.4786827e-05
  -3.1721204e-02  -2.5543204e-03   6.4626690e-01  -2.3307437e-03  -2.9394876e-03   5.7941632e-04
  -4.3706249e-02  -2.2315818e-02   5.5435573e-01  -4.2108319e-03  -3.1862135e-03   7.9709166e-04
  -3.2115592e-03   3.6245151e-02   6.5022845e-01  -6.6720456e-04  -2.4025021e-03  -6.0934463e-04
  -2.3421040e-02   1.2804253e-02   6.7081047e-01  -2.6181861e-04  -2.4499298e-03   1.7639384e-04
  -5.7734814e-02  -3.1553077e-02   5.7505591e-01  -3.5104785e-03  -2.4287402e-03   1.1079136e-03
  -1.2382958e-02   1.0955800e-02   6.7472391e-01  -5.4665283e-04  -1.9354056e-03  -8.6623017e-05
  -4.2661767e-03  -4.0384601e-03   7.0045626e-01  -1.4254547e-04  -1.5601590e-03   3.8590178e-04
  -5.3733407e-03  -8.9200407e-03   6.4147333e-01  -2.1032093e-03  -1.8254624e-03  -4.0871561e-05
  -1.2341023e-02   4.2301709e-03   6.6962989e-01  -2.4247097e-03  -2.2380706e-03   4.8714671e-04
  -2.5480220e-02  -2.7729590e-03   7.1568318e-01  -2.6549731e-03  -3.2105250e-03   3.8509334e-04
  -3.2302797e-02  -1.7034470e-02   7.1293295e-01  -2.1598327e-03  -1.9665603e-03   3.3266046e-04
  -2.3972028e-02   1.4034117e-03   7.4333083e-01  -1.6240890e-03  -1.5317833e-03   3.2205982e-04
  -3.2323610e-02  -1.4263171e-02   7.2691492e-01  -1.9274591e-03  -1.5400221e-03   4.9550202e-04
  -1.8215593e-02   1.0930474e-02   8.4033244e-01  -5.3605382e-04  -2.7687580e-03  -7.3657747e-05
  -2.2861783e-02   2.9709799e-02   8.2043687e-01  -1.2514361e-03  -3.0378070e-03  -3.0182710e-04
  -3.2678345e-02   5.4526425e-03   8.5788096e-01  -9.5248992e-04  -3.0116838e-03   2.0777291e-04
  -3.9649495e-02   1.3479876e-02   8.0123703e-01  -3.0938415e-03  -2.7763053e-03   1.2951697e-04
  -1.3054432e-02   3.4849212e-02   8.8124311e-01  -1.4446158e-03  -3.2889913e-03  -4.0500457e-04
  -9.2018412e-03   1.9982805e-03   8.8277170e-01  -1.3588539e-03  -2.4884498e-03   4.3356883e-04
  -6.4591568e-03  -1.7399547e-03   8.9388152e-01  -1.4077741e-03  -2.5435640e-03   4.4248051e-04
  -3.7114662e-02   6.6691542e-03   7.2671495e-01  -3.8269260e-03  -2.8527282e-03   9.2867251e-04
  -1.1439320e-02  -2.3448923e-02   9.0086582e-01  -1.5817231e-03  -2.7299302e-03   4.0466790e-04
  -1.2167503e-02   2.3614429e-02   8.0741837e-01  -3.5493020e-04  -2.1090155e-03   4.1984607e-04
  -1.9592601e-02  -5.0788517e-02   9.4125109e-01  -1.6646665e-03  -2.8140258e-03   2.7446214e-04
  -5.0028270e-02  -7.3711906e-02   9.2937957e-01  -2.6265628e-03  -2.3357643e-03   8.5725549e-04
  -3.5312979e-02  -3.6330321e-02   9.3482246e-01  -1.4329708e-03  -2.6731280e-03  -1.6813747e-04
  -1.5442146e-02  -1.3651929e-02   9.5116395e-01  -1.7418628e-03  -2.6706436e-03   2.5084538e-05
  -4.7130624e-02  -2.1451216e-02   9.4978693e-01  -1.2149769e-03  -2.5471409e-03   5.3343392e-04
  -3.5265193e-02   8.8727365e-03   9.7712018e-01  -1.1097459e-03  -2.4967325e-03   2.1141977e-04
  -7.0431386e-02  -2.1521257e-02   9.6540204e-01  -8.7056947e-04  -2.2394157e-03   1.0459152e-03
  -4.7642565e-02  -1.6029047e-03   8.9288341e-01  -1.5113686e-03  -2.7217495e-03   5.7858099e-04
  -4.1534782e-02   2.6330597e-02   9.0222036e-01  -2.8770800e-03  -3.1915317e-03   3.6392085e-04
  -3.1848535e-02  -7.8216697e-03   9.9042504e-01  -4.7843836e-04  -2.5919042e-03  -1.0441479e-04
  -1.7274638e-02   4.1092183e-02   9.9271980e-01  -1.8430452e-03  -3.1350857e-03  -4.9376772e-04
  -3.2617416e-02   1.3523218e-02   9.8266695e-01   2.7024273e-04  -4.1020141e-03   4.8835399e-05
  -5.0386243e-02  -9.3515273e-03   1.0554846e+00  -2.6353942e-03  -2.9723179e-03  -1.1586748e-04
  -2.0116682e-02   2.4382756e-02   1.0557954e+00  -7.7750149e-04  -3.2109666e-03  -5.1488821e-04
  -2.3206900e-02   3.8986616e-02   1.0884174e+00  -5.5522337e-04  -3.0154229e-03  -4.1878845e-04
  -4.6024566e-02   4.5073124e-02   1.1606959e+00  -8.8237606e-04  -3.3122150e-03  -1.7912797e-04
  -5.0966426e-02   2.8097523e-02   1.2146085e+00  -1.3297440e-03  -2.8329832e-03  -1.0601596e-04
  -5.8412626e-02   5.8297243e-02   1.1843969e+00  -2.8644945e-03  -2.8911653e-03   4.3473675e-05
  -5.9173267e-02   2.3996999e-02   1.2675063e+00  -3.1350375e-03  -3.2382845e-03   1.3832267e-04
  -2.6534248e-02   6.0468039e-02   1.2315494e+00  -3.4290033e-03  -4.0844119e-03  -5.7250808e-04
  -2.5380036e-02   1.0746127e-02   1.3084618e+00  -2.9451173e-03  -3.4330573e-03  -7.2407911e-04
  -1.1060355e-02   2.6300193e-02   1.3177929e+00  -1.7863032e-03  -3.1069881e-03  -9.1444899e-04
  -3.5341189e-02   2.1933842e-02   1.2024075e+00  -3.1141283e-03  -3.0058122e-03  -2.2131073e-04
  -3.8985927e-02   2.7648982e-02   1.2833395e+00  -2.4656373e-03  -3.0721669e-03  -3.9817320e-04
  -3.0684017e-02   9.7134283e-03   1.3021201e+00  -2.7706660e-03  -2.8902044e-03  -1.9047134e-04
  -7.2538375e-02   4.8704777e-02   1.2331785e+00  -3.5513368e-03  -3.2359957e-03   5.2066536e-04
  -2.5720265e-02   5.4471048e-02   1.3356742e+00  -8.8506749e-04  -2.9654709e-03  -4.7611426e-04
  -2.0340648e-02   6.1536354e-02   1.3049456e+00  -2.0116762e-03  -2.7011704e-03  -5.0585019e-04
  -5.6075873e-02   3.4901209e-02   1.3629124e+00  -3.3795486e-03  -4.0577940e-03  -1.2416402e-05
  -5.3752910e-02   4.4804975e-02   1.2822588e+00  -1.0168245e-03  -3.1345099e-03  -5.2048395e-04
  -4.8144003e-02   5.5676094e-02   1.3530904e+00  -2.6578643e-03  -2.6078359e-03  -1.6982017e-04
  -1.1878643e-02   6.9066337e-02   1.3973412e+00  -8.0911679e-04  -2.1035809e-03  -9.9203652e-04
  -2.6591214e-02   4.7123731e-02   1.4201633e+00  -5.9061722e-04  -2.4709774e-03  -5.4876020e-04
  -2.5519695e-02   1.9743268e-02   1.4427361e+00  -6.9888326e-04  -2.2389109e-03  -4.0812418e-04
  -1.8613027e-02   1.6064202e-02   1.4742964e+00  -9.4922538e-04  -1.5421557e-03  -3.3867048e-04
  -3.4070351e-02   2.1299725e-02   1.4200783e+00  -2.2671332e-03  -2.1325962e-03   6.9965078e-05
  -1.7334790e-02   2.2255665e-02   1.4555818e+00  -2.7508676e-03  -2.3503924e-03  -4.5537438e-04
  -5.3917103e-02   5.7710854e-02   1.4698721e+00  -1.9005961e-03  -3.1995641e-03  -9.4693863e-05
  -1.6802846e-02   5.5307209e-02   1.5107584e+00  -1.6032714e-03  -2.7277525e-03  -1.2864843e-04
  -2.7008972e-02   6.7405976e-02   1.5658023e+00  -9.8577312e-04  -3.0880785e-03   4.3251503e-05
  -2.2172160e-02   3.2774765e-02   1.5167008e+00  -3.9233967e-03  -3.3266130e-03  -2.1539983e-05
  -6.8256292e-02   4.0921433e-02   1.5192612e+00  -1.9444988e-03  -3.2450375e-03   1.1025433e-05
  -2.3611041e-02   6.1157760e-02   1.5748309e+00  -1.3282078e-03  -3.2564000e-03  -5.4889081e-04
  -2.4562222e-02   8.8045160e-02   1.4871614e+00  -3.1077059e-03  -2.7744461e-03  -4.0707613e-05
  -2.9728056e-02   6.8933558e-02   1.5830767e+00  -1.4769395e-03  -3.3810084e-03  -6.9987709e-05
  -3.5618473e-02   5.7023253e-02   1.5489724e+00  -2.7038128e-03  -2.8852551e-03  -2.0523096e-04
  -2.6192071e-02   7.1109086e-02   1.6645182e+00  -1.3869093e-03  -3.2813811e-03  -2.9233956e-04
  -3.0584631e-02   7.4028292e-02   1.7132560e+00  -1.3230184e-03  -3.1043262e-03  -2.4942221e-04
  -1.0455519e-02   9.3084096e-02   1.5318381e+00  -4.7152542e-03  -8.1822921e-04  -3.3110429e-04
  -1.4491134e-02   1.0346764e-01   1.6135502e+00  -1.3110343e-03  -1.2826439e-04  -4.1961512e-04
  -1.6392344e-02   7.6725718e-02   1.6002588e+00  -9.3359051e-04  -5.4082003e-04  -4.6591432e-04
  -1.9850827e-02   6.8571548e-02   1.6383648e+00  -3.5496151e-04  -4.2037938e-04  -3.9523841e-04
  -6.5687651e-02   6.2460896e-02   1.6513820e+00  -1.5137610e-03  -1.9697978e-03   9.2015325e-04
  -3.4589080e-02   9.5846900e-02   1.6767770e+00   8.2767031e-04  -8.4479525e-04  -3.5110016e-04
  -2.9949375e-02   8.4474740e-02   1.6858992e+00  -2.0169225e-04  -1.4607682e-03   2.9429482e-04
  -1.5655247e-02   9.1551067e-02   1.7432455e+00   1.6718780e-04  -1.7672290e-03  -6.9890645e-04
  -2.1244015e-02   8.3143422e-02   1.7863806e+00  -4.4923889e-04  -2.0795687e-03  -5.8173505e-04
  -7.7583250e-03   8.7592932e-02   1.8113792e+00  -1.7088635e-04  -1.5941538e-03  -8.5320934e-04
  -4.3225701e-02   8.7494478e-02   1.7952140e+00  -4.0630127e-04  -2.1659294e-03  -3.7053788e-04
  -2.3511821e-02   8.9977712e-02   1.7347721e+00  -1.9510675e-03  -2.0365389e-03  -5.0532347e-04
  -2.2847423e-02   8.1819824e-02   1.7585119e+00  -6.4142080e-04  -2.5659121e-03  -1.4385975e-04
  -3.3604587e-02   1.0655770e-01   1.7620531e+00  -2.9412450e-03  -2.7899303e-03  -1.7524694e-04
  -1.8680598e-02   7.9337416e-02   1.7724082e+00  -5.1248528e-04  -1.6625929e-03  -2.2952028e-04
  -1.5592845e-02   9.3532404e-02   1.8325107e+00  -4.4797875e-04  -1.5437113e-03  -5.4439448e-05
  -1.1883255e-04   6.3311667e-02   1.8848422e+00  -2.8900002e-03  -2.3800789e-03  -5.4821466e-04
  -8.4510874e-03   1.0725446e-01   1.9050928e+00  -1.3156660e-03  -2.0559509e-03  -5.7608894e-04
  -2.1949193e-02   7.8620489e-02   1.8947187e+00  -1.3291603e-03  -1.8603037e-03  -3.1555189e-04
  -4.2816314e-02   9.9839638e-02   1.9107937e+00  -2.4841631e-03  -3.2584739e-03   2.2101069e-04
  -1.4174631e-02   9.7643626e-02   1.9577398e+00  -2.9527314e-03  -2.7102104e-03  -4.4274009e-04
   6.4066329e-03   1.1972349e-01   1.9512858e+00  -1.7857399e-03  -1.8566681e-03  -2.3232574e-04
   7.6360052e-03   1.0184592e-01   2.0366903e+00  -2.8291724e-03  -7.4620085e-04  -3.0074748e-04
   4.4952331e-04   1.1455548e-01   2.0535432e+00  -1.2164928e-03  -1.7063010e-03  -2.6219964e-04
  -1.2390042e-02   1.0539106e-01   1.9727372e+00  -1.4437588e-03  -2.3373515e-03  -1.0805238e-04
  -1.6647885e-02   1.1779148e-01   2.0494477e+00  -1.2385021e-03  -2.8653016e-03  -4.4580105e-04
  -3.0928799e-03   1.0885746e-01   2.0761573e+00  -3.6032439e-03  -2.7030486e-03  -5.1105039e-04
  -7.3012148e-03   1.1559850e-01   2.0796969e+00  -2.3196042e-03  -2.8186408e-03  -6.1837684e-04
  -3.6612630e-02   1.1235741e-01   2.0948616e+00  -2.3845795e-03  -3.1706240e-03  -6.8781633e-05
  -3.0300917e-02   9.3008847e-02   2.1251596e+00  -2.2394149e-03  -3.3290867e-03  -3.1363974e-06
  -3.9033670e-02   1.0467138e-01   2.0238218e+00  -6.0204202e-03  -2.9925891e-03   2.7273620e-04
  -4.1615586e-02   1.1427454e-01   2.1792448e+00  -7.6101835e-03  -5.0476907e-03   5.2630502e-05
  -2.4852960e-02   1.3319037e-01   2.2162444e+00  -3.0882581e-03  -4.8049079e-03  -3.9562378e-04
  -4.3240579e-02   1.4178062e-01   2.1807592e+00  -3.8103120e-03  -4.3959980e-03  -1.4871618e-04
  -2.5132993e-02   1.1078298e-01   2.1651209e+00  -1.6723181e-03  -3.9008164e-03  -2.0988475e-04
  -2.5160401e-02   1.1999747e-01   2.2204539e+00  -1.8759061e-03  -3.9383897e-03   1.1528098e-04
  -7.1753666e-02   1.1059038e-01   2.1425547e+00  -4.9608862e-03  -3.4312861e-03   1.0634740e-03
  -2.4366898e-02   1.3806748e-01   2.2475340e+00  -2.7367425e-03  -3.8461868e-03   4.3193560e-05
  -1.1128205e-02   1.2671042e-01   2.2141385e+00  -3.3781444e-03  -3.6207681e-03  -6.0587811e-04
  -4.2917352e-02   1.0187851e-01   2.3908655e+00  -3.7091952e-03  -4.7745919e-03  -3.5256144e-04
  -1.1471139e-02   1.2715813e-01   2.3925892e+00  -2.4059648e-03  -3.9823192e-03  -4.1498501e-04
  -2.6880469e-02   1.1298862e-01   2.4731063e+00  -3.1530288e-03  -4.6639861e-03  -7.0105521e-05
  -4.6806595e-02   3.0403609e-01   2.3114465e+00  -4.4749081e-03  -4.3604795e-03  -9.0035308e-04
  -2.1447190e-02   1.3823053e-01   2.3548298e+00  -2.7353050e-03  -4.2134218e-03  -9.5239421e-05
  -2.2501496e-02   1.4295359e-01   2.3768810e+00  -2.6917657e-03  -4.6158274e-03   2.8174370e-04
  -2.5859566e-02   1.0836552e-01   2.3360947e+00  -2.9542943e-03  -3.4269626e-03   6.0752990e-04
  -1.5638815e-02   1.1359291e-01   2.3703711e+00  -2.4226940e-03  -2.8995323e-03   4.2959046e-04
  -3.2013698e-03   1.2218322e-01   2.3478167e+00  -3.4380960e-03  -3.0137455e-03  -5.2288220e-04
  -2.1671338e-02   1.0864741e-01   2.4542511e+00  -2.3049328e-03  -1.6579189e-03   3.7734484e-04
  -1.2615476e-02   1.3287455e-01   2.3185602e+00  -1.9197975e-03  -2.1954115e-03  -7.0829377e-05
  -1.1788233e-02   1.3282625e-01   2.3698827e+00  -1.3069674e-03  -2.7457510e-03   1.0482768e-05
  -2.1953843e-02   1.6428381e-01   2.4213561e+00  -2.1328862e-03  -3.0835464e-03   5.0792433e-04
  -1.8965629e-02   1.7807489e-01   2.4455701e+00  -8.7784429e-04  -3.2475073e-03   9.1589906e-05
  -7.0247511e-03   1.6967418e-01   2.4815830e+00  -1.4201370e-03  -3.6211695e-03  -2.8525445e-04
  -1.0694053e-02   1.4482825e-01   2.4846789e+00  -1.6620059e-03  -2.8471864e-03   9.3467293e-05
  -3.5432115e-02   1.1842732e-01   2.5690576e+00  -2.1008588e-03  -2.5665832e-03   4.6442960e-04
   1.2295165e-02   1.4708467e-01   2.5418705e+00  -1.6839295e-03  -2.7536665e-03  -4.9388804e-04
  -8.3190202e-03   1.5484810e-01   2.5701310e+00  -1.4014815e-03  -3.2414980e-03   1.0251086e-04
  -5.4971451e-02   1.3851146e-01   2.5754898e+00  -2.4963258e-03  -3.4392500e-03   7.4942179e-04
  -6.2913096e-03   1.7158418e-01   2.4765182e+00  -4.1859951e-03  -3.8172653e-03  -3.5803027e-04
  -1.1970596e-02   1.6236419e-01   2.5393153e+00  -1.0723890e-03  -3.0126689e-03  -3.4236801e-05
  -2.5482511e-02   1.6312108e-01   2.5358915e+00  -2.9092563e-03  -2.8781906e-03   6.3027846e-04
  -7.8610353e-03   1.9645857e-01   2.5984501e+00   2.3008919e-04  -2.6921264e-03   1.8135364e-04
  -2.3033439e-02   1.6561979e-01   2.6820341e+00  -2.7049557e-03  -3.2067229e-03  -1.4622539e-04
  -1.1106888e-02   1.5245153e-01   2.6784697e+00  -1.7496714e-03  -3.4112115e-03  -1.4941007e-04
  -2.1061567e-02   1.1268980e-01   2.7285591e+00  -4.9020126e-03  -2.7114762e-03   7.1438417e-04
   7.3110849e-03   1.6260308e-01   2.7672806e+00  -2.0472681e-03  -2.1073622e-03  -3.1493182e-04
   7.4946978e-03   1.5227399e-01   2.7676541e+00  -1.3701339e-03  -1.9575557e-03   2.9268152e-04
  -3.4249778e-03   1.4369643e-01   2.7857944e+00  -2.8186023e-03  -3.1522142e-03   1.3959110e-04
  -2.2795876e-02   1.4386225e-01   2.7389739e+00  -4.1120050e-03  -3.4345579e-03   8.2467071e-05
  -4.8828251e-03   1.4037373e-01   2.7603689e+00  -2.9414766e-03  -2.6177752e-03  -5.0967294e-05
  -5.4504315e-02   1.4589795e-01   2.6547704e+00  -5.9204454e-03  -3.5594483e-03   1.4957754e-03
   1.7946806e-02   1.6694807e-01   2.6824579e+00  -1.5764278e-03  -3.1353987e-03  -3.0302832e-04
   2.0871527e-03   1.3292570e-01   2.6768362e+00  -1.9568666e-03  -2.5464734e-03   3.8192695e-04
  -2.2771863e-02   1.4140019e-01   2.7640590e+00  -2.5066975e-03  -3.4561306e-03   4.4195767e-04
  -3.0048378e-02   1.2984522e-01   2.8562608e+00  -3.3856322e-03  -5.2384672e-03   1.6391951e-04
  -1.4687262e-02   1.2774786e-01   2.8635423e+00  -2.3213787e-03  -4.5283908e-03   1.4403535e-04
  -2.9294875e-02   1.4850657e-01   2.9177348e+00  -1.8056437e-03  -4.9097116e-03   5.1963460e-04
   1.0717749e-02   1.3566767e-01   2.7871670e+00  -3.8685829e-03  -4.0249988e-03  -3.1443317e-04
  -2.0598843e-04   1.4280995e-01   2.8537183e+00  -2.9242378e-03  -4.2078544e-03  -2.6430202e-04
  -3.3682441e-02   1.6458368e-01   2.8399062e+00  -3.9898391e-03  -4.2541183e-03   3.1712008e-04
   2.6632575e-02   1.5548069e-01   2.8451034e+00  -2.8985889e-03  -3.6223804e-03  -6.1337714e-04
   3.9429005e-02   1.6867957e-01   2.9028466e+00  -1.9044570e-03  -3.9673253e-03  -9.9132743e-04
   2.4996892e-02   1.4716621e-01   2.8517011e+00  -1.8847468e-03  -4.6533042e-03  -5.2825826e-04
   2.1582432e-02   1.7389953e-01   2.8949823e+00  -2.3503018e-03  -4.3676521e-03  -6.5300404e-04
   2.2671044e-02   1.8251276e-01   3.0519912e+00  -1.9700214e-03  -3.5616474e-03  -8.3352103e-04
   6.2323627e-02   1.7272466e-01   3.0317607e+00  -6.8643394e-04  -1.8947690e-03  -8.9837671e-04
   5.6122330e-02   1.9460882e-01   3.0570333e+00   3.5094731e-04  -1.8371403e-03  -9.8142641e-04
   5.1300561e-02   1.9704183e-01   3.0656027e+00  -1.7594805e-03  -3.4959015e-03  -1.2813148e-03
   4.8296279e-02   1.8229273e-01   3.0535243e+00  -7.1029738e-04  -2.5849756e-03  -9.6920058e-04
   4.7817169e-02   1.8467643e-01   3.0438501e+00  -8.9682687e-04  -2.1285672e-03  -8.6326419e-04
   6.5245258e-03   1.6824581e-01   3.0723070e+00  -2.0059392e-03  -3.0519118e-03   4.3663553e-04
   4.6231633e-02   1.7254963e-01   3.0227160e+00  -1.7511202e-03  -1.7300943e-03  -1.0660869e-03
   4.9696810e-02   1.6828354e-01   3.0682419e+00  -3.3652394e-04  -2.3564671e-03  -6.8566584e-04
   2.8768034e-02   1.7627018e-01   3.1889882e+00  -2.2467805e-04  -1.5492075e-03  -7.6985654e-04
   6.2971136e-02   1.7931408e-01   3.1472376e+00  -1.2895247e-03  -1.7550731e-03  -4.2233212e-04
   3.9473101e-02   1.9011222e-01   3.1926414e+00  -7.5080792e-04  -1.4871553e-03  -2.9554252e-04
   4.2499541e-02   1.6879060e-01   3.2072402e+00  -1.2948908e-03  -2.0859417e-03  -2.3309020e-04
   1.5734433e-02   2.0652012e-01   3.1335785e+00  -8.2605647e-04  -2.0520072e-03  -1.7946659e-04
   7.1442318e-02   2.1457274e-01   3.1428148e+00   1.9238460e-04  -1.7578319e-03  -1.1549365e-03
   5.0478995e-02   2.1492041e-01   3.1799025e+00  -7.4322262e-04  -1.4660444e-03  -4.8125305e-04
   4.5385995e-02   1.9751124e-01   3.1754341e+00  -1.2612310e-03  -2.7097606e-03  -6.0814752e-04
   6.4061470e-02   1.9869140e-01   3.1954599e+00  -1.9471553e-03  -2.7456296e-03  -1.0843232e-03
   5.8333071e-02   2.0909442e-01   3.1892998e+00  -1.1881624e-03  -2.8793706e-03  -1.0362609e-03
   3.9622848e-02   1.9053684e-01   3.1877820e+00  -9.9083009e-04  -2.9128826e-03  -5.1805087e-04
   2.8076897e-02   2.1053238e-01   3.2728364e+00  -7.4151600e-04  -3.9197872e-03  -4.9400593e-04
   6.7502339e-02   2.0119558e-01   3.2408183e+00  -1.6020370e-03  -2.2063618e-03  -9.9071570e-04
   6.1652222e-02   2.0815646e-01   3.2452144e+00  -7.4888881e-04  -2.0728072e-03  -5.9969124e-04
   5.4940968e-02   1.9364161e-01   3.2649883e+00  -2.2232300e-03  -3.2469234e-03  -8.0606281e-04
   7.3835407e-02   2.0135525e-01   3.2781058e+00  -7.5657952e-04  -2.9124480e-03  -1.4708523e-03
   3.9645597e-02   1.9040232e-01   3.2914894e+00  -2.5010645e-03  -3.4076961e-03  -3.3230307e-04
   5.8018819e-02   1.8135646e-01   3.3160207e+00  -2.2874860e-03  -3.5054150e-03  -8.3280953e-04
   4.3330369e-02   1.7637882e-01   3.3482664e+00  -2.7110638e-03  -3.9428491e-03  -2.9457243e-04
   6.1249319e-02   1.9451418e-01   3.3387139e+00  -2.0562940e-03  -3.3081681e-03  -9.6234928e-04
   5.3767137e-02   1.8241025e-01   3.3621086e+00  -1.5033045e-03  -2.9768308e-03  -5.1589516e-04
   4.3288352e-02   1.8427487e-01   3.3616736e+00  -2.2785538e-03  -3.2486206e-03  -5.7487337e-04
   5.7610221e-02   1.9552661e-01   3.3853461e+00  -1.8571037e-03  -3.5324412e-03  -7.9480630e-04
   3.9663900e-02   1.7811791e-01   3.4736203e+00  -2.7414279e-03  -4.2829216e-03  -6.8166155e-04
   3.9110843e-02   1.9394723e-01   3.5258378e+00  -2.6383448e-03  -3.6704147e-03  -6.9567512e-04
   3.0368685e-02   1.8558230e-01   3.4729266e+00  -4.3923308e-03  -3.0277878e-03  -7.8368378e-05
   8.0450343e-02   1.9520246e-01   3.5078606e+00  -8.4143509e-04  -2.2519417e-03  -1.0338667e-03
   7.3972965e-02   2.0248339e-01   3.5176111e+00  -9.7143751e-04  -2.7815961e-03  -4.3757038e-04
   4.2905194e-02   2.2556984e-01   3.5634374e+00  -4.1443826e-04  -3.0889807e-03  -4.3706882e-05
   8.1453867e-02   2.1820639e-01   3.5021934e+00  -9.6948364e-04  -3.1571411e-03  -1.1227681e-03
   7.0567174e-02   1.8427817e-01   3.5257770e+00  -1.3373585e-03  -2.9567808e-03  -7.6635205e-04
   5.0624344e-02   1.6606537e-01   3.5755979e+00  -2.9488642e-03  -3.7849089e-03  -2.1764429e-04
   2.4281797e-02   1.7576425e-01   3.6652389e+00  -2.9219393e-03  -4.4717432e-03   2.1789813e-04
   2.3037346e-02   1.6729814e-01   3.6244733e+00  -2.5293388e-03  -5.0765640e-03   4.4820599e-04
   1.1336417e-02   2.0258448e-01   3.6157575e+00  -3.3299295e-03  -4.5967309e-03   4.6597189e-04
   2.0166644e-02   2.0039362e-01   3.6327598e+00  -2.1634684e-03  -4.9050209e-03   4.4101080e-04
   3.3371588e-02   2.2291457e-01   3.6503992e+00  -2.6891841e-03  -4.8311382e-03   1.2601403e-05
   3.5586073e-02   2.0809284e-01   3.6350168e+00  -2.6771795e-03  -5.0345289e-03  -2.8847779e-04
   2.8389589e-02   2.1478366e-01   3.6214434e+00  -2.8463828e-03  -4.5095705e-03   1.0305085e-04
   3.4182482e-02   1.9931087e-01   3.6384992e+00  -2.2944780e-03  -4.3950972e-03   1.0957920e-04
   6.9747441e-02   1.9193373e-01   3.6649561e+00  -3.5936374e-03  -4.4549014e-03  -4.7109285e-04
   2.0781303e-02   1.8788122e-01   3.6717153e+00  -6.2550595e-03  -5.4756733e-03   7.4597733e-05
   2.3837653e-02   2.0313615e-01   3.7533176e+00  -1.5489035e-03  -4.7343053e-03  -2.2063310e-04
   3.3639774e-02   1.8939682e-01   3.7519284e+00  -2.3439588e-03  -4.5464801e-03   3.4337237e-04
   2.5908778e-02   1.8614687e-01   3.8120299e+00  -2.5749240e-03  -5.0408482e-03   3.1654967e-04
  -2.1945685e-03   2.1053146e-01   3.8558831e+00  -2.7988172e-03  -4.6975731e-03   5.6649339e-04
   4.4143093e-02   2.2042026e-01   3.8169003e+00  -2.3319112e-03  -4.0606652e-03  -2.0786575e-04
   7.0554284e-02   2.2546573e-01   3.8575449e+00  -1.8068760e-03  -4.4337277e-03  -4.3850959e-04
   4.6949401e-02   1.8081492e-01   3.8580310e+00  -3.2059633e-03  -4.6671195e-03  -6.8008455e-05
   5.8735104e-02   1.9035795e-01   3.8674971e+00  -3.0817075e-03  -4.0427161e-03  -2.4941082e-04
   5.4617352e-02   1.7730270e-01   3.8623724e+00  -3.6576714e-03  -3.9466997e-03  -1.0770094e-04
   3.1624700e-02   2.1024944e-01   3.8606199e+00  -2.7981047e-03  -4.2928547e-03   4.4376237e-04
   3.5356391e-02   2.0331781e-01   3.8302961e+00  -2.5474652e-03  -4.3973888e-03   4.8529587e-04
   5.0578174e-02   1.8805924e-01   3.8814488e+00  -1.7426473e-03  -4.5777690e-03  -2.7080315e-04
   6.3044516e-04   2.2406715e-01   3.9414279e+00  -3.4823373e-03  -4.3804453e-03   1.5282601e-03
   6.5056463e-02   2.2985003e-01   3.9330431e+00  -2.1135545e-03  -3.7859484e-03  -2.1998966e-04
   7.1917283e-02   2.3152739e-01   3.9565120e+00  -1.1498011e-03  -3.5804010e-03  -1.7127747e-04
   1.9956750e-02   2.1807139e-01   3.9744175e+00  -1.7506293e-03  -4.6081395e-03   6.6203011e-04
   4.2434141e-02   1.9741485e-01   3.9538796e+00  -2.7432313e-03  -4.4114826e-03   8.4521637e-05
   4.5650725e-02   1.8436442e-01   3.9525200e+00  -2.1301723e-03  -4.2969258e-03   2.4320169e-04
   5.6064120e-02   1.9067673e-01   4.0077993e+00  -2.5972896e-03  -4.2889187e-03  -8.7821633e-05
   4.4429331e-02   1.8349153e-01   3.9951033e+00  -3.4186091e-03  -4.0520940e-03   4.9323065e-04
   9.3950762e-03   2.2076129e-01   4.0902100e+00  -2.5383519e-03  -3.8707297e-03   9.9936618e-04
   8.3816764e-02   2.0870286e-01   4.0706811e+00  -2.5522390e-03  -1.8429525e-03   7.8499830e-05
   9.7070028e-02   2.3894887e-01   4.0967770e+00  -1.2057766e-03  -3.1218056e-03  -5.8002939e-04
   5.9291870e-02   2.5914614e-01   4.1628462e+00  -1.2551170e-03  -2.9368869e-03   4.1500504e-04
   8.8321458e-02   2.1137956e-01   4.0930666e+00  -3.1575501e-03  -1.2536980e-03  -1.2634059e-04
   7.2379600e-02   2.2780597e-01   4.1385787e+00  -1.3745232e-03  -2.6661462e-03  -1.4993123e-04
   3.5701791e-02   2.1946155e-01   4.2043598e+00  -2.4289998e-03  -4.0239862e-03   2.8093693e-05
   5.6157286e-02   2.0680746e-01   4.2158108e+00  -2.0740636e-03  -2.8897747e-03   1.5602112e-04
   6.6590717e-02   1.9263267e-01   4.2394221e+00  -2.5541505e-03  -3.6229974e-03  -1.8823952e-04
   4.4958260e-02   2.0321710e-01   4.2451847e+00  -3.3821784e-03  -4.3521005e-03   1.2620614e-04
   6.2064158e-02   1.9883130e-01   4.1600095e+00  -2.8483342e-03  -3.5723075e-03   1.2860658e-04
   4.2970323e-02   1.8640659e-01   4.2226651e+00  -2.3927141e-03  -3.8409857e-03   6.2814829e-04
   5.3963769e-02   2.0551532e-01   4.2161436e+00  -3.5415088e-03  -3.8991396e-03   3.2850491e-04
   5.0310939e-02   1.9648625e-01   4.1648353e+00  -4.6521657e-03  -3.7217862e-03   1.5907197e-05
   9.0356098e-03   1.9551476e-01   4.2744529e+00  -4.1160426e-03  -5.1652079e-03   3.1508440e-04
   6.8144557e-02   2.4590618e-01   4.2959759e+00  -1.2494342e-03  -3.2730477e-03  -1.0249326e-04
   6.8351653e-02   2.3236439e-01   4.3327588e+00  -8.1020774e-04  -3.5674693e-03  -2.4748828e-04
   5.9319773e-02   2.2463887e-01   4.3447933e+00  -2.1297164e-03  -3.1914887e-03   1.1374669e-04
   6.8635725e-02   2.2745934e-01   4.3436475e+00  -1.6799600e-03  -3.6118701e-03  -2.5992267e-04
   6.5207120e-02   2.1821908e-01   4.3443877e+00  -2.5446818e-03  -3.6397112e-03  -8.7893637e-06
   7.3054450e-02   2.1888605e-01   4.3269294e+00  -2.8137578e-03  -3.4801804e-03  -2.1992237e-04
   5.0135259e-02   2.2989533e-01   4.4505971e+00  -2.7995111e-03  -5.1719968e-03  -1.7301644e-04
   7.5998110e-02   2.2243953e-01   4.3458649e+00  -1.4639685e-03  -3.2056889e-03  -2.8507618e-04
   9.1649344e-02   2.6226423e-01   4.4183716e+00  -3.5497686e-04  -3.1395331e-03  -7.9137238e-04
   5.7301930e-02   2.1839214e-01   4.5207726e+00  -2.0526442e-03  -4.2373959e-03  -4.4018535e-04
   6.8014119e-02   2.3171849e-01   4.4745256e+00  -2.7305136e-03  -3.9140765e-03  -4.8097223e-04
   6.2672408e-02   2.1635802e-01   4.4621919e+00  -3.9610366e-03  -3.6362334e-03  -9.7743541e-05
   5.9119047e-02   2.2863354e-01   4.4952054e+00  -3.6480473e-03  -3.3541783e-03  -2.2627872e-04
   7.2975539e-02   1.9515309e-01   4.4742415e+00  -3.9030792e-03  -3.7703506e-03  -3.8471466e-04
   3.9083955e-02   2.2594914e-01   4.5397671e+00  -3.8577836e-03  -4.5803838e-03  -3.9851795e-05
   5.4173251e-02   2.2230983e-01   4.4862180e+00  -3.7225450e-03  -4.6996552e-03  -3.5752525e-04
   7.3563114e-02   2.1924496e-01   4.5362059e+00  -2.9729613e-03  -4.4482998e-03  -3.3374121e-04
   7.4778907e-02   2.4003121e-01   4.5648825e+00  -2.3565721e-03  -4.8398911e-03  -4.1712129e-04
   7.5387036e-02   1.9923175e-01   4.5012992e+00  -3.8251256e-03  -5.8703622e-03  -6.0622105e-04
   7.7642236e-02   2.2597343e-01   4.4770052e+00  -2.9181945e-03  -5.2748083e-03  -6.2638486e-04
   8.4003229e-02   2.3626665e-01   4.4814694e+00  -3.3072269e-03  -5.5147813e-03  -9.6871314e-04
   8.3217974e-02   1.9916578e-01   4.5873539e+00  -1.7788882e-03  -5.3881738e-03  -7.2260492e-04
   1.0377632e-01   2.3038286e-01   4.6120236e+00  -2.1309289e-03  -4.6970539e-03  -8.1643057e-04
   7.9765691e-02   2.2879042e-01   4.5761661e+00  -3.0979050e-03  -4.6472007e-03  -1.6854574e-05
   8.8157123e-02   1.7314032e-01   4.6163186e+00  -2.2499454e-03  -4.6515472e-03  -9.0153967e-05
   8.8991539e-02   2.0317434e-01   4.6019847e+00  -2.5289121e-03  -4.2271578e-03  -6.3484588e-04
   6.9200477e-02   2.0058731e-01   4.6358901e+00  -2.1268771e-03  -4.4544824e-03  -1.9084122e-04
   8.6231080e-02   1.9844672e-01   4.6634544e+00  -2.6361849e-03  -5.1286192e-03  -1.8327584e-04
   8.3506866e-02   1.9505482e-01   4.6575561e+00  -2.4551733e-03  -4.8817840e-03  -5.6248220e-04
   7.0377883e-02   2.3007184e-01   4.9969690e+00   4.7872268e-04  -5.8921730e-03  -3.2464538e-04
   3.6250145e-02   1.5735026e-01   5.1460553e+00  -1.0517768e-02  -7.7890961e-03   6.1773887e-04
   1.3176817e-01   1.7751355e-01   4.8856282e+00  -8.5116117e-03  -4.1359404e-03  -2.5157814e-05
   1.0178379e-01   2.3132816e-01   4.7472141e+00  -2.0733342e-03  -3.4471897e-03   3.8682003e-04
   1.1665274e-01   1.9989621e-01   4.7233211e+00  -2.5967323e-03  -3.5246173e-03  -2.4307496e-04
   9.9419616e-02   2.3563010e-01   4.8788919e+00  -6.6533025e-04  -3.5446158e-03   1.6989156e-04
   9.6135058e-02   2.2793737e-01   4.8288507e+00  -2.2502515e-03  -3.8893875e-03   1.1375902e-04
   9.6807835e-02   2.2931090e-01   4.8313510e+00  -2.4987558e-03  -3.6565993e-03   2.4912239e-04
   8.2726529e-02   2.3145524e-01   4.8662812e+00  -2.1492760e-03  -3.8507091e-03   3.1959950e-04
   7.1517239e-02   2.5696757e-01   4.8893486e+00  -2.3527823e-03  -4.0744352e-03   5.4170115e-04
   9.1260884e-02   2.5789068e-01   4.8963911e+00  -1.6412149e-03  -3.6841068e-03  -4.7758496e-06
   6.8880713e-02   2.8289600e-01   4.9250833e+00  -3.8396587e-03  -4.0339410e-03   3.6201468e-04
   1.0696989e-01   2.7880626e-01   4.9331876e+00  -1.8819459e-03  -3.1474170e-03  -8.8746743e-05
   9.6463075e-02   2.5469849e-01   4.9446809e+00  -1.4564182e-03  -3.3822957e-03  -2.2896344e-04
   1.0699244e-01   2.4373785e-01   4.9511791e+00  -1.7814904e-03  -3.0998963e-03  -6.6694797e-06
   1.1194786e-01   2.4040219e-01   4.9579010e+00  -1.8159714e-03  -3.3455711e-03  -2.9051972e-04
   9.4900954e-02   2.3884065e-01   4.9549317e+00  -2.3967204e-03  -3.1935398e-03  -1.4136563e-04
   1.0029444e-01   2.3797892e-01   4.9679592e+00  -2.0603055e-03  -3.1386062e-03  -1.7820534e-04
   1.0274347e-01   2.3338145e-01   4.9811431e+00  -1.9542835e-03  -3.2067027e-03   1.3194633e-04
   7.6516979e-02   2.3257783e-01   5.1285670e+00  -1.8494663e-03  -5.0862979e-03   3.1565199e-04
   1.0232489e-01   2.4361900e-01   4.5240846e+00  -2.4992566e-03  -6.0213545e-03  -9.5584557e-04
   1.1732557e-01   1.8254151e-01   4.2490413e+00  -5.2023373e-05  -3.4467002e-03   5.8961859e-04
   1.8813655e-01   1.6927929e-01   4.6025917e+00   1.1011838e-02   4.4113044e-03   2.2242415e-03
   2.3182421e-01   1.3278614e-01   4.7271186e+00  -2.6891662e-03   9.1370901e-03   3.1048136e-03
   1.8646025e-01   1.7051592e-01   4.7115302e+00   3.5197765e-03   5.2891364e-03   2.0822815e-03
   1.9725009e-01   1.8993795e-01   4.7568080e+00   3.8919949e-03   5.2919202e-03   1.8310775e-03
   1.8661985e-01   2.0858311e-01   4.7708252e+00   2.5953171e-03   5.0710289e-03   2.1685426e-03
   1.9607492e-01   2.0871201e-01   4.5507244e+00   1.5701264e-03   4.2153122e-03   1.8375905e-03
   2.0582670e-01   2.4449834e-01   4.6299672e+00   7.3750517e-03   3.8446486e-03   1.0071348e-03
   1.9646778e-01   2.5455890e-01   4.6708521e+00   6.7594919e-03   3.7919580e-03   1.1556307e-03
   2.1569380e-01   2.7254547e-01   4.7063408e+00   6.9073427e-03   3.5897622e-03   9.9295755e-04
   2.0717704e-01   2.5768977e-01   4.7683382e+00   7.1786449e-03   4.6827466e-03   1.2275114e-03
   1.8475486e-01   2.8688422e-01   4.7328294e+00   4.6575470e-03   3.9190026e-03   1.8510414e-03
   2.2761544e-01   2.8404618e-01   4.8355146e+00   6.6111849e-03   3.7903203e-03   8.2589694e-04
   2.0022361e-01   2.9080656e-01   4.8109758e+00   4.9613176e-03   3.2452762e-03   1.0384010e-03
   2.1149068e-01   2.7646669e-01   4.8269226e+00   6.9333450e-03   3.7425772e-03   6.9647754e-04
   2.1987112e-01   2.4769415e-01   4.8186569e+00   5.5107270e-03   3.9489739e-03   6.9722241e-04
   2.1875600e-01   2.7901482e-01   4.8748566e+00   5.9393739e-03   3.4650716e-03   6.9047563e-04
   2.1499230e-01   2.6799258e-01   4.9494938e+00   3.5754785e-03   2.5755594e-03   1.0589469e-03
   1.9629746e-01   2.9611225e-01   4.9674192e+00   5.4186787e-03   2.2060030e-03   1.5220965e-03
   1.7890726e-01   2.6322429e-01   4.8401391e+00   5.4600972e-03  -5.9546348e-04   2.8124424e-04
   1.7979825e-01   2.3385021e-01   4.8400931e+00   4.6974561e-03  -1.2165955e-04   9.3278130e-04
   1.7793463e-01   2.3762374e-01   4.8403451e+00   5.6588081e-03  -3.2983475e-04   1.3301481e-03
   1.7066989e-01   2.2022129e-01   4.8370818e+00   6.0971352e-03  -4.6460352e-04   1.2283033e-03
   1.6676740e-01   2.0870500e-01   4.7712217e+00   5.6797936e-03  -5.5072272e-04   1.3759547e-03
   1.5579579e-01   1.9879365e-01   4.8105701e+00   6.1235623e-03  -6.9242018e-04   1.3959034e-03
   1.7604693e-01   2.3968925e-01   4.7806227e+00   5.0905237e-03  -1.5779148e-04   8.2031771e-04
   1.7104622e-01   2.2756332e-01   4.7889520e+00   6.2168995e-03  -4.8133313e-04   1.3147019e-03
   1.9352914e-01   2.7059167e-01   4.9514478e+00   8.8397189e-03   1.7971095e-04   6.7822749e-04
   2.1190035e-01   2.3619855e-01   4.9591254e+00   3.9365032e-03   2.0551486e-03   1.0684694e-03
   2.6610407e-01   1.7547265e-01   5.1986025e+00   3.7993029e-03   2.9693098e-03   3.5033818e-04
   1.8104158e-01   1.6312780e-01   5.2944560e+00   3.9805196e-03   4.7290556e-03   4.6735131e-03
   1.9470120e-01   2.1510287e-01   5.1131665e+00   3.2810564e-03   4.1702186e-03   2.9962208e-03
   1.6846852e-01   2.0635987e-01   5.1273692e+00   4.1646968e-03   2.6783387e-03   2.6268485e-03
   1.6426776e-01   2.4545584e-01   5.1882079e+00   5.3936735e-03   2.7641111e-03   2.9950363e-03
   1.8439504e-01   2.4917073e-01   5.2192215e+00   5.2032257e-03   2.5762658e-03   1.9225085e-03
   1.8897723e-01   2.5794274e-01   5.3361932e+00   5.0342427e-03   2.4749571e-03   2.1401305e-03
   2.2020545e-01   2.7297709e-01   5.3385797e+00   5.5003797e-03   1.9637177e-03   1.2899097e-03
   2.1640917e-01   2.9476634e-01   5.3559863e+00   5.6486158e-03   1.9721292e-03   1.0043228e-03
   1.8131612e-01   2.7559695e-01   5.2640345e+00   2.8575066e-03   1.4384739e-03   1.8129509e-03
   1.7382031e-01   2.5917386e-01   5.3181044e+00   4.1780270e-03   8.0600105e-04   1.5887128e-03
   1.8814849e-01   2.6826840e-01   5.4070778e+00   3.4815742e-03   2.2902139e-03   1.7673135e-03
   2.3336069e-01   2.5425689e-01   5.5418406e+00   4.4250474e-03   1.6441950e-03   6.1682038e-04
   2.0839861e-01   2.5491033e-01   5.5459152e+00   3.9853016e-03   1.1405770e-03   1.1644302e-03
   1.8848786e-01   2.6871389e-01   5.5538806e+00   3.8115735e-03   1.5196790e-03   1.5368997e-03
   2.0143502e-01   2.8233568e-01   5.3778206e+00   4.3259860e-03   1.3694997e-03   1.2934473e-03
   2.0589102e-01   2.5817761e-01   5.3969920e+00   4.7040346e-03   1.7335641e-03   1.2037804e-03
   2.0671425e-01   2.7959385e-01   5.3874642e+00   3.7734824e-03   1.9483545e-03   2.0730360e-03
   2.1019350e-01   2.6191949e-01   5.4256446e+00   5.4464478e-03   1.2722124e-03   1.2888357e-03
   2.1774456e-01   2.7539669e-01   5.4161030e+00   4.8462571e-03   1.7859009e-03   1.4206804e-03
   2.1599816e-01   2.5554342e-01   5.4436082e+00   5.2663799e-03   1.4910643e-03   1.4137438e-03
   2.2857411e-01   2.7216401e-01   5.5147428e+00   5.9402096e-03   1.4333349e-03   1.0145238e-03
   2.1877818e-01   2.9870884e-01   5.4821966e+00   4.3394461e-03   1.5217000e-03   7.6402486e-04
   2.6323758e-01   2.9111075e-01   5.5223520e+00   4.8068741e-03   3.1261984e-03   8.1922363e-04
   2.6194429e-01   3.3000483e-01   5.5830567e+00   5.4891169e-03   2.0188881e-03   2.3507139e-04
   2.4120860e-01   3.3994054e-01   5.6315100e+00   5.0635258e-03   2.1172113e-03   7.3395522e-04
   2.5178683e-01   2.9645268e-01   5.5967750e+00   4.6290667e-03   1.0212243e-03   2.7054742e-04
   2.4465756e-01   3.0390188e-01   5.5050950e+00   5.3181264e-03   1.4148640e-03   4.3592144e-04
   2.4423608e-01   3.3599711e-01   5.4199700e+00   5.3499878e-03   1.3372524e-03   1.3708663e-04
   2.4060177e-01   3.4612076e-01   5.3382683e+00   5.0285367e-03   1.0912099e-03   3.0043206e-04
   2.3520931e-01   3.4462329e-01   5.4225472e+00   6.4661459e-03   4.2188056e-04   1.8857940e-04
   2.3258408e-01   3.3383773e-01   5.6223674e+00   5.3889586e-03   5.7292649e-04   6.0751022e-04
   2.0047377e-01   2.4609985e-01   5.7584611e+00   1.0145171e-04   6.9030916e-05   7.4104627e-04
   2.5589097e-01   3.1313684e-01   5.8076566e+00   3.0102306e-03   6.3672045e-04  -6.4209578e-05
   2.4703639e-01   2.9822980e-01   5.8170881e+00   4.1017295e-03   1.8573824e-03   1.0848245e-04
   2.4531620e-01   3.1087882e-01   5.7921498e+00   3.0581947e-03   1.6756041e-04   1.9180516e-04
   2.6382229e-01   2.9716161e-01   5.7948771e+00   4.1112299e-03   7.4808090e-04   1.4529338e-04
   2.2652088e-01   2.7215296e-01   5.7844408e+00   3.5040309e-03   2.1095884e-04   7.3352915e-04
   1.8417802e-01   3.2267985e-01   5.8550024e+00   4.4142166e-04  -1.5672470e-04   2.1247172e-03
   2.3793635e-01   3.4905857e-01   5.8551629e+00   5.4685396e-03   4.3217951e-04   8.1896150e-04
   2.2542697e-01   3.2852533e-01   5.8385744e+00   5.4368833e-03   9.3142326e-05   1.0435068e-03
   2.0191567e-01   2.9589760e-01   5.8665134e+00   2.6368506e-03  -1.9891775e-03   1.3189644e-03
   2.0679450e-01   2.7440622e-01   5.8584916e+00   2.2595810e-03  -1.9319490e-03   9.2316572e-04
   2.1078599e-01   2.6830722e-01   5.8768481e+00   2.5896623e-03  -1.5660442e-03   9.7940102e-04
   2.1594746e-01   2.6837647e-01   5.9788628e+00   3.5703617e-03  -1.1024403e-03   7.7535248e-04
   1.8584347e-01   2.7481390e-01   5.9906668e+00   1.8095336e-03  -3.1692967e-03   7.7070619e-04
   2.2873896e-01   3.2413001e-01   6.0007931e+00   2.3874204e-03  -2.5992016e-03   4.5951304e-05
   2.2242083e-01   3.2533121e-01   6.0026440e+00   3.0853461e-03  -2.0969743e-03   5.3550897e-04
   2.1626917e-01   3.1248245e-01   5.9978732e+00   2.6888130e-03  -2.2938710e-03   8.1873396e-04
   2.0899705e-01   3.0845809e-01   6.0006684e+00   2.2222579e-03  -3.7509263e-03   6.4470262e-04
   2.0841535e-01   2.8307420e-01   6.0283941e+00   1.6487802e-03  -3.7224359e-03   6.3366527e-04
   2.6218175e-01   2.9230605e-01   5.8850082e+00   2.8444302e-03   5.2604898e-04   7.8939732e-04
   2.8962379e-01   3.1530923e-01   6.0991670e+00   4.1573048e-03   2.9391565e-03   4.1147206e-04
   2.5592989e-01   3.2371907e-01   6.1090433e+00   4.5491099e-03   1.3961526e-03   9.1933622e-04
   2.7396067e-01   3.3965148e-01   6.0848053e+00   4.1919746e-03   1.1886037e-03   3.5019281e-04
   2.5915421e-01   3.0922044e-01   6.0722332e+00   3.3227644e-03   1.2323972e-03   7.7375824e-04
   2.6923469e-01   3.2289916e-01   6.1023097e+00   4.5784412e-03   1.6264325e-03   3.8658663e-04
   2.2790965e-01   3.2537632e-01   6.1554482e+00   5.0910838e-03   5.0960296e-04   1.1111602e-03
   2.3048971e-01   3.2235710e-01   6.1236574e+00   4.1934977e-03   3.7902729e-04   1.2580747e-03
   2.1811473e-01   3.0944301e-01   6.1386304e+00   5.5287502e-03   9.2957743e-05   1.5867586e-03
   2.1939469e-01   3.2184401e-01   6.1671577e+00   4.0878011e-03   1.5563980e-04   1.3603887e-03
   2.3271667e-01   3.1060555e-01   6.1580877e+00   4.7441996e-03   3.0429256e-04   1.1180687e-03
   2.2332023e-01   3.2757878e-01   6.1635266e+00   4.8566846e-03   1.6924712e-04   1.3085896e-03
   2.3617591e-01   2.9499113e-01   6.1504350e+00   4.3845971e-03   7.1527389e-06   1.0435529e-03
   2.1804920e-01   3.3548437e-01   6.1549540e+00   4.9492183e-03   5.0230952e-04   1.8513429e-03
   2.3359192e-01   3.2865706e-01   6.1639662e+00   3.9628065e-03   4.0306230e-04   1.2584707e-03
   2.2554312e-01   2.9608758e-01   6.2740163e+00   2.2518050e-03  -5.0087241e-04   1.7867343e-03
   2.2776691e-01   3.4886683e-01   6.2858252e+00   4.7299273e-03  -5.5663755e-04   7.3090994e-04
   2.2366676e-01   3.6881164e-01   6.3424140e+00   5.3062713e-03  -1.0585319e-03   8.6332393e-04
   2.1852512e-01   3.4259894e-01   6.3312371e+00   4.4728300e-03  -8.1877076e-04   1.1285782e-03
   2.3295925e-01   3.2541463e-01   6.2931531e+00   4.5567162e-03  -1.3653443e-03   7.1987389e-04
   2.3448478e-01   3.3811676e-01   6.3048513e+00   4.6139912e-03  -1.0534373e-03   1.3831589e-03
   2.3686603e-01   3.3495350e-01   6.3265964e+00   4.4194912e-03  -9.0367762e-04   1.1211299e-03
   2.3696577e-01   3.4174575e-01   6.3108530e+00   3.9498642e-03  -5.5001508e-04   1.1232962e-03
   2.3335250e-01   3.0158787e-01   6.3384901e+00   1.6697317e-03  -8.0590322e-04   1.2185924e-03
   2.3848347e-01   2.9334196e-01   6.3151973e+00   2.6222323e-03  -6.7234193e-04   1.5952728e-03
   2.5122978e-01   3.0278944e-01   6.3386812e+00   3.4674763e-03  -7.3064746e-04   9.4235083e-04
   2.4578111e-01   3.0355286e-01   6.3566174e+00   3.1845574e-03  -5.2103477e-04   1.5135579e-03
   2.5022328e-01   3.2490060e-01   6.3370222e+00   2.7196701e-03  -2.8001415e-04   1.2290793e-03
   2.1837179e-01   3.2749865e-01   6.5038964e+00   2.0552895e-03  -3.3638315e-04   1.8278082e-03
   2.8293574e-01   3.4612170e-01   6.5047961e+00   2.5771422e-03   2.3272777e-03   1.5746792e-03
   2.5148612e-01   3.4943245e-01   6.4597083e+00   2.5032865e-03   8.7832769e-04   1.7326764e-03
   2.7012959e-01   3.3476883e-01   6.4821724e+00   3.7395751e-03   1.4980548e-03   1.1533459e-03
   2.8344778e-01   3.1123600e-01   6.5443257e+00   4.7975688e-03   1.3399944e-03   7.5802992e-04
   2.6710023e-01   3.3092844e-01   6.5123118e+00   3.2397305e-03   1.2740033e-03   1.3432535e-03
   2.6592705e-01   3.2423445e-01   6.5367476e+00   3.2315714e-03   7.4476773e-04   1.1500089e-03
   2.9272899e-01   2.9420952e-01   6.5778599e+00   2.9878482e-03   2.6717615e-03   1.3616087e-03
   2.7348198e-01   3.4209374e-01   6.5599333e+00   3.3931401e-03   1.8225109e-03   1.3582951e-03
   2.5960858e-01   3.4313478e-01   6.6074994e+00   2.6554335e-03   1.8539692e-03   1.2943664e-03
   2.6093463e-01   3.4975054e-01   6.5565284e+00   3.7823229e-03   1.1622189e-03   1.7630081e-03
   2.7377479e-01   3.6506770e-01   6.5821630e+00   4.4505543e-03   1.0834219e-03   9.0466271e-04
   2.5671853e-01   3.6898864e-01   6.5474261e+00   2.5939055e-03   6.3467272e-04   1.3902314e-03
   2.5947237e-01   3.2269229e-01   6.5209187e+00   2.8133484e-03   6.0428622e-04   1.1440577e-03
   2.6666815e-01   3.1458274e-01   6.5973069e+00   3.6650751e-03   1.3447863e-03   1.4753523e-03
   2.6171068e-01   3.4155437e-01   6.5814045e+00   4.3686197e-03   1.5547325e-03   1.1672937e-03
   2.3959184e-01   3.3156402e-01   6.6079133e+00   3.1943711e-03   4.0559916e-04   1.4567225e-03
   2.4475322e-01   3.4003806e-01   6.6119465e+00   3.8636991e-03   1.0433410e-04   1.1180734e-03
   2.4582375e-01   3.3820125e-01   6.6478903e+00   4.1816838e-03   5.1535917e-04   1.2046094e-03
   2.4466771e-01   3.2809083e-01   6.6362187e+00   3.0353454e-03   3.6034916e-04   9.4759260e-04
   2.3544067e-01   3.3783338e-01   6.6686525e+00   4.3152675e-03   1.3178461e-04   1.3568847e-03
   2.5177061e-01   3.3386430e-01   6.6919940e+00   3.8585905e-03   2.5564479e-04   1.3590118e-03
   2.5564126e-01   3.3492651e-01   6.6793628e+00   3.9983809e-03   8.5187241e-04   1.3235964e-03
   2.4647538e-01   3.5025632e-01   6.7135229e+00   3.2692942e-03   2.9073192e-04   1.0604034e-03
   2.5791614e-01   3.2529579e-01   6.8239907e+00   1.6671645e-03   1.3964575e-03   1.5111355e-03
   2.8181576e-01   3.8621423e-01   6.7919832e+00   4.1682808e-03   9.2088333e-04   6.4123418e-04
   2.9620025e-01   3.9558035e-01   6.7959677e+00   4.2598265e-03   1.1043228e-03   7.6952457e-04
   2.7290402e-01   3.8218055e-01   6.8129284e+00   3.9024291e-03   1.0971329e-03   8.0479914e-04
   2.6128240e-01   3.6230662e-01   6.7985530e+00   3.3163681e-03   9.3680603e-04   1.2941842e-03
   2.6027355e-01   3.7579891e-01   6.9428293e+00   4.7243769e-03   8.4415749e-04   1.5111114e-03
   2.5620301e-01   3.6689005e-01   6.9006843e+00   4.0242460e-03   8.6865586e-04   1.4608630e-03
   2.5481814e-01   3.6144676e-01   6.8974406e+00   3.5652790e-03   6.8517781e-04   1.5499428e-03
   2.7224647e-01   3.6884323e-01   6.8757551e+00   2.9355298e-03   9.0263093e-04   1.2674121e-03
   2.8080288e-01   3.7369094e-01   6.8925022e+00   2.7877982e-03   5.7672088e-04   1.0336368e-03
   2.6591329e-01   3.5796065e-01   6.8922427e+00   2.7010419e-03   6.2817751e-04   1.4770126e-03
   2.4248125e-01   3.7136100e-01   6.9133934e+00   3.2871905e-03   4.1306313e-04   1.7284651e-03
   2.4535429e-01   3.7043421e-01   6.9182381e+00   3.5137148e-03   1.5052689e-04   1.5965800e-03
   2.5434702e-01   3.8900432e-01   6.9231788e+00   3.5712955e-03  -2.3452767e-04   1.2541441e-03
   2.6440293e-01   3.7035711e-01   7.1243224e+00   5.3233505e-03  -7.8757961e-04   5.0584387e-04
   2.5904117e-01   2.5769022e-01   6.6632277e+00  -1.7912347e-02  -3.3076873e-03   4.2234071e-04
   2.6024025e-01   4.5710357e-01   6.5156442e+00   1.7616668e-02  -1.7330349e-03  -1.2586260e-03
   3.1024696e-01   2.6894183e-01   6.2104298e+00   3.4578370e-02   1.1684249e-03   1.1874965e-03
   2.2024620e-01   3.1590692e-01   6.5441617e+00  -5.0405695e-03  -1.0739703e-03   4.5326043e-03
   2.7212696e-01   3.5084217e-01   6.6647693e+00   8.6832517e-03  -2.4397780e-03   1.0654049e-03
   2.6005521e-01   3.6636948e-01   6.7274957e+00   9.2002929e-03  -1.5691917e-03   1.8140475e-03
   2.7177042e-01   4.0020234e-01   6.7878760e+00   9.0811054e-03  -1.4320148e-03   1.3290434e-03
   2.7561783e-01   4.1396179e-01   6.7884564e+00   9.1786750e-03  -1.7338949e-03   1.3063187e-03
   2.7774432e-01   4.2626743e-01   6.7119879e+00   9.1434327e-03  -1.9342854e-03   1.3055537e-03
   2.8433716e-01   3.9465352e-01   6.7806936e+00   9.2652379e-03  -1.3886186e-03   1.1674595e-03
   2.6960837e-01   4.3378475e-01   6.8158426e+00   1.0115467e-02  -1.6340069e-03   1.4076621e-03
   2.9956753e-01   4.3358004e-01   6.7863585e+00   1.0991732e-02  -1.4281359e-03   5.8323624e-04
   2.8310420e-01   4.1666245e-01   6.7833238e+00   9.9079668e-03  -1.5438395e-03   8.1674215e-04
   2.8050340e-01   4.3764078e-01   6.8155793e+00   9.8042463e-03  -1.5797569e-03   1.0527717e-03
   2.8395865e-01   4.2804744e-01   6.8755634e+00   1.0386521e-02  -1.9183472e-03   7.8749250e-04
   2.9071635e-01   4.0828467e-01   6.8525858e+00   9.0097165e-03  -9.6691036e-04   1.1336613e-03
   3.0006769e-01   4.1103605e-01   6.9020193e+00   9.3507268e-03  -1.3684992e-03   1.0055958e-03
   2.9232084e-01   4.3284092e-01   6.8805239e+00   8.3690645e-03  -1.6267168e-03   9.7794201e-04
   2.8671546e-01   4.4387948e-01   6.8762634e+00   9.2986304e-03  -1.6809420e-03   5.8604156e-04
   2.9036376e-01   4.4234952e-01   6.9345550e+00   9.6939244e-03  -1.8122131e-03   6.1543238e-04
   2.8444217e-01   4.4238806e-01   6.9413153e+00   9.5477891e-03  -1.5507374e-03   8.2687780e-04
   2.9828607e-01   4.7552342e-01   7.0317581e+00   1.0381890e-02  -2.0049370e-03   7.2895565e-04
   2.8685948e-01   4.5696027e-01   6.9909152e+00   9.2340581e-03  -1.1080152e-03   1.0044149e-03
   2.9676568e-01   4.5996380e-01   7.0274839e+00   9.7536535e-03  -1.2714334e-03   6.4862783e-04
   2.9605288e-01   4.7435690e-01   7.0081313e+00   9.2005010e-03  -1.1102424e-03   8.2579014e-04
   2.9211240e-01   4.7396612e-01   7.0234129e+00   9.5057318e-03  -1.0928939e-03   4.4631709e-04
   2.8605168e-01   4.7614468e-01   7.0325625e+00   9.2239893e-03  -1.2589781e-03   8.8013729e-04
   2.7974833e-01   4.4523145e-01   7.0510891e+00   9.4802689e-03  -1.4298413e-03   1.0571282e-03
   2.9237360e-01   4.5720417e-01   7.0746535e+00   9.0799044e-03  -1.0688798e-03   1.1402839e-03
   2.5739002e-01   5.7680109e-01   6.0896723e+00   1.4374168e-02  -1.9237492e-03   5.3979677e-04
   4.1565922e-01   5.2792835e-01   5.8851392e+00   4.1791974e-02   1.6908465e-03  -4.6660072e-03
   3.1400015e-01   2.9280323e-01   7.1481104e+00   1.5964570e-02   2.8229724e-03   4.2847510e-03
   3.0095693e-01   4.1336536e-01   7.0544740e+00   7.3787970e-03  -5.1468156e-04   4.5730421e-03
   3.1630988e-01   4.1290935e-01   7.1848238e+00   8.9722343e-03  -5.3668290e-04   4.0664562e-03
   3.0555741e-01   4.4265357e-01   7.1898268e+00   1.0274306e-02  -4.6303041e-04   4.6840463e-03
   3.0746972e-01   4.3585177e-01   7.2218831e+00   8.1003324e-03  -3.8819368e-05   4.3062676e-03
   3.0120670e-01   4.4019854e-01   7.2609866e+00   8.9017485e-03   1.9767760e-04   4.5095242e-03
   3.2539814e-01   4.5081591e-01   7.2313547e+00   7.8384078e-03   2.0609749e-05   3.9918180e-03
   3.4498258e-01   4.5451730e-01   7.2694199e+00   8.5290354e-03  -7.1236236e-05   3.5557229e-03
   3.1948662e-01   4.5461640e-01   7.2811524e+00   8.2217177e-03  -6.5981673e-04   3.8265395e-03
   3.4185492e-01   4.3844153e-01   7.2880843e+00   8.0371579e-03   2.6028046e-04   3.9771457e-03
   3.2895544e-01   4.2495731e-01   7.3064963e+00   7.3874392e-03  -3.9002170e-04   3.2883697e-03
   3.2383434e-01   4.3407341e-01   7.3573902e+00   8.0720928e-03  -5.7698612e-04   3.4853885e-03
   3.3049754e-01   4.4808274e-01   7.3505677e+00   7.5496540e-03  -5.7958563e-05   3.7903235e-03
   3.2607183e-01   4.6723605e-01   7.3639277e+00   7.9565038e-03  -4.0191637e-04   3.9135234e-03
   3.3020453e-01   4.3065025e-01   7.3554514e+00   7.0352390e-03  -2.7325482e-04   3.9488674e-03
   3.2168128e-01   4.5836772e-01   7.3799097e+00   7.6110185e-03  -6.9909106e-04   3.4289067e-03
   3.3889210e-01   4.4809268e-01   7.4149969e+00   8.3017596e-03  -5.0062181e-04   3.0356905e-03
   3.4826618e-01   4.5789918e-01   7.4363299e+00   7.8826528e-03  -5.7183026e-04   3.2441396e-03
   3.2829075e-01   4.3476790e-01   7.4505446e+00   8.2010585e-03  -3.9442433e-04   3.4201422e-03
   3.3433991e-01   4.6146957e-01   7.4595087e+00   7.4740553e-03  -5.8157830e-04   2.9968897e-03
   3.3366603e-01   4.6228193e-01   7.4267131e+00   8.5919715e-03   2.9039160e-03   4.1843380e-03
   3.0633550e-01   4.3582651e-01   7.4230956e+00   8.4174593e-03  -4.7428599e-04   3.8291456e-03
   3.0705542e-01   4.5767709e-01   7.4405632e+00   8.4864052e-03  -6.4064819e-04   3.7646069e-03
   3.1274900e-01   4.5732236e-01   7.4840476e+00   8.5563730e-03  -9.5196987e-04   3.6366925e-03
   3.0698372e-01   4.2104058e-01   7.5349823e+00   7.9917340e-03  -8.2132872e-04   3.6286697e-03
   3.1551176e-01   4.5379370e-01   7.4721290e+00   7.2688134e-03  -1.7414588e-03   3.4750994e-03
   3.1109970e-01   4.3902831e-01   7.5304075e+00   8.5029079e-03  -1.6302917e-03   3.7539086e-03
   3.2403563e-01   4.4543509e-01   7.5576700e+00   8.1608851e-03  -1.8277840e-03   3.5592587e-03
   3.4484230e-01   4.4595882e-01   7.5605480e+00   8.0797347e-03  -1.3629482e-03   2.9455162e-03
   3.1339304e-01   4.5516457e-01   7.5706661e+00   8.2651593e-03  -1.8422963e-03   3.5222978e-03
   3.3965220e-01   4.5142942e-01   7.5840480e+00   8.2579149e-03  -1.5801349e-03   3.2222680e-03
   3.2275671e-01   4.3669704e-01   7.6171694e+00   6.1071002e-03  -1.5115177e-03   3.5427633e-03
   3.2161425e-01   4.4513762e-01   7.6525335e+00   7.9570915e-03  -1.7178321e-03   3.1360960e-03
   3.1784639e-01   4.2966434e-01   7.6793182e+00   7.5585449e-03  -1.6960190e-03   3.4545013e-03
   3.1435134e-01   4.4614056e-01   7.7060119e+00   6.9321903e-03  -1.3652143e-03   3.5436642e-03
   3.4487301e-01   5.0529001e-01   7.8931211e+00   1.2973638e-02   3.2478445e-04   3.2658523e-03
   3.7097358e-01   4.9246787e-01   7.8305335e+00   9.2397356e-03   9.7873952e-04   3.2199261e-03
   3.3642529e-01   4.5739184e-01   7.8919866e+00   7.5023187e-03  -1.3678981e-03   3.4348317e-03
   3.4281051e-01   4.8150583e-01   7.8943098e+00   8.9987672e-03  -7.7942047e-04   2.7796859e-03
   3.5213223e-01   4.8819734e-01   7.8760716e+00   7.8833529e-03  -8.5852814e-04   3.0033134e-03
   3.4691802e-01   4.6418901e-01   7.8825034e+00   8.1142141e-03  -1.0259860e-03   2.9872249e-03
   3.4311315e-01   4.9425929e-01   7.8769353e+00   7.6610677e-03  -1.9312125e-04   3.4670305e-03
   3.5140037e-01   4.4531479e-01   7.8866307e+00   8.7182234e-03   1.1793769e-05   3.5180421e-03
   3.4518614e-01   4.6554667e-01   7.8976831e+00   8.4224328e-03  -7.1459801e-04   3.5444085e-03
   3.4866691e-01   4.6011342e-01   7.9205692e+00   8.4750096e-03   1.0445375e-04   3.4991161e-03
   3.5058968e-01   4.6408410e-01   7.9353575e+00   8.8081520e-03  -2.4342903e-04   3.5268842e-03
   3.5865941e-01   4.6229663e-01   7.9336747e+00   8.4449720e-03   3.2553433e-04   3.6152153e-03
   3.5094832e-01   4.4039953e-01   7.9567518e+00   7.6783010e-03  -2.5366544e-04   3.3542103e-03
   3.4546536e-01   4.5960268e-01   7.9395434e+00   9.0837848e-03  -9.8638038e-04   3.2697777e-03
   3.4128906e-01   4.2397205e-01   7.9663432e+00   5.6300021e-03  -1.3780251e-03   3.4611602e-03
   3.3826245e-01   4.7215313e-01   8.0676197e+00   8.1021706e-03  -1.1379842e-03   3.3974851e-03
   3.0528286e-01   4.1075407e-01   8.1383588e+00   3.3359950e-03  -2.2898288e-03   3.1654836e-03
   3.1945050e-01   4.2765707e-01   8.1395308e+00   5.2535970e-03  -1.6855156e-03   3.5756088e-03
   3.2623087e-01   4.0853503e-01   8.0941937e+00   4.7191861e-03  -9.3707262e-04   3.7367223e-03
   3.4431914e-01   4.3647447e-01   8.0945370e+00   4.6494684e-03  -1.1451073e-03   3.4153653e-03
   3.5104567e-01   4.2332207e-01   8.0835984e+00   4.1118433e-03  -1.1080074e-03   2.8667079e-03
   3.2822438e-01   4.1875917e-01   8.0818805e+00   4.3283241e-03  -9.2637543e-04   3.5909394e-03
   3.4310227e-01   3.9817167e-01   8.1021949e+00   4.4462720e-03  -5.0806834e-04   3.6842396e-03
   3.3691626e-01   3.8538946e-01   8.1302054e+00   5.2201220e-03  -8.8219239e-04   3.8147321e-03
   3.3406597e-01   3.9644080e-01   8.1398251e+00   5.2893167e-03  -5.0421624e-04   3.5964898e-03
   3.4788054e-01   4.1970572e-01   8.1613996e+00   4.9676183e-03  -4.6291806e-04   2.9816767e-03
   3.5106489e-01   4.3702900e-01   8.2135954e+00   5.5981474e-03  -4.0551354e-04   3.2077310e-03
   3.5110750e-01   4.7518741e-01   8.2442128e+00   5.8643671e-03  -7.2509908e-04   3.1694285e-03
   4.3251370e-01   4.3549617e-01   8.0177490e+00   5.5185175e-03   4.7819742e-03   4.0047638e-03
   3.5002485e-01   4.6310237e-01   8.0998735e+00   1.0072212e-02  -7.7189234e-04   3.4704280e-03
   4.2408273e-01   4.3438057e-01   8.1855290e+00   7.6753777e-03   3.6165193e-03   3.5303961e-03
   4.2633842e-01   4.9100622e-01   8.1575999e+00   1.0064513e-02   2.1143149e-03   2.5218653e-03
   3.8705293e-01   4.7742684e-01   8.1274236e+00   9.7355502e-03   1.6423684e-03   3.0739608e-03
   3.8328327e-01   5.0674210e-01   8.1090841e+00   1.0939565e-02   1.4936768e-03   2.8871377e-03
   3.7569066e-01   5.0592896e-01   8.0074000e+00   8.4143889e-03   1.7539548e-03   2.8515039e-03
   3.9755191e-01   4.8066015e-01   8.1484095e+00   1.0065297e-02   1.7930109e-03   2.8359616e-03
   4.1306564e-01   4.6841341e-01   8.2112616e+00   8.7780450e-03   1.8789176e-03   2.4977604e-03
   4.0871003e-01   4.6138520e-01   8.2425712e+00   8.7897683e-03   1.9225154e-03   2.8697707e-03
   4.0663698e-01   4.7560390e-01   8.5096989e+00   7.8171637e-03   1.3828112e-03   2.0533090e-03
   4.2946838e-01   5.0202247e-01   8.4465054e+00   7.8992092e-03   2.1328310e-03   2.1005569e-03
   4.2163184e-01   5.0849820e-01   8.4754659e+00   8.6992600e-03   1.6935915e-03   1.8997097e-03
   4.3451066e-01   4.9505095e-01   8.5138120e+00   8.3648524e-03   1.5855823e-03   1.9105283e-03
   4.3457399e-01   5.1798342e-01   8.4930560e+00   8.4385974e-03   1.9626357e-03   1.9935882e-03
   4.2229455e-01   4.9330404e-01   8.4755132e+00   7.5683938e-03   1.8814909e-03   2.3843199e-03
   4.1834736e-01   4.7448254e-01   8.4910769e+00   7.1762273e-03   1.8474011e-03   2.5545997e-03
   4.1652237e-01   5.0247791e-01   8.5652415e+00   9.1823956e-03   2.2344983e-03   2.6574152e-03
   4.6422416e-01   4.8102423e-01   8.4771203e+00   6.7322466e-03   4.2708973e-03   2.3866569e-03
   4.4248005e-01   4.9356571e-01   8.5189418e+00   7.5480142e-03   2.3467213e-03   2.4128065e-03
   4.2631641e-01   4.8897855e-01   8.5598613e+00   6.4390177e-03   2.2278942e-03   2.3889642e-03
   4.1993894e-01   4.9314958e-01   8.5747559e+00   7.9370536e-03   1.6383410e-03   2.0425737e-03
   4.1192398e-01   5.2029206e-01   8.6169945e+00   8.1748102e-03   1.9881976e-03   2.2351044e-03
   4.0702884e-01   5.0215100e-01   8.6243453e+00   7.7798520e-03   1.8993754e-03   2.0348128e-03
   4.1296488e-01   5.0355236e-01   8.6085894e+00   7.2742974e-03   1.7930965e-03   2.1611144e-03
   4.0910695e-01   5.0792377e-01   8.6345682e+00   8.2002284e-03   2.1501027e-03   2.3080608e-03
   4.0104329e-01   5.0751011e-01   8.6504904e+00   7.7299614e-03   1.4480218e-03   2.4998507e-03
   3.7890171e-01   4.9566380e-01   8.6240616e+00   5.6157273e-03   5.2767690e-04   2.6016536e-03
   3.8345386e-01   5.2394230e-01   8.7055298e+00   7.4657684e-03   4.0849825e-04   2.6797685e-03
   4.0884663e-01   5.3367748e-01   8.7394042e+00   7.4727396e-03   6.2894151e-04   2.2117470e-03
   4.0058641e-01   4.8679148e-01   8.7326072e+00   6.5486970e-03   1.0821359e-03   2.5721049e-03
   3.9028814e-01   4.8215287e-01   8.7715020e+00   7.4961259e-03   6.0191112e-04   2.5326193e-03
   3.9662041e-01   4.9347358e-01   8.8017494e+00   7.4007458e-03   6.2274782e-04   2.3395401e-03
   3.9681884e-01   5.1709477e-01   8.7974303e+00   7.6379922e-03   8.9997366e-04   2.1958055e-03
   4.0244376e-01   4.8701588e-01   8.7877754e+00   6.6073053e-03   5.9640817e-04   2.2433368e-03
   3.9852386e-01   5.0445114e-01   8.8082186e+00   6.5258596e-03   6.7934581e-04   2.1797165e-03
   3.9502278e-01   4.9320907e-01   8.8024225e+00   6.1937637e-03   8.2747705e-04   2.1460966e-03
   3.7963888e-01   4.8973562e-01   8.7756834e+00   5.5640646e-03   8.7191133e-04   2.5685602e-03
   4.0990499e-01   5.0221131e-01   8.8964540e+00   5.9772772e-03   1.7772830e-03   2.5634669e-03
   4.0022350e-01   4.6550760e-01   8.9044005e+00   5.3103682e-03   2.2121857e-03   2.9831037e-03
   3.4813284e-01   4.7795364e-01   9.0238002e+00   6.1310007e-03   5.7489946e-04   3.5909824e-03
   3.5704582e-01   4.8998919e-01   8.9954140e+00   4.0382358e-03  -4.4225552e-04   2.5326892e-03
   3.6912398e-01   5.0246232e-01   9.0926955e+00   2.4951749e-03   3.4861835e-05   2.0868341e-03
   3.8616258e-01   4.9526987e-01   9.0796489e+00   3.2811232e-03   3.3519155e-04   2.4125696e-03
   3.8817158e-01   5.2220718e-01   9.0974591e+00   4.3685301e-03   7.4990324e-04   2.6660101e-03
   3.5116525e-01   4.3530824e-01   9.1336325e+00   1.1347490e-03  -1.1552873e-03   2.7216472e-03
   3.6544563e-01   5.0099024e-01   9.1007010e+00   3.3343186e-03  -1.3640931e-04   2.9162995e-03
   3.7601053e-01   5.0269197e-01   9.1143417e+00   4.2315973e-03  -5.4614626e-05   2.7460256e-03
   3.7413134e-01   5.0438128e-01   9.1313603e+00   4.3168452e-03   2.0827376e-04   3.0304069e-03
   3.6884555e-01   5.0279110e-01   9.1115623e+00   3.8194186e-03   3.2934907e-04   3.0595261e-03
   3.8198647e-01   5.1351226e-01   9.1524904e+00   4.5095785e-03   5.5130358e-04   3.0749945e-03
   3.7362329e-01   4.7513144e-01   9.1373563e+00   4.0902099e-03   2.2825557e-04   3.3972982e-03
   3.7430716e-01   4.8334836e-01   9.1266249e+00   3.6165376e-03   5.6929616e-04   3.3627352e-03
   3.8132295e-01   4.6810134e-01   9.1381446e+00   4.7317450e-03   6.0315396e-04   2.9516285e-03
   3.7812880e-01   5.0884706e-01   9.1846765e+00   5.2408467e-03   1.1843262e-04   2.7869627e-03
   3.7996060e-01   4.8490051e-01   9.1822520e+00   4.9997097e-03   2.8200744e-04   2.7320243e-03
   3.4549089e-01   4.5286245e-01   9.2752135e+00   1.4965234e-04  -2.1857297e-03   2.4393555e-03
   4.4395022e-01   4.7278295e-01   9.0854367e+00   2.9277747e-03   3.3350711e-03   3.6324574e-03
   4.1024648e-01   5.4611242e-01   9.0261366e+00   7.1032260e-03   1.2371023e-03   3.3045682e-03
   4.1637981e-01   5.6059202e-01   9.0179406e+00   8.3111826e-03   7.8595677e-04   2.7101129e-03
   4.1068799e-01   5.6074601e-01   8.9652220e+00   6.6649232e-03   8.3802952e-04   3.0919376e-03
   4.0760209e-01   5.4123685e-01   8.9647159e+00   7.2688631e-03   7.3238190e-04   3.0003774e-03
   4.1671961e-01   5.3964271e-01   8.9816150e+00   6.4911493e-03   7.5927194e-04   2.7915880e-03
   4.1334256e-01   5.4131001e-01   9.0633032e+00   6.9627796e-03   5.3681189e-04   2.6448905e-03
   4.1664221e-01   5.3604909e-01   9.0759218e+00   6.5747553e-03   5.6400476e-04   2.2984463e-03
   4.0905179e-01   5.2459073e-01   9.1256064e+00   7.4059247e-03   6.3549478e-04   2.6272013e-03
   4.0641299e-01   5.2708110e-01   9.1413629e+00   7.3009912e-03   6.4404530e-04   2.8489073e-03
   4.1239696e-01   5.3600683e-01   9.1378743e+00   7.1287811e-03   1.1404658e-03   2.8950307e-03
   4.1456689e-01   5.1019056e-01   9.1573064e+00   6.8990667e-03   1.1828039e-03   3.1126977e-03
   4.2676894e-01   5.3651700e-01   9.1760195e+00   7.4209683e-03   5.0200478e-04   2.5140985e-03
   3.9702517e-01   5.2409201e-01   9.1947771e+00   7.5073670e-03   8.1604107e-04   2.9296876e-03
   4.3114491e-01   5.3513430e-01   9.2193444e+00   7.7544684e-03   1.4220961e-03   2.8021536e-03
   3.8054138e-01   5.2557097e-01   9.4678073e+00   8.6435410e-03  -3.3149415e-04   2.7053083e-03
   3.4023608e-01   5.0788490e-01   9.3325511e+00   5.6391822e-03  -1.8413223e-03   3.5386107e-03
   3.6714966e-01   4.9096339e-01   9.5470743e+00   4.9717962e-03  -1.3272672e-03   2.8613187e-03
   4.2446004e-01   4.6897082e-01   9.5566268e+00   2.6014522e-03   1.4381549e-03   3.1496433e-03
   3.8359417e-01   5.1199986e-01   9.6292189e+00   4.4685025e-03   3.8459630e-04   3.3916869e-03
   4.8696147e-01   5.0111321e-01   9.6794116e+00   3.0500660e-03   4.9752658e-03   3.3009136e-03
   4.3064564e-01   5.1607897e-01   9.6032710e+00   5.1732128e-03   3.5493783e-03   3.6773010e-03
   4.3639420e-01   5.2638481e-01   9.5758063e+00   5.8743235e-03   2.8171290e-03   2.9939853e-03
   4.0329159e-01   5.4595811e-01   9.5281369e+00   5.8272294e-03   1.3498716e-03   3.2056777e-03
   4.0065878e-01   5.1964382e-01   9.4142061e+00   7.7355055e-03   1.6859031e-03   3.0290341e-03
   3.8849501e-01   5.2866991e-01   9.4355742e+00   7.8009854e-03   1.3993661e-03   3.1778781e-03
   4.1179701e-01   5.3498630e-01   9.4283056e+00   7.6069540e-03   1.4101110e-03   3.0456458e-03
   3.9836543e-01   5.5552157e-01   9.4392214e+00   7.9733415e-03   1.2670438e-03   3.1350098e-03
   4.1667727e-01   5.4125293e-01   9.4381833e+00   7.7032117e-03   1.3319522e-03   3.5592011e-03
   3.9856022e-01   5.3969118e-01   9.4589698e+00   7.0082648e-03   9.5450015e-04   3.2444876e-03
   3.9804988e-01   5.4713960e-01   9.5024911e+00   7.5764346e-03   8.5534965e-04   2.9842998e-03
   4.0004587e-01   5.4650190e-01   9.6885397e+00   6.9828955e-03   1.1994958e-03   3.5743785e-03
