  -7.0924381e-15   7.6865701e-15   0.0000000e+00   0.0000000e+00  -4.2335247e-36   2.0419346e-18
  -6.4122889e-03  -1.5621436e-02  -2.3880214e-02   2.5728215e-04  -2.5556387e-04   3.0596731e-04
   8.3989977e-03   1.1584932e-02   4.2592740e-03   6.6529671e-04  -4.9502375e-04  -2.8952211e-04
  -8.9871255e-03  -3.3977126e-03  -2.1887942e-03  -2.8999609e-04   1.7484296e-04   4.2275772e-04
   3.9121632e-03  -2.5202180e-02   2.1212716e-03   3.3051893e-04  -3.4308999e-04  -5.4070025e-05
   1.0310143e-02  -2.6351993e-03  -1.8788374e-02   4.2063601e-04  -3.1347735e-04  -6.2631598e-04
   2.3355492e-02   8.8913714e-03  -9.8015201e-03   8.0862422e-04   7.4158094e-04  -5.0115350e-04
   1.9381908e-02  -4.1075631e-02  -8.3629687e-02   4.3914258e-06   1.8082264e-04  -2.5598210e-05
  -8.5420749e-03  -5.1985921e-02  -6.6301159e-02  -2.1089770e-04  -7.0691132e-04   1.5221797e-04
  -9.1277233e-03  -3.2121505e-02  -3.4770203e-02   1.0566472e-03  -4.8058362e-04   3.3984966e-04
  -4.0606498e-03  -3.9788318e-03  -2.9151992e-02   5.7043454e-04  -3.3343063e-04  -2.5989637e-05
  -1.4897544e-02  -2.6981372e-02  -5.1540339e-02   1.2493576e-04  -1.5652554e-04   2.4941389e-04
   1.5700478e-02  -3.3260379e-02  -1.7222298e-01  -8.9265891e-04   6.1324042e-04  -3.7105615e-04
   6.8512766e-03  -1.6420442e-02  -8.0080233e-02   2.5352638e-04  -4.7555482e-04  -1.2860682e-04
  -2.7569908e-02  -2.6974072e-02  -5.8769807e-02   3.9539662e-04  -8.1902670e-04   7.0082577e-04
  -1.9175290e-02  -1.2718563e-02  -3.7060778e-02   8.7647331e-04  -7.4055226e-05   4.8059413e-04
  -2.2579225e-02  -9.2634014e-03  -1.6507394e-02   1.5561909e-03  -3.6535759e-04   4.5939465e-04
  -2.1126724e-02  -7.6332740e-03  -4.9324774e-02   1.0161461e-03  -5.8983028e-04   3.9406998e-04
  -1.9562498e-02  -5.4822364e-02  -6.9605686e-02   4.0577664e-04  -5.1157361e-04   8.8564360e-04
  -9.1367832e-03  -2.4836871e-02  -1.0613993e-01   1.4086143e-04   8.3916320e-04   1.5748023e-04
  -9.4448873e-03  -2.7952186e-02  -9.9652442e-02   7.0304319e-04   3.2236472e-04   2.3848948e-04
  -1.8271826e-02  -2.8122897e-02  -8.1878459e-02   1.6017182e-04  -1.8334509e-04   9.0757288e-05
  -2.7429457e-02  -1.2718652e-03  -1.3772170e-02   2.0508341e-03  -4.3835417e-04   5.8179652e-04
  -1.9640869e-02  -7.1035900e-03  -3.9725126e-02   1.4724172e-03   2.9148156e-04   4.2460762e-04
  -1.3620606e-02   1.5775358e-02  -7.7741792e-02   1.4571339e-03   7.0369225e-04   4.9164987e-05
  -5.0621896e-03  -1.5829406e-02  -1.1026969e-01   2.2680118e-03   5.2517393e-06   2.5789824e-04
  -3.3747999e-02  -3.6960296e-02  -5.5392141e-02   6.5423546e-04  -4.1329961e-04   4.4736889e-04
  -2.6580251e-02  -4.1218301e-02  -1.3723183e-02   1.2937089e-03  -8.1865797e-04   2.5289404e-04
  -5.5369730e-03  -1.1105090e-02  -9.1492026e-03   2.5752722e-03   8.7984270e-04   1.7881365e-04
  -2.3217782e-02  -2.3287667e-02  -3.6118523e-02   6.6766304e-04   1.3244240e-04   2.2285331e-04
  -3.7631653e-02  -2.9279675e-02  -5.3914315e-03   7.8928732e-04  -3.3296274e-04   4.1777978e-04
  -3.7192684e-02  -2.9740169e-02   3.0464229e-02   6.4018287e-04  -5.3270064e-04   4.2178175e-04
  -2.9564450e-02  -4.7183324e-02   3.4418055e-02   1.1657859e-03  -4.5855538e-04   2.6745605e-04
  -3.0752005e-02  -1.4688419e-02   1.1079712e-02   9.8242900e-04  -4.2435310e-05   8.0329035e-04
  -3.7366605e-02  -4.9757107e-03   9.7232335e-03   1.1761147e-03  -9.3588962e-04   1.3466014e-04
  -3.3894665e-02  -2.5194746e-03  -2.8961093e-03   6.5715591e-04  -5.0184632e-04   6.0636312e-04
  -1.0226899e-02   1.4170685e-02  -2.6680463e-02   2.8263221e-04   4.4651902e-04  -6.1920831e-05
   3.8217146e-02   3.8126621e-02  -3.0689956e-02   5.1481767e-04   1.8672884e-03  -7.1501825e-04
  -1.9131587e-03  -3.3402829e-02   4.9891166e-02   3.1592838e-04   4.0318685e-04  -3.6653574e-04
  -1.6296369e-02   9.4208290e-03   4.3332953e-02   5.0683636e-04   1.5275568e-04   1.1950445e-04
  -9.5484718e-03  -4.7802252e-02   1.0731255e-01  -3.1082840e-04  -2.3295923e-04   2.8846542e-04
   2.2801439e-02   1.7844883e-02   6.5931066e-02  -1.8181157e-03   1.7132977e-03  -7.1348417e-04
   1.1984044e-02   2.0816293e-02   9.6278585e-02   1.5235873e-03   1.4576837e-03  -5.0013654e-04
  -1.5884131e-03  -5.9668114e-03   1.3724005e-01   4.4773324e-04   1.0461736e-04   1.2699060e-04
  -1.2920543e-02   6.6361261e-03   1.5730528e-01   1.2988417e-03   1.6791463e-05   8.1053772e-05
  -2.5789988e-02  -7.7323770e-03   1.7886375e-01   1.9050656e-03   4.1912933e-04   6.2454588e-04
  -2.0023884e-02  -1.7394821e-02   1.2715113e-01   3.6247161e-04   1.2649821e-04   2.3482182e-04
  -2.9528066e-02   1.4890676e-02   1.1536520e-01   1.4933810e-04   1.6031134e-04   2.9036144e-04
  -1.8123144e-02   1.3595825e-02   1.3309788e-01   1.0655346e-03  -3.7517040e-04  -7.4800314e-05
  -1.9135832e-02   3.9661777e-02   1.1805651e-01   3.0091538e-04   1.6419303e-03   3.2761089e-05
  -2.3656780e-02  -3.1599630e-02   7.9831803e-02   1.2587618e-03  -2.0173812e-04   3.4941303e-04
   5.4804623e-03   2.3268846e-02   1.4108904e-01   1.7561151e-03  -2.4749381e-04   1.0091017e-04
  -2.7918852e-02  -9.1123627e-03   1.2183765e-01   1.0510390e-03   1.9205164e-04   3.8066775e-04
   7.2244743e-03   2.4465427e-03   1.6885036e-01   9.5902142e-04   1.7187468e-03  -2.1019789e-04
  -1.6306089e-02  -3.5817059e-02   2.2883668e-01  -3.6924218e-04  -4.6762316e-04  -1.2041986e-04
  -3.1640268e-02  -1.8971990e-02   2.0448811e-01  -1.8873379e-04  -9.6114599e-04   1.5108200e-04
  -2.8499135e-02  -1.9872437e-03   2.3802052e-01   2.8680112e-04  -8.2366012e-04  -5.2508154e-05
  -5.8515038e-02  -1.6349340e-02   2.3356774e-01   5.8631660e-05  -1.9430764e-04   3.7600702e-04
  -1.4219677e-02  -1.5643838e-02   2.1249692e-01   6.0413725e-04   1.5114221e-03  -3.6074704e-05
   4.3851045e-03  -8.2298019e-04   2.0938603e-01  -2.5023996e-04   2.7304325e-04  -7.2658012e-04
  -1.4453155e-02   3.9940007e-03   2.3122822e-01   9.0602626e-04  -5.2733301e-04   9.6346195e-05
  -5.4343281e-04   2.7028326e-02   2.4770620e-01   1.4913251e-03  -8.7303106e-04  -7.0926863e-04
  -2.1620568e-02   2.2106017e-02   2.3682487e-01   7.7029089e-04  -8.4344429e-06   1.2589985e-04
  -3.1083409e-02   3.5221014e-02   2.0242744e-01   6.7392131e-04  -3.4600078e-04   2.8790260e-04
  -6.3289730e-03   4.8640334e-02   1.9810735e-01   8.5653430e-04   1.4989778e-03  -2.7341897e-04
   9.1889960e-03   1.8266743e-02   2.4797430e-01   9.5440461e-04   1.3289780e-03  -3.4443022e-04
  -7.7042255e-04   1.2768591e-02   2.9476843e-01  -1.0671471e-03  -5.6270449e-04  -8.2857797e-04
   6.0468491e-03   1.1294211e-02   2.5774884e-01   4.9534550e-04   6.9110516e-04  -5.6644741e-04
  -2.2365388e-02   1.1048598e-02   3.3876088e-01  -2.3831963e-04   4.0915312e-06   3.6191657e-04
  -1.8211781e-02   1.4377241e-02   3.5462637e-01   7.1328246e-04  -4.3609594e-04  -1.9026644e-04
  -1.0810128e-02   4.0502979e-02   2.9688780e-01  -8.7755477e-04   4.7696531e-04   1.2804935e-05
  -3.2959011e-03   2.5857113e-02   2.8764510e-01   1.3895918e-07   2.1796688e-03   2.0649325e-04
  -2.1972499e-02   2.7849202e-02   3.2453396e-01   9.7914841e-04  -5.1412824e-05  -1.2005836e-04
  -1.7986593e-03   3.0312178e-02   3.3215826e-01   1.8588945e-03   1.5257951e-05  -3.2883257e-04
  -4.6189219e-03   4.4692627e-02   3.6096627e-01   1.0416477e-03   1.4597706e-03  -4.7835830e-04
  -1.5717561e-02   3.2617668e-02   4.8921026e-01   9.8672685e-04   2.1181500e-03   4.5255436e-04
  -3.3380058e-02   3.3850110e-02   4.9104522e-01   1.7942164e-03   7.7529490e-04   7.0296760e-04
  -1.3047129e-02   5.3804427e-02   4.1420130e-01   1.7451647e-04   1.3498429e-03   5.8067369e-05
  -1.9886525e-02   1.6697106e-02   5.0219429e-01  -9.4353462e-05  -1.4051216e-04   1.6170778e-04
  -1.7322558e-02   3.0057446e-02   5.1324647e-01  -6.6325076e-04  -3.0690156e-04  -3.1906236e-05
  -4.6083224e-02   5.6037552e-02   5.1941312e-01  -1.7449450e-04  -4.1373037e-04   1.8205278e-04
  -4.4028971e-02   1.2688316e-02   5.3209429e-01  -2.2332113e-04   1.4694210e-05   4.4426339e-04
  -1.3722242e-02   5.4858346e-02   4.6957863e-01   3.5288297e-04   1.3659033e-03  -1.1880096e-04
  -3.7963960e-02   5.3067465e-02   3.5962413e-01   1.3857063e-04  -4.0094316e-04   2.0930452e-04
  -3.6244090e-02   4.6665987e-02   4.0892351e-01   9.1612259e-04  -7.9508040e-04   1.0554524e-04
  -5.8114519e-02   5.4201599e-02   4.3938025e-01   1.4796638e-03   1.6949083e-04   7.9687413e-04
  -3.8417448e-02   4.6078270e-02   4.6518803e-01   1.9264083e-03  -1.3863811e-04   3.7284027e-04
  -4.4693975e-02   7.9170693e-02   4.3982745e-01   1.3988830e-03  -1.5314915e-04   5.5066596e-04
   6.1386849e-03   4.9577692e-02   3.9242379e-01  -8.5936470e-04   1.7869264e-03  -3.2430751e-04
  -2.6569805e-02   4.0780962e-02   4.9614944e-01  -8.0002697e-05  -1.1600847e-04  -3.3532450e-05
  -3.3283517e-02   3.7704227e-02   5.0798455e-01   2.8217438e-04  -6.4578735e-04   3.0476180e-04
  -1.8581625e-02   5.7377401e-02   5.4099732e-01   7.8378757e-04  -2.6603623e-04  -2.8714390e-05
   7.4843350e-03   5.8862254e-02   5.6104498e-01   1.6307305e-03   1.9792252e-03  -6.9853382e-04
  -3.2934182e-02   4.1133236e-02   6.1043294e-01   5.9041483e-05  -7.2071537e-04  -3.3857942e-04
  -3.3535129e-02   3.4519919e-02   6.2601634e-01   1.4570240e-03  -5.3595382e-04   9.0977189e-05
   8.5451196e-03   9.0657148e-02   5.7035241e-01   9.1607458e-04   2.6331011e-03  -4.9049711e-04
  -4.2383273e-02   8.9740673e-02   5.7190343e-01   2.1692896e-03   8.2738003e-04   2.5257904e-04
  -1.8070613e-02   9.1660680e-02   5.5031864e-01   2.4771693e-03   5.2977900e-04   8.1424036e-05
  -1.2354110e-02   1.0181133e-01   5.8145288e-01   3.1046803e-03   3.4153810e-04  -9.5242520e-05
  -3.7838358e-02   8.2880578e-02   5.7123935e-01   2.7991924e-03   3.8902663e-04   2.2432140e-04
  -2.8027737e-02   1.0683280e-01   5.7500770e-01   2.3546594e-03   7.1987606e-04  -1.4482324e-04
   2.6844509e-02   7.1699900e-02   5.6663138e-01   9.7048178e-04   2.6291237e-03  -5.5693374e-04
  -2.1941305e-02   4.4772827e-02   5.7979988e-01  -6.5192717e-05   4.7369858e-04  -1.0249915e-04
  -1.5822293e-02   5.9154122e-02   6.2660241e-01   2.2417118e-03   2.2759341e-04  -4.3776967e-05
  -2.5283451e-02   7.1231080e-02   6.5021859e-01   1.5638669e-03   6.6916794e-04  -3.5251830e-04
  -5.1270905e-02   5.3427035e-02   6.6631525e-01   1.7473840e-03  -1.1318117e-04   4.4646055e-04
  -2.3052710e-02   8.6773076e-02   6.8072400e-01   2.2647145e-03   1.0351935e-03   1.7427815e-04
  -1.7120058e-02   3.5645566e-02   6.7947422e-01   4.4338121e-04   1.3306874e-03   1.3693216e-04
  -4.4910921e-02   6.9929766e-02   7.4595665e-01  -4.8693318e-07  -6.5957001e-04   1.5747654e-04
  -1.8109078e-02   8.1673559e-02   7.3617881e-01   3.4251705e-04   7.7150759e-04  -3.2676014e-04
   9.1832603e-03   7.2236648e-02   7.4812178e-01   1.2348355e-03   2.4227678e-03  -4.2088534e-04
  -3.5216728e-02   9.4663466e-02   8.4072467e-01   8.5862631e-04   1.4235486e-04   3.8251012e-04
  -3.3149154e-02   1.1050105e-01   8.2333537e-01   1.2304974e-03   3.0984320e-04   4.8199881e-04
  -3.6753314e-02   1.0512517e-01   8.4805572e-01   1.7802037e-03   8.1700024e-05   4.1895240e-04
  -2.8093178e-03   1.1517099e-01   7.5801576e-01   7.5370799e-05   2.9598699e-03   2.4721264e-04
  -2.5549073e-02   1.3004459e-01   7.7552924e-01   1.4230814e-03   4.2489198e-04   3.0825925e-04
  -3.9126169e-02   1.1150142e-01   7.8578704e-01   9.3343174e-04  -1.5935460e-04   1.0051928e-04
  -6.4932774e-02   1.0564031e-01   7.9835214e-01   1.8543786e-03  -2.3627864e-04   7.4983787e-04
  -5.6886657e-02   9.0010917e-02   7.8392961e-01   1.4143553e-03   1.1272578e-04   4.0894102e-04
  -3.7570095e-02   1.0829087e-01   7.9028246e-01   1.2272045e-03   1.7864035e-03   9.6832692e-05
  -1.5956947e-02   6.3017132e-02   7.5623920e-01   1.8248184e-03   6.9295476e-04   3.6105319e-04
  -4.6056648e-02   8.8835202e-02   7.6645079e-01   1.6984611e-03  -8.3989514e-05   1.9584341e-04
  -5.0661656e-02   1.0563012e-01   7.9671414e-01   2.3413256e-03   4.3858496e-05   9.4063792e-04
  -3.9844255e-02   1.0137600e-01   8.1949038e-01   1.8802414e-03   7.9685701e-04   5.4814107e-04
  -6.3112912e-02   8.1024581e-02   8.0245742e-01   1.4788347e-03   4.6759185e-04   1.0242834e-03
  -5.8893625e-02   1.1417368e-01   8.1737110e-01   1.7678280e-03   4.5862620e-04   7.2592629e-04
  -4.4273120e-02   8.2528587e-02   7.8348221e-01   1.5608547e-03   5.9255333e-05   1.3589032e-04
  -4.9574366e-02   1.0553271e-01   7.9079432e-01   1.4435187e-03   1.5464446e-04   9.4094834e-05
  -4.9147661e-02   1.3073683e-01   8.0586740e-01   1.9050420e-03   2.4704557e-05   4.4113449e-04
  -3.9435849e-02   1.3825029e-01   8.3771363e-01   2.2094717e-03   1.6952555e-04   3.5990385e-04
  -2.4839701e-02   1.3013033e-01   9.1994041e-01   7.2107491e-04   2.0090495e-03  -1.6059340e-04
  -1.8829058e-02   1.2295581e-01   9.6333297e-01   1.5747926e-03   1.8433319e-03   3.6320178e-06
  -2.3458264e-02   9.2693603e-02   9.4922857e-01   9.7856612e-04   2.3300333e-04  -1.3277583e-04
  -6.7918025e-02   1.0305967e-01   1.0430638e+00   1.1993051e-03  -6.0141632e-04   4.0924655e-04
  -4.8215515e-02   8.0888204e-02   1.0417206e+00   1.1031461e-03   7.6391540e-05   1.5797762e-04
  -5.5455985e-02   1.4444780e-01   1.0624527e+00   1.2162887e-03   5.6062133e-04   2.1586739e-04
  -1.8817757e-02   1.3850549e-01   1.0913785e+00   3.0375794e-03   2.9657396e-03  -7.3941168e-06
  -2.8213708e-02   1.3820447e-01   1.0809524e+00   2.5371021e-04  -8.1896346e-05  -2.4328687e-04
  -3.4593088e-02   1.3719041e-01   1.0508983e+00   5.4619176e-04   1.3530707e-04   1.1792256e-04
  -4.2659384e-02   1.1549317e-01   1.0732570e+00   1.0882691e-03  -4.3083093e-04   3.9729545e-05
  -4.8850793e-02   1.1362030e-01   1.0676578e+00   1.8602354e-03  -4.3152048e-04   7.6511545e-05
  -5.4180136e-02   1.1288648e-01   1.0587495e+00   1.1416517e-03  -2.1240901e-05   3.3965659e-04
  -3.8048017e-02   1.4652227e-01   1.0212168e+00   5.1548862e-04   2.0109471e-05   4.2871750e-04
  -5.3550480e-02   1.3070510e-01   1.0254950e+00   3.9289294e-04  -3.8158546e-04   3.6223585e-04
  -3.6034377e-02   1.5094589e-01   1.0840650e+00   1.5611789e-03  -6.0132003e-04   2.1349602e-05
  -4.1590600e-02   1.3652959e-01   1.1189978e+00   1.8132341e-03   5.8244349e-04  -2.9661012e-04
  -5.3030283e-02   1.1106896e-01   1.1739116e+00   1.1300031e-03   1.6164962e-04   3.9506823e-04
  -4.6831929e-02   1.0853979e-01   1.1201540e+00  -7.6173197e-04  -6.1017625e-04   7.3683626e-05
  -2.2414356e-03   1.3269285e-01   1.1340578e+00   9.3721939e-04   1.8335631e-03  -9.1648389e-04
   2.2022557e-02   1.4216849e-01   1.1554563e+00   6.3004930e-04   2.8090204e-03  -1.1240162e-03
  -2.4963518e-02   1.3492192e-01   1.1648657e+00   3.5352435e-03   1.1291836e-03  -2.7461193e-05
  -2.3662582e-02   1.8064503e-01   1.2150987e+00   3.0162919e-03   6.1447364e-04   5.0866513e-05
  -2.5934392e-02   1.6503055e-01   1.2069028e+00   2.5457247e-03   7.3360868e-04   6.1487590e-05
  -1.5018154e-02   1.4911281e-01   1.2769862e+00   1.6587117e-03   9.2741454e-04  -5.6080054e-04
  -4.0031884e-02   1.5492440e-01   1.2955971e+00  -6.9523076e-05   2.7904055e-04  -4.4275478e-05
  -4.9245464e-03   1.6546633e-01   1.2426045e+00   8.7867680e-04   1.8525812e-03  -3.7594804e-04
  -5.3504752e-02   1.3953101e-01   1.3448557e+00   7.6125767e-04   7.3657127e-05   3.7308747e-05
  -3.1734383e-02   1.5337790e-01   1.3044523e+00  -7.1215731e-04   5.5716667e-06  -3.0936167e-04
  -6.0620923e-02   1.7165508e-01   1.3313565e+00   1.3931463e-04  -3.8837266e-04   2.4072030e-04
  -5.9202168e-02   1.4606681e-01   1.3345684e+00   3.9091387e-04   1.8766592e-04   4.4607846e-04
  -1.9763077e-03   1.8696039e-01   1.3302889e+00   7.7952093e-04   1.9718158e-03  -6.9794997e-04
  -3.5570039e-02   1.5064276e-01   1.3779914e+00   4.2414769e-04   1.2175922e-04  -7.3965978e-05
  -6.2821310e-02   1.5003403e-01   1.3657987e+00   3.9365184e-04  -6.2845618e-04   3.9484372e-04
  -6.1709941e-02   1.4667017e-01   1.4008278e+00   9.6378012e-04   3.7916581e-06   2.7047038e-04
  -5.8011026e-02   1.5873322e-01   1.4126110e+00   1.0633984e-03  -1.1623626e-04   3.1662367e-04
  -5.4915055e-02   1.4215895e-01   1.3758242e+00  -4.4006179e-04  -3.9974271e-04   5.0322986e-04
  -5.0282673e-02   1.6972165e-01   1.3909516e+00   2.2951469e-04  -5.6539320e-04   1.0371615e-04
  -4.5405304e-02   1.7008427e-01   1.3962303e+00   7.2535727e-04   1.9465639e-04  -1.0965939e-04
  -3.5703996e-02   1.4038559e-01   1.3754940e+00  -5.2484644e-04   1.7694297e-03   1.2385595e-04
  -6.1573285e-02   1.3710652e-01   1.4265717e+00  -1.5321533e-03  -5.8876038e-04   1.3681140e-04
  -5.1088633e-02   1.6687308e-01   1.4477678e+00   1.2550646e-04  -3.1499955e-05   2.8759121e-04
  -5.2961372e-02   1.7616534e-01   1.4533472e+00  -1.0216039e-04  -3.9160663e-04  -8.0553496e-05
  -5.6427446e-02   1.6127168e-01   1.4831606e+00   1.9865788e-04  -5.7430285e-04  -6.8887173e-05
  -5.4260520e-02   1.8625092e-01   1.4311426e+00  -7.0710149e-04  -3.4879075e-04  -3.6962614e-04
  -4.7059035e-03   1.8373034e-01   1.4038511e+00   7.8582433e-04   2.4176907e-03  -5.8325828e-04
  -3.5913927e-02   1.6991303e-01   1.4307389e+00   5.7383078e-04   4.6334767e-04   3.3139779e-04
  -5.1575544e-02   1.6513145e-01   1.4459460e+00  -3.5237797e-04  -2.1371290e-04   2.3441930e-04
  -4.5731650e-02   1.7256921e-01   1.4979321e+00   7.1071039e-04  -2.7607736e-04   1.6216856e-05
   8.9909894e-04   1.9292981e-01   1.5044294e+00   1.1155836e-03   2.4498036e-03  -5.0695214e-04
  -3.4653742e-02   1.7690585e-01   1.4811954e+00  -9.6353728e-05   1.0369852e-03   1.7578878e-04
  -4.4990408e-03   1.9503684e-01   1.4774582e+00   1.2135148e-03   1.8648582e-03  -3.2175019e-04
  -5.2775860e-02   1.5375498e-01   1.5005885e+00   2.0335828e-03   2.4822598e-03   1.4415965e-03
  -5.0824744e-02   1.6975741e-01   1.5089573e+00   2.5147114e-03   5.7837691e-04   6.3243841e-04
  -2.9085022e-02   1.3592914e-01   1.5040583e+00   1.1108275e-03   5.3712455e-04  -2.6533138e-05
  -2.9469257e-02   1.7528829e-01   1.5486648e+00   1.5606276e-03   7.5522205e-04   3.2100165e-04
  -1.9059311e-02   1.3734310e-01   1.6059498e+00   2.7160023e-04   1.9849988e-03   6.4813816e-05
  -4.8500302e-02   1.6693902e-01   1.5948564e+00  -1.6358740e-04   5.2747785e-04   1.0667775e-03
  -6.5225489e-02   1.3180311e-01   1.6415768e+00   8.6530986e-04  -2.8548612e-04   1.0224351e-03
  -3.9488946e-02   1.7890398e-01   1.6458975e+00   9.2651481e-04   3.1732310e-04   4.9821505e-04
  -4.3393243e-02   1.9064975e-01   1.6384917e+00   5.8171845e-04   1.5237641e-05   7.5766051e-04
  -5.9293259e-02   1.8504052e-01   1.6389922e+00   3.8654628e-04   1.2414359e-04   7.3340302e-04
  -3.0744538e-02   1.5909235e-01   1.7136488e+00   1.4274775e-03   1.1380706e-03   1.6471794e-04
  -4.9875297e-02   1.8754597e-01   1.6558079e+00   5.1260944e-04   5.1894154e-04   5.8187673e-04
  -4.0545571e-02   1.8580836e-01   1.6757345e+00   5.8395906e-05  -3.7501086e-04   2.8681138e-04
  -4.1223764e-02   2.1758662e-01   1.7355464e+00   6.4114272e-04  -2.7880843e-05   1.5118282e-04
  -4.6802907e-02   1.8497437e-01   1.7258400e+00  -3.4680251e-04   4.4222840e-05  -8.9305368e-05
  -4.8399737e-02   2.1682277e-01   1.7200787e+00  -1.1226922e-05   3.6691348e-04   4.9423328e-04
  -1.2768285e-02   1.8228906e-01   1.6995679e+00  -5.3993360e-05   2.4096097e-03   3.1337141e-05
  -5.9365005e-02   1.4344246e-01   1.7775654e+00  -1.0855105e-03   3.7066084e-04   9.3177756e-04
  -5.1874680e-02   2.0660316e-01   1.8055611e+00  -1.6505157e-03   6.6157034e-04   3.5667566e-05
  -4.3304118e-02   1.8837393e-01   1.8132795e+00   8.0338476e-05   1.3933791e-03   1.1639003e-03
  -4.5739123e-02   1.6839269e-01   1.8971243e+00  -1.2398581e-03  -2.4379126e-04   3.7677049e-04
  -1.9420121e-02   1.5538385e-01   1.7913529e+00  -1.3712153e-03   1.4430144e-03   1.5126684e-04
  -4.8602133e-02   2.0991649e-01   1.8672038e+00   3.5764356e-04  -6.9337979e-04   3.0496262e-04
  -3.9982433e-02   2.3128705e-01   1.8583736e+00  -9.2997559e-04   5.1817036e-04   3.7358083e-04
  -2.7321828e-02   1.9752020e-01   1.8385251e+00   5.8443988e-04   9.3856434e-04   3.2743033e-04
  -5.4831331e-02   2.3604723e-01   1.8464917e+00  -2.5683686e-04  -1.1615174e-04   5.1702791e-04
  -6.1751317e-02   2.4565155e-01   1.8727055e+00   1.2338851e-03  -3.9290847e-04   5.7870311e-04
  -4.1911815e-02   2.2077485e-01   1.9148285e+00   1.0749839e-03  -7.8735094e-05  -8.0448655e-05
  -2.0548918e-02   1.9903597e-01   1.8453882e+00  -2.2409726e-03  -2.0989909e-04  -1.1105990e-04
  -1.8328381e-02   2.0797148e-01   1.8400327e+00  -1.0179717e-03   3.6175352e-06  -1.5682661e-05
  -4.3806117e-02   1.9150847e-01   1.8309019e+00  -4.7402459e-04  -6.8506232e-04   3.1503459e-04
  -3.8419323e-02   2.2290806e-01   1.9506607e+00   1.5272768e-03   9.7706143e-05   5.6206384e-05
  -3.4506405e-02   1.8576435e-01   1.9801316e+00  -5.4214327e-04   9.3365743e-04   8.7694820e-04
  -5.7696326e-02   1.8835763e-01   1.9988098e+00  -2.1035368e-03  -3.7891566e-04   6.4329640e-04
  -7.6179725e-02   2.1795218e-01   2.0156004e+00  -1.3072248e-03  -6.7178433e-04   7.3529197e-04
  -5.0986409e-02   2.0091416e-01   2.0133960e+00  -1.3979364e-03  -3.2318356e-04   3.3532848e-04
  -3.8691843e-02   2.1603170e-01   1.9616166e+00  -9.9067806e-04   1.8963329e-03   7.1877753e-05
  -6.8254549e-02   2.3836265e-01   1.9582666e+00  -7.0956985e-04  -6.1336738e-04   5.4008147e-04
  -5.4731682e-02   2.0537687e-01   2.0111357e+00  -1.0616750e-03   4.6110538e-04   2.9339183e-04
  -4.7395376e-02   1.9585743e-01   2.0899374e+00  -1.4673917e-03  -1.1776037e-04   4.2171945e-04
  -4.6045368e-02   1.9683902e-01   2.0523340e+00  -3.0141272e-03   1.0496458e-04  -1.7873199e-04
  -5.0192898e-04   1.8803426e-01   2.0020184e+00  -1.2079599e-03   1.6295005e-04  -1.3785636e-04
  -6.4708193e-02   2.0829258e-01   2.0819184e+00   1.4529299e-04  -8.5545000e-04   7.1803001e-04
  -4.4663712e-02   2.5536868e-01   2.0979402e+00   1.0139122e-03  -4.2117615e-04  -1.2208462e-04
  -3.3728461e-02   2.2003087e-01   2.0421393e+00  -6.3324115e-04   2.3468701e-04   2.3152543e-04
  -4.8132310e-02   2.3222337e-01   2.0549776e+00  -8.3221919e-04  -2.9726561e-04   2.8022135e-04
  -4.0659562e-02   2.3084438e-01   2.0620351e+00   4.4268094e-05  -3.5932770e-04   3.1929806e-04
  -3.0909490e-02   2.3989638e-01   2.1572677e+00   7.2397278e-04   8.3412235e-04   5.4416615e-04
  -4.6440842e-02   2.3861296e-01   2.0931332e+00  -5.6549949e-04  -5.8590811e-04   2.4471061e-04
  -3.0152982e-02   2.3319159e-01   2.1140431e+00  -5.9999290e-04  -5.7569725e-04   2.0868763e-04
  -3.3096000e-02   2.1130253e-01   2.1093438e+00  -5.5840461e-04  -3.4785184e-04   2.4486365e-04
  -1.7364817e-02   1.7172783e-01   2.2290761e+00  -1.1736602e-03   2.2299928e-03   8.0325550e-05
  -5.2185057e-02   2.3226059e-01   2.2238364e+00  -1.5448187e-03   2.8868980e-04   6.7314166e-04
  -4.3307793e-02   2.4130576e-01   2.2428011e+00  -8.6271774e-04  -2.8306826e-04   6.1123552e-04
   1.7735003e-03   2.3045568e-01   2.2043790e+00  -8.0820547e-04   1.8149547e-03  -3.9080985e-04
  -4.4969859e-02   2.3141002e-01   2.2884270e+00  -1.2773155e-03  -1.0636161e-03   4.7938818e-04
  -5.6348047e-02   2.3438393e-01   2.3051290e+00  -1.0683024e-03  -1.0622206e-04   6.9084023e-04
  -6.7314929e-02   2.1580794e-01   2.3020504e+00  -1.3526555e-04   8.4484979e-05   9.5243956e-04
  -5.8161280e-02   2.5036310e-01   2.2765406e+00  -6.6988250e-04  -5.6183914e-04   5.5595820e-04
  -2.4095417e-02   2.7472318e-01   2.3389663e+00   6.8124945e-04   2.3051873e-04   2.3612686e-04
  -5.5051050e-02   2.5532907e-01   2.2876484e+00  -6.1053761e-04  -6.4137910e-04   1.0869655e-04
  -6.6430749e-02   2.5720151e-01   2.2939392e+00   6.4982300e-04  -2.1602141e-04   4.9272071e-04
  -5.0499104e-02   2.0790692e-01   2.4051791e+00   1.5038086e-04   4.0592345e-04   1.2377560e-04
  -5.1593178e-02   2.1103680e-01   2.4017174e+00  -1.6157837e-03  -9.5299823e-04   5.3095534e-04
  -5.8298546e-02   2.4261376e-01   2.4238328e+00  -1.2459154e-04  -1.2086435e-03   2.6289140e-04
  -6.7066454e-02   2.0506614e-01   2.4019300e+00  -2.4142948e-04  -1.0820282e-03   4.7681952e-04
  -5.2350810e-02   2.2048333e-01   2.3959895e+00  -5.3230672e-04  -9.8896821e-04   2.5495943e-04
  -6.8490597e-02   2.1419369e-01   2.3869290e+00  -1.1674153e-04  -6.2327692e-04   4.6630818e-04
  -3.1801646e-02   2.5572185e-01   2.4035347e+00   9.3279510e-04   7.3042601e-04   1.4900389e-04
  -5.2225108e-02   2.2737188e-01   2.4552830e+00  -8.7065808e-04  -3.5786430e-04   8.1192158e-04
  -4.3888471e-02   2.5472849e-01   2.4146705e+00  -7.8065365e-04  -1.0507154e-03  -1.0830429e-04
  -3.8842887e-02   2.5723654e-01   2.4178626e+00  -7.8778777e-04   9.1191703e-04   5.8144879e-04
  -5.2211464e-02   2.3136175e-01   2.4006011e+00  -1.4835141e-03  -9.3056065e-04  -1.5716397e-04
  -5.9346755e-02   2.7777538e-01   2.4508751e+00   5.9800669e-05  -2.0417491e-04   2.2544068e-04
  -5.1812597e-02   2.5531667e-01   2.4769293e+00  -5.2751879e-04   5.5703271e-04   5.0601544e-04
  -3.8912170e-02   2.5494407e-01   2.4955908e+00  -1.1328745e-03   5.0399321e-05   1.7035098e-05
  -2.4244954e-02   2.8660460e-01   2.4333214e+00  -9.2597937e-04   1.0905728e-03   2.5535250e-05
  -6.1868595e-02   2.6680233e-01   2.5165791e+00  -2.9301319e-04  -8.4560539e-04   3.2782625e-04
  -2.1520548e-02   2.8864070e-01   2.5022063e+00  -8.8661813e-04   1.0310859e-03  -5.3185046e-04
  -4.4269895e-02   2.6816797e-01   2.5729318e+00   6.8229242e-04  -9.3686754e-04  -7.6797811e-05
  -5.4902662e-02   2.7586478e-01   2.5388710e+00   4.1581028e-04  -9.3850504e-04   2.7413186e-04
  -5.7962556e-02   2.5537605e-01   2.5218151e+00  -3.8451589e-04  -5.0398297e-04   5.3145528e-04
  -3.8924467e-02   2.8495630e-01   2.5328046e+00  -9.4095598e-05  -1.2937207e-03  -4.3967291e-04
  -6.2778825e-02   2.6836318e-01   2.5171688e+00  -1.4695506e-03  -3.6463117e-04   9.7501157e-04
  -5.6168593e-02   2.7634287e-01   2.5883384e+00   4.8568513e-04  -8.6366740e-04   5.3451321e-04
  -6.2992025e-02   2.7090400e-01   2.5692534e+00   7.5129298e-04  -8.6293067e-04   8.8674629e-04
  -5.6117453e-02   2.4577362e-01   2.5567408e+00  -8.5756928e-04  -9.0143163e-05   3.8021326e-04
  -5.9135484e-02   2.5584591e-01   2.6312454e+00   4.9818133e-05  -3.2613840e-04   1.5521338e-04
  -4.9489704e-02   2.6517808e-01   2.6738777e+00   2.2485908e-05  -8.3018587e-04  -1.2160060e-04
  -5.6001019e-02   2.1415005e-01   2.6105109e+00  -1.3813328e-03  -8.7189077e-04   6.8280910e-04
  -5.8960199e-02   2.6660136e-01   2.6628179e+00  -1.0576196e-03  -9.9132651e-04   1.3467671e-06
  -6.4968468e-02   2.5781058e-01   2.6511673e+00  -4.6629629e-04  -1.1309833e-03   4.8626698e-04
  -3.9792828e-02   2.8218242e-01   2.6743619e+00  -1.0084325e-03  -1.3650689e-03  -8.0902689e-05
  -3.8814859e-02   2.4909318e-01   2.6314165e+00  -1.1850062e-03  -7.0071343e-04   2.9593909e-04
  -5.4028055e-02   2.5925792e-01   2.6459886e+00  -6.1841971e-04  -1.5046564e-03   4.3359029e-05
  -3.2180422e-02   2.6488986e-01   2.6781093e+00  -2.3053057e-04  -7.9907208e-04  -3.3979427e-04
  -3.9045615e-02   2.7490202e-01   2.6285007e+00   5.5122594e-06  -6.2031032e-04   1.8516314e-04
  -3.8074934e-02   2.5073919e-01   2.6593004e+00   2.6726334e-04  -1.2103549e-03  -6.1683957e-04
  -5.4806687e-02   2.6280388e-01   2.7058767e+00   8.1663974e-04  -9.5485048e-04   5.3693730e-04
  -4.1417413e-02   2.9744214e-01   2.6977121e+00  -2.9643776e-04   6.8797998e-05  -3.1843166e-05
  -4.6665357e-02   2.6977743e-01   2.6303548e+00  -1.4661512e-03  -1.1560124e-04   5.4176432e-04
  -5.1438856e-02   2.9611992e-01   2.6636683e+00  -2.4478320e-04  -6.3595113e-04   2.9129876e-04
  -5.7348564e-02   2.7739227e-01   2.6737670e+00   4.5867895e-04  -1.2265107e-03   2.2786034e-04
  -3.7380659e-02   3.1145991e-01   2.7236340e+00   2.9199230e-04  -8.1815158e-05   5.9893328e-06
  -1.9133160e-02   2.9663617e-01   2.8585325e+00   9.2973223e-05   1.2471283e-03  -1.6419945e-04
  -3.0504336e-02   2.4801925e-01   2.7502659e+00  -8.4420494e-04   2.6791043e-04   3.6063501e-04
  -2.3375793e-02   2.8579073e-01   2.7813948e+00  -1.5209247e-03   2.2121864e-04  -1.7649332e-05
  -4.4593919e-02   2.2951834e-01   2.7853964e+00   3.7039715e-04  -3.9725567e-04   6.1423686e-04
  -5.0562428e-02   2.7292753e-01   2.8685823e+00   2.8039507e-04  -4.8948976e-04   7.2283322e-04
  -4.4653131e-02   2.8893928e-01   2.8798669e+00   1.0132041e-03  -3.1913113e-04   5.9445379e-04
  -5.0252381e-02   2.6528049e-01   2.9195948e+00   4.7990025e-04  -6.2886050e-04   3.9677813e-04
  -5.7410131e-02   2.9110028e-01   2.8525811e+00  -1.2241198e-03  -1.1538416e-03   1.5637264e-04
  -5.7196365e-02   2.9377658e-01   2.8667197e+00  -1.4536758e-04  -1.0092360e-03   3.7493351e-04
  -6.1545848e-02   3.2131376e-01   2.8826706e+00   6.1005094e-05  -6.8037905e-04   4.9877215e-04
  -4.1537511e-02   2.9964496e-01   2.8655260e+00  -6.4630199e-04  -1.0795369e-03   1.0325534e-04
  -4.0948386e-02   3.1832948e-01   2.8996029e+00  -3.6892114e-04   5.3596190e-04   1.1211341e-04
  -6.4433595e-02   2.7250343e-01   2.9038264e+00  -1.6189821e-03  -1.0557378e-03   3.2365706e-04
  -5.1138405e-02   2.6839045e-01   2.9507456e+00  -6.2704725e-04  -4.9759638e-04   2.2687575e-04
  -3.6553005e-02   2.9560739e-01   2.9741243e+00   2.5305921e-04  -6.7905397e-04  -1.9856798e-05
  -3.2425118e-02   3.2201381e-01   2.9509724e+00   3.5913919e-05   1.4530665e-04  -2.7498343e-04
  -2.4246768e-02   2.9548707e-01   2.9088004e+00  -1.5780059e-04  -1.2394995e-03  -1.3161512e-04
  -6.5452259e-02   2.8664247e-01   2.9175748e+00  -8.4881721e-04  -1.8898261e-03   3.1662983e-04
  -5.8321187e-02   3.3160483e-01   2.9777649e+00  -8.4273882e-06  -3.1863510e-04   5.1511419e-04
  -5.8942554e-02   2.8864151e-01   2.9836143e+00   4.6507402e-05  -1.1301040e-03   7.9280821e-05
  -5.0793814e-02   2.7351728e-01   2.9737153e+00  -6.4290288e-04  -1.6301409e-03   2.1022841e-04
  -3.9628942e-02   2.8292473e-01   2.9984600e+00   6.4569062e-04  -1.2754565e-03   3.6298064e-04
  -5.2302328e-02   2.9588966e-01   2.9925357e+00   7.5572050e-04  -5.9338123e-04   2.0221388e-04
  -4.9731019e-02   2.8420055e-01   3.0133472e+00   1.5162653e-04  -8.4723030e-05   8.6901003e-04
  -5.4308706e-02   2.7667399e-01   2.9722394e+00   3.4467911e-04  -9.6621926e-04   7.4561385e-04
  -2.2736527e-02   3.1882902e-01   3.0929019e+00   1.7162715e-03   5.5982655e-04   3.7234101e-04
  -6.0289207e-02   2.9725478e-01   3.1877848e+00   7.3370601e-04  -9.8323386e-04   5.6089631e-04
  -4.6766083e-02   2.8948434e-01   3.1565181e+00  -1.1650845e-05  -9.0066927e-04   2.6961602e-04
  -2.4119017e-02   3.1442015e-01   3.1803385e+00   7.6853887e-04  -4.9481730e-04  -3.9853010e-04
  -3.2348723e-02   3.1038494e-01   3.1665285e+00   5.2107344e-04  -8.4390781e-04   2.1908793e-04
  -2.9268732e-02   2.9147195e-01   3.1460159e+00   1.9913926e-04  -8.6005060e-04  -1.8165034e-04
  -2.2159392e-02   2.7069674e-01   3.1518093e+00   1.2890078e-04  -5.5352573e-04  -1.3867873e-04
  -4.8287946e-02   2.3494729e-01   3.1826099e+00  -1.8049466e-03  -1.3562991e-03   3.6802874e-04
  -4.9530410e-02   2.8702064e-01   3.1971162e+00  -3.7999477e-04  -1.5910344e-03   3.8028599e-04
  -3.7218980e-02   2.8215774e-01   3.2075101e+00  -1.4745500e-03  -3.8613563e-04   8.4344564e-05
  -1.3679457e-02   2.9302938e-01   3.2140437e+00   8.0588653e-04   3.8420742e-04   3.1418480e-04
  -5.9420150e-02   3.0750887e-01   3.1904133e+00  -1.5000250e-03  -1.8894686e-03   8.0691137e-04
  -5.5592739e-02   3.3660666e-01   3.2351529e+00   8.6247744e-04  -1.4326116e-03   7.1430875e-04
  -5.1136773e-02   3.4677741e-01   3.2568833e+00   1.5538927e-04  -2.0512022e-04   3.7596419e-04
  -5.4166603e-02   2.9939249e-01   3.2639190e+00  -1.1378271e-03  -1.3599880e-03   7.5917222e-04
  -4.1548674e-02   3.2034400e-01   3.2442854e+00  -1.7888102e-04  -1.0381562e-03   1.9434844e-04
  -4.6752360e-02   3.3342484e-01   3.2592994e+00   8.1732712e-04  -1.0587108e-03   4.5941195e-04
  -6.0370478e-02   3.3459992e-01   3.2909689e+00   7.3664619e-04  -1.2607601e-03   7.9386516e-04
  -5.0870591e-02   3.2748690e-01   3.2346973e+00   3.0215879e-04  -8.4749865e-04   5.9354092e-04
  -5.7740123e-02   3.2121805e-01   3.2561236e+00   7.3350020e-06  -1.1060415e-03   4.6077603e-04
  -6.5084848e-02   3.2838074e-01   3.2689557e+00  -2.3486656e-04  -6.1161150e-04   5.3471721e-04
  -2.5231542e-02   3.3502667e-01   3.3236064e+00  -1.4566706e-04  -4.5195416e-04   1.2864126e-04
  -7.3250221e-02   3.0975209e-01   3.3614201e+00  -6.8788101e-04  -1.8383762e-03   7.0237394e-04
  -4.1388384e-02   3.2247072e-01   3.3983558e+00   4.3564563e-04  -9.6167412e-04  -1.5326854e-04
  -5.3502894e-02   3.1499184e-01   3.3929166e+00   3.5403203e-04  -1.1202101e-03   4.2155081e-04
  -3.0370879e-02   3.1443319e-01   3.3717575e+00  -1.4110756e-03  -1.2929736e-03   3.6977899e-05
  -3.3328549e-02   3.0470591e-01   3.4067441e+00  -2.0989703e-04  -1.9581378e-03   3.3050383e-05
  -6.2784082e-02   3.4392353e-01   3.4341830e+00   1.8541869e-04  -1.4438425e-03   5.0524136e-04
  -1.6351665e-02   3.4900228e-01   3.3938693e+00  -7.5716480e-05   8.1699540e-04  -3.6992573e-04
  -5.5841890e-03   3.5829077e-01   3.3395472e+00   5.4209460e-04   1.2672186e-03   4.0337329e-04
  -2.1363398e-02   3.3167004e-01   3.3081360e+00   1.6699995e-03   2.3881964e-05   4.4478839e-04
  -2.7040499e-02   3.6316338e-01   3.3683918e+00   1.1382600e-03  -2.2419291e-04   5.2755719e-04
  -6.0845501e-03   3.1955379e-01   3.3732677e+00  -1.4442288e-04  -2.9139522e-04  -3.7789524e-04
  -1.6257466e-03   3.5914513e-01   3.4022310e+00   7.2706320e-04  -8.5563516e-04  -3.4636372e-05
  -5.3220032e-02   3.3938845e-01   3.3862959e+00   9.3455178e-04  -1.0552572e-03   6.3200473e-04
  -4.3007349e-02   3.3490161e-01   3.3910761e+00   7.3890752e-04  -1.7035850e-03   1.8359728e-04
  -3.1027520e-02   3.3054998e-01   3.4853093e+00   8.1757834e-04  -2.3696068e-04   3.2207170e-04
  -5.4401764e-02   3.1749003e-01   3.4986435e+00  -2.4510734e-03  -1.6846248e-03   3.4208152e-04
  -4.2327856e-02   3.2854133e-01   3.5454534e+00  -1.1385079e-03  -1.2357704e-03  -5.5701287e-05
  -3.4914315e-02   3.3004578e-01   3.5284032e+00  -4.4565042e-04  -7.6984367e-04   5.4362097e-04
  -6.0655893e-02   3.0829638e-01   3.5266951e+00  -1.6029057e-03  -1.4748384e-03   8.2729801e-04
  -1.5008251e-02   3.2235777e-01   3.5275688e+00  -1.4964295e-03   2.0427869e-04   6.3252546e-05
  -4.8848968e-02   3.3296197e-01   3.5798127e+00  -2.2543258e-03  -1.3549601e-03   4.7094952e-04
  -5.2068665e-02   3.4355471e-01   3.6187560e+00  -1.1578691e-03  -1.4693807e-03   5.7436460e-04
  -5.5347411e-02   3.1957925e-01   3.6061405e+00  -1.0167672e-03  -1.8190374e-03   3.8617649e-04
  -5.1840017e-02   3.5072110e-01   3.6081710e+00  -1.0505473e-03  -1.0663170e-03   2.7325365e-04
  -2.5363555e-02   3.5583141e-01   3.5301999e+00  -1.6635608e-03  -9.0319429e-04   2.5868998e-04
  -3.1063950e-02   3.2935585e-01   3.5131862e+00  -1.3840816e-03  -1.4634611e-03   2.0200846e-04
  -4.7661550e-02   3.3161288e-01   3.5228598e+00  -1.4195800e-03  -2.1448993e-03   2.5632790e-04
  -2.2222348e-02   3.2082655e-01   3.5765188e+00  -3.5212921e-04  -1.3823822e-03  -8.1279607e-05
  -1.5104010e-02   3.2487903e-01   3.6681201e+00   1.4372283e-03  -3.0246635e-04  -1.8473013e-04
  -3.8960606e-02   3.1890950e-01   3.5806270e+00  -8.0409896e-04  -1.3798067e-03  -8.9548747e-05
  -4.2286350e-02   3.2107618e-01   3.5946022e+00  -1.2971876e-04  -1.6276943e-03  -2.4309990e-04
  -2.7861808e-02   3.4016234e-01   3.6331932e+00   4.6608875e-04  -1.8523964e-03  -1.1161004e-04
  -4.1603279e-02   3.4951428e-01   3.6357666e+00   1.4738021e-04  -1.4079670e-03   1.1131926e-04
  -5.5048256e-02   3.1538677e-01   3.6344272e+00  -8.6502488e-04  -1.7076357e-03   5.9423619e-04
  -4.8754806e-02   3.3940110e-01   3.6267475e+00  -2.7200135e-04  -1.5784091e-03   4.7242560e-04
  -4.6621294e-02   3.4879947e-01   3.6143683e+00  -1.3074388e-03  -2.0301692e-03  -7.4477698e-07
  -5.6708231e-02   3.5164293e-01   3.6631741e+00   1.2663082e-04  -1.7335197e-03   3.7097084e-04
  -3.4510915e-02   3.3412366e-01   3.6515976e+00   6.7308014e-05  -1.0172531e-03  -3.1839577e-04
  -2.0005703e-02   3.6685027e-01   3.6076749e+00  -2.3583760e-03  -8.0545736e-04  -1.2596132e-06
  -5.7997713e-02   3.1486023e-01   3.6740735e+00  -1.9838583e-03  -2.4675051e-03   1.9188710e-04
  -5.7557742e-02   3.3020763e-01   3.6821786e+00  -6.4214714e-04  -2.5607544e-03   5.1187256e-04
  -1.1760828e-02   3.3136087e-01   3.8385555e+00   3.0245131e-04  -3.4108815e-04  -6.2295968e-04
  -4.2130296e-02   3.1720942e-01   3.7895874e+00  -8.0266770e-04  -1.9895329e-03   4.8750577e-04
  -1.7645923e-02   3.4887917e-01   3.7921771e+00  -1.3261408e-03  -9.0551500e-04   1.2823953e-04
  -6.9297450e-02   3.2898508e-01   3.8502247e+00  -1.8755123e-03  -2.1182461e-03   1.1550068e-03
  -4.9044893e-02   3.3124285e-01   3.8700161e+00  -5.4719598e-04  -2.0898108e-03   2.4159378e-04
  -2.9729093e-02   3.4986106e-01   3.8765376e+00  -6.7045687e-04  -1.3316450e-03  -1.1932688e-04
  -5.2233092e-03   3.3369664e-01   3.9500625e+00  -1.8740867e-03   2.4352160e-04  -3.7372016e-04
  -3.0258373e-02   3.4911063e-01   3.8987339e+00  -1.9364187e-04  -1.1647604e-03  -2.7512452e-04
  -2.5114408e-02   3.7347531e-01   3.8688684e+00  -1.8741815e-04  -1.3231968e-03   2.5772599e-04
  -2.6096063e-02   3.5940009e-01   3.9075614e+00   9.8798809e-04  -1.2575711e-03   4.7156448e-04
  -1.8349315e-02   3.6579975e-01   3.8767997e+00  -4.0093239e-05  -8.9742014e-04  -6.2420856e-05
  -8.8721367e-03   3.4902372e-01   3.8743780e+00  -1.2029552e-03   4.3126531e-04  -4.3895013e-05
  -3.2748605e-02   3.2075984e-01   3.8255122e+00  -1.2569279e-03  -1.0411717e-03   1.1834734e-04
  -2.7276396e-03   3.2878625e-01   3.8979526e+00  -6.2222189e-04  -5.4405337e-04  -9.0789455e-04
  -6.7266439e-02   3.1765585e-01   3.9360374e+00  -1.3406050e-03  -8.0685895e-04   1.0107780e-03
  -6.7351685e-02   3.3261621e-01   3.9153612e+00  -1.1546562e-03  -1.6887245e-03   7.2791906e-04
  -4.0530454e-02   3.2102386e-01   3.9501099e+00   2.5224504e-04  -1.3301574e-03   9.7205573e-05
  -5.8445180e-02   3.4366309e-01   4.0031456e+00   7.8761570e-05  -1.8643329e-03   1.6347768e-04
  -5.4381477e-02   3.1451087e-01   3.9181896e+00  -1.1236363e-03  -1.9231682e-03   2.4172861e-04
  -3.5873493e-02   3.3727673e-01   3.9087829e+00  -6.5720845e-04  -1.2840334e-03  -1.1117674e-04
  -3.0144594e-02   3.5212042e-01   3.9533853e+00   2.0598450e-04  -1.3457223e-03  -3.6015474e-04
  -1.1156412e-02   3.1702875e-01   3.9411850e+00   6.1279566e-04  -1.6784040e-04  -8.9350437e-05
  -3.1863924e-02   3.2764811e-01   3.9375463e+00  -1.6460365e-03  -1.2958535e-03   1.5069379e-04
  -5.9381746e-02   3.5052104e-01   3.9545499e+00  -4.1310073e-05  -1.4762941e-03   4.3311542e-04
  -2.8065664e-02   3.6129559e-01   4.0569111e+00   6.3122694e-04  -1.7986954e-04   3.6916046e-04
  -4.2416894e-02   3.3886325e-01   4.0290035e+00  -1.0612296e-03  -9.3970262e-04   4.3008312e-04
  -6.3068778e-02   3.4095900e-01   4.0082352e+00  -6.6602819e-04  -1.6981938e-03   4.4415607e-04
  -3.2968524e-02   3.4681683e-01   4.0419697e+00  -1.0209774e-04  -1.0818128e-03   3.9665857e-05
   3.4797015e-03   3.6335841e-01   4.0723115e+00  -1.8076954e-04  -5.0661298e-04  -5.3525436e-04
  -3.4063360e-02   3.1870150e-01   4.0867617e+00  -1.8094678e-03  -1.3196387e-03   1.9400835e-04
  -5.4694457e-02   3.3310661e-01   4.0679756e+00  -1.3674695e-03  -2.0887461e-03  -2.8185268e-04
  -3.9574395e-02   3.6895198e-01   4.0981717e+00  -5.4341015e-04  -1.5653338e-03   2.1244180e-04
  -1.6826531e-02   3.5907261e-01   4.1531178e+00   1.8033421e-04  -4.0774349e-04  -1.9185310e-04
  -4.6422527e-02   3.6319368e-01   4.1009744e+00  -2.2923189e-03  -1.8011440e-03   4.9415164e-04
  -4.1829881e-02   3.2270485e-01   4.0481185e+00  -1.8154506e-03  -1.1934977e-03   8.3267809e-05
  -2.9448898e-02   3.5484199e-01   4.1183154e+00  -9.0608451e-04  -2.7451883e-04   1.5800374e-04
  -6.8146828e-02   3.5179472e-01   4.1272041e+00  -1.3117085e-03  -2.3625021e-03   2.8713409e-04
  -6.4005353e-02   3.5737988e-01   4.1229506e+00  -8.6480081e-04  -1.5073088e-03   4.8869191e-04
  -9.1995022e-02   3.5257636e-01   4.1431083e+00  -5.6106694e-04  -2.0340935e-03   6.3668255e-04
  -5.9400364e-02   3.6903387e-01   4.1653631e+00  -8.3079354e-04  -1.5410648e-03   2.8068100e-04
  -5.7166901e-02   3.5681735e-01   4.1801676e+00  -4.7298214e-04  -2.0312449e-03   7.7403176e-05
  -6.1764276e-02   3.5180485e-01   4.1584288e+00  -9.1428741e-04  -1.8296470e-03   5.6709877e-04
  -1.5017616e-02   3.5992273e-01   4.1530661e+00  -1.6642212e-03  -4.1735514e-04  -2.5608147e-05
  -4.5079207e-02   3.4278267e-01   4.1992443e+00  -1.7148361e-03  -1.6828605e-03   3.7987686e-04
  -4.6880925e-02   3.4575769e-01   4.2029608e+00  -1.5082699e-03  -1.6785753e-03   1.8695850e-04
  -5.5790702e-02   3.7891773e-01   4.2505212e+00  -1.2744507e-05  -2.0056095e-03   2.3818255e-04
  -4.6551037e-02   4.0323302e-01   4.2313674e+00  -3.2281077e-04  -1.9301194e-03   4.5947095e-04
  -5.1295263e-02   3.8138639e-01   4.2208614e+00  -4.7087089e-04  -1.6229276e-03  -1.3416243e-04
  -5.8749636e-02   3.2936462e-01   4.1885231e+00  -6.9681968e-04  -1.8544092e-03   2.5831811e-04
  -1.7642176e-02   3.7795277e-01   4.2422865e+00  -2.2387273e-05  -7.4628703e-04  -7.4313935e-04
  -2.7733047e-02   3.4110397e-01   4.3018546e+00  -3.1166832e-04  -8.5464697e-04   2.0063501e-04
  -3.6547539e-02   3.8490046e-01   4.3263189e+00  -4.6061645e-04  -1.5725067e-03   6.9191934e-05
  -4.1331732e-02   3.7872157e-01   4.3255145e+00   2.0548028e-04  -1.3412002e-03   2.2710092e-04
  -9.0593688e-03   3.8792593e-01   4.3846529e+00   6.3910838e-04  -1.3370337e-03  -6.1709542e-04
  -5.2303438e-02   4.0206173e-01   4.3048711e+00  -1.8575901e-03  -1.5579779e-03   6.4128889e-04
  -6.6319084e-03   3.7290938e-01   4.2921330e+00  -1.1040836e-03  -6.1716567e-04  -2.6248575e-04
  -4.5432389e-02   3.8207939e-01   4.3487787e+00  -4.7662040e-04  -2.7416506e-03   1.5311150e-04
  -3.2587767e-02   3.7904473e-01   4.3333456e+00  -5.4634326e-04  -2.6487558e-03  -5.0829347e-04
  -5.2585887e-02   3.9366468e-01   4.3507749e+00   1.2630531e-04  -2.6758351e-03  -2.4637492e-04
  -5.0222551e-02   3.9981452e-01   4.3554316e+00   1.7496436e-04  -2.6762347e-03  -3.0357716e-04
  -4.2470522e-02   3.9024064e-01   4.3007186e+00  -8.3534203e-04  -2.4823805e-03  -1.7391024e-04
  -6.6621202e-02   3.9987055e-01   4.3286284e+00  -3.4249864e-04  -2.7952842e-03   4.7280917e-04
  -1.6242013e-02   3.8984339e-01   4.3854469e+00  -8.7694233e-04  -1.3688951e-03  -4.7418592e-04
  -4.3016751e-02   3.8571469e-01   4.4325201e+00  -9.7609863e-04  -1.9699551e-03   3.7209429e-05
  -3.5529355e-02   3.7789863e-01   4.4391779e+00  -4.5617059e-04  -2.6654230e-03  -1.9797302e-04
  -3.5094334e-02   3.7022401e-01   4.4514865e+00  -2.9983552e-04  -2.2990131e-03  -2.6090405e-04
  -1.6968290e-02   4.0851674e-01   4.4597890e+00  -1.0096260e-03  -7.9176249e-04  -3.8001780e-04
  -3.4546333e-02   3.8117091e-01   4.4615984e+00  -2.3075768e-03  -2.3848263e-03  -2.8100493e-04
  -5.3412808e-02   3.8095087e-01   4.4503150e+00  -1.1101505e-03  -2.1924322e-03   2.7376176e-04
  -5.9186277e-02   3.3936541e-01   4.4583470e+00  -1.0341241e-03  -2.0859754e-03   1.3325238e-04
  -4.9643970e-02   3.5107993e-01   4.4586100e+00  -1.1631285e-03  -1.9357575e-03  -1.2504713e-04
  -5.7033405e-02   3.7232696e-01   4.4503515e+00  -1.2609786e-03  -2.6732149e-03   8.6786521e-05
  -5.5813851e-02   4.0417441e-01   4.4784304e+00  -5.2747268e-04  -2.2801267e-03   3.5635048e-06
  -1.4672422e-02   3.3645137e-01   4.5000586e+00  -2.3937966e-03  -1.0435002e-03  -2.2004166e-04
  -5.1584902e-02   3.7136691e-01   4.5538162e+00  -1.2152454e-03  -1.9020450e-03  -4.0558503e-04
  -4.6126952e-02   3.7628864e-01   4.5660562e+00  -1.6387775e-06  -2.5921419e-03  -3.0027311e-04
  -6.1350890e-02   4.0767217e-01   4.5701499e+00   6.7778820e-04  -2.6434716e-03  -1.1055238e-04
  -5.2750324e-02   3.8997582e-01   4.5506196e+00  -5.7024580e-04  -2.5088687e-03  -7.1929922e-05
  -3.5065357e-02   4.1455660e-01   4.5636531e+00   1.0825605e-05  -1.9781615e-03  -7.8670237e-04
  -2.4662221e-02   3.6858266e-01   4.5726012e+00  -1.9298214e-04  -8.9329927e-04  -4.6388073e-04
  -5.3379118e-02   3.4260667e-01   4.6403492e+00  -2.1035467e-03  -2.3408379e-03   5.1633584e-05
  -4.7115336e-02   3.8235618e-01   4.6365334e+00  -1.0144217e-03  -2.1365400e-03  -1.4539746e-04
  -6.1221205e-02   3.9042635e-01   4.6581399e+00  -2.6097988e-04  -2.1583731e-03   6.0587735e-04
  -2.5120346e-02   3.9298627e-01   4.6703151e+00  -7.3367638e-05  -5.6264486e-04  -6.9448932e-05
  -3.2745748e-02   4.1898580e-01   4.6674598e+00  -9.0329049e-04  -1.4800753e-03   9.5289408e-05
  -6.8835129e-02   3.9810421e-01   4.6619380e+00  -7.5439521e-04  -2.4248637e-03   6.4661441e-04
  -5.2517939e-02   4.3482464e-01   4.7220816e+00   7.8356053e-04  -1.6127590e-03   2.3616407e-04
  -3.1859390e-02   3.9024150e-01   4.7330046e+00   5.3748117e-04  -9.1925392e-04  -1.4970418e-04
  -5.6632797e-02   3.9648532e-01   4.6989077e+00  -1.0546463e-03  -1.9681358e-03   8.5746952e-04
  -4.8158313e-02   4.0724621e-01   4.7063146e+00   1.8590778e-04  -2.0088704e-03   2.3010003e-04
  -5.4687548e-02   4.0919065e-01   4.7469186e+00   1.4447608e-03  -1.3098030e-03   1.6026878e-04
  -4.6381533e-02   3.9390605e-01   4.7161460e+00  -8.7226589e-04  -1.8857392e-03  -2.5654801e-04
  -4.9914955e-02   3.7329798e-01   4.6716401e+00  -1.4240210e-03  -2.2461650e-03   8.7994493e-05
  -7.8399199e-02   4.0053711e-01   4.7152335e+00  -2.5559615e-05  -1.8250392e-03   3.6859329e-04
  -4.6629188e-02   4.2742525e-01   4.7348523e+00  -1.1765644e-04  -2.0334856e-03   4.6479926e-05
  -3.1057389e-02   4.1371050e-01   4.7850802e+00   1.8430136e-05  -1.9450792e-03  -3.7566814e-04
  -6.1295564e-02   4.1100576e-01   4.7485303e+00  -7.2398220e-04  -2.7657328e-03  -2.0965775e-04
  -5.9991838e-02   3.7511024e-01   4.7277281e+00  -1.0276300e-03  -2.3714589e-03   1.1333929e-04
  -4.5968243e-02   4.1995952e-01   4.8188626e+00   4.4876645e-04  -1.8835338e-03  -3.0571361e-04
  -3.4046387e-02   3.8302532e-01   4.7849583e+00  -1.8303271e-03  -6.1995640e-04  -4.0774049e-05
  -4.0887908e-02   4.2327997e-01   4.8033092e+00  -6.1758243e-04  -1.7732865e-03  -1.4694204e-04
  -5.5085472e-02   4.1370100e-01   4.8033722e+00   5.4455023e-04  -2.1099330e-03  -4.3956032e-04
  -3.1949193e-02   3.7202035e-01   4.8828467e+00  -7.7474395e-04  -1.1260590e-03  -6.5888949e-04
  -4.7431469e-02   4.1946724e-01   4.8574511e+00  -1.0240677e-03  -2.0134685e-03  -2.8433895e-04
  -5.3586339e-02   4.4667178e-01   4.8938266e+00   4.3146374e-04  -2.1772613e-03  -2.5877618e-04
  -5.6558897e-02   4.2979001e-01   4.9152361e+00  -9.9546582e-05  -1.9438292e-03   2.3932286e-04
  -6.6966398e-02   4.2155952e-01   4.8942254e+00  -9.5958905e-04  -1.2831944e-03   3.8823689e-04
  -3.4688106e-02   4.0866187e-01   4.8612102e+00  -6.0035912e-04  -1.3869756e-03  -3.6913001e-04
  -4.3982782e-02   3.9500328e-01   4.8610327e+00  -2.4282394e-04  -2.3669174e-03  -5.4474688e-04
  -5.5594463e-02   4.1267171e-01   4.9175492e+00   1.0111911e-03  -1.8996465e-03   2.4985028e-06
  -3.3466073e-02   4.2267268e-01   4.9404104e+00   2.6842878e-04  -1.1529560e-03  -4.0327725e-04
  -3.2224758e-02   4.1631672e-01   4.9638683e+00  -5.9330515e-04  -1.9973626e-03  -5.8562852e-04
  -4.9437409e-02   4.1413136e-01   4.9343281e+00  -1.1554396e-03  -1.5441924e-03  -1.3777500e-04
  -4.4864751e-02   4.3900944e-01   4.9676878e+00  -1.1801487e-04  -1.6519859e-03   1.2791765e-04
  -5.5919485e-02   4.1982737e-01   4.9729102e+00  -1.1288340e-04  -2.2926870e-03   5.1009720e-05
  -3.5830911e-02   3.9768107e-01   4.9458089e+00  -5.5313486e-04  -1.5784956e-03  -7.3861372e-05
  -5.9180398e-02   4.3046448e-01   4.9735430e+00  -1.1172706e-04  -2.2095737e-03   2.5679255e-04
  -5.8048805e-02   4.1523591e-01   4.9507157e+00  -6.7117202e-04  -1.7762560e-03   1.7554598e-04
  -6.0693148e-02   4.3485792e-01   4.9589569e+00  -2.1933601e-05  -2.0390048e-03   2.5413463e-04
  -3.4740171e-02   4.3577735e-01   4.9769144e+00  -1.0761954e-04  -1.4697976e-03  -4.0475164e-04
  -3.8930854e-02   4.5157931e-01   5.0390872e+00   8.5403558e-04  -1.4676150e-03   1.5111817e-04
  -2.3379923e-02   4.1111422e-01   5.0441043e+00  -3.7106102e-04   6.1659467e-04  -2.3448667e-04
  -5.9656033e-02   4.3896591e-01   5.0085066e+00   4.8470138e-04  -1.3147649e-03   3.2930274e-04
  -1.7461760e-02   4.1057910e-01   5.0484296e+00   8.1744540e-04  -1.0067934e-03  -4.4509803e-04
  -2.3197100e-02   4.1258048e-01   4.9976975e+00   6.7154083e-04  -1.5600152e-03  -4.2016303e-04
  -4.6822277e-02   4.3710903e-01   4.9697061e+00   6.8506819e-04  -2.1037711e-03  -5.3819512e-04
  -7.1002932e-03   4.3790432e-01   4.8808262e+00   4.2396762e-04  -1.0084591e-03  -7.8616460e-04
  -9.0524395e-03   4.3995873e-01   4.9273184e+00   1.5972342e-03  -1.5765882e-03  -4.0416311e-04
  -5.2455304e-02   4.2590763e-01   4.9586329e+00   3.4177961e-04  -2.1377589e-03   3.5713658e-04
  -3.2319958e-02   4.0559577e-01   5.1387963e+00  -1.6628174e-03  -1.1472230e-03   9.1504425e-05
  -3.8185292e-02   4.1517599e-01   5.0979440e+00  -1.2381354e-03  -1.8031532e-03  -2.7761220e-04
  -4.5852190e-02   4.1535135e-01   5.1083615e+00  -3.0353213e-04  -1.6522525e-03  -1.1334645e-04
  -4.8563477e-02   4.2013499e-01   5.1150165e+00   2.0603678e-04  -1.5949353e-03  -2.2524433e-04
  -4.6626618e-02   4.0764796e-01   5.1522615e+00   5.2138285e-04  -2.2533706e-03  -4.7269243e-04
  -5.2314295e-02   4.3652532e-01   5.1221788e+00  -1.4854658e-04  -1.9023530e-03  -1.7615087e-05
  -6.3220839e-02   4.2757974e-01   5.1110096e+00   1.2947255e-05  -2.3379496e-03  -1.6637659e-04
  -4.6803505e-02   4.3150759e-01   5.1203389e+00  -2.3119498e-04  -2.3465648e-03  -3.8323595e-05
  -6.2227304e-02   4.1332740e-01   5.1405465e+00   1.8622796e-05  -2.1770107e-03   2.4645747e-04
  -4.5432779e-02   4.4131306e-01   5.1677606e+00  -3.1459775e-05  -7.5640561e-04  -2.1611537e-04
  -2.5107352e-02   3.8663760e-01   5.3283717e+00  -1.7830870e-03   1.0028430e-04  -5.1913126e-04
  -5.1017585e-02   4.5459338e-01   5.2555161e+00  -9.1327603e-04  -2.6926530e-03  -3.2220369e-04
  -3.6318555e-02   4.5042384e-01   5.2841302e+00   1.0534776e-03  -2.2121356e-03  -6.1896577e-04
   5.7088056e-03   3.9074463e-01   5.3226950e+00  -5.0559421e-04  -6.6297678e-04  -8.6827934e-04
  -5.1998868e-02   4.5523997e-01   5.3300000e+00  -1.4147688e-05  -2.4513884e-03   5.6503197e-05
  -6.9414820e-02   4.4064623e-01   5.2725295e+00  -2.0848402e-04  -2.0572902e-03   4.0024748e-04
  -6.1943672e-02   4.4404022e-01   5.3330914e+00   1.1965649e-03  -2.0236944e-03   7.1781816e-06
  -6.1305621e-02   4.7695102e-01   5.3212312e+00   5.6974110e-04  -2.1115206e-03   4.2336203e-05
  -7.5292042e-02   4.4084650e-01   5.2770949e+00  -2.6175817e-04  -2.3796985e-03   1.6547803e-04
  -6.5103295e-02   4.4456085e-01   5.2823381e+00  -7.8133933e-06  -1.8403092e-03   2.2945194e-04
  -2.3904564e-02   4.3454305e-01   5.3634621e+00   6.4543994e-05  -1.3846194e-03  -8.1376331e-04
  -3.2329365e-02   4.4263713e-01   5.3468363e+00   3.8834160e-04  -2.5672837e-03  -2.8137995e-04
  -6.3135968e-02   4.4127954e-01   5.3674465e+00   5.7305132e-04  -2.5799609e-03   3.3417341e-04
  -5.1021908e-02   4.5383698e-01   5.3821644e+00   1.3427542e-03  -1.9431193e-03  -2.3675791e-04
  -5.1303700e-02   4.6850801e-01   5.3362764e+00   1.0068709e-04  -2.6858046e-03  -5.6377132e-05
  -3.3078200e-02   4.4711951e-01   5.3338471e+00   6.6591761e-04  -2.1115275e-03  -2.8526390e-04
  -5.3632789e-02   4.3117541e-01   5.3861735e+00   6.5443441e-04  -2.3626110e-03   2.4309412e-06
  -4.9694742e-02   4.4623534e-01   5.3748741e+00   1.1966576e-03  -2.3952056e-03  -1.7429556e-04
  -7.3161537e-02   4.6025039e-01   5.3777147e+00   1.0733872e-03  -2.9027570e-03   2.0892285e-04
  -3.8284308e-02   4.3660396e-01   5.4474913e+00   5.2515622e-04  -2.0037871e-03  -6.7845302e-04
  -2.3698112e-02   4.4571330e-01   5.3899043e+00  -7.4365464e-05  -1.0062809e-03  -6.3450712e-04
  -5.2130140e-02   4.3010717e-01   5.4296108e+00   3.4608349e-04  -2.2207571e-03  -1.2437240e-04
  -5.4600645e-02   4.5349055e-01   5.4379571e+00   3.9914048e-04  -2.7031327e-03  -2.3779136e-05
  -4.4706508e-02   4.3539780e-01   5.4627811e+00   4.6760053e-04  -2.1382950e-03  -4.3412084e-04
  -7.6801133e-02   4.6433684e-01   5.5015996e+00   5.4496216e-04  -3.0046577e-03  -7.7447068e-05
  -6.8252211e-02   4.3507485e-01   5.4477045e+00   5.5899781e-04  -2.8272452e-03  -7.2212536e-05
  -4.9465281e-02   4.4895526e-01   5.4388458e+00   4.2715553e-04  -2.8695854e-03  -3.5150880e-04
  -6.6027230e-02   4.4396116e-01   5.4741022e+00   6.4142344e-04  -2.9900314e-03  -2.6049487e-04
  -5.4599939e-02   4.4970259e-01   5.5065580e+00   7.0539939e-04  -1.6259527e-03  -2.1531444e-04
  -5.7420622e-02   4.4238220e-01   5.4631649e+00  -8.6418054e-04  -2.3248125e-03  -1.3863348e-04
  -6.0149732e-02   4.2455099e-01   5.4655576e+00  -6.9690729e-05  -2.0538110e-03  -2.0716637e-04
  -4.6368756e-02   4.5976831e-01   5.5262956e+00   9.1044779e-04  -2.1998358e-03  -1.8172534e-04
  -2.8986369e-02   4.9219921e-01   5.5460070e+00   1.4627851e-03  -1.4702009e-03  -4.8237370e-04
  -1.2436827e-02   4.7230774e-01   5.5311861e+00  -1.3734953e-04   1.1583565e-04  -4.3427980e-04
  -5.1912805e-03   4.3967591e-01   5.5336600e+00   2.0847339e-04  -7.2960821e-04  -4.6536924e-04
  -2.5495397e-02   4.3067462e-01   5.5489566e+00   3.6035649e-04  -2.0241461e-03  -1.8717372e-04
  -4.0750100e-02   4.4678685e-01   5.5459146e+00   4.0532712e-04  -1.8094256e-03  -5.4114849e-04
  -6.5626253e-02   4.5214904e-01   5.5811856e+00   3.5109210e-04  -2.2211082e-03   6.0709772e-05
  -4.8073621e-02   4.6894596e-01   5.5816259e+00   1.1923638e-04  -2.7327474e-03  -5.3346154e-04
  -5.2033402e-02   4.4079088e-01   5.5592380e+00  -4.0863523e-04  -2.4397207e-03   4.7266549e-05
  -5.6983865e-02   4.7498632e-01   5.6142570e+00   1.5613648e-04  -2.3496910e-03   1.7353733e-04
  -4.9093643e-02   4.5336889e-01   5.5599181e+00  -5.4616811e-05  -1.9254455e-03   2.1515785e-04
  -5.6047851e-02   4.3073483e-01   5.6080143e+00  -7.0015681e-04  -2.2142632e-03  -2.3941497e-04
  -4.8974372e-02   4.3445375e-01   5.5967304e+00   2.3511937e-04  -2.1654308e-03  -3.1465108e-04
  -5.2494243e-02   4.4303195e-01   5.6669786e+00   7.2965716e-04  -1.6739438e-03   2.8680482e-04
  -4.2628486e-02   4.5558570e-01   5.6638134e+00  -2.1659582e-04  -2.5233534e-03  -2.7096827e-04
  -6.0738206e-02   4.6500973e-01   5.6534884e+00  -6.7493466e-04  -1.9514524e-03   2.1860544e-04
  -5.0864425e-02   4.7078633e-01   5.6810305e+00   4.4426284e-04  -2.0620382e-03   5.6019540e-05
  -4.6557150e-02   4.6410512e-01   5.6675039e+00  -2.4302763e-04  -1.7604228e-03  -1.1991146e-04
  -5.5620652e-02   4.4797901e-01   5.6113508e+00  -9.6349892e-04  -2.1764591e-03  -2.5892209e-05
  -5.4837234e-02   4.3941514e-01   5.6315593e+00  -5.2437193e-04  -2.5695730e-03  -5.0199144e-05
  -3.1618252e-02   4.4822963e-01   5.7096230e+00  -7.0828642e-04  -1.6163600e-03  -4.8487415e-04
  -5.8994595e-02   4.5650671e-01   5.7192637e+00  -4.7640499e-04  -2.2017791e-03  -1.2407796e-04
  -5.9226426e-02   4.0780871e-01   5.7526319e+00  -1.4872113e-04  -1.6862430e-03   1.3797896e-04
  -5.4220039e-02   4.5845693e-01   5.7626408e+00   1.7619421e-04  -2.5922123e-03  -3.1701967e-04
  -6.3639630e-02   4.8119889e-01   5.7866918e+00   9.5475562e-04  -2.3482144e-03  -8.4101319e-05
  -6.7173128e-02   4.8173772e-01   5.8138526e+00   1.7155088e-03  -2.1246003e-03   1.4837667e-04
  -7.7457200e-02   4.7143258e-01   5.7443591e+00   3.8693509e-04  -2.6034586e-03  -2.1076729e-04
  -5.5310149e-02   4.5559138e-01   5.7202974e+00   2.6200252e-04  -2.4218272e-03  -3.4883929e-04
  -5.9325023e-02   4.5562378e-01   5.7684909e+00   6.4699261e-04  -2.5839112e-03  -4.6163686e-04
  -7.6163150e-02   4.7505029e-01   5.8020793e+00   1.3104299e-03  -2.5015735e-03   3.5337404e-04
  -6.2151584e-02   4.5883635e-01   5.7864192e+00   9.7230950e-04  -2.4580222e-03  -4.1217078e-05
  -5.1847376e-02   4.7012652e-01   5.8191908e+00   6.9924215e-04  -2.8632505e-03  -1.7435157e-04
  -5.3131217e-02   4.5507000e-01   5.8153163e+00  -4.5207971e-04  -2.2334051e-03  -3.9387192e-04
  -4.2561540e-02   4.4069016e-01   5.8103081e+00   8.0110565e-04  -2.6005965e-03  -2.6020534e-04
  -7.0370747e-02   4.4644776e-01   5.8477781e+00   1.4026855e-03  -2.1129567e-03  -1.2865718e-04
  -4.0386043e-02   4.6665983e-01   5.8594334e+00   2.9712065e-04  -1.5900882e-03  -3.6989649e-04
  -6.4936002e-02   4.8939054e-01   5.8593136e+00   3.9805688e-04  -2.6487412e-03  -5.1820796e-04
  -5.5418809e-02   4.6301438e-01   5.8410022e+00   7.5307020e-04  -2.6999717e-03  -9.5133569e-05
  -4.8364875e-02   4.6754124e-01   5.8446460e+00   3.5664131e-04  -2.2129727e-03  -2.1060575e-04
  -6.0367305e-02   4.9200016e-01   5.9060471e+00   1.6747909e-03  -2.5798059e-03  -1.5007362e-04
  -5.2117433e-02   4.5358491e-01   5.8649725e+00  -1.4839720e-04  -1.7502347e-03   1.5267441e-04
  -7.8611689e-02   4.3826941e-01   5.8677129e+00  -7.3311655e-05  -2.7181582e-03   2.0094329e-04
  -5.6093831e-02   4.8082089e-01   5.9077860e+00   8.1373919e-04  -2.9014802e-03  -7.0360193e-04
  -4.9720038e-02   4.3837109e-01   5.9040546e+00   4.2976842e-04  -8.7370570e-04  -5.8330809e-04
  -5.8951268e-02   4.6556872e-01   5.9029404e+00  -3.7630085e-04  -1.8528081e-03   8.0071874e-05
  -8.3434508e-02   4.7410299e-01   5.9153141e+00   8.8597837e-04  -2.2871412e-03   4.0691736e-04
  -6.8893336e-02   5.0150437e-01   6.0375922e+00   1.5931765e-03  -2.2112628e-03  -9.8635238e-05
  -6.2033759e-02   4.6005345e-01   5.9602719e+00  -7.5507850e-04  -2.3690358e-03  -3.3505157e-04
  -6.8520019e-02   4.7398156e-01   5.9780387e+00   3.9582273e-04  -2.5948561e-03  -2.6567420e-04
  -6.0300350e-02   4.4549437e-01   5.9837567e+00   3.3932949e-04  -2.5262251e-03  -2.9574913e-04
  -7.0703761e-02   4.8097510e-01   5.9943348e+00   7.0614128e-04  -2.4572798e-03  -4.6045944e-05
  -6.8714316e-02   4.8616868e-01   5.9951867e+00   1.0847247e-03  -2.3595027e-03  -3.1333826e-04
  -7.0439757e-02   4.7423449e-01   5.9829264e+00   5.6594660e-04  -2.4459307e-03   1.4750784e-04
  -6.8131955e-02   4.7634883e-01   6.0072663e+00   9.6747120e-04  -2.4023735e-03  -9.6442204e-05
  -5.6137036e-02   4.5836865e-01   6.0026529e+00  -7.1266192e-05  -2.1032590e-03  -3.7637330e-04
  -7.9436514e-02   4.7459464e-01   6.0084855e+00   1.1602376e-04  -2.6311212e-03  -2.7298409e-04
  -6.8418626e-02   4.7181301e-01   6.0498987e+00   1.4587016e-03  -2.1943324e-03   1.5416644e-04
  -6.4056724e-02   4.3646818e-01   6.0304476e+00   6.9864451e-04  -2.2403427e-03   6.1590826e-05
  -8.2175210e-02   4.5260447e-01   6.0983597e+00  -5.2839049e-04  -2.8038068e-03   1.8510828e-05
  -6.8141385e-02   4.5777528e-01   6.0899803e+00   1.1529083e-04  -2.5028585e-03  -1.5078857e-04
  -4.7570330e-02   4.6947514e-01   6.1258688e+00   4.7359262e-04  -2.3236141e-03  -5.1254256e-04
  -7.3225838e-02   4.9178440e-01   6.1359212e+00   7.0241078e-04  -2.6212636e-03   1.1774194e-04
  -6.4836547e-02   4.6803617e-01   6.1359071e+00   9.5670590e-04  -2.4303330e-03  -1.5513940e-04
  -7.2476233e-02   4.6396641e-01   6.1792529e+00   1.2124509e-03  -1.6453767e-03   4.0822456e-04
  -8.4444595e-02   4.7967407e-01   6.1485979e+00  -3.3990153e-04  -2.6555340e-03   3.4960141e-04
  -6.5239964e-02   4.5176234e-01   6.1414462e+00   6.9907492e-04  -2.8026456e-03  -2.1814724e-06
  -8.3901852e-02   4.7815672e-01   6.1718018e+00   8.8448442e-04  -3.5809235e-03   1.4686756e-04
  -5.8034686e-02   4.9560325e-01   6.1784626e+00   6.5524305e-04  -2.3915911e-03  -3.9619702e-04
  -7.1484144e-02   4.8988386e-01   6.1595081e+00   2.8386445e-04  -2.4698021e-03   4.6768617e-06
  -5.7296181e-02   4.9656709e-01   6.1408188e+00   3.3354296e-04  -2.3158326e-03   1.3298490e-04
  -5.4803646e-02   4.9605481e-01   6.1822524e+00   4.4055726e-04  -2.3920277e-03  -3.5448331e-05
  -8.5198890e-02   4.8129696e-01   6.1856182e+00   5.7169538e-04  -2.5328733e-03   2.7645314e-04
  -5.5458542e-02   4.8555896e-01   6.2358310e+00   1.2103262e-03  -2.1939787e-03  -3.2137611e-04
  -7.4098412e-02   4.5969477e-01   6.2306073e+00   1.1894400e-04  -2.6472325e-03   1.6757578e-04
  -4.2477842e-02   4.7445995e-01   6.2452653e+00   1.1735288e-03  -1.4751012e-03  -8.9536375e-04
  -7.2466020e-02   4.8606283e-01   6.2626856e+00   1.0689142e-03  -1.9378097e-03   3.0891320e-04
  -8.2300374e-02   4.8563424e-01   6.2189851e+00   3.0131232e-04  -3.0268187e-03  -3.5277647e-04
  -8.7402823e-02   4.4457130e-01   6.2780934e+00  -2.2412360e-03  -2.6183841e-03   2.5870488e-05
  -7.3770548e-02   4.9167560e-01   6.2600083e+00  -1.6341785e-04  -2.5241939e-03  -1.2376789e-04
  -6.0045957e-02   4.7866229e-01   6.3800351e+00   8.5190783e-04  -2.0817451e-03  -2.1560877e-04
  -4.7959624e-02   4.6058914e-01   6.3073081e+00  -6.7831234e-06  -2.5033607e-03  -6.4454929e-04
  -5.3015891e-02   4.8904044e-01   6.2875647e+00  -3.1897487e-04  -2.5804061e-03  -5.1511482e-04
  -7.7881602e-02   4.9512094e-01   6.3234699e+00   8.7648414e-04  -2.9718295e-03  -2.6078897e-04
  -4.3163432e-02   4.6417265e-01   6.3601015e+00   3.5687478e-04  -1.7691098e-03  -6.3883360e-04
  -6.3287891e-02   4.5717278e-01   6.3383396e+00   2.2023961e-04  -2.3247718e-03  -3.1515063e-04
  -5.3438903e-02   4.8567736e-01   6.3365774e+00   6.0900753e-04  -2.3024131e-03  -4.4773151e-04
  -8.3446905e-02   4.9921470e-01   6.3738946e+00   1.3474389e-03  -2.4109403e-03   1.0618800e-04
  -1.9626842e-02   5.0266453e-01   6.4689400e+00   1.4684354e-03  -1.5926926e-03  -1.2246045e-03
  -3.4769819e-02   4.7163390e-01   6.4115857e+00   5.4476957e-05  -1.4027557e-03  -8.6259964e-04
  -3.9611910e-02   4.3894413e-01   6.3339951e+00  -4.0102558e-04  -1.7277354e-03  -7.1363036e-04
  -7.8863522e-02   5.0643995e-01   6.3979723e+00   3.2422786e-04  -3.1800491e-03  -5.0372752e-04
  -8.6062345e-02   4.8679585e-01   6.4105397e+00   1.1316826e-03  -2.6001316e-03  -2.0301567e-04
  -7.4169824e-02   5.1713599e-01   6.4038741e+00   9.0687739e-04  -1.9084705e-03  -3.9866859e-05
  -8.1171032e-02   5.1659231e-01   6.3543368e+00   4.6534510e-04  -2.5052240e-03  -1.3050569e-04
  -7.0017572e-02   4.7159081e-01   6.4496585e+00  -2.9627183e-04  -2.5987967e-03  -4.2363716e-04
  -6.1797459e-02   5.0808349e-01   6.4308270e+00  -2.3354841e-04  -2.5563058e-03  -4.8830981e-04
  -6.1047641e-02   4.9717544e-01   6.4730159e+00   6.3115853e-04  -1.6118221e-03  -7.7775190e-04
  -9.3591303e-02   5.0486012e-01   6.5151525e+00   6.8955854e-04  -2.4824609e-03   2.4556586e-04
  -7.9604509e-02   5.0327991e-01   6.4963148e+00   9.6933540e-04  -2.1745135e-03   1.0538142e-04
  -8.1150394e-02   5.1927807e-01   6.4895573e+00   5.2543461e-04  -2.4265713e-03  -4.8970452e-05
  -5.1459352e-02   5.1410500e-01   6.5578814e+00   2.4594533e-04  -1.3373005e-03  -4.0971399e-04
  -7.0269870e-02   5.0948754e-01   6.5595596e+00  -4.2580441e-05  -2.8292017e-03  -7.0387418e-04
  -5.4543043e-02   4.9064966e-01   6.5896676e+00   1.5039575e-04  -1.7986474e-03  -7.6055449e-04
  -8.6351259e-02   5.2159885e-01   6.6040814e+00   9.0032208e-04  -2.2042276e-03  -7.2676126e-05
  -7.2469367e-02   5.0183771e-01   6.6127024e+00   1.0795237e-03  -2.0822054e-03  -8.2171047e-05
  -6.2588488e-02   5.1811537e-01   6.6400410e+00   8.8788836e-04  -2.0349928e-03  -1.3146482e-04
  -6.1188800e-02   5.1098097e-01   6.6003469e+00   9.0524246e-05  -2.6033100e-03  -5.0591846e-04
  -8.4033759e-02   4.8545575e-01   6.5629011e+00   6.0821502e-04  -2.9313530e-03  -1.3584292e-04
  -7.4817970e-02   4.8668448e-01   6.6494257e+00   1.2296506e-03  -2.4737528e-03  -1.9715136e-04
  -7.5040608e-02   5.0082650e-01   6.6085422e+00   8.2045329e-04  -2.5499982e-03  -5.7713121e-04
  -9.4610148e-02   5.1512482e-01   6.6381184e+00   1.7186179e-03  -2.5831018e-03  -1.2603086e-04
  -8.2929816e-02   5.4489421e-01   6.6289903e+00   1.7981570e-03  -1.9613372e-03  -1.8970346e-04
  -7.5986655e-02   5.2346884e-01   6.6053192e+00   8.3507370e-04  -2.6471450e-03  -9.2667275e-05
  -8.7047953e-02   5.1189825e-01   6.6360708e+00   1.9409767e-03  -2.0630165e-03  -8.5424091e-05
  -5.1986850e-02   4.8711847e-01   6.6594655e+00  -7.2962813e-04  -1.7310611e-03  -8.1540059e-04
  -8.2400735e-02   5.0110371e-01   6.6543083e+00   6.4438251e-04  -2.6755912e-03   1.4768709e-04
  -8.9267718e-02   4.9482836e-01   6.6564818e+00   1.0139846e-03  -2.3711829e-03  -2.6952337e-05
  -6.6578427e-02   5.4347819e-01   6.7606542e+00   2.3812228e-03  -2.2948116e-03  -1.0309893e-03
  -7.4443993e-02   5.2380130e-01   6.7125731e+00   5.0345347e-04  -2.0267937e-03  -3.3027183e-04
  -7.2460845e-02   5.1356906e-01   6.7369911e+00   1.7028768e-03  -1.6436675e-03  -2.6583113e-04
  -7.4084298e-02   5.0852847e-01   6.6862951e+00   2.7388200e-04  -2.4286763e-03  -3.8701456e-04
  -9.0735048e-02   5.1774421e-01   6.7247427e+00   1.5476275e-03  -2.3849170e-03  -3.7867384e-05
  -8.6876988e-02   5.3146500e-01   6.7209950e+00   1.3087778e-03  -2.5218135e-03   2.3206014e-04
  -9.6067578e-02   5.0239839e-01   6.6982007e+00   4.8452013e-04  -2.4814958e-03   5.7285573e-05
  -8.7110065e-02   5.1528475e-01   6.6986226e+00   7.3742436e-04  -2.7205059e-03  -3.9431201e-04
  -7.5574886e-02   5.0916987e-01   6.7047466e+00   2.2234408e-04  -2.3107604e-03  -4.9893420e-04
  -6.1497088e-02   5.2356389e-01   6.7394334e+00   1.2783053e-03  -1.9504748e-03  -6.7198691e-04
  -7.2020165e-02   5.4378996e-01   6.7419458e+00   1.0689596e-03  -2.1661909e-03  -1.1259821e-04
  -8.9340577e-02   4.9932480e-01   6.7412707e+00   9.1374590e-04  -2.1305485e-03   1.5382307e-04
  -6.7071781e-02   5.2219608e-01   6.7983461e+00   1.7768473e-03  -1.4981109e-03  -3.2704021e-04
  -7.6703104e-02   5.3069109e-01   6.7792706e+00   1.1281035e-03  -2.7667103e-03  -7.2514887e-04
  -7.8723733e-02   5.0123032e-01   6.7764004e+00  -1.4473756e-04  -2.6960674e-03  -2.6784880e-04
  -7.4593506e-02   5.2407187e-01   6.8762798e+00   2.1766871e-03  -2.4537187e-03  -3.0902980e-04
  -4.4782752e-02   5.1283560e-01   6.8452973e+00   4.1984592e-04  -1.6365241e-03  -1.2216116e-03
  -7.3631247e-02   5.3769802e-01   6.8262050e+00   7.3786386e-04  -2.1944729e-03  -6.6633637e-04
  -5.9286691e-02   5.5302933e-01   6.8616204e+00   2.4312206e-03  -2.2532957e-03  -7.8594467e-04
  -6.2933174e-02   5.3461512e-01   6.8458541e+00   7.9918663e-04  -1.5639560e-03  -8.1907839e-04
