  -6.3795774e-15   0.0000000e+00   0.0000000e+00   1.3628001e-51  -1.9259299e-34   0.0000000e+00
   1.1569326e-02  -1.1412878e-02  -2.1165166e-02   1.0016903e-03   4.1031965e-04  -9.3465049e-05
   2.1662271e-03  -1.4208467e-01  -9.0037987e-02  -3.4482400e-04  -1.9209061e-04  -8.3969894e-04
   3.4209513e-04   2.2149394e-02  -1.0436608e-01  -4.1113379e-04   3.8093780e-04   3.2787653e-04
  -2.6833231e-02  -2.9749263e-04  -1.2692423e-01  -2.5411394e-04   1.0971442e-03   7.3324279e-04
  -3.0640271e-04  -4.3773683e-02  -1.2458013e-01  -1.8037826e-03   3.3317491e-04  -3.7651805e-05
  -4.1874622e-02  -9.8438123e-02  -1.3479931e-01   1.4512123e-03   1.4141963e-03  -1.0590829e-03
  -2.9732958e-03  -6.9072524e-02  -1.9495294e-02  -3.4364760e-04   5.4424745e-04  -4.2076594e-05
  -1.8233971e-02  -6.1157790e-02  -3.9348522e-02  -1.4397741e-03   2.5238531e-04   1.4016113e-04
  -1.4930899e-01   5.5373970e-03  -1.2252790e-01  -6.1960049e-04   2.4876495e-03   3.1455149e-03
  -2.5850144e-02  -4.0015968e-02  -3.2655943e-02  -4.7118525e-04   8.3836340e-04   2.9287867e-04
  -5.4833661e-02  -4.5448312e-02  -1.4251772e-01  -1.2974936e-03   2.1987421e-03   1.1303329e-03
  -2.0506293e-02  -2.1137915e-02  -3.8997097e-02   1.6528938e-03   1.2111528e-03   5.9674778e-04
  -8.2022906e-02  -9.4688849e-02  -1.0993353e-01   1.0139160e-03   1.1639287e-03   2.1264892e-03
  -3.7660192e-02  -3.0886873e-02  -5.0681395e-02   6.2263461e-04  -5.6359080e-04   8.1428529e-04
  -3.7176275e-02  -5.0627479e-02  -8.5032212e-02  -4.3398337e-04  -9.1307106e-04   8.4794005e-04
  -8.0293723e-02  -2.6351387e-01  -1.4968788e-01  -9.7448140e-04   4.2717074e-04   8.1394063e-05
  -1.8263662e-02  -2.2650484e-03  -1.2991332e-01  -1.7118412e-03   5.5523290e-04  -2.2093114e-04
  -4.7566152e-02  -8.1288813e-02  -9.6454128e-02   1.7011059e-03   3.1600857e-04   3.5148291e-04
  -4.9638925e-02  -3.5297612e-02  -2.2668346e-02  -5.6506487e-04  -4.1733734e-04   7.7533879e-04
  -2.4731929e-02   4.7803253e-02  -5.3089959e-02  -1.2364458e-03  -5.4359660e-04  -1.8376939e-04
  -3.7406245e-02  -8.2700843e-02  -9.1552674e-02  -1.3482413e-03  -4.0483825e-04   1.0581798e-03
  -4.9984436e-02  -4.8289796e-02  -9.8537283e-02  -1.3596729e-03  -4.3471101e-05   1.1942028e-03
  -7.3178566e-02  -7.8483436e-02  -1.7155163e-01  -1.4319042e-03   1.1482166e-04   1.8239754e-03
  -8.7943228e-02  -9.5044574e-02  -1.6344741e-01  -1.1040314e-03   4.2483026e-05   7.7581621e-04
  -7.5630429e-02  -3.6829022e-02  -1.8417635e-01  -2.2647448e-03   4.2818552e-04   9.8283259e-04
  -1.1317610e-01  -2.6992338e-02  -3.7668514e-02   1.9563374e-03  -3.3654247e-04   1.8030296e-03
  -7.5712119e-02   5.9896151e-03  -7.3793955e-02  -2.1983402e-03  -7.9217240e-04   6.3002762e-04
  -9.3852035e-02   3.3199376e-03  -7.4658762e-02   2.7175687e-04   2.2238852e-04   1.1465360e-03
  -8.7371892e-02  -2.7203808e-02  -8.0601955e-02  -9.4816104e-04  -9.1350789e-04   7.0388240e-04
  -1.0132377e-01   1.3571560e-02  -9.8579977e-02  -1.0894440e-03   7.7734504e-05   1.4325752e-03
  -9.9827746e-02  -3.0569715e-02  -6.7739171e-02   6.7997786e-04  -1.3632788e-03   1.0878487e-03
  -7.0266917e-02  -5.7678539e-02  -2.0083495e-02  -8.4356545e-04  -3.3136816e-03   1.5749798e-04
  -6.1105377e-02  -5.3062396e-02  -2.5053466e-02  -1.6096667e-03  -2.3376742e-03   4.8416482e-04
  -6.9090280e-02  -4.4930108e-02  -6.2355228e-04  -7.4230009e-04  -2.7629689e-03   7.1278542e-04
  -4.4368052e-02   1.2114403e-01  -2.3024812e-02  -1.4531868e-03  -2.5686684e-03  -2.4190805e-04
  -9.1127250e-02  -8.0601778e-02  -1.1165970e-01  -1.6137497e-04   6.4427962e-04   1.9717093e-03
  -8.7099140e-02  -5.5567203e-02  -6.7909233e-02  -2.1070945e-03  -1.5568009e-03   1.6170366e-03
  -1.2470885e-01  -6.0174313e-01  -1.1262985e-01  -2.0953064e-03  -2.8653812e-03  -1.2806841e-03
  -1.2850535e-01  -2.6494313e-02   5.7499272e-02  -3.7586330e-03  -4.7983202e-03   1.1834385e-03
  -8.4284269e-02  -3.0274733e-02   6.9711361e-02  -4.4120040e-03  -4.4764366e-03   1.8310694e-04
  -8.2864503e-02   2.4463788e-02   2.5481866e-02  -4.8883227e-03  -3.3471553e-03   6.3814340e-04
  -8.0265331e-02  -8.1090382e-02   6.5567713e-02  -1.4522317e-03  -2.0568459e-03   7.3814201e-04
  -5.5624398e-02  -1.5873457e-02   3.9964228e-02  -9.6768685e-04  -1.2884274e-03   3.8823318e-04
  -1.3912679e-02   2.5163729e-01  -4.2134627e-02  -3.3487440e-03  -1.8314527e-03  -2.5435609e-03
  -8.7511282e-02  -4.5170835e-03  -3.6113298e-02  -1.9212294e-03  -1.1567539e-04   1.1535484e-03
  -1.3478252e-02  -2.1039855e-02   1.0648112e-02  -1.0010921e-03  -2.1617027e-03  -1.8472275e-03
  -5.9522018e-02  -2.1533656e-02   3.2396550e-02  -1.9249757e-03  -1.1831448e-03   1.1732047e-04
  -1.5561989e-01  -4.1265753e-02  -2.1539565e-02  -1.6265208e-03   1.8422238e-05   2.6716626e-03
  -7.9730440e-02  -9.2304459e-03   1.3653130e-01  -4.4754456e-03  -3.5106553e-03  -8.8038873e-07
  -4.6736095e-02   4.1617979e-02   3.8369165e-02  -5.6113611e-03  -1.1339071e-03  -4.7216011e-04
  -1.6857334e-01  -1.2454245e-01   6.0971628e-02  -1.0518178e-03  -1.0650719e-03   3.2050534e-03
  -5.4478226e-02  -2.3959130e-02   7.1815838e-02  -2.8418238e-03  -1.2509981e-03  -1.2361674e-04
  -7.4880373e-02  -2.1331071e-02   5.7718055e-03  -2.5556696e-03   8.4657870e-04   2.6346920e-04
  -6.5064626e-02  -3.0612530e-02   1.0936251e-01  -2.3625876e-03  -5.1572546e-04   2.1287108e-04
  -6.5601206e-02  -5.6255342e-02   8.9489697e-02  -2.3621701e-03  -8.3933517e-04   4.5291565e-04
  -9.4666963e-02  -8.8873764e-02  -2.0504195e-02  -2.7046510e-03   1.1245105e-03   6.8354820e-04
  -4.3360145e-02  -1.6572146e-02   5.7006713e-02  -2.0874598e-03  -5.3608906e-04  -3.5682889e-05
  -1.2009380e-01  -4.2944617e-02  -1.5422887e-02  -2.8764174e-03   1.4652973e-03   2.1533471e-03
  -5.0999090e-02  -7.6385410e-03   9.4671742e-02  -6.4623221e-04  -1.5095532e-03  -1.7554664e-03
  -8.1931504e-02  -1.1151286e-02   9.1223362e-02  -1.3730848e-03  -8.0865244e-04   3.4897932e-04
  -7.8027830e-02  -2.2588571e-02   8.7839023e-02  -1.2008125e-03  -4.5136588e-04   7.6122688e-04
  -4.9726912e-02   2.1199207e-01  -2.7837615e-02  -4.4862976e-03  -1.6699272e-04  -9.2136806e-04
  -1.0350957e-01  -1.6345190e-03   5.3423559e-02  -1.3709162e-03  -1.1184679e-03   6.4301121e-04
  -9.6977904e-02  -1.7862365e-02   6.0050747e-02  -4.9234056e-03  -3.6883463e-03  -4.9356634e-04
  -2.0840352e-01   1.4428574e-02   1.0848216e-01  -4.8265429e-03  -4.7799132e-03   4.5835449e-03
  -9.4634137e-02   2.0827789e-02   1.7950242e-01  -4.6706342e-03  -3.3490382e-03   5.3992636e-04
  -7.7670648e-02   1.0362559e-02   2.0211742e-01  -4.6173002e-03  -3.1037764e-03   8.1305736e-05
  -5.6124082e-02   4.9513847e-02   1.6956321e-01  -5.1536503e-03  -3.5685089e-03  -1.1942752e-03
  -1.0216377e-01   5.9808056e-03   1.1070954e-01  -6.2761526e-03  -1.2585683e-03   1.1035700e-03
  -8.2250355e-02  -6.0740465e-01   1.9034494e-01  -1.3692460e-03  -5.3789078e-03  -2.9413967e-03
  -1.1620109e-01  -4.4390649e-02   1.2113762e-01  -1.2152380e-03   5.6923112e-05   1.4503865e-03
  -7.5364880e-02  -5.2052734e-04   1.8980468e-01  -9.0261020e-04  -9.5585729e-04   1.4635317e-04
  -1.1237322e-01  -1.2064388e-02   2.2521076e-01  -1.8343483e-03  -1.7957716e-03   2.7269447e-04
  -1.4385597e-01  -2.2300726e-02   1.5276110e-01  -2.9916523e-03   8.1796582e-04   2.1505390e-03
  -6.0574477e-02   3.7434078e-02   2.2330542e-01  -2.8926472e-03  -1.4118556e-03  -2.8465314e-04
  -8.3487728e-02   1.2416216e-02   2.1528767e-01  -3.3916816e-03  -1.7004017e-03   8.2784761e-06
  -9.7580487e-02   1.0667304e-02   2.4132478e-01  -2.9126665e-03  -1.6755087e-03   4.8203374e-04
  -6.5885385e-02  -3.6848966e-01   2.0886915e-01  -1.8331246e-03  -4.4384918e-04  -1.5799512e-03
  -6.4739978e-02  -3.9492952e-02   1.8699072e-01  -2.3057374e-03  -6.3443661e-04   6.0341259e-05
  -1.2155504e-01  -4.4000038e-04   3.0379064e-01  -8.4921843e-04  -1.2438993e-03   6.5760382e-04
  -1.1973891e-01  -6.0765314e-03   3.2398223e-01  -5.6875960e-03  -4.3551389e-03   5.9696651e-04
  -1.0939489e-01  -1.7079253e-02   3.3062204e-01  -3.3668271e-03  -1.2386411e-03   4.4259779e-04
  -8.8099499e-02   1.4310949e-02   2.9391638e-01  -2.8870601e-03  -7.2811579e-04   4.3245809e-04
  -6.4059971e-02   1.9074766e-01   2.0798709e-01  -5.8427956e-03  -4.1603146e-04  -1.0155167e-03
  -7.3921521e-02   2.8844339e-02   2.3885711e-01  -2.6719223e-03  -4.6010551e-04   1.4636874e-04
  -7.6234812e-02   4.7193960e-02   3.1086610e-01  -2.7777170e-03  -4.5396363e-04   2.0056098e-04
  -1.2649794e-01   6.1872684e-02   2.4016010e-01  -3.9303392e-03   5.2117613e-04   1.5714974e-03
  -7.6323429e-02   6.7398066e-02   3.9272051e-01  -3.1687626e-03  -8.1743849e-04   3.5689997e-04
  -7.4651694e-02   4.6162336e-02   3.7948383e-01  -3.4445162e-03  -1.0747415e-03   3.7145207e-04
  -8.8686708e-02   2.6426049e-02   3.7944937e-01  -3.5031930e-03  -1.1750316e-03   4.0753159e-04
  -2.1472829e-01   6.6118851e-01   3.6854211e-01  -2.2220746e-03  -5.9834553e-04   7.0088841e-03
  -2.4747548e-02   9.9338945e-02   2.4255063e-01  -6.1540425e-04   2.0887119e-03  -8.0878544e-04
  -4.3848311e-02   6.9864058e-02   3.3551711e-01  -2.4577135e-03   2.7622390e-05  -6.9674515e-04
  -4.9046108e-02   7.4646810e-02   3.4812278e-01  -3.0045167e-03   1.5527439e-04  -3.2426514e-04
  -8.9840160e-02  -1.5022055e-01   2.5183805e-01  -1.8050048e-03   4.1849768e-04  -7.9748763e-04
  -4.6936955e-02   6.8221539e-02   3.3972286e-01  -1.1479645e-03   9.8840775e-04  -4.1749925e-04
  -1.3214772e-01   8.6439311e-02   3.7006385e-01  -3.2926396e-03  -3.2441711e-03   4.0802940e-04
  -1.0502362e-01   3.8919571e-02   4.4784333e-01  -6.0783326e-03  -5.5527408e-03  -9.7172910e-04
  -1.0615911e-01  -4.9573623e-02   4.6429788e-01  -5.2625443e-03  -4.0981024e-03  -9.5466016e-04
  -1.4171931e-01   3.9194019e-03   4.7657669e-01  -6.8019421e-03  -5.0690887e-03   7.2274763e-04
  -1.2123269e-01   3.1741107e-02   4.4811462e-01  -8.7762744e-03  -3.4586322e-03   4.5086368e-04
  -8.8943390e-02   8.0993090e-03   4.6338414e-01  -6.8075438e-03  -2.6591972e-03   1.5421835e-04
  -8.3512527e-02   6.6837078e-02   4.9193331e-01  -6.2096069e-03  -2.2053185e-03   2.1554353e-04
  -1.0989560e-01   7.0691873e-02   4.3200522e-01  -5.5999282e-03   1.0810338e-05   1.1349725e-03
  -5.6509203e-02   7.5132662e-02   4.6748841e-01  -3.5978633e-03  -6.1762105e-04  -1.1792062e-04
  -4.9293885e-02   6.0695540e-02   4.5935467e-01  -3.9995928e-03  -1.1460657e-03  -7.4190514e-04
  -5.7131815e-02   6.8412313e-02   5.0685553e-01  -2.7898063e-03  -5.5769230e-04  -1.4117054e-04
  -6.4782259e-02   1.4263451e-01   4.8653667e-01  -2.7445776e-03   3.8272763e-04  -6.0021515e-04
  -3.9238550e-02   9.9307025e-02   5.2125707e-01  -1.7650681e-03  -5.2719675e-04  -6.2880782e-04
  -3.9349963e-02   1.0542615e-01   5.2428724e-01  -1.4473730e-03  -1.7769048e-03  -2.1341761e-03
  -7.2345856e-02   9.6653898e-02   4.8662182e-01  -2.4421986e-03   1.6427845e-04  -1.1842647e-04
  -5.9252061e-02   1.9230511e-01   4.5073163e-01  -2.4514113e-03  -3.1839946e-03  -1.4963063e-03
  -4.2540812e-02   7.4645102e-02   4.8396138e-01  -3.6263330e-03  -2.2822395e-03  -1.4299146e-03
  -4.7438178e-02   9.6486109e-02   5.3712049e-01  -2.4543196e-03  -2.0850817e-03  -6.7288639e-04
  -9.0592492e-02   7.4991833e-02   5.4713142e-01  -3.8046419e-03  -2.2602260e-03   2.9690790e-04
  -7.9287877e-02   6.8761493e-02   4.9884938e-01  -1.6303505e-03  -7.3407996e-04   2.0708933e-04
  -6.0884020e-02   1.3611920e-01   5.1299491e-01  -3.0192876e-03  -2.3957079e-03  -1.3287701e-03
  -5.7793701e-02   9.1171100e-02   5.5696122e-01  -1.9700882e-03  -1.6326321e-03  -5.0424849e-04
  -6.8199707e-02   8.9187170e-02   5.6871560e-01  -2.5877746e-03  -1.6077681e-03   2.1056613e-04
  -1.1773764e-01   9.9476940e-02   5.8545908e-01  -1.9770881e-03  -8.1165453e-04   1.6183265e-03
  -5.6100087e-02   7.5671061e-02   5.9368735e-01  -1.7047751e-03  -1.5084819e-03  -1.0633359e-05
  -5.9159354e-02   1.0839865e-01   6.0504936e-01  -2.4087340e-03  -9.7838005e-04   4.7164309e-04
  -9.3986291e-02   1.2058485e-01   5.8961226e-01  -3.5704472e-03  -6.4816106e-04   1.5013169e-03
  -8.0954381e-02   9.2804237e-02   6.2668299e-01  -9.1447786e-04  -3.0505857e-03   4.2456160e-05
  -5.7920260e-02   8.2834447e-02   6.1251347e-01  -2.7882443e-03  -3.3064835e-03  -1.3839377e-03
  -8.5590172e-02   9.6319940e-02   6.8360830e-01  -2.4499446e-03  -2.0978630e-03   3.6933495e-04
  -9.0511833e-02   1.0242026e-01   6.7978186e-01  -2.9425242e-03  -2.1385442e-03   4.6629249e-04
  -7.8919698e-02   1.2618470e-01   6.8906719e-01  -2.7676446e-03  -1.9375769e-03   5.5531336e-04
  -1.1102621e-01   6.0261853e-02   7.0076516e-01  -3.6578211e-03  -2.5178856e-03   8.2116765e-04
  -9.9039404e-02   1.2187490e-01   6.8563428e-01  -3.2090603e-03  -2.4690908e-03   9.7336943e-04
  -1.0942911e-01   1.1764856e-01   6.9609573e-01  -3.6491917e-03  -1.9094641e-03   1.3595191e-03
  -1.0140554e-01   1.2255815e-01   7.1260066e-01  -3.3831237e-03  -2.0603162e-03   8.7676244e-04
  -9.6285523e-02  -9.7255857e-02   7.6775287e-01  -1.0280087e-03  -1.8356421e-03  -2.8568592e-04
  -8.5342475e-02   1.5247656e-01   6.6550681e-01  -2.3195859e-03  -1.3411577e-03   9.7219308e-04
  -7.2950786e-02   1.6416121e-01   7.0961008e-01  -1.8704613e-04  -1.1537594e-03   3.9432199e-04
  -1.0869655e-01   1.4341373e-01   6.7284611e-01  -8.2897753e-04  -7.3647744e-04   1.3870671e-03
  -1.0224660e-01   1.3812563e-01   6.9521816e-01  -5.5117395e-04  -7.4701596e-04   1.2579744e-03
  -7.1836330e-02   1.3184179e-01   7.2882653e-01  -1.0065592e-03  -1.0844404e-03   8.7756947e-04
  -7.9645583e-02   1.4418419e-01   7.3266606e-01  -2.3444657e-03  -1.3624498e-03   8.8832813e-04
  -1.0935306e-01   1.2149926e-01   7.5272434e-01  -3.7826308e-03  -1.5123107e-03   1.7956418e-03
  -1.0614017e-01   1.1333379e-01   7.5176960e-01  -3.0164166e-03  -1.9135514e-03   1.6973168e-03
  -1.4434775e-01   1.4823169e-01   7.6663961e-01  -5.3984048e-03  -2.5555473e-03   2.1405727e-03
  -1.4710345e-01   1.6697984e-01   7.7125676e-01  -3.1318982e-03  -2.9384321e-03   1.3854807e-03
  -9.0920250e-02   1.6443778e-01   8.4785256e-01  -4.1671795e-03  -5.0525829e-03  -2.3975141e-04
  -8.7904288e-02  -7.7771876e-02   7.5083800e-01  -8.5238957e-03  -4.5433702e-03  -2.0214178e-03
  -7.7022590e-02   1.6591747e-01   8.8135332e-01  -8.0560868e-04   9.3680358e-04   9.0841910e-04
  -9.3754784e-02   1.5301928e-01   8.6858892e-01  -3.2287591e-03  -8.0114313e-04   6.2410007e-04
  -6.6228028e-02   1.4561330e-01   8.7068582e-01  -2.8226567e-03  -7.4423010e-04   3.1845066e-04
  -1.2140174e-01   1.6153570e-01   8.9208909e-01  -3.4049940e-03  -7.9581395e-04   1.8982587e-03
  -9.2274412e-02   1.6735773e-01   8.7683377e-01  -3.6145713e-03  -2.7045384e-03   1.0720902e-03
  -6.0211235e-02   1.8442321e-01   8.7767284e-01  -3.8151453e-03  -1.8722826e-03  -3.3700044e-04
  -1.3883767e-01   1.1472788e-01   8.1422929e-01  -4.6969504e-03  -1.6594648e-03   2.5276938e-03
  -7.2393742e-02   1.4970086e-01   9.1114189e-01  -3.6758264e-03  -2.8238823e-03   8.3673159e-04
  -7.6943561e-02   1.9411813e-01   9.3009272e-01  -2.3938356e-03  -9.0495331e-04  -3.2075207e-04
  -8.9142841e-02   1.6751602e-01   9.6715234e-01  -3.7663999e-03  -2.6183998e-03   3.3910565e-04
  -7.4908170e-02   1.7714640e-01   9.6559674e-01  -3.5734436e-03  -2.1985153e-03   6.0000631e-04
  -9.3710591e-02   1.6833380e-01   9.7517036e-01  -4.6027006e-03  -1.9284508e-03   1.0810931e-03
  -1.0840780e-01   1.2470176e-01   9.6392449e-01  -4.5265001e-03  -1.8141398e-03   1.4037448e-03
  -9.1563088e-02   1.2681194e-01   9.9382600e-01  -4.1427469e-03  -1.3578863e-03   1.1367448e-03
  -8.2456100e-02   1.9670572e-01   9.9237067e-01  -3.6875219e-03  -1.5833697e-03   7.5705600e-04
  -9.6956515e-02   2.0025509e-01   1.0128157e+00  -3.5319242e-03  -2.6554974e-03   1.0090763e-03
  -6.1054892e-02   1.6168585e-01   1.0259615e+00  -2.9033674e-03  -1.8224951e-03   5.1388792e-05
  -9.5475574e-02   2.0054813e-01   9.7472506e-01  -2.8132844e-03   7.3238473e-05   1.2003022e-03
  -6.5650900e-02   1.1300317e-01   1.0716453e+00  -2.8603789e-03  -1.6988555e-03  -1.6913095e-04
  -7.6588167e-02   2.0569003e-01   1.0616990e+00  -3.4848641e-03  -1.7051007e-03  -7.5900453e-05
  -8.9445067e-02   1.7741469e-01   1.0717234e+00  -5.1961273e-03  -1.5923828e-03   1.3161075e-03
  -5.8672421e-02   2.6102402e-01   1.0747193e+00  -4.2697481e-03  -1.7032265e-03   1.9534017e-06
  -5.1987724e-02   2.2042584e-01   1.0804836e+00  -8.8444379e-04  -7.7836785e-04  -4.2827097e-05
  -5.5221518e-02   2.0511817e-01   1.0714323e+00  -2.2752380e-03  -1.4061752e-03   7.2247252e-04
  -7.5108697e-02   2.0263629e-01   1.1197528e+00  -2.2340101e-03  -1.3733579e-03   7.1972050e-04
  -8.9110007e-02   2.1831083e-01   1.1394594e+00  -2.4541781e-03  -1.3989216e-03   1.3148420e-03
  -9.6974931e-02   3.7973616e-01   1.0593780e+00  -4.5471464e-03  -2.1987578e-03   4.0071343e-04
  -1.6823405e-01   2.5212681e-01   1.0986981e+00  -3.6843573e-03  -1.3633073e-03   3.5469411e-03
  -1.3154277e-01   2.0345584e-01   1.1622608e+00  -3.3947816e-03  -4.8941643e-03   1.6446950e-03
  -1.0477345e-01   3.3401644e-01   1.2044144e+00  -3.5276155e-03  -3.5744767e-03   4.3551699e-04
  -9.5494689e-02   2.2920305e-01   1.2100466e+00  -4.1626694e-03  -3.1801974e-03   4.5991670e-04
  -1.0462868e-01   1.9940533e-01   1.1701930e+00  -3.6792240e-03  -1.5258375e-03   1.6816596e-03
  -7.5192241e-02   2.3916050e-01   1.2034005e+00  -1.6190137e-03  -2.7645966e-03   7.0268827e-04
  -7.9762400e-02   2.9516789e-01   1.2013873e+00  -4.2070759e-03  -2.7220308e-03   7.1344250e-04
  -9.5860929e-02   7.7375271e-02   1.2455809e+00  -2.9688935e-03  -2.2308987e-03   1.3132157e-03
  -7.5454117e-02   5.5690547e-02   1.1373093e+00  -5.7564063e-03  -4.0103343e-03  -2.6553125e-04
  -6.5628169e-02   2.2543373e-01   1.2667265e+00  -3.2272918e-03  -2.3892393e-03   4.9718239e-04
  -6.4249505e-02   2.2680777e-01   1.2729573e+00  -3.7057599e-03  -2.3320445e-03   8.9378314e-04
  -5.9616034e-02   2.3819456e-01   1.2816880e+00  -3.1630544e-03  -2.2922476e-03   8.3678837e-04
  -1.1060246e-01   2.6701843e-01   1.2342712e+00  -2.1140063e-03  -1.4785791e-03   1.7678563e-03
  -5.1373448e-02   2.4330243e-01   1.2904415e+00  -2.0792423e-03  -2.2012967e-03   8.2715843e-04
  -5.9173065e-02   2.5745867e-01   1.3341277e+00  -2.3880068e-03  -2.0763746e-03   6.0324675e-04
  -8.5297411e-02   2.3749017e-01   1.3402705e+00  -3.6127824e-03  -1.6102622e-03   1.6463891e-03
  -5.9544955e-02   2.4605646e-01   1.3530083e+00  -3.9023891e-03  -1.7099409e-03   4.0794232e-04
  -8.2734944e-02   2.6268256e-01   1.3376242e+00  -4.3517939e-03  -2.3509752e-03   1.6480247e-03
  -6.7364651e-02   2.2818261e-01   1.3772448e+00  -3.0317916e-03  -1.6614272e-03   1.7122702e-03
  -7.0813637e-02   2.5617268e-01   1.3644772e+00  -4.3244703e-03  -1.6655185e-03   1.7785459e-03
  -9.9650062e-02   2.3726769e-01   1.3889843e+00  -3.8757559e-03  -1.8979527e-04   2.2726521e-03
  -7.1856508e-02   2.3203765e-01   1.3825390e+00  -1.6075696e-03  -2.1757323e-03   1.0665083e-03
  -8.2238947e-02   2.3578363e-01   1.4209874e+00  -2.3287505e-03  -2.3666202e-03   1.3273667e-03
  -9.8598436e-02   2.3921932e-01   1.4892405e+00  -1.8662690e-03  -1.7605328e-03   2.0411913e-03
  -1.4983787e-01   1.6315076e-01   1.4007196e+00  -3.5139403e-03  -2.7196585e-03   3.4500191e-03
  -8.5674184e-02   2.8784588e-01   1.4359374e+00  -2.9622138e-03  -2.3204370e-03   1.4419749e-03
  -9.4775534e-02   3.0636851e-01   1.4487648e+00  -2.5021774e-03  -2.1088655e-03   2.5029312e-04
  -1.9136373e-01   2.0482408e-01   1.4035001e+00  -3.0825850e-03  -2.9372128e-03   3.4619928e-03
  -2.0299894e-01   1.9664886e-01   1.4919625e+00  -7.4810395e-03  -7.3450889e-03   1.4999332e-03
  -2.2748848e-01   1.6051763e-01   1.3879473e+00  -5.3236159e-03  -1.0528134e-03   3.4104057e-03
  -2.4682983e-01   2.2004937e-01   1.5112046e+00  -1.7271502e-02  -1.3754807e-02   3.1569723e-03
  -2.5729689e-01   1.0674582e-01   1.3829951e+00  -6.8532839e-03  -1.8360642e-03   4.4881787e-03
  -1.6029362e-01   1.9918704e-02   1.4839133e+00  -4.1991050e-03  -2.5610435e-03   2.0452902e-03
  -1.6853682e-01   1.9869918e-01   1.5403072e+00  -4.8126071e-03  -3.5360726e-03   3.7522231e-03
  -1.5110293e-01   2.2939077e-01   1.5604290e+00  -5.3295173e-03  -2.9792761e-03   3.6258903e-03
  -1.3010434e-01   2.2068680e-01   1.5504187e+00  -6.0395920e-03  -2.9839270e-03   2.7730905e-03
  -1.3030489e-01   2.5319496e-01   1.5430209e+00  -5.8829338e-03  -2.1922181e-03   3.0635596e-03
  -1.2427823e-01   2.1965732e-01   1.5269604e+00  -6.0618463e-03  -2.8516347e-03   2.5074114e-03
  -1.2566882e-01   2.6586409e-01   1.5642883e+00  -5.9683881e-03  -1.8135684e-03   2.9507844e-03
  -1.1396786e-01   3.0601683e-01   1.5269809e+00  -4.7980913e-03  -2.2797757e-03   2.1354133e-03
  -1.1087007e-01   2.5136830e-01   1.5508951e+00  -5.0175679e-03  -2.0082249e-03   1.9320612e-03
  -8.3948948e-02   2.7781518e-01   1.5832631e+00  -5.2306629e-03  -2.0399868e-03   8.2398020e-04
  -9.4452468e-02   2.7944728e-01   1.6008657e+00  -5.2768552e-03  -1.7935659e-03   2.2285466e-03
  -9.6149592e-02   2.6173081e-01   1.6132709e+00  -5.2846718e-03  -1.9574745e-03   2.2967502e-03
  -9.2443325e-02   2.8482009e-01   1.6372763e+00  -5.3854993e-03  -1.6235925e-03   2.2885507e-03
  -9.8354434e-02   2.5709809e-01   1.6318120e+00  -5.6634710e-03  -2.1734138e-03   2.4660380e-03
  -1.0361206e-01   3.3604111e-01   1.6666053e+00  -5.0182172e-03  -1.8102843e-03   9.7078555e-04
  -2.1427478e-01   2.3663639e-01   1.7140651e+00  -4.0725146e-03  -2.1859030e-03   5.4834576e-03
  -1.1686875e-01   3.5246731e-01   1.7364585e+00  -5.2991979e-03  -7.9352755e-03   1.1413596e-03
  -8.4072059e-02   3.2829927e-01   1.7310321e+00  -4.2955543e-03  -4.6777851e-03   4.2202258e-04
  -9.1342332e-02   3.3646971e-01   1.7781343e+00  -3.9434956e-03  -4.6073647e-03   1.0806117e-03
  -5.4512816e-02   4.0046210e-01   1.7840523e+00  -3.4694248e-03  -3.8899283e-03   3.1074140e-04
  -7.1861010e-02   3.6118513e-01   1.7847742e+00  -3.7658813e-03  -3.7883581e-03   1.0408890e-03
  -5.8327106e-02   3.5743227e-01   1.7787261e+00  -3.9812554e-03  -3.5404342e-03   1.2109044e-03
  -9.7399840e-02   2.5803205e-01   1.6375440e+00  -3.0209981e-03  -1.1642754e-03   2.7717795e-03
  -4.1783689e-02   3.5148202e-01   1.7924931e+00  -1.3912456e-03  -2.3458098e-03   1.3312018e-03
  -6.7891609e-02   2.8964916e-01   1.7826915e+00  -1.0871306e-03  -1.1483041e-03   1.5373391e-03
  -6.1420123e-02   2.9312993e-01   1.8820010e+00  -1.0403673e-03  -2.7594912e-03   1.1865750e-03
  -6.0685944e-02   3.3037058e-01   1.8647863e+00  -2.2461120e-03  -2.7561059e-03   1.5079709e-03
  -4.6616895e-02   3.8381626e-01   1.8668625e+00  -2.4929833e-03  -2.2236295e-03   5.4669316e-04
  -8.0878379e-02   3.4046632e-01   1.9011900e+00  -2.0512478e-03  -3.1394552e-03   1.6992442e-03
  -5.0533090e-02   3.1312212e-01   1.9006624e+00  -2.2518419e-03  -2.7682823e-03   5.0210806e-04
  -6.8335789e-02   3.2934629e-01   1.9149787e+00  -3.0689466e-03  -2.4855130e-03   1.3055866e-03
  -8.9018895e-02   3.6414392e-01   1.9173854e+00  -2.5976520e-03  -2.5689777e-03   1.9302134e-03
  -7.8917023e-02   3.3593752e-01   1.9294051e+00  -1.9541007e-03  -3.3049263e-03   1.6411852e-03
  -6.3934601e-02   3.4200831e-01   1.9312937e+00  -2.8108037e-03  -2.9504563e-03   1.0672116e-03
  -4.0415797e-02   3.0126178e-01   1.9815797e+00  -1.8274481e-03  -3.9885890e-03  -1.5694132e-03
  -7.0105428e-02   3.6379433e-01   1.9704936e+00  -2.9158252e-03  -2.8057890e-03   1.7285200e-03
  -1.1812274e-01   3.7560015e-01   1.9187877e+00  -4.2365849e-03  -1.8706202e-03   3.2750568e-03
  -5.9228106e-02   3.4659118e-01   1.9857489e+00  -2.2705546e-03  -2.6715481e-03   1.6818076e-03
  -4.4870621e-02   3.4256466e-01   2.0156744e+00  -2.1357160e-03  -2.3221573e-03   1.2398229e-03
  -5.7300389e-02   3.2946557e-01   2.0843790e+00  -1.8943497e-03  -2.8111010e-03   1.0279120e-03
  -6.1412563e-02   3.6824657e-01   2.0408104e+00  -3.3090363e-03  -2.4315937e-03   1.3925372e-03
  -6.1651180e-02   3.3976409e-01   2.0117897e+00  -3.3008315e-03  -2.4234452e-03   1.6405007e-03
  -5.1630877e-02   3.7736850e-01   2.0421283e+00  -3.0199444e-03  -2.0511659e-03   1.6054613e-03
  -4.6543005e-02   3.4780394e-01   2.0433665e+00  -3.2927622e-03  -2.4795736e-03   1.2800335e-03
  -6.0317178e-02   3.3370396e-01   2.0719068e+00  -2.8192021e-03  -2.6534005e-03   1.3382436e-03
  -6.9437792e-02   3.3384545e-01   2.0532688e+00  -4.6343998e-03  -2.1218848e-03   2.0968874e-03
  -6.1996864e-02   3.2486405e-01   2.0716879e+00  -4.0038969e-03  -2.1802303e-03   1.8823370e-03
  -5.3753989e-02   3.5606326e-01   2.1172935e+00  -3.4030203e-03  -1.3786103e-03   1.8083604e-03
  -8.5702652e-02   4.1651851e-01   2.1008278e+00  -4.0201729e-03  -2.7948052e-03   2.1184612e-03
  -5.7468804e-02   3.8019797e-01   2.1422915e+00  -2.5232977e-03  -2.3536954e-03   1.6000190e-03
  -4.5115817e-02   3.4220744e-01   2.1683249e+00  -2.4027201e-03  -2.3343388e-03   1.0717462e-03
  -1.1024164e-01   4.3593938e-01   2.1229103e+00  -3.7348340e-03  -2.4475397e-03   7.3751325e-04
  -1.1617507e-01   3.2993569e-01   2.1734082e+00  -4.9343337e-04  -2.7656777e-03   3.2909395e-03
  -6.8160668e-02   4.1537391e-01   2.2016603e+00  -5.9667836e-04  -5.4145174e-03   4.5664991e-04
  -6.5328903e-02   4.0399224e-01   2.2377982e+00  -2.5357047e-03  -5.2141150e-03   8.8829648e-04
  -3.8820326e-02   3.9651819e-01   2.2721993e+00  -1.8009978e-03  -4.2274840e-03   5.6707353e-04
  -4.0025625e-02   4.0733720e-01   2.2834177e+00  -2.4744924e-03  -3.7129682e-03   8.5689604e-04
  -6.1271670e-02   3.6821102e-01   2.2432283e+00  -3.0443660e-03  -3.8679952e-03   1.5220597e-03
  -4.9227328e-02   3.5138956e-01   2.2662142e+00  -2.1438983e-03  -3.5210257e-03   1.1778283e-03
  -4.2823090e-02   4.0736338e-01   2.2677593e+00  -2.3581659e-03  -3.8101028e-03   1.3157233e-03
  -6.2958098e-02   4.1269777e-01   2.3039337e+00  -2.2671143e-03  -3.3171903e-03   1.7209429e-03
   6.5250842e-03   1.6730317e-01   2.2335600e+00  -4.4868032e-03  -4.0477566e-03  -1.7309418e-03
  -1.4296693e-02   4.1541917e-01   2.3154662e+00  -1.9718889e-03  -2.9711226e-03   1.1757335e-03
  -7.5184547e-02   3.4681078e-01   2.3082464e+00  -4.0875924e-03  -3.6642556e-03   1.6732040e-03
  -4.7375507e-02   3.9694237e-01   2.3332285e+00  -2.0458268e-03  -2.8110338e-03   1.5174081e-03
  -4.0865189e-02   4.3309090e-01   2.3364402e+00  -3.6349601e-03  -2.9218602e-03   1.1083650e-03
   1.3454659e-02   9.9494436e-01   2.3278686e+00  -2.1082118e-03  -2.9970227e-03  -8.5299683e-04
  -3.5455657e-02   4.0228297e-01   2.3885357e+00  -2.2834064e-03  -2.9029703e-03   1.4087427e-03
  -4.1550394e-02   3.9074251e-01   2.3991162e+00  -1.8646638e-03  -2.7343283e-03   1.2887561e-03
  -4.5781473e-02   4.0045535e-01   2.3968778e+00  -2.4260236e-03  -2.4767466e-03   1.6003308e-03
  -2.0840129e-02   4.0111484e-01   2.4006185e+00  -1.5793912e-03  -2.8171118e-03   8.3244605e-04
  -2.6606135e-02   4.0384690e-01   2.4039657e+00  -2.4149953e-03  -2.4981198e-03   1.1709810e-03
  -5.2086044e-02   4.8055933e-01   2.3952292e+00  -9.8487711e-04  -1.2623441e-03   8.9216865e-04
  -6.5427378e-02   4.3132344e-01   2.4235354e+00  -7.6341516e-04  -3.7303803e-03   8.3687402e-04
  -6.8222143e-02   4.5932274e-01   2.4813228e+00  -2.9898005e-04  -3.1951880e-03   1.2996461e-03
  -8.7814824e-02   4.5146834e-01   2.5560725e+00   1.3325877e-04  -3.9933176e-03   1.0540068e-03
  -7.9153231e-02   4.4374713e-01   2.5359718e+00  -1.5772452e-03  -4.6689624e-03   1.2400097e-03
  -6.2505586e-02   4.7563575e-01   2.5066111e+00  -3.2107534e-03  -3.5975402e-03   1.3021038e-03
  -7.8726654e-02   4.4516286e-01   2.5466054e+00  -2.1566470e-03  -3.4165033e-03   2.2634066e-03
  -5.7405154e-02   4.2268499e-01   2.5556592e+00  -2.3127515e-03  -3.5529470e-03   1.9007806e-03
  -4.6562532e-02   4.3891296e-01   2.5790785e+00  -2.9752106e-03  -3.7477062e-03   1.6883596e-03
  -6.5004993e-02   4.4237545e-01   2.5656057e+00  -3.1009117e-03  -3.8082066e-03   1.6850353e-03
  -5.4974243e-02   4.1926807e-01   2.5778140e+00  -2.3961187e-03  -3.5951467e-03   2.0320344e-03
  -5.0724186e-02   4.4979899e-01   2.5813589e+00  -2.3268831e-03  -3.1397611e-03   1.9025808e-03
  -3.8173272e-02   4.5970209e-01   2.5838259e+00  -2.6058209e-03  -3.0726079e-03   8.1678064e-04
  -5.2567649e-02   4.4317499e-01   2.6101090e+00  -2.2178814e-03  -3.1491253e-03   1.9474234e-03
  -6.1231493e-02   4.3941635e-01   2.5958495e+00  -2.4916042e-03  -3.4718817e-03   1.9811059e-03
  -3.7100043e-02   4.4430423e-01   2.6082937e+00  -2.6624193e-03  -3.0381382e-03   9.5054446e-04
  -7.9056577e-02   4.7512392e-01   2.6078767e+00  -4.1472351e-03  -1.8116812e-03   2.4650867e-03
  -5.9293924e-02   4.8622771e-01   2.6340419e+00  -1.5098101e-03  -3.5360198e-03   1.6432384e-03
  -5.4462746e-02   4.5661424e-01   2.6703603e+00  -1.5853468e-03  -3.0453402e-03   1.5860054e-03
   1.3096487e-02   2.2003737e-01   2.6448104e+00  -4.4960415e-03  -2.9134216e-03  -1.6345056e-03
  -5.7950243e-02   4.5501180e-01   2.6858773e+00  -2.7616753e-03  -3.1875100e-03   1.3892972e-03
  -4.7562748e-02   4.8198593e-01   2.7001731e+00  -1.8502658e-03  -2.8275327e-03   1.8211431e-03
  -5.5605034e-02   5.0195103e-01   2.7012368e+00  -2.6399173e-03  -2.9830445e-03   1.8900910e-03
  -5.4007860e-02   4.6598466e-01   2.7118889e+00  -2.2948788e-03  -3.3831038e-03   2.0190779e-03
  -3.4570171e-02   4.5537907e-01   2.7223218e+00  -1.8274918e-03  -3.3969579e-03   1.3610276e-03
  -3.6641745e-02   4.8098526e-01   2.7717342e+00  -1.6345905e-03  -2.3434126e-03   1.6058815e-03
  -4.9186957e-02   4.6461490e-01   2.7757699e+00  -1.6107853e-03  -2.7630376e-03   1.7732059e-03
  -4.2123538e-02   4.6081325e-01   2.7996204e+00  -1.1021286e-03  -2.7726070e-03   1.8323954e-03
  -5.6666839e-02   4.8728403e-01   2.8262787e+00  -2.6670175e-03  -2.4677813e-03   2.0901522e-03
  -5.0267467e-02   4.5329823e-01   2.7743195e+00  -2.6839028e-03  -2.9105620e-03   1.6554569e-03
  -3.2285565e-02   4.9317959e-01   2.8151048e+00  -2.0592398e-03  -2.3888910e-03   1.3828554e-03
  -6.8880230e-02   5.0223822e-01   2.7973248e+00  -2.7240669e-03  -2.6897313e-03   2.3671113e-03
  -2.9594015e-02   4.8740631e-01   2.8159708e+00  -1.8617678e-03  -2.9407539e-03   1.2398875e-03
  -3.1139761e-02   5.0425616e-01   2.8260021e+00  -1.9600878e-03  -2.4775026e-03   1.2118310e-03
  -4.1847522e-02   4.9204951e-01   2.8429615e+00  -1.6619728e-03  -2.5861616e-03   1.6248134e-03
  -4.0829139e-02   4.9048822e-01   2.8361486e+00  -2.7083685e-03  -3.1703025e-03   1.9804363e-03
  -2.7157024e-02   5.2824729e-01   2.8776866e+00  -2.0254551e-03  -2.4317472e-03   1.3988865e-03
   1.1313051e-01   1.3947806e+00   2.7981474e+00  -2.4072668e-03  -2.6369420e-03  -3.2533917e-03
  -3.5354094e-02   5.0924240e-01   2.8923017e+00  -2.5688805e-03  -3.0288123e-03   1.3789721e-03
  -2.3745717e-02   5.0093689e-01   2.8965321e+00  -3.3239669e-03  -3.3200184e-03   1.4552454e-03
  -4.3357152e-02   5.2161922e-01   2.9391270e+00  -1.8813337e-03  -3.0476886e-03   1.7898829e-03
  -3.7975960e-02   5.1080229e-01   2.9164607e+00  -2.8277055e-03  -3.2233541e-03   1.7453298e-03
  -7.4824681e-02   5.1730951e-01   2.9383914e+00  -2.6541313e-03  -2.9854502e-03   2.6846962e-03
  -7.9724075e-02   4.9501364e-01   2.9468037e+00  -2.2760782e-03  -3.2179760e-03   2.5249244e-03
  -6.3227385e-02   4.7648874e-01   2.9712059e+00  -1.6150089e-03  -3.5534657e-03   1.9688561e-03
  -7.8007505e-02   5.0638319e-01   3.0225607e+00  -2.1195400e-03  -2.3903876e-03   2.3871160e-03
  -7.3004411e-02   5.4408160e-01   3.0339246e+00  -1.9037574e-03  -2.1128719e-03   2.7658268e-03
  -9.4397521e-02   5.8633306e-01   2.9802186e+00  -1.6045285e-04  -1.9928257e-03   3.0376016e-03
  -1.2049237e-01   5.7803175e-01   2.9608451e+00   1.7073469e-03  -1.9929966e-03   2.4344669e-03
  -8.2778574e-02   5.4474839e-01   2.9460042e+00   1.0581496e-03  -1.2809430e-03   1.5836163e-03
  -6.8057485e-02   5.6261524e-01   2.9278324e+00  -2.9120283e-03  -1.9103212e-03   1.9029759e-03
  -1.7485842e-01   3.9557163e-01   2.9925547e+00  -4.0260200e-03   4.9550407e-04   5.7258491e-03
  -8.1551716e-02   4.4851896e-01   3.0216472e+00  -3.3271576e-03  -1.4403316e-03   3.2007508e-03
  -7.6570368e-02   3.8077870e-01   3.0461791e+00  -3.5259933e-03  -1.8278787e-03   2.0120212e-03
  -4.8477269e-02   5.0923062e-01   3.0561444e+00  -3.7086155e-03  -1.8607886e-03   1.9126336e-03
  -5.6594923e-02   5.3347799e-01   3.0677914e+00  -4.0194104e-03  -1.5403929e-03   2.4309898e-03
  -3.7064547e-02   5.5079715e-01   3.0372952e+00  -3.3621363e-03  -2.0306775e-03   8.9173425e-04
  -4.9618992e-02   5.0487244e-01   3.0383639e+00  -4.1690779e-03  -1.3664984e-03   2.3026365e-03
  -5.4514312e-02   4.9070118e-01   3.0876261e+00  -3.7880084e-03  -1.7571448e-03   1.9791230e-03
  -3.6310230e-02   5.1140018e-01   3.0520967e+00  -4.5005628e-03  -1.3725392e-03   1.6580649e-03
  -4.8721122e-02   4.7951334e-01   3.0993348e+00  -3.4226393e-03  -9.3596129e-04   2.0538061e-03
  -5.4716392e-02   4.9971454e-01   3.1366999e+00  -3.7472188e-03  -5.8256277e-04   2.4075952e-03
  -6.9563667e-02   5.2765757e-01   3.1539608e+00  -3.5048097e-03  -1.0079309e-03   3.2585030e-03
  -4.9757776e-02   4.8876417e-01   3.1164759e+00  -3.5478222e-03  -1.7234213e-03   2.0260859e-03
  -5.2049098e-02   2.1223363e-01   3.0926359e+00  -3.8511481e-03  -1.0330737e-03   1.3515989e-03
  -3.7564809e-02   5.4815657e-01   3.1796726e+00  -8.2513114e-04  -4.1339257e-03   7.1835636e-04
  -3.7521264e-02   5.5192882e-01   3.2233001e+00  -1.1985319e-03  -3.4875475e-03   4.6139461e-04
  -1.8447128e-02   5.6421654e-01   3.2567615e+00  -1.3207106e-03  -2.9164571e-03   1.0448940e-03
  -4.5086333e-02   5.7162074e-01   3.2592165e+00  -1.8466070e-03  -3.0807671e-03   1.7264992e-03
  -1.7211292e-02   5.2148393e-01   3.2816856e+00  -1.1841626e-03  -1.6470091e-03   1.0005598e-03
  -5.8100164e-03   6.1465504e-01   3.3020200e+00  -1.1919097e-03  -2.7148886e-03   1.2305070e-03
   1.1010786e-02   5.5060999e-01   3.3036547e+00  -2.3690944e-03  -1.9686088e-03   3.2522820e-04
  -1.5811685e-02   5.7297704e-01   3.3453631e+00  -1.4253441e-03  -2.3344754e-03   1.6287035e-03
   7.9680219e-03   6.2721979e-01   3.3729680e+00  -1.6393919e-03  -2.1397102e-03   1.3024704e-03
   3.0403199e-03   5.5825004e-01   3.3695673e+00  -1.7214550e-03  -2.2211710e-03   1.2893094e-03
   1.2695341e-02   3.8889534e-01   3.2495215e+00  -6.4574870e-03  -2.8524646e-03  -4.4065220e-05
  -1.9624297e-02   5.8811915e-01   3.3790006e+00  -2.5865214e-03  -2.3965127e-03   1.9965147e-03
   4.4588278e-02   6.4379979e-01   3.3540892e+00  -2.7978754e-03  -1.6196812e-03   1.7885462e-04
  -3.2817630e-03   6.1952702e-01   3.4156648e+00  -2.4246370e-03  -1.8408862e-03   1.6513325e-03
  -1.7736181e-02   6.8793919e-01   3.3491069e+00  -3.6614096e-03  -2.5724002e-03   1.2025860e-03
   6.1056369e-04   5.5495172e-01   3.4005769e+00  -2.7463202e-03  -2.1001743e-03   1.5289835e-03
   7.1892723e-04   6.1247964e-01   3.4451467e+00  -2.2002127e-03  -2.3521569e-03   1.4609131e-03
  -1.5170750e-02   5.7841192e-01   3.4477609e+00  -2.7774652e-03  -2.1733073e-03   1.5617085e-03
   1.8782679e-02   5.7698791e-01   3.4340863e+00  -2.7614018e-03  -2.3146335e-03   1.3047592e-03
  -8.5877383e-03   5.6795368e-01   3.4673267e+00  -2.9893963e-03  -1.9586994e-03   1.5683633e-03
  -2.1632784e-02   9.1590705e-02   3.4032359e+00  -6.4411897e-03  -2.5696543e-03  -1.2568807e-04
   6.3641657e-03   5.8520199e-01   3.5070999e+00  -1.5991435e-03  -2.1895990e-03   1.2223972e-03
   8.5188367e-03   6.0474844e-01   3.4934268e+00  -2.5984077e-03  -1.8664183e-03   1.3915056e-03
   3.4509652e-03   6.1092702e-01   3.5137802e+00  -1.9236255e-03  -1.8157883e-03   1.8380771e-03
  -2.3916839e-03   5.8799866e-01   3.5152734e+00  -1.8960667e-03  -2.3783214e-03   2.0084769e-03
   1.6184349e-02   6.3814195e-01   3.5428702e+00  -1.7449832e-03  -1.8515735e-03   1.4135525e-03
   7.3421475e-03   5.9821389e-01   3.5483652e+00  -2.2952938e-03  -1.8484295e-03   2.0755765e-03
  -4.8736397e-03   6.1554255e-01   3.5612005e+00  -1.8222457e-03  -2.2435743e-03   1.7028748e-03
  -8.8037862e-03   6.7597639e-01   3.5208498e+00  -2.9213689e-03  -2.0518457e-03   1.8581813e-03
  -2.3588492e-03   6.1523009e-01   3.5575374e+00  -2.9725301e-03  -2.0536638e-03   1.9422021e-03
  -1.1383404e-02   6.1631500e-01   3.5742569e+00  -1.9401584e-03  -2.0632577e-03   1.9341858e-03
  -2.0450948e-02   6.2866319e-01   3.5691235e+00  -3.4525268e-03  -1.9212827e-03   2.0086891e-03
  -2.2178846e-02   6.1552533e-01   3.6098557e+00  -1.8948891e-03  -1.9414582e-03   2.2315130e-03
  -1.3069407e-02   6.2620000e-01   3.6240724e+00  -3.1905724e-03  -2.1710895e-03   1.7934039e-03
   7.6793730e-03   5.5081466e-01   3.6291951e+00  -2.5113292e-03  -2.7525590e-03   9.9361149e-04
   5.3441013e-03   6.2775701e-01   3.6370649e+00  -2.3707202e-03  -2.2552073e-03   1.7037154e-03
  -1.5371815e-02   6.4678429e-01   3.6719898e+00  -2.9870979e-03  -2.0903771e-03   2.1464797e-03
  -3.1072883e-04   6.2265255e-01   3.6838316e+00  -1.5534764e-03  -2.1519282e-03   1.9759769e-03
  -8.0674177e-03   6.2254777e-01   3.6825270e+00  -2.5467475e-03  -2.3339408e-03   1.8710230e-03
   1.2476559e-02   6.3873379e-01   3.7211721e+00  -1.7989759e-03  -2.2023741e-03   1.3845861e-03
   1.5322662e-05   6.1219336e-01   3.7248717e+00  -1.8511628e-03  -2.1415308e-03   1.8001235e-03
  -1.5393486e-03   6.2704668e-01   3.7440539e+00  -2.0500487e-03  -2.3331787e-03   1.9300941e-03
  -4.7390898e-02   6.6238979e-01   3.6373579e+00  -5.1823583e-04  -6.2569625e-04   2.4821192e-03
  -2.6181136e-02   6.5287936e-01   3.7058764e+00   5.1629389e-04  -2.8407669e-03   1.4686312e-03
  -6.4221950e-03   6.5614660e-01   3.7659885e+00   8.4435643e-04  -2.0938849e-03   1.7438747e-03
  -4.3500524e-02   4.5201373e-01   3.8501377e+00   4.4727032e-03  -3.2817668e-03   1.1718809e-03
  -2.0114505e-02   6.5102878e-01   3.8148131e+00  -2.8643230e-04  -3.3498989e-03   1.9175721e-03
  -2.8967375e-02   6.3661187e-01   3.8219101e+00  -4.4065157e-04  -3.6839887e-03   2.1530981e-03
  -3.2245748e-02   6.9166943e-01   3.8493891e+00  -1.0271890e-03  -3.1335214e-03   2.6564211e-03
  -2.2944990e-02   6.7682838e-01   3.8163067e+00  -1.0527240e-03  -3.2824172e-03   2.1258087e-03
  -2.2787035e-02   7.2777152e-01   3.7820020e+00  -2.0996598e-03  -3.4483273e-03   1.9302525e-03
  -5.3575220e-02   6.0580613e-01   3.8615534e+00  -1.6113635e-03  -2.7606515e-03   3.1536766e-03
  -2.6849165e-02   6.3295062e-01   3.8605602e+00  -1.2992840e-03  -3.1418128e-03   2.4738281e-03
  -3.1043382e-02   6.2257532e-01   3.8803662e+00  -9.5461822e-04  -3.2990697e-03   2.6074380e-03
  -1.4743582e-02   6.5204921e-01   3.9007985e+00  -1.0030893e-03  -2.6186178e-03   2.6360230e-03
  -1.4244655e-02   6.4700532e-01   3.8856042e+00  -1.3382473e-03  -3.1316476e-03   2.0852699e-03
   5.2692135e-03   5.7094842e-01   3.8619101e+00  -2.2333756e-03  -2.8041606e-03   1.6010672e-03
  -5.5422668e-03   6.4778476e-01   3.9016363e+00  -1.5138248e-03  -2.7228531e-03   2.3978559e-03
  -1.3339200e-02   6.0568132e-01   3.8905413e+00  -1.7972072e-03  -2.4944689e-03   2.4046838e-03
   3.3935392e-02   3.7719735e-01   3.8515186e+00  -3.7392846e-03  -3.1038778e-03  -4.8214593e-04
  -1.4197709e-02   6.2189969e-01   3.9318071e+00  -1.1577412e-03  -2.2130164e-03   2.2218577e-03
  -9.3048682e-03   6.1419304e-01   3.9184188e+00  -1.6271898e-03  -2.4108682e-03   2.1571057e-03
   1.1303643e-03   6.3290094e-01   3.9246794e+00  -1.7280293e-03  -2.2850603e-03   2.2104483e-03
  -5.4882337e-03   6.4784247e-01   3.9433433e+00  -1.4079436e-03  -2.4796012e-03   2.0889067e-03
  -1.1485700e-02   6.1942925e-01   3.9670349e+00  -1.1518616e-03  -2.6068371e-03   2.5621875e-03
   1.3720093e-02   6.6090449e-01   3.9709240e+00  -1.3702409e-03  -2.3650329e-03   1.9285715e-03
  -2.1047239e-02   7.0428958e-01   3.9766484e+00  -1.8231536e-03  -2.8309191e-03   2.2045185e-03
   1.0900977e-02   6.5594456e-01   4.0294149e+00  -7.5807493e-04  -2.8688932e-03   2.0197574e-03
  -1.5398428e-02   6.9258761e-01   3.9959650e+00  -1.6143931e-03  -3.1294354e-03   2.1160519e-03
   2.1082608e-03   6.6335352e-01   4.0099405e+00  -1.3844009e-03  -2.9496432e-03   2.2261949e-03
   6.2408014e-03   6.5072028e-01   4.0466600e+00  -9.2044388e-04  -2.2723699e-03   2.2316947e-03
   1.7807858e-02   6.5972550e-01   4.0272621e+00  -1.3075694e-03  -2.3937023e-03   1.8249298e-03
  -1.9281643e-02   6.6743379e-01   4.0787021e+00  -1.6067789e-03  -2.6010797e-03   2.5785549e-03
  -2.5420807e-03   6.4953230e-01   4.0690091e+00  -6.3472729e-04  -2.7680538e-03   2.5070317e-03
  -3.6723122e-02   7.0124824e-01   4.0937095e+00  -8.4938329e-04  -2.4938945e-03   3.4833707e-03
   2.0454826e-03   6.5943520e-01   4.1189670e+00  -3.9664387e-04  -2.3759742e-03   2.2726291e-03
  -2.9711558e-02   6.5077185e-01   4.0877037e+00  -1.6412779e-03  -2.2052657e-03   3.1829275e-03
  -1.1295236e-03   6.4740819e-01   4.1358909e+00  -4.7466432e-04  -2.2824414e-03   2.1467635e-03
   3.3589238e-03   6.5702698e-01   4.1460264e+00   8.3283037e-05  -2.4578159e-03   1.7714124e-03
   7.7718522e-03   6.7667579e-01   4.1405467e+00  -1.5011263e-03  -2.5827419e-03   1.9930670e-03
   1.1354000e-02   6.5754599e-01   4.1818362e+00  -5.3644757e-04  -2.4630310e-03   1.9542461e-03
  -3.3484581e-02   6.8120911e-01   4.1964958e+00  -9.1624792e-04  -1.9858580e-03   3.0086640e-03
   5.9811850e-03   6.6130719e-01   4.1686941e+00  -1.1560625e-03  -2.8100682e-03   2.0871496e-03
   1.2389403e-02   6.8045257e-01   4.2003201e+00  -9.2040144e-04  -2.5446462e-03   1.8941906e-03
   7.0571436e-03   6.9948345e-01   4.2280568e+00  -1.3822398e-03  -2.0825027e-03   2.4917901e-03
   2.5495027e-04   6.8520395e-01   4.2114051e+00  -4.3696621e-04  -2.7357130e-03   2.0274775e-03
  -9.7397574e-03   6.8858728e-01   4.1965293e+00  -2.4332825e-03  -2.6426797e-03   2.3454297e-03
  -1.1147758e-02   7.1193277e-01   4.2844447e+00  -7.2275270e-04  -3.6027965e-03   2.1061646e-03
  -1.9344854e-02   6.7437822e-01   4.3212044e+00  -5.6683076e-04  -3.7141126e-03   2.0976070e-03
  -1.0810784e-02   6.9745303e-01   4.3187673e+00  -7.1399401e-04  -3.3340945e-03   2.3725029e-03
  -1.7523813e-02   6.8267449e-01   4.3043889e+00  -1.3724278e-03  -3.8767465e-03   2.3174763e-03
  -3.1352431e-03   7.2168760e-01   4.2998017e+00  -1.7691834e-03  -3.3897445e-03   2.4631968e-03
  -4.8695917e-03   7.2092626e-01   4.3185504e+00  -7.5556902e-04  -3.0889466e-03   2.3186351e-03
   4.4782006e-03   6.9744748e-01   4.3121220e+00  -1.2227659e-03  -3.4187404e-03   1.9783319e-03
   2.6121638e-03   7.0952398e-01   4.3216845e+00  -1.6864830e-03  -2.9057641e-03   2.4009246e-03
  -7.7360342e-03   7.0773731e-01   4.3318385e+00  -1.9460720e-03  -2.8810695e-03   2.2875362e-03
   1.9688198e-03   6.9008442e-01   4.3580932e+00  -1.1492296e-03  -2.9634988e-03   2.3547387e-03
  -2.0141446e-02   6.8102826e-01   4.3858395e+00  -1.6317795e-03  -2.8454305e-03   2.9886609e-03
   2.3823710e-03   6.4534977e-01   4.3645803e+00  -2.0092715e-03  -2.8989492e-03   2.2851690e-03
   2.1047985e-02   6.7789379e-01   4.3897776e+00  -1.6942804e-03  -2.4510451e-03   1.9133607e-03
   1.1719612e-02   6.8587793e-01   4.3802270e+00  -2.4263186e-03  -2.8283812e-03   2.1109705e-03
   3.9642195e-04   7.3625485e-01   4.3946978e+00  -2.7190876e-03  -2.9872638e-03   2.1448875e-03
   6.2495745e-03   7.2950688e-01   4.4075841e+00  -2.1982603e-03  -3.1637594e-03   1.9604879e-03
   2.5653338e-02   5.4474521e-01   4.4457204e+00  -7.3642582e-04  -3.5490804e-03   8.5981991e-04
   1.6886053e-02   7.2923929e-01   4.4394871e+00  -1.5655879e-03  -2.9863786e-03   2.2215952e-03
   1.1322093e-02   7.0978933e-01   4.4459370e+00  -1.4430637e-03  -3.3819875e-03   1.9326154e-03
   7.3734446e-03   6.9944462e-01   4.4348921e+00  -2.2528465e-03  -3.6733604e-03   2.2026680e-03
   3.2718729e-03   6.9611514e-01   4.4740516e+00  -2.3848057e-03  -2.9523421e-03   2.5355925e-03
  -1.5588827e-03   7.1413626e-01   4.4844715e+00  -1.7268318e-03  -2.9258602e-03   2.5125567e-03
  -2.3825127e-03   7.3671267e-01   4.5083862e+00  -2.0283070e-03  -2.5735829e-03   2.4471652e-03
   1.4290839e-02   7.2892281e-01   4.5008852e+00  -1.8648865e-03  -2.6058362e-03   2.3831111e-03
   4.6340638e-02   6.1903760e-01   4.5109323e+00  -1.8748224e-03  -2.8567475e-03   7.8760868e-04
   7.6828223e-03   7.1199462e-01   4.5311828e+00  -1.6230743e-03  -3.0048955e-03   2.2291824e-03
  -3.2825504e-03   7.5142052e-01   4.5610310e+00  -1.5375359e-03  -2.6352274e-03   3.0194211e-03
   2.2334473e-03   6.6788567e-01   4.5515903e+00  -1.6843604e-03  -3.3700365e-03   1.8773994e-03
  -2.9946245e-03   7.2742121e-01   4.5587927e+00  -2.3285875e-03  -3.1123985e-03   2.5035755e-03
  -5.5218824e-02   2.3112148e-01   4.4758983e+00  -6.2846112e-03  -3.5995970e-03   1.6852430e-03
   3.7418905e-03   7.2913150e-01   4.5983291e+00  -1.8201219e-03  -3.0695437e-03   2.5303097e-03
   1.4083374e-02   7.2651054e-01   4.5801386e+00  -2.4347379e-03  -3.2178759e-03   2.1774759e-03
   1.5576684e-02   7.3968996e-01   4.5856960e+00  -2.4594170e-03  -2.7763322e-03   2.3050619e-03
   3.4175321e-02   4.9023693e-01   4.6478532e+00  -9.4058675e-04  -2.8958051e-03   6.5162817e-04
   1.3349593e-02   6.7347019e-01   4.6323090e+00  -1.7206653e-03  -3.4089140e-03   1.7599723e-03
  -1.4565118e-02   7.6021871e-01   4.6457234e+00  -2.7580546e-03  -2.5704893e-03   2.7061419e-03
  -1.4839062e-02   7.3866657e-01   4.6746739e+00  -1.5062303e-03  -3.8017759e-03   2.3642743e-03
   4.4065266e-03   7.6530568e-01   4.6965663e+00  -1.3343064e-03  -3.1368410e-03   2.1469265e-03
   1.9046402e-02   7.7766866e-01   4.6833217e+00  -1.7586347e-03  -3.3464340e-03   1.9626717e-03
   9.1543861e-03   7.4976986e-01   4.6768975e+00  -1.3094232e-03  -2.9249795e-03   2.3127893e-03
   6.8125391e-03   7.3866960e-01   4.6779545e+00  -1.5634678e-03  -3.7501221e-03   2.1315876e-03
  -8.7174879e-03   7.7319902e-01   4.7032718e+00  -1.1963029e-03  -3.0996915e-03   3.1277241e-03
   2.7473808e-02   7.6685798e-01   4.6960522e+00  -1.8554336e-03  -3.1617525e-03   1.9119086e-03
  -1.1977790e-02   7.3156866e-01   4.7240741e+00  -1.9499403e-03  -3.6364443e-03   2.4947809e-03
   1.7756319e-02   8.5183854e-01   4.6926467e+00  -3.2482487e-03  -3.6996313e-03   1.2868706e-03
  -6.5213160e-02   7.7024022e-01   4.8411118e+00  -6.0424020e-03  -1.1155036e-02   1.5930114e-03
  -5.5052189e-02   6.8613666e-01   4.4341639e+00  -2.5539105e-03  -6.8568388e-04   3.5802406e-03
  -9.3037804e-02   6.7914542e-01   4.4993664e+00  -7.1516510e-04  -2.3845347e-03   3.2350298e-03
   6.1530630e-02   6.7796372e-01   4.6620302e+00  -2.6251412e-03   6.4606504e-04   7.0436127e-04
   1.9183653e-02   7.3060314e-01   4.7072567e+00  -2.1385663e-03  -1.4051641e-03   1.6177755e-03
  -1.8701366e-03   8.2607393e-01   4.7141419e+00  -2.4493931e-03  -2.2898038e-03   1.9991632e-03
   4.9266894e-02   7.2945160e-01   4.7450297e+00  -2.4964905e-03  -2.3014385e-03   1.4298771e-03
   3.1444630e-02   6.1080613e-01   4.7806517e+00  -4.5429821e-04  -1.7563875e-03  -3.6150898e-04
   4.6770686e-02   7.5108082e-01   4.7659200e+00  -1.7895919e-03  -1.6169597e-03   1.4408951e-03
   6.5936124e-02   7.3917636e-01   4.7709849e+00  -1.7102855e-03  -1.7531645e-03   1.2769848e-03
   6.1268086e-02   7.4949670e-01   4.7853285e+00  -8.5995811e-04  -1.9056872e-03   1.5645144e-03
   5.1581132e-02   7.5762916e-01   4.7435731e+00  -2.0230395e-03  -1.9912346e-03   1.2060410e-03
   5.5874193e-02   7.2656653e-01   4.7692512e+00  -1.1000416e-03  -1.8839589e-03   1.3759175e-03
   5.4968749e-02   7.3889956e-01   4.7529931e+00  -3.0558817e-03  -1.8646987e-03   1.3000269e-03
   4.7050250e-02   7.3210990e-01   4.8255890e+00  -4.9136949e-04  -1.7686572e-03   1.1655943e-03
   4.6243574e-02   6.6021562e-01   4.8167505e+00  -1.2748044e-03  -1.4358817e-03   1.7384755e-03
   7.0207064e-02   7.3594655e-01   4.8238089e+00  -1.4359553e-03  -8.0768621e-04   1.2956175e-03
   4.2087239e-02   5.0435404e-01   4.8336970e+00  -2.0986320e-03  -1.2418871e-03   1.2023434e-03
   9.7100508e-02   6.4601398e-01   4.8211125e+00  -2.2389025e-03  -1.2632781e-03   1.5163974e-04
   4.9916130e-02   7.5594011e-01   4.8614764e+00  -1.9304649e-03  -1.2849045e-03   1.9208469e-03
   4.6003278e-02   7.3871192e-01   4.8799624e+00  -1.1917634e-03  -1.3885533e-03   1.8093750e-03
   5.0647192e-02   7.4788171e-01   4.9054924e+00  -1.0448899e-03  -1.6157365e-03   1.7923906e-03
   4.9976600e-02   7.8677660e-01   4.9178321e+00  -1.7286989e-04  -1.2621067e-03   1.6266806e-03
   5.7638492e-02   7.7998709e-01   4.9072526e+00  -1.5036921e-03  -1.4204352e-03   1.2028573e-03
   6.7013831e-02   7.7250297e-01   4.9107171e+00  -1.1701000e-03  -1.6033783e-03   1.2864206e-03
   3.7650441e-02   7.7461830e-01   4.9280711e+00  -1.5300495e-03  -1.7289853e-03   1.6883527e-03
   4.9679769e-02   8.1100159e-01   4.9726659e+00   8.1143422e-05  -1.8100389e-03   1.3261010e-03
   1.8503480e-02   7.6546992e-01   4.9589052e+00  -9.0440383e-04  -1.6048717e-03   2.4575360e-03
   5.6767857e-02   7.8899931e-01   4.9712170e+00  -9.3900921e-04  -1.5279863e-03   1.6804756e-03
   4.3708727e-02   7.8501519e-01   4.9725532e+00  -6.5978999e-04  -1.2905043e-03   2.2335150e-03
   5.0341299e-02   7.8848756e-01   4.9952343e+00  -4.7723285e-04  -1.5611894e-03   1.7874674e-03
   2.4771444e-02   7.9963074e-01   5.0084186e+00  -6.4565091e-04  -2.0215677e-03   2.3476398e-03
   4.9903099e-02   6.9302878e-01   5.0015191e+00  -1.3460759e-03  -1.8212461e-03   1.2367390e-03
   4.9731213e-02   7.4516628e-01   5.0177420e+00  -4.4523595e-04  -1.8312158e-03   1.8887964e-03
   4.6181822e-02   8.0355215e-01   5.0357816e+00  -6.1988394e-04  -1.6482605e-03   1.9411165e-03
   3.4052155e-02   7.8679283e-01   5.0638902e+00   2.5873112e-04  -1.7461118e-03   2.2864226e-03
   4.3005418e-02   7.9935402e-01   5.0639073e+00  -4.0448376e-04  -1.4412295e-03   2.3226404e-03
   6.9955249e-02   8.0950225e-01   5.0641190e+00  -7.7815053e-04  -1.3847809e-03   1.4273192e-03
   3.0600940e-02   8.0349058e-01   5.0698877e+00  -1.4728131e-04  -2.4012307e-03   2.0597990e-03
   3.4746786e-02   7.8008209e-01   5.1206309e+00  -1.1288026e-04  -2.3910014e-03   1.9628694e-03
   4.2713995e-02   7.9902866e-01   5.1331914e+00  -2.6358667e-04  -2.6867450e-03   1.8427580e-03
   3.6068801e-02   8.0948244e-01   5.0877267e+00  -7.3607855e-04  -2.9886864e-03   1.7380947e-03
   3.1590381e-02   8.1147233e-01   5.1349318e+00   1.0845163e-04  -2.7177069e-03   2.2871085e-03
   4.4049442e-02   8.2639550e-01   5.1378888e+00  -2.6995706e-04  -2.3596583e-03   1.9773514e-03
   3.5580073e-02   8.2394282e-01   5.1369463e+00  -4.0965078e-04  -2.3539789e-03   2.2768918e-03
   4.1667422e-02   8.2617505e-01   5.1637468e+00  -3.5497006e-04  -1.9813135e-03   1.8753630e-03
   8.8717551e-03   8.3213029e-01   5.1916310e+00   1.7928320e-04  -2.3021991e-03   3.3029377e-03
   3.6255436e-02   3.9820985e-01   5.2189858e+00   1.3188976e-03  -3.1646397e-03   1.3580457e-04
   3.8262202e-02   8.2670803e-01   5.2353671e+00   2.3242673e-04  -2.6138991e-03   2.2531269e-03
   6.3361386e-02   8.1903760e-01   5.2160621e+00  -2.5007021e-04  -2.0759460e-03   1.9973450e-03
   3.1362889e-02   8.2470312e-01   5.2196918e+00  -1.3630703e-04  -2.4971662e-03   2.4135063e-03
   4.4288914e-02   8.4339739e-01   5.2449507e+00  -4.6277894e-04  -2.2794378e-03   1.9652369e-03
   3.7881425e-02   8.1392599e-01   5.2338298e+00  -3.4466105e-04  -2.4984424e-03   1.6091514e-03
   4.5741909e-02   7.8852440e-01   5.2324992e+00  -1.0968911e-03  -2.1132521e-03   2.0403521e-03
   3.9414421e-02   9.0816450e-01   5.1710759e+00  -2.4926023e-03  -3.1276007e-03   1.4321503e-03
   5.3692111e-02   8.0335321e-01   5.2724004e+00  -1.5850244e-05  -2.3636115e-03   2.0093195e-03
   5.0003041e-02   8.0143312e-01   5.2750315e+00  -5.5061950e-04  -2.2255224e-03   1.8122979e-03
   4.5032888e-02   7.3529525e-01   5.3173318e+00  -3.5951424e-05  -2.4682403e-03   2.2729051e-04
   6.1942398e-02   8.2883207e-01   5.2933740e+00  -3.4852365e-04  -1.8702073e-03   1.8190375e-03
   4.5269862e-02   8.2045387e-01   5.2853357e+00  -9.3811858e-04  -2.0062472e-03   2.3375978e-03
   7.5031713e-02   6.0681770e-01   5.3311354e+00   3.9099070e-04  -1.5884712e-03   8.2885877e-04
   3.6686133e-02   7.1274497e-01   5.3131402e+00  -1.6474591e-03  -2.4326476e-03   1.7133905e-03
   6.0283821e-02   8.3547452e-01   5.3162027e+00  -1.4788016e-03  -2.1852849e-03   1.8124969e-03
   3.3622926e-02   8.4397951e-01   5.3738231e+00   3.1110751e-04  -2.0180049e-03   2.5426782e-03
   6.0778641e-02   8.6191361e-01   5.3171338e+00  -1.1223949e-03  -2.0192228e-03   1.8234008e-03
   5.6465826e-02   8.6135326e-01   5.3243436e+00  -1.3639863e-03  -2.1682841e-03   1.2729636e-03
   4.6260045e-02   8.6778683e-01   5.3440873e+00  -1.0941479e-03  -2.0901927e-03   2.4917874e-03
   4.6874627e-02   9.2155793e-01   5.3441393e+00  -1.1450378e-03  -2.2864995e-03   1.5565377e-03
   8.2251673e-02   8.4197899e-01   5.4054347e+00  -5.9675871e-04  -1.8600934e-03   9.9939153e-04
   6.0002871e-02   8.2144590e-01   5.3954542e+00  -7.3366108e-04  -2.0024597e-03   1.5601851e-03
   5.1199673e-02   8.5579440e-01   5.4318332e+00  -1.9517536e-04  -1.9905610e-03   2.2166497e-03
   5.5435414e-02   8.6149479e-01   5.4344545e+00  -9.9293079e-04  -1.8989207e-03   2.1439098e-03
   6.0283562e-02   8.3813197e-01   5.4151623e+00  -1.1892899e-03  -2.4744996e-03   1.7062831e-03
   8.7803156e-02   8.8525467e-01   5.4594775e+00  -8.0890910e-04  -1.6584147e-03   1.2685227e-03
   5.0897070e-02   8.5637799e-01   5.4562676e+00  -4.9913322e-04  -2.4533430e-03   1.8315589e-03
   5.7520990e-02   8.7232642e-01   5.4457285e+00  -1.2279404e-03  -2.5379028e-03   1.5397279e-03
   5.1944546e-02   8.7045483e-01   5.4815190e+00  -8.3468477e-04  -2.1167821e-03   2.0704701e-03
   8.1061916e-04   8.7901367e-01   5.4652231e+00  -1.2257110e-03  -3.4110606e-03   2.9376983e-03
   1.9021032e-01   8.3427631e-01   5.3766552e+00   1.1720397e-02  -7.0225872e-03  -5.4545359e-03
  -5.2737642e-03   9.1709582e-01   5.4636544e+00  -2.5110799e-04  -6.1751450e-03   4.7616002e-04
   6.7844090e-02   7.9103087e-01   5.4130102e+00   1.6815014e-03   6.5608473e-04   8.7594660e-04
   1.0010564e-01   8.3247820e-01   5.4642582e+00   1.0372216e-03  -1.7568688e-03  -2.0760181e-04
   8.8925403e-02   8.2537507e-01   5.4710815e+00  -5.4026276e-05  -1.8048037e-03  -5.5688320e-04
   9.3556882e-02   8.7581915e-01   5.5056946e+00   1.8297458e-04  -1.7559399e-03   1.2095719e-04
   9.4815810e-02   8.5565002e-01   5.5040067e+00   6.0948317e-04  -1.3183983e-03   2.4964980e-04
  -8.9330969e-02   8.5548028e-01   5.6881167e+00  -4.7146755e-03  -1.2929799e-02   5.8598876e-04
  -1.2479203e-01   6.8090753e-01   5.5299540e+00  -4.1372153e-03  -4.9811387e-03   3.2649624e-03
   1.0345077e-02   7.5967828e-01   5.6004402e+00  -3.2363998e-03  -3.8984474e-03   2.1142192e-03
   1.1750269e-02   8.2190458e-01   5.6312699e+00  -3.3812072e-03  -4.4423455e-03   2.3424899e-03
   3.0633051e-02   8.5472565e-01   5.6670977e+00  -2.8070909e-03  -3.7491783e-03   2.1505740e-03
   5.7655279e-02   6.9029273e-01   5.5691879e+00  -5.2784594e-03  -4.3720001e-03  -7.1071674e-05
   4.3454253e-02   8.4124189e-01   5.6467656e+00  -2.4938646e-03  -3.8274555e-03   2.1009914e-03
   4.2441876e-02   8.6134075e-01   5.6644545e+00  -3.9911291e-03  -3.5130292e-03   1.9894649e-03
  -1.1930891e-01   9.4008900e-01   5.7062894e+00  -2.1051642e-03  -2.1556631e-03   8.4187590e-03
   2.3671451e-02   8.7928944e-01   5.7002606e+00  -2.9713121e-03  -3.2986950e-03   2.2202529e-03
   5.9462450e-02   8.9027558e-01   5.7125038e+00  -2.0187782e-03  -3.8347586e-03   8.5205385e-04
   3.3667936e-02   8.9579971e-01   5.7594629e+00  -1.9587390e-03  -3.4202054e-03   2.5102098e-03
   3.8719472e-02   8.9117776e-01   5.7750156e+00  -1.1413619e-03  -3.7374171e-03   2.2599273e-03
   4.0209117e-02   8.8173309e-01   5.7521440e+00  -2.1784590e-03  -4.1775112e-03   1.8441801e-03
   1.5969574e-02   8.9034332e-01   5.7959220e+00  -2.1070809e-03  -3.9328484e-03   2.5832819e-03
   3.7521590e-02   8.9034754e-01   5.7833332e+00  -2.4928083e-03  -3.5612202e-03   2.4910371e-03
   3.6942880e-02   8.8550109e-01   5.8097422e+00  -2.2522990e-03  -4.2251524e-03   1.6829027e-03
   4.4089182e-02   8.7755920e-01   5.8254597e+00  -1.8136432e-03  -4.2464905e-03   2.1332696e-03
   2.5092349e-02   8.6205718e-01   5.8300956e+00  -1.7158085e-03  -4.9378940e-03   1.1442446e-03
   8.8276715e-03   8.9680089e-01   5.8488708e+00  -2.0967801e-03  -3.8205456e-03   2.7619912e-03
   2.5309250e-02   8.7975387e-01   5.8583368e+00  -1.4716827e-03  -4.2103180e-03   2.8448354e-03
   3.0607367e-02   8.9222744e-01   5.8623430e+00  -1.9920773e-03  -4.3652817e-03   2.3156047e-03
   9.0928521e-03   1.0112999e+00   5.8742706e+00  -1.5215414e-03  -3.8401123e-03   3.8078454e-03
   2.8421313e-02   8.9771080e-01   5.8782862e+00  -2.4133220e-03  -4.5026922e-03   2.0899038e-03
   2.9244978e-02   9.0224831e-01   5.8831207e+00  -2.4399525e-03  -4.4957315e-03   2.4317913e-03
   4.3027171e-02   9.1374190e-01   5.9007280e+00  -1.6347632e-03  -4.1367674e-03   2.2557477e-03
   2.4729157e-02   8.9743105e-01   5.9337674e+00  -1.8436432e-03  -4.4485385e-03   2.9278252e-03
   4.5798539e-02   8.9522849e-01   5.9143367e+00  -1.7679653e-03  -3.9882021e-03   2.4073035e-03
   3.8795448e-02   9.3216236e-01   5.9230134e+00  -2.2828946e-03  -4.0727928e-03   2.4786889e-03
   2.8752692e-02   9.2353345e-01   5.9395492e+00  -1.6274038e-03  -4.5404323e-03   2.6960278e-03
   3.5241505e-02   8.9568204e-01   5.9398569e+00  -1.7890885e-03  -4.2957271e-03   2.2747061e-03
   4.8728698e-02   9.1861254e-01   5.9315895e+00  -2.0166849e-03  -4.6655285e-03   1.8039275e-03
   5.8881696e-02   1.0860438e+00   5.9176066e+00  -1.6217416e-03  -5.4184353e-03  -7.8176314e-04
   4.8634272e-02   8.9862001e-01   5.9458730e+00  -2.2788954e-03  -3.9935570e-03   1.7132819e-03
   6.2075174e-02   8.9408145e-01   5.9609711e+00  -2.0523197e-03  -4.6603798e-03   2.1133004e-03
   5.8773590e-02   9.4007141e-01   6.0048218e+00  -1.5500033e-03  -4.4473117e-03   1.9469147e-03
   4.1002897e-02   9.1312958e-01   5.9768358e+00  -2.6326244e-03  -4.4858184e-03   2.6108213e-03
   6.6950203e-02   9.2492219e-01   5.9748349e+00  -2.3013994e-03  -4.1790324e-03   1.8062399e-03
   3.8390088e-02   9.2263071e-01   6.0382711e+00  -1.3432937e-03  -4.0377844e-03   2.3401235e-03
   4.2063449e-02   9.2944996e-01   6.0294837e+00  -1.6257953e-03  -4.6375068e-03   2.0803856e-03
   5.2931058e-02   9.5571422e-01   6.0734159e+00  -1.4001604e-03  -3.9577539e-03   2.0010242e-03
   5.7763982e-02   9.3199681e-01   6.0561757e+00  -1.6527508e-03  -4.5195069e-03   1.7943657e-03
   5.8486155e-02   9.1949033e-01   6.0707906e+00  -1.4945268e-03  -4.7531739e-03   1.5644267e-03
   5.0916650e-02   9.3652294e-01   6.0973740e+00  -1.1360968e-03  -4.5521855e-03   2.0543105e-03
   3.7668602e-02   7.1698659e-01   6.1201667e+00  -7.7624445e-04  -4.8183294e-03   7.2855356e-04
  -5.0046604e-02   9.7043341e-01   6.1314254e+00   8.8818464e-04  -7.7029990e-03   9.3642158e-04
  -3.9213200e-02   1.1372162e+00   6.0814817e+00  -5.1094758e-04  -5.5077942e-03   3.2408436e-03
   2.6219203e-03   9.6118569e-01   6.1056729e+00  -5.2977895e-04  -6.4085924e-03   1.5059604e-03
   1.1356573e-02   9.9395414e-01   6.1463439e+00  -3.9442419e-04  -5.5284312e-03   1.6826950e-03
   1.5093724e-02   9.8274410e-01   6.1612814e+00   1.2416007e-04  -5.2253452e-03   2.1289830e-03
   3.8941584e-02   1.0930717e+00   6.1523648e+00  -4.5247243e-04  -5.5223995e-03   9.8037995e-04
  -7.4823029e-02   1.0182767e+00   6.1786560e+00  -6.3287436e-05  -5.5239452e-03   5.4890001e-03
   3.6325303e-02   1.0176335e+00   6.1218269e+00  -1.5581877e-03  -5.7052771e-03   1.0168299e-03
   2.4359171e-02   9.7272629e-01   6.1651441e+00  -6.9654626e-04  -5.4701709e-03   1.7739479e-03
   1.6239686e-02   9.6398144e-01   6.1508774e+00  -1.0199225e-03  -5.2975266e-03   2.3440532e-03
   2.1518556e-02   9.5060213e-01   6.1693814e+00  -1.2740249e-03  -5.2506968e-03   1.7729288e-03
   1.8288126e-02   9.6530839e-01   6.1992128e+00  -9.4764401e-04  -5.1088747e-03   1.9196575e-03
   5.8131098e-03   9.8574139e-01   6.2507035e+00  -4.9032868e-04  -5.1985144e-03   2.3026312e-03
   1.6613569e-02   9.8244008e-01   6.2207145e+00  -1.1395105e-03  -5.4794900e-03   1.6024060e-03
   1.1417397e-01   1.1572999e+00   6.2052574e+00   8.3718797e-03  -3.9500667e-03  -1.9425317e-03
   7.2022522e-02   1.0836010e+00   6.2183721e+00   7.0441124e-04  -9.5393195e-03  -4.2247014e-03
  -1.1553656e-01   7.8958926e-01   5.7228703e+00   3.0819567e-04  -9.6237093e-04   5.9194691e-03
  -2.4446135e-01   6.2293792e-01   5.8995370e+00   6.4748245e-05  -7.3195473e-03   3.1183711e-03
  -2.4651690e-01   6.3663773e-01   5.7643360e+00  -6.1612389e-03  -9.9856124e-03   3.7386562e-03
  -4.9259021e-02   7.6094161e-01   5.9692773e+00  -3.2304975e-03  -6.1754745e-03   2.6133316e-03
  -7.4046620e-02   7.7821037e-01   6.0154496e+00  -3.2690377e-03  -6.7115797e-03   3.3330766e-03
  -3.8166229e-02   7.9688920e-01   6.0541153e+00  -2.6582080e-03  -6.1320620e-03   3.0094551e-03
  -3.6261103e-02   8.3580917e-01   6.0642643e+00  -2.5193718e-03  -5.8958224e-03   3.1245942e-03
   8.7430062e-02   1.4414554e+00   5.9944890e+00  -2.8213882e-03  -5.6520082e-03  -3.7594326e-04
  -1.8342194e-02   8.5186067e-01   6.0561924e+00  -1.7776724e-03  -5.4894956e-03   2.5215681e-03
   5.8065170e-03   8.7518146e-01   6.0817059e+00  -1.1603868e-03  -5.0140588e-03   2.3270304e-03
   2.0655208e-02   8.9004775e-01   6.0983498e+00  -1.1713368e-03  -5.6403168e-03  -2.3066773e-04
   6.4833127e-03   8.5990836e-01   6.0917349e+00  -1.2226704e-03  -4.8223908e-03   2.3893087e-03
   1.2912474e-02   8.8085805e-01   6.1471835e+00  -6.8819892e-04  -4.8935780e-03   2.2628534e-03
   1.9193138e-02   8.7658537e-01   6.1670651e+00  -1.5573299e-05  -5.0838551e-03   2.1305098e-03
  -3.8075448e-02   7.9711876e-01   6.1505567e+00  -7.8298559e-04  -5.6904616e-03   3.8050152e-03
   2.7508020e-02   8.4523821e-01   6.1608953e+00  -1.2000807e-03  -5.0207526e-03   1.8416045e-03
   3.2990726e-02   8.9064381e-01   6.1740539e+00  -8.1393898e-04  -4.5929289e-03   1.5474231e-03
   3.5617209e-02   9.0328801e-01   6.1901631e+00  -3.1760519e-04  -4.7231789e-03   1.3866164e-03
   1.8896228e-02   8.9647293e-01   6.1885070e+00  -5.3651263e-04  -4.6172092e-03   2.3145749e-03
   3.9304615e-02   9.1306177e-01   6.2078397e+00  -7.0261481e-04  -4.4082548e-03   1.7587506e-03
  -3.0205358e-02   9.2516104e-01   6.3445656e+00   3.2950029e-03  -6.1422964e-03   2.0074762e-03
   3.0557668e-01   1.0411053e+00   6.1449537e+00   1.9491459e-02  -5.8982051e-03  -9.2396147e-03
   2.8940665e-01   8.5404667e-01   5.7249432e+00   3.2873996e-02   3.1811903e-03  -1.3526119e-03
   7.6479614e-02   6.4411917e-01   5.7752859e+00   2.8062483e-02   9.4367793e-04   2.7445223e-03
   1.0752531e-01   7.0899200e-01   5.9708066e+00   1.5031400e-02   4.3563233e-03   1.8184730e-03
  -5.6041379e-03   5.6319608e-01   6.2179713e+00   1.0624769e-02  -1.9403670e-03  -1.0835210e-04
   5.0859672e-02   8.4538634e-01   6.1891100e+00   7.6215790e-03  -1.9817792e-03   1.9170180e-03
   4.6795871e-02   8.6705230e-01   6.2451333e+00   8.9928986e-03  -2.3263062e-03   1.7141554e-03
   2.9086152e-02   8.9353733e-01   6.2155295e+00   8.1636973e-03  -2.4181071e-03   1.6338772e-03
   6.0610608e-02   8.8406093e-01   6.1959659e+00   8.0069238e-03  -1.7569706e-03   9.7902966e-04
   5.5351307e-02   9.1511547e-01   6.2380765e+00   8.5761491e-03  -1.5720937e-03   1.3273718e-03
   6.9144453e-02   9.1316053e-01   6.2062462e+00   7.9937426e-03  -8.4319125e-04   1.6636350e-03
   6.0663555e-02   9.2800553e-01   6.2292232e+00   8.0272838e-03  -1.3956455e-03   9.4166292e-04
   6.9390700e-02   9.1730610e-01   6.2591638e+00   8.6159466e-03  -1.0042449e-03   1.3390140e-03
   7.2916720e-02   9.1332179e-01   6.2654608e+00   9.2838093e-03  -9.4134905e-04   8.8317956e-04
   1.4130560e-02   9.2072221e-01   6.2897195e+00   7.7198139e-03  -8.9736795e-04   2.4866611e-03
   4.7637458e-02   9.0642675e-01   6.3136887e+00   9.3009550e-03  -1.1984560e-03   1.3236544e-03
   5.5176454e-02   9.4776509e-01   6.3074124e+00   8.5668426e-03  -9.4148240e-04   1.5298841e-03
   7.5779400e-02   9.6168601e-01   6.3292821e+00   9.2130455e-03  -8.8797787e-04   9.1112907e-04
   5.4719193e-02   9.5572289e-01   6.3155044e+00   8.5971421e-03  -1.2023089e-03   1.5054541e-03
   6.9608980e-02   9.4261216e-01   6.3176230e+00   8.9572738e-03  -9.4294817e-04   9.5766268e-04
   5.6608280e-02   9.4832045e-01   6.3433097e+00   8.5285618e-03  -8.9546736e-04   1.3467778e-03
   6.3170179e-02   9.2707317e-01   6.3286298e+00   8.3608572e-03  -9.9593705e-04   1.4299901e-03
   4.6773465e-02   9.4482420e-01   6.3438220e+00   9.1856240e-03  -6.1499590e-04   1.6598545e-03
   7.2312679e-02   9.9289596e-01   6.3101975e+00   8.4251770e-03  -6.9262357e-04   8.0483248e-04
   9.5451295e-02   6.3321546e-01   6.4265234e+00   1.1575219e-02  -2.6630375e-04  -9.6810790e-04
   5.4703600e-02   9.6109558e-01   6.3954592e+00   9.1163984e-03  -1.6249541e-04   1.5566245e-03
   5.4319412e-02   9.5923745e-01   6.3872987e+00   9.1944894e-03  -1.5416229e-04   1.7046635e-03
   5.4012220e-02   9.9685156e-01   6.3435680e+00   7.4368480e-03  -9.4609237e-04   1.6031058e-03
   4.6954111e-02   9.7241126e-01   6.3963139e+00   8.0171864e-03  -4.3417143e-04   1.8965956e-03
   5.5828174e-02   1.0046494e+00   6.4276745e+00   8.8332441e-03  -7.3493988e-04   1.3647444e-03
   7.0024565e-02   9.7319065e-01   6.4417222e+00   8.8583006e-03  -6.3428404e-04   1.1834452e-03
   6.2361788e-02   9.7963816e-01   6.4459516e+00   8.8499129e-03  -1.1709816e-03   1.1867315e-03
   6.5715284e-02   9.8551160e-01   6.4438851e+00   8.1843410e-03  -7.0493662e-04   1.6884024e-03
   6.8452294e-02   9.8445242e-01   6.4634217e+00   8.9619005e-03  -8.6824926e-04   1.5053213e-03
   7.0081361e-02   9.5822071e-01   6.4487580e+00   8.2949412e-03  -1.4026543e-03   1.0313375e-03
   6.4263417e-02   9.7509997e-01   6.5011341e+00   9.0299126e-03  -1.0766533e-03   1.3713401e-03
   6.9104239e-02   8.7652693e-01   6.5356190e+00   1.0731590e-02  -6.7072296e-04   6.0208886e-04
   7.6573614e-02   9.8791322e-01   6.5151441e+00   8.7385459e-03  -5.9885838e-04   1.2401652e-03
   6.5169865e-02   9.7286116e-01   6.5149212e+00   7.9883033e-03  -5.2891301e-04   1.8123806e-03
