   0.0000000e+00   0.0000000e+00   0.0000000e+00   0.0000000e+00   0.0000000e+00   0.0000000e+00
  -1.9266528e-02   1.2475721e-02  -5.5055294e-02  -8.3686600e-04   3.5883067e-05   5.4956256e-05
  -1.3584721e-02   3.2486257e-03  -2.6444639e-02  -4.0422635e-04  -2.4236292e-04  -2.8240433e-05
  -1.3851723e-02  -9.9982175e-03  -1.6618083e-02  -5.5075292e-04  -3.6116493e-04  -3.1959522e-04
  -1.4325713e-02   1.5086722e-02  -4.1304785e-02  -9.4121729e-04  -6.5585432e-05  -1.1606926e-04
  -2.7698277e-02  -5.9549607e-03  -3.2726582e-02  -1.1162285e-03  -2.5186746e-04   5.1583767e-05
  -2.8216537e-02   4.7248045e-03  -1.9074878e-02  -7.8536423e-04   5.9834876e-04   1.3582540e-04
  -1.2483409e-02  -1.2851414e-02  -6.5721554e-03  -2.5294875e-04  -4.9670457e-06  -1.9333064e-04
  -1.4475607e-02   1.9675668e-02  -1.8824124e-02  -2.2813152e-04  -1.8235414e-04  -1.2176096e-04
  -1.7834025e-02   1.0123512e-02  -4.8838740e-02  -2.3303759e-04  -7.2234707e-05  -4.7615867e-05
  -3.8644358e-02  -1.1600078e-02  -4.3434315e-02  -6.8609364e-04  -1.5861552e-04  -1.4386358e-06
  -3.3062825e-02   1.1561623e-02  -2.9757098e-02  -5.8452541e-04  -1.0615835e-04   2.1199625e-04
  -1.9108403e-02   2.9476800e-02  -4.6384286e-03  -4.3014422e-04  -3.6073025e-04   4.7173709e-04
  -1.7670094e-02  -9.6233569e-03  -1.5745499e-02  -9.1203492e-04   1.9900903e-04  -3.3395282e-04
  -1.6407558e-02   5.8984808e-03  -1.4018447e-02  -7.2972073e-04  -2.3709532e-04  -4.7039694e-04
  -2.5749604e-02   1.8051109e-02  -9.4970458e-03  -1.0753031e-03  -1.1807154e-04   1.7967066e-04
  -3.5748077e-02   4.7343397e-03   3.1840764e-03  -6.5630116e-04  -5.4542290e-04   3.4066741e-04
  -5.7907873e-02   7.1347953e-02  -4.8109066e-03   9.3322038e-05  -7.4277972e-04   8.1872005e-04
  -2.9147776e-02   1.2186288e-02  -2.1369338e-03  -3.8102971e-04  -7.6007552e-05  -3.3634552e-05
  -1.7302463e-02   1.7731029e-02   9.2583026e-03  -1.2463142e-04   2.0048576e-04  -2.2692508e-04
  -3.4569434e-02   8.9803761e-03   1.5668397e-02  -2.5447641e-04  -3.0349299e-04  -5.4137124e-05
  -2.9731930e-02   8.1276020e-03   2.6357004e-02   1.3821811e-04  -1.1194482e-04  -1.6371609e-04
  -4.1573345e-02  -1.4649152e-03   2.0208094e-02  -2.4068159e-04   1.3149700e-04  -2.5980789e-04
  -6.3413824e-02   2.6895899e-02   2.4720511e-02  -1.8155644e-04  -5.2449372e-04   4.0780494e-04
  -5.0808255e-02   1.2344046e-02   3.4899018e-02  -5.2766655e-04  -4.4592827e-04   1.7148819e-04
  -2.9762712e-02   1.3700208e-02   5.5506099e-02   1.6295379e-04  -1.2413221e-04  -1.0476289e-04
  -3.5198819e-02   2.8555939e-02   2.1973830e-02  -5.4990490e-04  -4.0271973e-04   7.0362339e-05
  -4.3160238e-02   3.7632798e-02   5.6106707e-02  -4.5429507e-04  -4.1020663e-04  -3.1144010e-05
  -2.8428751e-02   3.2588788e-02   4.5098177e-02  -7.8080259e-04  -2.8480868e-04  -2.7202107e-04
  -3.1025165e-02   6.9973060e-02  -3.6218348e-03  -8.0606890e-05   2.4472753e-04  -2.3498174e-04
  -4.8789070e-02   1.8038215e-02   7.1394553e-02  -7.5717412e-05  -4.2502170e-04   2.3383189e-04
  -3.0036486e-02  -2.2747800e-02   7.8715770e-02  -4.8365463e-04  -2.7050157e-04  -5.7437974e-04
  -4.3491048e-02   3.2109040e-02   1.1990726e-01  -7.9207165e-05  -2.5893833e-04  -4.0482313e-04
  -4.3142229e-02   3.6873504e-02   1.1385388e-01   3.3604239e-04  -4.5674820e-05  -1.6661739e-04
  -4.7831423e-02   1.9158304e-02   8.2235739e-02  -3.4521979e-04  -3.5407223e-04  -3.5591119e-04
  -5.0411816e-02   3.7022819e-02   7.8728217e-02  -2.6876838e-04  -2.6264550e-04   1.8671039e-04
  -4.5428150e-02   2.1044919e-02   1.1166728e-01   2.2844761e-04  -1.1725688e-04  -3.3448912e-04
  -4.3173903e-02  -6.8258306e-03   9.1587711e-02  -2.4184911e-04  -1.6500895e-04  -1.7047615e-05
  -6.3468029e-02   4.5106916e-03   7.3473523e-02  -2.6427971e-04  -3.5823103e-04   1.1547530e-05
  -8.4323373e-02   3.3440692e-02   7.3673753e-02   1.5154888e-04  -4.2978303e-04   6.4126570e-04
  -8.2100417e-02  -1.8389363e-02   1.3248242e-01   2.0997500e-04  -3.9644010e-04   3.4422492e-04
  -6.6929939e-02   3.8576743e-02   1.1133584e-01  -5.3376903e-04  -7.6953002e-04  -9.0135790e-05
  -7.3543137e-02  -6.8704587e-02   1.4338106e-01   1.8525327e-03  -6.3196742e-04  -7.3522730e-04
  -6.5672500e-02   9.1352793e-03   1.0663108e-01  -7.4051397e-04  -3.1082260e-04  -4.3542742e-04
  -1.0371343e-01   2.1247978e-02   1.1923741e-01  -2.0443146e-04  -6.2286740e-04   3.2494878e-04
  -7.3666275e-02  -5.6867155e-03   1.7072081e-01   5.0210262e-04  -5.8046550e-04  -9.0657490e-04
  -6.1516332e-02  -2.1022090e-02   1.5987946e-01  -3.0570991e-04  -3.5761052e-04  -8.9809957e-04
  -9.0752449e-02   4.3365604e-02   1.5188205e-01  -6.9786257e-04  -3.4445843e-04  -6.2181000e-05
  -7.6734691e-02   1.0774770e-02   1.7256163e-01  -4.0374251e-04  -7.5055275e-04  -1.6061361e-04
  -7.3171189e-02   1.8557977e-02   1.6098100e-01  -8.5204590e-04  -7.4250983e-04  -1.7072701e-04
  -6.5608008e-02   2.0871101e-02   1.6453758e-01  -4.8060229e-04  -5.0646044e-04  -5.5437451e-04
  -9.5672938e-02   5.8676593e-02   1.6200423e-01  -9.3253385e-04  -6.3648996e-04   5.5828761e-04
  -7.6670547e-02   3.3548396e-02   1.7467941e-01  -4.8259442e-04  -3.8066199e-04  -1.5289711e-04
  -7.1991983e-02   2.6790285e-02   1.8804880e-01  -5.4742897e-04  -7.2351739e-04  -1.2200577e-04
  -5.5566975e-02   1.2873843e-02   1.5877175e-01  -1.1833968e-03  -4.4176507e-04  -4.4378820e-04
  -8.0688893e-02   5.7229146e-02   1.3946449e-01  -8.7487592e-04  -9.1099535e-04   4.8315499e-04
  -8.8859291e-02   2.8715728e-02   2.0095061e-01  -9.3395133e-04  -5.2653039e-04   5.6117400e-04
  -7.7470263e-02   1.8268834e-02   2.3555709e-01  -4.1993183e-04  -9.3879538e-04   1.1928886e-04
  -7.2948287e-02   4.7792754e-02   2.2206932e-01  -9.8537043e-04  -9.0096670e-04   8.3137786e-05
  -7.6435470e-02   3.6406046e-02   2.4736743e-01  -6.1125904e-04  -3.6915373e-04   6.0102365e-05
  -6.9722604e-02   2.4144805e-02   2.1795051e-01  -1.4813786e-04  -1.9558555e-04   1.1351185e-05
  -5.1370323e-02   3.9564533e-02   2.1828623e-01  -2.4005566e-04  -1.8199663e-04  -5.8825863e-04
  -4.8372317e-02   6.9783851e-02   1.9162966e-01   7.1046073e-05  -6.7235349e-04  -8.0481373e-04
  -8.1836235e-02   5.9864388e-02   2.5684118e-01  -4.2953368e-04  -9.9675878e-04   7.2442020e-05
  -7.9073306e-02   7.4663783e-02   2.4176844e-01  -7.3651746e-04  -3.8864977e-04  -6.5411793e-05
  -6.8724924e-02   7.1967774e-02   2.3855812e-01   6.8080270e-04  -3.6470043e-04  -8.0205066e-04
  -4.2733454e-02   9.8785997e-02   1.5676187e-01   6.2884079e-04  -3.0958360e-04  -1.5740733e-03
  -6.8286540e-02   1.1576933e-01   1.0387944e-01   1.5164510e-03  -4.8258488e-04  -7.5449191e-04
  -4.5977173e-02   1.2075933e-01   1.0168525e-01   1.3760450e-03  -4.5107876e-04  -1.3564604e-03
  -3.6840885e-02   5.6776805e-02   1.8708619e-01   2.4653915e-03  -6.2990593e-04  -1.8567176e-03
  -5.4179910e-02   6.7879012e-02   2.2839078e-01   7.9712606e-04  -3.3698565e-04  -9.5358867e-04
   3.0650606e-03   2.9907430e-01   2.5279368e-01  -1.9946678e-03  -2.3779697e-03  -5.0394868e-03
  -7.4440667e-02   7.9898341e-02   2.5832762e-01  -5.7131866e-04  -2.0678927e-04  -2.4254705e-04
  -7.0670024e-02   7.5803262e-02   2.6191401e-01  -9.4777238e-04  -1.0949502e-03  -5.1666312e-04
  -6.8208887e-02   1.3138910e-02   3.2503965e-01  -2.3627727e-04  -9.1434343e-04  -1.6876395e-03
  -8.7916126e-02   2.6280693e-02   3.6179534e-01  -7.9236531e-05  -1.2734146e-03  -1.2365431e-03
  -5.0889775e-02  -2.8595410e-02   3.8204314e-01  -4.6040847e-04  -1.0641511e-03  -2.0969831e-03
  -7.1945713e-02   1.4182385e-02   3.9567736e-01  -8.2331497e-04  -9.8749162e-04  -1.5449326e-03
  -7.4843310e-02   1.4387555e-02   4.3984958e-01  -1.9187532e-05  -1.1821430e-03  -8.9937196e-04
  -6.5986330e-02   4.8964868e-02   4.0568228e-01  -1.5087542e-03  -1.0562058e-03  -9.3664200e-04
  -7.7005804e-02   5.9795790e-02   3.9286572e-01  -1.4050528e-03  -1.6077188e-03  -5.9491200e-04
  -7.2781816e-02   6.0398927e-02   4.1505720e-01  -1.5672920e-03  -7.9374842e-04  -3.3864002e-04
  -6.4954087e-02   3.6795962e-02   4.2805915e-01  -1.9400720e-03  -6.2232769e-04  -9.3384602e-04
  -6.0669088e-02   2.7344707e-02   4.4898004e-01  -1.4929503e-03  -4.2183791e-04  -1.3012817e-03
  -8.3604471e-02   4.5871809e-02   4.7162967e-01  -1.5833947e-03  -2.4091408e-04  -6.2093859e-04
  -7.6619929e-02   2.8915355e-02   4.8624716e-01  -1.0944951e-03  -4.3149636e-04  -5.9511266e-04
  -6.8917332e-02   4.7923244e-02   4.9927034e-01  -5.7597975e-04  -2.8475454e-04  -7.3541570e-04
  -9.3237444e-02   7.1632370e-02   4.8294648e-01  -9.1910069e-04  -8.6115466e-04  -2.0344280e-04
  -8.2473401e-02   7.0058299e-02   5.0993631e-01  -7.9043592e-04  -9.2409887e-04  -4.8453592e-04
  -7.1608744e-02   6.2669090e-02   4.9528191e-01  -1.3647804e-03  -6.8844180e-04  -6.6967749e-04
  -7.9143332e-02   6.8318425e-02   5.1094650e-01  -1.2604904e-03  -6.0812197e-04  -3.3800014e-04
  -7.4324530e-02   3.3254400e-02   5.3797441e-01  -1.1517202e-03  -4.9437235e-04  -8.9511337e-04
  -7.6494106e-02   4.4288686e-02   5.3705149e-01  -1.3416555e-03  -1.8227953e-04  -5.2655547e-04
  -8.4111716e-02   3.6292233e-02   5.4097579e-01  -1.3736538e-03  -5.0449369e-04  -5.1579102e-04
  -7.1055934e-02   5.7783422e-02   5.3639548e-01  -1.3443442e-03  -3.5868935e-04  -6.7073725e-04
  -8.5070747e-02   8.7670118e-02   5.4468725e-01  -1.2092090e-03  -6.4559789e-04  -2.8307266e-05
  -9.8573702e-02   5.1457744e-02   5.6593292e-01  -9.6392236e-04  -2.9149931e-04   7.7680781e-05
  -8.9706277e-02   6.4138106e-02   5.7171840e-01  -6.0932709e-04  -6.3119191e-04  -9.5303713e-05
  -8.5126252e-02   4.1896356e-02   5.9966787e-01  -5.2428353e-04  -4.6087629e-04  -4.2472851e-04
  -9.0508717e-02   7.8830875e-02   5.8237722e-01  -1.4129447e-03  -9.5379090e-04  -8.6157814e-05
  -6.5509751e-02   4.9543556e-02   5.7893635e-01  -1.6646766e-03  -8.7614953e-04  -7.3108132e-04
  -7.1787707e-02   5.3315427e-02   6.0732224e-01  -1.0810562e-03   1.0554849e-04  -6.1129210e-04
  -7.3555514e-02   3.5237227e-02   6.4084892e-01  -1.1037304e-03  -2.9014178e-04  -9.3146764e-04
  -8.4080349e-02   6.7155206e-02   6.2202819e-01  -1.5020943e-03  -9.6410627e-04  -1.7207062e-04
  -8.2999669e-02   6.6781595e-02   6.4688366e-01  -9.7860022e-04  -4.5817003e-04  -7.2780736e-05
  -8.9910116e-02   6.8229570e-02   6.6583809e-01  -6.9001786e-04  -7.8800358e-04   1.0980752e-04
  -7.4333252e-02   7.3956275e-02   6.7353943e-01  -8.5880629e-04  -6.4306292e-04  -6.1596120e-04
  -9.9244111e-02   6.7285634e-02   6.9440275e-01  -8.0586690e-04  -6.1138808e-04  -3.1480470e-05
  -7.5131970e-02   7.9823724e-02   6.9456394e-01  -1.0197337e-03  -7.2185515e-04  -3.4213725e-04
  -7.5948286e-02   7.4093059e-02   6.8903897e-01  -8.9750897e-04  -5.5978585e-04  -2.3978530e-04
  -9.1086581e-02   1.0078510e-01   7.0792467e-01  -6.1921296e-04  -6.1578537e-04  -3.3575629e-05
  -8.0531357e-02   7.5103918e-02   7.0159823e-01  -1.2060697e-03  -9.9122097e-04  -5.2308284e-04
  -6.3434136e-02   2.2560009e-01   6.9249283e-01  -1.6353908e-03  -1.6519240e-03  -1.4494543e-03
  -9.6504176e-02   6.4475015e-02   7.4463516e-01  -5.7902667e-04  -5.9546704e-04  -4.9596153e-06
  -1.0257397e-01   5.5713066e-02   7.7347359e-01  -7.2956674e-04  -5.1115054e-04  -4.6707099e-04
  -1.0934824e-01   6.3318261e-02   7.7834827e-01  -1.2417851e-03  -1.1013502e-03  -4.7054532e-04
  -1.0530721e-01   1.7253739e-02   7.8366104e-01  -7.3508110e-04  -6.4912907e-04  -7.7092876e-05
  -9.2879471e-02   4.7191704e-02   7.9797192e-01  -8.4903364e-04  -2.7897595e-04  -2.1525397e-04
  -1.0185328e-01   7.8300348e-02   8.1552746e-01  -7.9601749e-04  -8.1883371e-04  -4.1008347e-04
  -9.9523589e-02   7.7341174e-02   8.1051231e-01  -9.6287338e-04  -1.1046410e-03  -2.5613219e-04
  -1.1209125e-01   1.0202522e-01   8.0599332e-01  -8.5601778e-04  -8.9371850e-04  -3.8043917e-05
  -9.4414301e-02   6.0901462e-02   8.3439820e-01  -7.9983151e-04  -6.2216965e-04  -4.5623358e-04
  -1.0310301e-01   7.5499579e-02   8.3978127e-01  -1.2108348e-03  -7.8954461e-04  -7.1086093e-05
  -7.8429188e-02   8.4920454e-02   8.4503057e-01  -8.9923681e-04  -8.7087484e-04  -3.2044854e-04
  -9.2855079e-02   5.8838793e-02   8.3597830e-01  -1.3776319e-03  -4.7433488e-04  -3.0766494e-04
  -7.3026919e-02   7.3428859e-02   8.5662608e-01  -9.6436468e-04  -5.5217947e-04  -5.3237382e-04
  -8.8846260e-02   7.7514340e-02   8.8360980e-01  -8.0494170e-04  -7.1816350e-04  -2.8820067e-04
  -5.8402392e-02   9.4300087e-02   8.2648921e-01  -4.8904809e-04  -6.5818670e-04   5.5018818e-04
  -8.1263444e-02   1.0557412e-01   8.3375087e-01  -5.2625147e-04  -3.1469423e-04   1.6415935e-04
  -9.1811448e-02   9.0851658e-02   8.7587944e-01  -6.5732978e-04  -8.9186509e-04   3.9050818e-06
  -1.0251399e-01   5.6630843e-02   9.0753317e-01  -1.0949915e-03  -5.6027074e-04  -3.1561342e-04
  -1.0248005e-01   6.9251559e-02   9.2712449e-01  -7.6843690e-04  -9.6317757e-04  -5.2177370e-05
  -1.0790535e-01   5.0398749e-02   9.5786640e-01  -3.2188597e-04  -6.9420062e-04  -6.4965309e-05
  -9.8076207e-02   8.5119498e-02   9.4023130e-01  -6.6932288e-04  -1.1753705e-03  -2.5917260e-04
  -8.4112867e-02   9.7175522e-02   9.3126574e-01  -1.1284511e-03  -1.1034090e-03  -8.4578270e-04
  -9.2430819e-02   7.6772363e-02   9.1364965e-01  -1.3575565e-03  -8.6649109e-04  -3.3784455e-04
  -8.7229944e-02   1.2571586e-01   9.3097428e-01  -9.9547326e-04  -7.0618266e-04   2.8282769e-04
  -8.5615447e-02   8.2782864e-02   9.5247066e-01  -7.6931724e-04  -1.2989221e-03  -2.1191528e-04
  -7.4303048e-02   8.2627166e-02   9.7117380e-01  -1.0886006e-03  -7.5085855e-04  -3.7105426e-04
  -6.8802257e-02   8.7675233e-02   1.0025505e+00  -1.0861805e-03  -6.8336021e-04  -4.5468632e-04
  -6.6504382e-02   1.3427645e-01   9.5517146e-01  -1.0254943e-03  -6.7778557e-04  -9.1996720e-05
  -8.5386332e-02   7.8083126e-02   1.0167268e+00  -1.1947646e-03  -6.2534128e-04  -9.3588860e-05
  -6.0953858e-02   6.9143037e-02   1.0324465e+00  -9.2482689e-04  -5.2882440e-04  -5.9391581e-04
  -6.9223574e-02   5.6304661e-02   1.0206198e+00  -1.2653087e-03  -9.6575317e-04  -2.1739860e-04
  -9.4040915e-02   4.5464769e-02   1.0393986e+00  -7.3504178e-04  -1.2600361e-03   4.8490115e-04
  -6.7747022e-02   9.5356285e-02   1.0474344e+00  -8.0818283e-04  -5.5062585e-04   6.5655953e-05
  -6.9027938e-02   9.1469005e-02   1.0741624e+00  -9.7553323e-04  -6.1838121e-04  -2.8433055e-05
  -6.8632569e-02   9.7769264e-02   1.0710407e+00  -9.0418089e-04  -3.3180578e-04   8.7401691e-05
  -6.4280736e-02   8.7773960e-02   1.1248834e+00  -4.7283616e-04  -4.1518743e-04  -8.1891895e-05
  -4.9773636e-02   9.2900945e-02   1.1143494e+00  -8.3113386e-04  -4.0418767e-04  -9.4413721e-04
  -6.6844528e-02   1.1162230e-01   1.1369277e+00  -8.7211009e-04  -6.3860167e-04  -3.0552339e-04
  -6.5278929e-02   1.0408357e-01   1.1363239e+00  -1.0631419e-03  -4.5819565e-04  -4.6657951e-04
  -8.4185395e-02   1.1963260e-01   1.1528564e+00  -6.2702001e-04  -7.8650369e-04   3.9403961e-04
  -4.2722290e-02   9.5102240e-02   1.1521508e+00  -8.1764144e-04  -6.4631359e-04  -7.4186090e-04
  -8.3495462e-02   9.8707749e-02   1.1438280e+00  -1.2846631e-03  -8.6895089e-04   3.4037807e-04
  -7.3114142e-02   6.4509882e-02   1.1720229e+00  -9.7406642e-04  -7.7329773e-04  -3.2548402e-04
  -5.4886318e-02   9.3089314e-02   1.2003897e+00  -1.1558892e-03  -4.1524993e-04  -7.6475761e-04
  -7.0891343e-02   9.0424600e-02   1.2280382e+00  -6.2783884e-04  -5.3290293e-04  -9.3560530e-05
  -6.7043382e-02   9.3652615e-02   1.2168961e+00  -8.1125895e-04  -8.1542650e-04  -2.2076039e-04
  -8.7832562e-02   1.0607834e-01   1.2166543e+00  -6.6484431e-04  -5.8652991e-04   1.9003929e-04
  -7.5802059e-02   1.1588492e-01   1.2140490e+00  -9.0620231e-04  -8.4204519e-04  -4.3795810e-04
  -7.8171088e-02   8.1396209e-02   1.2517280e+00  -6.4738791e-04  -1.0790806e-03  -1.0815669e-04
  -5.2308219e-02   1.1606437e-01   1.2034834e+00  -7.8659974e-04  -7.7719029e-04  -7.8667029e-04
  -5.4566527e-02   1.1962868e-01   1.2393704e+00  -5.5458422e-04  -8.3651745e-04  -4.6500003e-04
  -7.5958639e-02   9.7608555e-02   1.2667253e+00  -8.5812598e-04  -5.8252302e-04   2.0142629e-04
  -6.6464641e-02   1.0987448e-01   1.2849534e+00  -3.5425670e-04  -2.2205386e-04  -3.2669108e-04
  -5.2963431e-02   1.1826019e-01   1.2741837e+00  -5.3890751e-04  -5.1806711e-04  -3.7138236e-04
  -6.6050468e-02   8.7911774e-02   1.3175017e+00  -5.1856964e-04  -7.3914780e-04  -6.2706339e-04
  -7.6417297e-02   1.2069152e-01   1.3208625e+00  -6.5384605e-04  -8.7966914e-04  -5.5357003e-06
  -7.8411971e-02   1.2464004e-01   1.3455561e+00  -8.4445823e-04  -5.0941856e-04  -5.7993703e-05
  -6.9179624e-02   1.2974435e-01   1.3407169e+00  -9.8976636e-04  -7.4867445e-04  -5.2630474e-04
  -6.2228061e-02   1.1668642e-01   1.3340721e+00  -1.0371403e-03  -4.6450489e-04  -4.7100838e-04
  -7.3987275e-02   1.1236006e-01   1.3538494e+00  -7.9145659e-04  -6.3372059e-04   2.4457278e-04
  -6.3729407e-02   1.0023023e-01   1.3660947e+00  -9.4954784e-04  -8.0269477e-04  -2.3681129e-04
  -4.4088276e-02   7.8284289e-02   1.3513489e+00  -1.1775293e-03  -3.2608823e-04  -5.4256037e-04
  -6.1638269e-02   9.9864374e-02   1.3688799e+00  -1.5029926e-03  -6.0636778e-04  -1.2315280e-04
  -5.8658963e-02   1.1645976e-01   1.3917908e+00  -8.9176270e-04  -2.7611739e-04  -3.4377320e-04
  -6.1339309e-02   9.6267263e-02   1.4372891e+00  -6.3825663e-04   5.8419296e-05  -2.4709135e-04
  -4.5763747e-02   1.2328218e-01   1.4298551e+00  -8.5955469e-04  -1.1037667e-04  -9.6227773e-04
  -6.4939967e-02   1.4171121e-01   1.4441902e+00  -1.2894396e-03  -4.1374250e-04   1.8381908e-04
  -4.3786427e-02   1.3134195e-01   1.4705594e+00  -8.3523536e-04  -2.5003538e-04  -1.6216032e-04
  -4.9426536e-02   1.0894029e-01   1.4619437e+00  -1.1113118e-03  -1.7323343e-04  -1.5608162e-04
  -5.9356755e-02   1.3273220e-01   1.4597891e+00  -9.5565386e-04  -7.7565924e-05   4.2159253e-04
  -3.5251989e-02   1.2833932e-01   1.4828218e+00  -1.0359145e-03  -2.4962677e-04  -2.5196780e-04
  -3.2369703e-02   1.2688830e-01   1.4810366e+00  -1.1747509e-03  -2.5171411e-04  -1.5059259e-04
  -4.9205935e-02   1.2784727e-01   1.5052654e+00  -9.7490730e-04  -7.6095521e-04   5.9423659e-05
  -3.0003776e-03   1.3615300e-01   1.4452024e+00  -1.4337809e-03  -3.9467883e-04   2.0137528e-04
  -5.6318134e-02   1.4678884e-01   1.4930057e+00  -2.1938550e-04   9.2969796e-05   1.4366712e-05
  -7.2316667e-02   1.2606394e-01   1.5295574e+00  -6.8635836e-04  -6.4954519e-04  -1.9283326e-04
  -5.3551875e-02   1.0462697e-01   1.5704431e+00  -3.5740575e-04  -5.5283244e-04  -6.8624171e-04
  -6.9694521e-02   1.0364654e-01   1.6118489e+00  -5.3781099e-04  -3.4953610e-04  -6.5551226e-04
  -6.6208175e-02   1.0847720e-01   1.6076280e+00  -5.5166055e-04  -5.0676547e-04  -1.6525538e-04
  -7.4708295e-02   1.6747082e-01   1.5874530e+00  -9.7756684e-04  -8.8615330e-04   7.3441776e-05
  -4.7446352e-02   1.1725338e-01   1.6646546e+00  -1.1875682e-04  -6.4751034e-04  -6.3222828e-04
  -5.8772877e-02   1.5428966e-01   1.6361647e+00  -9.9842070e-04  -4.6692784e-04  -2.0356583e-05
  -4.0503773e-02   1.0299002e-01   1.6305237e+00  -1.4929565e-03  -1.0926698e-03  -5.3717186e-04
  -5.0401510e-02   1.2682109e-01   1.6688636e+00  -1.2459849e-03  -4.6657586e-04  -1.3817898e-04
  -4.1567167e-02   1.3542507e-01   1.6646932e+00  -6.2219782e-04  -5.9674843e-04  -2.4694137e-04
  -3.1747914e-02   1.2804362e-01   1.7004667e+00  -4.0157365e-04  -5.9349731e-04  -4.9807318e-04
  -4.3382073e-02   1.0812375e-01   1.6997528e+00  -1.0331291e-03  -8.1272194e-04  -5.2789067e-04
  -3.9729022e-02   1.4214304e-01   1.7343185e+00  -3.8806358e-04  -4.8975156e-04  -3.1525724e-04
  -3.0356576e-02   1.2930716e-01   1.7247168e+00  -1.3778873e-03  -4.5014854e-04  -2.4064173e-04
  -4.1982710e-02   1.2769880e-01   1.7500094e+00  -1.1611576e-03  -1.0328959e-03  -2.0468029e-04
  -2.3222091e-02   8.5924721e-02   1.7679020e+00  -1.3855028e-03  -8.9953665e-04  -7.6157550e-04
  -1.2670066e-02   1.2414927e-01   1.7650965e+00  -1.2156691e-03  -3.5977252e-04  -6.2617387e-04
  -1.4013350e-02   9.0719726e-02   1.7935449e+00  -6.2129756e-04  -3.4806595e-04  -9.8318334e-04
  -3.5458248e-02   1.2757942e-01   1.7954219e+00  -1.1784050e-03  -4.8287506e-04   1.8292404e-04
  -2.6388069e-02   8.2591345e-02   1.7685268e+00  -2.0206623e-03  -1.0942637e-03  -1.4690104e-05
  -5.6678411e-02   1.1533172e-01   1.7925080e+00  -1.1254395e-03  -7.3710558e-04  -2.4464692e-04
  -8.7634889e-02   1.2245929e-01   1.8161076e+00  -1.0369092e-03  -6.7130476e-04  -1.3266215e-04
  -1.0016097e-01   1.2931210e-01   1.8388127e+00  -2.1114692e-04  -6.1993392e-04   3.6071174e-04
  -7.4714639e-02   1.1972472e-01   1.8638732e+00  -1.0554027e-03  -1.2380318e-03  -3.0521976e-04
  -8.5749089e-02   1.4864809e-01   1.9032635e+00  -2.0888424e-04  -7.0369585e-04   1.9875362e-04
  -7.8405504e-02   1.5356549e-01   1.8943914e+00  -9.7250837e-04  -4.6893795e-04   2.7746664e-04
  -4.5582523e-02   1.2940717e-01   1.8861394e+00  -8.6009885e-04  -6.3211559e-04  -7.3274429e-04
  -5.4069772e-02   1.3570136e-01   1.8909105e+00  -1.2648352e-03  -3.4990237e-04  -4.3698756e-04
  -5.3387120e-02   1.2781358e-01   1.9037211e+00  -1.7352241e-03  -4.9710030e-04  -2.0979692e-04
  -5.9722078e-02   1.4040178e-01   1.9210670e+00  -9.1927200e-04  -2.9903913e-04  -5.1661656e-05
  -5.6493238e-02   1.3809882e-01   1.9340216e+00  -1.1242234e-03  -8.5533571e-04  -4.1451543e-05
  -2.8010764e-02   1.2956098e-01   1.9341733e+00  -1.5281437e-03  -5.7895692e-04  -1.1415703e-03
  -5.1690461e-02   1.6167164e-01   1.9413120e+00  -1.5724202e-03  -4.8866964e-04   1.4406021e-04
  -5.1123872e-02   1.3320316e-01   1.9835332e+00  -1.0773494e-03  -8.0461362e-04  -3.3212787e-04
  -4.3221946e-02   1.2626338e-01   1.9860474e+00  -1.0667712e-03  -1.9884869e-04  -6.4076824e-04
  -4.2156092e-02   1.7800951e-01   2.0057406e+00  -1.3669907e-03  -7.6214365e-04  -4.9155072e-05
  -3.1624875e-02   1.6149406e-01   2.0131354e+00  -1.6786113e-03  -1.1302351e-03  -2.7603800e-04
  -2.4849115e-02   1.7018604e-01   2.0277605e+00  -1.7052433e-03  -9.4510202e-04  -2.4293521e-04
  -2.8993035e-02   1.5091564e-01   2.0470621e+00  -8.0221080e-04  -6.2302937e-04   1.8627988e-04
  -3.7704812e-02   1.6454169e-01   2.0426392e+00  -1.5946337e-03  -9.1410178e-04   4.6723907e-04
  -3.0399459e-02   1.1686193e-01   2.0761938e+00  -1.1848072e-03  -9.9163391e-04  -4.4406252e-04
   1.8515557e-02   1.6263351e-01   2.0141499e+00  -2.9114988e-04  -3.3371460e-04   5.8403289e-04
  -1.3960511e-02   1.6017473e-01   2.0341370e+00  -1.0631899e-03  -6.2680993e-04  -3.4721376e-04
  -1.6751492e-03  -2.5505763e-02   2.1162641e+00   1.3861881e-03  -5.8093683e-04  -1.8617758e-03
  -2.9711736e-02   1.3389523e-01   2.1198877e+00  -9.6411071e-04  -5.1248073e-05  -1.2960354e-04
  -3.0865499e-02   1.2951280e-01   2.1277015e+00  -1.5083447e-03  -4.4261685e-04  -8.2266214e-04
  -4.2083057e-02   1.6450982e-01   2.1294749e+00  -8.6027833e-04  -5.9296092e-04  -3.6875082e-04
  -3.9091439e-02   1.3737705e-01   2.1230427e+00  -7.8073829e-04  -7.1187580e-04  -5.2415606e-04
   7.1203931e-02   1.8588587e-01   1.8649019e+00  -3.5020137e-03  -6.2670162e-04  -8.1478084e-04
   2.6044900e-01   1.8525375e-01   1.4017963e+00  -1.3723819e-03   6.3306361e-04   1.7258308e-04
   2.9686807e-01   1.2784317e-01   1.3783428e+00  -1.2423999e-03   5.4623714e-04  -3.9413564e-04
   3.1494387e-01   1.2546141e-01   1.4044677e+00  -7.3770466e-04   5.4326929e-04  -4.1287571e-04
   3.3142390e-01   1.0566652e-01   1.4171805e+00  -8.3749948e-04   9.9948097e-04  -3.1187481e-04
   3.4613484e-01   1.1400275e-01   1.3980957e+00  -8.1977762e-04   1.1552151e-03  -5.3365959e-04
   3.4708403e-01   1.0804349e-01   1.3809048e+00  -8.5105652e-04   7.7515768e-04  -7.7716326e-04
   3.3663218e-01   1.1001952e-01   1.3746459e+00  -1.4276608e-03   1.0020930e-03  -1.7661316e-04
   3.4422308e-01   1.1447168e-01   1.3935030e+00  -1.0017124e-03   1.0363780e-03  -5.0086606e-04
   3.5717547e-01   9.8609139e-02   1.4229845e+00  -7.3684294e-04   1.1927407e-03  -9.2327236e-04
   3.3045208e-01   1.2775551e-01   1.4066245e+00  -9.4657802e-04   1.1872489e-03  -8.2672561e-05
   3.4945263e-01   1.0566771e-01   1.4201570e+00  -1.1538929e-03   1.3365683e-03  -3.7943528e-04
   3.3860705e-01   1.1794052e-01   1.4316127e+00  -1.0533190e-03   1.1197411e-03  -6.6125427e-05
   3.4333087e-01   8.3520397e-02   1.4526280e+00  -4.1604655e-04   1.4334334e-03  -2.1103643e-04
   3.2565080e-01   1.0185582e-01   1.4623285e+00  -1.1095970e-04   1.2426827e-03  -3.2449424e-04
   3.7151175e-01   1.0076835e-01   1.4833539e+00  -3.5681521e-04   1.5854301e-03  -7.6868863e-04
   3.4272300e-01   1.2170466e-01   1.4659023e+00  -1.1392565e-03   1.0734997e-03  -3.1339040e-04
   3.5060156e-01   1.0770223e-01   1.4843648e+00  -1.2079773e-03   1.4560681e-03  -5.8039931e-04
   3.7789676e-01   8.0868005e-02   1.5047673e+00  -1.6756372e-04   1.3320593e-03  -1.2718658e-03
   3.6496606e-01   1.0285573e-01   1.5094329e+00  -6.7218321e-04   9.6684102e-04  -4.9806238e-04
   3.3923598e-01   1.1370319e-01   1.5001777e+00  -1.0778597e-03   1.1111727e-03  -9.9913193e-05
   3.5513881e-01   9.2188060e-02   1.5094559e+00  -1.0624135e-03   1.2547592e-03  -7.8141475e-04
   3.3405805e-01   1.2084360e-01   1.5108917e+00  -8.3467658e-04   5.6056040e-04   6.6902957e-06
   3.7740292e-01   8.1008996e-02   1.5509407e+00  -4.4115138e-04   1.4077335e-03  -9.6422398e-04
   3.6379001e-01   7.8480998e-02   1.5607635e+00  -7.7457697e-04   1.1377831e-03  -9.5414519e-04
   3.5035881e-01   1.1530490e-01   1.5791111e+00  -8.8149312e-04   1.3380807e-03  -2.2273284e-04
   3.7443328e-01   6.5797769e-02   1.5736538e+00  -7.5200247e-04   1.4335832e-03  -9.8219087e-04
   3.4666778e-01   9.3289737e-02   1.5691632e+00  -1.0043956e-03   1.3864156e-03  -1.7161000e-04
   3.4385082e-01   8.5026641e-02   1.5820498e+00  -7.5495481e-04   1.3529840e-03  -3.7865744e-04
   3.3811704e-01   7.4647613e-02   1.6229781e+00  -4.7514559e-04   1.3398749e-03  -2.7715398e-04
   3.6017060e-01   1.0170607e-01   1.6272484e+00  -9.4625987e-04   1.7565024e-03  -4.8391270e-04
   3.5791877e-01   6.3166128e-02   1.6458616e+00  -7.4047404e-04   1.3476998e-03  -8.0460060e-04
   3.3249828e-01   8.6718256e-02   1.6571535e+00  -6.5924827e-04   1.1597654e-03  -1.8368177e-04
   3.4474085e-01   9.6907563e-02   1.6532869e+00  -9.8216378e-04   1.5122012e-03  -7.9621088e-05
   3.9258251e-01   7.4009460e-02   1.5879832e+00  -1.5235092e-03   1.0871882e-03  -9.7364609e-04
   3.5300311e-01   1.2128092e-01   1.6589523e+00  -1.5267684e-04   9.2672239e-04  -8.0261898e-04
   3.5351095e-01   8.8279474e-02   1.6863796e+00  -1.2624596e-03   1.4963386e-03  -4.8892132e-04
   3.5526455e-01   4.8117437e-02   1.7103764e+00  -4.5138767e-04   1.3688796e-03  -8.1555888e-04
   3.5975832e-01   7.7230623e-02   1.7591212e+00  -1.9672275e-04   1.6201548e-03  -7.3901069e-04
   3.6072603e-01   9.6304575e-02   1.7399256e+00  -8.0830649e-04   1.4141503e-03  -4.6322466e-04
   3.6092242e-01   4.7040735e-02   1.7387552e+00  -7.6277090e-04   1.1820203e-03  -6.9084846e-04
   3.2977486e-01   1.0749300e-01   1.6886586e+00  -9.9285397e-04   1.4156804e-03  -4.6706794e-04
   3.0790571e-01   9.7424524e-02   1.7264480e+00  -4.8237189e-04   1.2560447e-03  -8.2228303e-05
   3.4101314e-01   4.0982272e-02   1.7418978e+00  -1.2339394e-03   1.2683750e-03  -1.1295500e-03
   3.7003203e-01   3.4496532e-02   1.8017854e+00  -3.1439019e-04   1.4330483e-03  -1.4224419e-03
   3.4894094e-01   5.9128669e-02   1.8256811e+00  -2.9719667e-04   1.1612172e-03  -1.3686294e-03
   3.6587772e-01   6.9414038e-02   1.7969324e+00  -1.0460530e-03   1.2891291e-03  -1.1349036e-03
   3.5393539e-01   8.4660315e-02   1.7976855e+00  -1.2544379e-03   1.2481687e-03  -7.0540999e-04
   3.6687303e-01   7.2080077e-02   1.7889534e+00  -1.3451094e-03   1.5419271e-03  -9.3185658e-04
   3.6365437e-01   5.8391019e-02   1.8133517e+00  -1.8764273e-03   1.6586352e-03  -8.8688706e-04
   3.7107762e-01   6.3222996e-02   1.8370382e+00  -1.2296791e-03   1.1855720e-03  -9.1936455e-04
   3.7662496e-01   7.0315046e-02   1.8436407e+00  -2.0743415e-03   1.3327937e-03  -6.7249219e-04
   3.7784532e-01   8.9508860e-02   1.8600038e+00  -1.6485636e-03   1.3305463e-03  -7.8933782e-04
   3.8422190e-01   5.8325004e-02   1.8768028e+00  -1.7732773e-03   1.2904917e-03  -9.5626113e-04
   3.8594604e-01   7.9343111e-02   1.8652565e+00  -2.1295730e-03   9.2663550e-04  -8.3132899e-04
   3.7648584e-01   7.7032028e-02   1.9046341e+00  -1.6581245e-03   9.6357539e-04  -5.2561718e-04
   3.8357971e-01   8.9473104e-02   1.9113359e+00  -2.0033630e-03   6.7757336e-04  -3.6852439e-04
   3.9021013e-01   5.8033992e-02   1.9334540e+00  -1.7023310e-03   1.2784337e-03  -8.5227657e-04
   3.9294756e-01   7.3379637e-02   1.9632879e+00  -9.9421478e-04   1.3786129e-03  -9.7434323e-04
   3.8741315e-01   7.0828762e-02   1.9612399e+00  -1.5233020e-03   1.2299476e-03  -9.4300785e-04
   3.8797864e-01   9.8414701e-02   1.9564534e+00  -1.3862421e-03   1.5783871e-03  -6.2165150e-04
   3.7197633e-01   9.1758891e-02   1.9887910e+00  -1.1260467e-03   1.1875907e-03  -5.4571477e-04
   3.7778403e-01   8.9666308e-02   1.9929738e+00  -1.0897126e-03   1.5123691e-03  -3.6684503e-04
   3.9873613e-01   6.6286234e-02   1.9956743e+00  -1.4919468e-03   1.1375600e-03  -8.6758650e-04
   3.8111186e-01   8.5712670e-02   2.0085031e+00  -1.7546594e-03   1.4668026e-03  -6.8919405e-04
   3.9480659e-01   8.7871527e-02   2.0268380e+00  -1.3741558e-03   1.4362988e-03  -8.2267071e-04
   3.9000876e-01   9.6320318e-02   2.0193497e+00  -1.5783497e-03   1.7810299e-03  -5.9282594e-04
   3.9634256e-01   7.9940518e-02   2.0360979e+00  -1.4761188e-03   1.7739467e-03  -6.6082015e-04
   4.0947581e-01   9.0988956e-02   2.0594299e+00  -1.3256240e-03   1.9562795e-03  -9.0008723e-04
   3.9521756e-01   1.0335074e-01   2.0928358e+00  -6.1745455e-04   1.1121109e-03  -5.4360196e-04
   4.1546442e-01   9.3775028e-02   2.0966350e+00  -1.1532486e-03   1.6067978e-03  -5.6427537e-04
   4.0123611e-01   8.0636413e-02   2.1168417e+00  -1.0017861e-03   1.1386561e-03  -2.9023557e-04
   4.1376474e-01   7.7907294e-02   2.1246960e+00  -1.2337807e-03   1.1474811e-03  -1.3133089e-03
   4.0254924e-01   1.0384707e-01   2.1119838e+00  -1.3531161e-03   1.2896151e-03  -4.2434848e-04
   3.9222678e-01   1.0642430e-01   2.0767970e+00  -1.4015399e-03   1.4809490e-04  -3.9668446e-04
   4.1431574e-01   7.3306879e-02   2.1125959e+00   1.3091134e-03   4.3903674e-04  -9.2259149e-04
   3.7556124e-01   9.0026171e-02   2.1361395e+00  -8.7675547e-04   5.4852082e-04  -5.4594579e-04
   3.9713831e-01   8.3963854e-02   2.1602423e+00  -7.5608932e-04   5.8676791e-04  -1.1363939e-03
   3.8301525e-01   7.6672862e-02   2.2048742e+00  -2.0074251e-04   9.8312452e-04  -6.1132814e-04
   3.9243596e-01   1.2520026e-01   2.2315779e+00  -3.1065311e-04   8.0507225e-04  -6.8536870e-04
   4.0395857e-01   1.1146575e-01   2.2431132e+00  -6.6336221e-04   4.4818602e-04  -7.8761244e-04
   3.9105176e-01   1.1732422e-01   2.2342552e+00  -1.1838694e-03   8.0091133e-04  -3.9014325e-04
   4.1609507e-01   1.0496525e-01   2.2584263e+00  -7.0374964e-04   4.9951152e-04  -1.0653728e-03
   4.1138748e-01   9.5439968e-02   2.2788912e+00  -7.5501883e-04   9.8359545e-04  -7.1864071e-04
   3.9752908e-01   1.0882740e-01   2.2799369e+00  -1.0902640e-03   5.4618858e-04  -4.3603209e-04
   4.2576620e-01   8.9640653e-02   2.2870688e+00  -1.0398629e-03   5.9230177e-04  -1.0754616e-03
   4.0646494e-01   9.4818678e-02   2.2922782e+00  -1.2757782e-03   5.8441322e-04  -5.8322578e-04
   4.2905583e-01   9.0981097e-02   2.3013196e+00  -1.1574438e-03   1.1510975e-03  -8.4127801e-04
   4.2917414e-01   7.4467624e-02   2.2981631e+00  -1.7005347e-03   1.0639990e-03  -1.1504349e-03
   4.1564617e-01   1.0340191e-01   2.3091804e+00  -1.5407308e-03   6.8460502e-04  -6.0703521e-04
   4.2203789e-01   1.0629892e-01   2.3143919e+00  -1.3763468e-03   1.3187155e-03  -6.0370834e-04
   4.2914403e-01   9.5927955e-02   2.3610803e+00  -7.8091820e-04   1.0536241e-03  -9.4375260e-04
   4.4782972e-01   8.8795862e-02   2.3551425e+00  -1.1798201e-03   1.0156129e-03  -1.2624396e-03
   4.2436965e-01   1.1025505e-01   2.3780226e+00  -1.2657488e-03   1.0941587e-03  -5.4356548e-04
   4.2695759e-01   1.1325230e-01   2.4194969e+00  -9.0047209e-04   1.0632056e-03  -7.1525213e-04
   4.2163493e-01   1.0906732e-01   2.3973387e+00  -1.6446020e-03   1.3190793e-03  -1.5211661e-04
   4.3102581e-01   1.0204135e-01   2.4273862e+00  -1.3530889e-03   1.2518376e-03  -5.1711971e-04
   4.2288292e-01   1.3183832e-01   2.4144288e+00  -1.7531436e-03   8.2858743e-04  -7.9021209e-04
   4.2027964e-01   1.3384461e-01   2.4295713e+00  -1.3617779e-03   1.2536780e-03  -6.4858429e-04
   4.1865211e-01   1.0245934e-01   2.4548970e+00  -6.0030017e-04   9.8212728e-04  -5.8139532e-04
   4.3134462e-01   1.0825813e-01   2.4663902e+00  -8.5256320e-04   1.0503527e-03  -6.8252561e-04
   4.3266372e-01   8.6053337e-02   2.4724290e+00  -1.2919392e-03   1.4635842e-03  -8.3608198e-04
   4.3876629e-01   1.1870024e-01   2.4926541e+00  -9.4574831e-04   8.6746742e-04  -4.9706188e-04
   4.3598300e-01   1.2597270e-01   2.4664368e+00  -1.0625262e-03   1.1046778e-03  -6.6307064e-04
   4.1592416e-01   1.3283469e-01   2.4887506e+00  -1.0948445e-03   1.1249111e-03  -2.8548275e-05
   4.2017392e-01   1.0453595e-01   2.5009901e+00  -1.4217616e-03   1.2029772e-03  -2.9957617e-04
   4.4307278e-01   9.7934417e-02   2.5257580e+00  -9.7662227e-04   1.4920877e-03  -6.4566999e-04
   4.4812200e-01   1.0427108e-01   2.5243794e+00  -9.9204990e-04   8.0043388e-04  -1.1495763e-03
   4.3567488e-01   1.0979424e-01   2.5632688e+00  -6.8489800e-04   8.5015644e-04  -5.9979000e-04
   4.3488229e-01   1.0923406e-01   2.5600784e+00  -1.0837937e-03   9.4121075e-04  -4.6441461e-04
   4.7573794e-01   1.7868109e-01   2.5839271e+00   5.1379850e-05   3.3749604e-04  -3.1973973e-03
   4.4133625e-01   1.1939359e-01   2.5801940e+00  -1.0464580e-03   1.3115720e-03  -6.4784997e-04
   4.3717950e-01   1.2309629e-01   2.5832027e+00  -9.1141320e-04   1.1910535e-03  -1.3803434e-04
   4.4201414e-01   1.4369139e-01   2.6067152e+00  -8.7144265e-04   6.3296517e-04  -4.3509547e-04
   4.4423360e-01   1.1575615e-01   2.6062553e+00  -1.1226379e-03   9.5758281e-04  -3.6589067e-04
   4.5521951e-01   1.1029396e-01   2.6441530e+00  -5.1002526e-04   1.4332255e-03  -7.6134906e-04
   4.3248631e-01   1.3416139e-01   2.6394635e+00  -9.7633215e-04   8.7636099e-04  -1.7331868e-04
   4.5045699e-01   1.1232553e-01   2.6723278e+00  -3.7849023e-04   1.2894339e-03  -3.4341207e-06
   4.4180940e-01   1.2378175e-01   2.6991445e+00  -5.8867448e-04   1.2407111e-03  -4.8754328e-04
   4.5101111e-01   1.1151646e-01   2.7077725e+00  -8.2622453e-04   1.3171419e-03  -6.4866956e-04
   4.7362104e-01   1.0269714e-01   2.7095203e+00  -7.6778489e-04   1.5175844e-03  -9.1018943e-04
   4.5011448e-01   1.2155197e-01   2.7383947e+00  -1.5737760e-04   1.5252453e-03  -3.5045638e-04
   4.7761862e-01   1.1662698e-01   2.7423759e+00   8.9245563e-05   1.6595303e-03  -5.9976248e-04
   4.4759550e-01   1.4861710e-01   2.7275814e+00  -1.8950875e-04   1.2864733e-03   1.5452902e-04
   4.4014498e-01   1.2066561e-01   2.7439559e+00  -7.4392960e-04   1.5243023e-03   4.7888686e-05
   4.4994568e-01   1.1552007e-01   2.8091456e+00   1.1972170e-04   1.7069287e-03  -7.2586807e-04
   4.4958770e-01   9.8077671e-02   2.8091473e+00  -6.6928820e-04   1.5385749e-03  -5.5760473e-04
   4.5309679e-01   1.2273145e-01   2.8081579e+00  -5.4760927e-04   1.9007517e-03  -6.0212358e-04
   4.4059585e-01   1.1954466e-01   2.7794549e+00  -1.4806211e-03   1.1633869e-03  -2.0108628e-04
   4.5117626e-01   1.3495514e-01   2.7821355e+00  -7.4062145e-04   1.3119805e-03  -4.2255424e-04
   4.5403416e-01   1.4598291e-01   2.7968739e+00  -9.0741559e-04   1.7246813e-03  -3.7290958e-06
   4.5197388e-01   1.0557364e-01   2.8235504e+00  -7.1355237e-04   1.8747111e-03  -1.3789568e-04
   4.5550333e-01   1.1024136e-01   2.8352006e+00  -6.5918130e-04   1.6795011e-03  -2.8604425e-04
   4.4173524e-01   1.2372497e-01   2.8534071e+00  -4.2861205e-04   1.7248625e-03   2.2355624e-04
   4.4541373e-01   1.1764674e-01   2.8625364e+00  -8.2099896e-04   1.5955698e-03   8.1392561e-05
   4.6931475e-01   1.2427153e-01   2.8634886e+00  -7.8883030e-04   1.5222079e-03  -6.7769196e-04
   4.6787585e-01   1.0750074e-01   2.9087759e+00  -2.2383631e-04   2.0906485e-03  -4.5850615e-04
   4.4306699e-01   1.5513543e-01   2.9135937e+00  -9.3637256e-04   1.7919484e-03   9.4421153e-05
   4.5049042e-01   1.1271241e-01   2.9171252e+00  -1.0240125e-03   1.5479783e-03   1.0837212e-04
   4.5723835e-01   1.2253062e-01   2.9276302e+00  -8.0033757e-04   1.6876523e-03  -1.1523578e-04
   4.5902555e-01   1.2723239e-01   2.9244907e+00  -9.2752842e-04   1.8931958e-03  -1.0697863e-04
   4.5256878e-01   1.2317542e-01   2.9509714e+00  -7.7900715e-04   2.1447061e-03  -1.6210416e-04
   4.8541265e-01   1.3414904e-01   2.9562394e+00  -9.0513747e-04   1.7034242e-03  -3.6114172e-04
   4.5978369e-01   1.2295132e-01   2.9750416e+00  -1.0999910e-03   1.4812661e-03  -1.3153669e-04
   4.5038642e-01   1.2042293e-01   2.9887415e+00  -7.1258140e-04   1.8481120e-03   5.6908380e-05
   4.5943885e-01   1.0290001e-01   2.9979520e+00  -1.1839707e-03   1.4618542e-03  -3.3743528e-04
   4.5313214e-01   1.1982214e-01   3.0124628e+00  -4.2574261e-04   1.6799110e-03   8.5231720e-05
   4.6676306e-01   1.1853124e-01   3.0249911e+00  -5.2877981e-04   2.1213704e-03   3.3438547e-04
   4.6736580e-01   1.0843830e-01   3.0597671e+00  -4.0984919e-04   2.2678697e-03   9.5228745e-05
   4.7846324e-01   8.7845706e-02   3.0801874e+00  -2.4831289e-04   2.3617243e-03  -6.1005180e-04
   4.6721584e-01   1.3197223e-01   3.0800687e+00  -5.3933873e-04   1.9681236e-03   1.0533471e-04
   4.7171025e-01   1.4130267e-01   3.0931529e+00  -3.4249213e-04   2.1478777e-03  -2.6022826e-05
   4.6316920e-01   1.3524897e-01   3.1121769e+00  -2.6422260e-04   1.9004442e-03   1.6531588e-04
   4.7199278e-01   1.2718901e-01   3.1138288e+00  -2.7475636e-04   1.8126104e-03  -3.4251680e-04
   4.5941123e-01   1.2946663e-01   3.1396339e+00  -1.7416538e-04   1.7634931e-03  -4.0016489e-04
   4.7568027e-01   1.3711516e-01   3.1377446e+00  -5.1734248e-04   1.6354404e-03  -2.1018213e-04
   4.5905079e-01   1.4941826e-01   3.1654928e+00  -1.9189950e-04   2.1572480e-03   3.5086654e-04
   4.6235206e-01   1.1563724e-01   3.1354983e+00  -1.1037854e-03   1.9363637e-03   3.4334019e-04
   4.4673900e-01   6.7940596e-02   3.1581042e+00  -9.0450248e-04   1.5473248e-03   9.0002598e-04
   4.9125878e-01   1.0667092e-01   3.1014895e+00  -7.5653069e-04   1.4827673e-03   2.9737173e-04
   4.4349705e-01   1.4787670e-01   3.1588961e+00  -7.4484337e-06   1.2433110e-03   6.1293306e-04
   4.4013712e-01   1.4148947e-01   3.1680381e+00  -2.2649912e-04   1.3095558e-03   5.1936839e-04
   4.5085710e-01   1.1458117e-01   3.1992518e+00   9.0363536e-05   1.4565030e-03  -3.0258564e-05
   4.6837448e-01   1.0950100e-01   3.2169285e+00  -6.8264976e-05   1.6606757e-03  -4.9357414e-04
   4.6148525e-01   1.0338490e-01   3.2406253e+00  -1.2019917e-04   1.5118380e-03  -5.7162785e-04
   4.7868051e-01   1.0505149e-01   3.2559816e+00  -1.5143596e-04   1.6393703e-03  -6.6549225e-04
   4.7881860e-01   1.2882469e-01   3.2542010e+00  -5.0273683e-05   1.9627166e-03  -6.4183900e-05
   4.6903222e-01   1.2168167e-01   3.2681466e+00  -5.7630554e-04   1.9348013e-03  -1.9771560e-04
   4.6313881e-01   1.2849052e-01   3.2904016e+00  -1.0610692e-04   1.7958382e-03  -1.1974963e-04
   4.8735746e-01   9.0335254e-02   3.2917982e+00  -5.8397462e-04   2.1480611e-03  -5.1799052e-04
   4.8095259e-01   1.3738992e-01   3.3092366e+00   1.6938567e-04   1.9132947e-03  -1.5456921e-05
   4.6535542e-01   1.1575945e-01   3.2601306e+00  -1.3662380e-03   1.3661859e-03   1.1543552e-04
   4.6422976e-01   1.1549179e-01   3.3006046e+00  -7.1764803e-04   1.7335653e-03  -3.7678845e-06
   4.5748857e-01   1.3068036e-01   3.3269643e+00  -7.7194938e-04   1.7293591e-03  -6.1357850e-06
   4.7767346e-01   1.4704433e-01   3.3422424e+00  -1.2430328e-03   1.7930057e-03  -1.1773116e-04
   4.6653142e-01   1.3651404e-01   3.3885927e+00  -8.2549127e-06   2.1143172e-03  -8.1089795e-05
   4.7775197e-01   1.0767787e-01   3.3929354e+00  -2.4583073e-04   2.4063616e-03  -1.3442955e-04
   4.9565117e-01   9.6307898e-02   3.4111896e+00  -2.1499252e-04   2.4291701e-03  -5.0306939e-04
   4.7824905e-01   1.2883252e-01   3.3980395e+00  -3.5419177e-04   2.0359357e-03  -1.1635241e-05
   4.8755340e-01   1.0898716e-01   3.4397647e+00   8.3824633e-05   2.2681788e-03  -2.7838475e-04
   4.7297208e-01   1.2224617e-01   3.4338479e+00  -2.4967912e-04   2.2694933e-03   3.0349494e-04
   4.9509987e-01   1.3566147e-01   3.4425197e+00  -3.0060265e-04   2.1259323e-03  -4.6749110e-05
   4.7172369e-01   1.3931272e-01   3.4506105e+00  -3.5039506e-04   1.6489620e-03   3.6828743e-04
   4.8391964e-01   1.2310548e-01   3.4721278e+00  -5.2148455e-04   1.9857273e-03   2.2856276e-05
   5.0206588e-01   1.3008060e-01   3.4960546e+00  -3.7488926e-04   2.7337189e-03  -5.0793059e-04
   4.8444036e-01   1.4225394e-01   3.4938603e+00  -3.5447820e-04   2.5378753e-03   6.4930769e-05
   4.7213238e-01   1.5400390e-01   3.4968538e+00  -5.4162724e-04   2.1204489e-03   3.4214369e-04
   4.9095272e-01   1.2983267e-01   3.5139579e+00  -9.4815578e-04   2.4897148e-03   2.0590409e-04
   4.8928985e-01   1.2803950e-01   3.5297347e+00  -5.4843588e-04   2.6834755e-03   4.2544603e-04
   4.9077289e-01   1.4231450e-01   3.5559728e+00  -6.1876601e-04   2.6340114e-03   1.3407222e-04
   4.7786639e-01   1.3948628e-01   3.5763620e+00   3.3177840e-05   2.1354744e-03   1.3704565e-04
   4.9400187e-01   9.9726359e-02   3.5625671e+00  -9.8016240e-04   2.5105776e-03   4.3950241e-05
   5.1343947e-01   1.4559102e-01   3.5880864e+00  -2.4397942e-04   2.8804173e-03  -5.7767015e-04
   5.0180297e-01   1.4035691e-01   3.6133522e+00   1.2281649e-04   2.2701049e-03  -2.3343971e-04
   4.9138035e-01   1.1280662e-01   3.6270985e+00   8.4616010e-05   2.4288914e-03  -1.3597038e-04
   4.7679744e-01   1.4947956e-01   3.6461368e+00   2.7856209e-04   2.4661600e-03   7.1739800e-04
   4.9130433e-01   1.2302594e-01   3.6542979e+00   5.7799857e-06   2.4723468e-03  -1.8031821e-05
   4.8553357e-01   1.2502275e-01   3.6579872e+00  -4.7942278e-04   2.4628784e-03  -2.5333479e-04
   4.9142379e-01   1.6169154e-01   3.6758633e+00   1.5864971e-05   2.2809417e-03  -6.1747976e-05
   4.7778685e-01   1.6866390e-01   3.6705563e+00  -5.1955381e-04   2.1924292e-03   3.2368182e-04
   4.8401454e-01   1.5025835e-01   3.7034372e+00  -1.1442368e-04   2.3932943e-03  -5.6991019e-05
   4.9991924e-01   1.3105201e-01   3.7130240e+00  -2.3293132e-04   2.3707214e-03  -3.5373778e-04
   4.9031731e-01   1.4732208e-01   3.7111254e+00  -6.7017275e-04   2.5567382e-03   1.2794389e-04
   5.1458210e-01   1.3993415e-01   3.7341768e+00  -1.1132684e-04   1.8510023e-03  -1.1291296e-03
   4.9685684e-01   1.4227572e-01   3.7625409e+00   1.8747079e-04   2.1600477e-03  -2.2087346e-04
   5.1915333e-01   1.1076250e-01   3.7401691e+00  -4.7335783e-04   1.8638814e-03  -8.6820938e-04
   5.0526536e-01   1.6447015e-01   3.7801588e+00   3.9524075e-05   2.1537024e-03  -5.2337601e-05
   5.0134677e-01   1.3462991e-01   3.7892386e+00  -4.1809301e-04   2.4885746e-03  -2.8047606e-04
   5.1303533e-01   1.2800491e-01   3.8053827e+00  -3.9713484e-04   2.7741412e-03  -7.0673598e-04
   5.0435717e-01   1.6553750e-01   3.7890302e+00  -7.9040283e-04   2.3203829e-03  -3.4628672e-04
   5.0202660e-01   1.4296240e-01   3.7979150e+00  -3.3636093e-04   2.1398294e-03  -2.1899994e-04
   4.9224559e-01   1.4683216e-01   3.8072728e+00  -6.8859513e-04   2.7004502e-03   9.0910636e-05
   4.8516557e-01   1.7846607e-01   3.8228567e+00  -8.8144552e-04   2.4272493e-03   2.6173246e-04
   5.0123102e-01   1.5372630e-01   3.8409179e+00  -2.8236810e-04   2.8868899e-03   2.8801382e-04
   4.9771671e-01   1.6454814e-01   3.8681017e+00  -2.8228689e-04   2.2166609e-03  -3.0992711e-06
   5.2461382e-01   1.4498734e-01   3.8848382e+00  -4.6604438e-04   2.4324015e-03  -6.6600500e-04
   4.9943774e-01   1.5565625e-01   3.9105271e+00  -2.4264733e-04   2.2716055e-03   2.8613643e-05
   5.0762127e-01   1.5408844e-01   3.8952870e+00  -6.1723285e-04   2.6857797e-03  -1.4549816e-04
   5.0200295e-01   1.7925331e-01   3.8938535e+00  -6.8528189e-04   2.4598794e-03   6.7918048e-05
   5.1121258e-01   1.6266358e-01   3.9323032e+00  -3.9522347e-06   2.6660395e-03  -1.2084822e-04
   5.1702979e-01   1.6703905e-01   3.9200758e+00  -4.0662211e-04   2.1791371e-03  -3.5264539e-04
   5.0806851e-01   1.6660692e-01   3.9473160e+00  -2.0236577e-04   2.2619050e-03  -1.3380609e-05
   5.1577361e-01   1.5697742e-01   3.9882221e+00  -1.7766340e-04   2.7029401e-03  -2.5849121e-04
   5.0755802e-01   1.8026010e-01   3.9622136e+00  -8.7212511e-04   2.7065427e-03  -2.9848325e-06
   5.0885587e-01   1.5556534e-01   3.9757782e+00  -6.1973357e-04   2.5612917e-03  -5.7303555e-04
   5.2235069e-01   1.4564044e-01   3.9946702e+00  -3.0835156e-05   2.6266142e-03  -9.8601959e-04
   5.1545671e-01   1.3100373e-01   4.0223883e+00  -3.3294717e-04   2.6178159e-03  -5.7614160e-04
   5.1131587e-01   1.7296892e-01   4.0021790e+00  -4.4099229e-04   2.1257999e-03  -1.0852919e-04
   5.9265599e-01   1.0800459e-01   3.9764006e+00   8.0774043e-04   2.2015836e-03  -1.8465274e-03
   5.0043255e-01   1.6320305e-01   4.0230553e+00   3.5989418e-04   2.5769858e-03   3.6540602e-04
   4.8089968e-01   1.2279057e-01   4.0042109e+00  -9.7940808e-05   2.2830431e-03   5.2448001e-05
   4.7933870e-01   1.4202963e-01   4.0106941e+00  -1.1576781e-04   2.3365690e-03   3.2507107e-05
   4.8115277e-01   1.4734983e-01   4.0331646e+00   6.2035016e-04   2.2047378e-03  -3.2126046e-04
   4.7510666e-01   1.5263756e-01   4.0565432e+00   4.6210549e-04   1.9430473e-03  -1.7200428e-04
   4.9501983e-01   1.4228419e-01   4.0793765e+00  -1.6804345e-04   2.2138906e-03  -4.1563867e-04
   4.9105661e-01   1.6750624e-01   4.0827075e+00  -3.0904882e-04   2.5541448e-03   3.1858411e-04
   4.9535272e-01   1.3608448e-01   4.1146928e+00  -3.6379009e-04   2.4328931e-03  -5.5464440e-04
   4.9078801e-01   1.7420172e-01   4.1449561e+00  -4.2173111e-04   2.6453411e-03   9.0268949e-05
   4.8689614e-01   1.4488291e-01   4.1731763e+00   6.4623420e-04   2.5689387e-03   6.6675405e-05
   4.8522883e-01   1.2510185e-01   4.1806194e+00  -5.1569850e-04   2.4966000e-03  -5.8342028e-06
   4.9783303e-01   1.4855594e-01   4.1727871e+00  -4.3774884e-04   2.9195610e-03   2.7639551e-04
   4.9727425e-01   1.5222613e-01   4.1958660e+00  -4.0717819e-04   2.6096471e-03  -5.7947480e-05
   5.1348394e-01   1.4598470e-01   4.2041542e+00  -2.3075150e-04   2.6080554e-03  -6.1335781e-04
   4.9252456e-01   1.5088723e-01   4.1750343e+00  -1.0463130e-03   2.3540326e-03   3.1674893e-04
   5.1033842e-01   1.2935600e-01   4.1968605e+00  -7.3182364e-04   2.2863100e-03  -3.1362850e-05
   5.0562725e-01   1.5791141e-01   4.2034833e+00  -8.9860470e-04   2.3727120e-03   1.0041391e-04
   5.1059911e-01   1.2728584e-01   4.2379262e+00  -5.1033239e-04   2.5776249e-03   1.5195229e-04
   5.0420404e-01   1.4861863e-01   4.2576751e+00  -8.6215297e-04   2.7056238e-03  -6.4146503e-05
   5.1705615e-01   1.3750276e-01   4.2672188e+00  -7.8283588e-04   2.5917815e-03   2.5641651e-05
   5.0351625e-01   1.6587313e-01   4.2519868e+00  -1.0159237e-03   2.4329390e-03   2.9034043e-04
   5.1210784e-01   1.2953870e-01   4.2725307e+00  -6.7297637e-04   3.3189775e-03   2.2064128e-04
   4.8781081e-01   1.6140889e-01   4.2979307e+00  -5.4247663e-04   2.6811497e-03   8.0850791e-04
   5.1703966e-01   1.5601269e-01   4.3022532e+00   3.8357395e-05   2.6346844e-03   1.2818744e-04
   5.2396337e-01   1.3932859e-01   4.3125279e+00  -8.1867444e-04   3.0435775e-03   2.6540300e-05
   5.1118477e-01   1.6707327e-01   4.3187758e+00  -5.8540996e-04   2.7168780e-03   6.1162907e-04
   5.1482187e-01   1.3997866e-01   4.3586852e+00  -8.8464423e-05   2.6457378e-03   2.9278469e-04
   5.3090511e-01   1.4428726e-01   4.3731697e+00  -3.7933215e-05   3.1459738e-03   1.0316427e-04
   5.6874213e-01   1.4040992e-01   4.3705030e+00  -3.2042764e-04   2.8695712e-03  -9.6983975e-04
   5.3403905e-01   1.6753642e-01   4.3534199e+00  -4.2959220e-04   3.0984318e-03   2.0825613e-04
   5.3654304e-01   1.5251477e-01   4.4027384e+00  -1.8656193e-04   2.9478050e-03  -1.5214802e-04
   5.3833740e-01   1.4912591e-01   4.3981713e+00  -7.6083338e-04   2.9558872e-03  -5.7495965e-05
   5.5062454e-01   1.5237021e-01   4.4071578e+00  -9.0925675e-05   2.9776532e-03  -5.6624557e-04
   5.3814834e-01   1.8515615e-01   4.3904752e+00  -5.5232929e-04   2.9062282e-03  -1.6171898e-05
   5.3226137e-01   1.2575347e-01   4.4288625e+00  -4.5677032e-04   3.1177859e-03  -4.4784792e-05
   5.3193164e-01   1.4311376e-01   4.4485796e+00  -8.6620246e-04   2.6972486e-03  -1.0350607e-04
   5.3180025e-01   2.2698300e-01   4.4152518e+00  -1.2214254e-03   2.6935267e-03   1.0121908e-04
   5.2646889e-01   1.6256094e-01   4.4427310e+00  -6.1550818e-04   2.9380411e-03   2.3720732e-04
   5.2670728e-01   1.6367042e-01   4.4605048e+00  -2.3008395e-04   2.5613080e-03   8.0170926e-04
   5.4613440e-01   1.4262692e-01   4.4841653e+00  -1.5769157e-04   2.7634971e-03  -2.3563977e-04
   5.4036254e-01   1.5089855e-01   4.5132919e+00   3.3995073e-04   2.8136734e-03   7.5320409e-05
   5.4834633e-01   1.3009025e-01   4.5114004e+00   4.0582357e-04   3.3370515e-03  -1.7045067e-04
   5.3228720e-01   1.4519163e-01   4.5116489e+00  -1.5708957e-04   2.8671728e-03   3.5275934e-04
   5.4822085e-01   1.3825368e-01   4.5401349e+00   1.2641017e-04   3.1876226e-03   2.0832224e-05
   5.4170553e-01   1.6848903e-01   4.5495287e+00  -8.0146824e-05   2.7981951e-03  -2.4123289e-04
   5.3384029e-01   1.5330991e-01   4.5383783e+00   3.3352977e-06   2.9684210e-03  -9.9775920e-05
   5.4955436e-01   1.3939952e-01   4.5936542e+00   7.1078462e-04   3.2154857e-03  -2.5101639e-04
   5.6023615e-01   1.6536480e-01   4.5731714e+00  -4.9114478e-04   2.7620161e-03  -5.6473763e-04
   5.4768115e-01   1.5850086e-01   4.5678102e+00  -3.7656682e-05   2.6424082e-03   2.0861534e-04
   5.5384370e-01   1.6282431e-01   4.5931785e+00  -1.3779855e-04   3.0371599e-03  -7.8911205e-05
   5.4243276e-01   1.6815580e-01   4.5998801e+00  -2.8650562e-04   3.0079482e-03   6.0387280e-04
   5.6087883e-01   1.8623431e-01   4.6059379e+00  -2.7054794e-04   3.1694535e-03   2.3163513e-05
   5.0316397e-01   2.5041936e-01   4.6348570e+00   5.9621531e-04   1.7881636e-03   7.7470932e-04
   5.4357443e-01   1.6587087e-01   4.6528879e+00   1.9283070e-05   2.7698046e-03   2.5382694e-04
   5.7120282e-01   1.7314273e-01   4.6549100e+00  -1.6711309e-04   3.3231302e-03  -4.4705347e-05
   5.8026880e-01   1.4307633e-01   4.6509497e+00  -6.3927697e-04   3.3054037e-03  -6.9778822e-04
   5.3927831e-01   1.6954482e-01   4.6854445e+00  -5.6530582e-05   2.8992986e-03   4.3204834e-05
   5.4350598e-01   1.9101361e-01   4.6708139e+00  -3.2780315e-04   3.0677570e-03   4.4114831e-04
   5.4811455e-01   1.6402453e-01   4.6998542e+00   3.6716293e-04   3.1046681e-03   5.9929269e-05
   5.6808370e-01   1.7268714e-01   4.6974068e+00   1.7384951e-04   3.5526084e-03  -3.4322209e-04
   5.4526068e-01   1.6560309e-01   4.7042551e+00  -9.1023201e-05   3.3813634e-03   5.8767397e-04
   5.7607676e-01   1.4714473e-01   4.7143789e+00   5.3422094e-05   3.2828734e-03  -6.6562986e-04
   5.4565574e-01   1.7594916e-01   4.7262172e+00   1.7689954e-05   3.5969525e-03   6.1575547e-04
   5.7182717e-01   1.8841881e-01   4.7411520e+00   3.7026812e-05   2.8907521e-03  -2.6086943e-04
   5.5261811e-01   1.8692593e-01   4.7515337e+00   1.2499081e-04   3.2261572e-03   1.8715075e-04
   5.4607403e-01   1.5388859e-01   4.7450862e+00  -4.3695958e-04   3.1167386e-03   3.8934964e-04
   5.4976673e-01   1.7136894e-01   4.7663784e+00  -5.3742124e-04   3.3877435e-03   4.4392985e-04
   5.6491477e-01   1.7470181e-01   4.7866369e+00  -2.9766056e-04   3.4605318e-03   2.3257246e-04
   5.6087461e-01   1.7860083e-01   4.7913393e+00  -5.0651444e-05   3.2637017e-03  -2.8529855e-04
   5.4935238e-01   1.7234446e-01   4.8201304e+00  -2.8565705e-04   3.7141855e-03   7.2239303e-04
   5.4648311e-01   1.6485575e-01   4.8257965e+00  -5.2697844e-04   3.1376703e-03   1.5682980e-04
   5.6615753e-01   1.8179161e-01   4.8552761e+00   3.9401947e-04   2.9969067e-03  -2.6150949e-04
   5.6203000e-01   1.7000208e-01   4.8510038e+00   2.5062190e-05   3.6217562e-03   2.7629816e-04
   5.5761358e-01   1.6188429e-01   4.8734867e+00   4.1983852e-04   3.6465087e-03  -1.3300781e-04
   5.5747887e-01   1.7751659e-01   4.8646209e+00   3.9116778e-04   3.1769539e-03  -1.5412175e-04
   5.4780487e-01   1.6416712e-01   4.8646238e+00  -1.9493496e-04   3.0600271e-03  -2.3014997e-05
   5.4817459e-01   1.8840931e-01   4.8564389e+00  -5.0031891e-04   3.3154234e-03   2.5414597e-04
   5.4824863e-01   1.9194047e-01   4.8857287e+00  -5.6061529e-05   2.8719515e-03   8.0663330e-05
   5.5513216e-01   1.7650029e-01   4.9166768e+00   2.1551370e-04   3.1832627e-03  -4.3473597e-05
   5.5117588e-01   1.9398768e-01   4.9329877e+00  -3.1333766e-04   3.3404526e-03   3.5964723e-04
   5.6885135e-01   1.8920157e-01   4.9352689e+00  -5.8009169e-05   3.2880375e-03  -4.1813043e-04
   5.5948605e-01   1.8819282e-01   4.9479234e+00   6.1023115e-05   2.8843080e-03  -8.8942472e-05
   5.2342338e-01   1.8231577e-01   4.9112637e+00   3.3335139e-04   2.3897342e-03   1.8220862e-04
   5.2191147e-01   1.5229086e-01   4.9213150e+00   9.6902656e-05   2.6402618e-03  -5.6925110e-05
   5.3912391e-01   1.5477602e-01   4.9541861e+00   5.6435032e-04   2.9148385e-03  -4.8362266e-04
   5.2316032e-01   1.9806491e-01   4.9624130e+00   4.3762401e-04   2.7646218e-03  -2.7988039e-05
   5.4568324e-01   1.6678228e-01   4.9567916e+00   1.9869819e-04   2.4229865e-03  -3.5203971e-04
   5.4423130e-01   1.7612401e-01   4.9693027e+00   1.8045893e-05   2.4505425e-03  -3.0655776e-04
   5.5286628e-01   1.7355371e-01   4.9689510e+00   6.3567293e-05   2.7801100e-03  -1.6535240e-04
   5.4924424e-01   1.5790575e-01   4.9958901e+00  -2.4020654e-05   2.5336913e-03   5.8815493e-06
   5.4279322e-01   1.7636366e-01   5.0035287e+00   1.6247403e-04   2.7605962e-03  -3.1163642e-04
   5.2500433e-01   1.8099483e-01   5.0164436e+00   6.2591014e-05   2.7631159e-03   1.4490010e-04
   5.4617112e-01   1.7553183e-01   5.0534894e+00   1.7422508e-04   2.9784806e-03  -4.7057019e-04
   5.4445002e-01   1.5985946e-01   5.0741662e+00   1.6734130e-04   2.8662437e-03  -4.1039442e-04
   5.5247853e-01   1.7080201e-01   5.0551190e+00  -3.0404629e-05   2.5188144e-03  -3.0952352e-05
   5.4740018e-01   1.6539045e-01   5.0577941e+00   3.0182129e-04   2.2993520e-03  -5.1060412e-04
   5.4687121e-01   1.9869095e-01   5.0699330e+00  -1.3606753e-05   2.2892309e-03  -9.1525540e-05
   5.5359677e-01   1.7063339e-01   5.0974096e+00  -3.9151927e-05   2.3524603e-03  -2.1238267e-04
   5.7197104e-01   1.4174984e-01   5.1170722e+00  -1.9107656e-04   2.6171442e-03  -3.4245639e-04
   5.7545462e-01   1.8867174e-01   5.0747167e+00  -3.8802303e-04   2.9875677e-03   7.5521707e-07
   5.5938193e-01   2.0967899e-01   5.1034359e+00  -7.7690588e-05   3.0277641e-03  -1.5260138e-05
   5.6110259e-01   1.4680014e-01   5.1237740e+00  -2.8545729e-04   2.8976252e-03  -6.7310252e-04
   5.5870528e-01   1.9336005e-01   5.1730875e+00   4.5426404e-04   2.9097656e-03   2.3356800e-05
   5.5394452e-01   1.7815747e-01   5.1381385e+00  -6.4388848e-04   2.7117848e-03  -9.7964439e-05
   5.5860220e-01   2.0317629e-01   5.1747677e+00   3.6752870e-04   2.9568337e-03   3.1340820e-04
   5.6766689e-01   1.6841077e-01   5.1913203e+00   4.1042957e-04   3.2681755e-03  -2.4212898e-04
   5.6607535e-01   2.0534132e-01   5.1578490e+00  -7.6388500e-04   2.7356565e-03   2.7494587e-04
   5.7227860e-01   2.0193896e-01   5.1891325e+00  -1.8242285e-05   2.7374906e-03  -1.6761470e-04
   5.4747552e-01   2.1380684e-01   5.1847290e+00  -6.8929496e-05   2.5468053e-03   3.3503973e-04
   5.6624607e-01   2.0189619e-01   5.1934444e+00  -7.8401774e-05   3.1702209e-03   4.9330845e-05
   5.5574411e-01   1.8052972e-01   5.2272922e+00   6.9857397e-05   2.7959603e-03   1.1499418e-04
   5.4514955e-01   1.8744295e-01   5.2324872e+00  -1.1106930e-04   2.7109237e-03   4.8620435e-04
   5.7606816e-01   1.9628558e-01   5.2510101e+00   3.4411470e-04   3.0337744e-03   3.4531647e-05
   5.8635281e-01   1.4931594e-01   5.2736966e+00   3.1471307e-04   2.7710264e-03  -4.9534138e-04
   5.6757844e-01   2.1083915e-01   5.2869820e+00   1.3875658e-04   2.5768362e-03   4.4063276e-04
   5.7932012e-01   1.6161808e-01   5.2885730e+00   5.3370248e-05   2.9872188e-03  -2.5347096e-04
   5.8649535e-01   1.8850951e-01   5.2939619e+00   4.2836568e-04   3.0325550e-03  -5.3021334e-05
   5.7388104e-01   1.9699493e-01   5.2955341e+00   3.0364954e-04   2.6642758e-03   2.7128266e-04
   5.8023566e-01   1.5823546e-01   5.3124904e+00  -5.2788501e-05   2.8323347e-03   1.4053902e-04
   5.8520163e-01   1.9251063e-01   5.3302165e+00   3.3365195e-04   2.7928279e-03  -5.4336297e-05
   5.6562847e-01   2.1280369e-01   5.3186218e+00  -3.8654146e-04   2.5833846e-03   6.0318800e-04
   5.6966864e-01   1.9698831e-01   5.3794787e+00   4.7995038e-04   2.9378086e-03  -2.0360190e-04
   5.4910507e-01   1.9068816e-01   5.3957415e+00   8.1038393e-05   2.5456404e-03   4.5591096e-04
   5.5775671e-01   2.1489585e-01   5.3913811e+00  -1.8362348e-04   2.7455420e-03   6.5774380e-05
   5.6319197e-01   1.8951485e-01   5.4008796e+00  -2.1648290e-04   2.6776967e-03   2.6508915e-04
   5.7300414e-01   1.8659753e-01   5.4138696e+00   4.8726768e-04   2.9974454e-03   3.2278847e-04
   5.6087309e-01   7.5575715e-02   5.4658026e+00   2.6394421e-03   2.8688059e-03  -8.7641631e-04
   5.7583606e-01   2.1028225e-01   5.4366710e+00   1.9318423e-04   3.1209800e-03   2.4742766e-04
   5.7783478e-01   1.8621903e-01   5.4454095e+00   1.5074548e-04   3.1516136e-03   1.3329939e-04
   5.8203656e-01   2.0404430e-01   5.4710378e+00   7.4898776e-04   3.3568787e-03   2.8467482e-04
   5.8094604e-01   1.8591446e-01   5.4806348e+00   1.5891724e-04   3.1662134e-03   2.4993739e-05
   5.8919866e-01   1.7260608e-01   5.4702097e+00   1.5752671e-04   2.9873593e-03  -3.5065236e-04
   5.6846716e-01   1.9554334e-01   5.4989824e+00   2.9976222e-04   2.9865535e-03   2.2239313e-04
   5.5785390e-01   1.8704220e-01   5.5055946e+00   8.6309926e-05   2.8168845e-03   7.1808902e-04
   5.8444809e-01   1.9464581e-01   5.5567649e+00   9.8020824e-04   3.5497068e-03  -2.6862086e-04
   5.7695982e-01   1.8831904e-01   5.5507347e+00   4.6875956e-04   3.0329182e-03  -1.7012654e-04
   5.9296683e-01   2.2239007e-01   5.5198532e+00   2.0352785e-04   3.4487335e-03  -3.1519044e-04
   5.6546756e-01   2.0638533e-01   5.5550856e+00   3.2278115e-04   3.5481221e-03   3.9900932e-04
   5.8948266e-01   1.6208938e-01   5.5560135e+00   3.7282285e-05   3.3152239e-03  -4.2146254e-04
   5.8527894e-01   2.0762898e-01   5.5646363e+00   3.3681202e-04   3.3636131e-03  -9.8861489e-05
   5.7809437e-01   1.9425812e-01   5.5847111e+00   3.4299121e-04   3.5061771e-03   1.1250361e-04
   5.8032398e-01   2.1068395e-01   5.5914602e+00   5.1637502e-04   3.3469055e-03   5.4864786e-04
   6.0052718e-01   2.2688860e-01   5.5006241e+00   1.2763256e-03   2.9895096e-03   6.6721339e-04
   5.5819007e-01   2.4566920e-01   5.5500183e+00   5.5909143e-04   3.1028256e-03   4.4829384e-05
   5.6990787e-01   1.8194337e-01   5.5727920e+00   8.1387026e-04   3.5873429e-03  -5.0123789e-04
   5.7040438e-01   1.8941812e-01   5.5993750e+00   1.1695159e-03   3.1119129e-03  -1.1106145e-03
   5.5916674e-01   2.4708219e-01   5.6027700e+00   1.1364626e-03   2.9534626e-03   1.1851547e-04
   5.5146281e-01   2.1844282e-01   5.5989346e+00   1.8779051e-04   2.5698615e-03   7.1630049e-05
   5.6886823e-01   2.1439119e-01   5.6421564e+00   7.7053943e-04   2.8732988e-03  -3.5712795e-04
   5.9270726e-01   2.0182973e-01   5.6474335e+00   6.4031801e-04   3.3877567e-03  -6.8127239e-04
   5.8318739e-01   2.1934958e-01   5.6512179e+00   4.0296914e-04   3.2680647e-03   8.6379044e-05
   5.7342793e-01   2.1410390e-01   5.6687163e+00   6.3682357e-04   3.1501820e-03   1.2551307e-04
   5.8034614e-01   2.0511428e-01   5.6789688e+00   6.9502079e-04   3.5622518e-03   3.5556114e-04
   5.7430665e-01   2.3121914e-01   5.7029964e+00   7.7662608e-04   3.4629881e-03   5.9513594e-05
   5.7467462e-01   2.0794742e-01   5.6723587e+00  -1.2586987e-04   3.3379876e-03  -2.7989280e-04
   5.6043676e-01   1.8098465e-01   5.6827601e+00  -1.6815178e-04   2.7489332e-03  -3.6763047e-04
   5.5927694e-01   2.0023240e-01   5.7221064e+00   6.3930581e-04   3.0412492e-03  -1.2796066e-04
   5.7583842e-01   1.9281634e-01   5.7597552e+00   9.4550598e-04   3.3806209e-03  -2.1188778e-04
   5.9602023e-01   1.9188425e-01   5.7467807e+00   3.6150828e-04   3.6075329e-03  -6.3847978e-04
   5.7864247e-01   2.1904728e-01   5.7517085e+00   4.5637232e-04   3.5460402e-03   1.0550302e-04
   5.7901012e-01   2.0795685e-01   5.7611742e+00  -1.6542312e-04   3.3342328e-03  -1.2498479e-04
   5.9743502e-01   1.7998870e-01   5.7777243e+00   2.2251638e-04   3.4464137e-03  -3.6383205e-04
   5.9832823e-01   1.8358462e-01   5.7795614e+00   1.1302055e-04   3.2801662e-03  -9.6314597e-04
   5.6428386e-01   1.7309132e-01   5.7878942e+00   7.5128745e-04   3.1191359e-03   3.6086696e-04
   5.8086118e-01   2.2595011e-01   5.7893674e+00   4.0291758e-04   3.0973650e-03   1.7246078e-04
   5.8283326e-01   1.9425622e-01   5.8014355e+00   3.4093512e-04   3.0040386e-03   2.6728043e-06
   5.8055244e-01   2.1296709e-01   5.7785820e+00  -3.1939308e-04   2.9102624e-03   1.7392114e-04
   5.8037440e-01   2.1351049e-01   5.8055905e+00  -1.9217514e-04   3.2289300e-03  -7.8214771e-05
   5.7528246e-01   1.8483220e-01   5.8206805e+00  -2.0669075e-04   3.3946827e-03   1.8697391e-04
   5.7647621e-01   2.2049644e-01   5.8345650e+00   1.9006538e-04   3.2752200e-03  -1.1416967e-04
   6.0039663e-01   1.8933919e-01   5.8313076e+00   1.3504387e-04   3.4506318e-03  -3.0121218e-04
   6.1320392e-01   2.4949683e-01   5.8268355e+00  -2.7162109e-04   2.9690210e-03  -1.3573207e-03
   5.9104359e-01   2.0086073e-01   5.8744522e+00   5.7945836e-04   3.6528693e-03  -5.3883972e-05
   6.1056648e-01   2.0430821e-01   5.8723685e+00   5.3225027e-05   3.6770143e-03  -3.3100429e-04
   5.9089221e-01   1.9315731e-01   5.9017990e+00   3.3816272e-04   3.4380284e-03  -2.7173528e-04
   5.9105819e-01   1.9330695e-01   5.8821642e+00   2.7667421e-05   3.2818647e-03  -2.8688621e-04
   6.0212112e-01   1.9062411e-01   5.8816823e+00   8.3513447e-05   3.2940892e-03  -3.5645054e-04
   6.0264294e-01   1.9940742e-01   5.8770351e+00  -3.3786654e-04   3.2246062e-03  -1.2750023e-05
   5.9736731e-01   2.1299490e-01   5.9166102e+00   5.9661634e-04   3.8368888e-03   2.0955831e-04
   6.1172503e-01   1.8323761e-01   5.9424832e+00   2.4899564e-04   3.2400830e-03  -8.3802376e-04
   5.9220642e-01   2.0013134e-01   5.9429817e+00  -6.8829134e-05   3.3889845e-03  -7.2395126e-05
   6.0167895e-01   2.1535548e-01   5.9400956e+00   8.4313702e-06   3.2794562e-03  -4.1286943e-04
   5.9539022e-01   2.2304890e-01   5.9409787e+00   1.0199710e-04   3.0676969e-03  -2.4812451e-05
   6.0402557e-01   2.2050071e-01   5.8701366e+00  -9.4882476e-04   2.4293452e-03  -4.9876451e-04
   5.7174278e-01   2.2568679e-01   5.9462204e+00   9.7970476e-04   3.3556356e-03  -4.1516718e-04
   5.6539450e-01   1.9988426e-01   5.9260283e+00   3.8441395e-04   3.3004078e-03  -4.7275944e-04
   5.7323461e-01   2.0218346e-01   5.9687138e+00   7.5497583e-04   3.0596551e-03  -4.7652503e-04
   5.8697043e-01   1.9879262e-01   5.9991731e+00   9.7192717e-04   3.1994142e-03  -9.2976409e-04
   5.7955734e-01   1.9824975e-01   6.0162674e+00   8.3441603e-04   2.8943907e-03  -4.7449457e-04
   5.9754583e-01   1.8594231e-01   6.0116516e+00   7.2017261e-04   3.0721245e-03  -1.0322912e-03
   5.9302981e-01   1.8754143e-01   6.0563556e+00   1.3934670e-03   3.2754849e-03  -6.0672229e-04
   5.9732369e-01   2.0752340e-01   6.0216759e+00   3.4733985e-04   3.2282061e-03  -4.4009970e-04
   5.8038224e-01   1.8871152e-01   6.0725962e+00   6.2233757e-04   3.4261284e-03  -3.3529511e-04
   5.7812448e-01   2.0715787e-01   6.0568954e+00   5.2347248e-04   3.3096558e-03  -1.4049067e-05
   5.8272560e-01   2.2499290e-01   6.0595223e+00   5.8560109e-04   3.3589451e-03   1.5116961e-04
   6.1364245e-01   2.0207248e-01   6.0724560e+00   3.4353606e-04   3.4496777e-03  -1.1321965e-03
   5.8512247e-01   2.1819534e-01   6.0890569e+00   3.3732592e-04   3.5084734e-03  -1.3821215e-04
   5.8702065e-01   1.7907067e-01   6.0940634e+00   1.5961188e-04   3.3642441e-03  -4.9661914e-04
   6.0878828e-01   2.0637974e-01   6.1297540e+00   9.5463107e-04   3.4541891e-03  -7.3416912e-04
   5.7629589e-01   2.0878558e-01   6.1349387e+00   3.3065034e-04   3.3652753e-03   7.9017587e-05
   6.1231932e-01   1.7794890e-01   6.1184186e+00   2.8998749e-04   3.6394973e-03  -7.6736720e-04
   5.8887366e-01   2.3022347e-01   6.1663729e+00   1.1601995e-03   3.2504633e-03   2.9255341e-04
   6.0307561e-01   2.1391341e-01   6.1495867e+00   7.8063680e-04   3.3036908e-03  -3.6957643e-04
   5.8849567e-01   2.0328051e-01   6.1486698e+00   5.9866248e-04   3.5314710e-03  -4.7294223e-04
   5.7739375e-01   1.9482441e-01   6.1803133e+00   6.7776486e-04   3.1352090e-03  -5.5118719e-04
   6.1722258e-01   1.8428096e-01   6.1984417e+00   7.0333113e-04   3.4765161e-03  -9.2499963e-04
   6.0124114e-01   2.0019715e-01   6.1653545e+00   1.9396922e-04   3.1239425e-03  -3.0733786e-04
   5.9876631e-01   2.0257095e-01   6.1868865e+00   5.1083595e-04   3.3789868e-03  -6.9372233e-04
   5.9372589e-01   2.2184525e-01   6.2050857e+00   2.5736076e-04   3.5887965e-03  -2.7557946e-04
   5.9839490e-01   2.1478962e-01   6.2252882e+00   1.0996470e-03   3.6924777e-03  -2.8585114e-04
   6.5639204e-01   1.9296071e-01   6.1707933e+00  -8.7895262e-04   2.8628846e-03  -1.6256704e-03
   6.6466272e-01   2.0822331e-01   6.1695290e+00  -3.4936567e-04   2.9736257e-03  -1.6541616e-04
   6.0029225e-01   2.2911442e-01   6.1825700e+00   1.3632452e-04   2.9612363e-03  -2.1572284e-05
   6.2651763e-01   1.8675043e-01   6.2140234e+00   1.1326488e-03   3.9011244e-03  -7.6590599e-04
   6.0149108e-01   2.1254294e-01   6.2270148e+00   1.0117391e-03   3.9382708e-03   3.6450912e-05
