  -6.6850446e-15   0.0000000e+00   0.0000000e+00  -3.9368155e-52  -1.5164062e-85   3.8518599e-34
   1.3224213e-02  -1.8849119e-02   4.1193846e-04   3.1252104e-04   3.1415233e-05  -3.8902692e-04
  -1.2834224e-02  -2.0011248e-02   1.9782201e-03   4.3827652e-04  -1.1193876e-04   1.1184516e-04
   4.5307129e-03  -1.4275913e-03  -1.8342004e-02  -2.8573821e-04  -1.2608049e-04  -4.6305141e-05
   1.0008747e-02  -2.3924755e-02  -4.1706587e-02  -4.4584991e-04  -2.2262658e-04  -9.7430669e-05
   4.2459590e-03  -2.7811353e-02  -2.0180621e-02  -1.5677162e-05  -6.4675851e-05  -2.8787598e-04
   1.2208289e-02  -2.7509545e-02  -2.1458059e-02   2.2197323e-04   2.3371958e-04  -1.3965178e-04
  -5.8816347e-03   3.9126642e-02  -1.0443284e-01  -2.1712532e-03  -1.2725877e-05  -7.9081302e-05
   1.3485921e-02  -2.1129203e-02  -3.3501249e-02   2.0818356e-04   2.2067422e-04  -3.3869753e-06
  -1.6416227e-02  -2.2522178e-01   2.4017474e-02   2.6504380e-03  -4.6602528e-05   1.0756152e-05
  -7.8246492e-04  -2.3856891e-02  -3.6398846e-02   2.1481350e-04  -5.3410574e-04  -4.4395070e-04
   1.8862230e-02  -2.0086926e-02  -3.6883893e-02   2.5050936e-04   8.1816149e-05  -2.3868653e-04
   1.5558879e-02  -2.7993789e-02  -2.3276725e-02   2.7209960e-04  -7.0624613e-06  -1.4271010e-04
   8.7551399e-03  -2.4874279e-02  -2.1931853e-02   5.9805350e-04  -9.5837858e-05  -4.6192699e-04
   2.0423331e-02   5.1609965e-02  -4.9315933e-02   5.2629097e-05  -3.8085945e-04  -1.1418519e-03
   6.9179913e-04  -3.8383550e-02  -2.8567494e-02   3.3982449e-04  -2.9671892e-05  -2.2427898e-04
  -2.9235183e-02  -4.3396319e-02  -1.1701976e-02   8.5863926e-04  -2.9095300e-04   3.6215583e-04
  -2.1817872e-02  -3.8622398e-02  -3.6146487e-02   6.3683375e-05  -4.8108618e-04   3.4256299e-04
  -1.1862192e-02  -2.0226516e-02  -2.3639879e-02   1.8835667e-04  -2.1674454e-04  -1.1645820e-05
   9.2307597e-03  -1.3957605e-02  -5.9093873e-03   9.6880779e-04  -2.0475213e-04  -2.7211702e-04
  -1.2783101e-02  -3.3554641e-02  -1.9989638e-02   2.0585764e-04  -4.7777347e-05   8.1217962e-05
  -2.6206646e-03  -2.3781355e-02  -2.7792548e-02   4.9662553e-04  -1.2941610e-04  -4.5310295e-05
  -2.6985957e-02  -1.7615443e-02  -9.1998006e-03   6.9169701e-04  -1.4522187e-04  -6.6792164e-05
  -2.5965667e-02  -3.2959902e-02  -1.7220302e-02   3.9707292e-04  -4.3741815e-04   3.4049035e-04
  -1.3489451e-02  -4.6548861e-02   4.7037604e-03   6.4167980e-04  -1.6382057e-04  -9.7118001e-05
  -1.2700004e-02  -4.0059267e-02   1.5857692e-02   1.2949915e-03  -9.4926637e-05   2.1513403e-04
  -2.3554905e-03  -3.5478402e-02   3.5941960e-02   1.4608229e-03   2.9084809e-04   1.5348253e-04
  -1.1401130e-02  -2.1785921e-02  -1.2536072e-03   9.0085093e-04  -4.4140695e-04   2.4555609e-04
  -3.1802858e-03  -2.0590779e-02   7.3586128e-04   5.0147633e-04  -1.0160802e-05   8.2826223e-05
  -2.7497819e-02  -1.1956303e-02   1.2287357e-02   5.7310948e-04  -1.0998297e-05   5.8298708e-04
  -2.4767715e-02  -2.3788102e-02   1.3151480e-02   4.7199584e-04  -3.7986387e-04   2.8536690e-04
  -3.6242400e-03  -2.1273416e-02  -9.0398926e-03   2.6056008e-04  -2.9127371e-04  -4.4275236e-04
  -1.5015202e-02  -2.1387125e-02   5.4109639e-03   7.3016616e-04  -2.4523537e-04  -1.7048109e-05
   3.3266361e-03  -1.1648160e-02   1.4603326e-02   5.0059618e-04  -5.4132082e-04  -3.2591633e-04
  -2.1825117e-02  -2.2532044e-02   3.8570695e-02   6.0839068e-04  -3.2980603e-04   4.3648995e-04
  -3.6629920e-02  -2.0260528e-02   1.7689671e-02   3.3460355e-04  -8.8472712e-04   1.9142158e-04
  -2.0609697e-02  -1.5747301e-02   1.7866657e-02   3.6096090e-04  -8.7149417e-04  -1.9009501e-04
  -2.7243016e-02  -1.2913316e-02   2.2670016e-02   3.7352737e-04  -3.2300600e-04   6.5070649e-05
  -2.4020394e-02  -3.6478059e-02   4.3017753e-02   4.5117716e-04  -2.3828249e-04   1.1675987e-04
  -2.3842517e-02  -1.0972770e-02   4.3708746e-02   5.1764325e-04  -5.7831970e-04   3.4067077e-05
  -1.0042872e-02  -1.1982998e-02   4.4697002e-02   2.7859474e-04  -2.1148507e-04  -2.3988481e-04
  -2.0989283e-02  -2.2233291e-02   4.3674073e-02   3.3568416e-04  -5.9809187e-04   3.6811002e-05
  -2.6561772e-02  -2.9155750e-02   7.4737878e-02   8.8940330e-04  -7.4380119e-04  -3.9368145e-04
  -4.1721997e-02  -1.7688287e-02   6.8007401e-02   4.9600220e-04  -3.5140814e-04   3.0901537e-04
  -5.3659240e-02  -3.5698163e-02   7.0994939e-02   2.1998722e-04  -5.4544163e-04   4.3999854e-04
  -2.4605895e-02  -3.1038604e-02   7.2168431e-02   1.1956267e-04  -7.3819107e-04  -1.3723959e-05
  -3.0173234e-02  -2.9237324e-02   8.9560089e-02   5.5543878e-04  -6.2415522e-04  -2.1618061e-04
  -2.2492269e-02  -4.8573904e-03   8.4011894e-02   3.4241176e-04  -7.2057090e-04   5.5846414e-05
  -3.1644069e-02  -3.7241790e-03   9.5498354e-02   4.0258486e-04  -9.3255684e-04   6.8999392e-05
  -3.1476086e-02   1.1037898e-03   9.1392731e-02   1.4810604e-04  -8.6473626e-04   2.7600486e-04
  -2.3210975e-02   7.4929193e-03   1.1816256e-01   6.2968874e-04  -2.6463517e-04   2.2798687e-04
  -3.5008987e-02  -5.3790279e-02   1.2981401e-01   1.5195412e-03  -4.6182859e-04  -8.7129691e-06
  -2.3843669e-02  -3.1978083e-03   1.1477300e-01  -2.8564194e-05  -4.7785852e-05   7.6602457e-05
  -2.9329523e-02  -1.8301681e-02   1.2871365e-01   2.4786392e-04  -5.4739135e-04   1.8735631e-04
  -2.2192274e-02  -2.7073823e-03   1.3679202e-01   1.5143714e-04  -3.5396765e-04  -2.1508087e-04
  -1.0762772e-01  -5.3604380e-02   9.6782451e-02  -2.8035707e-04  -9.1346917e-05  -1.2468998e-03
  -5.6536009e-02  -1.4932149e-02   1.3629273e-01  -1.8281448e-04  -8.4828050e-04   6.9423018e-05
  -5.5987916e-02  -2.9022529e-02   1.6883525e-01   4.6970224e-04  -7.9793665e-04   3.1341495e-05
  -3.9453179e-02  -2.3081931e-02   2.0480235e-01   9.1654226e-04  -1.8312000e-04   7.2260896e-05
  -4.1092265e-02   8.4254514e-04   1.9234043e-01   8.7211412e-04  -4.8132957e-04  -1.1839649e-04
  -4.5821534e-02  -4.7115887e-03   1.7792808e-01  -2.6300571e-04  -5.2958292e-04   3.1150524e-04
  -5.2705382e-02   1.8921645e-02   1.6432581e-01  -5.7298614e-05  -8.5328881e-04   4.2992201e-04
  -5.6048171e-02  -5.8599779e-03   1.6682104e-01   4.1268503e-04  -3.2199095e-04   3.2988101e-04
  -6.9423094e-02   2.6999400e-03   1.9149373e-01   2.8642899e-04  -1.0034065e-03  -4.5215447e-07
  -3.8274888e-02  -2.9391026e-04   1.6721756e-01  -2.5027754e-04  -6.6094594e-04  -2.5069217e-04
  -4.6582020e-02  -5.1428726e-03   1.9323789e-01   2.9621556e-04  -4.9365012e-04   4.1472372e-04
  -5.2660087e-02   2.8470883e-02   1.8913825e-01  -1.1211846e-04  -1.1175728e-03  -9.5412559e-05
  -6.8661818e-02   4.7753802e-03   2.0403730e-01   1.8192575e-04  -5.6831759e-04   5.3294725e-04
  -6.3809150e-02   6.7995679e-03   2.3570641e-01   3.9573601e-05  -1.0207713e-03   2.9369963e-04
  -6.6020191e-02   7.7142417e-03   2.1543826e-01   4.6955504e-04  -1.0200905e-03   1.9156888e-04
  -5.3931612e-02   2.1893090e-02   1.9914966e-01   1.7251412e-03  -7.4212937e-04   8.5803084e-05
  -3.9169907e-02   6.3247460e-02   1.2175586e-01   2.9399850e-03  -5.4639085e-04  -1.7453327e-04
  -2.4608146e-02   8.4036692e-02   1.0607740e-01   2.9994414e-03  -2.3442161e-04  -6.0866796e-04
  -1.3534496e-02   7.5323787e-02   1.0922685e-01   3.4312547e-03  -4.5682923e-04  -7.6861903e-04
  -5.7942257e-02   3.2714707e-02   1.8805241e-01   2.7084612e-03  -1.2204847e-03  -1.6408028e-04
  -3.5082717e-02   4.7610125e-02   2.3499660e-01   1.9561844e-03  -1.0284121e-03  -3.4261399e-04
  -3.4276935e-02   3.6902865e-02   2.6191460e-01   1.5061717e-03  -7.6816584e-04  -4.0374179e-04
  -5.6215810e-02   2.8489947e-02   2.6238271e-01   8.9145617e-04  -1.0585242e-03   3.9505975e-04
  -4.0534444e-02   2.8252753e-02   3.1281493e-01   1.6862904e-03  -6.7523953e-04  -6.4360847e-05
  -3.0836928e-02   2.8532229e-02   2.6972671e-01   4.4294746e-04  -8.1256619e-04  -2.4617824e-04
  -5.3704209e-02  -4.2862626e-04   2.8330140e-01   7.1259099e-04  -9.1123903e-04  -1.0173473e-04
  -7.8000274e-02  -1.5953183e-02   2.7109152e-01   1.4569625e-04  -2.0900189e-04   6.3755993e-05
  -8.6714452e-02  -6.8348896e-02   2.5685816e-01  -2.7815935e-04   2.2650225e-04   2.4408544e-04
  -6.9712834e-02  -8.3624956e-02   2.1039859e-01   1.2801202e-04   4.6146104e-04   9.9797336e-04
  -1.0212855e-01  -9.4718210e-02   1.7026806e-01  -6.1860790e-04  -8.8406770e-04   8.0189684e-04
  -1.3579131e-01  -9.7660003e-02   1.6361432e-01  -9.2577909e-04  -1.1706479e-03   1.0600176e-03
  -1.6259191e-01  -1.0100898e-01   2.3497285e-01  -5.7444671e-07  -1.3883243e-03   9.0693702e-04
  -1.7122547e-01  -1.1266088e-01   2.4790502e-01  -5.6312507e-04  -1.3390340e-03   7.7567313e-04
  -1.9070363e-01  -9.7112583e-02   2.7207539e-01  -6.4473266e-04  -1.3796350e-03   6.9871756e-04
  -1.9103148e-01  -9.6567542e-02   2.9423261e-01  -5.5780005e-04  -1.0575910e-03   9.1170959e-04
  -1.8446683e-01  -8.0147505e-02   2.9306006e-01  -5.9381885e-04  -9.3115364e-04   1.4882350e-04
  -1.9549968e-01  -1.0819893e-01   3.4115278e-01   2.9211327e-04  -1.1444478e-03   3.6206590e-04
  -1.5974823e-01  -9.1800834e-02   3.5421267e-01  -1.0789700e-03  -9.1760130e-04   9.3545862e-04
  -1.7912744e-01  -1.0992210e-01   3.3947139e-01  -1.9426969e-03  -1.2747300e-03   5.5245312e-04
  -1.7555269e-01  -8.8938702e-02   3.4959898e-01  -3.5248639e-04  -1.2733224e-03   3.8664202e-04
  -1.8296210e-01  -4.6809028e-02   3.7235687e-01   4.7708148e-04  -2.2008869e-03   2.7471102e-04
  -1.7632240e-01  -8.5480816e-02   3.3036920e-01   4.8345565e-04  -1.4464713e-03   2.8357048e-04
  -1.9389801e-01  -8.1553601e-02   3.4705943e-01  -7.6697958e-04  -1.1874904e-03   4.0848436e-05
  -1.7773871e-01  -6.0282873e-02   3.9779641e-01  -8.6540936e-04  -4.8405823e-04   4.0737136e-04
  -1.8912897e-01  -6.5714555e-02   4.2272477e-01  -7.0735002e-04  -1.3615055e-03   4.4490360e-04
  -1.5451728e-01   1.5102594e-03   3.3264318e-01   1.2667175e-03  -1.4172347e-03  -3.5618191e-04
  -1.8589649e-01  -4.1138811e-02   3.5870826e-01   1.2641132e-03  -2.1833047e-03   1.7063649e-05
  -1.5333072e-01  -6.9725411e-02   4.1148278e-01  -7.3796546e-04  -1.5333318e-03   9.9916040e-04
  -1.3331872e-01  -3.5982535e-02   4.2451656e-01  -8.7934999e-04  -2.0165018e-03   6.9530643e-04
  -1.3550603e-01  -4.6758699e-02   4.1171565e-01  -1.6644114e-03  -2.4086420e-03   5.2291924e-04
  -1.3604877e-01  -9.3960616e-03   4.2250894e-01  -8.8297492e-04  -2.4957698e-03   4.0237190e-04
  -1.2714415e-01  -3.2902921e-02   4.4426439e-01  -9.5154296e-04  -1.7017481e-03   3.5041145e-04
  -1.2886939e-01   2.9687576e-03   4.5059411e-01  -1.3639727e-03  -1.7926219e-03   5.7330880e-04
  -1.4283503e-01  -2.1066805e-02   4.4320479e-01  -1.0791403e-03  -2.0686663e-03   6.7794971e-04
  -1.3310654e-01  -6.5035241e-03   4.3725540e-01  -1.9060246e-03  -2.0126437e-03   6.8025721e-04
  -1.4793975e-01  -1.7230005e-02   4.9066394e-01  -1.0598631e-03  -2.6233848e-03   6.4933678e-04
  -1.2799611e-01   1.3096405e-02   4.9340532e-01  -6.8536939e-04  -1.8608523e-03   8.2702313e-04
  -1.2861713e-01   9.5588120e-03   5.0004347e-01  -9.6222578e-04  -1.5318942e-03   2.7900982e-04
  -1.5055957e-01   2.5360852e-02   5.1018159e-01  -1.0508264e-03  -1.7225172e-03   8.6456403e-04
  -1.3233403e-01   2.1656525e-02   5.2424570e-01  -1.0120010e-03  -1.7264894e-03   5.4839556e-04
  -1.1380061e-01   1.4846098e-02   5.3562739e-01  -1.1109965e-03  -1.0134153e-03   1.0515449e-04
  -1.1812888e-01   3.1192706e-02   5.5100759e-01  -1.1965391e-03  -1.4074332e-03   5.2225448e-04
  -1.2238805e-01   4.4046155e-02   5.6807553e-01  -1.1225921e-03  -1.2203308e-03   7.5524486e-04
  -1.0578039e-01   2.9006052e-02   5.8573916e-01  -9.5592068e-04  -1.1038905e-03   2.5672516e-04
  -1.1522331e-01   3.4917688e-02   5.7911022e-01  -9.2859720e-04  -1.4249899e-03   3.4231396e-04
  -1.1229770e-01   5.4373700e-02   6.0187628e-01  -6.3825941e-04  -1.4343795e-03   2.4018344e-04
  -1.0915020e-01   4.5785941e-02   6.3791237e-01  -2.6066874e-04  -9.2475690e-04   5.1404324e-04
  -1.0391297e-01   5.0041791e-02   6.3757599e-01  -6.9123554e-04  -8.5818098e-04   3.5935013e-04
  -1.0677584e-01   4.9402145e-02   6.3810848e-01  -6.6058642e-04  -8.8290122e-04   2.4942908e-04
  -1.2182532e-01   6.0369528e-02   6.5346495e-01  -7.7173934e-04  -1.0631218e-03   9.9383344e-04
  -9.2848969e-02   5.7907258e-02   6.7269178e-01  -8.8519430e-04  -9.6233790e-04   4.7240605e-04
  -1.0202938e-01   4.7428131e-02   6.8266126e-01  -1.0627580e-03  -1.0311258e-03   3.8981816e-04
  -9.8646678e-02   6.9042314e-02   6.9996775e-01  -1.1003237e-03  -1.2086255e-03   6.2189840e-04
  -8.3789583e-02   7.7688628e-02   7.2302272e-01  -7.2771435e-04  -9.9291270e-04   1.9108585e-04
  -9.8929455e-02   6.5992352e-02   7.1982976e-01  -1.2460981e-03  -7.9884827e-04   6.2061071e-04
  -1.0070818e-01   6.9003762e-02   7.2845124e-01  -1.3135955e-03  -1.3819306e-03   3.4628826e-04
  -8.9033620e-02   9.0805107e-02   7.4094239e-01  -9.7255296e-04  -1.5571266e-03   1.1025748e-04
  -8.6936944e-02   8.4326392e-02   7.4602179e-01  -1.1794808e-03  -1.3221467e-03   4.4525522e-04
  -9.0010195e-02   7.7520419e-02   7.5221610e-01  -1.2923179e-03  -8.5099465e-04   8.1302518e-04
  -1.0411775e-01   9.2964657e-02   7.7114343e-01  -1.0323967e-03  -1.4200190e-03   6.8244570e-04
  -8.7247532e-02   9.4018946e-02   7.7868197e-01  -1.1726611e-03  -1.4453951e-03   6.2502120e-04
  -7.4851773e-02   1.0675753e-01   8.1499675e-01  -8.0463657e-04  -1.6094268e-03   3.7034266e-04
  -1.0175769e-01   9.0034642e-02   8.2338568e-01  -9.8787365e-04  -1.5407485e-03   9.1362073e-04
  -9.8789135e-02   9.1823513e-02   8.3210852e-01  -1.5837924e-03  -1.5114492e-03   4.4711795e-04
  -8.0225271e-02   6.8633232e-02   8.6439153e-01  -1.2599375e-03  -1.1759271e-03   5.0078495e-04
  -8.6170751e-02   9.3705902e-02   8.7306420e-01  -1.1140292e-03  -1.0653417e-03   8.7455011e-04
  -9.9650996e-02   1.0965340e-01   8.7653155e-01  -1.0924115e-03  -1.3513801e-03   6.3169677e-04
  -7.9725760e-02   1.1796841e-01   8.7963351e-01  -1.3904395e-03  -1.1209178e-03   5.7049516e-04
  -8.8636169e-02   1.0191619e-01   9.0947358e-01  -1.0462217e-03  -1.5035642e-03   7.9576915e-04
  -7.2378855e-02   1.1898642e-01   8.8802579e-01  -1.2774067e-03  -1.4794036e-03   4.3702683e-04
  -7.8023882e-02   1.0343576e-01   9.0781995e-01  -1.0019192e-03  -1.4525427e-03   1.4743971e-04
  -7.6540413e-02   1.2054354e-01   9.1431403e-01  -1.3185174e-03  -1.3077285e-03   7.6584066e-04
  -7.1101911e-02   1.2675525e-01   9.2777017e-01  -1.1279503e-03  -1.4599598e-03   6.1917126e-04
  -7.0742505e-02   1.1174183e-01   9.2016964e-01  -1.4331309e-03  -1.3063559e-03   4.1419266e-04
  -7.5302120e-02   1.0380556e-01   9.4826799e-01  -1.0430984e-03  -1.3237482e-03   6.9460138e-04
  -8.0087286e-02   1.1720431e-01   9.7262188e-01  -1.0739945e-03  -1.3814857e-03   5.9089090e-04
  -6.6555849e-02   1.1500192e-01   9.7044722e-01  -1.1919270e-03  -1.3462311e-03   5.2172873e-04
  -8.3835233e-02   1.2043607e-01   9.9938107e-01  -5.0429209e-04  -1.4050056e-03   8.4936892e-04
  -6.7300735e-02   1.4050448e-01   1.0241951e+00  -5.7346963e-04  -1.4331988e-03   3.7138326e-04
  -6.2254464e-02   1.2700273e-01   1.0146412e+00  -9.1693363e-04  -1.4156354e-03   3.6423388e-04
  -7.1157689e-02   1.1417417e-01   1.0420053e+00  -7.2744559e-04  -1.3881657e-03   5.4500215e-04
  -6.2060204e-02   1.5984381e-01   1.0484679e+00  -5.2225288e-04  -1.2741036e-03   6.8491245e-04
  -1.2567464e-01   1.4840981e-01   1.0317578e+00  -6.6171766e-04  -8.6296005e-04  -1.1759739e-04
  -7.5975025e-02   1.2065466e-01   1.0565904e+00  -9.5789410e-04  -9.5655368e-04   4.5891303e-04
  -5.6728867e-02   1.1399470e-01   1.0716844e+00  -1.3225176e-03  -1.1923170e-03   6.6826214e-04
  -5.0288742e-02   1.2032993e-01   1.0972551e+00  -1.1298461e-03  -8.3263336e-04   3.9480375e-04
  -6.6067001e-02   1.4662407e-01   1.1301082e+00  -5.9832723e-04  -1.3182179e-03   9.1456387e-04
  -6.0952878e-02   1.5590432e-01   1.1124830e+00  -1.0459488e-03  -1.3369793e-03   6.7339869e-04
  -6.3230989e-02   1.4903384e-01   1.1419776e+00  -1.2593512e-03  -1.1214576e-03   1.1737708e-03
  -6.5243661e-02   1.8449069e-01   1.1327071e+00  -3.8633597e-04  -8.9443907e-04   8.1144721e-04
  -5.0172416e-02   1.8992378e-01   1.1231315e+00   6.8854506e-04  -4.3387628e-04   3.7606063e-04
  -5.6605937e-02   1.9258326e-01   1.1357599e+00  -3.1436499e-04  -1.6556219e-03   6.5719364e-04
  -5.3323922e-02   1.8547660e-01   1.1823423e+00   2.4744375e-04  -1.3264738e-03   7.8462909e-04
  -4.6610159e-02   1.9059358e-01   1.1859406e+00  -6.0404795e-04  -1.4376323e-03   4.8888914e-04
  -5.5041039e-02   1.8415222e-01   1.2003627e+00  -9.2036806e-04  -1.2647301e-03   7.7915966e-04
  -6.0694418e-02   1.8274698e-01   1.2653101e+00  -2.7425178e-04  -1.1106491e-03   5.6702404e-04
  -4.5004492e-02   1.8450165e-01   1.2368379e+00  -8.6053618e-04  -1.2449023e-03   5.7773666e-04
  -6.7187844e-02   1.9572044e-01   1.2802883e+00  -5.5413474e-04  -1.2867106e-03   8.0890628e-04
  -6.1678943e-02   1.9026834e-01   1.2844507e+00   9.0655069e-04  -1.0138279e-03   8.9201757e-04
  -4.8342410e-02   1.7416458e-01   1.2723242e+00  -6.2037750e-04  -1.0700767e-03   7.0280476e-04
  -3.0014475e-02   1.9034485e-01   1.2783298e+00  -8.7503028e-04  -1.3848222e-03   4.4673718e-04
  -5.4853811e-02   1.8179212e-01   1.2971364e+00  -7.1655393e-04  -1.2212458e-03   7.6308258e-04
  -4.8615726e-02   1.8994561e-01   1.2705360e+00  -1.4909159e-03  -1.5704609e-03   7.1868647e-04
  -5.0728757e-02   2.0079192e-01   1.3087895e+00  -9.9199205e-04  -1.2950721e-03   7.4836979e-04
  -3.8894075e-02   1.8810029e-01   1.3174828e+00  -7.0596302e-04  -1.2138993e-03   4.7899037e-04
  -3.6067642e-02   1.9233059e-01   1.3262901e+00  -9.4849747e-04  -1.2519745e-03   7.5860448e-04
  -5.5031096e-02   1.9100081e-01   1.3342064e+00  -1.4669085e-03  -1.0929733e-03   8.7572836e-04
  -2.7166456e-02   1.5933221e-01   1.3225199e+00  -1.1632882e-03  -9.8604313e-04   2.2200450e-04
  -1.6368806e-02   1.8457916e-01   1.3603900e+00  -1.4611040e-03  -1.1465818e-03   4.7940847e-04
  -1.3651102e-02   1.8029768e-01   1.3758609e+00  -1.5303280e-03  -1.2558188e-03   5.0409725e-04
  -3.3659650e-02   1.8462677e-01   1.4215485e+00  -8.3208205e-04  -1.3087647e-03   5.9305851e-04
  -3.0437267e-02   1.9589716e-01   1.4185040e+00  -6.2853347e-04  -1.5990431e-03   6.7633095e-04
  -1.5029034e-02   2.0597050e-01   1.4127014e+00  -1.1814976e-03  -1.3774340e-03   5.4369822e-04
  -3.9168278e-02   2.2222566e-01   1.4648305e+00  -2.8492406e-04  -1.3335938e-03   8.0027499e-04
  -2.3856040e-02   2.0761614e-01   1.4421261e+00  -1.2412362e-03  -1.0327700e-03   2.5851519e-04
  -5.1853024e-02   1.7617588e-01   1.4353786e+00  -9.7945610e-04  -1.3114997e-03  -7.8836063e-04
  -2.0393025e-02   1.7835784e-01   1.4845793e+00  -7.4049334e-04  -1.2401179e-03   5.8886625e-04
  -2.5775834e-02   1.8637860e-01   1.5063074e+00  -1.3606064e-03  -1.1904661e-03   8.6488136e-04
  -1.6670542e-02   1.8984742e-01   1.5358310e+00  -7.8864626e-04  -1.4173752e-03   5.1258807e-04
  -2.2600956e-02   1.9124186e-01   1.5253981e+00  -1.0612813e-03  -1.5688127e-03   7.0011263e-04
  -1.8288930e-02   1.9951904e-01   1.5540566e+00  -7.0689048e-04  -1.6894886e-03   6.1507381e-04
  -1.9943788e-02   2.0155544e-01   1.5436164e+00  -1.1630742e-03  -1.4606523e-03   6.5874530e-04
  -2.7133346e-02   1.9254264e-01   1.5494566e+00  -1.6675816e-03  -1.5829588e-03   1.0117969e-03
  -1.8144941e-02   2.0037400e-01   1.5921124e+00  -1.1303682e-03  -1.4812343e-03   5.9366834e-04
  -2.6742653e-02   1.9431377e-01   1.5882087e+00  -1.3528025e-03  -1.6031099e-03   7.0922678e-04
  -2.3972974e-02   2.1017912e-01   1.6138854e+00  -1.2792952e-03  -1.3214820e-03   6.2355422e-04
  -1.0368994e-02   1.7109461e-01   1.5662438e+00  -9.7158597e-04  -9.3700921e-04   3.3772511e-05
   4.4235908e-03   1.9549990e-01   1.5890926e+00  -1.9992042e-04  -1.5234290e-03   3.1155006e-04
   1.5422416e-03   2.0454074e-01   1.6238319e+00  -9.0142543e-05  -2.2982979e-03   4.7843386e-04
   1.2949913e-02   2.5513639e-01   1.6346931e+00   2.3909026e-04  -1.4794583e-03   3.5327468e-04
   1.1322319e-02   2.2717442e-01   1.6807613e+00   9.2658197e-04  -1.7673890e-03   4.8354620e-04
   2.5855199e-02   2.4250749e-01   1.6999470e+00   3.9338033e-04  -1.0416644e-03   9.4760561e-05
   4.9744165e-02   2.3190846e-01   1.6831025e+00   2.5374453e-03  -7.2338123e-04   9.4820028e-04
   2.1639174e-02   2.1674390e-01   1.6937412e+00  -8.8474660e-04  -1.9424867e-03   9.5188966e-04
   2.6424018e-02   2.1049758e-01   1.7230648e+00  -1.1185753e-03  -2.1128370e-03   6.4787875e-04
   9.6340290e-03   2.3319351e-01   1.7891454e+00  -3.5749526e-04  -1.1640201e-03   5.8832298e-04
   1.4564191e-02   2.3417352e-01   1.7897326e+00  -2.0411284e-04  -1.4180313e-03   7.1625270e-04
   3.7703635e-03   2.3390009e-01   1.8099713e+00  -6.5254099e-04  -1.7284829e-03   9.3889485e-04
   1.0307172e-02   2.3677262e-01   1.8084397e+00  -5.6330842e-04  -1.4718581e-03   7.7517217e-04
   1.2071581e-02   2.3687520e-01   1.8222861e+00  -6.4299276e-04  -1.9000114e-03   5.4280795e-04
   2.0786462e-03   2.3093697e-01   1.8339229e+00  -1.0169593e-03  -1.4689689e-03   5.9110829e-04
   8.8272872e-03   2.4839142e-01   1.8153014e+00  -1.3835902e-03  -1.5338522e-03   1.0166770e-03
   2.1748952e-03   2.4457580e-01   1.8450056e+00  -7.7663060e-04  -1.6213040e-03   8.1884443e-04
   7.9384868e-03   2.3981283e-01   1.8602878e+00  -1.1719017e-03  -1.8389843e-03   5.9027826e-04
   1.5145144e-02   2.4433325e-01   1.8974144e+00  -7.2958885e-04  -1.7779703e-03   4.5472138e-04
   1.9524432e-03   2.4958803e-01   1.8994017e+00  -6.1203510e-04  -1.7775073e-03   9.3113086e-04
   2.5671228e-03   2.5574038e-01   1.8971668e+00  -1.1054923e-03  -1.5499998e-03   8.3327787e-04
   5.0109517e-03   2.6315408e-01   1.8941490e+00   3.9932082e-04  -1.4530490e-03   4.2975371e-04
   2.8582838e-02   2.9070806e-01   1.9308384e+00  -2.2125714e-04  -1.6108885e-03   2.6802832e-04
   1.4921849e-02   2.6773277e-01   1.9567593e+00  -4.8302345e-05  -1.7664423e-03   6.7623123e-04
   2.5145024e-03   2.7713425e-01   1.9770363e+00   4.8271386e-05  -2.0331251e-03   1.1312158e-03
   2.0789474e-02   2.6409856e-01   1.9796558e+00  -2.1267424e-04  -1.9852517e-03   3.4906354e-04
   1.0251822e-02   2.6352633e-01   1.9973888e+00  -1.1228535e-04  -1.9502983e-03   7.6502302e-04
   2.3495268e-02   2.6767548e-01   1.9862644e+00  -6.8229765e-04  -2.2609656e-03   4.0142426e-04
   2.1369432e-02   2.6531765e-01   2.0126187e+00  -2.8062978e-04  -2.0737296e-03   7.0971703e-04
   2.3861199e-02   2.5869199e-01   2.0498401e+00  -4.4453160e-04  -1.5915000e-03   8.6680764e-04
  -2.7591841e-02   2.6580778e-01   1.9660259e+00  -2.0172198e-03  -1.2048775e-03   1.2453758e-03
   3.1275299e-02   2.6151206e-01   2.0457254e+00  -6.5501334e-04  -1.8131968e-03   1.4761505e-03
   4.0290196e-02   2.5476776e-01   2.0534090e+00  -1.2532140e-03  -2.0683838e-03   8.1559732e-04
   3.1627079e-02   2.4007324e-01   2.0863669e+00  -1.0974331e-03  -1.7797732e-03   8.5804035e-04
   1.7895501e-02   2.5163401e-01   2.0975995e+00  -9.7214290e-04  -1.7591107e-03   1.4490086e-03
   2.4787666e-02   2.6434466e-01   2.1128010e+00  -1.0487279e-03  -1.7758006e-03   9.3224638e-04
   1.5918817e-02   2.6445901e-01   2.1300093e+00  -9.9022298e-04  -1.9009179e-03   1.2189954e-03
   2.4020140e-02   2.7798958e-01   2.1322013e+00  -9.0653963e-04  -1.6704797e-03   7.8907345e-04
   3.5472731e-02   2.7541828e-01   2.1290030e+00  -1.5190830e-03  -1.7012641e-03   8.9473995e-04
   3.1696874e-02   2.6620583e-01   2.1561740e+00  -1.1562784e-03  -2.0405911e-03   9.2043008e-04
   2.0805264e-02   2.7361522e-01   2.1922245e+00  -3.6179308e-04  -2.3656740e-03   1.2365047e-03
   2.2115952e-02   2.7496969e-01   2.2041705e+00  -1.1175842e-03  -1.6547153e-03   1.1089912e-03
   2.7073698e-02   3.0123059e-01   2.2197250e+00  -1.2912874e-03  -1.8590086e-03   1.1176550e-03
   3.2769176e-02   2.8793454e-01   2.2449697e+00  -1.2443324e-03  -1.7796486e-03   9.3085464e-04
   4.3393052e-02   2.9246219e-01   2.2280957e+00  -1.4695095e-03  -1.5494118e-03   8.3889030e-04
   4.0568789e-02   2.8567271e-01   2.2671693e+00  -7.5286871e-04  -1.5408834e-03   1.0245302e-03
   3.7187352e-02   3.2784482e-01   2.3081602e+00  -3.4370263e-04  -1.0962884e-03   1.0001456e-03
   3.0191356e-02   3.2884747e-01   2.3100602e+00  -6.3238086e-04  -1.3594793e-03   5.4246690e-04
   4.4472181e-02   3.1953002e-01   2.2959609e+00   9.0060302e-05  -1.1300058e-03   3.6577519e-04
   4.6255873e-02   2.8228998e-01   2.3274385e+00  -1.0344555e-03  -1.3754685e-03   7.3519279e-04
   4.0479546e-02   2.9826228e-01   2.3687708e+00   4.6833422e-07  -1.2140490e-03   1.1645722e-03
   2.8678704e-02   2.9042755e-01   2.4086524e+00  -4.1432211e-04  -1.0397211e-03   1.3143309e-03
   5.6286628e-02   3.0080816e-01   2.3969085e+00  -9.8980709e-04  -1.0606976e-03   5.6274835e-04
   4.6843677e-02   3.0606422e-01   2.4001024e+00  -6.6333877e-04  -8.7381417e-04   1.1047440e-03
   3.6628738e-02   3.2432961e-01   2.4365597e+00  -2.9243245e-04  -1.0405345e-03   9.8021216e-04
   4.9062034e-02   3.2307744e-01   2.4258249e+00  -5.7008441e-04  -1.5158366e-03   1.0680556e-03
   6.2126222e-02   3.2978662e-01   2.4383664e+00  -8.7147040e-04  -8.1373836e-04   7.9387602e-04
   3.2833607e-02   3.2047529e-01   2.4561199e+00  -7.9481321e-04  -1.1791908e-03   1.2447945e-03
   6.1726037e-02   3.3624882e-01   2.4835778e+00  -7.0782183e-04  -1.0792832e-03   6.3312364e-04
   4.0985984e-02   3.2490050e-01   2.5348158e+00  -9.6169386e-05  -1.0411906e-03   9.4620174e-04
   4.7214612e-02   3.0899092e-01   2.5522908e+00  -5.8673873e-04  -8.7269371e-04   1.0145117e-03
   5.4112126e-02   3.2056409e-01   2.5578518e+00  -5.6538548e-04  -1.1121709e-03   8.5653938e-04
   4.6759959e-02   3.3055931e-01   2.5806652e+00  -4.1265114e-04  -7.9301680e-04   1.2640187e-03
   5.8220837e-02   3.3327116e-01   2.6050223e+00  -5.4757014e-05  -8.8161418e-04   8.5478995e-04
   3.5432480e-02   3.5237045e-01   2.5934416e+00  -5.4525317e-04   1.4979607e-04   1.1763195e-03
   5.4932339e-02   3.3493265e-01   2.5595727e+00   1.3785558e-03   7.9124716e-04  -5.6880420e-04
   1.4309269e-01   3.6760732e-01   2.5235238e+00   6.5069980e-04   4.9651105e-04   1.7456346e-03
   1.0495258e-01   3.3153314e-01   2.5534454e+00   1.5753909e-03  -9.9739147e-04   1.9294781e-03
   8.1923685e-02   3.0403932e-01   2.6549257e+00   4.7952552e-04  -1.7722592e-03   1.3095586e-03
   9.0998920e-02   3.2376332e-01   2.6684990e+00  -3.5832844e-05  -1.2434648e-03   8.0490865e-04
   8.9188659e-02   3.3908973e-01   2.6947517e+00  -4.5301091e-04  -9.2720019e-04   1.0981398e-03
   7.8303393e-02   3.4257920e-01   2.7049570e+00  -5.6920590e-04  -1.0955052e-03   1.1539458e-03
   7.4490916e-02   3.3611070e-01   2.7076234e+00  -9.2331678e-04  -1.1541408e-03   1.0172274e-03
   7.8218513e-02   3.4720680e-01   2.7757532e+00   3.8399333e-05  -7.5305489e-04   3.6699146e-04
   5.1084522e-02   3.2784435e-01   2.7413674e+00  -2.9165074e-04  -9.1431187e-04   6.0646500e-04
   6.0576465e-02   3.3261760e-01   2.7530341e+00  -7.8410863e-04  -1.9084950e-03   1.3007397e-03
   6.6643283e-02   3.4315430e-01   2.7872746e+00  -6.6387723e-04  -1.6215080e-03   1.0811361e-03
   7.6015504e-02   3.4967570e-01   2.7929098e+00  -8.4353097e-04  -1.2222552e-03   1.1601606e-03
   3.9436737e-02   3.2290027e-01   2.7938977e+00  -1.0475435e-03  -1.2971881e-03   1.2983240e-03
   8.2011818e-02   3.4943934e-01   2.8000488e+00  -1.2064351e-03  -8.4519514e-04   8.8131464e-04
   8.7154376e-02   3.4781295e-01   2.8276089e+00  -7.0075151e-04  -1.0811061e-03   6.1180542e-04
   7.4279600e-02   3.4107432e-01   2.8457832e+00  -1.0134511e-03  -7.2376743e-04   1.2042995e-03
   7.9589246e-02   3.4245284e-01   2.8616415e+00  -1.0238231e-03  -1.1667931e-03   7.6324062e-04
   8.6921442e-02   3.4799095e-01   2.8773259e+00  -7.8041715e-04  -1.5151719e-03   7.4388357e-04
   6.6966617e-02   3.3576364e-01   2.9063416e+00  -6.0509755e-04  -1.2569321e-03   1.0400290e-03
   8.4963268e-02   3.6863740e-01   2.9033089e+00  -1.0317793e-03  -1.3916559e-03   9.9972240e-04
   9.9802278e-02   3.6487263e-01   2.9117263e+00  -7.8811686e-04  -1.0025681e-03   9.8791899e-04
   8.4328377e-02   3.7611196e-01   2.9319667e+00  -7.1249192e-04  -8.9367875e-04   1.0352454e-03
   8.7442358e-02   3.7184720e-01   2.9336277e+00  -8.4601178e-04  -9.6985936e-04   7.8545180e-04
   9.0987122e-02   3.5550533e-01   2.9415657e+00  -6.6848423e-04  -1.0944271e-03   9.0500439e-04
   7.7508050e-02   3.7941956e-01   3.0046283e+00   3.1310896e-04  -8.0226739e-04   9.2747077e-04
   9.6844217e-02   3.7133157e-01   2.9713976e+00  -4.5165828e-04  -1.0132053e-03   6.8793536e-04
   8.8517475e-02   3.6694538e-01   2.9930946e+00  -1.4210559e-04  -1.2639826e-03   1.0298630e-03
   8.5144029e-02   3.7744270e-01   3.0203421e+00   1.6141952e-04  -6.3801213e-04   1.1245025e-03
   9.4139461e-02   3.7821443e-01   3.0030740e+00  -1.4184624e-03  -1.0526724e-03   7.1960185e-04
   1.0813999e-01   3.8216290e-01   3.0565353e+00  -3.5778569e-04  -6.0769266e-04   9.5155934e-04
   9.0886866e-02   3.8821953e-01   3.0819113e+00   1.9549095e-05  -5.0977503e-04   1.3260758e-03
   8.7678966e-02   3.9849002e-01   3.0738244e+00  -5.2447984e-04  -5.8683767e-04   1.0058243e-03
   1.2546288e-01   3.8309509e-01   3.0855676e+00  -4.2261764e-04  -3.9937765e-04   6.3986020e-04
   1.0320038e-01   3.9215633e-01   3.1254385e+00   2.7545093e-04  -1.1087915e-03   1.2559159e-03
   6.7286931e-02   4.1036268e-01   3.0995243e+00   5.1367390e-04   2.4750323e-04  -1.7801241e-04
   1.6923843e-01   3.8358500e-01   3.1419055e+00   1.0026886e-03   6.0289939e-04   1.2137886e-03
   1.9146309e-01   3.6850517e-01   3.1205737e+00   1.4895152e-03   3.6502718e-06   1.4365393e-03
   2.2715293e-01   3.3564832e-01   3.1611032e+00   1.6864375e-03   2.9318784e-04   2.0103946e-03
   1.8306213e-01   3.5658502e-01   3.2020488e+00   1.2298067e-03  -7.2313150e-04   7.6390951e-04
   1.6542388e-01   3.7307944e-01   3.2138938e+00   7.7003055e-04  -1.4701470e-03   8.1482152e-04
   1.5120764e-01   4.0079298e-01   3.2371003e+00  -3.6003803e-04  -5.5534102e-04   1.1053694e-03
   1.4854477e-01   3.9491809e-01   3.2484874e+00   3.4118998e-04  -8.4656816e-04   6.6727686e-04
   1.5010706e-01   3.9217275e-01   3.2753950e+00  -7.2027148e-05  -8.0430428e-04   7.1208936e-04
   1.5366724e-01   4.0653979e-01   3.2943039e+00   3.3663412e-04  -8.4327884e-04   5.7640419e-04
   1.4627984e-01   4.1971348e-01   3.2998755e+00   3.3852493e-04  -3.6364247e-04   7.7069088e-04
   1.3760549e-01   4.4693571e-01   3.2935283e+00  -3.3449187e-04  -8.9968446e-04   1.0835057e-03
   1.2735763e-01   4.0158796e-01   3.2981188e+00  -2.3458342e-04  -1.0884183e-03   8.9382761e-04
   1.2081969e-01   4.0411438e-01   3.3023878e+00  -5.3169841e-04  -1.5375376e-03   6.6069054e-04
   1.5060126e-01   4.0742334e-01   3.3392911e+00   1.0426721e-04  -6.9947846e-04   4.2578198e-04
   1.2758669e-01   3.9765042e-01   3.3413203e+00  -6.5365209e-05  -9.8011784e-04   9.2214696e-04
   1.3091942e-01   4.0618662e-01   3.3386371e+00  -5.5643870e-04  -8.4402503e-04   7.4742460e-04
   1.3305887e-01   3.8986664e-01   3.3712028e+00   1.0132447e-04  -8.5649015e-04   8.4558674e-04
   1.3760818e-01   4.1461949e-01   3.3807044e+00  -3.9695332e-04  -8.2187117e-04   6.3353354e-04
   1.1944384e-01   4.0280097e-01   3.3895840e+00  -5.0524843e-04  -1.0023414e-03   7.1792781e-04
   1.6844316e-01   3.9366021e-01   3.4319559e+00  -3.2795649e-04  -1.0869448e-04   1.0422937e-04
   1.8080860e-01   4.1288272e-01   3.4086050e+00   1.9683701e-03  -4.7261821e-04   8.4208831e-05
   1.5497480e-01   4.2204204e-01   3.4572718e+00   3.2053363e-04  -1.3442169e-03   9.3844940e-04
   1.7262742e-01   4.6891992e-01   3.4299801e+00   1.4878857e-03  -2.7547806e-04   7.0997530e-05
   1.5472977e-01   4.6926131e-01   3.4051108e+00   3.0904257e-03  -3.5767794e-04  -3.9291037e-04
   1.7080156e-01   4.8262341e-01   3.4090020e+00   2.0169555e-03  -6.2328589e-04  -8.6065234e-05
   1.8106027e-01   4.7681236e-01   3.4236847e+00   2.6755576e-03  -4.2977508e-04  -1.2854543e-04
   1.5568049e-01   4.7928649e-01   3.4500636e+00   3.6421527e-03  -4.2647201e-04   3.4779619e-04
   1.3540480e-01   4.9779934e-01   3.4471960e+00   3.1415829e-03  -6.9133998e-04   1.0083918e-03
   1.5997222e-01   4.7947343e-01   3.4606815e+00   2.7032199e-03  -7.2049612e-04   5.2512192e-05
   1.5543372e-01   4.7217264e-01   3.5134494e+00   1.8955630e-03  -6.7852614e-04   6.0852828e-04
   1.4932907e-01   4.5057475e-01   3.5258176e+00   1.0763437e-03  -7.6022807e-04   2.1434871e-04
   1.3671801e-01   4.5913865e-01   3.6105336e+00   1.6793799e-03   1.7795496e-07   5.1568191e-04
   1.5811404e-01   4.6062377e-01   3.5925110e+00   4.5709889e-04  -5.8631757e-04   6.6958146e-04
   1.4367103e-01   4.4618920e-01   3.6245681e+00   7.9684877e-04  -4.3504779e-04   6.5187758e-04
   1.4806240e-01   4.6244129e-01   3.6276891e+00   4.6292643e-04  -4.3438404e-04   7.5330024e-04
   1.6448848e-01   4.7733519e-01   3.6447268e+00   1.5087015e-03  -8.7886545e-04   1.0138136e-05
   1.3958874e-01   4.7811235e-01   3.6543314e+00   5.0478194e-04  -3.1183485e-04   8.0693466e-04
   1.0033777e-01   4.5664055e-01   3.6018221e+00  -1.0818330e-03  -7.3628118e-04   1.3033332e-03
   1.6024948e-01   4.1612128e-01   3.6551222e+00   2.3104678e-04  -8.8025373e-04   5.1920893e-04
   1.2728481e-01   4.1450176e-01   3.6708843e+00  -1.0185746e-04  -1.4514600e-03   1.6049947e-03
   1.4872645e-01   4.2750619e-01   3.6888612e+00   2.6882969e-04  -1.6137114e-03   6.7989798e-04
   1.3850663e-01   4.5081738e-01   3.7316848e+00   3.4391654e-04  -1.2926667e-03   9.3631385e-04
   1.4139773e-01   4.6930554e-01   3.7223526e+00   6.5909778e-04  -1.0880168e-03   7.6548449e-04
   1.6089917e-01   4.5868255e-01   3.7669029e+00   2.8369248e-04  -1.0515355e-03   6.9908748e-04
   1.4880488e-01   4.7513370e-01   3.7839822e+00   6.9065871e-04  -7.3631390e-04   9.9898947e-04
   1.3256293e-01   4.7863563e-01   3.7572651e+00  -2.6013642e-04  -7.0002608e-04   7.6548074e-04
   1.3641943e-01   4.6258583e-01   3.7512179e+00   2.7630651e-05  -1.5302748e-03   7.3445498e-04
   1.5134718e-01   4.4563720e-01   3.7684274e+00   9.8231342e-05  -1.3271684e-03   6.3491850e-04
   1.4309909e-01   4.5274025e-01   3.7953928e+00   4.6959125e-04  -1.4680387e-03   6.9758246e-04
   1.4410794e-01   4.4570669e-01   3.8153233e+00   8.0376466e-04  -1.3102172e-03   7.6070818e-04
   1.5717343e-01   4.3679682e-01   3.8178688e+00  -1.8188363e-04  -9.7056237e-04   6.5856316e-04
   1.5678383e-01   4.4969964e-01   3.8386665e+00   2.5153758e-04  -1.3206506e-03   4.0547336e-04
   1.4680959e-01   4.6076686e-01   3.8711885e+00   2.9874878e-04  -1.2827865e-03   9.5757099e-04
   1.5999247e-01   4.6580451e-01   3.8605201e+00  -8.0944722e-05  -1.3205265e-03   7.6059835e-04
   1.6101984e-01   4.7804017e-01   3.8904977e+00   2.0886353e-04  -8.9957443e-04   9.1467764e-04
   1.4931682e-01   4.8979527e-01   3.9025256e+00   6.7112049e-04  -1.4525312e-03   7.4232878e-04
   1.6002016e-01   4.6341685e-01   3.9223879e+00  -1.8319886e-05  -9.5347794e-04   5.0202866e-04
   1.6519674e-01   4.8830600e-01   3.9483027e+00   8.8468844e-04  -4.1187263e-04   5.6629104e-04
   1.5851916e-01   4.7093486e-01   3.9463934e+00   3.9908816e-04  -1.0075450e-03   7.5530638e-04
   1.6273783e-01   4.5719498e-01   3.9728005e+00   4.3444261e-04  -1.3694405e-03   7.9851409e-04
   1.7258706e-01   4.5423033e-01   3.9906864e+00   6.1006200e-04  -1.3742205e-03   5.4365936e-04
   1.5848511e-01   4.6263248e-01   4.0016142e+00   5.9389483e-04  -1.0670948e-03   1.0204416e-03
   1.6495059e-01   4.6927244e-01   4.0155137e+00   2.9006447e-04  -1.0298916e-03   8.1568005e-04
   1.5242835e-01   4.8121093e-01   3.9967223e+00  -4.1197541e-04  -1.4321679e-03   9.2060120e-04
   1.7269033e-01   4.7913115e-01   4.0101037e+00  -3.1384354e-04  -6.8690908e-04   7.3974751e-04
   1.7238954e-01   4.7833619e-01   4.0251152e+00  -9.2214428e-05  -1.1670638e-03   6.6586792e-04
   1.7470080e-01   4.7510743e-01   4.0752843e+00   8.0925730e-04  -1.5094930e-03   6.0237680e-04
   1.8423092e-01   4.9510134e-01   4.0806002e+00   3.9147434e-04  -7.7422506e-04   5.2334454e-04
   1.6052217e-01   4.9546823e-01   4.0777093e+00   2.8632136e-04  -8.9461332e-04   8.2731435e-04
   1.7842646e-01   4.7750720e-01   4.0772956e+00  -1.7443519e-04  -9.7209629e-04   7.1593207e-04
   1.7320565e-01   4.8703867e-01   4.1122817e+00   1.7652300e-04  -1.1517082e-03   6.6110871e-04
   1.7262734e-01   4.8516595e-01   4.1379063e+00   3.5953594e-04  -1.0716154e-03   9.0770361e-04
   1.6990871e-01   4.9573475e-01   4.1400880e+00   2.9863255e-04  -8.2871662e-04   8.8846642e-04
   1.6936957e-01   4.8292976e-01   4.1475950e+00   5.3903551e-04  -1.3225282e-03   7.8420331e-04
   1.7514087e-01   4.9447511e-01   4.1571997e+00   1.7297170e-04  -9.2786657e-04   1.2162192e-03
   1.8824507e-01   5.1176978e-01   4.1723258e+00   5.6484467e-04  -1.0816266e-03   6.4212944e-04
   1.7161904e-01   4.9830597e-01   4.1902055e+00   4.3941814e-04  -1.2089071e-03   1.0104699e-03
   1.7831296e-01   4.7460150e-01   4.2109162e+00   7.4890468e-04  -9.7885443e-04   5.0752419e-04
   1.6397851e-01   4.7631118e-01   4.2281893e+00   9.5242269e-04  -9.6704005e-04   1.0601748e-03
   1.7653442e-01   4.8685998e-01   4.2404720e+00   6.3874067e-04  -1.1033462e-03   7.6611987e-04
   1.8492579e-01   5.1287586e-01   4.2424292e+00   6.4192299e-04  -9.0185677e-04   9.4052650e-04
   1.5694561e-01   5.2393561e-01   4.2299602e+00   1.6062284e-03   1.5990083e-04  -4.2671804e-04
   2.2334518e-01   5.0406527e-01   4.1923726e+00   8.6426304e-04  -4.2566534e-05   1.8917052e-03
   1.9983107e-01   4.8251917e-01   4.2566618e+00   1.0657273e-03  -1.1755930e-03   1.2530625e-03
   2.0668269e-01   4.8236143e-01   4.2927909e+00   1.3306615e-03  -1.1188397e-03   1.0776462e-03
   1.9686413e-01   5.0455873e-01   4.3350062e+00   1.4350553e-03  -1.0751764e-03   1.3817607e-03
   1.9706828e-01   5.3992053e-01   4.3185998e+00   5.5843701e-04  -7.2425861e-04   1.2149042e-03
   2.0621271e-01   5.4503623e-01   4.3252700e+00   3.8916907e-04  -1.1905100e-03   1.0170351e-03
   2.0774957e-01   5.2514983e-01   4.3394988e+00   4.8912830e-04  -5.7894510e-04   8.3718388e-04
   2.0481023e-01   5.2938731e-01   4.3368269e+00   6.5504248e-04  -1.2537974e-03   7.7233594e-04
   2.1026181e-01   5.1241060e-01   4.3703828e+00   1.0798156e-03  -7.3242365e-04   1.0735473e-03
   1.9373038e-01   5.4158544e-01   4.3761721e+00  -7.8909120e-04  -1.1708681e-03   1.1854671e-03
   1.8644993e-01   5.0159873e-01   4.3772919e+00   9.9140546e-04  -1.0287433e-03   9.1763185e-04
   1.7580634e-01   5.2111553e-01   4.4151970e+00   6.0233580e-04  -1.2557626e-03   1.4023935e-03
   1.9767768e-01   5.1859166e-01   4.4456710e+00   1.3441585e-03  -1.2271100e-03   9.8509473e-04
   1.8812960e-01   5.1170358e-01   4.4784691e+00   1.9822901e-03  -1.0198751e-03   1.0287115e-03
   1.8834058e-01   5.1683543e-01   4.4484055e+00   1.1081665e-03  -8.6785748e-04   1.3991533e-03
   1.9548687e-01   5.2933512e-01   4.4729963e+00   1.5481463e-03  -9.8192471e-04   1.0587415e-03
   1.9903851e-01   5.1992831e-01   4.4608510e+00   7.0989733e-04  -7.7125224e-04   9.6158853e-04
   1.9380019e-01   5.2778982e-01   4.4716576e+00   9.4321836e-04  -9.1786326e-04   1.1443422e-03
   1.9071588e-01   5.1863286e-01   4.5037941e+00   1.0430965e-03  -1.1373324e-03   6.4221583e-04
   1.8579728e-01   5.3605204e-01   4.4988979e+00   1.0761028e-03  -9.1840222e-04   1.3166923e-03
   2.1474805e-01   5.3157078e-01   4.5141801e+00   1.3091011e-03  -7.3122540e-04   6.2465050e-04
   2.0239028e-01   5.2861694e-01   4.5449360e+00   1.3077196e-03  -6.6326419e-04   1.0613974e-03
   2.0175193e-01   5.2100413e-01   4.5639532e+00   1.4684379e-03  -5.9706857e-04   9.6381669e-04
   1.8261842e-01   5.1619087e-01   4.5684399e+00   1.2567871e-03  -1.1307163e-03   1.1089879e-03
   1.8722552e-01   5.1452087e-01   4.5753227e+00   9.4833328e-04  -1.1320841e-03   1.2277587e-03
   1.8844106e-01   5.2206213e-01   4.5948932e+00   1.0741701e-03  -6.2513916e-04   1.3624159e-03
   1.9573943e-01   5.2653916e-01   4.5833506e+00   8.5022890e-04  -9.1180802e-04   1.1076067e-03
   1.8549381e-01   5.3038461e-01   4.6270902e+00   1.3620258e-03  -8.9903464e-04   1.1528426e-03
   2.0116035e-01   5.5565229e-01   4.6403601e+00   1.0687912e-03  -5.1114871e-04   1.0768338e-03
   2.1645843e-01   5.5717165e-01   4.6314546e+00   8.2175872e-04  -8.8166872e-04   6.4019846e-04
   1.9217751e-01   5.5753142e-01   4.6546594e+00   9.6559652e-04  -1.0328924e-03   8.4042819e-04
   2.0496819e-01   5.7460099e-01   4.6698536e+00   1.2659132e-03  -1.1029816e-03   7.7593296e-04
   2.0275458e-01   5.7435115e-01   4.6513627e+00   6.5137515e-04  -7.3265495e-04   9.0408243e-04
   2.0652755e-01   5.7516489e-01   4.6757931e+00   1.1337820e-03  -6.4982384e-04   1.1638381e-03
   2.0545165e-01   5.5872936e-01   4.6968266e+00   1.2530061e-03  -8.0357430e-04   8.6174150e-04
   2.1401538e-01   5.5879995e-01   4.7280656e+00   1.7587981e-03  -3.3563855e-04   8.1810853e-04
   1.9751232e-01   5.4663067e-01   4.7322731e+00   1.6914682e-03  -8.3469812e-04   9.3624707e-04
   1.8690721e-01   5.5079261e-01   4.7233953e+00   1.0894435e-03  -7.6099578e-04   1.2895842e-03
   1.9718710e-01   5.4890788e-01   4.7492638e+00   1.5326773e-03  -1.0282602e-03   1.3332192e-03
   2.1217438e-01   5.4533543e-01   4.7554150e+00   1.2234059e-03  -5.4589806e-04   9.6220027e-04
   1.9665495e-01   5.6079454e-01   4.7790788e+00   1.6588254e-03  -1.1363264e-03   1.2021003e-03
   2.0753197e-01   5.7759401e-01   4.7977359e+00   1.6343623e-03  -5.2825710e-04   7.5993090e-04
   2.1838148e-01   5.6461401e-01   4.8019494e+00   1.0201898e-03  -5.6558442e-04   8.8708690e-04
   2.4758559e-01   5.7957848e-01   4.8235915e+00   1.7858995e-03  -2.9762315e-04   7.1010613e-04
   2.1429005e-01   5.5320890e-01   4.8221014e+00   1.0682755e-03  -4.8299367e-04   8.9326433e-04
   2.1687320e-01   5.6137502e-01   4.8319092e+00   1.5129331e-03  -8.3631831e-04   8.4056678e-04
   2.2979517e-01   5.6354806e-01   4.8438063e+00   1.4562380e-03  -4.2297613e-04   1.0751584e-03
   2.1644174e-01   5.6358816e-01   4.8653152e+00   1.3393395e-03  -8.4939508e-04   8.5241423e-04
   2.0905510e-01   5.7967270e-01   4.8621640e+00   1.6454631e-03  -7.5602717e-04   8.6737360e-04
   2.2137260e-01   5.8661580e-01   4.8835664e+00   1.6151113e-03  -7.8620229e-04   8.4299929e-04
   2.0377523e-01   5.9529079e-01   4.9003867e+00   1.5449900e-03  -1.3872397e-03   8.1229777e-04
   2.2837336e-01   6.0043992e-01   4.9188134e+00   1.6169757e-03  -1.1383579e-03   7.4114279e-04
   2.1398138e-01   5.7595999e-01   4.9052677e+00   1.2016464e-03  -1.3000600e-03   1.1454869e-03
   2.2643448e-01   5.8507339e-01   4.9178698e+00   1.7115129e-03  -7.4175594e-04   9.5815733e-04
   2.2401686e-01   5.8690524e-01   4.9277866e+00   1.3827728e-03  -9.0354148e-04   7.4223103e-04
   2.1223555e-01   6.1140608e-01   4.9573836e+00   1.9530566e-03  -5.0479025e-04   1.2043025e-03
   1.3546066e-01   5.7654745e-01   4.9506028e+00   1.2839187e-03  -6.7398053e-04   1.6641586e-03
   3.0330571e-01   5.4844990e-01   4.9744447e+00   3.7024721e-03   1.3409496e-03   9.1882401e-04
   3.1995959e-01   4.9813013e-01   4.9401919e+00   2.4858675e-03   4.8502112e-04   2.5948105e-03
   3.3705910e-01   5.0782432e-01   4.9338009e+00   3.9800006e-03  -2.0065447e-04   2.2065421e-03
   2.9416771e-01   4.9952479e-01   4.9627392e+00   4.0749950e-03  -1.3698931e-03   1.4098839e-03
   3.0079685e-01   5.5009835e-01   4.9679175e+00   4.3211981e-03  -1.5298565e-03   9.5028919e-04
   2.7937133e-01   5.7469801e-01   4.9992136e+00   3.4329871e-03  -1.6264963e-03   1.0138590e-03
   2.7913927e-01   6.0085753e-01   5.0162790e+00   3.2599192e-03  -1.5850405e-03   5.6559728e-04
   2.6847390e-01   6.0453044e-01   5.0267970e+00   3.1615284e-03  -1.6495411e-03   7.4794030e-04
   2.6209500e-01   5.7490913e-01   5.0584709e+00   2.8581482e-03  -1.4611964e-03   7.7996601e-04
   2.4658653e-01   5.7229113e-01   5.0753418e+00   2.3789022e-03  -1.3886973e-03   6.5724814e-04
   2.6027485e-01   5.5907348e-01   5.0749650e+00   1.6292396e-03  -1.7022185e-03   5.5452466e-04
   2.4849835e-01   5.8088037e-01   5.0939124e+00   1.4049359e-03  -1.2586199e-03   9.1626062e-04
   2.5890851e-01   6.0527864e-01   5.1057483e+00   2.0988447e-03  -1.4552446e-03   9.3400364e-04
   2.5160197e-01   5.7958752e-01   5.1781356e+00   1.3673963e-03  -1.2233396e-03   1.0540597e-03
   2.3882073e-01   6.1085571e-01   5.1933724e+00   2.2450418e-03  -9.7092422e-04   9.1365545e-04
   2.6858609e-01   5.8590370e-01   5.1680237e+00   1.5081354e-03  -1.0679203e-03   1.0305720e-03
   2.4496462e-01   6.0862558e-01   5.1921945e+00   1.8286653e-03  -1.1122931e-03   1.4762291e-03
   2.4077419e-01   5.7532228e-01   5.1779059e+00   1.0499023e-03  -9.2550143e-04   8.5807163e-04
   2.4358971e-01   5.7835097e-01   5.2223929e+00   1.7344319e-03  -1.1121713e-03   5.3415892e-04
   2.5893062e-01   5.9759150e-01   5.2056751e+00   1.2421266e-03  -1.2568516e-03   5.6219663e-04
   2.4104678e-01   5.9556915e-01   5.1985431e+00   7.1719145e-04  -9.2282623e-04   7.7256494e-04
   2.5421687e-01   5.9361262e-01   5.2495283e+00   2.1675168e-03  -4.9163199e-04   7.9646854e-04
   2.5290386e-01   6.1228038e-01   5.2462466e+00   1.7404200e-03  -1.1958074e-03   7.7039423e-04
   2.3900068e-01   6.0297454e-01   5.2584827e+00   2.1377942e-03  -1.3473974e-03   7.3563416e-04
   2.4093806e-01   5.8000857e-01   5.2689171e+00   1.9695081e-03  -1.1975480e-03   9.9128527e-04
   2.5754617e-01   5.9202136e-01   5.3134952e+00   2.0979441e-03  -1.5844752e-03   2.6351020e-04
   2.6005436e-01   5.8385701e-01   5.2987543e+00   1.7934204e-03  -1.1077306e-03   8.2082763e-04
   2.5795942e-01   5.7778621e-01   5.3113359e+00   1.6667207e-03  -1.5456004e-03   5.9917568e-04
   2.5251081e-01   6.0503825e-01   5.3102747e+00   1.1090244e-03  -1.7544340e-03   6.0547651e-04
   2.6873023e-01   6.1753224e-01   5.3117469e+00   1.4253808e-03  -1.2269049e-03   5.9422599e-04
   2.3932430e-01   5.9257913e-01   5.3301865e+00   1.8644928e-03  -1.7900148e-03   7.0357931e-04
   2.5343244e-01   5.9980345e-01   5.3399060e+00   1.3766104e-03  -1.3461035e-03   1.0015276e-03
   2.5747409e-01   5.9505620e-01   5.3764907e+00   2.1221130e-03  -1.5404423e-03   1.0043663e-03
   2.4861798e-01   6.1063769e-01   5.3994408e+00   1.9996762e-03  -1.4501338e-03   8.6725820e-04
   2.3787295e-01   5.8055618e-01   5.3866615e+00   8.3448702e-04  -1.6454442e-03   7.9935818e-04
   2.6477427e-01   6.0927244e-01   5.3950044e+00   1.5103807e-03  -1.3667261e-03   5.7853093e-04
   2.3735802e-01   6.0191271e-01   5.4396668e+00   9.6285257e-04  -1.5055251e-03   9.2129304e-04
   2.6285335e-01   6.2125293e-01   5.4422337e+00   1.3446872e-03  -1.2777427e-03   5.1513200e-04
   2.6001027e-01   6.2534850e-01   5.4417424e+00   9.5726519e-04  -1.4608419e-03   5.3012996e-04
   2.7549392e-01   6.3780226e-01   5.4856069e+00   1.4857391e-03  -1.2094889e-03   8.2416210e-04
   2.6298011e-01   6.0746819e-01   5.5268546e+00   1.6597277e-03  -1.3315310e-03   1.2846315e-03
   2.4546368e-01   6.1495389e-01   5.4831961e+00   7.7474382e-04  -1.3462993e-03   1.0937658e-03
   2.4936936e-01   5.9497316e-01   5.5059196e+00   1.3785394e-03  -1.4289671e-03   1.2822195e-03
   2.4635191e-01   5.9576821e-01   5.5213982e+00   1.5368132e-03  -1.5546380e-03   1.1390785e-03
   2.5957767e-01   6.2229932e-01   5.5185269e+00   1.8858286e-03  -1.3584472e-03   1.2035187e-03
   2.1931743e-01   6.0172484e-01   5.4587105e+00  -3.3269121e-04  -1.4355356e-03   1.2726466e-03
   2.9765871e-01   6.4052446e-01   5.4819344e+00   2.4366257e-03  -5.0905208e-04   6.7929336e-04
   2.6170221e-01   5.9802346e-01   5.5197207e+00   1.7878436e-03  -2.1072366e-03   1.2813353e-03
   2.6063062e-01   6.0159807e-01   5.5338786e+00   2.1562720e-03  -1.7874596e-03   1.1586843e-03
   2.6203612e-01   6.1386684e-01   5.5905032e+00   2.7184925e-03  -2.0333062e-03   9.7984539e-04
   2.6379769e-01   6.3968817e-01   5.5815169e+00   1.7530007e-03  -1.8169335e-03   1.1286001e-03
   2.7132680e-01   6.4042512e-01   5.5637884e+00   1.4432142e-03  -1.7510887e-03   9.4018896e-04
   2.6609684e-01   6.4666471e-01   5.5960397e+00   2.1614205e-03  -1.7255425e-03   1.2951715e-03
   2.6238877e-01   6.3487209e-01   5.6140694e+00   1.9680935e-03  -1.6849243e-03   1.2071545e-03
   2.6853408e-01   6.5055823e-01   5.5859207e+00   1.7494177e-03  -1.4464290e-03   8.4529418e-04
   2.6680017e-01   6.2882991e-01   5.6050945e+00   1.2648672e-03  -1.6871423e-03   9.1726907e-04
   2.6394900e-01   6.3209808e-01   5.6477560e+00   1.9308939e-03  -1.6272946e-03   1.0644721e-03
   2.6775870e-01   6.4504330e-01   5.6571559e+00   1.9806347e-03  -1.7460875e-03   9.4310351e-04
   2.6490357e-01   6.2814029e-01   5.6579803e+00   1.4615146e-03  -1.4934193e-03   1.2189318e-03
   2.6507148e-01   6.4886278e-01   5.6645519e+00   1.7659249e-03  -1.6136883e-03   1.0128916e-03
   2.5923203e-01   6.2156199e-01   5.6764158e+00   1.5360563e-03  -1.6610159e-03   9.1027544e-04
   2.6429338e-01   6.1717712e-01   5.6815324e+00   1.4737557e-03  -1.6132982e-03   7.3417296e-04
   2.6329354e-01   6.3322042e-01   5.7082728e+00   2.1057614e-03  -1.5595267e-03   9.2779844e-04
   2.6114002e-01   6.3204502e-01   5.7201543e+00   1.8881816e-03  -1.6919103e-03   8.2484499e-04
   2.7947601e-01   6.3775021e-01   5.7340289e+00   1.8637356e-03  -1.4944937e-03   9.9815954e-04
   2.7868033e-01   6.5151790e-01   5.7659970e+00   2.0024310e-03  -1.6867524e-03   6.4956663e-04
   2.7851581e-01   6.5764240e-01   5.7595092e+00   1.2912545e-03  -1.5395647e-03   1.2797637e-03
   2.6892285e-01   6.5234342e-01   5.7931051e+00   1.6475003e-03  -1.4811849e-03   1.1027869e-03
   2.6385764e-01   6.6818171e-01   5.7917542e+00   1.5728400e-03  -1.7067714e-03   1.0512785e-03
   2.8714134e-01   6.6133761e-01   5.8061935e+00   1.7285572e-03  -1.3078188e-03   9.9399709e-04
   2.7982590e-01   6.4058624e-01   5.8295600e+00   2.5029246e-03  -1.1189884e-03   7.1971228e-04
   2.7069278e-01   6.3497053e-01   5.8431370e+00   2.4448400e-03  -1.4630056e-03   1.2550905e-03
   2.7385761e-01   6.3729792e-01   5.8356709e+00   2.0135046e-03  -1.6105768e-03   1.1884972e-03
   2.8596864e-01   6.2655022e-01   5.8502136e+00   2.2966026e-03  -1.5852983e-03   7.5898448e-04
   2.8178142e-01   6.5876277e-01   5.9023762e+00   2.0222189e-03  -1.3328159e-03   7.4196691e-04
   2.7917064e-01   6.4873232e-01   5.8828722e+00   1.9566819e-03  -1.2463463e-03   9.7095104e-04
   2.9331812e-01   6.6781995e-01   5.8832067e+00   1.7798341e-03  -1.5711728e-03   5.7878277e-04
   2.7332207e-01   6.5009510e-01   5.8919732e+00   1.9191575e-03  -1.5216186e-03   5.7609682e-04
   2.5702355e-01   6.5464593e-01   5.8864378e+00   1.5864557e-03  -1.5755088e-03   1.5672635e-03
   2.7360695e-01   6.5142607e-01   5.8994069e+00   1.6710140e-03  -1.7118330e-03   1.4449629e-03
   2.9182280e-01   6.6202238e-01   5.9324729e+00   2.0631726e-03  -1.0949366e-03   1.1089730e-03
   2.8099014e-01   6.5015664e-01   5.9517086e+00   2.1140814e-03  -1.3500297e-03   1.3990141e-03
   2.7833787e-01   6.4296135e-01   5.9434200e+00   1.8223907e-03  -1.2720849e-03   1.0335095e-03
   2.7427524e-01   6.4338298e-01   5.9680288e+00   1.9878229e-03  -1.5257217e-03   1.1755695e-03
   2.6223642e-01   6.3578911e-01   6.0153753e+00   1.9651114e-03  -1.6542289e-03   1.0244666e-03
   2.7065717e-01   6.7762061e-01   5.9967377e+00   2.0573015e-03  -1.5581682e-03   8.6396120e-04
   2.6493920e-01   6.4503886e-01   5.9959644e+00   1.8666329e-03  -1.5031717e-03   1.2323342e-03
   2.7833861e-01   6.5896513e-01   6.0202884e+00   2.3179752e-03  -1.5557521e-03   1.2781584e-03
   2.9357334e-01   6.6112291e-01   6.0164705e+00   1.9889277e-03  -1.4489338e-03   6.3704256e-04
   2.9030924e-01   6.7382780e-01   6.0059537e+00   1.1907342e-03  -1.8031108e-03   1.0762829e-03
   2.7927923e-01   6.7272937e-01   6.0300830e+00   1.5009858e-03  -1.6053985e-03   9.5406562e-04
   2.7859707e-01   6.5593034e-01   6.0639425e+00   1.8151872e-03  -1.5857979e-03   1.1724225e-03
   2.7707611e-01   6.6321272e-01   6.0762342e+00   2.0142581e-03  -1.8149831e-03   8.7573856e-04
   2.7810297e-01   6.6484668e-01   6.0880557e+00   1.9708495e-03  -1.6829869e-03   1.1473928e-03
   2.8502547e-01   6.7534739e-01   6.0933515e+00   1.8993547e-03  -1.5003355e-03   1.1723845e-03
   2.7374397e-01   6.6865825e-01   6.0878494e+00   3.2794672e-03  -2.1222653e-04  -2.3252754e-04
   1.6017051e-01   6.1709408e-01   5.9017911e+00   9.3903491e-04  -1.5945692e-03   4.1958644e-04
   3.3354430e-01   6.0440244e-01   5.9732830e+00   5.8331494e-03  -1.9376943e-04   2.1679550e-03
   3.0155278e-01   6.2611949e-01   6.0488797e+00   5.5941237e-03  -1.4417419e-03   3.1199631e-03
   2.9555675e-01   6.6096224e-01   6.1095713e+00   5.0041139e-03  -1.6622385e-03   1.7404740e-03
   3.0370407e-01   6.7040487e-01   6.1061030e+00   3.7255686e-03  -1.4161830e-03   2.0213041e-03
   3.1336451e-01   6.7307236e-01   6.1405921e+00   2.7023405e-03  -1.6025824e-03   1.4741702e-03
   2.9837268e-01   6.8544045e-01   6.1681871e+00   2.4309839e-03  -1.6061350e-03   1.5689333e-03
   2.9064884e-01   7.0035570e-01   6.1816968e+00   2.3282109e-03  -1.7611883e-03   1.7796578e-03
   2.8446124e-01   6.9542827e-01   6.1744777e+00   1.9914496e-03  -1.5831470e-03   1.6905242e-03
   2.8985603e-01   7.0765113e-01   6.1774284e+00   1.7850901e-03  -1.3423796e-03   1.6120705e-03
   2.9344855e-01   7.0531101e-01   6.1848061e+00   1.8997737e-03  -1.7400822e-03   1.5112815e-03
   2.9888309e-01   6.9145168e-01   6.2083026e+00   2.0419757e-03  -1.3601194e-03   1.6890264e-03
   2.9643502e-01   7.0279676e-01   6.2227498e+00   2.2755717e-03  -1.4666449e-03   1.3258641e-03
   2.7385202e-01   7.0862305e-01   6.2464202e+00   2.5804432e-03  -2.1456428e-03   1.9318430e-03
   2.9573780e-01   6.7912750e-01   6.2506381e+00   2.1500122e-03  -1.6201326e-03   1.6606568e-03
   2.8932903e-01   6.9170400e-01   6.2612798e+00   2.3153016e-03  -1.9482064e-03   1.5682421e-03
   3.0718171e-01   7.0072355e-01   6.2538156e+00   1.6714642e-03  -1.5156780e-03   1.5903830e-03
   3.0026810e-01   6.7403938e-01   6.2736474e+00   1.4936382e-03  -1.5787159e-03   1.8221505e-03
   2.9679143e-01   6.9987378e-01   6.2882861e+00   1.8121287e-03  -1.8066789e-03   1.6189487e-03
   3.0453515e-01   6.8192348e-01   6.3268371e+00   2.0753996e-03  -1.1475027e-03   1.7040579e-03
   3.1638726e-01   6.7587693e-01   6.3437273e+00   2.3410548e-03  -1.2942594e-03   1.7484379e-03
   2.9455579e-01   6.8139876e-01   6.3338769e+00   1.9578108e-03  -1.6725266e-03   1.5619858e-03
   3.1483805e-01   6.9356315e-01   6.3409020e+00   2.1677527e-03  -1.8967545e-03   1.4248639e-03
   3.1353858e-01   7.0951918e-01   6.3909947e+00   2.2285588e-03  -1.4593974e-03   1.3778790e-03
   3.0194724e-01   7.1316769e-01   6.3715050e+00   1.1247725e-03  -1.4327696e-03   1.9523139e-03
   3.0051274e-01   6.9809622e-01   6.3971902e+00   1.6012626e-03  -1.4018745e-03   1.8968746e-03
   3.1054079e-01   7.2316132e-01   6.4392929e+00   2.2956080e-03  -1.7967760e-03   1.5957088e-03
   3.0983092e-01   7.1679859e-01   6.4267213e+00   1.3133877e-03  -1.2497574e-03   1.6129143e-03
   3.0493104e-01   7.0537169e-01   6.4421553e+00   2.3750222e-03  -1.6732511e-03   2.0655068e-03
   3.0519501e-01   6.9624268e-01   6.4399724e+00   2.0508234e-03  -1.5537749e-03   1.5316093e-03
   3.0994904e-01   7.0874575e-01   6.4160885e+00   2.1423505e-03  -2.0421589e-03   1.5601627e-03
   2.7670917e-01   7.2088566e-01   6.4563773e+00   2.4328840e-03  -1.7585879e-03   2.2280172e-03
   3.1366276e-01   6.7911402e-01   6.3836817e+00   3.0189766e-03  -2.4667467e-04   9.4390596e-04
   2.9188194e-01   6.9130631e-01   6.4229064e+00   2.9276634e-03  -1.5365687e-03   1.6137403e-03
   3.0424093e-01   6.8447114e-01   6.4562493e+00   3.1038483e-03  -1.7084239e-03   1.3841305e-03
   3.1743887e-01   7.0362013e-01   6.5037717e+00   2.7498364e-03  -1.0943538e-03   1.2360631e-03
   3.0508203e-01   7.1781965e-01   6.4947414e+00   2.1692090e-03  -1.5034039e-03   1.4560136e-03
   3.0465764e-01   7.1087451e-01   6.5207893e+00   2.8718052e-03  -1.1433683e-03   1.6642956e-03
   3.1188377e-01   7.1774278e-01   6.5490988e+00   2.7540000e-03  -1.6083235e-03   1.4996597e-03
   3.0390892e-01   7.2254255e-01   6.5353690e+00   2.4143471e-03  -1.3196684e-03   1.5427168e-03
   3.0447372e-01   7.1993820e-01   6.5412326e+00   2.3178442e-03  -1.6988591e-03   1.5139107e-03
   3.1296171e-01   7.1270839e-01   6.5575686e+00   2.5114976e-03  -1.4337325e-03   1.4483832e-03
   3.1580649e-01   7.2451685e-01   6.5839267e+00   2.6759235e-03  -1.3035429e-03   1.0245673e-03
   2.9455651e-01   7.1118722e-01   6.5958927e+00   2.4579293e-03  -1.8292808e-03   1.2032676e-03
   3.1085272e-01   7.1720148e-01   6.5998905e+00   2.5158759e-03  -1.1445727e-03   1.5882983e-03
   3.1223678e-01   7.3434648e-01   6.6169641e+00   2.8942524e-03  -1.5851023e-03   1.8652028e-03
   3.1756689e-01   7.2400525e-01   6.6092415e+00   2.5401139e-03  -1.1362244e-03   1.4281796e-03
   3.1848147e-01   7.0109335e-01   6.6156820e+00   2.8397585e-03  -1.7623912e-03   1.2283141e-03
   2.9817596e-01   7.0672620e-01   6.6606929e+00   3.1336668e-03  -1.1321733e-03   1.6821569e-03
   3.1995478e-01   7.2652963e-01   6.6406254e+00   2.1396364e-03  -1.5561335e-03   1.2730582e-03
   3.1099299e-01   7.2390833e-01   6.6674889e+00   3.0349381e-03  -1.6538179e-03   1.3044489e-03
   2.9720882e-01   6.9107084e-01   6.7095748e+00   2.0506187e-03  -1.2978828e-03   1.2742166e-03
   3.1034840e-01   7.2648431e-01   6.7078137e+00   4.4224937e-03  -1.2075261e-03   1.4593257e-03
   3.1068969e-01   7.2367590e-01   6.7039429e+00   2.6027751e-03  -9.4033026e-04   1.3415859e-03
   3.1905564e-01   7.1549235e-01   6.7334282e+00   3.2103117e-03  -1.6678517e-03   1.4314601e-03
   3.2729228e-01   7.1928651e-01   6.7332798e+00   3.0165897e-03  -1.2780739e-03   1.3055754e-03
   3.2570657e-01   7.3844770e-01   6.7137825e+00   2.5535887e-03  -1.2995499e-03   1.1044656e-03
   3.1747138e-01   7.6096217e-01   6.7220451e+00   2.3839636e-03  -1.4890686e-03   1.6698084e-03
   3.3062035e-01   7.4724092e-01   6.7379322e+00   2.6620944e-03  -1.2173672e-03   1.3600044e-03
   3.1857920e-01   7.5717344e-01   6.7354750e+00   2.0591016e-03  -1.4683803e-03   9.3996427e-04
   3.2112661e-01   7.2625974e-01   6.7472217e+00   2.4970709e-03  -1.5089799e-03   1.0578073e-03
   3.1419139e-01   7.4466066e-01   6.7518891e+00   2.0167778e-03  -1.5970365e-03   1.4641061e-03
   3.1656501e-01   7.4741446e-01   6.7487128e+00   2.2165645e-03  -1.8323866e-03   1.3829700e-03
   2.9204860e-01   7.4790139e-01   6.7405342e+00   1.6204930e-03  -1.5784879e-03   1.9874156e-03
   3.1109647e-01   7.0961621e-01   6.7692900e+00   1.5311683e-03  -1.4571560e-03   1.4455806e-03
   3.2978229e-01   7.2337742e-01   6.8063392e+00   3.3516365e-03  -1.6358424e-03   1.1042612e-03
   3.0290602e-01   7.2750316e-01   6.8476414e+00   3.3737673e-03  -1.4457304e-03   1.6517046e-03
   3.0427114e-01   7.3727522e-01   6.8311121e+00   2.6534521e-03  -1.4908253e-03   1.8789541e-03
   3.1527576e-01   7.4014929e-01   6.8744571e+00   3.6536864e-03  -1.3600568e-03   1.7121059e-03
   3.2436835e-01   7.3583866e-01   6.8721418e+00   3.3889945e-03  -1.5262878e-03   1.3917031e-03
   3.2750514e-01   7.3581577e-01   6.8435424e+00   2.8620170e-03  -1.1477814e-03   1.3763117e-03
   3.2001887e-01   7.0991917e-01   6.8657902e+00   2.9413185e-03  -1.2997241e-03   1.6120182e-03
   3.2005781e-01   7.7021643e-01   6.8798305e+00   3.0923343e-03  -1.5690495e-03   1.0923479e-03
   3.2837010e-01   7.3955073e-01   6.8763165e+00   2.7474796e-03  -1.6556296e-03   1.3100646e-03
   3.3751083e-01   7.4424418e-01   6.9150501e+00   3.2307376e-03  -1.5233462e-03   9.7672049e-04
   3.2490166e-01   7.4914984e-01   6.9310274e+00   3.1461363e-03  -1.6923893e-03   1.1158261e-03
   3.2298854e-01   7.6050439e-01   6.9373625e+00   2.8134072e-03  -1.5047703e-03   1.2316167e-03
   3.4282973e-01   7.6579401e-01   6.9172353e+00   2.1522881e-03  -1.4194635e-03   8.7788217e-04
   3.3411076e-01   7.7385026e-01   6.9614910e+00   3.0120505e-03  -1.0815896e-03   1.5815608e-03
   3.2619012e-01   7.7209435e-01   6.9553624e+00   2.9529311e-03  -1.7203061e-03   1.2994309e-03
   3.1104368e-01   7.7074719e-01   6.9724574e+00   3.0426218e-03  -1.3234518e-03   1.9223104e-03
   3.2563765e-01   7.4860251e-01   6.9863810e+00   2.9763823e-03  -1.3955820e-03   1.2804220e-03
   3.4147800e-01   7.6688475e-01   7.0067940e+00   3.3850552e-03  -1.1028108e-03   1.3263239e-03
   3.3567527e-01   7.5587582e-01   7.0128475e+00   2.8134542e-03  -1.1244403e-03   1.3211532e-03
   3.3196467e-01   7.4439805e-01   7.0294321e+00   2.8200450e-03  -9.8118656e-04   1.2239678e-03
   3.4152451e-01   7.7241050e-01   7.0298621e+00   2.9028928e-03  -1.1979278e-03   1.1428619e-03
   3.4486494e-01   7.6109952e-01   7.0587572e+00   3.3643986e-03  -1.3859970e-03   1.0146437e-03
   3.2614033e-01   7.6673480e-01   7.0373764e+00   2.7252857e-03  -1.3416752e-03   1.2066613e-03
   4.2690244e-01   7.5443171e-01   7.0291587e+00   5.4165380e-03   4.1683482e-04   7.0848916e-04
   4.6375648e-01   7.3032951e-01   6.8273517e+00   3.9996522e-03   4.9362473e-04   2.4060689e-03
   3.8196893e-01   6.4022423e-01   6.8696156e+00   7.4393181e-03  -2.3550551e-03   1.4181777e-03
   4.3066918e-01   7.6460025e-01   7.0080124e+00   6.5979652e-03   7.1080931e-04   2.0562731e-03
   3.7517711e-01   7.5696724e-01   7.0222309e+00   4.7546734e-03  -5.5555918e-04   2.2033860e-03
   3.8199373e-01   7.5483001e-01   7.0651165e+00   4.7055188e-03  -6.9384822e-04   1.9805933e-03
   3.8292075e-01   7.6304949e-01   7.0973766e+00   4.0476290e-03  -7.5113739e-04   1.7900200e-03
   3.8190306e-01   7.7570251e-01   7.1011762e+00   2.7888919e-03  -6.6642207e-04   1.6459503e-03
   3.6605031e-01   7.9280060e-01   7.1006054e+00   2.3030547e-03  -1.0396038e-03   2.2777486e-03
   3.6249556e-01   7.6981627e-01   7.0986987e+00   2.1737262e-03  -7.8993706e-04   2.0295429e-03
   3.8338684e-01   7.7670598e-01   7.1176385e+00   2.7214130e-03  -9.1325193e-04   1.6572387e-03
   3.7298604e-01   7.7775765e-01   7.1454399e+00   3.2116412e-03  -7.0309061e-04   1.8308319e-03
   3.7264086e-01   7.7509578e-01   7.1289785e+00   2.4830011e-03  -6.5677884e-04   1.9405066e-03
   3.8476140e-01   7.7381019e-01   7.1387250e+00   2.3916822e-03  -7.3364414e-04   1.7368223e-03
   3.7825840e-01   7.8761969e-01   7.1439473e+00   2.3046487e-03  -1.0895539e-03   1.8563376e-03
   3.7744432e-01   7.8536726e-01   7.1643847e+00   2.6299458e-03  -1.2067772e-03   1.6766731e-03
   3.6169190e-01   7.8698103e-01   7.1743783e+00   2.6223145e-03  -9.2208778e-04   1.8806562e-03
   3.7186847e-01   7.7618009e-01   7.1811305e+00   2.4194051e-03  -1.1795730e-03   1.8589256e-03
   3.6603566e-01   8.2215380e-01   7.2089662e+00   2.9171467e-03  -1.0999812e-03   2.1695292e-03
   3.7666031e-01   7.9903699e-01   7.2167442e+00   2.6952827e-03  -1.1600519e-03   1.8448249e-03
   3.6167399e-01   8.0506001e-01   7.2386979e+00   3.0530778e-03  -9.4975628e-04   2.2750046e-03
   3.7932979e-01   7.8656416e-01   7.2520463e+00   2.8539410e-03  -9.3018483e-04   1.8345459e-03
   3.7643863e-01   7.8993921e-01   7.2630337e+00   3.0999869e-03  -9.7649059e-04   1.8891744e-03
   3.8212534e-01   7.7834515e-01   7.2517549e+00   2.2325769e-03  -8.7357237e-04   1.6640234e-03
   3.8368647e-01   7.9102661e-01   7.2745239e+00   3.0301821e-03  -1.0776952e-03   1.6280240e-03
   3.7992341e-01   7.9582821e-01   7.2930241e+00   2.6508358e-03  -1.1532302e-03   1.5118010e-03
   3.8178130e-01   8.0719579e-01   7.3152963e+00   2.8184213e-03  -1.1206241e-03   1.4743432e-03
   3.7562517e-01   7.9999228e-01   7.3092891e+00   2.1960114e-03  -8.5440064e-04   2.0009589e-03
   3.6571654e-01   8.0492480e-01   7.3159571e+00   2.3829471e-03  -8.0155329e-04   2.2423025e-03
   3.8171761e-01   8.2028539e-01   7.3250522e+00   2.7426987e-03  -8.0305414e-04   1.9673696e-03
   3.8077988e-01   7.8472506e-01   7.3399838e+00   2.8197234e-03  -8.1055177e-04   1.7143429e-03
   3.5983249e-01   8.1617735e-01   7.3404652e+00   1.6597752e-03  -6.8713639e-04   2.2459476e-03
   3.4579754e-01   8.2017023e-01   7.3970345e+00   3.7640387e-03  -1.2376114e-03   2.7649574e-03
   3.5999852e-01   7.8476376e-01   7.4047160e+00   2.8604539e-03  -1.2657406e-03   2.4751344e-03
   3.6402433e-01   7.9654314e-01   7.4455799e+00   3.8079916e-03  -1.4102431e-03   2.1848046e-03
   3.6164217e-01   8.1051397e-01   7.4222226e+00   3.4774795e-03  -1.2373065e-03   2.0555691e-03
   3.7632412e-01   8.0283280e-01   7.4157484e+00   3.0744418e-03  -7.2731859e-04   2.4126180e-03
   3.5939130e-01   8.2646003e-01   7.4193494e+00   2.8665209e-03  -1.1858985e-03   2.2898783e-03
   3.5943973e-01   8.0836303e-01   7.4168726e+00   2.7196281e-03  -8.0437369e-04   2.1861962e-03
   3.6685537e-01   8.0881828e-01   7.4232574e+00   3.0283654e-03  -1.4294358e-03   1.8337100e-03
   3.6037129e-01   7.9566695e-01   7.4379147e+00   2.9763249e-03  -1.6607834e-03   2.0186980e-03
   3.6398493e-01   7.9561595e-01   7.4490609e+00   3.4398461e-03  -1.0241253e-03   2.1337887e-03
   3.7721720e-01   8.0227684e-01   7.4485207e+00   2.8605323e-03  -1.2493208e-03   1.7566081e-03
   3.5159192e-01   8.0960242e-01   7.4812748e+00   3.2459002e-03  -1.5725162e-03   2.1630487e-03
   3.6796993e-01   8.2410468e-01   7.4670891e+00   2.8189525e-03  -1.1742289e-03   2.2558220e-03
   3.6068781e-01   8.1639730e-01   7.4888691e+00   3.1839507e-03  -1.3801076e-03   2.1951143e-03
   3.6913932e-01   7.9819631e-01   7.5280151e+00   3.7912447e-03  -1.3276669e-03   1.8347377e-03
   3.7605299e-01   7.9789997e-01   7.5149724e+00   3.4077586e-03  -1.5786229e-03   1.9263295e-03
   3.7858731e-01   8.0098299e-01   7.5174298e+00   3.2762602e-03  -1.4906691e-03   1.6714081e-03
   3.8306527e-01   8.1487745e-01   7.5516642e+00   3.4137916e-03  -1.5941407e-03   1.5389734e-03
   3.8082872e-01   8.0524677e-01   7.5551880e+00   3.0591350e-03  -1.2936895e-03   2.0124420e-03
   3.8710580e-01   8.1152394e-01   7.5475726e+00   2.6074428e-03  -1.2153324e-03   1.8040685e-03
   3.6316706e-01   7.9566782e-01   7.5619869e+00   3.0621026e-03  -1.3444783e-03   1.9652336e-03
   3.5429817e-01   7.7463879e-01   7.5382255e+00   1.9231960e-03  -5.8048794e-04   2.4027955e-03
   1.5391733e-01   7.7485176e-01   7.1319841e+00   2.3069171e-03   3.4559038e-03   4.8011615e-04
