   0.0000000e+00   0.0000000e+00   0.0000000e+00   0.0000000e+00   0.0000000e+00   0.0000000e+00
   3.1505444e-02  -4.3738231e-02  -1.3173508e-01   1.5632009e-02   7.1390936e-03   1.8892604e-05
   3.5855293e-02  -1.8036904e-01  -1.4520984e-01  -1.9627550e-03  -2.7669819e-03   4.6912745e-03
   6.9224457e-02  -2.0713514e-01  -6.2588781e-02   3.4079838e-03  -2.3279970e-03   3.9724562e-03
   9.2822778e-02  -1.8795232e-01  -5.1212070e-02   2.7374914e-03  -2.3782909e-03   3.5691761e-03
   7.4753221e-02  -1.0233361e-01   8.6853466e-03   5.1647605e-03  -2.9468125e-03   3.5237280e-03
   1.0116337e-01  -1.1813543e-01  -6.6851119e-03   4.8954051e-03  -2.8670597e-03   3.7765447e-03
   1.1711515e-01  -1.1385083e-01  -4.0591234e-02   4.2421133e-03  -2.8036823e-03   3.6391473e-03
   1.2531492e-01  -1.0655856e-01   2.0153208e-02   6.4385699e-03  -2.7463187e-03   3.7472045e-03
   1.2434348e-01  -9.5879532e-02   4.9408219e-02   4.6338307e-03  -3.1196686e-03   3.6230453e-03
   6.8248700e-02  -1.1119894e-01  -4.0054187e-01   6.9366392e-03   2.4120061e-03  -3.5359322e-04
   1.5624461e-01  -1.2553170e-01   1.7427650e-02   2.6075638e-03  -7.8490388e-03   4.1015379e-03
   1.7158666e-01  -9.4050551e-02   2.5060301e-02   1.8557651e-03  -7.1198317e-03   3.9916366e-03
   1.6319970e-01  -1.2620017e-01   6.7938261e-02   3.1647263e-03  -7.4189277e-03   4.2149865e-03
   1.4775377e-01  -8.5450506e-02   9.1857178e-02   2.8770755e-03  -7.9883989e-03   3.5866353e-03
   1.6276885e-01  -5.2655820e-02   1.1349053e-01   2.9600765e-03  -8.0326165e-03   3.5997179e-03
   1.6056963e-01  -5.1905778e-02   1.2899914e-01   3.1826820e-03  -7.5316406e-03   3.9373326e-03
   1.7910507e-01  -3.7498723e-02   1.2743857e-01   3.0261766e-03  -7.4500166e-03   3.6512660e-03
   1.6185852e-01  -1.2984048e-02   1.2513891e-01   2.9149354e-03  -7.5191040e-03   3.5995806e-03
   1.7185529e-01  -1.4363857e-02   1.5831590e-01   3.2697350e-03  -7.7420008e-03   3.6285322e-03
   1.6414236e-01  -1.5597199e-02   1.6382037e-01   2.8507444e-03  -7.5729101e-03   4.2069289e-03
   1.4003731e-01   1.0165022e-02   2.3754253e-01   6.1195910e-03  -6.9478146e-03   3.3622565e-03
   2.2609202e-01   5.4347585e-03   2.7204151e-01   3.9169886e-03  -6.3206022e-03   2.9954164e-03
   2.1225468e-01  -3.4880639e-02   1.9422606e-01   2.1548118e-03  -6.4980867e-03   3.4132622e-03
   2.1081764e-01  -1.9929886e-02   2.6139702e-01   3.5379234e-03  -6.6019774e-03   3.2299357e-03
   2.0215138e-01  -7.3551413e-04   2.3857583e-01   3.1660304e-03  -6.4493122e-03   3.3722549e-03
   2.2472146e-01   3.5875378e-03   2.8606872e-01   4.2171220e-03  -6.2588068e-03   2.7797596e-03
   2.1769502e-01   1.8159432e-02   2.7741588e-01   3.6176886e-03  -6.6698116e-03   3.0761177e-03
   2.3321979e-01   5.3733529e-03   2.4634224e-01   2.8282003e-03  -6.2926291e-03   3.1837796e-03
   2.1526719e-01   1.8613422e-02   2.9245920e-01   3.6718847e-03  -6.9596834e-03   3.3234312e-03
   2.1946473e-01   3.7163934e-02   3.1851159e-01   4.0659866e-03  -6.0929868e-03   3.4340796e-03
   2.2018061e-01   3.2176295e-02   3.3251209e-01   3.5631843e-03  -6.4186133e-03   3.2348408e-03
   2.1197890e-01   3.7483962e-02   3.6003557e-01   4.1280830e-03  -6.4005648e-03   3.3374769e-03
   2.1042206e-01   4.1564188e-02   3.5911092e-01   4.2841766e-03  -6.2078369e-03   3.4338424e-03
   2.2654025e-01   3.1087323e-02   3.4719101e-01   3.3217248e-03  -6.1050888e-03   3.4466934e-03
   2.1842869e-01   4.6410093e-02   3.4350440e-01   3.7748890e-03  -6.7543882e-03   3.4378263e-03
   2.2738291e-01   4.1963621e-02   3.5440708e-01   3.7848939e-03  -5.9605706e-03   3.4803326e-03
   2.2104116e-01   6.2753162e-02   3.6402821e-01   3.3791556e-03  -6.4099595e-03   3.6097342e-03
   2.2800154e-01   4.4989671e-02   3.6987269e-01   3.4990443e-03  -6.2464743e-03   3.3651166e-03
   2.1937029e-01   4.5620940e-02   3.5978203e-01   4.3457046e-03  -7.5170128e-03   2.8275353e-03
   2.0932384e-01   2.9532197e-02   4.1421444e-01   3.8159564e-03  -7.6058825e-03   3.2998771e-03
   2.1116065e-01   2.3945726e-02   3.8768278e-01   2.9094851e-03  -7.3023913e-03   3.7102062e-03
   2.2127341e-01   4.6626574e-02   4.5204295e-01   3.9287615e-03  -7.0677551e-03   3.4145776e-03
   2.2432061e-01   5.7740134e-02   4.5360544e-01   3.6363037e-03  -7.3665259e-03   3.3933754e-03
   2.3245728e-01   3.5661581e-02   3.9404952e-01   2.1223193e-03  -6.9999448e-03   3.5480256e-03
   2.3313843e-01   4.0431803e-02   4.4327030e-01   3.7037034e-03  -7.1102401e-03   3.2391250e-03
   2.1866304e-01   5.5227561e-02   4.6675657e-01   3.8334445e-03  -7.0188401e-03   3.4823608e-03
   1.9373810e-01   4.5274849e-02   4.3086086e-01   4.1196618e-03  -6.7990756e-03   3.3175203e-03
   2.2540746e-01   6.0146798e-02   4.8501411e-01   3.9145104e-03  -7.2386824e-03   2.9872167e-03
   2.2812943e-01   4.4484886e-02   4.6339989e-01   3.1006544e-03  -7.3656360e-03   3.2802661e-03
   2.1712538e-01   4.8450830e-02   4.9530311e-01   3.9759603e-03  -7.2067877e-03   3.4921444e-03
   2.1794738e-01   6.5528095e-02   5.1637480e-01   4.3656523e-03  -7.0847858e-03   3.3627150e-03
   2.3547842e-01   4.2452588e-02   5.0851793e-01   4.1246518e-03  -6.8168774e-03   3.3145021e-03
   2.2386876e-01   7.0471878e-02   5.2098687e-01   3.9338062e-03  -6.6808578e-03   3.5307315e-03
   2.3020026e-01   9.5403833e-02   5.3923957e-01   3.8060097e-03  -6.6520274e-03   3.5543168e-03
   2.2688214e-01   7.0977656e-02   5.4818344e-01   4.2261084e-03  -7.0012533e-03   3.4661493e-03
   2.1194693e-01   8.6243534e-02   5.1260532e-01   2.7838297e-03  -6.1696550e-03   3.9024762e-03
   2.2461902e-01   6.7018008e-02   5.4230819e-01   4.6807715e-03  -6.6419738e-03   3.6287516e-03
   2.3276893e-01   5.7797864e-02   5.5984567e-01   4.0617913e-03  -6.4785626e-03   3.9730574e-03
   2.2281547e-01   7.7138259e-02   5.7847962e-01   3.9274707e-03  -7.0572264e-03   3.5127032e-03
   2.3603060e-01   9.4729670e-02   5.6969570e-01   3.6722749e-03  -6.6752940e-03   3.1831587e-03
   2.4192352e-01   9.2895807e-02   5.8268696e-01   3.5866356e-03  -6.8801018e-03   3.4112390e-03
   2.1973869e-01   9.4351973e-02   5.7981961e-01   3.5184158e-03  -6.1198867e-03   3.7030991e-03
   2.1581934e-01   9.8683653e-02   5.9465343e-01   3.3981013e-03  -6.8711810e-03   3.7683418e-03
   2.2927871e-01   7.1551666e-02   5.9406492e-01   2.7458661e-03  -6.6893353e-03   3.7290450e-03
   2.2600904e-01   8.3127776e-02   6.2853859e-01   3.6631586e-03  -6.1996465e-03   3.4560164e-03
   2.3875106e-01   8.7424964e-02   6.2549368e-01   3.5470909e-03  -6.6497508e-03   3.4570254e-03
   2.1684321e-01   1.0174764e-01   6.3685727e-01   3.8263450e-03  -6.7847410e-03   3.6568201e-03
   2.2710639e-01   1.0640351e-01   6.2691141e-01   3.7672643e-03  -6.6716106e-03   3.3580159e-03
   2.2715653e-01   8.2740687e-02   6.2604286e-01   2.8227156e-03  -6.9319263e-03   3.3472552e-03
   2.2462136e-01   1.0385592e-01   6.9137023e-01   4.0067720e-03  -6.3254749e-03   3.5042387e-03
   2.2894081e-01   1.2215724e-01   6.8465473e-01   3.6627629e-03  -6.7426153e-03   3.7039988e-03
   2.1320995e-01   1.2008418e-01   6.7393358e-01   3.8280063e-03  -6.5198170e-03   3.6408495e-03
   2.1237731e-01   1.0693066e-01   6.2430871e-01   4.0728926e-03  -6.3063069e-03   3.2444892e-03
   2.0922959e-01   1.2421351e-01   6.7337435e-01   3.5018070e-03  -7.1109473e-03   3.3945359e-03
   2.2333536e-01   1.0961322e-01   6.7631722e-01   3.2627701e-03  -7.1535678e-03   3.4477234e-03
   1.9811848e-01   1.4465080e-01   7.0818551e-01   3.8308747e-03  -6.3850329e-03   3.4907802e-03
   2.3048033e-01   2.3030101e-01   6.9519968e-01   2.5863075e-03  -6.4000369e-03   3.1866402e-03
   2.1737088e-01   1.3401724e-01   7.8036583e-01   4.1298623e-03  -6.9313273e-03   3.6091332e-03
   2.1737881e-01   1.5353701e-01   7.8787583e-01   4.7241360e-03  -6.9822023e-03   3.2089638e-03
   2.1036764e-01   1.0309927e-01   7.4230235e-01   4.7203394e-03  -6.1291386e-03   1.2347800e-03
   2.5326750e-01   1.4229761e-01   6.9554506e-01   5.4557603e-03  -5.9376466e-03   3.0787530e-03
   1.7720559e-01   2.5281711e-02   3.4574444e-01   9.1694140e-03  -4.4996153e-03   1.5630376e-04
   2.4914288e-01   4.2699128e-02   5.2937106e-01   9.3829714e-03  -6.9281823e-03   1.3662486e-03
   1.1279989e-01   2.6314582e-02   3.8706195e-01   6.7519490e-03  -6.9370333e-03   2.6486848e-03
   1.7334040e-01  -1.9166108e-02   3.9214368e-01   1.8801915e-02  -5.7976465e-03  -1.3084017e-03
   1.8759300e-01   4.2640928e-02   4.9142773e-01   7.7607690e-03  -6.8466376e-03   5.6892162e-04
   1.9823019e-01   6.9159567e-02   5.5643790e-01   7.4217540e-03  -6.1666659e-03   1.6934594e-03
   1.8500111e-01   1.1175425e-01   6.4158455e-01   8.1488821e-03  -6.8622092e-03   2.0229479e-03
   2.0358599e-01   1.2880756e-01   6.2456545e-01   7.5989566e-03  -6.1220566e-03   1.9165998e-03
   2.1076302e-01   1.3813819e-01   6.4207476e-01   7.9153837e-03  -6.7311548e-03   1.4297949e-03
   1.9134733e-01   1.4847187e-01   6.4241774e-01   7.4372351e-03  -6.6264019e-03   2.1314035e-03
   2.0913161e-01   1.4379933e-01   6.7546988e-01   7.8349879e-03  -6.3963408e-03   2.0105244e-03
   1.9735537e-01   1.5474825e-01   6.8486086e-01   7.7209987e-03  -6.8122990e-03   1.9983311e-03
   2.0250288e-01  -7.6919037e-03   6.2648547e-01   5.3960480e-03  -6.0872379e-03   2.5710702e-03
   2.1852180e-01   1.5876968e-01   7.1166405e-01   7.4249490e-03  -6.5862245e-03   1.8625116e-03
   2.0452583e-01   1.6290174e-01   7.4881218e-01   7.8701807e-03  -6.8084334e-03   1.8741400e-03
   2.0580627e-01   1.6922071e-01   7.5618762e-01   7.5624341e-03  -6.5582030e-03   2.1065092e-03
   1.9596018e-01   1.8275077e-01   7.6859319e-01   7.5992607e-03  -6.7358866e-03   2.2435688e-03
   2.1318784e-01   1.9520668e-01   7.9367421e-01   7.7792277e-03  -6.5948663e-03   2.2957594e-03
   2.0467155e-01   1.9514727e-01   7.6936077e-01   7.4621645e-03  -5.9650281e-03   2.3305770e-03
   1.8118237e-01   1.7338397e-01   7.8660126e-01   8.6180741e-03  -5.4724084e-03   1.8734489e-03
   2.2243370e-01   1.4955629e-01   7.7162242e-01   8.1314912e-03  -7.0411655e-03   2.3351132e-03
   2.3285531e-01   1.5905183e-01   8.0192110e-01   8.7740234e-03  -6.5784576e-03   2.2269269e-03
   2.2483624e-01   1.8247664e-01   8.3255513e-01   8.6983474e-03  -6.8474553e-03   2.1594057e-03
   2.3260885e-01   2.0029133e-01   8.6759163e-01   8.8541832e-03  -6.8022241e-03   2.0917929e-03
   2.4282341e-01   2.0230349e-01   8.9078973e-01   8.7330699e-03  -6.4622325e-03   2.2569270e-03
   2.1579460e-01   1.9715792e-01   9.0501472e-01   8.9873262e-03  -6.4270224e-03   2.6089602e-03
   2.1833706e-01   1.8714130e-01   8.8300407e-01   7.9797612e-03  -6.9536385e-03   2.4387824e-03
   2.2968294e-01   2.1435610e-01   9.0197925e-01   8.1881414e-03  -6.4410288e-03   2.4144466e-03
   2.4576034e-01   2.0592973e-01   9.1564849e-01   8.3579831e-03  -6.2253246e-03   2.3042658e-03
   2.4285518e-01   2.0300119e-01   9.3043306e-01   7.9608970e-03  -6.5592628e-03   2.3347921e-03
   2.4504942e-01   2.0292288e-01   9.3785583e-01   7.5252105e-03  -6.6600789e-03   2.3905826e-03
   2.2001442e-01   2.1398373e-01   9.7363360e-01   8.4870214e-03  -6.6843172e-03   2.5233621e-03
   2.3972982e-01   2.0947441e-01   9.9794398e-01   8.6369806e-03  -6.3874691e-03   2.3963732e-03
   2.3961585e-01   2.3438619e-01   9.9860088e-01   8.0742071e-03  -6.3222785e-03   2.3738511e-03
   2.3674696e-01   2.2336647e-01   1.0062815e+00   8.3043858e-03  -6.1189590e-03   2.4111653e-03
   2.2015799e-01   2.0431860e-01   1.0235519e+00   8.6305208e-03  -5.9881352e-03   3.0991711e-03
   2.2691315e-01   1.9642412e-01   1.0243031e+00   7.7967916e-03  -6.2924402e-03   2.6817055e-03
   2.4130249e-01   2.2633884e-01   1.0472917e+00   8.9878620e-03  -6.4189820e-03   2.3568353e-03
   2.4309523e-01   2.1699589e-01   1.0279943e+00   8.0273187e-03  -5.7170551e-03   2.5553435e-03
   2.4871603e-01   2.1568688e-01   1.0700535e+00   8.5077349e-03  -6.0700479e-03   2.5868729e-03
   2.4136737e-01   2.2762667e-01   1.0569333e+00   8.0648326e-03  -6.0391961e-03   2.5150408e-03
   2.3408343e-01   2.3032617e-01   1.0581229e+00   8.0365724e-03  -5.9166750e-03   3.1057964e-03
   2.4649098e-01   2.5180763e-01   1.0857746e+00   8.3118374e-03  -5.9414923e-03   2.4393096e-03
   2.3468611e-01   2.4182400e-01   1.1014234e+00   8.0513852e-03  -6.5697352e-03   2.6159709e-03
   2.3809482e-01   2.3354409e-01   1.1200359e+00   8.1645772e-03  -5.5076900e-03   3.0791737e-03
   2.3675421e-01   2.1814914e-01   1.1405563e+00   8.3339701e-03  -6.0261739e-03   2.7309731e-03
   2.3791634e-01   2.5113080e-01   1.1449061e+00   8.2951710e-03  -6.6720405e-03   2.5492324e-03
   2.3765715e-01   2.5645505e-01   1.1478081e+00   8.2436731e-03  -5.0732478e-03   2.8351476e-03
   2.3703043e-01   2.7168935e-01   1.1467856e+00   7.8591513e-03  -5.6507888e-03   2.5418149e-03
   2.5577194e-01   2.6394309e-01   1.1732315e+00   7.9737003e-03  -6.1271363e-03   2.2380128e-03
   2.4882779e-01   2.6962614e-01   1.2120147e+00   8.6700426e-03  -6.2481656e-03   2.5545020e-03
   2.3499386e-01   2.6406838e-01   1.2166621e+00   8.2629289e-03  -6.1504674e-03   2.5678482e-03
   2.5485397e-01   2.5410633e-01   1.2409409e+00   8.4223008e-03  -5.6907377e-03   2.7266676e-03
   2.5202036e-01   2.8109295e-01   1.2280037e+00   8.0770771e-03  -5.7033542e-03   2.5794676e-03
   2.4079452e-01   2.7886649e-01   1.2122813e+00   9.0497689e-03  -5.5226087e-03   2.1551895e-03
   2.3139862e-01   2.6283835e-01   1.2217461e+00   7.7357677e-03  -5.9532526e-03   2.8524954e-03
   2.4166237e-01   2.7895699e-01   1.2661248e+00   8.4471782e-03  -5.5674905e-03   2.8015357e-03
   2.4341985e-01   2.9392630e-01   1.2929919e+00   8.6327931e-03  -5.8973197e-03   2.7924492e-03
   2.4230063e-01   2.5928148e-01   1.2691459e+00   8.5626214e-03  -4.3923087e-03   2.0698384e-03
   2.4720921e-01   2.9620296e-01   1.2565263e+00   8.8041615e-03  -3.4658811e-03   3.0858602e-03
   2.9195165e-01   2.1737853e-01   1.1361712e+00   1.0799176e-02  -2.9271465e-03   2.2192609e-03
   3.0710506e-01   2.1924229e-01   1.1893787e+00   8.9330041e-03  -4.3646102e-03   2.1171107e-03
   2.5196183e-01   2.6500369e-01   1.1190076e+00   8.5767794e-03  -4.4324381e-03   4.0844213e-03
   2.6069399e-01   2.7183138e-01   1.1418862e+00   7.5638443e-03  -5.7583361e-03   3.0837313e-03
   2.5354810e-01   3.3045609e-01   1.2153907e+00   1.0969078e-02  -5.9004645e-03   2.8936891e-03
   2.7570694e-01   3.2514095e-01   1.2588330e+00   1.1524831e-02  -5.2407700e-03   2.6862703e-03
   2.7349258e-01   3.1525481e-01   1.2608111e+00   1.1066892e-02  -5.0590195e-03   2.9739462e-03
   2.8496637e-01   3.1931704e-01   1.3045355e+00   1.0349089e-02  -5.6898258e-03   2.4622158e-03
   2.8031952e-01   2.9571933e-01   1.3273324e+00   9.4636275e-03  -5.7291221e-03   2.7023469e-03
   3.0796853e-01   2.8891231e-01   1.3283037e+00   8.6143635e-03  -6.0745698e-03   2.4785244e-03
   2.9775666e-01   3.2504759e-01   1.3661272e+00   8.9897523e-03  -6.1737918e-03   2.4196045e-03
   2.8674353e-01   3.2809200e-01   1.3979680e+00   9.2902821e-03  -6.5342252e-03   2.6101098e-03
   2.9103026e-01   3.0977866e-01   1.3958593e+00   8.6731612e-03  -6.9674038e-03   2.2800733e-03
   2.9744770e-01   3.2419791e-01   1.4192997e+00   8.4595339e-03  -6.3766219e-03   2.5277932e-03
   3.0197949e-01   3.3457098e-01   1.4109471e+00   8.1036171e-03  -6.3877075e-03   2.6213903e-03
   2.9756298e-01   3.2725055e-01   1.4512022e+00   8.8950012e-03  -6.4579188e-03   2.4941629e-03
   3.0295913e-01   3.1519316e-01   1.4466954e+00   8.6752799e-03  -6.2883535e-03   2.4350910e-03
   2.9082778e-01   3.1160061e-01   1.4594640e+00   8.3029078e-03  -6.4856880e-03   2.8537668e-03
   2.9767872e-01   3.3557096e-01   1.5057451e+00   9.1516929e-03  -6.2196496e-03   2.7306742e-03
   2.9878790e-01   3.3891826e-01   1.4921245e+00   8.8205801e-03  -6.6459305e-03   2.5445700e-03
   2.9594553e-01   3.1920738e-01   1.5014314e+00   8.7262104e-03  -6.6518980e-03   2.7828541e-03
   3.0408202e-01   3.3991721e-01   1.5296057e+00   9.4721194e-03  -6.6081607e-03   2.9541920e-03
   2.9598639e-01   3.1915183e-01   1.5379653e+00   9.1081983e-03  -6.6130942e-03   2.5822637e-03
   2.8991622e-01   3.1664121e-01   1.5517102e+00   8.6885079e-03  -6.0756239e-03   3.1967703e-03
   3.1222860e-01   3.1549875e-01   1.5694279e+00   8.9717179e-03  -6.1162034e-03   2.8557924e-03
   2.9959332e-01   3.3398578e-01   1.5807106e+00   9.0350108e-03  -6.1187517e-03   2.8958027e-03
   3.0132218e-01   3.2870619e-01   1.5911265e+00   9.0654439e-03  -6.2169163e-03   3.1418622e-03
   3.0711216e-01   3.1998048e-01   1.6092744e+00   9.0183261e-03  -6.1098198e-03   2.8225904e-03
   3.0832529e-01   3.3727886e-01   1.6191906e+00   8.9476070e-03  -6.1405008e-03   2.8748395e-03
   3.0633387e-01   3.4844480e-01   1.6263052e+00   8.9633184e-03  -6.3991193e-03   2.4682301e-03
   3.0007914e-01   3.4403176e-01   1.6353876e+00   8.4734590e-03  -6.3378099e-03   3.3012409e-03
   3.1068808e-01   3.5396509e-01   1.6570521e+00   8.7196687e-03  -6.5549868e-03   2.7812221e-03
   2.9378079e-01   3.3851273e-01   1.6589251e+00   9.6644062e-03  -4.8259808e-03   2.4320786e-03
   2.9712896e-01   3.6766186e-01   1.6784545e+00   1.0610536e-02  -5.5751857e-03   2.8887546e-03
   3.0279875e-01   3.0573942e-01   1.6571102e+00   8.7631885e-03  -6.2811282e-03   2.6927880e-03
   3.1905914e-01   3.1964582e-01   1.7114652e+00   9.6852141e-03  -6.3333085e-03   2.5899481e-03
   3.1793395e-01   3.6577083e-01   1.7332617e+00   9.8997696e-03  -6.5168155e-03   2.6759404e-03
   3.2915895e-01   3.5077425e-01   1.7299511e+00   9.1125702e-03  -6.4488927e-03   2.3360310e-03
   3.2945065e-01   3.5033509e-01   1.7229482e+00   9.0781180e-03  -6.3528245e-03   2.5185439e-03
   3.0702902e-01   3.5066930e-01   1.7503924e+00   9.3430181e-03  -6.4175100e-03   3.2556852e-03
   3.2564927e-01   3.6870919e-01   1.7261684e+00   8.7952766e-03  -6.4124759e-03   2.5186591e-03
   3.1659915e-01   3.7666761e-01   1.7780252e+00   9.4091940e-03  -6.3046923e-03   2.8475296e-03
   3.1841026e-01   3.7406916e-01   1.7873700e+00   9.4458834e-03  -6.1171515e-03   2.6064463e-03
   3.1366600e-01   3.5485418e-01   1.8150084e+00   9.8787457e-03  -6.4859969e-03   2.9674029e-03
   3.2231391e-01   3.8518771e-01   1.7936716e+00   8.4785287e-03  -5.8334472e-03   2.6906480e-03
   3.1979465e-01   3.8207470e-01   1.8272538e+00   9.4497489e-03  -6.0348167e-03   2.7719574e-03
   3.1318403e-01   3.6755095e-01   1.8304250e+00   9.0104202e-03  -6.7164758e-03   2.9411493e-03
   3.2513338e-01   3.7206571e-01   1.8559954e+00   9.4414223e-03  -5.7731905e-03   2.7293774e-03
   3.3198525e-01   3.7678506e-01   1.8677624e+00   9.1764523e-03  -6.2090104e-03   2.7753368e-03
   3.1928453e-01   3.8257836e-01   1.9013784e+00   9.6127528e-03  -6.6059470e-03   2.6819934e-03
   3.1043315e-01   3.9692158e-01   1.9161261e+00   9.4692288e-03  -6.8502172e-03   2.9036561e-03
   3.4164257e-01   3.8488320e-01   1.8921121e+00   8.5727488e-03  -6.5031793e-03   2.5355360e-03
   3.4069069e-01   4.1163114e-01   1.9201119e+00   9.6297446e-03  -6.3716164e-03   2.6159828e-03
   3.2020259e-01   4.0911344e-01   1.9468178e+00   9.3781486e-03  -6.5314570e-03   2.9878800e-03
   3.2219763e-01   4.2511448e-01   1.9867856e+00   9.6063446e-03  -6.1714639e-03   3.0385741e-03
   3.3164356e-01   3.9330984e-01   1.9485228e+00   8.4389345e-03  -6.2919411e-03   3.0402759e-03
   3.1466268e-01   3.9386974e-01   1.9735805e+00   9.1630661e-03  -5.9935678e-03   3.2716050e-03
   3.3159902e-01   4.2203883e-01   1.9840663e+00   8.7519960e-03  -5.6141267e-03   2.6490619e-03
   3.3159185e-01   4.0279990e-01   1.9892254e+00   1.0456040e-02  -6.5293987e-03   2.0582133e-03
   3.3457601e-01   3.5556094e-01   1.9895642e+00   9.0809450e-03  -6.9096325e-03   2.3606102e-03
   3.1719904e-01   3.6889073e-01   1.9789977e+00   9.9025801e-03  -6.5979729e-03   2.0226076e-03
   3.0108147e-01   4.0396128e-01   1.9208733e+00   7.8818725e-03  -6.2809232e-03   2.7735469e-03
   3.1112570e-01   4.3963053e-01   1.8873688e+00   1.2493190e-02  -4.7487726e-03   1.7888617e-03
   3.4919039e-01   3.9753836e-01   1.8841766e+00   1.0480229e-02  -4.8913492e-03   2.5794213e-03
   3.4838238e-01   3.9784561e-01   1.9313804e+00   1.0638428e-02  -4.8493050e-03   2.9258153e-03
   3.4959544e-01   3.9464346e-01   2.0083915e+00   1.0043878e-02  -5.8096347e-03   1.9419029e-03
   3.4026603e-01   4.0700823e-01   2.0822383e+00   1.0139851e-02  -5.7603920e-03   2.1267138e-03
   3.4472049e-01   5.1216721e-01   2.1146695e+00   1.0016119e-02  -6.0930797e-03   2.2157025e-03
   3.4178872e-01   4.3095342e-01   2.1408797e+00   9.9055199e-03  -5.4606351e-03   2.2203215e-03
   3.5422765e-01   4.5014563e-01   2.1546647e+00   9.9947825e-03  -5.5452757e-03   2.1123994e-03
   3.5993861e-01   4.2506906e-01   2.1413420e+00   9.6628357e-03  -5.7530729e-03   2.3851936e-03
   3.2353147e-01   4.6487834e-01   2.1832851e+00   9.6096933e-03  -6.5091089e-03   2.4915775e-03
   3.4419923e-01   4.5032401e-01   2.2044468e+00   9.2753326e-03  -6.2898266e-03   1.9049902e-03
   3.3451727e-01   4.4464339e-01   2.2112390e+00   9.5941312e-03  -6.0225984e-03   2.5523273e-03
   3.3057057e-01   4.6096289e-01   2.2322905e+00   9.1108469e-03  -6.0825457e-03   2.6445176e-03
   3.3725515e-01   4.4894262e-01   2.2529161e+00   9.2275838e-03  -5.6629954e-03   2.2525324e-03
   3.3202627e-01   4.6406561e-01   2.2630225e+00   9.3172630e-03  -6.5903204e-03   2.4837755e-03
   3.2443407e-01   4.5082374e-01   2.2445255e+00   1.0757662e-02  -5.6778873e-03   2.6368661e-03
   3.3418774e-01   4.6978512e-01   2.2704299e+00   9.6121467e-03  -5.9844717e-03   2.5526131e-03
   3.4711252e-01   4.5892186e-01   2.2786734e+00   9.4622046e-03  -5.8725526e-03   2.5105563e-03
   3.3489080e-01   4.6632024e-01   2.2882661e+00   9.1043187e-03  -6.0944873e-03   2.6226305e-03
   3.4317950e-01   4.5658396e-01   2.3102285e+00   9.5693754e-03  -6.0656502e-03   2.2626097e-03
   3.4080021e-01   4.8207031e-01   2.3465865e+00   9.9584922e-03  -6.2668682e-03   2.3401383e-03
   3.4806455e-01   4.6295030e-01   2.3330476e+00   9.8759188e-03  -5.8231566e-03   2.2894558e-03
   3.3295803e-01   4.7066019e-01   2.3130189e+00   8.9492002e-03  -6.2395250e-03   2.7398224e-03
   3.3497107e-01   4.8442417e-01   2.2810284e+00   8.9967151e-03  -5.3064421e-03   2.7093080e-03
   3.5944039e-01   3.2002003e-01   2.1761793e+00   8.1819617e-03  -4.0158229e-03   2.7328281e-03
   3.4463160e-01   4.3113817e-01   2.1847950e+00   6.2052062e-03  -5.3965360e-03   2.7268772e-03
   2.9717177e-01   3.4250590e-01   2.3123194e+00   8.6516202e-04  -5.7133422e-03  -5.9914478e-04
   3.2024849e-01   3.8326643e-01   2.3810070e+00   5.3086744e-03  -5.9047856e-03   2.5745921e-03
   3.3060583e-01   4.2175540e-01   2.4406274e+00   6.3228393e-03  -6.0273822e-03   2.6469026e-03
   3.2260638e-01   4.6457431e-01   2.4835129e+00   5.8324944e-03  -6.2386087e-03   2.7428172e-03
   3.5655520e-01   5.0223908e-01   2.5109049e+00   5.9892119e-03  -6.2150081e-03   2.2890198e-03
   3.4586650e-01   4.6739387e-01   2.4881724e+00   5.5053739e-03  -5.7598075e-03   2.4905537e-03
   3.4784048e-01   4.6786912e-01   2.4862249e+00   5.1276983e-03  -6.3073780e-03   2.3719844e-03
   3.3632221e-01   4.9289229e-01   2.5036646e+00   5.5880597e-03  -6.3431208e-03   2.7225582e-03
   3.5573524e-01   4.8609815e-01   2.4876366e+00   4.5873002e-03  -5.9418066e-03   2.7597016e-03
   3.2221230e-01   4.8242964e-01   2.5187058e+00   4.6558513e-03  -6.3323987e-03   2.6879167e-03
   3.5419092e-01   4.9610586e-01   2.5477942e+00   5.4922209e-03  -6.1131416e-03   2.2431471e-03
   3.5724925e-01   4.5584549e-01   2.5383364e+00   4.7098126e-03  -5.9337182e-03   2.7744451e-03
   3.6002410e-01   4.8830574e-01   2.5750806e+00   5.4329216e-03  -6.2301463e-03   2.2124421e-03
   3.5917729e-01   4.9734184e-01   2.5738530e+00   4.8211527e-03  -6.1648938e-03   2.4587244e-03
   3.4109047e-01   4.7984726e-01   2.6229843e+00   5.6332188e-03  -6.4219955e-03   2.8524583e-03
   3.5621402e-01   4.8719247e-01   2.6475556e+00   6.1162182e-03  -6.5490111e-03   2.3794713e-03
   3.4607499e-01   5.1003416e-01   2.6357269e+00   5.0995552e-03  -5.8928727e-03   2.6866802e-03
   3.4626136e-01   4.8562833e-01   2.6265319e+00   5.2512795e-03  -5.5205238e-03   2.9545887e-03
   3.4171737e-01   4.8316966e-01   2.6389768e+00   5.1922001e-03  -5.8200225e-03   2.8491142e-03
   3.3786949e-01   4.8410909e-01   2.7016131e+00   6.1252684e-03  -5.7208393e-03   2.5043233e-03
   3.5026035e-01   5.0517411e-01   2.6631501e+00   5.1162125e-03  -6.1126835e-03   2.6011096e-03
   3.5379005e-01   4.8838996e-01   2.6791575e+00   5.4595816e-03  -5.8950378e-03   2.8620552e-03
   3.5392543e-01   5.1984028e-01   2.7101472e+00   5.8638430e-03  -6.2023750e-03   2.5483993e-03
   3.5560135e-01   5.2329779e-01   2.7308437e+00   5.8159816e-03  -6.0265695e-03   2.4624193e-03
   3.5046340e-01   5.1086549e-01   2.7509022e+00   5.9127125e-03  -6.1889098e-03   2.9694003e-03
   3.5711943e-01   4.9695224e-01   2.7353468e+00   5.5864240e-03  -5.6708971e-03   2.7694620e-03
   3.5796223e-01   5.0731958e-01   2.7581203e+00   5.7997706e-03  -5.7131671e-03   2.5885639e-03
   3.5938585e-01   5.3009256e-01   2.7923665e+00   6.8881183e-03  -5.7119800e-03   2.5302674e-03
   3.5422485e-01   5.2655064e-01   2.8111187e+00   7.4300154e-03  -5.5224130e-03   2.5444268e-03
   3.3843914e-01   5.2294005e-01   2.8108624e+00   5.9992921e-03  -6.4214921e-03   2.5330646e-03
   3.6246883e-01   5.2000273e-01   2.8678585e+00   6.5846560e-03  -5.7516299e-03   2.3672201e-03
   3.7043032e-01   5.5158181e-01   2.8940878e+00   6.6712291e-03  -5.8772794e-03   2.5861151e-03
   3.6623789e-01   5.3619140e-01   2.8988887e+00   6.5215580e-03  -5.9186953e-03   2.2712351e-03
   3.7597515e-01   5.2871722e-01   2.9013701e+00   6.1760626e-03  -5.8891268e-03   2.3356240e-03
   3.6557998e-01   5.2531534e-01   2.9096809e+00   6.0018357e-03  -5.5574627e-03   2.4683075e-03
   3.8500499e-01   5.3133079e-01   2.9226322e+00   6.0313947e-03  -5.4451327e-03   2.4189690e-03
   3.8122106e-01   5.3776234e-01   2.9218906e+00   5.7554734e-03  -5.6299747e-03   2.5236341e-03
   3.6171304e-01   5.6939634e-01   2.9513358e+00   5.9800458e-03  -5.9573504e-03   2.5912440e-03
   3.7704134e-01   5.6227533e-01   2.9501843e+00   5.8087831e-03  -6.2615088e-03   2.0569469e-03
   3.7404212e-01   5.7231363e-01   2.9555332e+00   5.8002506e-03  -6.1755417e-03   2.4181584e-03
   3.6704474e-01   5.6036404e-01   2.9786061e+00   5.8814512e-03  -6.0112589e-03   2.3821064e-03
   3.6772847e-01   5.5632236e-01   3.0090664e+00   6.3743526e-03  -5.7864846e-03   2.5520308e-03
   3.7074530e-01   5.7576483e-01   3.0140263e+00   6.5753520e-03  -5.8673035e-03   2.4671052e-03
   3.6089293e-01   5.6689433e-01   3.0194463e+00   5.7866827e-03  -5.8465854e-03   2.9565486e-03
   3.9060755e-01   5.7762080e-01   3.0357483e+00   5.5639600e-03  -5.9098244e-03   2.1194816e-03
   3.8046671e-01   5.7890426e-01   3.0303495e+00   5.2070181e-03  -5.6313146e-03   2.5337441e-03
   3.7321281e-01   5.7421512e-01   3.0478452e+00   5.4751953e-03  -5.7288902e-03   2.4980184e-03
   3.7092631e-01   5.8286346e-01   3.0681400e+00   5.9680483e-03  -5.8854314e-03   2.5269378e-03
   3.6248603e-01   5.9168469e-01   3.1062781e+00   6.7613829e-03  -5.7087141e-03   2.7230928e-03
   3.7024935e-01   5.7885593e-01   3.1057108e+00   6.3744189e-03  -5.8161920e-03   2.6680350e-03
   3.5848475e-01   6.0657461e-01   3.1377062e+00   6.3952148e-03  -5.4867836e-03   3.1616242e-03
   3.7678236e-01   5.9073176e-01   3.1301380e+00   6.2150669e-03  -5.3884108e-03   2.4605462e-03
   3.8404555e-01   5.7501613e-01   3.1602305e+00   6.3999207e-03  -5.4683897e-03   2.7261912e-03
   3.6445250e-01   5.8664689e-01   3.1693311e+00   5.8274336e-03  -5.7301713e-03   3.0250783e-03
   3.7120612e-01   5.6881832e-01   3.1579299e+00   5.6929565e-03  -5.8966888e-03   2.7770484e-03
   3.6896343e-01   5.8501471e-01   3.1930884e+00   6.1837494e-03  -5.1285608e-03   2.8080376e-03
   3.8335556e-01   5.7215334e-01   3.1769274e+00   5.7150830e-03  -5.8988264e-03   2.4255532e-03
   3.6029416e-01   5.8491024e-01   3.2223881e+00   6.3327099e-03  -6.0150571e-03   2.7017451e-03
   3.8182768e-01   5.7730094e-01   3.2384256e+00   6.2289350e-03  -5.5775711e-03   2.8651558e-03
   3.9311729e-01   5.8230838e-01   3.2134757e+00   5.5158442e-03  -5.4463788e-03   2.7089374e-03
   3.6172295e-01   6.1283231e-01   3.2604523e+00   6.7249256e-03  -5.7606690e-03   2.5281626e-03
   3.8758501e-01   6.1029479e-01   3.2340054e+00   5.3235680e-03  -5.6561148e-03   2.6018981e-03
   3.8735274e-01   6.0567739e-01   3.2766247e+00   6.3138295e-03  -5.4266498e-03   2.2911724e-03
   3.7259542e-01   5.9402242e-01   3.2854652e+00   6.4156502e-03  -5.7867901e-03   2.6276847e-03
   3.7894258e-01   6.1117353e-01   3.3035423e+00   6.2542734e-03  -5.7308975e-03   2.7734968e-03
   3.6732441e-01   6.0036481e-01   3.2952313e+00   7.3482153e-03  -6.1795220e-03   1.9523839e-03
   3.7924619e-01   5.6686027e-01   3.2916822e+00   6.3184456e-03  -6.4606599e-03   2.2582765e-03
   3.7861870e-01   5.4097894e-01   3.3080386e+00   6.6830911e-03  -6.5738362e-03   2.4428386e-03
   3.7742627e-01   5.6851945e-01   3.3542336e+00   6.9096806e-03  -6.3219175e-03   2.7076431e-03
   3.7891498e-01   5.9590271e-01   3.3764469e+00   7.0857974e-03  -5.9284761e-03   2.7194968e-03
   3.7411774e-01   6.2767299e-01   3.3963032e+00   7.1106996e-03  -6.3932683e-03   2.5667997e-03
   3.8863983e-01   6.3040002e-01   3.3744703e+00   6.7575068e-03  -6.4162424e-03   2.7195177e-03
   3.7958457e-01   6.3722739e-01   3.3899540e+00   6.1226794e-03  -6.3937802e-03   2.4923445e-03
   3.7681177e-01   6.3417013e-01   3.4234506e+00   6.6759099e-03  -6.4635795e-03   2.4206199e-03
   3.7011047e-01   6.4260723e-01   3.4648301e+00   7.6273089e-03  -6.7917588e-03   2.8874859e-03
   3.7719488e-01   6.4217663e-01   3.4566510e+00   7.1305090e-03  -6.3626986e-03   2.7823905e-03
   3.4718887e-01   6.3674030e-01   3.4674961e+00   6.7901315e-03  -6.0314674e-03   2.9664390e-03
   3.7619733e-01   6.1785924e-01   3.4802309e+00   6.8513663e-03  -5.4991716e-03   2.4149418e-03
   3.6422013e-01   6.3092571e-01   3.4800875e+00   6.6919724e-03  -6.6514951e-03   2.6845443e-03
   3.8088645e-01   6.2221384e-01   3.5047787e+00   6.6407966e-03  -6.3418620e-03   2.8980804e-03
   3.7957914e-01   6.5008512e-01   3.5317878e+00   7.1373388e-03  -6.1988111e-03   2.6562570e-03
   3.9196194e-01   6.4002820e-01   3.5310969e+00   6.4920493e-03  -5.6460023e-03   2.3636842e-03
   3.8927509e-01   6.6001081e-01   3.5687608e+00   7.5641827e-03  -6.1313039e-03   2.5048913e-03
   3.8179324e-01   6.4157223e-01   3.5648450e+00   7.1167175e-03  -5.7234796e-03   2.7373037e-03
   3.7130401e-01   6.4636565e-01   3.5804928e+00   6.9514826e-03  -6.2762368e-03   2.8435918e-03
   3.7575669e-01   6.2148391e-01   3.6010780e+00   6.7720881e-03  -5.9142411e-03   2.5917728e-03
   3.8758395e-01   6.5331667e-01   3.6267738e+00   7.1310425e-03  -5.5012827e-03   2.7338651e-03
   3.7878116e-01   6.6444110e-01   3.6564763e+00   6.7595262e-03  -5.3424436e-03   2.9411878e-03
   3.2571281e-01   4.8256858e-01   3.6736544e+00   8.8437059e-03  -6.4978396e-03   4.1246604e-03
   3.8353655e-01   6.6461346e-01   3.6545983e+00   7.3802960e-03  -5.6847892e-03   2.6690779e-03
   3.7966297e-01   6.6582744e-01   3.6740217e+00   7.7687659e-03  -5.4073219e-03   2.6983946e-03
   4.0333070e-01   6.3051977e-01   3.6409625e+00   6.6946935e-03  -4.9005195e-03   2.2927920e-03
   4.0543998e-01   6.4342192e-01   3.6130567e+00   7.4903892e-03  -3.5354799e-03   3.6563745e-03
   3.8644861e-01   6.0736296e-01   3.5288976e+00   6.8626229e-03  -3.3982592e-03   4.1063449e-03
   3.9900455e-01   6.3457154e-01   3.6033137e+00   9.2284172e-03  -4.6925207e-03   2.7040502e-03
   4.1402841e-01   6.7714071e-01   3.6216052e+00   8.0996852e-03  -5.0027578e-03   2.4163705e-03
   4.1805163e-01   6.6393667e-01   3.7066946e+00   8.3536146e-03  -4.4407404e-03   2.6311799e-03
   4.2318775e-01   6.9703852e-01   3.7326455e+00   8.0432302e-03  -4.5325560e-03   2.4872704e-03
   4.2500959e-01   7.1564981e-01   3.8189415e+00   8.5597407e-03  -4.8639137e-03   1.9355915e-03
   4.2096000e-01   7.1415582e-01   3.8011628e+00   7.5443034e-03  -5.1114196e-03   2.0329424e-03
   4.1305433e-01   7.1780968e-01   3.8374464e+00   8.1968345e-03  -5.3157023e-03   2.2614600e-03
   4.1257134e-01   7.1858868e-01   3.8389136e+00   7.8581752e-03  -5.2954192e-03   2.2374611e-03
   4.2672451e-01   7.1437465e-01   3.8712728e+00   7.4950683e-03  -4.5895155e-03   2.5657961e-03
   4.3528348e-01   6.9839854e-01   3.8083820e+00   8.1205983e-03  -4.3595100e-03   2.0151288e-03
   4.2926567e-01   6.8742703e-01   3.8254100e+00   7.4873394e-03  -5.0609665e-03   2.1912593e-03
   3.9260451e-01   5.0384575e-01   3.7810696e+00   5.2986362e-03  -4.6895819e-03   4.0897389e-03
   4.0523538e-01   7.0161318e-01   3.8978584e+00   7.4405624e-03  -5.0695935e-03   2.6489604e-03
   4.2160042e-01   7.0603366e-01   3.9029060e+00   8.3401898e-03  -5.3268337e-03   2.0926122e-03
   4.1534330e-01   7.2506827e-01   3.9443995e+00   8.6787843e-03  -5.2857339e-03   2.5226198e-03
   4.1609372e-01   7.2876054e-01   3.9369476e+00   8.5153792e-03  -4.8981852e-03   2.6681271e-03
   4.2186007e-01   7.2336887e-01   3.9694606e+00   8.6187728e-03  -4.7292899e-03   2.1114884e-03
   4.0285964e-01   7.3278252e-01   3.9550903e+00   7.8591755e-03  -5.4609873e-03   2.5468898e-03
   4.1520281e-01   7.0642752e-01   3.9530528e+00   7.7535578e-03  -5.1569369e-03   2.3562183e-03
   4.1303472e-01   7.0310981e-01   4.0050362e+00   8.2515573e-03  -5.3271962e-03   2.7574451e-03
   4.0828155e-01   7.2380014e-01   4.0011273e+00   8.3832007e-03  -5.5392462e-03   2.4409858e-03
   4.1990072e-01   7.3666247e-01   4.0058664e+00   6.9281891e-03  -4.4674987e-03   2.8192377e-03
   4.0922879e-01   7.1124907e-01   4.0001983e+00   7.7580656e-03  -5.1099685e-03   2.5080979e-03
   4.0187734e-01   7.1001672e-01   4.0180561e+00   7.8320146e-03  -5.1696835e-03   2.9254908e-03
   4.0874639e-01   7.2366320e-01   4.0482550e+00   7.8561200e-03  -4.9115883e-03   2.5663880e-03
   4.1142392e-01   7.1236552e-01   4.0857413e+00   8.1970320e-03  -5.2000471e-03   2.4649149e-03
   4.2648640e-01   7.1467334e-01   4.0614604e+00   7.7543213e-03  -5.3524705e-03   2.4454679e-03
   4.1650010e-01   7.4952969e-01   4.1502125e+00   9.1063774e-03  -5.2588528e-03   2.5046010e-03
   4.2169229e-01   7.5679177e-01   4.1255310e+00   8.1922525e-03  -4.9264631e-03   2.5021631e-03
   4.2904733e-01   7.4226334e-01   4.1413038e+00   8.2813889e-03  -5.1581612e-03   2.6139985e-03
   4.1568800e-01   7.3254634e-01   4.1338653e+00   7.9987483e-03  -5.1821515e-03   2.7326852e-03
   4.0588873e-01   7.2398095e-01   4.1387196e+00   7.7111027e-03  -5.6798651e-03   2.6033699e-03
   4.0486119e-01   7.3570975e-01   4.1729931e+00   8.5093510e-03  -5.4801453e-03   2.7658854e-03
   4.0767380e-01   7.7090659e-01   4.1810701e+00   8.2809235e-03  -5.6532405e-03   2.6117680e-03
   4.2665484e-01   7.5061360e-01   4.1754798e+00   8.1226513e-03  -5.2781605e-03   2.7936099e-03
   4.1496864e-01   7.5072386e-01   4.2143913e+00   8.5756822e-03  -5.5491333e-03   2.6952980e-03
   4.1248697e-01   7.4428892e-01   4.2259422e+00   8.0182839e-03  -5.4831911e-03   2.6058655e-03
   4.1028899e-01   7.6093036e-01   4.2517749e+00   7.8802358e-03  -4.9912432e-03   2.7682950e-03
   4.0883591e-01   7.7456527e-01   4.2247439e+00   7.6168782e-03  -5.3730500e-03   2.9421461e-03
   4.0416160e-01   7.6630084e-01   4.2863278e+00   8.7642998e-03  -5.3102395e-03   3.0819172e-03
   4.1042985e-01   7.6839005e-01   4.2540676e+00   7.6320707e-03  -5.0711230e-03   2.9771160e-03
   4.1960931e-01   7.7281219e-01   4.2779476e+00   7.7753165e-03  -5.3374450e-03   2.9580599e-03
   4.1960907e-01   7.8395585e-01   4.3254960e+00   8.9197602e-03  -5.2560387e-03   2.6909079e-03
   4.2802648e-01   7.7716964e-01   4.3400156e+00   8.5743314e-03  -5.0558709e-03   2.4971333e-03
   4.1472600e-01   7.6527061e-01   4.3131713e+00   7.6282617e-03  -5.5040942e-03   2.7757235e-03
   4.0846390e-01   7.7235190e-01   4.3478651e+00   7.9045079e-03  -5.0161363e-03   2.8390708e-03
   4.1369830e-01   7.8669927e-01   4.3693044e+00   8.6245725e-03  -5.3239324e-03   2.8859007e-03
   4.2021982e-01   7.8083147e-01   4.3943853e+00   8.4880094e-03  -4.6465371e-03   2.7923939e-03
   4.3346250e-01   7.7146998e-01   4.3666700e+00   7.3567704e-03  -4.5974736e-03   2.5743922e-03
   4.2722243e-01   7.8573453e-01   4.3910151e+00   7.9331172e-03  -4.9505566e-03   3.0771814e-03
   4.0664737e-01   8.0590677e-01   4.4123734e+00   8.1191100e-03  -4.5971074e-03   3.0499952e-03
   4.1997994e-01   7.8111976e-01   4.4045909e+00   7.8386592e-03  -4.9879705e-03   2.9044764e-03
   4.3074549e-01   7.9821702e-01   4.4538447e+00   9.0902018e-03  -4.8539143e-03   2.6666710e-03
   4.2150291e-01   7.8732972e-01   4.4541497e+00   8.4568440e-03  -4.6994011e-03   2.8680341e-03
   4.3768998e-01   7.7965538e-01   4.4574418e+00   8.1021381e-03  -4.6785568e-03   2.9007786e-03
   4.2631998e-01   8.0087983e-01   4.4641581e+00   8.8778135e-03  -5.1394201e-03   2.8768671e-03
   4.1690732e-01   8.0278515e-01   4.4685165e+00   8.0356773e-03  -5.0752263e-03   3.0382431e-03
   4.3737496e-01   8.1227267e-01   4.4612297e+00   7.4918570e-03  -5.0773027e-03   2.6789721e-03
   4.3312910e-01   8.1497648e-01   4.4880389e+00   7.7468284e-03  -5.5368935e-03   2.4193745e-03
   4.1535088e-01   8.1952563e-01   4.5265557e+00   8.7435859e-03  -5.6131932e-03   2.9806992e-03
   4.0167039e-01   7.9521225e-01   4.5120577e+00   8.1109907e-03  -5.6773743e-03   2.9478884e-03
   3.0044771e-01   7.7495316e-01   4.4642670e+00   6.9164814e-03  -6.8079217e-03   2.3999919e-03
   3.0508153e-01   7.4214615e-01   4.4118167e+00   2.2234306e-03  -7.8742568e-03   2.4646129e-04
   4.0405214e-01   7.2107106e-01   4.3293364e+00   7.9776932e-03  -3.8185766e-03   3.4052844e-03
   4.0983045e-01   6.9028013e-01   4.4207663e+00   7.8806594e-03  -4.4127585e-03   3.3704371e-03
   3.8811081e-01   7.3361444e-01   4.4477988e+00   6.9231697e-03  -5.2857942e-03   3.8562797e-03
   4.1826334e-01   7.7156320e-01   4.5305843e+00   8.5797862e-03  -5.1270570e-03   3.0598879e-03
   4.1218551e-01   7.8222858e-01   4.5263183e+00   8.1616888e-03  -4.8739193e-03   3.2490990e-03
   4.2413992e-01   8.0613965e-01   4.5485135e+00   8.4086510e-03  -5.0853061e-03   2.9123463e-03
   4.0713207e-01   8.1634260e-01   4.5503080e+00   8.2895205e-03  -5.4294205e-03   3.1110966e-03
   4.2193668e-01   8.2575651e-01   4.5547615e+00   8.0830956e-03  -5.2524203e-03   2.8217502e-03
   4.2047536e-01   8.4027123e-01   4.5879062e+00   8.4852236e-03  -5.0654219e-03   2.8127318e-03
   4.1418545e-01   8.4269219e-01   4.5641466e+00   7.8602816e-03  -5.6066223e-03   3.0814494e-03
   4.2732517e-01   8.3213030e-01   4.5945359e+00   8.0961784e-03  -5.6336282e-03   2.5280447e-03
   4.1187207e-01   8.3565788e-01   4.6422451e+00   8.8195192e-03  -5.3097817e-03   2.9050092e-03
   4.1775731e-01   8.3270414e-01   4.6515523e+00   8.6069131e-03  -5.2548306e-03   2.7460854e-03
   4.2636922e-01   8.2034746e-01   4.6452733e+00   8.2284047e-03  -4.9714589e-03   2.7164966e-03
   4.2167705e-01   8.1076134e-01   4.6574029e+00   8.1229283e-03  -4.4885260e-03   2.9708129e-03
   4.3300199e-01   8.2539168e-01   4.7015205e+00   8.8530393e-03  -4.8930930e-03   2.6767022e-03
   4.2378280e-01   8.2634684e-01   4.6942883e+00   8.6529365e-03  -5.2004165e-03   2.7834949e-03
   4.1401688e-01   8.4830704e-01   4.7221309e+00   9.0561139e-03  -5.3284840e-03   2.9298584e-03
   4.2478819e-01   8.3665861e-01   4.7140846e+00   8.5578838e-03  -5.1042147e-03   2.8037388e-03
   4.1910501e-01   8.6477815e-01   4.7329816e+00   8.2458316e-03  -5.1759075e-03   2.6996128e-03
   4.3633727e-01   8.6762358e-01   4.7238508e+00   8.1795801e-03  -5.0022738e-03   2.6179178e-03
   4.2485507e-01   8.5250607e-01   4.7637500e+00   9.0481853e-03  -4.7565448e-03   3.0504607e-03
   4.2070743e-01   8.6421432e-01   4.8098476e+00   8.6284291e-03  -5.2507154e-03   2.8296307e-03
   3.8346633e-01   8.4842220e-01   4.7668856e+00   1.0802998e-02  -4.5401337e-03   1.2419431e-03
   4.2752848e-01   8.4465730e-01   4.7736151e+00   8.3969181e-03  -5.2999018e-03   2.4124265e-03
   4.3164491e-01   8.1464013e-01   4.7592846e+00   8.1934113e-03  -5.4165243e-03   2.6576836e-03
   4.3190307e-01   8.5436356e-01   4.8388449e+00   9.7624936e-03  -5.2424476e-03   2.7132863e-03
   4.2557146e-01   8.7560989e-01   4.8458377e+00   9.0873622e-03  -5.0518518e-03   2.9114136e-03
   4.2857328e-01   8.6441344e-01   4.8474010e+00   8.6395547e-03  -5.4214768e-03   2.8394706e-03
   4.4092326e-01   8.8093260e-01   4.8860945e+00   9.8797452e-03  -5.0528734e-03   2.5491748e-03
   4.4437439e-01   8.9979503e-01   4.9728568e+00   1.0995459e-02  -5.7320011e-03   2.0561893e-03
   4.3473825e-01   8.7163180e-01   4.7982713e+00   8.7744158e-03  -4.2400064e-03   1.3811535e-03
   4.9951155e-01   8.2753946e-01   4.7602606e+00   1.3173203e-02  -2.8722607e-03   2.8045775e-03
   4.5766436e-01   7.4890563e-01   4.6708710e+00   7.1524078e-03  -2.6949809e-03   2.4114424e-03
   4.2027548e-01   7.6750468e-01   4.8211229e+00   6.9760704e-03  -5.5164832e-03   3.0668847e-03
   4.2303479e-01   8.1404404e-01   4.8866294e+00   7.6918898e-03  -5.4843546e-03   3.1383054e-03
   4.4165584e-01   8.5866697e-01   4.9386156e+00   8.0617438e-03  -5.2186405e-03   3.0714493e-03
   4.1629965e-01   8.7542243e-01   4.9824581e+00   8.2510291e-03  -5.6276049e-03   2.9127549e-03
   4.4023211e-01   8.7500629e-01   4.9618957e+00   7.7521879e-03  -5.3965720e-03   2.9861813e-03
   4.3999240e-01   8.7927985e-01   4.9739755e+00   7.8048296e-03  -5.7199635e-03   2.6709374e-03
   4.4580098e-01   8.8947629e-01   4.9802866e+00   7.7026542e-03  -5.3216001e-03   2.5275929e-03
   3.9710586e-01   9.1796203e-01   4.8011869e+00   7.7752390e-03  -4.2222899e-03   2.1113116e-03
   3.2335104e-01   8.4445609e-01   4.2315150e+00   1.9050534e-02  -2.0459404e-03  -2.6344434e-04
   3.6226223e-01   8.3084573e-01   4.6873795e+00   8.9448123e-03  -1.2917002e-03  -1.0422464e-03
   2.6318533e-01   6.7480832e-01   4.5128526e+00   4.1793148e-03  -5.6674624e-03  -2.2123225e-03
   3.5088333e-01   7.6988189e-01   4.4700374e+00   1.8794334e-02  -7.2672683e-03   7.1495148e-04
   3.8991414e-01   7.8131701e-01   4.5305641e+00   1.5210038e-02  -7.7583977e-03   2.6727362e-03
   3.8894983e-01   8.3478509e-01   4.6255466e+00   1.5806705e-02  -7.2732953e-03   3.1929526e-03
   3.8578315e-01   8.8372014e-01   4.6693660e+00   1.5541362e-02  -7.8960887e-03   3.3490077e-03
   3.8610381e-01   8.7809800e-01   4.6915122e+00   1.4964152e-02  -8.0236261e-03   3.3652819e-03
   3.9132608e-01   8.9290940e-01   4.7123265e+00   1.4929739e-02  -7.8528727e-03   3.5133554e-03
   4.0383393e-01   8.8844022e-01   4.7170528e+00   1.4277348e-02  -7.7216061e-03   2.9720142e-03
   3.8797353e-01   8.9295794e-01   4.7074693e+00   1.3850280e-02  -7.7555590e-03   3.6691625e-03
   3.7670325e-01   8.9443710e-01   4.7397600e+00   1.5301054e-02  -8.5115419e-03   3.2860694e-03
   4.0304970e-01   8.9651510e-01   4.7798152e+00   1.5139875e-02  -8.2612083e-03   3.0584263e-03
   4.0325715e-01   9.2241601e-01   4.7966491e+00   1.5142163e-02  -8.2770473e-03   3.0388966e-03
   3.9531081e-01   9.2611634e-01   4.8070627e+00   1.4865793e-02  -8.3572240e-03   3.2284561e-03
   3.8910381e-01   8.9456069e-01   4.8141326e+00   1.4821559e-02  -8.2309577e-03   3.2359815e-03
   3.9533790e-01   9.0965169e-01   4.8372179e+00   1.5036391e-02  -7.7825671e-03   3.3361607e-03
   3.9401661e-01   9.1810966e-01   4.8582485e+00   1.5049227e-02  -8.2184721e-03   3.3530141e-03
   4.0457066e-01   8.9909491e-01   4.8582523e+00   1.4098126e-02  -7.9560883e-03   3.2606004e-03
   4.1856272e-01   9.2470134e-01   4.8896883e+00   1.4957333e-02  -7.4045806e-03   3.1970840e-03
   4.1008629e-01   9.1391179e-01   4.8992247e+00   1.4388911e-02  -8.4914291e-03   2.8760801e-03
   4.1715965e-01   9.2702195e-01   4.9164043e+00   1.4821876e-02  -7.8193704e-03   3.5125195e-03
   4.2169705e-01   9.2166122e-01   4.9182707e+00   1.4637075e-02  -7.9837661e-03   3.0369069e-03
   4.0852232e-01   9.2244161e-01   4.9458659e+00   1.4804012e-02  -7.9703924e-03   3.3030403e-03
   4.1922298e-01   9.3511910e-01   4.9443278e+00   1.4754097e-02  -8.1201896e-03   3.2553851e-03
   4.0564061e-01   9.2178116e-01   4.9156512e+00   1.3889785e-02  -8.0846078e-03   3.5107698e-03
   4.1387100e-01   9.2389757e-01   4.9328872e+00   1.4727620e-02  -7.8040827e-03   3.0324603e-03
   3.8839557e-01   9.0810120e-01   4.9104363e+00   1.4238872e-02  -8.4624387e-03   3.1487842e-03
   3.9930072e-01   9.1341775e-01   4.9104384e+00   1.4751694e-02  -8.2930584e-03   2.8234306e-03
   3.5484735e-01   9.0841983e-01   4.9012658e+00   1.4440211e-02  -8.7459341e-03   3.7053146e-03
   3.6964219e-01   8.5182007e-01   5.1172243e+00   7.2871880e-03  -6.7152812e-03   2.4347319e-03
   3.4729848e-01   7.2972964e-01   5.2203076e+00   4.6379350e-04  -7.9102769e-03   5.0648682e-03
   3.9696973e-01   7.8418961e-01   5.2098402e+00   4.2497447e-03  -7.5827556e-03   4.1122814e-03
   4.2097119e-01   8.0152821e-01   5.2347772e+00   5.8534231e-03  -7.9942504e-03   3.7987987e-03
   4.1070880e-01   8.5106032e-01   5.3194720e+00   6.4114943e-03  -8.1476395e-03   3.9569512e-03
   4.0909931e-01   9.0372449e-01   5.3817641e+00   7.0630227e-03  -8.2251074e-03   4.0181926e-03
   4.0811025e-01   9.1542706e-01   5.4002736e+00   6.8007763e-03  -8.3026097e-03   4.1513094e-03
   4.1740348e-01   9.4176784e-01   5.3723269e+00   5.9345756e-03  -8.3999366e-03   3.9041680e-03
   4.0570624e-01   9.3192259e-01   5.3655465e+00   6.1917415e-03  -8.8220009e-03   3.7172158e-03
   4.0493896e-01   9.2650616e-01   5.3748044e+00   5.9585085e-03  -8.6582387e-03   4.0301622e-03
   4.0223278e-01   9.2838870e-01   5.3901278e+00   6.1341499e-03  -8.7195336e-03   3.9568823e-03
   3.9604060e-01   9.4645797e-01   5.4170095e+00   6.4401234e-03  -8.4470791e-03   3.9189574e-03
   4.0674684e-01   9.2370856e-01   5.4521837e+00   6.8230054e-03  -8.3166781e-03   3.7836903e-03
   4.0575545e-01   9.2655479e-01   5.4458049e+00   6.9999186e-03  -8.4305751e-03   3.8249144e-03
   4.1808115e-01   9.2226219e-01   5.4570536e+00   6.6443831e-03  -8.2899140e-03   3.9530420e-03
   4.1061506e-01   9.0560238e-01   5.4640081e+00   6.5406357e-03  -8.0681240e-03   4.2472484e-03
   4.1401600e-01   9.2721808e-01   5.4823321e+00   6.7634009e-03  -7.9557852e-03   4.3171184e-03
   4.1572282e-01   9.3281809e-01   5.5035052e+00   7.0819042e-03  -7.9267614e-03   3.9581391e-03
   4.1697753e-01   9.3877350e-01   5.4924397e+00   6.5829934e-03  -8.4384996e-03   3.7169478e-03
   4.1909217e-01   9.4893823e-01   5.5406017e+00   7.3716398e-03  -8.2666090e-03   3.6318323e-03
   4.2249529e-01   9.3698249e-01   5.5316745e+00   7.2280260e-03  -8.1507500e-03   3.8132046e-03
   4.2894054e-01   9.3368375e-01   5.5246171e+00   6.2983474e-03  -8.2670425e-03   3.8422844e-03
   4.3275602e-01   9.5007314e-01   5.5657259e+00   7.4661557e-03  -7.7451800e-03   3.8304195e-03
   4.1662710e-01   9.4394910e-01   5.5598775e+00   7.5879790e-03  -8.5772923e-03   3.9779441e-03
   4.2491699e-01   9.2669117e-01   5.5792240e+00   8.4939652e-03  -8.4864481e-03   3.3189844e-03
   4.3002015e-01   9.1273837e-01   5.5754158e+00   7.2062604e-03  -8.1134046e-03   3.9723747e-03
   4.3490914e-01   9.0114420e-01   5.5662492e+00   6.4825923e-03  -8.5608309e-03   3.7768780e-03
   4.3166543e-01   9.4533462e-01   5.6336447e+00   7.8613655e-03  -8.0261967e-03   3.9657300e-03
   4.3225036e-01   9.3726654e-01   5.6390077e+00   6.9234254e-03  -8.6171371e-03   4.2302840e-03
   4.4371599e-01   9.4423345e-01   5.6507272e+00   6.9984953e-03  -8.3882511e-03   3.9481224e-03
   4.4781825e-01   9.6346750e-01   5.6374437e+00   7.1692322e-03  -8.0942206e-03   4.1499527e-03
   4.5438038e-01   9.6370319e-01   5.6371318e+00   6.7240691e-03  -8.2271224e-03   3.7312376e-03
   4.3487806e-01   9.7182711e-01   5.6553650e+00   6.8144927e-03  -8.3740236e-03   4.1950545e-03
   4.2832429e-01   9.7050958e-01   5.6604900e+00   6.9943181e-03  -8.3036655e-03   3.9430826e-03
   4.1327325e-01   9.6496359e-01   5.6806642e+00   6.7320185e-03  -8.7462948e-03   4.1504130e-03
   4.1609380e-01   9.8682860e-01   5.7088988e+00   7.4241596e-03  -8.5697198e-03   4.2184891e-03
   4.5055632e-01   9.6338498e-01   5.7133105e+00   7.7004374e-03  -7.6875532e-03   3.9406192e-03
   4.3882073e-01   9.4635253e-01   5.7077727e+00   6.8279654e-03  -8.4176588e-03   4.0771410e-03
   4.2937733e-01   9.3510065e-01   5.7159693e+00   7.0125539e-03  -8.3309574e-03   4.4446019e-03
   4.1875861e-01   9.5886168e-01   5.7660109e+00   7.5447415e-03  -7.9637461e-03   4.2033406e-03
   4.3358731e-01   9.6711859e-01   5.7247074e+00   8.3944626e-03  -7.7243510e-03   4.3223371e-03
   4.3517289e-01   9.5089250e-01   5.7803007e+00   8.0540972e-03  -8.0548491e-03   3.5267351e-03
   4.2187293e-01   9.3398323e-01   5.7324165e+00   7.4288774e-03  -7.8125443e-03   3.6194935e-03
   4.1998124e-01   9.8682719e-01   5.6921305e+00   7.6730170e-03  -7.0242106e-03   4.3514757e-03
   4.0729752e-01   1.0066107e+00   5.5839398e+00   8.0832576e-03  -5.7715003e-03   4.5285311e-03
   4.2194198e-01   1.0113920e+00   5.6599443e+00   9.6043168e-03  -6.6672127e-03   4.1833410e-03
   4.4201624e-01   1.0027699e+00   5.7327754e+00   8.0261670e-03  -7.0165839e-03   3.8692913e-03
   4.4311555e-01   1.0101072e+00   5.7637092e+00   7.8177678e-03  -7.5251586e-03   3.9392411e-03
   4.3786257e-01   1.0057901e+00   5.7717062e+00   7.2375403e-03  -7.8122245e-03   3.8972163e-03
   4.3678361e-01   1.0121997e+00   5.7958006e+00   7.7715417e-03  -7.9610140e-03   4.0473262e-03
   4.5252889e-01   1.0003548e+00   5.7905963e+00   7.3433590e-03  -7.4784881e-03   3.9355326e-03
   4.4683173e-01   1.0129970e+00   5.8371509e+00   7.9797693e-03  -7.6434432e-03   3.6900469e-03
   4.4433645e-01   1.0149155e+00   5.8476426e+00   7.6906571e-03  -8.0777136e-03   3.8209633e-03
   4.4593003e-01   1.0196160e+00   5.8443147e+00   7.8359941e-03  -7.8136698e-03   4.1620826e-03
   4.4114885e-01   9.9737546e-01   5.8439500e+00   7.6418575e-03  -7.7921082e-03   4.1737680e-03
   4.4112141e-01   1.0108971e+00   5.8657082e+00   8.0367925e-03  -8.1190569e-03   4.2141298e-03
   4.5022496e-01   9.9791892e-01   5.8529845e+00   6.9716274e-03  -8.2551174e-03   3.7968771e-03
   4.4908026e-01   1.0279237e+00   5.8975318e+00   7.7808716e-03  -7.9367117e-03   3.8115683e-03
   4.3760829e-01   1.0250489e+00   5.9166480e+00   7.9546207e-03  -7.7510632e-03   3.9303506e-03
   4.4516019e-01   1.0284605e+00   5.9092043e+00   7.7691290e-03  -8.0656641e-03   4.0283612e-03
   4.4817903e-01   1.0224844e+00   5.9194444e+00   7.5334453e-03  -7.6791072e-03   4.0716639e-03
   4.5299003e-01   1.0289570e+00   5.9219079e+00   7.6891253e-03  -7.7349839e-03   3.9975217e-03
   4.4258915e-01   1.0265239e+00   5.9307476e+00   7.3806254e-03  -8.0327731e-03   3.9345465e-03
   4.3751886e-01   1.0247039e+00   5.9266414e+00   7.0083538e-03  -8.2046683e-03   4.4518212e-03
   4.4126694e-01   1.0426574e+00   5.9456038e+00   7.0583775e-03  -8.2606059e-03   4.1358745e-03
   4.4268863e-01   1.0222973e+00   5.9756959e+00   7.3491246e-03  -8.2747108e-03   3.9540041e-03
   4.3895014e-01   1.0317096e+00   5.9724118e+00   7.3192626e-03  -7.4484724e-03   4.7821714e-03
   4.3589166e-01   1.0308020e+00   5.9802419e+00   7.2463743e-03  -7.6445822e-03   4.3047476e-03
   4.4559634e-01   1.0656757e+00   6.0198277e+00   7.6624678e-03  -7.3889552e-03   4.4918177e-03
   3.8577259e-01   1.0604662e+00   6.0826400e+00   8.7710774e-03  -8.8700012e-03   3.4753485e-03
   4.4345524e-01   1.0404517e+00   6.0644082e+00   6.8249910e-03  -7.8437607e-03   4.1797345e-03
   4.3919971e-01   1.0233781e+00   6.0723088e+00   7.6230941e-03  -8.5735212e-03   3.9628471e-03
   4.2401201e-01   1.0286113e+00   6.0838040e+00   7.2668868e-03  -8.6509991e-03   4.2312951e-03
   4.5518989e-01   1.0424383e+00   6.1252595e+00   7.7606554e-03  -8.1088246e-03   4.1113503e-03
   4.3115861e-01   1.0264305e+00   6.1201635e+00   7.2283632e-03  -8.4817985e-03   4.0365653e-03
   4.2156277e-01   1.0451259e+00   6.1148507e+00   7.5710090e-03  -8.5332972e-03   4.5197120e-03
   4.2588141e-01   1.0556982e+00   6.1325919e+00   7.2736522e-03  -8.7522837e-03   4.2618815e-03
   4.4017635e-01   1.0497660e+00   6.1099351e+00   6.5518617e-03  -8.4479863e-03   4.2358850e-03
   4.4338329e-01   1.0462186e+00   6.1398940e+00   7.5967216e-03  -8.1892557e-03   4.1887875e-03
   4.2072948e-01   1.0465563e+00   6.1305715e+00   7.0035583e-03  -8.5752196e-03   4.1588220e-03
   4.3517556e-01   1.0618966e+00   6.1310286e+00   6.6788857e-03  -8.6765745e-03   4.2091009e-03
   4.3708200e-01   1.0580916e+00   6.1623971e+00   6.8427904e-03  -8.3760479e-03   4.6709755e-03
   4.4446806e-01   1.0482106e+00   6.1617137e+00   7.2869374e-03  -8.4056301e-03   4.0236212e-03
   4.3237789e-01   1.0603863e+00   6.1860237e+00   7.2548013e-03  -8.3997370e-03   4.5990728e-03
   4.4135193e-01   1.0562867e+00   6.2128087e+00   7.6857192e-03  -8.2541715e-03   4.0078230e-03
   4.3602478e-01   1.0581673e+00   6.2286547e+00   7.7686462e-03  -8.1056875e-03   4.0064019e-03
   4.4372038e-01   1.0332775e+00   6.2408004e+00   7.5998336e-03  -8.1127147e-03   4.0356397e-03
   4.3832719e-01   1.0697473e+00   6.2558106e+00   7.8574942e-03  -8.6602169e-03   4.3187262e-03
   4.6011330e-01   1.0601172e+00   6.2454431e+00   7.0684904e-03  -8.2844134e-03   3.8760065e-03
   4.4212790e-01   1.0566221e+00   6.2726075e+00   7.5875297e-03  -8.1851539e-03   4.3500161e-03
   4.3426691e-01   1.0583844e+00   6.2626391e+00   7.1675260e-03  -8.5373615e-03   4.0938622e-03
   4.4742676e-01   1.0634223e+00   6.2828556e+00   7.3872698e-03  -8.2031594e-03   3.9812324e-03
   4.4625296e-01   1.0602910e+00   6.2992574e+00   7.5451459e-03  -8.5930110e-03   4.0801305e-03
   4.3599555e-01   1.0753242e+00   6.2840339e+00   7.0588739e-03  -8.5596581e-03   4.4955782e-03
   4.6156138e-01   1.0557059e+00   6.3125946e+00   7.3326963e-03  -8.2541006e-03   3.9880595e-03
   4.5830488e-01   1.0665449e+00   6.3154502e+00   7.2694890e-03  -7.7911214e-03   4.1986571e-03
   4.4287966e-01   1.0672866e+00   6.3240144e+00   7.4519838e-03  -8.4182818e-03   4.3209970e-03
   4.5294776e-01   1.0567064e+00   6.3329278e+00   7.4134256e-03  -8.3274984e-03   4.4023547e-03
   4.3838415e-01   1.0827295e+00   6.3463498e+00   7.6464547e-03  -8.5145442e-03   4.5141894e-03
   4.4448932e-01   1.0972171e+00   6.3808824e+00   8.4186894e-03  -8.1653933e-03   4.1217326e-03
   4.5546065e-01   1.0752601e+00   6.3376387e+00   7.0542390e-03  -8.8091367e-03   3.7408791e-03
   4.3872073e-01   1.0862474e+00   6.3787921e+00   7.5724100e-03  -8.7132214e-03   4.1512333e-03
   4.3568992e-01   1.0917826e+00   6.3718110e+00   8.1437196e-03  -8.2577031e-03   4.0166759e-03
   4.1312050e-01   1.0828186e+00   6.3802648e+00   8.1552856e-03  -8.0258834e-03   4.2203983e-03
   5.2369565e-01   1.1062106e+00   6.3494055e+00   1.2244849e-02  -5.4724882e-03   4.9144975e-03
   4.9815324e-01   1.0743553e+00   6.3468146e+00   9.9101833e-03  -6.1458314e-03   5.3714906e-03
   4.8748562e-01   1.0803176e+00   6.3919328e+00   9.4116848e-03  -6.0132670e-03   4.5401185e-03
   4.9414383e-01   1.1013276e+00   6.4315266e+00   1.0059513e-02  -5.9683248e-03   4.2622225e-03
   4.9807833e-01   1.1104946e+00   6.4540169e+00   1.0284458e-02  -5.9291103e-03   3.6775683e-03
   4.9112434e-01   1.1214557e+00   6.4404804e+00   9.4472488e-03  -6.2805345e-03   3.6383389e-03
   4.9422256e-01   1.1170512e+00   6.4728977e+00   9.4031242e-03  -6.7658328e-03   3.7234765e-03
   5.1261189e-01   1.1106119e+00   6.4630155e+00   7.8492705e-03  -6.4565738e-03   3.4281304e-03
   5.5218631e-01   1.1139128e+00   6.3602691e+00   1.0093627e-02  -6.2544595e-03   2.8573064e-03
   4.2887283e-01   1.1443009e+00   6.3665597e+00   1.5155959e-02  -4.6530770e-03   5.3230288e-04
   4.7355378e-01   1.0110448e+00   6.1612733e+00   8.3667151e-03  -5.6678087e-03   2.9754647e-03
   5.8866495e-01   1.0866298e+00   6.2400247e+00   1.6820017e-02  -2.6770212e-03   2.8573978e-03
   5.5436413e-01   1.1264951e+00   6.3542688e+00   1.5861109e-02  -3.6629705e-03   2.8340348e-03
   5.5710481e-01   1.1448878e+00   6.4035696e+00   1.5470349e-02  -3.5055472e-03   3.1044548e-03
   5.6043639e-01   1.1631222e+00   6.4572245e+00   1.5780779e-02  -2.9438408e-03   3.0736708e-03
   5.3005022e-01   1.1961644e+00   6.4808958e+00   1.5973074e-02  -3.3726999e-03   3.5128280e-03
   5.3592727e-01   1.1967352e+00   6.4813110e+00   1.5249247e-02  -3.2296594e-03   3.3237889e-03
   5.3807341e-01   1.1883999e+00   6.4724816e+00   1.4852240e-02  -3.3053274e-03   3.1837729e-03
   5.3150331e-01   1.1992031e+00   6.4791987e+00   1.5139584e-02  -3.6935709e-03   3.3253879e-03
   5.3304662e-01   1.1971141e+00   6.4886687e+00   1.4753019e-02  -3.4932191e-03   3.2776287e-03
   5.3462460e-01   1.2083880e+00   6.5165332e+00   1.5043644e-02  -3.3562755e-03   3.0269998e-03
   5.3832870e-01   1.1836474e+00   6.5100756e+00   1.4399074e-02  -3.4029325e-03   3.2832279e-03
   5.2922953e-01   1.1884671e+00   6.5215613e+00   1.4259982e-02  -3.0486963e-03   3.5487226e-03
   5.3039864e-01   1.1928984e+00   6.5201482e+00   1.4864648e-02  -3.5315602e-03   3.2407356e-03
   5.2944363e-01   1.1860661e+00   6.5548248e+00   1.4785778e-02  -3.6905581e-03   3.5642402e-03
   5.1924585e-01   1.1733364e+00   6.5584910e+00   1.4262180e-02  -2.7874101e-03   3.4003091e-03
   5.3191424e-01   1.1929529e+00   6.5708220e+00   1.4890269e-02  -3.1751689e-03   3.5442526e-03
   5.2909525e-01   1.2092431e+00   6.5795992e+00   1.5119814e-02  -3.3975469e-03   3.4407798e-03
   5.3200204e-01   1.1940679e+00   6.5992033e+00   1.4916847e-02  -3.2871306e-03   3.4607417e-03
   5.5345563e-01   1.2123160e+00   6.6005231e+00   1.5145839e-02  -3.3377737e-03   2.7383436e-03
   5.3031939e-01   1.1912354e+00   6.5996922e+00   1.4768199e-02  -3.5027600e-03   3.6600375e-03
   5.3073541e-01   1.1942216e+00   6.5966169e+00   1.4586353e-02  -3.4590507e-03   3.3947920e-03
   5.3009480e-01   1.2237115e+00   6.6335234e+00   1.4999995e-02  -3.6931314e-03   3.2797854e-03
   5.2883248e-01   1.1786229e+00   6.6430785e+00   1.3928877e-02  -3.7796423e-03   3.4295075e-03
   5.2210555e-01   1.2112412e+00   6.6604795e+00   1.4971299e-02  -3.8480284e-03   3.4286903e-03
   5.3217500e-01   1.2180168e+00   6.6814344e+00   1.5356200e-02  -3.5276961e-03   3.6377994e-03
   5.3939726e-01   1.2094989e+00   6.6950080e+00   1.4896130e-02  -3.6704076e-03   3.1659315e-03
   5.2381656e-01   1.2435618e+00   6.6932298e+00   1.5011884e-02  -3.5290339e-03   3.7065316e-03
   5.3772271e-01   1.2206118e+00   6.7046753e+00   1.5392355e-02  -3.2906198e-03   3.7787382e-03
   5.2218750e-01   1.2202825e+00   6.7307220e+00   1.5303733e-02  -3.6650460e-03   3.7244175e-03
   5.2473454e-01   1.2045128e+00   6.7055198e+00   1.4855751e-02  -3.8837084e-03   3.9761056e-03
   5.2900279e-01   1.2098232e+00   6.7416090e+00   1.5256900e-02  -3.4795466e-03   3.7849962e-03
   5.2819887e-01   1.2283609e+00   6.7431585e+00   1.4848963e-02  -3.5959297e-03   3.7050295e-03
   5.4577362e-01   1.2099214e+00   6.7445274e+00   1.4690149e-02  -3.3419366e-03   3.6245466e-03
   5.1485957e-01   1.2350641e+00   6.7487503e+00   1.4542333e-02  -3.7985821e-03   3.6416757e-03
   5.1850314e-01   1.2246946e+00   6.7646364e+00   1.5165105e-02  -3.6545617e-03   3.6631570e-03
   5.2560890e-01   1.2118879e+00   6.7590334e+00   1.4715474e-02  -3.9383661e-03   3.6529899e-03
   5.1253682e-01   1.2268906e+00   6.7853734e+00   1.5298435e-02  -3.9701153e-03   3.8008848e-03
   5.2298498e-01   1.2240330e+00   6.8077162e+00   1.5037744e-02  -3.7150252e-03   3.7491290e-03
   5.2774851e-01   1.2384304e+00   6.8025905e+00   1.5048715e-02  -3.7661332e-03   3.4926029e-03
   5.2817558e-01   1.2209883e+00   6.8015934e+00   1.4563333e-02  -3.7637010e-03   3.6644084e-03
   5.2198939e-01   1.2551833e+00   6.8368811e+00   1.5396136e-02  -3.8464518e-03   3.8517786e-03
   5.2004601e-01   1.2477735e+00   6.8355030e+00   1.5114450e-02  -3.5876032e-03   3.7470141e-03
   5.1932265e-01   1.2514074e+00   6.8544064e+00   1.5483469e-02  -3.7592884e-03   4.0024519e-03
   5.3687056e-01   1.2371443e+00   6.8509749e+00   1.5215792e-02  -3.3553568e-03   3.6948121e-03
   5.2609756e-01   1.2506430e+00   6.8691774e+00   1.5236724e-02  -3.7395162e-03   3.5643805e-03
   5.1997883e-01   1.2177455e+00   6.8548100e+00   1.4651782e-02  -3.6953486e-03   3.6692006e-03
   5.1255404e-01   1.2708025e+00   6.8770497e+00   1.5105636e-02  -3.7613542e-03   3.9008007e-03
   5.2453220e-01   1.2561421e+00   6.8789506e+00   1.4609163e-02  -3.5041223e-03   3.9782991e-03
   5.3411439e-01   1.2431534e+00   6.8619433e+00   1.4071985e-02  -3.5456056e-03   3.5328156e-03
   5.2593967e-01   1.2461963e+00   6.9141374e+00   1.5020041e-02  -3.5045800e-03   3.5973898e-03
   5.3374358e-01   1.2615904e+00   6.9109918e+00   1.4701672e-02  -3.3662000e-03   3.7386010e-03
   5.1034100e-01   1.2532876e+00   6.9164417e+00   1.4644722e-02  -4.0772446e-03   3.9024845e-03
   5.2566449e-01   1.2618679e+00   6.9178253e+00   1.4271547e-02  -3.8521162e-03   3.6763086e-03
   5.3318068e-01   1.2662379e+00   6.9460822e+00   1.4869365e-02  -3.6131519e-03   3.6257250e-03
   5.0956368e-01   1.2805736e+00   6.9712353e+00   1.4867293e-02  -4.1575897e-03   3.7360074e-03
   5.5308531e-01   1.2490454e+00   6.9915865e+00   1.5355007e-02  -2.2425031e-03   2.2650601e-03
   5.3883136e-01   1.2539382e+00   6.8273620e+00   1.4708770e-02  -1.7776741e-03   5.3152367e-03
   5.2831974e-01   1.1917741e+00   6.8744886e+00   1.5569203e-02  -3.1888919e-03   3.9656947e-03
   5.2469546e-01   1.2313306e+00   6.9103568e+00   1.5815442e-02  -3.2226852e-03   3.8905170e-03
   5.3278989e-01   1.2396340e+00   6.9227248e+00   1.5496408e-02  -2.9069323e-03   3.9004590e-03
   5.3917812e-01   1.2737042e+00   6.9420243e+00   1.5404352e-02  -2.7020689e-03   3.8831414e-03
   5.3726683e-01   1.2690707e+00   6.9770779e+00   1.5290241e-02  -3.9069765e-03   3.0959542e-03
   5.2869750e-01   1.2536563e+00   6.9822174e+00   1.4430400e-02  -4.6757808e-03   3.3018208e-03
   5.3057831e-01   1.2517086e+00   7.0230706e+00   1.4989774e-02  -4.8920916e-03   3.2835270e-03
   5.4341047e-01   1.2531078e+00   7.0189331e+00   1.4283669e-02  -4.7512436e-03   3.1523498e-03
   5.3721143e-01   1.2714258e+00   7.0337110e+00   1.4593734e-02  -5.2045612e-03   3.2003792e-03
   5.2767342e-01   1.2601941e+00   7.0297799e+00   1.3825037e-02  -5.0861802e-03   3.2349425e-03
   5.3392966e-01   1.2550884e+00   7.0283075e+00   1.3277834e-02  -5.0188203e-03   3.3206825e-03
   5.2683862e-01   1.2649119e+00   7.0518314e+00   1.3670079e-02  -5.2036802e-03   3.3353597e-03
   5.3818231e-01   1.2752157e+00   7.0679752e+00   1.3592738e-02  -4.8878206e-03   3.5065788e-03
   5.3798125e-01   1.2702274e+00   7.0782669e+00   1.3716842e-02  -4.8292597e-03   3.3813047e-03
   5.1760095e-01   1.2806297e+00   7.1068985e+00   1.4018679e-02  -5.3842769e-03   3.2238342e-03
   5.3087996e-01   1.2606254e+00   7.1154786e+00   1.3989444e-02  -5.0822657e-03   3.3465480e-03
   5.3399608e-01   1.2655679e+00   7.1280034e+00   1.4513938e-02  -4.6870564e-03   3.4669982e-03
   5.1910105e-01   1.2533253e+00   7.1032569e+00   1.3316075e-02  -5.5312712e-03   3.2779989e-03
   5.2448612e-01   1.2554180e+00   7.1352053e+00   1.4027080e-02  -5.1612679e-03   3.6137088e-03
   5.2902987e-01   1.2567760e+00   7.1047174e+00   1.2910765e-02  -4.9659463e-03   3.4776399e-03
   5.4841149e-01   1.2759501e+00   7.1572339e+00   1.4293530e-02  -4.5824289e-03   3.4486535e-03
   5.1839751e-01   1.2539012e+00   7.1332885e+00   1.3253951e-02  -5.1876549e-03   3.4447957e-03
   5.3885126e-01   1.2883223e+00   7.1672453e+00   1.4573641e-02  -5.0016510e-03   3.2066894e-03
   5.3375009e-01   1.2503803e+00   7.1505691e+00   1.3424084e-02  -4.6488512e-03   3.5596786e-03
   5.4402978e-01   1.2651747e+00   7.1895816e+00   1.3910806e-02  -3.9612862e-03   3.3983420e-03
   5.4942238e-01   1.2426056e+00   7.2046422e+00   1.3023980e-02  -3.7008728e-03   3.7163440e-03
   5.5882283e-01   1.2552220e+00   7.2278073e+00   1.4032892e-02  -3.7371016e-03   3.3166638e-03
   5.4892568e-01   1.2400939e+00   7.2452581e+00   1.4270405e-02  -3.6714306e-03   3.8565899e-03
   5.4849059e-01   1.2604290e+00   7.2294048e+00   1.3520350e-02  -3.6834828e-03   3.6724119e-03
   5.5441406e-01   1.2814906e+00   7.2424038e+00   1.3381503e-02  -4.0162586e-03   3.2724862e-03
   5.6009892e-01   1.2638239e+00   7.2400500e+00   1.3365524e-02  -3.8582165e-03   3.4227036e-03
   5.6195328e-01   1.2616837e+00   7.2284880e+00   1.2839236e-02  -3.8451102e-03   2.9723481e-03
   5.5512108e-01   1.2644052e+00   7.2633101e+00   1.3748127e-02  -3.6725488e-03   3.4574722e-03
   5.4558364e-01   1.2681431e+00   7.2772105e+00   1.3814427e-02  -3.8854727e-03   3.3221296e-03
   5.4738068e-01   1.2545602e+00   7.2717617e+00   1.3055376e-02  -4.1051085e-03   3.5504838e-03
   5.5551048e-01   1.2558385e+00   7.2829702e+00   1.3394557e-02  -4.1175104e-03   3.3571341e-03
   5.5597778e-01   1.2796612e+00   7.2772390e+00   1.2887543e-02  -4.0482164e-03   3.4022290e-03
   5.4063012e-01   1.3058909e+00   7.3039276e+00   1.3107608e-02  -3.7401944e-03   3.9728416e-03
   5.4308990e-01   1.2933261e+00   7.3006669e+00   1.3448699e-02  -4.0847199e-03   3.7463043e-03
   5.4016163e-01   1.2986443e+00   7.3202526e+00   1.3344163e-02  -4.1191603e-03   3.7149874e-03
   5.4654781e-01   1.2890446e+00   7.3267919e+00   1.3155345e-02  -3.9339133e-03   3.5605919e-03
   5.4772421e-01   1.2904846e+00   7.3661954e+00   1.4068563e-02  -3.7703556e-03   3.7757849e-03
   5.4881370e-01   1.3033217e+00   7.3662841e+00   1.3855882e-02  -3.8860491e-03   3.5802702e-03
   5.3918090e-01   1.2687567e+00   7.3707578e+00   1.3640217e-02  -4.1330663e-03   3.7748972e-03
   5.4649051e-01   1.2933529e+00   7.3981197e+00   1.4161430e-02  -4.2039631e-03   3.3930430e-03
   5.4480044e-01   1.3015799e+00   7.4230079e+00   1.4585041e-02  -3.9743219e-03   3.4061220e-03
   5.4961277e-01   1.2944912e+00   7.4173542e+00   1.4133848e-02  -4.0597592e-03   3.6995071e-03
   5.4505533e-01   1.2956421e+00   7.3782946e+00   1.3112675e-02  -4.1581629e-03   3.5978110e-03
   5.4945727e-01   1.2939441e+00   7.4137723e+00   1.4080396e-02  -3.4448015e-03   3.7858766e-03
