   0.0000000e+00  -1.4210855e-14   0.0000000e+00   0.0000000e+00   0.0000000e+00   0.0000000e+00
   9.7958389e-03   1.1739288e-02   5.2602485e-03   3.6154637e-04   4.4945980e-04   1.2057735e-04
   3.1010459e-02   2.5118477e-02  -1.0376165e-01   3.8291012e-04   6.2963009e-04  -2.0087267e-04
   3.6600990e-02   1.1386237e-03  -4.0486410e-02   5.8643254e-04  -8.8020039e-05  -1.1485830e-04
   4.4380863e-02  -2.0256237e-01  -9.4367035e-02  -2.2627430e-03   2.9489283e-04  -1.3079707e-03
   3.3503765e-02   3.1911973e-02  -3.2948835e-02   2.9334631e-03   3.6237244e-04  -5.6318568e-04
   5.1658860e-02   3.7644523e-02   3.1097544e-02   1.3332550e-03  -5.7013684e-04  -9.8443871e-04
   2.6810484e-02   5.3543085e-02   4.5267812e-02   1.2059399e-03  -7.3078525e-05  -6.3065724e-04
   3.5089159e-02   4.0065512e-03   4.0807403e-02   1.4244424e-03  -4.1398085e-04  -4.4098134e-04
   2.6632423e-03   2.4138914e-02   2.4309916e-02   1.0629546e-03  -5.3456655e-04   4.1790520e-04
   1.7058331e-02   3.7794340e-02   1.3175500e-02   7.0579380e-04  -4.6483816e-04  -1.7831539e-04
   2.3369584e-02   6.9613415e-02  -6.3221133e-02   3.8316819e-03   1.0290565e-03   2.6471528e-04
   8.1120816e-02   1.8855513e-01   3.0430267e-04   9.8577308e-04  -6.7822796e-04  -3.7583542e-03
   7.5413281e-02   1.8158998e-02  -2.9099353e-02   2.3235734e-03   8.5375023e-04  -1.6731648e-03
   2.8557538e-02   5.1377884e-03   1.0807239e-02   4.0387573e-03  -4.0343552e-05   1.6735998e-04
   1.3940731e-02   1.6661502e-02   5.8752920e-02   1.1255619e-03  -3.6578242e-04   3.3252434e-05
   7.5542878e-02   5.2052866e-02   9.4767592e-03   3.2746206e-03   1.0769904e-03  -1.3213381e-03
   3.8681161e-02   1.3836550e-02  -5.2493368e-04   4.0773326e-03   4.5706540e-04  -7.5895892e-04
   4.0659703e-02   1.6752308e-02   3.0160753e-02   1.8809318e-03   4.1237014e-04  -8.7016513e-04
   4.0085096e-02   6.0596337e-02  -2.6846867e-02   2.3222007e-03   8.7919681e-04  -8.9580004e-04
   1.2690758e-02   7.6488063e-03   5.5298514e-02   2.9792492e-03  -4.7057354e-04  -1.3731283e-04
   4.3247446e-03   6.0557498e-02   7.1928371e-02   1.9027678e-03   8.3175797e-05  -1.5305606e-04
   2.4033527e-02  -3.4219200e-02  -2.1990011e-02   4.1444055e-03   1.2942800e-03  -1.8019888e-03
   2.7791634e-02   5.1672800e-02   1.0190171e-01   4.1693335e-03   4.0502478e-04  -1.2511093e-03
   3.2957869e-02   7.5364772e-02   1.3789614e-01   1.8972302e-03   6.1051556e-04  -1.3091676e-03
   2.7969288e-02   6.2400932e-02   9.3466564e-02   9.4689667e-04   7.4824666e-04  -1.2365980e-03
   1.4201444e-01   4.6898258e-01  -2.4497988e-02   4.8298208e-03   8.4227534e-04  -7.1175259e-03
   2.1578497e-02   6.0995992e-02   1.3322918e-01   3.0731343e-03  -2.9695149e-04  -1.2461933e-03
  -1.0076674e-02   5.9734924e-02   1.3007629e-01   1.9851387e-03  -4.4172066e-04  -1.0301281e-03
   1.7257751e-02   6.7186827e-02   1.2337054e-01   1.3563682e-03   6.3617058e-04  -1.2477957e-03
   2.0685147e-02   6.7235259e-02   4.2512983e-02   1.0214527e-03   5.4190574e-04  -8.3182021e-04
   2.2777696e-02   4.2415772e-02   2.8593844e-02   3.5849138e-03   7.4971620e-04  -6.7431534e-04
   1.0813232e-02  -5.9013757e-02   9.8556481e-02   1.5336068e-03  -1.8593976e-04  -1.0203625e-03
   3.5576538e-02  -1.3013916e-01   1.6542762e-01   4.4762226e-03   1.8924488e-04  -1.9500226e-03
   2.8983897e-02   4.7596736e-02   6.4700551e-02   2.1850483e-03   1.2356782e-03  -1.2740942e-03
   1.8880027e-02   5.0928395e-02   9.5718283e-02   3.6753354e-03   2.2050579e-04  -6.1700356e-04
   2.3023717e-02   6.5913074e-02   1.7531749e-01   1.7746197e-03   2.9562215e-04  -1.2562715e-03
   2.8631253e-02   9.1584984e-02   8.0568331e-02   1.0797074e-03   1.6233541e-03  -1.3693210e-03
   2.5074596e-02   2.4747614e-02   7.3057643e-02   4.9674603e-03   4.2170753e-04  -1.3767838e-03
   1.1508173e-02   6.6423017e-02   2.0438811e-01   2.5397590e-03  -2.4467362e-04  -1.2566679e-03
   1.3582165e-02   9.8166895e-02   1.3405108e-01   6.5427068e-04   5.7265728e-04  -1.1807982e-03
   3.6038974e-02   5.9438822e-02  -5.2767178e-02   5.4738522e-03   2.9303860e-03  -1.9561006e-03
   2.1953746e-02   3.6646509e-02   7.8853071e-02   7.2031831e-03   1.6786694e-03  -1.6755671e-03
   8.1099981e-04   6.4996417e-02   2.0541493e-01   3.2780934e-03   2.9823406e-04  -9.7200262e-04
   1.5094895e-02   1.0403156e-01   1.5111681e-01   2.7878370e-03   1.1925936e-03  -1.9074409e-03
   2.0943737e-02   7.7360987e-02   8.5025613e-02   5.5232491e-03   6.0956561e-04  -1.4963049e-03
   1.8767106e-02   4.5731007e-02   1.9509575e-01   2.9432358e-03   1.4892220e-04  -1.5595443e-03
   8.3956680e-03   8.4372793e-02   1.9762600e-01   2.1275868e-03   8.4729870e-05  -1.3090346e-03
   2.4962484e-02   4.0727757e-02  -7.8651582e-03   4.8704033e-03   2.0009166e-03  -1.5450133e-03
   1.5322178e-02   5.8198718e-02   1.5110432e-01   4.0297118e-03   9.8588028e-04  -1.5389329e-03
   4.7966102e-03   5.6194545e-02   1.6843352e-01   2.5929538e-03   1.0355223e-03  -1.2861798e-03
   5.8348562e-02   5.4886991e-02   7.2748339e-02   3.7364261e-03   2.1804535e-03  -2.6372528e-03
   7.9792020e-03   6.2558806e-02   1.2903880e-01   5.4751436e-03   8.4500133e-04  -1.5330381e-03
   6.4027021e-03   8.0053553e-02   2.2378642e-01   3.3484867e-03   3.8650725e-04  -1.2666965e-03
  -1.1116202e-02   8.5995450e-02   2.1280568e-01   2.4520813e-03   8.2965864e-04  -1.1072948e-03
   6.6518740e-04   7.7196382e-02   1.1904677e-01   5.0605758e-03   2.0242166e-03  -1.0170374e-03
  -9.9311654e-03   4.1439041e-02   1.8162462e-01   2.8636181e-03   5.1083956e-04  -6.4114645e-04
  -3.4812365e-02   3.2201777e-02   2.1049411e-01   2.1734497e-03   7.3983158e-04  -7.4552750e-04
   5.3186224e-02   7.1289677e-02   1.3993620e-01   5.6136448e-03   2.0615289e-03  -2.0938216e-03
   1.8189486e-03   5.5428083e-02   2.3011059e-01   4.9722880e-03   8.9270441e-04  -1.2250672e-03
  -2.2757278e-02   4.1724679e-02   2.8572340e-01   2.9733885e-03   4.6692179e-04  -4.9985351e-04
  -1.4229416e-02   7.3523091e-02   2.5890767e-01   1.9516054e-03   1.1188047e-03  -1.4604280e-03
   8.5571413e-03   6.0230438e-02   1.2444113e-01   6.6758824e-03   1.3848185e-03  -1.8146538e-03
   2.4482577e-02   6.6240704e-02   2.3871548e-01   9.0549010e-03   1.2786556e-03  -2.7321852e-03
  -8.3201356e-03   6.3243812e-02   3.3224793e-01   4.3568761e-03   8.4273647e-04  -1.5439494e-03
  -2.2095215e-02   8.0881434e-02   3.3874606e-01   3.0875623e-03   2.9796442e-04  -1.2364667e-03
   5.1175971e-04   7.5430821e-02   2.6167162e-01   2.3509814e-03   2.0331759e-03  -1.1496689e-03
  -1.2410995e-02   5.7037269e-02   2.8332170e-01   3.6919110e-03   1.1828635e-03  -9.8986552e-04
  -4.0267357e-03   4.7599332e-02   3.4366969e-01   2.7161199e-03   9.7994414e-04  -1.3652649e-03
  -5.0763533e-03   6.4923763e-02   3.4782862e-01   2.1896738e-03   1.2627923e-03  -1.5250303e-03
  -1.8916514e-03   7.7837116e-02   2.8804547e-01   5.0165359e-03   2.0301057e-03  -1.3352086e-03
   2.6616710e-03   5.5871473e-02   3.9937470e-01   2.6163421e-03   1.0273420e-03  -1.5144982e-03
   4.4372621e-03   8.0308311e-02   3.9252975e-01   2.2052600e-03   7.2237102e-04  -1.1170780e-03
  -1.8538624e-02   6.4803902e-02   4.0167725e-01   1.7102357e-03   9.9085906e-04  -8.9863276e-04
  -3.0089837e-02   3.1434567e-02   2.4053084e-01   2.4283554e-03   1.5745149e-03  -1.0686463e-03
   4.6401646e-02   9.5625594e-02   2.6377207e-01   6.9745806e-03   2.0659962e-03  -2.6895389e-03
   4.4697035e-03   6.9132344e-02   3.9970177e-01   4.2086098e-03   1.2316093e-03  -1.7378237e-03
  -1.3639725e-03   8.5342794e-02   4.2660306e-01   3.2340062e-03   1.3906002e-03  -1.5891435e-03
  -1.0392169e-02   8.2380003e-02   2.7509051e-01   3.3529539e-03   2.4388958e-03  -1.6250926e-03
   5.8713382e-04   5.9784381e-02   3.0359342e-01   8.3080333e-03   2.2921970e-03  -1.5980276e-03
   1.7962398e-03   8.3051931e-02   4.5128134e-01   3.8394392e-03  -1.0547832e-04  -1.4803720e-03
  -6.6709583e-03   7.2908228e-02   4.1745962e-01   2.8637816e-03  -4.0120895e-04  -1.1998391e-03
  -8.8546471e-02   7.5563241e-02   4.1327015e-01   2.5865664e-03  -1.6647782e-03   5.6423144e-04
  -2.9225791e-02   4.0834248e-03   3.1975333e-01   1.7762900e-03   1.3106367e-03  -8.6940957e-04
  -2.8934838e-02   8.7356405e-02   3.3922611e-01   1.2320599e-03   3.6501465e-04  -1.2687555e-03
  -8.7657807e-03   1.1089602e-01   4.0926183e-01   1.5661094e-03  -1.9645581e-03  -2.5125194e-03
  -1.7535784e-03   1.2559667e-01   3.5032339e-01   2.3448217e-03   6.8514195e-04  -1.5468152e-03
   2.4200361e-02   1.1817469e-01   3.4489043e-01   3.5700223e-03   1.5050728e-03  -1.8249717e-03
  -1.1910367e-02   1.0870214e-01   3.4612143e-01   1.1231338e-03   1.7405944e-03  -1.5269923e-03
  -1.1850334e-02   1.3372534e-01   3.7152258e-01   1.5183117e-03   8.7147291e-04  -1.3120146e-03
  -2.6875209e-02   1.0198884e-01   4.3633290e-01   4.2082856e-03  -8.2616066e-04  -1.4767322e-03
   2.9179979e-03   1.0930842e-01   3.7680133e-01   2.7893518e-04   8.2965059e-04  -1.6355601e-03
  -1.4896474e-03   9.6487258e-02   4.2875826e-01   3.8666527e-03   7.9743899e-04  -1.0311236e-03
  -4.1031790e-02  -1.0335316e-01   3.6827355e-01  -2.2387936e-03   1.9097446e-03  -2.0920727e-04
  -3.2111673e-02   8.3067643e-02   4.5099152e-01   6.4078549e-04   1.3757930e-03  -8.6211440e-04
  -2.3185615e-02   5.0425043e-02   4.6513675e-01   2.0935340e-03   8.3802392e-04  -4.5572140e-04
  -8.7246320e-03   7.2438187e-02   4.4646845e-01   1.3292758e-03   8.9492281e-04  -1.4642441e-03
  -1.1858916e-02   9.3892469e-02   4.5184251e-01   1.7650015e-03   1.0170904e-03  -8.7567523e-04
  -2.2103454e-02   8.9722913e-02   4.7038966e-01   1.8331797e-04   3.3802325e-04  -8.2182446e-04
   4.4009222e-03   2.8089323e-01   3.7758887e-01  -8.6665023e-04   1.2780632e-03  -2.4072920e-03
   4.9873806e-04   6.6678984e-02   5.7018581e-01   4.0459431e-03   2.8888940e-03  -1.8799414e-04
  -2.9727342e-02   3.9938066e-03   5.2256149e-01  -3.8024854e-03   3.7914770e-03   1.3059474e-03
  -4.6122753e-02  -2.1503277e-02   4.4336945e-01  -2.5313147e-03   4.9129608e-04   2.5560856e-04
  -1.8883362e-02  -2.1708142e-02   4.9975005e-01  -1.9514263e-03   1.1846047e-04  -1.2914643e-04
  -3.1243575e-02  -1.4791911e-03   5.0615287e-01  -1.9124612e-03  -2.7928106e-05   2.3310695e-04
  -2.7160884e-02   2.3582905e-02   5.1940067e-01  -2.1960550e-03  -5.8726255e-04   1.9501954e-04
   9.2572547e-03   7.5554859e-02   5.1938712e-01  -1.4119118e-03  -1.1311090e-04  -1.0421324e-03
   5.2704637e-03   7.8118191e-02   5.5626697e-01   3.6219783e-04   2.2821368e-04  -7.1570991e-04
   2.0903892e-02   7.2112755e-02   5.6417485e-01  -2.6457918e-04   4.6964183e-04  -1.5828734e-03
  -2.3476878e-02   1.4479385e-01   4.9126435e-01   3.7732143e-03  -7.5613074e-04  -2.3017486e-03
   2.5998880e-04   1.1278752e-01   5.4648921e-01   4.3501341e-03   2.3108626e-03  -1.5281641e-03
  -6.4918033e-03   1.0684654e-01   5.5200177e-01   1.4708867e-03   1.2138738e-03  -1.4885034e-03
   1.3095780e-02   1.1435058e-01   4.7126712e-01   1.6045524e-03   2.5132877e-03  -2.6177035e-03
   5.4476334e-02   1.1482049e-01   4.3480118e-01   5.4142299e-03   2.2742205e-03  -3.2485806e-03
  -3.4937851e-02   5.2168334e-02   5.1152168e-01   4.0757627e-03   2.1229135e-03  -3.9116264e-04
  -1.9867311e-02  -1.6931837e-02   4.9239868e-01   3.0029352e-03   9.1507915e-04  -1.3343700e-03
  -1.6378749e-02   1.0337859e-01   5.5587256e-01   2.5996514e-03   1.6894669e-03  -1.5015309e-03
  -2.0161628e-02   1.0675903e-01   5.8713793e-01   4.6743957e-03   1.6888796e-03  -1.3535886e-03
  -2.5654217e-02   1.1522335e-01   6.8825408e-01   6.8823080e-04   1.9116699e-04  -1.0508009e-03
   1.0699039e-02   1.5074820e-01   5.9182305e-01  -9.9866225e-04   1.1703641e-03  -2.6227265e-03
  -1.0613578e-02   8.9373076e-02   7.0876231e-01   1.4370636e-03   5.2350590e-04  -1.0800856e-03
  -2.0413986e-02   1.2494051e-01   6.8013705e-01   3.9596206e-04   7.6464504e-04  -1.2731279e-03
  -2.6888617e-02   8.9294191e-02   7.3133940e-01   1.6411970e-03  -1.0857236e-04  -6.5701631e-04
   6.6025616e-03   1.0786544e-01   7.3692419e-01   6.9565433e-04   5.5823079e-04  -1.6056308e-03
  -4.4013046e-03   1.5292951e-01   7.3130530e-01   2.4790220e-03   1.2947627e-03  -1.2018755e-03
  -1.7677511e-02   9.3231495e-02   7.8293292e-01   1.8824073e-03   3.7400499e-04  -6.6801703e-04
   6.7961971e-03   1.4697431e-01   8.0196941e-01   1.1362474e-03   1.3251078e-03  -1.1551997e-03
   2.4768416e-02   1.9427942e-01   7.1687894e-01   1.2118902e-03   2.3291095e-03  -2.1637753e-03
   1.9756717e-02   1.6635362e-01   7.5132500e-01   3.4890452e-03   1.2790489e-03  -1.9112874e-03
   1.5190677e-02   1.6427372e-01   8.9707414e-01   1.7823281e-03   1.3129497e-03  -1.8462617e-03
  -1.8299836e-04   1.6244381e-01   9.3821066e-01   1.7906161e-03   1.1355448e-03  -1.3083728e-03
   2.3674099e-02   1.9245440e-01   7.8999347e-01   5.7238591e-03   2.1848281e-03  -2.7738349e-03
   1.6462279e-02   1.9594227e-01   9.6252658e-01   5.5813329e-03   2.2123473e-03  -1.6690695e-03
   9.8243012e-03   1.8653940e-01   1.0145152e+00   2.9808662e-03   1.6115117e-03  -2.1088591e-03
  -3.0134022e-02   1.9280721e-01   1.0188421e+00   2.3081672e-03   1.6492541e-03  -6.1246396e-04
  -2.4713412e-02   1.9055176e-01   1.0161626e+00   1.2949725e-03   9.7659660e-04  -8.2703687e-04
   3.5245440e-02   1.7776108e-01   9.2559015e-01   4.8366210e-03   2.7358056e-03  -1.9167800e-03
   2.6715375e-03   1.9149082e-01   9.7904171e-01   1.9159622e-03   1.7987939e-03  -1.2785704e-03
   1.2183051e-02   1.9057196e-01   9.9701700e-01   1.7687316e-03   1.8053772e-03  -1.4467534e-03
   4.6292587e-02   2.0084720e-01   9.1204346e-01   5.3534013e-03   2.5986440e-03  -2.8803724e-03
   1.6705272e-02   1.7194708e-01   1.0799454e+00   4.3252944e-03   1.5376774e-03  -1.5685690e-03
   2.9059569e-02   2.2828474e-01   9.8233177e-01   2.4589272e-03   2.7066745e-03  -2.1774641e-03
   2.3900707e-02   2.2487417e-01   9.5635606e-01   5.6109999e-03   1.9926275e-03  -2.3132301e-03
   1.1457425e-02   1.9578402e-01   1.0889496e+00   1.7268949e-03   7.4996326e-04  -1.6404875e-03
   2.1407768e-02   2.3741666e-01   1.0065038e+00   1.9201042e-03   1.7833002e-03  -2.0470554e-03
  -7.3196602e-04   1.8909571e-01   1.0641543e+00   5.4178400e-03   1.1931780e-03  -1.5010662e-03
  -9.3665026e-03   2.0237778e-01   1.1039652e+00   1.7838362e-03   1.3380811e-03  -8.8639344e-04
   1.6046917e-02   2.4574667e-01   1.0641452e+00   2.1489687e-03   1.6956837e-03  -1.9574223e-03
   2.7243608e-02   1.9809397e-01   1.0620474e+00   5.0570580e-03   1.3742198e-03  -2.0341638e-03
  -6.9654913e-02   2.6358316e-01   1.1516768e+00   3.9680810e-03   1.3292981e-03   1.1852895e-03
   2.3732114e-02   2.2885219e-01   1.0735519e+00   3.0333157e-03   1.7142411e-03  -1.9795570e-03
   3.4744795e-04   2.2306788e-01   1.1820126e+00   2.4688888e-03   1.1819414e-03  -1.1078637e-03
   2.6488512e-02   2.1420539e-01   1.2033705e+00   1.2651519e-03   1.2805555e-03  -1.7589434e-03
  -4.2179009e-03   2.4075363e-01   1.1761494e+00   1.3419714e-04   1.3181393e-03  -6.9125114e-04
   2.0157797e-02   2.0236666e-01   1.1646358e+00   3.9727223e-03   1.1584720e-03  -1.1459690e-03
   3.5997074e-02   2.3159502e-01   1.1732429e+00   1.2401933e-03   1.3675295e-03  -1.6052695e-03
   4.4104014e-02   2.3205400e-01   1.1685740e+00   5.4703470e-04   2.7454779e-03  -2.2214048e-03
   5.7236219e-02   2.1816729e-01   1.1140829e+00   6.1996864e-03   3.0065374e-03  -2.7315160e-03
   2.2466056e-02   2.3695454e-01   1.2196009e+00   2.8405760e-03   1.7692103e-03  -1.6864635e-03
   6.8597089e-02   2.9717310e-01   1.1476397e+00   2.5952354e-03   3.6518733e-03  -3.0364358e-03
   2.6249297e-02   2.3700026e-01   1.1610138e+00   5.3834345e-03   2.4424465e-03  -1.3256891e-03
   3.8068857e-02   2.4054779e-01   1.2482557e+00   3.3109133e-03   2.0628323e-03  -1.6662143e-03
  -3.8698294e-03   2.3453440e-01   1.2843490e+00   2.5177107e-03   1.5057025e-03  -2.6385682e-04
   4.4872708e-03   2.6209696e-01   1.2549616e+00   3.8991480e-03   2.0897743e-03  -7.7686322e-04
   3.7532799e-02   2.5853899e-01   1.3252319e+00   2.4279937e-03   1.3920607e-03  -1.2752736e-03
   1.4018336e-03   2.4564844e-01   1.3294132e+00   1.2296227e-03   1.5213896e-03  -6.9976796e-04
   3.2023334e-04   2.2304991e-01   1.3537234e+00   1.4427854e-03   1.3113750e-03  -5.3494584e-04
   3.3323699e-02   2.8560058e-01   1.3391924e+00   8.1159897e-04   2.4524796e-03  -1.3737149e-03
   2.2559610e-02   1.5475949e-01   1.2849888e+00   2.0724481e-03   1.7673904e-03  -1.3208722e-03
   3.4266905e-02   2.6099614e-01   1.3606345e+00   1.5741498e-03   1.9511826e-03  -1.7268712e-03
   2.8778591e-02   2.6304219e-01   1.3285956e+00   6.6933383e-04   3.2258778e-03  -8.3695657e-04
   5.6044514e-02   2.6778185e-01   1.2954630e+00   5.8903473e-03   2.4133778e-03  -2.1410199e-03
   2.4722938e-02   2.8013090e-01   1.4384156e+00   2.1912683e-03   1.7807664e-03  -1.4157311e-03
   3.8680534e-02   2.9449853e-01   1.3530821e+00   8.0197673e-04   2.8479595e-03  -1.6853140e-03
   2.1922866e-02   2.8913442e-01   1.3577734e+00   5.1338361e-03   1.4088710e-03  -1.5100444e-03
   3.2547970e-02   3.0520633e-01   1.4662381e+00   2.2932801e-03   1.9783564e-03  -1.5082029e-03
   2.7944993e-02   3.2990115e-01   1.4309120e+00   7.1582101e-04   2.1113268e-03  -1.7333419e-03
   5.6763613e-02   2.7048454e-01   1.3335733e+00   4.5188579e-03   2.4449426e-03  -2.0810888e-03
   5.8409880e-02   2.9098240e-01   1.4640241e+00   2.4670322e-03   1.8336303e-03  -2.1104684e-03
   6.3236850e-02   3.0434205e-01   1.4339935e+00   1.1611516e-03   2.7231945e-03  -2.0175846e-03
   5.0373671e-02   2.5857233e-01   1.4510565e+00   4.5134922e-03   2.7524063e-03  -1.3026359e-03
   3.5888987e-02   2.7232836e-01   1.5281303e+00   1.9403747e-03   2.1607912e-03  -1.3326479e-03
   5.1963032e-02   2.8863420e-01   1.4582063e+00   8.7898139e-04   2.3281315e-03  -1.7635986e-03
   5.0819918e-02   2.5881726e-01   1.4745524e+00   3.6408539e-03   1.8353848e-03  -1.4713597e-03
   5.2508308e-02   2.8782008e-01   1.5164126e+00   1.6382804e-03   1.7978396e-03  -1.3045576e-03
   3.6380156e-02   3.0034253e-01   1.4998579e+00   2.7596097e-03   2.1216908e-03  -1.3737884e-03
   4.9989338e-02   3.0557628e-01   1.5437886e+00   1.9180751e-03   1.7854124e-03  -1.3463202e-03
   5.7904928e-02   3.2871858e-01   1.5601582e+00   5.2290830e-04   2.0231238e-03  -1.5219384e-03
   4.3287839e-02   3.1627748e-01   1.5442256e+00   3.6202885e-03   2.5571984e-03  -1.0285220e-03
   6.6949030e-02   2.8039229e-01   1.6193096e+00   1.1077852e-03   1.7906421e-03  -1.7663256e-03
   3.8370848e-02   3.1958438e-01   1.6265275e+00   1.1064683e-03   2.1641051e-03  -1.3450888e-03
   4.4519009e-02   3.2281092e-01   1.5799279e+00   5.2083633e-03   2.4430609e-03  -1.3949093e-03
   4.9886791e-02   2.6496055e-01   1.6610609e+00   2.1387330e-03   1.0697708e-03  -2.0853471e-03
   6.2444794e-02   3.1806679e-01   1.6660750e+00   1.5362857e-03   1.9615556e-03  -1.4991224e-03
   2.5279016e-02   2.8840950e-01   1.6893919e+00   1.1171491e-03   7.0889156e-04  -1.0064472e-03
   4.5864643e-02   3.0994361e-01   1.7098513e+00   1.2160409e-03   1.3168329e-03  -1.3268138e-03
   5.1047269e-02   3.0169068e-01   1.6743354e+00   5.2698692e-04   1.3352591e-03  -8.4036523e-04
   4.2361011e-02   3.1101209e-01   1.6921398e+00   1.8273914e-04   1.3459754e-03  -1.2002227e-03
   4.7103094e-02   3.2369193e-01   1.7543072e+00   1.2758724e-03   1.6678839e-03  -1.1979533e-03
   5.4522274e-02   3.2831445e-01   1.7219422e+00   1.0665176e-04   1.9674820e-03  -1.0234989e-03
   3.5185434e-02   3.3098361e-01   1.7115450e+00   4.0993666e-04   9.2659277e-04  -4.4166728e-04
   7.5170146e-02   3.0110142e-01   1.6904668e+00   1.6071404e-03   1.9273821e-03  -1.4500418e-03
   5.1708639e-02  -4.9671460e-02   1.5573233e+00   3.2438978e-03   2.3657170e-03   1.9681975e-04
   8.0012857e-02   3.4055694e-01   1.6830541e+00   2.8725690e-03   2.1367397e-03  -1.9149283e-03
   8.0095292e-02   3.3742395e-01   1.7168984e+00   2.1999618e-03   2.2103167e-03  -1.7692480e-03
   7.8063032e-02   3.6519942e-01   1.7654161e+00   2.1599496e-03   1.6952700e-03  -1.9015561e-03
   6.1179330e-02   3.5452074e-01   1.7909443e+00   1.7028134e-03   1.0436326e-03  -1.3762897e-03
   9.8903281e-02   3.3513692e-01   1.6475114e+00   6.2160898e-03   3.2154562e-03  -1.8757850e-03
   1.0296430e-01   3.6263022e-01   1.7619957e+00   4.0820061e-03   3.4826898e-03  -2.1977414e-03
   2.6552465e-02  -1.0960125e-02   1.6271577e+00   2.7858082e-03   3.0763837e-03  -2.4850754e-04
   9.0848482e-02   3.6687255e-01   1.7509749e+00   2.2920309e-03   2.9049160e-03  -2.3730189e-03
   1.0824529e-01   3.6127608e-01   1.6790635e+00   7.8927598e-03   3.4234149e-03  -3.4986464e-03
   8.7471062e-02   3.7690703e-01   1.8616362e+00   5.3289620e-03   2.3474534e-03  -2.5770264e-03
   9.3147863e-02   4.0206531e-01   1.7536585e+00   2.4099002e-03   2.6384300e-03  -2.6436539e-03
   8.8424570e-02   3.9073666e-01   1.8138628e+00   4.9974237e-03   2.8716843e-03  -2.1304696e-03
   8.5789953e-02   3.8082054e-01   1.7730547e+00   4.5827393e-03   2.9956755e-03  -2.1103748e-03
   1.0989858e-01   3.9486175e-01   1.8624194e+00   5.4408001e-03   2.2586030e-03  -2.6243074e-03
   9.7231466e-02   4.0166847e-01   1.8982552e+00   2.5269146e-03   2.1357202e-03  -1.9304933e-03
   1.3711502e-01   4.1115081e-01   1.8439400e+00   2.5753806e-03   2.6662774e-03  -3.0660582e-03
   7.6103474e-02   4.2130256e-01   1.9239243e+00   7.2254063e-03   1.1660073e-03  -2.2325258e-03
   1.0359443e-01   3.9068696e-01   1.9957007e+00   2.0647979e-03   1.5176883e-03  -2.5264249e-03
   8.5566460e-02   4.0947839e-01   1.9470659e+00   1.1762696e-03   8.7938297e-04  -1.9702510e-03
   1.0434702e-01   3.8957809e-01   1.9585275e+00   3.1987949e-03   1.9916098e-03  -1.6826503e-03
   9.5065267e-02   4.0093455e-01   2.0067165e+00   1.8434479e-03   1.0445243e-03  -2.0416566e-03
   9.8010943e-02   4.0189163e-01   1.9653414e+00   2.3312734e-03   1.6654647e-03  -1.9655744e-03
   1.1676438e-01   4.1458677e-01   1.9931635e+00   3.5768678e-03   2.6573224e-03  -2.2698015e-03
   1.0277456e-01   3.7326594e-01   1.9694541e+00   3.0361190e-04   2.2337121e-03  -2.1886177e-03
   1.0482647e-01   4.0656964e-01   2.0156564e+00   5.4129240e-03   1.7748026e-03  -2.2297861e-03
   1.0869521e-01   3.8998315e-01   2.0785966e+00   2.5810379e-03   1.6791991e-03  -2.3496811e-03
   1.0643164e-01   3.8219028e-01   2.0946873e+00   1.2349633e-03   1.8361766e-03  -1.7575146e-03
   9.3307341e-02   3.9768871e-01   2.1172017e+00   1.1795829e-03   1.4922731e-03  -1.1677901e-03
   8.5086885e-02   3.7277346e-01   2.1122791e+00   5.5824494e-04   1.6181817e-03  -9.3387860e-04
   7.4774799e-02   3.4376713e-01   2.0863270e+00  -5.5137630e-04   1.1409789e-03  -1.3991601e-03
   1.2129354e-01   4.0028364e-01   2.0305831e+00   2.7940280e-03   1.5886253e-03  -2.2331062e-03
   9.4860976e-02   3.6982393e-01   2.1344152e+00   1.8826445e-03   1.1042900e-03  -1.6952288e-03
   1.0626507e-01   3.8973316e-01   2.1647327e+00   4.6572568e-04   1.3172098e-03  -1.8681742e-03
   1.2336785e-01   4.1810354e-01   2.1010632e+00   2.1250361e-03   2.6469278e-03  -2.5627012e-03
   1.2674689e-01   4.1008941e-01   2.1610683e+00   5.0759124e-03   1.8897234e-03  -2.6963884e-03
   1.0968702e-01   4.1034610e-01   2.2305110e+00   2.0787891e-03   1.3313239e-03  -2.0947385e-03
   1.0394205e-01   4.1291788e-01   2.2525442e+00   1.4728595e-03   1.1454085e-03  -2.0966900e-03
   9.1037733e-02   4.0153259e-01   2.2641531e+00   7.8207079e-04   1.3018565e-03  -1.2951937e-03
   1.1281314e-01   3.9589862e-01   2.2407113e+00   1.0775694e-03   1.3742686e-03  -1.1182826e-03
   1.2986527e-01   4.4054778e-01   2.1677905e+00   4.3691537e-03   1.8262886e-03  -4.4555452e-03
   1.0916142e-01   4.0526841e-01   2.3114721e+00   3.4408747e-03   1.3002360e-03  -1.3543536e-03
   1.0647690e-01   4.0422960e-01   2.3149619e+00   1.9600274e-03   1.7362559e-03  -2.0751011e-03
   1.2215350e-01   4.2727414e-01   2.3104543e+00   2.3100091e-03   1.6533467e-03  -2.0326030e-03
   8.2177488e-02   4.3165562e-01   2.3292465e+00   4.6684943e-03   1.3069655e-03  -8.1894319e-04
   1.1633401e-01   4.2973106e-01   2.3641818e+00   8.2557029e-04   1.1933834e-03  -2.0025054e-03
   1.0852388e-01   4.1528902e-01   2.4006058e+00   6.4749762e-04   1.3737545e-03  -1.3776460e-03
   1.0699815e-01   4.3098131e-01   2.4101887e+00   1.5887848e-03   1.5402219e-03  -1.2400568e-03
   1.1490450e-01   4.1460735e-01   2.4296106e+00   1.7423666e-03   1.5805155e-03  -1.2966449e-03
   1.2902409e-01   4.7735455e-01   2.2688136e+00   8.2649238e-05   2.7751265e-03  -1.7518598e-03
   1.3938026e-01   4.4682701e-01   2.3987169e+00   4.2882185e-03   2.0366847e-03  -2.6410003e-03
   1.1643480e-01   4.1390257e-01   2.4288801e+00   2.1676432e-03   1.6725101e-03  -1.8580649e-03
   1.1005345e-01   4.2470438e-01   2.4238218e+00   1.0529158e-03   1.9325226e-03  -1.3592705e-03
   1.2158048e-01   4.6056928e-01   2.4272219e+00   1.9686076e-03   1.6724194e-03  -1.3741583e-03
   1.3043658e-01   4.1923587e-01   2.5039917e+00   2.5182212e-03   2.1873555e-03  -1.8294081e-03
   1.2550337e-01   4.2362917e-01   2.5154912e+00   2.1379382e-03   1.9329939e-03  -1.6097398e-03
   1.2531702e-01   4.6429295e-01   2.4909768e+00   2.2962580e-03   2.1330028e-03  -1.6178782e-03
   1.2886502e-01   4.5682601e-01   2.5306570e+00   1.3973005e-03   2.1042326e-03  -1.4936936e-03
   1.3865708e-01   4.2183359e-01   2.4433200e+00   3.0547716e-03   3.2951187e-03  -2.2908120e-03
   1.4463534e-01   3.7547370e-01   2.5075867e+00   2.8318226e-03   2.4211973e-03  -2.5314469e-03
   1.4028684e-01   4.3927316e-01   2.5558308e+00   1.4293048e-03   1.8431810e-03  -2.3294236e-03
   1.0581248e-01   4.8548361e-01   2.5111074e+00   4.1039761e-03   1.0447003e-03  -2.0747784e-03
   1.1815119e-01   4.5672161e-01   2.6327707e+00   1.7169435e-03   9.0564829e-04  -2.2586630e-03
   8.7846408e-02   4.5927283e-01   2.6297064e+00   7.2263135e-04   7.3426993e-04  -1.8540546e-03
   9.1883722e-02   4.8754533e-01   2.6673560e+00   1.4161003e-03   6.5449050e-04  -1.2180530e-03
   9.3078440e-02   4.4532544e-01   2.6913652e+00   1.1861237e-03   5.1137108e-04  -1.1924907e-03
   1.2392240e-01   4.7788569e-01   2.6289823e+00   1.1650128e-03   1.7165402e-03  -1.2599384e-03
   1.2256946e-01   4.4472496e-01   2.6718786e+00   1.8417416e-03   1.2742034e-03  -1.2086277e-03
   1.0918435e-01   4.5371699e-01   2.6971465e+00   1.3919597e-03   1.6288024e-03  -9.6069317e-04
   1.3691254e-01   4.7028584e-01   2.7074366e+00   1.0916362e-03   2.2404508e-03  -2.0592129e-03
   1.2938187e-01   4.7565696e-01   2.6734731e+00   4.0534374e-03   1.5148727e-03  -1.6829646e-03
   1.3323492e-01   4.6944678e-01   2.7711855e+00   1.1022678e-03   1.2069294e-03  -2.2791352e-03
   1.2037926e-01   4.5640452e-01   2.8045873e+00   1.3982064e-03   1.1205767e-03  -1.9425013e-03
   1.1002676e-01   5.1097190e-01   2.7200701e+00   5.8120806e-04   2.1301542e-03  -1.6399481e-03
   1.5734262e-01   4.7211070e-01   2.7571199e+00   3.4124245e-03   1.6941866e-03  -2.5331730e-03
   1.6003441e-01   4.6595507e-01   2.7812966e+00   1.5712728e-03   2.0468064e-03  -2.6111073e-03
   1.2931674e-01   4.5453641e-01   2.8229317e+00   1.6245703e-03   1.6412112e-03  -1.4548878e-03
   1.4279588e-01   4.8726535e-01   2.8341519e+00   1.4234547e-03   1.9233939e-03  -1.9893792e-03
   7.4548425e-02   3.1155116e-01   2.8118898e+00  -9.7028913e-06   9.3715130e-04  -4.2928704e-04
   1.2868794e-01   4.6911378e-01   2.8412625e+00   6.9900889e-04   1.6615844e-03  -1.3271337e-03
   1.3031274e-01   4.8172955e-01   2.8769957e+00   6.3917380e-04   1.7280953e-03  -1.5076626e-03
   9.3804833e-03   5.7217893e-01   2.9011690e+00   1.7651793e-03   9.2399012e-04   1.9969294e-03
   1.4932071e-01   5.0732825e-01   2.7880467e+00   1.3333596e-03   2.7234500e-03  -2.2930144e-03
   1.4722751e-01   4.6296509e-01   2.8543859e+00   3.6890354e-03   1.3042016e-03  -2.5740953e-03
   1.5901313e-01   4.7416347e-01   2.8796176e+00   1.2963365e-03   1.8282595e-03  -2.3827080e-03
   1.3738141e-01   4.8685240e-01   2.9481260e+00   1.6185313e-03   9.2711974e-04  -1.8016817e-03
   1.5756969e-01   4.6895899e-01   2.8727368e+00   3.8128494e-03   1.5685953e-03  -1.7629230e-03
   1.4003988e-01   4.8516609e-01   2.9222569e+00   1.2862798e-03   8.8820310e-04  -1.8260644e-03
   1.4823528e-01   4.8837598e-01   2.9486494e+00   1.6523442e-03   2.1315832e-03  -1.6801081e-03
   1.9506771e-01   4.9961529e-01   2.8971614e+00   7.1073436e-03   1.9600474e-03  -2.7929672e-03
   1.7128979e-01   5.2895029e-01   2.9254422e+00   5.8332859e-03   1.2585060e-03  -3.2720347e-03
   1.3372873e-01   4.9869966e-01   3.0244352e+00   2.7792910e-03   9.7176829e-04  -1.5797452e-03
   1.3331769e-01   4.7170705e-01   3.0507579e+00   2.3105288e-03   1.0168949e-03  -1.7869168e-03
   1.3229467e-01   4.9415339e-01   3.0479178e+00   1.7208295e-03   1.1146995e-03  -1.0195979e-03
   1.0556277e-01   4.7553221e-01   3.0784446e+00  -1.0209145e-04   1.1391449e-03  -6.1665912e-05
   1.1430753e-01   4.6061283e-01   3.0667918e+00  -4.2377827e-05   1.0674572e-03  -4.8904501e-04
   1.2925409e-01   4.9181312e-01   3.1201171e+00   9.3168142e-04   1.0810086e-03  -1.1992805e-03
   1.1961167e-01   4.9036250e-01   3.1171476e+00   8.6406315e-04   3.9202522e-05  -1.4000466e-03
   1.1399486e-01   3.3907875e-01   3.1602328e+00   4.4481389e-03   2.1498795e-03  -2.1348289e-03
   1.5940511e-01   5.0691942e-01   3.1316646e+00   1.7498454e-03   1.2803588e-03  -1.7685098e-03
   1.5223553e-01   4.9670182e-01   3.1715172e+00   1.6999200e-03   1.0612610e-03  -1.7766011e-03
   1.3106562e-01   5.1949903e-01   3.1791585e+00   8.4659762e-04   9.0623459e-04  -1.1241961e-03
   1.4787459e-01   5.1652109e-01   3.1807854e+00   1.0290117e-03   1.4239128e-03  -1.3088638e-03
   1.4155804e-01   5.0437735e-01   3.1947210e+00   9.1028574e-04   1.4254724e-03  -1.2210216e-03
   1.4392410e-01   5.2759232e-01   3.2016471e+00   3.2514517e-04   1.7691828e-03  -1.2711783e-03
   1.3748550e-01   5.3008839e-01   3.2263751e+00   1.8546315e-03   1.2709827e-03  -1.2918625e-03
   1.6231331e-01   5.5448684e-01   3.2191436e+00   5.0648766e-04   8.0070528e-04  -1.6594172e-03
   1.4213888e-01   5.2983221e-01   3.2596132e+00   3.6661877e-04   1.4388035e-03  -1.2604168e-03
   1.4116672e-01   5.3212747e-01   3.2869973e+00   1.2749434e-03   7.8408683e-04  -9.8453507e-04
   1.4108579e-01   5.5635066e-01   3.2773620e+00   7.5162868e-04   7.7027849e-04  -9.9002391e-04
   1.5111425e-01   5.2771843e-01   3.2964544e+00   1.1223207e-03   1.7907038e-03  -9.3283918e-04
   1.4695545e-01   5.4106986e-01   3.2814888e+00   2.8067005e-04   5.6541666e-04  -9.9607538e-04
   1.5666635e-01   5.3382427e-01   3.2932109e+00   8.3641454e-04   1.9483192e-03  -1.4970415e-03
   1.4753381e-01   5.5985509e-01   3.3123057e+00   1.9878271e-03   8.2092234e-04  -1.2848963e-03
   1.5707344e-01   5.9161699e-01   3.3753349e+00   8.3088879e-04   9.8642954e-04  -1.9613322e-03
   2.2669618e-02   6.6217318e-01   3.3437143e+00   1.3280793e-04  -3.9895690e-04   1.1473197e-03
   1.6308871e-01   6.3518716e-01   3.2557979e+00   1.1466037e-03   2.4824834e-03  -2.5335680e-03
   1.8009957e-01   5.5982764e-01   3.4319626e+00   4.9723040e-03   5.0771790e-04  -2.6957437e-03
   1.6025524e-01   6.1760871e-01   3.4693995e+00   1.7589596e-03  -1.5899772e-04  -2.9609748e-03
   1.5388536e-01   5.5488377e-01   3.5050010e+00   1.7866141e-03   3.1391050e-04  -2.0482352e-03
   1.4024256e-01   5.6948860e-01   3.3695491e+00   1.7443354e-03   1.3334512e-03  -1.2438488e-03
   1.3607549e-01   5.6252286e-01   3.5064590e+00   1.8434403e-03   2.8920964e-04  -9.6750592e-04
   1.4337758e-01   5.8678340e-01   3.5273011e+00   1.9430533e-03   7.5853471e-04  -9.3052323e-04
   1.2636436e-01   5.9031048e-01   3.4701255e+00   1.7546805e-03   1.0430150e-03  -9.4611899e-04
   1.4369640e-01   5.6123663e-01   3.4769403e+00   6.7610130e-03   1.0225867e-03  -1.3505544e-03
   1.4091744e-01   5.8260230e-01   3.4955400e+00   2.4161685e-03   8.5116836e-04  -1.4086482e-03
   1.5149170e-01   5.9195114e-01   3.4770845e+00   1.2423260e-03   2.1078429e-03  -1.8528844e-03
   1.6105335e-01   5.6233435e-01   3.4221109e+00   4.6780098e-03   6.9565539e-04  -2.4296856e-03
   1.4379804e-01   5.5849845e-01   3.4893842e+00   4.8168450e-03   1.5769739e-03  -1.6291773e-03
   1.4588559e-01   5.7671306e-01   3.5338795e+00   3.5771241e-03   1.1425637e-03  -1.8190764e-03
   1.4556376e-01   5.9309434e-01   3.5912592e+00   2.7146378e-03   1.2572804e-03  -1.3249544e-03
   1.3387704e-01   5.5630175e-01   3.5892541e+00   1.8278366e-03   1.8256144e-04  -1.3616264e-03
   1.3150882e-01   6.1710374e-01   3.5794767e+00   2.4422570e-03   1.0647714e-03  -1.6132762e-03
   1.3786238e-01   6.1500988e-01   3.6115839e+00   3.5116213e-03   1.5871348e-04  -2.2180784e-03
   1.3987842e-01   6.1237469e-01   3.6255495e+00   1.3041560e-03   3.3848579e-04  -1.8139736e-03
   1.5398458e-01   6.2392728e-01   3.5360652e+00   2.8145111e-03   7.0748764e-04  -2.5528557e-03
   1.5371489e-01   6.3314310e-01   3.6495092e+00   4.5854600e-03   5.7865821e-04  -2.0356734e-03
   1.5179748e-01   6.2229173e-01   3.6608191e+00   3.8778543e-03   1.8290043e-03  -2.1332874e-03
   1.3599849e-01   6.2043702e-01   3.6970298e+00   4.4678339e-03   4.6051216e-04  -1.9239591e-03
   1.2237646e-01   6.0440365e-01   3.7801223e+00   2.7068210e-03   3.5295962e-04  -1.3379918e-03
   1.4377788e-01   9.8210236e-01   3.7605066e+00   9.1399726e-04   4.2063542e-04  -3.1855490e-03
   1.2482856e-01   5.9233985e-01   3.7930025e+00   1.1671705e-03   6.6715802e-04  -1.0112122e-03
   5.8106471e-02   6.0793142e-01   3.7825122e+00  -2.0050753e-04  -2.1638641e-04   5.6182087e-04
   1.3173732e-01   5.8087710e-01   3.7957952e+00   5.9535208e-04   2.9540707e-04  -5.4267194e-04
   1.2350176e-01   5.9641359e-01   3.8229653e+00   6.5703130e-04   3.2888775e-04  -7.0511490e-04
   1.1709491e-01   5.7718107e-01   3.7881303e+00   6.1543411e-04   7.5468352e-05  -7.4441890e-04
   1.2597429e-01   5.8351461e-01   3.8012751e+00   2.7124446e-05   3.6189979e-04  -9.2140212e-04
   1.4905038e-01   6.1114703e-01   3.7987873e+00   1.1338203e-03   9.1581467e-04  -1.2797025e-03
   1.3915566e-01   6.1508285e-01   3.8439607e+00   1.3466841e-03   1.3163844e-04  -1.3270550e-03
   1.5353819e-01   6.0205165e-01   3.8559527e+00   9.4044070e-04   5.4654488e-04  -1.5891801e-03
   1.5308766e-01   6.4237677e-01   3.8177012e+00   1.1690662e-03   6.3690450e-04  -2.0921760e-03
   1.6801611e-01   5.5167716e-01   3.8678543e+00   5.0062468e-03   8.1054204e-04  -2.1054554e-03
   1.7489120e-01   6.1329437e-01   3.8853115e+00   1.7375850e-03   1.0280697e-03  -2.1811860e-03
   1.6775209e-01   6.1149244e-01   3.8447539e+00   4.8294880e-03   1.0569150e-03  -2.1496650e-03
   1.5845996e-01   6.1204011e-01   3.9764091e+00   3.6338186e-03   6.2570978e-04  -1.8620487e-03
   1.4302084e-01   5.9466966e-01   3.9856326e+00   2.3820220e-03   4.6868494e-04  -1.4082805e-03
   1.5246731e-01   5.9977230e-01   4.0138564e+00   2.5082441e-03   1.1583284e-03  -1.1560457e-03
   1.7036388e-01   6.1697966e-01   3.9318867e+00   3.9353121e-03   1.8222074e-03  -1.2405656e-03
   1.6493708e-01   6.1313961e-01   4.0028960e+00   2.9388619e-03   1.4014942e-03  -1.6636230e-03
   1.6988454e-01   5.9117458e-01   4.0090293e+00   2.3924927e-03   8.7293617e-04  -1.6098606e-03
   1.5533889e-01   6.0858581e-01   4.0496442e+00   2.6092248e-03   1.1740758e-03  -1.1166294e-03
   1.6829931e-01   5.6898867e-01   4.0260277e+00   1.8857639e-03   1.2457835e-03  -1.2689129e-03
   1.6849728e-01   5.8155656e-01   4.0686458e+00   1.9360915e-03   4.5654058e-04  -1.6383515e-03
   1.5638730e-01   6.2271227e-01   4.1040185e+00   1.8764066e-03   6.7174105e-04  -1.3434229e-03
   1.5497907e-01   6.2493116e-01   4.0885443e+00   1.2240786e-03   5.1974898e-04  -1.3246326e-03
   1.4779831e-01   5.9827498e-01   4.0644742e+00   7.0075883e-04   3.9346413e-04  -1.1244335e-03
   1.3651469e-01   5.2492485e-01   4.0268662e+00   1.6114669e-03   9.9414514e-04  -8.5650159e-04
   1.7978686e-01   6.0097842e-01   4.0562276e+00   2.9857352e-03   1.5317569e-03  -1.8480981e-03
   2.1325425e-01   6.2160059e-01   4.1166615e+00   2.0996329e-03   1.4266537e-03  -2.7405829e-03
   1.9783751e-01   6.1176711e-01   4.1537832e+00   2.1719135e-03   1.5404700e-03  -2.2089481e-03
   1.9184869e-01   6.4079285e-01   4.1792841e+00   2.2989842e-03   1.8138559e-03  -2.8811884e-03
   1.4627792e-01   6.6116153e-01   4.0859096e+00   4.0886193e-03   2.3134154e-03  -1.2648398e-03
   1.9774173e-01   6.5502715e-01   4.1613811e+00   5.7813517e-03   1.8606345e-03  -1.9017907e-03
   1.7084989e-01   6.6113712e-01   4.1998566e+00   4.3293937e-03   1.1637531e-03  -1.7712307e-03
   1.8911377e-01   6.5786824e-01   4.2350210e+00   4.0593009e-03   1.3623880e-03  -2.2471095e-03
   1.9147949e-01   6.3839771e-01   4.1845831e+00   2.5595200e-03   1.6503525e-03  -1.7581458e-03
   1.5125813e-01   6.5217467e-01   4.2034996e+00   3.2706332e-03   8.8868453e-04  -8.7956019e-04
   1.6140687e-01   4.8167588e-01   4.2781880e+00   4.4151355e-03   1.8655741e-04  -1.9547220e-03
   1.8742356e-01   6.3721862e-01   4.2606576e+00   2.4620575e-03   1.3107933e-03  -1.3810144e-03
   1.7692326e-01   6.3332273e-01   4.2869062e+00   1.6879048e-03   1.3506901e-03  -1.1008921e-03
   1.5869100e-01   6.3029644e-01   4.2672242e+00   1.5755616e-03   5.5403202e-04  -1.0154518e-03
   1.7424645e-01   5.9405632e-01   4.3212661e+00   2.4592426e-03   1.1483286e-03  -1.4932058e-03
   1.5675147e-01   6.3327386e-01   4.3623513e+00   2.2039173e-03   1.0334509e-03  -1.0382650e-03
   1.7493870e-01   6.4241221e-01   4.3642913e+00   2.0736851e-03   1.1684851e-03  -1.4525182e-03
   1.7361420e-01   6.5138518e-01   4.3649505e+00   1.2713211e-03   1.2015048e-03  -1.2825515e-03
   1.8163061e-01   6.4547856e-01   4.3905019e+00   2.1851812e-03   1.1492198e-03  -1.4322336e-03
   1.9167256e-01   6.8133152e-01   4.4002139e+00   3.4811474e-03   2.3998230e-03  -1.5477577e-03
   2.0775617e-01   6.3942958e-01   4.4107666e+00   2.6339093e-03   1.5954965e-03  -1.9907117e-03
   2.0050157e-01   6.6923127e-01   4.4565229e+00   2.3580118e-03   1.6533012e-03  -1.6536900e-03
   1.9331341e-01   6.5911236e-01   4.4448118e+00   1.8468056e-03   1.8271632e-03  -1.5360534e-03
   2.0550617e-01   6.6874701e-01   4.4590794e+00   1.8242034e-03   1.8354141e-03  -1.9045242e-03
   2.0464495e-01   6.6621636e-01   4.4603869e+00   1.3808295e-03   1.6994116e-03  -1.5228420e-03
   1.9088548e-01   6.8776239e-01   4.4625588e+00   1.8520121e-03   1.1298322e-03  -1.2373332e-03
   1.9345259e-01   6.7952012e-01   4.4643863e+00   1.4543516e-03   1.4334071e-03  -1.2895018e-03
   1.9770107e-01   6.7805810e-01   4.4885415e+00   1.1902249e-03   1.3400225e-03  -1.7359963e-03
   2.0413911e-01   6.8466528e-01   4.5257205e+00   1.8008941e-03   1.3826976e-03  -1.2544721e-03
   2.1024087e-01   6.6096036e-01   4.5410093e+00   1.9857840e-03   1.5822012e-03  -1.7032826e-03
   2.0472728e-01   7.0079145e-01   4.5727037e+00   2.0741583e-03   2.0756548e-03  -1.9042966e-03
   2.2609775e-01   6.6427616e-01   4.4341863e+00   1.7295948e-03   2.8690070e-03  -1.0761093e-03
   1.8214915e-01   6.8986562e-01   4.5111478e+00   3.6431885e-03   2.3079420e-04  -2.1095651e-03
   1.7208503e-01   6.8804718e-01   4.5308521e+00   2.3246440e-03  -5.8720671e-05  -2.0693559e-03
   1.9620099e-01   6.6924277e-01   4.5764199e+00   1.8141876e-03   3.6028484e-04  -2.0970063e-03
   1.8756479e-01   6.6918478e-01   4.6079547e+00   2.1039193e-03  -6.0965419e-05  -1.8313462e-03
   1.8743380e-01   6.5795595e-01   4.6241803e+00   1.5889250e-03   2.8029881e-04  -1.1916707e-03
   1.7005763e-01   6.9478949e-01   4.6505381e+00   7.5985755e-04   8.6499817e-04  -4.2470771e-04
   2.0747193e-01   6.7705359e-01   4.6467420e+00   1.2830969e-03   1.2341453e-03  -1.5461368e-03
   1.8713715e-01   6.8866650e-01   4.6784876e+00   1.2504171e-03   7.3699346e-04  -1.3721270e-03
   2.1395429e-01   6.5576130e-01   4.6932872e+00   1.5018592e-03   9.3525177e-04  -1.6861533e-03
   2.0800406e-01   6.7269412e-01   4.6871870e+00   1.5241794e-03   9.1928582e-04  -1.4222566e-03
   1.9989200e-01   6.9643395e-01   4.7101992e+00   9.1847860e-04   8.0035138e-04  -1.1068495e-03
   1.9440830e-01   6.7782907e-01   4.7263221e+00   1.9686639e-03   6.7937934e-04  -1.2595055e-03
   1.9564827e-01   6.7687142e-01   4.7270361e+00   1.6634719e-03   6.1269333e-04  -1.7233151e-03
   1.8887634e-01   6.7397168e-01   4.7299518e+00   1.1879188e-03   6.4797535e-04  -1.5005060e-03
   1.8272474e-01   7.0101752e-01   4.7662015e+00   1.3981059e-03   9.4547527e-04  -8.4993017e-04
   2.0388625e-01   6.8930691e-01   4.7838147e+00   1.7627541e-03   6.0036437e-04  -1.3985269e-03
   1.8995629e-01   6.9590189e-01   4.8013738e+00   1.5554974e-03   4.5957752e-04  -9.5278185e-04
   2.0010325e-01   7.0368584e-01   4.7863430e+00   1.1850029e-03   8.7411447e-04  -1.1823116e-03
   2.0593746e-01   7.1905656e-01   4.8208286e+00   1.6260329e-03   1.0589276e-03  -1.5936721e-03
   2.1782114e-01   7.2972721e-01   4.7726518e+00   2.7740441e-03   1.1861264e-03  -1.6953470e-03
   2.4793742e-01   7.0811721e-01   4.8026059e+00   2.4018178e-03   1.5993551e-03  -2.8641530e-03
   2.2922306e-01   6.9116423e-01   4.8396037e+00   2.2205067e-03   1.6603274e-03  -2.0892479e-03
   2.1752292e-01   7.1568549e-01   4.8634696e+00   1.8863957e-03   1.9185810e-03  -1.7532671e-03
   2.1358835e-01   7.0851565e-01   4.8649715e+00   1.0327219e-03   1.7087950e-03  -1.4459782e-03
   2.3995991e-01   7.1713370e-01   4.8879257e+00   1.9215081e-03   1.8532533e-03  -2.1816195e-03
   2.2476244e-01   6.9705627e-01   4.9017122e+00   1.7262889e-03   1.3360343e-03  -1.7821773e-03
   2.3321369e-01   6.9912250e-01   4.9349347e+00   1.3800211e-03   1.3688306e-03  -1.5365064e-03
   2.2255168e-01   7.2460299e-01   4.9320714e+00   1.6009351e-03   1.6036128e-03  -1.4189974e-03
   2.1855626e-01   6.8383102e-01   4.9341896e+00   1.1001586e-03   1.5337675e-03  -1.3843394e-03
   1.9486081e-01   8.7377951e-01   4.9314097e+00   1.5872890e-03   1.6485688e-03  -5.7554191e-04
   2.4127908e-01   7.3245779e-01   4.9291700e+00   1.1204714e-03   1.4067543e-03  -1.7750437e-03
   2.3877848e-01   7.3584578e-01   4.9831365e+00   2.0731974e-03   1.9115927e-03  -2.0189647e-03
   1.9684065e-01   7.3672528e-01   5.0317513e+00   2.6956154e-03   1.0424112e-03  -1.7199500e-03
   2.1493298e-01   5.2435998e-01   5.0751676e+00   4.5694807e-03   8.0043301e-04  -2.6616437e-03
   2.0652966e-01   7.1543933e-01   5.0535905e+00   2.0400453e-03   8.8214770e-04  -1.4176475e-03
   2.1485285e-01   7.1095360e-01   5.0285160e+00   1.0915951e-03   9.9327347e-04  -1.3108242e-03
   2.1605665e-01   7.1839032e-01   5.0377705e+00   1.1366855e-03   8.5345277e-04  -1.6538692e-03
   2.2501197e-01   7.6403635e-01   5.0813766e+00   2.2736246e-03   4.6728820e-04  -1.8135875e-03
   2.1614950e-01   7.3731464e-01   5.0742683e+00   2.1224101e-03   1.7865790e-03  -1.2045623e-03
   2.2970289e-01   7.3063708e-01   5.0830321e+00   1.8057241e-03   2.1176887e-03  -1.5003315e-03
   2.3567269e-01   7.6282242e-01   5.1268776e+00   1.9946499e-03   2.0422167e-03  -2.4087170e-03
   2.5530322e-01   7.7469368e-01   5.0706720e+00   5.5697843e-03   2.6907879e-03  -1.8769697e-03
   2.5453435e-01   5.3649742e-01   5.0312418e+00   1.0851522e-03   2.0651341e-03  -1.6653303e-03
   2.4792276e-01   7.5277368e-01   5.1253478e+00   2.3354043e-03   2.1176691e-03  -1.9998713e-03
   2.6969788e-01   8.4618107e-01   5.0822253e+00   2.3902336e-04   1.7358897e-03  -3.8046717e-03
   2.4222358e-01   8.0925806e-01   5.1439711e+00   2.6487799e-03   2.5794834e-03  -2.0367118e-03
   2.6911661e-01   7.6319770e-01   5.1488916e+00   2.8395855e-03   2.6320214e-03  -2.7974574e-03
   2.5965189e-01   7.5894680e-01   5.1360123e+00   2.1840838e-03   2.3122030e-03  -2.6219777e-03
   2.6061892e-01   7.5214858e-01   5.1876949e+00   4.9949910e-03   1.3395851e-03  -2.3335322e-03
   2.6416158e-01   7.5716419e-01   5.2110712e+00   3.0903951e-03   1.8049225e-03  -2.4774791e-03
   2.2508006e-01   7.7748667e-01   5.2555424e+00   2.5132903e-03   1.2114617e-03  -1.6945844e-03
   2.4301658e-01   7.5595737e-01   5.2489837e+00   2.4972798e-03   1.6401875e-03  -1.7408864e-03
   2.5322787e-01   7.7554258e-01   5.2545449e+00   2.4815316e-03   1.3353899e-03  -2.0135188e-03
   2.1906907e-01   7.7222771e-01   5.2663186e+00   1.1680869e-03   1.2634811e-03  -1.3452838e-03
   2.3149715e-01   7.6231504e-01   5.2828281e+00   1.6186801e-03   1.3939978e-03  -1.4834996e-03
   2.9123096e-01   7.9757752e-01   5.2347776e+00  -2.9548830e-04   1.3514560e-03  -3.9600893e-03
   2.3817857e-01   7.7162166e-01   5.2869815e+00   1.0569858e-03   1.6073484e-03  -1.4952881e-03
   2.4778639e-01   7.8299635e-01   5.3166943e+00   1.7019326e-03   2.0885057e-03  -1.7674065e-03
   2.8730328e-01   7.8844684e-01   5.2424218e+00   2.5603582e-03   2.8309920e-03  -1.9537446e-03
   2.6032599e-01   7.4406138e-01   5.2677342e+00   4.5399757e-03   3.3274176e-03  -1.8031174e-03
   2.5471119e-01   7.2587288e-01   5.2441711e+00   1.2553268e-03   3.9497204e-03  -1.7970670e-03
   2.6862945e-01   7.6699805e-01   5.2887608e+00   2.0509392e-03   3.5747580e-03  -2.2139930e-03
   2.6843245e-01   7.7093312e-01   5.3454100e+00   2.2967060e-03   3.6689403e-03  -1.9695049e-03
   2.5156824e-01   7.8218220e-01   5.4122976e+00   3.0144178e-03   3.0939894e-03  -1.5323522e-03
   2.4454282e-01   6.7163102e-01   5.3798869e+00   7.1109270e-05   2.3679870e-03  -1.5843270e-03
   2.4452526e-01   7.9002756e-01   5.4036904e+00   1.0540912e-03   2.9062059e-03  -1.3505780e-03
   2.4553269e-01   7.9242997e-01   5.4502545e+00   1.4720692e-03   2.6061847e-03  -1.5881447e-03
   2.3887440e-01   8.0072279e-01   5.4431743e+00   1.2142154e-03   2.5529983e-03  -1.2279438e-03
   2.5867812e-01   7.8568688e-01   5.4556381e+00   8.0484135e-04   3.2506629e-03  -1.6394801e-03
   2.4998109e-01   7.8165894e-01   5.4260662e+00   1.3546931e-03   2.4799051e-03  -1.7925334e-03
   2.6501336e-01   7.7363299e-01   5.4727659e+00   2.8201321e-03   2.4768866e-03  -1.8008677e-03
   2.5449536e-01   7.7318910e-01   5.4916837e+00   2.1728965e-03   2.3209064e-03  -1.6863472e-03
   2.2719781e-01   6.2802633e-01   5.5255940e+00   2.5023267e-03   2.2428287e-03  -1.2659508e-03
   2.2802318e-01   7.6190381e-01   5.5397792e+00   1.6035475e-03   1.5629702e-03  -1.3608053e-03
   2.4360544e-01   7.7060309e-01   5.5241825e+00   1.1722790e-03   2.0912526e-03  -1.3725221e-03
   2.3616137e-01   7.9583600e-01   5.5419008e+00   1.2137232e-03   1.9818420e-03  -1.0238588e-03
   2.5748477e-01   8.0597103e-01   5.5338594e+00   3.8894517e-04   2.3847339e-03  -2.0087559e-03
   2.5772249e-01   7.7151099e-01   5.5657479e+00   9.8448399e-04   2.2071556e-03  -1.6349079e-03
   2.4188502e-01   7.6711435e-01   5.5947439e+00   1.8048429e-03   2.0693878e-03  -1.2349297e-03
   2.3754659e-01   7.8415508e-01   5.5954806e+00   1.0174816e-03   1.6020371e-03  -1.3245235e-03
   2.4192105e-01   7.5728163e-01   5.5914861e+00   9.4181282e-04   1.9331038e-03  -1.2012537e-03
   2.5881071e-01   8.0030916e-01   5.6369581e+00   1.7128195e-03   2.6271910e-03  -1.6239911e-03
   2.6207129e-01   7.7628886e-01   5.6301341e+00   1.0181388e-03   2.4067547e-03  -1.3700610e-03
   2.3482374e-01   7.6884415e-01   5.6532702e+00   1.7644902e-03   2.1488696e-03  -1.1779318e-03
   2.5724658e-01   7.8082919e-01   5.6665181e+00   1.8951872e-03   2.0921878e-03  -1.6881627e-03
   2.5144627e-01   7.7632198e-01   5.6920961e+00   1.6656445e-03   2.3618383e-03  -1.1429152e-03
   2.5171752e-01   7.7232141e-01   5.6798387e+00   1.3648343e-03   2.2038849e-03  -1.4392163e-03
   2.4760326e-01   7.7731487e-01   5.7223905e+00   1.4382844e-03   1.7742512e-03  -1.4978149e-03
   2.5724506e-01   7.8279313e-01   5.7165265e+00   2.1669450e-03   2.2633937e-03  -1.7184839e-03
   2.5555415e-01   7.9180284e-01   5.7405416e+00   1.7318605e-03   2.3617298e-03  -1.8247651e-03
   2.3586361e-01   8.2930852e-01   5.7072869e+00   3.4550080e-04   1.5538151e-03  -4.4358263e-03
   2.6718549e-01   7.8151345e-01   5.7234692e+00   9.5547525e-04   2.0637258e-03  -1.5838779e-03
   2.7039510e-01   8.2805581e-01   5.7134988e+00   5.4842399e-04   2.8569530e-03  -1.5816032e-03
   2.7256922e-01   8.1115978e-01   5.7269339e+00   3.1082721e-03   2.0662202e-03  -1.3995767e-03
   2.7431755e-01   7.9747422e-01   5.7400727e+00   1.8431455e-03   1.6583107e-03  -2.3755545e-03
   2.6885959e-01   8.3177517e-01   5.8002541e+00   2.3885621e-03   2.0456305e-03  -2.3746764e-03
   2.7892513e-01   8.0597222e-01   5.7842501e+00   1.8373757e-03   2.2282804e-03  -1.8064018e-03
   2.4290479e-01   8.2597349e-01   5.8533644e+00   1.0826862e-03   1.4197569e-03  -1.0284567e-03
   2.5730158e-01   8.2846481e-01   5.8362616e+00   1.5238469e-03   1.8003829e-03  -1.5096832e-03
   2.6433407e-01   8.3538091e-01   5.8656492e+00   1.5342982e-03   1.4678120e-03  -1.7418631e-03
   2.6195998e-01   8.5071254e-01   5.8519150e+00   1.0530317e-03   1.9678032e-03  -1.8682005e-03
   2.6008453e-01   8.1826966e-01   5.8552450e+00   6.3703417e-04   1.8601976e-03  -1.3430457e-03
   2.5344535e-01   8.2472251e-01   5.8861211e+00   1.5058235e-03   1.7909832e-03  -1.3151415e-03
   2.4705847e-01   8.1766847e-01   5.8982941e+00   1.6967877e-03   1.7341395e-03  -1.3496162e-03
   2.5522527e-01   8.3017217e-01   5.8986574e+00   1.7429329e-03   1.8804573e-03  -1.6736615e-03
   2.5017876e-01   8.2913527e-01   5.9030394e+00   1.7889634e-03   1.7438978e-03  -1.4205074e-03
   2.6379932e-01   8.2838088e-01   5.9253738e+00   1.8586442e-03   1.9099355e-03  -1.5000147e-03
   2.7339993e-01   8.4269533e-01   5.9322069e+00   1.7915784e-03   2.3447620e-03  -2.1124929e-03
   2.5045003e-01   8.2829710e-01   5.9422065e+00   1.6731152e-03   1.9766833e-03  -1.3214121e-03
   2.5924047e-01   7.9575533e-01   5.9412327e+00   1.1147597e-03   1.8743623e-03  -1.4218565e-03
   2.7220765e-01   8.1834307e-01   5.9733011e+00   2.2515486e-03   1.8918347e-03  -2.0369346e-03
   2.4989005e-01   8.2146747e-01   5.9707408e+00   1.3925954e-03   1.9315837e-03  -1.2200749e-03
   2.7141795e-01   8.0458757e-01   5.9932502e+00   2.0992372e-03   1.9865386e-03  -2.0348200e-03
   2.5718233e-01   8.3928047e-01   6.0353860e+00   2.7599236e-03   2.3137740e-03  -1.6011457e-03
   2.6927531e-01   8.3429212e-01   5.9893886e+00   2.0141453e-03   1.9082767e-03  -1.6033382e-03
   2.8124494e-01   8.2343505e-01   6.0164603e+00   2.5486633e-03   1.9117204e-03  -2.1695440e-03
   2.7249797e-01   8.1376872e-01   6.0538221e+00   2.2654381e-03   2.2171427e-03  -1.3702285e-03
   2.2480421e-01   7.8554581e-01   6.0526990e+00   2.2708695e-03   1.4497399e-03  -1.9746163e-03
   2.7420522e-01   8.3996284e-01   6.0562088e+00   1.9239903e-03   1.9848838e-03  -1.5092716e-03
   2.5116819e-01   8.1592244e-01   6.0706439e+00   1.1731290e-03   1.6854002e-03  -1.3093398e-03
   2.7878155e-01   8.2960663e-01   6.0670034e+00   1.4303516e-03   1.6154137e-03  -1.8374225e-03
   2.6615822e-01   8.1451540e-01   6.0995487e+00   1.9551581e-03   1.9623461e-03  -1.2934467e-03
   2.7113661e-01   8.2955109e-01   6.1040551e+00   1.6861532e-03   2.0455914e-03  -1.4623747e-03
   2.8199274e-01   8.2055517e-01   6.1267857e+00   2.0296958e-03   2.1586049e-03  -1.2876551e-03
   2.7927346e-01   8.4489323e-01   6.1367230e+00   2.0261662e-03   1.8671226e-03  -1.9581232e-03
   2.7423293e-01   8.5192488e-01   6.1524696e+00   2.4138651e-03   2.1593050e-03  -1.5235912e-03
   2.8347779e-01   8.2775082e-01   6.1685154e+00   2.5075818e-03   1.9594837e-03  -2.1575592e-03
   2.6478449e-01   8.3995332e-01   6.1736726e+00   1.8372464e-03   2.0967600e-03  -1.1666750e-03
   2.7085700e-01   8.4598434e-01   6.1702147e+00   1.1629879e-03   1.8697739e-03  -1.5612345e-03
   2.6588441e-01   7.8652898e-01   6.2410375e+00   3.1607790e-03   1.7624204e-03  -1.4540621e-03
   3.0390390e-01   8.5731509e-01   6.2343608e+00   2.6052121e-03   2.4115587e-03  -2.0987334e-03
   2.7434163e-01   8.5192508e-01   6.2304874e+00   1.7177017e-03   1.9414316e-03  -1.7530446e-03
   2.9642889e-01   8.4582436e-01   6.2360512e+00   1.8744789e-03   1.9461235e-03  -2.4514427e-03
   2.7225629e-01   8.3265759e-01   6.2400549e+00   2.0252624e-03   1.8847023e-03  -1.5586112e-03
   2.7579924e-01   8.5379286e-01   6.2704027e+00   2.0241590e-03   2.1090272e-03  -1.2884874e-03
   2.7242378e-01   8.3066068e-01   6.1768216e+00   2.9607480e-03   2.1274883e-03  -1.5480864e-03
   2.9508755e-01   7.7132120e-01   6.2109655e+00   6.6502064e-03   1.9755873e-03  -2.1667950e-03
   3.0718733e-01   7.4776089e-01   5.9294893e+00   5.0483472e-04   5.8397954e-03  -7.1421826e-04
   2.7405707e-01   7.8600075e-01   5.9972358e+00   9.9420662e-03   4.8100156e-04  -4.0469063e-03
   1.5834435e-01   6.5074653e-01   6.0529429e+00  -3.6287784e-04  -3.1105173e-03  -2.1125588e-03
   2.0243254e-01   7.4804869e-01   6.2184624e+00   7.6573800e-04   1.2739939e-03  -4.1043470e-04
   2.2260848e-01   7.5369552e-01   6.2275266e+00  -2.4795491e-03   6.4724739e-04  -6.6030374e-04
   2.1818630e-01   7.7056540e-01   6.2780512e+00  -2.5038107e-03   9.9672338e-04  -6.5424416e-04
   2.2743285e-01   7.8424467e-01   6.3054050e+00  -2.8857133e-03   1.0561006e-03  -7.8024643e-04
   2.4356721e-01   8.2444749e-01   6.3519701e+00  -2.2978544e-03   1.8211495e-03  -9.9514488e-04
   2.4327576e-01   8.1519992e-01   6.3425146e+00  -2.7701418e-03   1.1284236e-03  -1.1470849e-03
   2.1697505e-01   8.1792080e-01   6.3374399e+00  -3.3554290e-03   9.4443439e-04  -8.8799331e-04
   2.3067034e-01   8.4589677e-01   6.3618752e+00  -2.3456716e-03   1.2741346e-03  -9.6869063e-04
   2.3913731e-01   8.1255425e-01   6.3469328e+00  -2.7910503e-03   1.1256471e-03  -1.6380724e-03
   2.3339636e-01   8.3390083e-01   6.4170498e+00  -2.4384209e-03   6.0671441e-04  -9.3838823e-04
   2.5067189e-01   8.4397147e-01   6.4343940e+00  -2.2884369e-03   8.9634883e-04  -1.3262895e-03
   2.3187026e-01   7.9229245e-01   6.4249682e+00  -3.1358384e-03   7.7676473e-04  -1.2090702e-03
   2.5134544e-01   8.5242400e-01   6.4717512e+00  -1.9632115e-03   1.2349765e-03  -1.5583605e-03
   2.6338793e-01   8.5197541e-01   6.4607002e+00  -2.8333744e-03   1.3283302e-03  -1.7711789e-03
   2.4159504e-01   8.4380607e-01   6.5002868e+00  -7.1874927e-04   1.1549399e-03  -2.0316302e-03
   2.8989192e-01   9.2513013e-01   6.4556474e+00  -3.0396221e-03   1.2005638e-03  -3.1081496e-03
   2.7932443e-01   8.6626653e-01   6.4891628e+00  -2.7462977e-03   1.6001017e-03  -2.4609595e-03
   2.4473103e-01   8.5345317e-01   6.5351827e+00  -1.6717169e-03   9.9829016e-04  -1.0736388e-03
   2.5051025e-01   8.7115811e-01   6.5397491e+00  -2.4766264e-03   1.0779331e-03  -1.1785164e-03
   2.3613437e-01   8.2783966e-01   6.5499182e+00  -2.2030056e-03   1.2450769e-03  -9.4609839e-04
   2.4681741e-01   8.2433494e-01   6.5408655e+00  -2.0047866e-03   1.2388884e-03  -1.0278239e-03
   2.5385181e-01   8.5449011e-01   6.5759337e+00  -1.3846481e-03   1.5556804e-03  -1.0297455e-03
   2.8196054e-01   8.7057822e-01   6.5939065e+00  -2.0666312e-03   1.8444420e-03  -1.3318976e-03
   2.5773100e-01   8.8016406e-01   6.6277678e+00  -9.8908483e-04   1.7868108e-03  -1.2145079e-03
   2.7114573e-01   8.9672697e-01   6.6311725e+00  -6.2117701e-04   1.7651694e-03  -1.3834338e-03
   2.6497541e-01   9.1148446e-01   6.5947880e+00  -6.4680334e-04   6.7261221e-04  -1.1844609e-03
   2.7756666e-01   9.1352210e-01   6.5581258e+00  -1.4711148e-03   1.7218411e-03  -1.9670480e-03
   2.8404369e-01   9.0786091e-01   6.5956888e+00  -8.1532450e-04   2.0113097e-03  -1.6104848e-03
   2.8678929e-01   8.9875552e-01   6.6578517e+00  -2.7799499e-06   1.9107416e-03  -1.8015271e-03
   2.8774109e-01   9.1419873e-01   6.6586053e+00  -7.3309608e-04   2.2083531e-03  -1.7690188e-03
   2.6793800e-01   8.9805114e-01   6.6945257e+00  -8.4450478e-04   1.0698109e-03  -1.6431157e-03
   2.4099260e-01   8.8219349e-01   6.6932135e+00  -7.3028960e-04   1.4918783e-03  -1.0539504e-03
   2.5848277e-01   9.2319747e-01   6.7271269e+00  -5.0969499e-04   1.7201846e-03  -1.2097146e-03
   2.5788090e-01   9.0083139e-01   6.7256299e+00  -8.1208499e-04   1.5352215e-03  -1.3094458e-03
   2.6031562e-01   8.8491812e-01   6.7375079e+00  -7.4144843e-04   1.3865295e-03  -1.0424724e-03
   2.8267982e-01   9.0280197e-01   6.7429428e+00  -4.7448084e-04   1.4638710e-03  -2.2258165e-03
   2.6937051e-01   8.9873333e-01   6.7510866e+00  -1.3307411e-03   1.6073529e-03  -1.5991543e-03
   2.9215134e-01   8.9237211e-01   6.7641353e+00  -5.7558889e-04   1.4181445e-03  -2.1004043e-03
   2.6441600e-01   8.8563536e-01   6.7590568e+00  -2.1844968e-03   9.2639508e-04  -1.5164942e-03
   2.6181093e-01   9.0071351e-01   6.7824840e+00  -1.7084787e-03   1.3573493e-03  -1.3336612e-03
   2.6112946e-01   8.9248130e-01   6.8271177e+00  -9.6388485e-04   1.6994549e-03  -8.6911437e-04
   2.6770382e-01   9.0593006e-01   6.8135227e+00  -8.9343567e-04   1.5926284e-03  -1.2600739e-03
   2.7973434e-01   9.1699427e-01   6.8216154e+00  -1.4446499e-03   1.8582031e-03  -1.6423902e-03
   2.2660467e-01   9.1871327e-01   6.8004686e+00  -1.5817630e-03   7.6009457e-04  -8.7897988e-04
   2.8291812e-01   8.8398733e-01   6.8428096e+00  -6.2732473e-04   1.7347414e-03  -1.6331281e-03
   2.8020938e-01   9.0374557e-01   6.8475240e+00  -1.4043522e-03   1.4454268e-03  -1.4608099e-03
   2.6596432e-01   9.1342385e-01   6.8540207e+00  -1.2695222e-03   1.3438139e-03  -1.3344905e-03
   2.8835535e-01   9.0695398e-01   6.8524255e+00  -1.7462484e-03   1.6704981e-03  -1.7351771e-03
   2.7123401e-01   9.0127037e-01   6.8979586e+00  -1.2105703e-03   1.4968047e-03  -1.3912054e-03
   2.8233001e-01   8.9323863e-01   6.8843708e+00  -1.4461544e-03   1.3185619e-03  -2.0688889e-03
   2.9677416e-01   9.3079353e-01   6.9219656e+00  -4.8722515e-04   1.7847802e-03  -2.0575366e-03
   3.0227089e-01   9.1286356e-01   6.9328601e+00  -1.6032759e-04   1.5472000e-03  -2.1018453e-03
   2.7047673e-01   9.1683621e-01   6.9311270e+00  -1.1781427e-03   1.2752635e-03  -1.4837929e-03
   2.8048412e-01   9.0427971e-01   6.9255701e+00  -7.8983482e-04   1.1843434e-03  -1.6115895e-03
   2.8191564e-01   9.1273771e-01   6.9378665e+00  -5.7462546e-04   1.5115722e-03  -1.7651005e-03
   2.7488468e-01   9.2263288e-01   6.9533646e+00  -1.4981292e-03   1.3601603e-03  -1.5657762e-03
   2.9140560e-01   9.1590335e-01   6.9513013e+00  -1.1414759e-03   1.2944783e-03  -1.6759965e-03
   3.0553456e-01   9.2002570e-01   6.9700014e+00  -7.9908943e-04   1.5289960e-03  -2.4408200e-03
   2.8196726e-01   8.9806550e-01   6.9701234e+00  -1.2274451e-03   1.4079449e-03  -1.1286567e-03
   3.0181394e-01   9.1752792e-01   6.9921381e+00  -7.1300075e-04   1.9811247e-03  -1.9370235e-03
   3.0288714e-01   9.1403579e-01   7.0145893e+00  -7.5086677e-04   1.6330159e-03  -2.0194084e-03
   2.9556325e-01   9.1379021e-01   6.9863685e+00  -7.3864572e-04   1.7925812e-03  -1.6974747e-03
   2.9633554e-01   9.1501345e-01   7.0068264e+00  -1.1318283e-03   1.6690227e-03  -1.9436749e-03
   2.9359310e-01   8.9730480e-01   7.0102579e+00  -1.8361200e-03   1.1267671e-03  -1.5562011e-03
   1.2279191e-01   8.6057319e-01   6.4858481e+00  -8.6060453e-06  -6.9167849e-03  -2.4073876e-03
   2.5031640e-01   7.0127621e-01   6.4019328e+00   2.3790394e-02   1.1603426e-03  -2.7717291e-03
   3.2603807e-01   8.2119220e-01   6.6104964e+00   1.3279438e-02   7.9921770e-03  -1.2946287e-03
   2.5551255e-01   8.4091529e-01   6.7309242e+00   7.6219202e-03   4.7913136e-03  -9.3666968e-04
   2.3017029e-01   7.6494092e-01   6.8112567e+00   8.4341688e-03   2.9833401e-03  -1.3124257e-03
   2.5310181e-01   8.9360687e-01   6.8771203e+00   7.7150273e-03   3.3445987e-03  -1.5904754e-03
   2.4405802e-01   8.6754268e-01   6.8811429e+00   6.2345126e-03   3.0114894e-03  -1.3930392e-03
   2.6055338e-01   9.0443273e-01   6.9010190e+00   6.2375235e-03   3.2919525e-03  -1.4844921e-03
   2.5369128e-01   8.9305035e-01   6.9237297e+00   6.3774116e-03   3.1646492e-03  -1.3662576e-03
   2.6346040e-01   9.0767327e-01   6.9410107e+00   6.6090439e-03   3.1133468e-03  -1.8236228e-03
   2.4107634e-01   9.1787722e-01   6.9423656e+00   6.1461579e-03   2.6944982e-03  -1.3105888e-03
   2.8122829e-01   9.4042293e-01   6.8824466e+00   4.4273170e-03   2.2662944e-03  -2.3029934e-03
   4.5985922e-01   9.1874330e-01   6.6165262e+00   2.6656511e-02   2.4424622e-03  -3.1747479e-03
   3.2188241e-01   8.2472634e-01   8.9656416e+00  -1.1115606e-02  -1.6782767e-03   1.3753951e-03
   2.4717411e-01   8.7578289e-01   7.6016493e+00  -7.7078912e-03  -4.3992187e-03  -3.3229809e-03
   3.2666869e-01   9.3162027e-01   7.8439787e+00  -1.0539628e-02   4.2408705e-04  -2.2198719e-03
   3.2100362e-01   9.5004023e-01   7.8472511e+00  -1.2664934e-02   4.9971445e-04  -2.1530938e-03
   3.2879081e-01   9.6553073e-01   7.8653812e+00  -1.2710782e-02   7.0351325e-04  -2.1969736e-03
   3.2982743e-01   9.9236650e-01   7.8865548e+00  -1.2360029e-02   8.8562121e-04  -2.3436958e-03
   3.2237337e-01   1.0029566e+00   7.8965517e+00  -1.2825282e-02   1.1065544e-03  -2.3747909e-03
   3.3327822e-01   9.8313291e-01   7.9009371e+00  -1.2774673e-02   1.0830526e-03  -2.2067554e-03
   3.3264634e-01   9.8923418e-01   7.9199665e+00  -1.2696069e-02   6.7630294e-04  -2.4652515e-03
   3.1111399e-01   9.8142527e-01   7.9391282e+00  -1.3373561e-02   8.9585773e-04  -1.5017701e-03
   3.3226294e-01   9.9816110e-01   7.9534308e+00  -1.3316776e-02   6.3672569e-04  -1.8003534e-03
   3.2860688e-01   9.7740395e-01   7.9544525e+00  -1.3458802e-02   5.9245939e-04  -2.2363561e-03
   3.2770605e-01   9.8306181e-01   7.9882308e+00  -1.3272464e-02   8.4949007e-04  -1.7039861e-03
   3.4332398e-01   9.5797672e-01   7.9781708e+00  -1.3449577e-02   1.0970907e-03  -2.2384430e-03
   3.2041156e-01   9.7314009e-01   7.9974639e+00  -1.3753518e-02   1.4755181e-03  -1.0815816e-03
   3.1562458e-01   9.7423234e-01   8.0225577e+00  -1.3453961e-02   1.1629874e-03  -1.5177720e-03
   3.2794155e-01   9.9209051e-01   8.0241802e+00  -1.3298705e-02   1.3529625e-03  -1.5286156e-03
   3.1947644e-01   9.9387143e-01   8.0423598e+00  -1.3616105e-02   1.3324022e-03  -1.0751553e-03
   3.3030344e-01   9.8840213e-01   8.0802984e+00  -1.3110495e-02   1.5545929e-03  -1.3236340e-03
   3.2024032e-01   9.3977201e-01   8.0436304e+00  -1.4473909e-02   9.1213920e-04  -1.0309269e-03
   3.3206446e-01   9.8797783e-01   8.0851577e+00  -1.3138002e-02   1.4277105e-03  -1.1581836e-03
   3.4047914e-01   9.8073039e-01   8.0806498e+00  -1.4075716e-02   1.9223751e-03  -1.0737433e-03
   3.3661117e-01   1.0027587e+00   8.1216505e+00  -1.2335217e-02   1.3119913e-03  -1.1777337e-03
   3.3244609e-01   9.9194620e-01   8.1536640e+00  -1.3029111e-02   1.7087885e-03  -1.1684890e-03
   3.3931804e-01   1.0048921e+00   8.1793360e+00  -1.2616237e-02   1.3804347e-03  -1.6412944e-03
   3.1245863e-01   1.0806761e+00   8.1688275e+00  -1.3015699e-02   1.3708591e-03  -2.0299934e-03
   3.3985817e-01   1.0372032e+00   8.1667205e+00  -1.2759797e-02   1.2366072e-03  -1.7247929e-03
   3.2960037e-01   1.0152534e+00   8.1600327e+00  -1.3191991e-02   1.2138648e-03  -1.5598983e-03
   3.3831285e-01   1.0408165e+00   8.1896809e+00  -1.2351222e-02   1.3318296e-03  -1.7669814e-03
   3.2591245e-01   1.0266052e+00   8.1737109e+00  -1.3251157e-02   1.3363715e-03  -1.0072526e-03
   3.2431054e-01   1.0054968e+00   8.1829068e+00  -1.3555065e-02   1.2865449e-03  -1.2632683e-03
   3.2602484e-01   1.0354846e+00   8.1862793e+00  -1.4193648e-02   1.5849986e-03  -1.0846846e-03
   3.4034018e-01   1.0234399e+00   8.2112205e+00  -1.3095641e-02   1.3080933e-03  -2.1434290e-03
   3.1924988e-01   1.0333205e+00   8.2080954e+00  -1.3884999e-02   1.2238112e-03  -1.0667772e-03
   3.1864327e-01   1.0004408e+00   8.1855936e+00  -1.4346819e-02   1.1692856e-03  -9.5805773e-04
   3.3069444e-01   1.0474793e+00   8.2076695e+00  -1.4235961e-02   1.4205103e-03  -1.0543926e-03
   3.1503642e-01   1.0306852e+00   8.2523411e+00  -1.3077291e-02   8.7117406e-04  -8.9697241e-04
   3.0770091e-01   1.0472997e+00   8.2586889e+00  -1.3731977e-02   1.1794304e-03  -5.7888632e-04
   3.2635754e-01   1.0265338e+00   8.2704166e+00  -1.3210752e-02   1.1459748e-03  -1.2151157e-03
   3.0250918e-01   1.0437034e+00   8.2981630e+00  -1.2739091e-02   8.8466726e-04  -1.2203546e-03
   3.1606511e-01   1.0240258e+00   8.2920999e+00  -1.3484612e-02   1.4422778e-03  -1.3372499e-03
   3.1391807e-01   1.0274201e+00   8.3249322e+00  -1.3112552e-02   1.1579261e-03  -1.0437933e-03
   3.2477363e-01   1.0276845e+00   8.3096426e+00  -1.4029394e-02   1.3594918e-03  -1.3218866e-03
   3.3270061e-01   1.0338469e+00   8.3216674e+00  -1.3706663e-02   1.3072157e-03  -1.4462908e-03
   3.1966407e-01   1.0443816e+00   8.3579012e+00  -1.3143636e-02   1.0901315e-03  -1.3653565e-03
   3.2374931e-01   1.0399154e+00   8.3343872e+00  -1.4047165e-02   1.2329859e-03  -9.8910994e-04
   3.0051327e-01   1.0240617e+00   8.3589730e+00  -1.2990896e-02   6.0800544e-04  -1.1450198e-03
   3.0433724e-01   1.0269247e+00   8.3497106e+00  -1.4007670e-02   1.1816355e-03  -9.0065820e-04
   3.2755618e-01   1.0413015e+00   8.3862661e+00  -1.3454090e-02   1.3902628e-03  -1.3864082e-03
   3.4073407e-01   1.0509166e+00   8.3809741e+00  -1.3236133e-02   1.5202044e-03  -1.5844760e-03
   3.2433214e-01   1.0445656e+00   8.3961488e+00  -1.3740931e-02   1.4033947e-03  -1.3502144e-03
   2.9530522e-01   1.0433443e+00   8.4309031e+00  -1.3205973e-02   8.4312377e-04  -1.1902570e-03
   3.2463008e-01   1.0985724e+00   8.4041306e+00  -1.3508544e-02   1.5819892e-03  -1.5535362e-03
   3.0865195e-01   1.0626205e+00   8.3959209e+00  -1.4155113e-02   1.1220350e-03  -1.2517346e-03
   2.7287707e-01   1.0377860e+00   8.4310200e+00  -1.3110837e-02  -1.0765876e-03  -9.0738342e-04
   3.2830512e-01   1.0158874e+00   8.3148201e+00  -1.2756821e-02   4.6087142e-03   5.0077972e-04
   1.7833520e-01   9.7691868e-01   8.0375579e+00  -1.2170201e-02  -5.7805843e-03  -6.8105651e-04
   2.5994157e-01   9.4641599e-01   7.9682652e+00  -6.9295879e-03   4.4065459e-03  -2.4908957e-04
   2.5901027e-01   9.5122050e-01   8.0432355e+00  -8.2086924e-03   5.4358955e-04  -1.8202550e-03
   2.8940517e-01   1.0222700e+00   8.1719313e+00  -7.2663170e-03   1.2007632e-03  -1.5940140e-03
   2.9801095e-01   1.0274997e+00   8.1231702e+00  -7.9532831e-03   1.8550595e-03  -1.9300191e-03
   2.8276709e-01   1.0273354e+00   8.1337331e+00  -8.2477329e-03   1.9635810e-03  -8.7119274e-04
