  -6.8948657e-15   0.0000000e+00   0.0000000e+00  -6.6388365e-53  -1.5982417e-87   2.4074124e-35
  -1.5522872e-02  -3.4518643e-02  -5.8845425e-03  -7.3843409e-05  -7.6190585e-04   1.2819950e-04
  -1.5717242e-02  -3.0128614e-03   1.9484690e-02   1.8118822e-04  -5.3509541e-04   1.9529104e-04
  -1.4937493e-03  -1.7791215e-02  -1.2464922e-02  -6.9456155e-04  -4.0155269e-04   2.6910107e-05
  -5.7975923e-03  -1.9500737e-02   2.0095672e-02   4.9353212e-04  -6.3975029e-04  -2.0967918e-04
  -3.7108303e-03  -2.0040589e-02  -5.7793672e-03  -3.7976745e-04  -3.8034827e-04  -1.1874076e-04
  -6.8648554e-04  -5.5733357e-02   1.5179603e-02   1.7472816e-04  -6.9114709e-04  -7.8819258e-05
  -2.4859356e-02  -1.4604992e-01  -1.9480312e-02  -5.6694867e-04  -7.2971553e-04   2.2305150e-04
  -1.7502535e-02  -1.7416897e-02   1.9085258e-02   1.2597489e-05  -5.9346906e-04   3.8368747e-04
  -1.4120351e-02  -7.9171279e-03   1.1445001e-02   1.2702526e-04  -9.0233221e-04   2.3151549e-04
   6.7489701e-03  -8.0903452e-03  -9.8719298e-03  -5.8846343e-04  -7.0070830e-04  -2.1928516e-04
   8.0387840e-03  -1.0161729e-02   6.4112372e-03  -4.6773778e-04  -3.5756834e-04  -3.8103098e-04
  -9.8295673e-03   2.4359114e-02   8.4297041e-03  -7.3250489e-04  -7.0359816e-04   4.5908439e-07
  -1.5253545e-02   2.4532001e-02   1.9036418e-02  -5.1145531e-04  -4.5784495e-04   8.8940420e-05
  -5.1938253e-03   2.7663829e-02   2.0533704e-02  -5.8935783e-04  -5.4638522e-04  -1.5453125e-04
  -1.1530939e-02   1.5128728e-02   2.4024741e-02  -5.7699713e-04  -1.9681382e-04   1.5837391e-04
  -8.9493301e-03   1.8094171e-02   6.0618111e-03  -1.0061117e-03  -7.5832429e-04  -6.4520571e-05
  -1.4420991e-02   3.5704114e-02   1.0179389e-02  -9.8696258e-04  -6.4729581e-04  -1.0565684e-04
  -1.2081527e-02   4.4595318e-02   2.8980996e-02  -8.5279087e-04  -3.2001338e-04   1.9721082e-04
   1.3002863e-04   2.2796847e-02   3.2520922e-02  -1.1222890e-03  -7.3977294e-04  -2.9765243e-04
  -4.6528454e-03   3.6532216e-02   3.3367834e-02  -9.8833169e-04  -3.8007113e-04  -1.2126400e-04
  -1.2931614e-02   3.8124507e-02   3.7561360e-02  -5.9971605e-04  -5.4700684e-04  -2.8703777e-04
  -2.0628692e-02   1.9183281e-02   5.6618343e-02  -3.7581560e-04  -3.9870484e-04  -2.5892191e-04
  -1.6076014e-02   1.2506888e-02   5.3922879e-02  -4.0979753e-04  -4.9106972e-04  -1.9485403e-04
   1.0467927e-02   3.8475653e-03   6.3296301e-02  -2.6946771e-04   3.4863125e-05  -6.6501789e-04
  -1.2116059e-02  -2.1858771e-04   7.8423492e-02  -2.3012918e-04   1.1045976e-04  -3.2606058e-04
  -1.0254333e-02   1.5767229e-03   7.6891634e-02  -3.5108274e-04  -1.5568166e-04  -6.0169730e-04
  -1.0110809e-02   8.5934660e-03   8.0027066e-02  -3.9830984e-04  -2.2327550e-04  -6.2979637e-04
  -1.8937380e-02   2.3553667e-02   7.7765813e-02  -4.4389624e-04   2.5167522e-04  -2.9478203e-04
  -7.6490724e-03   2.5152073e-02   9.3275943e-02  -7.8821891e-05  -2.4227036e-04  -2.9500312e-04
  -1.4852377e-02   2.4543346e-02   8.5827643e-02  -2.7541022e-04  -2.1083434e-04  -2.0905983e-04
  -6.5708124e-03   3.6306246e-02   1.0316401e-01  -9.2286725e-04  -2.1095006e-04  -6.5676361e-04
  -7.5024556e-03   3.1016945e-02   8.8517406e-02  -1.2501432e-03   1.5044290e-05  -3.8960690e-04
  -3.0887892e-02   1.4188185e-02   1.0356545e-01  -6.7855211e-04  -2.9919842e-04   8.1868562e-05
  -1.8634967e-02   2.2581965e-02   1.5066167e-01   2.3418961e-04  -4.0200800e-04  -4.5376420e-04
  -8.2631239e-03   2.3639451e-02   1.3314329e-01  -1.8487719e-04  -5.2402854e-04  -4.8862970e-04
  -1.3230507e-02   1.1414159e-02   1.5270371e-01   1.6649349e-04  -3.8817460e-04  -4.0480888e-04
  -1.6012122e-02   1.4584322e-02   1.8089887e-01   3.3701218e-04  -4.6017377e-04  -6.6796916e-04
  -2.8131654e-03   4.9005904e-02   1.6407950e-01  -6.1850347e-04   2.4090723e-04  -6.9021335e-04
  -6.2021839e-03   3.7086118e-02   1.3827771e-01  -1.0423106e-03   1.4604239e-04  -4.9370546e-04
  -3.5440657e-02   3.5690475e-02   1.6948534e-01  -1.7840500e-04  -1.8686160e-04  -1.0035100e-04
  -2.8147281e-02   4.5201800e-02   1.7522086e-01  -1.4879295e-04  -2.9099665e-04  -5.9917276e-04
  -6.2530728e-02  -2.2839449e-01   6.8248708e-02  -3.3833043e-03   5.4940775e-04   7.7337433e-04
  -1.8198067e-02   6.4420387e-02   2.2014069e-01   8.6090062e-04  -2.4768533e-04  -3.9393810e-04
  -2.5554803e-02   1.7470711e-02   2.3052326e-01   7.4175326e-04  -1.2689910e-04  -1.3874942e-04
  -2.3213436e-02   3.9958037e-02   2.2540784e-01   1.8268291e-04  -1.9818651e-05  -4.0620243e-04
  -6.5647248e-03   5.4792988e-02   1.9762233e-01  -7.0888788e-04   1.1267854e-04  -6.5627935e-04
  -1.5283594e-02   8.2995298e-02   2.3768224e-01  -2.3910915e-04   4.2101037e-06  -4.8663716e-04
  -3.5114465e-02   5.8404207e-02   2.2211494e-01  -5.5180622e-04   3.4238584e-05  -2.4431511e-04
  -3.1677154e-02   2.8890847e-02   2.5332993e-01   3.4506043e-04   8.6022792e-05  -1.6747295e-04
  -7.9746298e-02   6.5021815e-01   2.8567248e-01   8.8403784e-05  -7.1278515e-04   1.7366566e-03
  -2.5243121e-02   4.5258523e-02   2.8683491e-01   3.1207962e-05  -1.6615698e-04  -5.5945562e-04
  -2.5178333e-02   4.5166628e-02   2.4853482e-01  -1.2851182e-03  -1.7590181e-04  -7.0390733e-04
  -7.8687239e-03   2.4048205e-02   2.7742532e-01  -5.3453780e-04  -4.6083162e-04  -5.6441853e-04
  -2.2726910e-02   2.9007830e-02   2.9957715e-01   3.8807936e-05   1.2841188e-04  -6.4720233e-04
   2.5781412e-03   2.9565926e-02   3.1299648e-01  -3.2631985e-04   1.8367327e-04  -9.2345373e-04
  -1.2045103e-03   6.2383572e-02   3.2580015e-01  -8.2908436e-05   1.7108510e-04  -6.9573845e-04
  -1.0003367e-02   6.6519794e-02   3.0971381e-01  -8.1919789e-04   7.7320881e-05  -8.1446624e-04
  -2.1292839e-02   7.0492955e-02   3.6361758e-01  -1.7119820e-04   3.7469753e-04  -2.9733775e-04
  -1.2790201e-02   9.2770664e-02   3.5892063e-01  -3.8854245e-04  -2.9093929e-04  -8.8765323e-04
  -1.4675676e-02   5.5768306e-02   3.2627846e-01  -1.2696010e-03  -4.7598477e-04  -7.3374644e-04
  -1.0186717e-02   5.8068500e-02   3.5164879e-01  -8.3840980e-04  -1.5610606e-04  -3.6659899e-04
  -2.5617239e-02   4.8745064e-02   3.8881944e-01  -4.3297679e-04  -6.2343548e-05  -4.5051576e-04
  -2.5774534e-02   5.9923388e-02   3.6247621e-01  -6.4253760e-04  -5.8882690e-04  -3.3531209e-04
  -2.5645101e-02   5.2278027e-02   3.8377121e-01  -5.6456369e-04  -7.6361824e-05  -4.9503099e-04
  -2.2144315e-02   6.8681510e-02   4.1116350e-01  -6.7821994e-04   9.6351612e-05  -3.8213212e-04
  -2.2394512e-02   5.3482786e-02   4.1463064e-01   2.1559992e-04  -9.4477283e-05  -7.0868588e-04
  -1.7651754e-02   5.1151859e-02   4.2228149e-01  -1.4376306e-04   1.6430768e-04  -6.9891624e-04
  -1.2202109e-02   2.5783019e-02   4.4419232e-01   1.8404778e-04   2.0597109e-04  -7.5840003e-04
  -1.2142145e-02   5.5405482e-02   4.6382452e-01  -1.6319487e-04   7.6442562e-05  -5.8855407e-04
  -2.6758464e-02   7.1859143e-02   4.3769428e-01  -6.6051190e-04  -1.7164340e-04  -3.0560587e-04
  -1.9679380e-02   7.3052512e-02   4.4619838e-01  -4.5227910e-04   2.0908644e-04  -2.1050173e-04
  -2.4964958e-02   4.3389637e-02   4.4874207e-01  -7.8907524e-04   1.7668896e-04  -4.8048340e-04
  -8.5353979e-03   7.3750254e-02   4.8662690e-01  -6.5342693e-05   1.4589994e-04  -8.0091207e-04
  -3.5741189e-02   7.1299595e-02   4.8473194e-01  -1.8565638e-04  -4.0773958e-05  -4.1036766e-04
  -2.2314582e-02   5.9522052e-02   5.0174516e-01   4.4057015e-05  -4.2013897e-05  -3.8786921e-04
  -6.0577178e-03   5.1144966e-02   5.2058109e-01   4.2995039e-04   5.4987951e-05  -8.7940985e-04
  -2.1106966e-02   9.2673305e-02   5.1396885e-01  -5.5180604e-04   4.4283623e-05  -9.3537999e-04
  -2.4413983e-02   8.8442102e-02   5.5139531e-01   5.5948913e-04  -1.9889555e-04  -5.5925619e-04
  -2.3406308e-02   7.2798050e-02   5.6151396e-01   2.9151772e-04  -6.7445257e-06  -5.2023235e-04
  -1.7350894e-02   5.2465571e-02   5.4181497e-01  -6.1252946e-04  -1.2685038e-04  -1.0628954e-03
  -1.4307417e-02   4.0078055e-02   5.3510936e-01  -1.5081929e-04  -2.8863216e-04  -1.0857132e-03
  -5.1476783e-02   1.8345343e-02   5.0047407e-01  -2.8275345e-04  -1.3684230e-03  -9.0969354e-04
  -3.3475306e-02   2.3949959e-02   5.1461154e-01  -2.8745773e-04  -1.0984978e-03  -1.2981410e-03
  -3.1888449e-02   4.4087399e-02   5.3636794e-01  -7.8025482e-04  -8.3512709e-04  -9.6049244e-04
  -5.0575515e-02   5.2424627e-02   5.3033847e-01  -1.0702392e-03  -1.2564006e-03  -7.0363213e-04
  -2.7440054e-02   5.7844222e-02   6.0596342e-01  -7.3645050e-04  -3.7396073e-04  -1.0131332e-03
  -1.5749821e-02   8.9971963e-02   6.6223169e-01  -4.1581214e-03   1.1987733e-03  -1.3587746e-03
  -2.8231052e-02   7.9611598e-02   6.3558288e-01  -1.2970433e-03   5.3764979e-04  -6.4107243e-04
  -8.8204587e-03   6.4885982e-02   6.0164091e-01  -1.3757851e-03   1.6141493e-03  -8.3383516e-04
  -2.3349499e-02   8.0177093e-02   6.1171868e-01  -7.5031114e-04   4.0079796e-04  -1.0425956e-03
  -3.8571738e-02   7.1865593e-02   6.6548678e-01  -5.4303306e-04   3.7110663e-04  -2.8722876e-04
  -1.5346446e-02   7.7484559e-02   6.6244501e-01  -1.4435349e-03   6.7774810e-04  -8.8145784e-04
  -5.3750263e-03   6.7886792e-02   6.3727025e-01  -5.1905017e-04  -5.4907124e-05  -1.0991404e-03
  -2.4090802e-02   4.5501916e-02   6.6462561e-01  -2.1841119e-04   6.0392463e-05  -6.5226016e-04
  -2.2721807e-02   4.5116844e-02   7.1643449e-01  -1.5489441e-03   6.5540617e-04  -6.5630742e-04
  -1.0416610e-02   7.8527505e-02   7.0328062e-01  -1.8215222e-03   1.7829410e-04  -7.3150039e-04
  -2.6059038e-02   7.1121962e-02   7.5520104e-01  -7.9925202e-04   5.7126793e-04  -7.9774477e-04
  -1.0540210e-02   6.4346556e-02   7.5945357e-01  -2.1715583e-03   4.1418391e-04  -1.1537877e-03
   1.8402741e-03   4.0070104e-02   8.5577009e-01  -5.5114451e-03   9.6517279e-04  -1.5420996e-03
  -1.8738225e-02   8.1159084e-02   7.3800003e-01  -3.8428245e-03   1.9494840e-03  -1.0824573e-03
  -7.6963277e-03   5.7838007e-02   6.8880975e-01  -4.4991935e-03   1.0483985e-03  -6.1685623e-04
  -2.3249222e-02   1.1559383e-02   7.1375280e-01  -2.4381620e-03   4.8080235e-04  -1.6977357e-04
  -1.7169628e-02   2.2834067e-02   7.6165588e-01  -1.9537905e-03  -1.2456138e-04  -4.8673924e-04
  -2.0095243e-02   7.1859230e-02   7.6407609e-01  -2.8203933e-03   5.4808028e-04  -2.8584287e-04
  -1.6794518e-02   8.8719401e-02   7.9053598e-01  -1.6438354e-03   2.6698364e-04  -6.8145036e-04
  -3.5545470e-03   9.1882968e-02   8.1861700e-01  -1.3643309e-03   6.8823405e-04  -9.3874092e-04
  -1.9171689e-02   1.1271149e-01   7.4666267e-01  -2.8728004e-03   1.0782951e-03  -6.5002872e-04
  -3.2031779e-02   9.1218395e-02   7.9998569e-01  -3.2395703e-04  -3.8042192e-04  -7.4492632e-04
  -1.1920128e-02   7.8838696e-02   7.9456713e-01  -1.8047376e-03  -6.0732397e-04  -9.6661369e-04
  -1.6613747e-03   9.2786991e-02   8.4388320e-01  -2.2357425e-03  -2.1210533e-07  -5.5833194e-04
   5.6937539e-03   1.1047644e-01   8.4291109e-01  -2.3565465e-03   1.9708375e-04  -7.4973596e-04
  -1.5701919e-03   1.1636924e-01   8.7307976e-01  -1.5120741e-03   2.9462990e-04  -6.3087938e-04
  -1.1910816e-02   9.9331492e-02   8.8860677e-01  -7.2730542e-04  -9.9406313e-05  -8.4631369e-04
  -3.5249652e-02   1.0647365e-01   9.1217219e-01  -1.0835386e-03   2.3846405e-03  -8.3406331e-04
  -1.5319310e-03   1.4557894e-01   8.6895065e-01  -3.2360748e-03   1.1991882e-03  -8.5183199e-04
  -1.0585876e-02   1.1983072e-01   8.7529219e-01  -2.0818712e-03   4.0065625e-05  -5.4591286e-04
   2.8843048e-03   1.2165061e-01   9.4743619e-01  -1.0776072e-03   4.5371465e-04  -3.8743187e-04
   3.6145273e-03   1.1767320e-01   9.5192877e-01  -1.5100450e-03   8.2230830e-04  -1.0023708e-03
  -2.3717026e-02   2.8789659e-02   9.0989061e-01  -1.2067034e-03   5.9156526e-04  -3.7340494e-04
   6.7495601e-03   1.2839593e-01   9.3471928e-01  -3.7265793e-03   2.2227023e-04  -1.2785778e-03
  -1.6742217e-02   1.3962260e-01   9.5790260e-01  -1.9747336e-03   3.7118137e-04  -7.0294702e-04
  -2.4037433e-03   1.2867419e-01   9.7591632e-01  -1.7648513e-03   6.2716918e-04  -6.9388296e-04
  -8.1548006e-03   1.3974387e-01   9.9887865e-01  -4.3398197e-04   7.0688336e-04  -1.0988885e-03
   5.5170953e-03   1.7001836e-01   9.7225686e-01   5.2200153e-05   6.3266922e-04  -1.4713404e-03
  -1.0472858e-02   1.9937306e-01   8.8780014e-01   5.0266340e-04   6.1117463e-04  -1.4974082e-03
   1.2763063e-02   1.8356962e-01   8.8195660e-01   1.2191615e-03   1.0140821e-03  -2.3183368e-03
   2.2009996e-02   2.0152699e-01   9.5817937e-01   1.0203033e-03   1.1412836e-03  -1.4168934e-03
   1.2944723e-02   1.8983791e-01   1.0279067e+00   4.9525159e-05   2.8336761e-04  -1.0082346e-03
   2.5570317e-02   1.5118099e-01   1.0792661e+00  -9.4534275e-04   7.0733979e-04  -1.0789688e-03
   1.7263178e-02   1.4482677e-01   1.0936454e+00  -2.4148777e-04   4.7957268e-04  -1.0437997e-03
   2.7066600e-02   1.7091126e-01   1.0883783e+00  -1.3582972e-03   7.8142683e-04  -8.5496237e-04
   4.0782640e-03   1.6613111e-01   1.0970838e+00  -9.1634357e-04   4.7746339e-04  -5.9842242e-04
   9.0023980e-04   1.3027335e-01   1.1325513e+00  -1.1083073e-03   3.9349072e-04  -4.7022878e-04
   2.2178143e-02   1.6719737e-01   1.1442700e+00  -6.7964690e-04   2.7188559e-04  -7.5117191e-04
   9.6503867e-03   1.6587236e-01   1.1425549e+00  -9.7729055e-04  -3.6854426e-04  -5.6221340e-04
   7.4433865e-03   1.6086049e-01   1.1441041e+00  -9.4394333e-04   1.2068779e-04  -5.5517640e-04
  -5.5355946e-03   1.6064545e-01   1.1887380e+00  -5.0212606e-04   4.2659603e-04  -2.8809918e-04
   3.2231110e-02   1.6178819e-01   1.1895636e+00  -7.4216095e-04   5.8392763e-04  -1.5173705e-03
   9.0426568e-03   1.7428654e-01   1.1719109e+00  -1.1419473e-03   1.9727578e-04  -6.6008140e-04
   8.4062466e-03   1.5972654e-01   1.2026828e+00  -2.9702417e-04   3.6579777e-04  -4.9255634e-04
   1.8033513e-02   2.0538073e-01   1.1805984e+00  -5.9169010e-04   6.1042913e-04  -1.1928175e-03
   1.3174143e-02   1.6666043e-01   1.1778257e+00  -4.1768793e-04   3.1402004e-04  -8.2220818e-04
   1.0801330e-02   1.2968206e-01   1.2040059e+00  -5.9116747e-04   2.5519957e-04  -4.8481951e-04
   7.1199288e-03   1.6021411e-01   1.2800846e+00   1.2726880e-04   7.5544750e-05  -6.0878581e-04
   1.0092241e-02   1.6171942e-01   1.2752291e+00  -2.9818516e-04   5.8707395e-04  -6.7531452e-04
   1.7604637e-02   1.9177216e-01   1.2630649e+00  -1.1944245e-03  -6.7348344e-06  -1.0441365e-03
   1.6696573e-02   1.8713892e-01   1.2643957e+00  -5.9545813e-04   2.3740774e-04  -1.2192764e-03
   2.0515883e-02   1.5706813e-01   1.3149713e+00   3.8474938e-05   3.4541214e-04  -7.5855089e-04
   3.1494214e-02   1.8066762e-01   1.3266080e+00  -9.4831754e-04   1.9159017e-04  -1.4793243e-03
   1.5615771e-02   1.9560668e-01   1.3067528e+00  -1.5852791e-03   3.2894830e-04  -7.3282624e-04
   3.2006541e-02   1.8106856e-01   1.3266539e+00  -1.5371324e-03   4.1965693e-04  -1.0228305e-03
   2.8064082e-02   1.9705844e-01   1.3556511e+00  -1.3030739e-03   3.4234537e-04  -1.1159470e-03
   1.3661827e-02   1.6400862e-01   1.3463898e+00  -1.6517383e-03   4.3524132e-04  -1.0867031e-03
   2.8216439e-02   1.7802405e-01   1.3442007e+00  -1.4771285e-03   3.7471529e-04  -9.4610091e-04
   8.8420488e-03   1.8409380e-01   1.3716125e+00  -8.1320201e-04   3.5579762e-04  -7.3025884e-04
   2.0305545e-02   2.0934363e-01   1.4064483e+00  -5.8588321e-04   1.4652775e-04  -8.8174264e-04
   1.7316477e-02   1.9472388e-01   1.4172338e+00  -1.1954713e-03   4.0126116e-04  -1.2291400e-03
   7.3743729e-03   1.9642425e-01   1.3981208e+00  -1.7261629e-03   4.4891888e-04  -5.2786261e-04
   2.2653405e-02   1.8542275e-01   1.4298344e+00  -1.0302371e-03   2.1298260e-04  -7.2933335e-04
   3.1058482e-02   1.5870044e-01   1.4348346e+00  -1.0474451e-03   4.5655013e-04  -6.7924025e-04
   1.4409938e-02   1.8580060e-01   1.4385499e+00  -1.2733448e-03   4.9472119e-04  -6.2703417e-04
   7.0469565e-03   1.8302112e-01   1.4452087e+00  -1.2824005e-03   5.9136033e-04  -8.0592343e-04
   6.7656678e-03   1.9460825e-01   1.4887928e+00  -3.3980010e-04   1.4749157e-04  -5.8437263e-04
   2.0332165e-02   1.9732498e-01   1.4719186e+00  -1.2426403e-03   5.6951574e-05  -8.6643178e-04
   3.5802138e-02   1.9198500e-01   1.5054525e+00  -1.6083540e-03   6.8672301e-04  -1.2198245e-03
   3.5512390e-02   1.9879386e-01   1.4957854e+00  -1.6745303e-03   7.5773284e-04  -8.8877894e-04
   2.7799590e-02   2.0809662e-01   1.5295281e+00  -1.0172135e-03   8.5217002e-04  -1.3004749e-03
   4.1195502e-02   1.7740119e-01   1.5420406e+00  -8.2253420e-04   1.9976863e-04  -1.2536569e-03
   1.2751746e-02   1.9065174e-01   1.5688959e+00  -7.0511388e-04   5.1210268e-04  -8.2616461e-04
   4.1175854e-02   2.3023915e-01   1.5748991e+00  -1.3454773e-03   6.1453113e-04  -1.1283278e-03
   4.3414275e-02   1.9324242e-01   1.5698350e+00  -8.1517585e-04   7.3222304e-04  -1.2101949e-03
   4.3218242e-02   1.9325311e-01   1.5889584e+00  -7.8850524e-04   4.5428319e-04  -1.0413491e-03
   4.3181888e-02   2.1929994e-01   1.6138346e+00  -1.1871061e-03   5.6155316e-04  -1.1538645e-03
   2.1267810e-02   2.3768252e-01   1.5451502e+00  -1.7062096e-03   1.5264640e-03  -1.4047425e-03
   8.4092438e-03   2.2649064e-01   1.5843816e+00  -4.8311851e-04  -2.7941418e-04  -1.2897352e-03
   3.2250117e-02   2.1571435e-01   1.6105199e+00  -1.0563447e-03   1.8008778e-04  -1.0971007e-03
   2.5708929e-02   2.2231442e-01   1.6698611e+00  -5.3372559e-04  -2.5475125e-05  -8.5676126e-04
   2.4971736e-02   2.2104414e-01   1.6564482e+00  -1.4307263e-03   2.3973694e-04  -7.1284299e-04
   4.6196899e-02   2.3017122e-01   1.6676105e+00  -9.3529576e-04   2.2399563e-04  -1.2724606e-03
   3.8819812e-02   2.3859277e-01   1.6867639e+00  -1.4382894e-03   2.0845068e-04  -1.0361167e-03
   4.3158931e-02   2.3440529e-01   1.6915593e+00  -1.7484941e-03   1.4049006e-04  -1.0506801e-03
   3.3197479e-02   2.3068314e-01   1.7105415e+00  -1.5911160e-03   1.7905820e-04  -9.0894335e-04
   3.1216168e-02   2.1278905e-01   1.7185278e+00  -1.4437617e-03  -8.5768068e-05  -1.0219712e-03
   3.6151241e-02   2.1891742e-01   1.7173296e+00  -1.9513918e-03   1.2288489e-04  -5.8712128e-04
   4.1268709e-02   2.0713976e-01   1.7596129e+00  -1.1643726e-03   4.3752259e-04  -1.0732204e-03
   2.4475481e-02   2.0130411e-01   1.7536364e+00  -6.5448749e-04  -7.2606930e-05  -8.5958168e-04
   3.5207384e-02   2.1666261e-01   1.7595366e+00  -1.1882873e-03   8.6720560e-05  -5.3923096e-04
   2.5910065e-02   2.4489137e-01   1.8099465e+00  -5.0677398e-04   9.1381397e-04  -4.3070405e-04
   3.7050818e-02   2.0856690e-01   1.7873033e+00   2.5220169e-04   6.5842258e-04  -1.2063027e-03
   5.0760863e-02   2.0635736e-01   1.8050551e+00  -2.3082000e-04   4.7893513e-04  -1.0630961e-03
   3.0027287e-02   2.4158933e-01   1.8077145e+00  -1.2689555e-03   4.6423860e-04  -6.8249314e-04
   4.3262978e-02   2.0910089e-01   1.8439372e+00  -3.7222061e-04   9.2755623e-04  -7.3007327e-04
   5.5595845e-02   2.3078415e-01   1.8452290e+00  -8.5265376e-04   5.9050592e-04  -9.2461062e-04
   4.0109707e-02   2.1757120e-01   1.8611681e+00  -4.0929971e-04   4.0834287e-04  -6.9301114e-04
   6.1285663e-02   2.4722799e-01   1.8961289e+00  -4.7022682e-04   4.3888613e-04  -9.9697210e-04
   3.5668494e-02   2.2184789e-01   1.8913937e+00  -8.5942067e-04   5.5880307e-04  -3.1046636e-04
   4.7552033e-02   2.1287343e-01   1.9043658e+00  -6.4009374e-04   9.1904431e-04  -8.0294865e-04
   4.5910313e-02   2.2168049e-01   1.9071705e+00  -1.3670957e-03   4.6491176e-04  -8.0420055e-04
   1.7143073e-02   2.2575642e-01   1.9386454e+00  -4.3879326e-04   7.8155212e-04  -5.4549559e-04
   2.9178061e-02   2.6668838e-01   1.9324822e+00  -5.9510962e-04   9.4132317e-05  -8.7086132e-04
   4.8518349e-02   1.9171132e-01   1.9541024e+00  -8.2616482e-05   1.2138102e-03  -1.2735778e-03
   1.1648660e-02   1.6667142e-01   1.7535163e+00   4.8246443e-03  -5.9389245e-04  -2.3559622e-03
  -1.0761592e-01   1.9401798e-01   1.6464773e+00   1.2583156e-02   9.2271144e-04  -2.6635849e-03
  -2.5181456e-02   2.0970682e-01   1.8645078e+00   3.6656491e-03   3.1481961e-03  -1.0024345e-03
   1.4908185e-02   2.2180416e-01   1.7972688e+00   1.0864319e-03   2.8938935e-03  -1.1741519e-03
   3.1954734e-03   2.1434103e-01   1.8794341e+00   2.4576075e-03   2.1251334e-03  -8.9106607e-04
   1.4905544e-02   2.1049664e-01   1.9098915e+00   2.9060038e-03   1.9722711e-03  -9.6916195e-04
   3.1292562e-02   2.3265786e-01   1.9466170e+00   2.8222502e-03   2.2193833e-03  -1.0248971e-03
   2.7148209e-02   2.1617332e-01   1.9416452e+00   2.0904075e-03   1.4390585e-03  -1.0001479e-03
   2.2050865e-02   2.3176126e-01   1.9545171e+00   2.2647902e-03   1.5247274e-03  -6.2923596e-04
   1.7737097e-02   2.2017434e-01   1.9643083e+00   2.3949015e-03   1.2923906e-03  -8.4097698e-04
   1.8468428e-02   2.3987046e-01   1.9645583e+00   2.5321335e-03   1.3267184e-03  -7.0900203e-04
   5.2533848e-02   2.6453825e-01   1.9869951e+00   2.8667503e-03   2.0336105e-03  -1.6085495e-03
   2.7751338e-03   2.2775384e-01   1.9929604e+00   2.1966812e-03   1.3832917e-03  -6.1251351e-04
   2.3600002e-02   2.3972617e-01   2.0616053e+00   2.3548067e-03   1.2378884e-03  -8.9011755e-04
   3.8480524e-02   2.2881527e-01   2.0616355e+00   1.5168968e-03   1.9125960e-03  -1.0941551e-03
   4.3407829e-02   2.3361194e-01   2.0801195e+00   2.0679520e-03   1.5030293e-03  -1.3648896e-03
   4.0161409e-02   2.5028986e-01   2.0278064e+00   1.3181864e-03   1.4907478e-03  -1.2132055e-03
   8.1926685e-05   2.4637527e-01   2.0678424e+00   2.4115088e-03   4.8246593e-04  -8.9016689e-04
   3.9464425e-02   2.4324421e-01   2.0425820e+00   1.2264651e-03   2.7469398e-04  -1.0436322e-03
   2.4613400e-02   2.2236264e-01   2.1040836e+00   2.0960958e-03   8.9196488e-04  -7.1306611e-04
   5.0252897e-02   2.5615858e-01   2.1201221e+00   1.5938278e-03   5.2986204e-04  -9.7300813e-04
   1.9960304e-02   2.6131267e-01   2.1077975e+00   1.0993026e-03  -8.7078197e-06  -3.7408430e-04
   2.3454895e-02   2.5775915e-01   2.1563328e+00   1.8956898e-03   4.0255000e-04  -6.4625306e-04
   4.3502439e-02   2.3606683e-01   2.1664991e+00   1.0794876e-03   2.4040316e-04  -8.0735962e-04
   4.1158510e-02   2.4051549e-01   2.1560150e+00   5.0678813e-04   4.1968826e-04  -4.3022726e-04
   4.5647192e-02   2.6296990e-01   2.1743809e+00   7.5002740e-04   1.0219613e-03  -1.2271622e-03
   3.7329340e-02   2.4074123e-01   2.1250664e+00   2.4270726e-03  -2.0503737e-04  -1.0584115e-03
   3.3657357e-02   2.3847458e-01   2.1207938e+00   6.7236702e-04  -3.8603742e-04  -1.1743500e-03
   3.8514085e-02   2.0895044e-01   2.1569929e+00   1.3493599e-03   9.8087921e-05  -1.2070213e-03
   3.3405070e-02   2.3580435e-01   2.1721699e+00   5.8921934e-04   1.9332476e-04  -1.0340917e-03
   3.8383577e-02   2.6075714e-01   2.2157042e+00   1.2398841e-03   9.2054256e-05  -8.7431789e-04
   4.6931239e-02   2.2138696e-01   2.2166028e+00   1.1435919e-03   6.2996829e-04  -9.2589196e-04
   2.3652767e-02   2.4582194e-01   2.2379060e+00   1.6304566e-03   4.7643270e-04  -5.2584876e-04
   5.5077841e-02   2.4830032e-01   2.2459784e+00   6.4575629e-04   2.4249884e-04  -1.0525321e-03
   3.5992698e-02   2.4215678e-01   2.2600855e+00   1.0679659e-03   2.3470242e-04  -6.7683450e-04
   4.7344813e-02   2.4394661e-01   2.2747029e+00   1.1475219e-03   3.4897660e-04  -1.1033648e-03
   3.9999298e-02   2.4662297e-01   2.3036150e+00   1.7334526e-03   2.8906999e-04  -1.0534389e-03
   3.7397363e-02   2.6068264e-01   2.3162883e+00   1.1071773e-03   6.4026673e-05  -5.1637639e-04
   3.9167547e-02   2.5521599e-01   2.3531498e+00   1.3035492e-03   2.6224684e-04  -6.5298511e-04
   5.0208543e-02   2.3438498e-01   2.3557361e+00   1.7455909e-03   1.4399057e-05  -9.0595853e-04
   6.5892481e-02   2.3557046e-01   2.3737808e+00   1.4504245e-03   2.0425973e-04  -9.8747209e-04
   4.1993486e-02   2.6405277e-01   2.3731247e+00   6.3278256e-04   1.1370476e-04  -9.6530531e-04
   3.8080504e-02   2.4648288e-01   2.3842938e+00   1.3155563e-03  -9.4687598e-05  -3.6782702e-04
   5.8729661e-02   2.4909944e-01   2.4145379e+00   1.6696826e-03   6.1728442e-04  -1.0758739e-03
   5.1827925e-02   2.5310140e-01   2.4063180e+00   1.6221092e-03   4.3860042e-04  -1.5612255e-03
   4.6117463e-02   2.2950254e-01   2.3909850e+00   1.2837861e-03  -8.1816656e-05  -1.1346376e-03
   8.0927080e-02   2.1255880e-01   2.4245375e+00   1.4531138e-03   3.6230681e-04  -1.7149818e-03
   3.7634821e-02   2.6515563e-01   2.4511573e+00   1.2467757e-03   3.7668508e-05  -7.7635732e-04
   5.5885050e-02   2.8000960e-01   2.4454103e+00   6.1207719e-04   6.7006108e-04  -9.0403428e-04
   5.6405944e-02   2.5214797e-01   2.4853602e+00   1.4996453e-03   4.1357673e-04  -8.5509213e-04
   4.8343744e-02   2.3699523e-01   2.4933475e+00   1.9246648e-03   1.9958930e-04  -1.2035510e-03
   5.7030570e-02   2.1547976e-01   2.5191410e+00   7.4850869e-04   8.9718657e-04  -1.1272100e-03
   6.3763600e-02   2.6214425e-01   2.5369447e+00   1.3312742e-03   8.4191838e-04  -1.2784275e-03
   5.4734137e-02   2.4663167e-01   2.5525187e+00   9.8503780e-04   3.4498338e-04  -8.0717935e-04
   8.1648362e-02   2.5361475e-01   2.5558592e+00   7.0632986e-04   1.5444269e-04  -1.0898238e-03
   6.5499968e-02   2.7007566e-01   2.5816370e+00   8.5070584e-04   8.0057944e-05  -9.8079864e-04
   4.7106586e-02   2.7477621e-01   2.5972725e+00   1.3880930e-03  -1.5396521e-04  -5.8427879e-04
   5.5487364e-02   2.5439241e-01   2.5969465e+00   9.5757822e-04   4.7344290e-04  -7.9502264e-04
   6.1795145e-02   2.4783524e-01   2.6165576e+00   1.2537250e-03   4.0435195e-04  -8.3709890e-04
   5.1944597e-02   2.6226990e-01   2.6246849e+00   7.2810876e-04   6.6548533e-04  -1.0202877e-03
   6.6750759e-02   2.4365669e-01   2.6359725e+00   1.1194818e-03   3.8256851e-04  -1.3725500e-03
   5.3380851e-02   2.6353730e-01   2.6493807e+00   1.3700840e-03   5.7553876e-04  -9.8044593e-04
   5.5097235e-02   2.6762257e-01   2.6777871e+00   1.6632845e-03   5.9749823e-04  -7.8718960e-04
   4.0715740e-02   1.8903937e-01   2.6927734e+00   2.2549766e-03   5.9254337e-04  -3.4689088e-04
   6.2946101e-02   2.8680038e-01   2.6925366e+00   7.6220860e-04   7.4909950e-04  -1.1670024e-03
   5.8586815e-02   2.8235866e-01   2.6617025e+00   2.9578069e-04   7.9284566e-04  -6.0466730e-04
   7.7393422e-02   2.7808721e-01   2.7178693e+00   1.4287899e-03   6.4762422e-04  -1.1843411e-03
   5.6408591e-02   2.7093092e-01   2.7200039e+00   1.3554039e-03   6.6511515e-04  -6.7127796e-04
   7.7920384e-02   2.5694804e-01   2.7265600e+00   1.1725504e-03   5.6440183e-04  -1.1483004e-03
   7.4224404e-02   2.8121712e-01   2.7298372e+00   1.1088561e-03   4.2006809e-04  -1.1970418e-03
   6.4925616e-02   2.6544867e-01   2.7440520e+00   4.9835255e-04   8.9021859e-04  -8.8089583e-04
   5.9627886e-02   2.6055436e-01   2.7454978e+00   1.0229961e-03   4.1597829e-04  -7.3785423e-04
   7.2800877e-02   2.6290049e-01   2.7616086e+00   9.5031111e-04   3.9413528e-04  -7.5179114e-04
   7.1103705e-02   2.8556849e-01   2.8031513e+00   1.1257747e-03   7.0787461e-04  -6.6538335e-04
   9.3569344e-02   2.8984270e-01   2.8177447e+00   6.8517699e-04   1.2998915e-03  -1.7116291e-03
   6.8109276e-02   2.7575482e-01   2.8213565e+00   1.9079124e-03   6.7649431e-04  -7.8349512e-04
   6.3462885e-02   2.6425192e-01   2.8471169e+00   2.1442342e-03   7.5055100e-04  -3.9524127e-04
   8.1307848e-02   2.8669612e-01   2.8671952e+00   2.0143284e-03   6.3479485e-04  -1.2363304e-03
   8.0917317e-02   2.5103653e-01   2.8763201e+00   2.1053782e-03   3.3527355e-04  -1.2065952e-03
   8.5833592e-02   2.6287267e-01   2.9071988e+00   1.8373267e-03   5.2764834e-04  -7.9888552e-04
   8.1769087e-02   2.8905334e-01   2.9228629e+00   1.5593868e-03   6.1105609e-04  -9.6148535e-04
   8.0196479e-02   2.6086687e-01   2.9453852e+00   2.2476926e-03   4.7975105e-04  -7.3012553e-04
   6.3898577e-02   2.8872662e-01   2.9082633e+00   1.1086706e-03  -1.2904460e-05  -5.1932922e-04
   9.3855407e-02   2.7588371e-01   2.9508442e+00   1.6335772e-03   5.1817684e-04  -1.0906039e-03
   6.1039954e-02   2.6037623e-01   2.9612000e+00   2.0960524e-03   6.3060414e-04  -1.8749761e-04
   9.2825862e-02   2.6170855e-01   2.9722859e+00   1.0843245e-03   1.0914391e-03  -1.1790462e-03
   8.1896750e-02   2.8181591e-01   2.9566301e+00   8.6809670e-04   7.3613554e-04  -7.7365122e-04
   8.0388859e-02   2.8464317e-01   2.9795774e+00   1.5348333e-03   3.7709761e-04  -7.6956078e-04
   7.5276832e-02   2.7311041e-01   2.9987438e+00   1.5138564e-03   5.0631183e-04  -7.5125364e-04
   8.9465068e-02   2.5684286e-01   3.0107899e+00   8.4534823e-04   7.6357933e-04  -8.3913303e-04
   6.9669366e-02   2.7809462e-01   3.0338092e+00   1.7722648e-03   4.4804976e-04  -4.9840927e-04
   8.1193682e-02   2.8281467e-01   3.0675209e+00   1.3882858e-03   8.0243680e-04  -9.5231169e-04
   9.2503045e-02   2.9416645e-01   3.0462342e+00   1.2221087e-03   7.6199909e-04  -8.1222480e-04
   8.2236131e-02   2.6996664e-01   3.0660612e+00   1.5781971e-03   2.8377033e-04  -6.5063854e-04
   8.9736276e-02   2.7652718e-01   3.0911716e+00   1.0271655e-03   1.0463065e-03  -4.4073836e-04
   8.7509951e-02   2.8864280e-01   3.0674671e+00   1.1225746e-03   6.0991089e-04  -4.3331710e-04
   2.5579685e-02   4.6586975e-01   3.0844663e+00   1.4703294e-03   1.5384766e-04   6.5331539e-04
   8.8198368e-02   3.2142216e-01   3.1086711e+00   1.2205025e-03   6.7929421e-04  -9.9612974e-04
   1.0037244e-01   3.0154536e-01   3.1168346e+00   1.9331131e-03   6.6627344e-04  -1.1106681e-03
   8.9952684e-02   3.0447875e-01   3.1295210e+00   2.2905456e-03   6.2341855e-04  -6.1744364e-04
   8.9504725e-02   2.9319879e-01   3.1418751e+00   1.4689452e-03   8.0510248e-04  -7.0155245e-04
   1.0444348e-01   2.8475727e-01   3.1447709e+00   1.5535313e-03   4.4590930e-04  -1.2745869e-03
   8.3368134e-02   2.9562479e-01   3.1635605e+00   1.1671272e-03   1.2028273e-03  -9.2126631e-04
   8.8097334e-02   3.1225694e-01   3.1733519e+00   1.2006247e-03   9.2294907e-04  -7.4419945e-04
   1.1148152e-01   3.2256960e-01   3.1902560e+00   9.5447954e-04   1.2821153e-03  -1.3115491e-03
   1.0719742e-01   3.0531134e-01   3.2012556e+00   1.5201739e-03   1.1284754e-03  -1.0854508e-03
   8.9322804e-02   3.0929890e-01   3.2223205e+00   1.9067514e-03   8.3608165e-04  -5.7756582e-04
   1.0380926e-01   3.1110147e-01   3.2391346e+00   1.5900193e-03   1.1057416e-03  -1.0632663e-03
   9.9334096e-02   3.1483256e-01   3.2237590e+00   1.7993778e-03   7.3159375e-04  -1.1443204e-03
   8.9177008e-02   3.0173666e-01   3.2491211e+00   1.8034123e-03   6.1386216e-04  -8.0948162e-04
   8.8658281e-02   2.9328470e-01   3.2727894e+00   2.1831036e-03   5.6458847e-04  -1.1480213e-03
   1.0686776e-01   3.2102391e-01   3.2710434e+00   1.2749302e-03   5.0666042e-04  -1.3217417e-03
   1.0454575e-01   2.7945302e-01   3.2878204e+00   1.1410415e-03   1.1079887e-03  -1.4608907e-03
   7.8916121e-02   2.9582690e-01   3.3171634e+00   2.1504340e-03   1.3260118e-03  -3.2078961e-04
   9.2740350e-02   3.1722940e-01   3.3336688e+00   1.4834630e-03   1.6010938e-03  -1.3348701e-03
   8.4460780e-02   3.0746329e-01   3.3195743e+00   1.0120893e-03   1.7069313e-03  -1.2433939e-03
   1.0951234e-01   2.5367483e-01   3.3574850e+00   1.2534528e-03   1.1787724e-03  -1.3980698e-03
   1.0036093e-01   2.7078091e-01   3.3444184e+00   7.0245901e-04   5.7762476e-04  -1.1075494e-03
   9.2328962e-02   2.6674444e-01   3.3772205e+00   1.7812348e-03   5.9598840e-04  -6.8906178e-04
   6.9149795e-02   2.8391517e-01   3.3575457e+00   1.4147414e-03   6.9113673e-04  -7.0730865e-04
   8.6930807e-02   2.8153088e-01   3.3640689e+00   1.7586805e-03   1.0158281e-05  -1.2280218e-03
   8.8185681e-02   2.9477494e-01   3.3873535e+00   1.4616782e-03   1.8959279e-04  -1.0312144e-03
   8.0362804e-02   2.9441558e-01   3.3842965e+00   1.1360473e-03   2.3570991e-04  -5.7033384e-04
   8.2928668e-02   3.3102536e-01   3.4013026e+00   9.9759475e-04   3.1901463e-04  -9.8475580e-04
   8.8687429e-02   3.2464681e-01   3.4164177e+00   9.7233053e-04   6.4351429e-04  -6.4669027e-04
   1.0326433e-01   3.1167814e-01   3.4325645e+00   1.9115982e-03   7.6371194e-04  -1.0444957e-03
   1.2256004e-01   3.3588767e-01   3.4635854e+00   1.8835378e-03   1.1293032e-03  -1.2633865e-03
   9.9938034e-02   3.2308319e-01   3.4549602e+00   1.0469722e-03   1.9009129e-04  -9.3607664e-04
   1.2831902e-01   3.1432198e-01   3.4947307e+00   1.3096399e-03   7.7436028e-04  -1.3320220e-03
   1.1669330e-01   3.0581267e-01   3.5118350e+00   1.6551291e-03   9.2193439e-04  -8.0656226e-04
   1.1333553e-01   3.2991659e-01   3.4925885e+00   7.3437643e-04   6.5507012e-04  -8.4547788e-04
   1.0478388e-01   3.1226202e-01   3.5372725e+00   1.2731413e-04   9.1152883e-04  -8.8814317e-04
   1.4959360e-01   3.0778111e-01   3.5425054e+00   8.4803694e-04   9.0570091e-04  -1.8095025e-03
   1.0879954e-01   3.2753194e-01   3.5455366e+00   7.2918394e-04   1.2735903e-03  -3.1637681e-04
   1.3911284e-01   3.0233695e-01   3.5578176e+00   6.3066630e-04   8.3877263e-04  -1.4478839e-03
   1.2299641e-01   3.2158050e-01   3.5857647e+00   6.9963689e-04   1.2423821e-03  -1.0161294e-03
   1.0559832e-01   3.3297174e-01   3.5678127e+00   9.0898839e-04   1.6786200e-04  -6.8447473e-04
   1.0812398e-01   3.3688294e-01   3.5743731e+00   3.1945105e-04   4.3166580e-04  -5.5503679e-04
   1.1667134e-01   3.1261781e-01   3.5915470e+00   4.0283312e-04   6.3117570e-04  -1.1304440e-03
   1.0997702e-01   2.9985234e-01   3.6133966e+00   7.5657456e-04   6.0398415e-04  -7.1011771e-04
   1.1641705e-01   3.0988553e-01   3.6160620e+00   3.3430500e-04   8.9206823e-04  -4.5797112e-04
   1.2046258e-01   3.1092431e-01   3.6161326e+00  -3.5977765e-04   6.4899000e-04  -9.2736511e-04
   1.2221461e-01   3.1109823e-01   3.6312162e+00   9.6504561e-04   1.9460978e-04  -1.0063445e-03
   1.2127230e-01   2.9328706e-01   3.6536310e+00   1.1047212e-03   5.7774006e-04  -2.4146389e-04
   1.0911416e-01   2.9269223e-01   3.7039213e+00   9.3236062e-04   7.1825593e-04  -2.0199027e-04
   1.1891627e-01   3.1376353e-01   3.6760881e+00   7.3476952e-04   8.8688755e-04  -5.2944859e-04
   1.1513347e-01   3.0369736e-01   3.6956107e+00   1.0634059e-03   7.7409668e-04  -7.0532854e-04
   1.2320084e-01   2.9061140e-01   3.7439782e+00   1.5571879e-03   1.0789502e-03  -1.0068324e-03
   1.1967764e-01   2.8924053e-01   3.7138198e+00   9.5874845e-04   9.5012707e-04  -5.3452987e-04
   1.1574224e-01   3.0235003e-01   3.7507925e+00   1.5930895e-03   1.0326703e-03  -8.1371723e-04
   1.2295621e-01   3.2358148e-01   3.7549931e+00   1.0515264e-03   7.0984004e-04  -1.0305066e-03
   1.1399435e-01   3.2553702e-01   3.7428125e+00   1.3755794e-04   1.3221899e-03  -5.5610685e-04
   1.2671727e-01   3.2507369e-01   3.7573722e+00   9.8046480e-04   5.0644694e-04  -7.9935044e-04
   1.3503902e-01   3.3286977e-01   3.7905605e+00   4.2343500e-04   1.3059979e-03  -8.1916717e-04
   1.2407207e-01   3.2067882e-01   3.7581408e+00   1.6163319e-04   9.8283965e-04  -7.3425807e-04
   1.2275947e-01   3.4208876e-01   3.7830532e+00   7.3466561e-04   5.1193118e-04  -1.1008671e-03
   1.0290440e-01   2.4611884e-01   3.8313914e+00   2.4452854e-03   8.9995404e-04  -2.9016431e-04
   1.1980463e-01   3.3349005e-01   3.8132659e+00   4.0536530e-04   1.0003807e-03  -5.5327247e-04
   1.1500251e-01   3.2608668e-01   3.8282888e+00   1.0995664e-03   6.6461582e-04  -3.5457851e-04
   1.4209508e-01   3.2606607e-01   3.8504941e+00   1.2352249e-03   8.9032435e-04  -7.7529571e-04
   1.1174772e-01   3.0817183e-01   3.8674891e+00   1.0618828e-03   4.8743477e-04  -3.9807433e-04
   1.2682584e-01   3.0539951e-01   3.8729546e+00   2.7541597e-04   1.0527601e-03  -5.6430343e-04
   1.3963691e-01   2.9875954e-01   3.8683962e+00   6.7903920e-04   1.0061468e-03  -9.6317301e-04
   1.4226768e-01   2.9426856e-01   3.8889906e+00   1.4019346e-03   5.1650936e-04  -3.8598419e-04
   1.2987600e-01   3.1176297e-01   3.9175754e+00   8.8100995e-04   1.0295771e-03  -3.5073584e-04
   1.2987143e-01   3.0563603e-01   3.9174919e+00   9.8777135e-04   9.6640602e-04  -5.4456071e-04
   1.3494676e-01   3.2119905e-01   3.9171774e+00   9.2377964e-04   9.1585139e-04  -3.7443138e-04
   1.2751428e-01   3.1744006e-01   3.9344653e+00   8.2881452e-04   6.9434643e-04  -6.9849601e-04
   1.3075300e-01   3.1291750e-01   3.9596760e+00   1.1551084e-03   7.3087965e-04  -4.3209906e-04
   1.3712723e-01   3.0458031e-01   3.9296475e+00   1.0121375e-03   5.4048070e-04  -5.8135077e-04
   1.3572009e-01   3.2243316e-01   3.9676978e+00   9.6510438e-04   7.7503053e-04  -6.0426038e-04
   1.3791291e-01   3.0890798e-01   3.9609345e+00   1.2087388e-03   5.3506359e-04  -6.7115591e-04
   1.3294299e-01   3.1242900e-01   3.9850093e+00   1.1478992e-03   6.3955880e-04  -5.8786121e-04
   1.3350786e-01   3.3479759e-01   4.0037093e+00   9.2862997e-04   7.1557819e-04  -5.5141868e-04
   1.2739720e-01   3.0836879e-01   3.9854705e+00   5.4798024e-04   2.4048682e-04  -6.1921183e-04
   1.4076756e-01   3.0460464e-01   4.0159261e+00   1.1047755e-03   7.8551116e-04  -7.4064637e-04
   1.2016619e-01   2.9958651e-01   4.0314743e+00   1.8111945e-03   5.8871488e-04  -5.0510077e-04
   1.3703491e-01   2.9897111e-01   4.0659577e+00   2.2830540e-03   2.9553988e-04  -4.8595939e-04
   1.2927392e-01   2.9746874e-01   4.0370423e+00   1.1589101e-03   5.9829683e-04  -8.5329133e-04
   1.4047121e-01   2.9435901e-01   4.0529839e+00   1.8104919e-03   7.8287853e-04  -6.6735480e-04
   1.3989181e-01   3.1761621e-01   4.0557631e+00   8.7500384e-04   1.1832718e-04  -9.0280661e-04
   1.4775973e-01   3.3688457e-01   4.0652534e+00   4.5708834e-04   4.7902149e-04  -7.8287053e-04
   1.5325065e-01   3.4947107e-01   4.0955777e+00   1.0759612e-03   7.1433235e-04  -1.0023274e-03
   1.5945109e-01   3.2783972e-01   4.0915289e+00   7.5834766e-04   4.2637678e-04  -9.0318766e-04
   1.3666389e-01   2.9948113e-01   4.1161599e+00   1.3323133e-03   7.5564831e-04  -6.6567743e-04
   1.3648649e-01   3.0291183e-01   4.1120623e+00   1.8320552e-03   5.2400331e-04  -7.1308565e-04
   1.2515646e-01   3.2817027e-01   4.1265414e+00   1.2910086e-03   7.3626832e-04  -5.3755628e-04
   1.3549616e-01   3.3025295e-01   4.1427758e+00   1.1895724e-03   7.4830565e-04  -6.6319413e-04
   1.4110439e-01   3.1804753e-01   4.1452176e+00   1.2684790e-03   3.5187983e-04  -7.6048420e-04
   1.6128798e-01   3.1015645e-01   4.1601851e+00   1.3725661e-03   1.0053792e-03  -9.4682159e-04
   1.4420784e-01   3.0928391e-01   4.1658226e+00   1.0984688e-03   7.9437229e-04  -5.8674532e-04
   1.3823485e-01   3.2750039e-01   4.1793482e+00   7.6041575e-04   9.4574645e-04  -5.8848156e-04
   1.5579547e-01   3.2260666e-01   4.1829593e+00   2.8445945e-04   7.7925894e-04  -9.5852757e-04
   1.4292585e-01   3.1204951e-01   4.1976859e+00   3.3531788e-04   3.3313000e-04  -6.5545640e-04
   1.4685927e-01   2.2266852e-01   4.2161592e+00   9.6959689e-04   8.8304948e-04  -9.3311006e-04
   1.5536708e-01   3.2042232e-01   4.2263596e+00   8.0440279e-04   4.4170596e-04  -1.0621754e-03
   1.5515525e-01   3.4424112e-01   4.2222520e+00   3.6306493e-04   5.5203324e-04  -7.4295252e-04
   1.5419536e-01   3.3099277e-01   4.2427176e+00   8.7571583e-04   8.3332266e-04  -7.2687434e-04
   1.8051417e-01   3.3673700e-01   4.2575619e+00   1.1655550e-03   1.2801960e-03  -1.2208889e-03
   1.5014643e-01   3.3342349e-01   4.2484638e+00   6.9266435e-04   7.1982077e-04  -9.8831110e-04
   1.7553721e-01   3.1753596e-01   4.2905710e+00   1.2837126e-03   7.7085130e-04  -1.0167775e-03
   1.5372159e-01   3.1267051e-01   4.2906281e+00   1.4488486e-03   7.2498671e-04  -7.0722377e-04
   1.3457309e-01   3.2065640e-01   4.3156958e+00   1.6936058e-03   4.9850914e-04  -2.0594812e-04
   1.6018477e-01   3.2248458e-01   4.3118387e+00   8.5742678e-04   4.3916664e-04  -5.5893195e-04
   1.7881790e-01   3.2329585e-01   4.3194117e+00   5.7520440e-04   1.2295877e-03  -1.0247860e-03
   1.6353874e-01   3.4049143e-01   4.3429122e+00   1.3482725e-03   5.1570553e-04  -1.0242315e-03
   1.5430471e-01   3.2232626e-01   4.3235443e+00   1.2358688e-03   4.2855396e-04  -6.8652793e-04
   1.5675454e-01   3.2247144e-01   4.3254913e+00   1.1533123e-03   9.8286089e-04  -3.4212040e-04
   1.5684645e-01   3.3546939e-01   4.3285380e+00   6.7170749e-04   6.5366112e-04  -6.5355527e-04
   1.5571833e-01   3.1165134e-01   4.3543441e+00   9.3303338e-04   3.9872181e-04  -7.3174175e-04
   1.6246626e-01   3.3334166e-01   4.3937386e+00   1.5730965e-03   9.8516096e-04  -9.3659602e-04
   1.6332483e-01   3.3167027e-01   4.3897126e+00   1.9499152e-03   6.1429261e-04  -8.3144607e-04
   1.5549026e-01   3.1019798e-01   4.3939719e+00   8.9018437e-04   9.1374492e-04  -6.7830590e-04
   1.5447690e-01   3.4065162e-01   4.4161787e+00   6.0258723e-04   6.9345289e-04  -6.2585187e-04
   1.6779243e-01   3.4056553e-01   4.4172270e+00   8.0768550e-04   6.5645073e-04  -8.3228067e-04
   1.8156086e-01   3.3445496e-01   4.4445823e+00   1.3507159e-03   7.2510229e-04  -8.7605182e-04
   1.5161596e-01   2.9952218e-01   4.4391104e+00   1.5724230e-03   5.7859294e-04  -5.0694641e-04
   1.6401853e-01   3.2888058e-01   4.4641395e+00   7.6556044e-04   5.9929443e-04  -7.4168087e-04
   1.7000850e-01   3.5464240e-01   4.4635774e+00   3.5881669e-04   7.4069451e-04  -9.3116530e-04
   1.3325803e-01   2.5974386e-01   4.5017651e+00   1.5137299e-03   7.6729982e-04  -2.8651644e-04
   1.7270288e-01   3.1190117e-01   4.5252077e+00   1.6672059e-03   8.6207712e-04  -8.6971084e-04
   1.6486891e-01   3.2003014e-01   4.5231898e+00   1.7445945e-03   7.9661499e-04  -6.5188462e-04
   1.5769549e-01   3.2471324e-01   4.5052783e+00   1.1898138e-03   7.0948773e-04  -6.2945334e-04
   1.9031494e-01   3.3144079e-01   4.5330906e+00   4.1756297e-04   1.0577290e-03  -1.3293780e-03
   1.7706609e-01   3.0532629e-01   4.5501472e+00   1.2334931e-03   7.8352300e-04  -8.5187144e-04
   1.7648256e-01   3.0360995e-01   4.5688676e+00   2.2659162e-03   1.3465462e-03  -8.4104536e-04
   1.6127704e-01   3.3391784e-01   4.5614989e+00   1.7072358e-03   8.2574853e-04  -6.9017861e-04
   1.6887779e-01   3.5582964e-01   4.5633376e+00   1.5101035e-03   8.5976304e-04  -8.4603989e-04
   1.6022358e-01   3.3152292e-01   4.5640954e+00   6.8144286e-04   3.9965091e-04  -6.5639122e-04
   1.8340597e-01   3.1268510e-01   4.6086180e+00   1.5403589e-03   4.7447618e-04  -1.4469700e-03
   1.5916775e-01   3.1616500e-01   4.6277680e+00   2.3652067e-03   5.3314652e-04  -6.9374904e-04
   1.6168841e-01   3.1441091e-01   4.6281424e+00   1.8092809e-03   8.2685092e-04  -7.1101345e-04
   1.7139296e-01   3.2964954e-01   4.6347652e+00   1.7493182e-03   7.3636902e-04  -7.2773472e-04
   1.6459785e-01   3.1368986e-01   4.6326297e+00   9.1260126e-04   8.5814840e-04  -4.4387297e-04
   1.8531401e-01   3.1796064e-01   4.6381257e+00   6.9247347e-04   8.4408180e-04  -9.8787100e-04
   1.8250385e-01   3.3477019e-01   4.6609731e+00   1.2406301e-03   8.9242363e-04  -1.1113657e-03
   1.7932508e-01   3.3461076e-01   4.6472684e+00   8.3684862e-04   7.0990046e-04  -1.3473180e-03
   8.3161614e-02   3.5337307e-01   4.3992711e+00   8.1922995e-04   2.1425320e-03  -2.4834258e-03
   1.1376641e-01   2.2732385e-01   4.5602467e+00   5.7361995e-03   2.2672315e-03  -1.0562364e-03
   1.0873694e-01   1.9702856e-01   4.5129330e+00   1.2394526e-03  -8.8440476e-04  -7.4109045e-04
   1.4411728e-01   1.9375346e-01   4.5718856e+00   1.4396558e-03  -3.0893193e-04  -8.6715228e-04
   1.4429822e-01   2.6198455e-01   4.6368406e+00   1.3299249e-03  -1.1095936e-04  -5.2729064e-05
   1.6029160e-01   2.9500676e-01   4.6684992e+00   4.4756400e-04   4.7703661e-05  -6.5165375e-04
   1.5967749e-01   3.2084246e-01   4.6577802e+00   2.1911689e-04   6.2137782e-05  -7.8791769e-04
   1.7543107e-01   3.0352157e-01   4.6688097e+00   1.0308045e-03   5.4036120e-05  -8.5599955e-04
   1.8599282e-01   3.0195434e-01   4.6831655e+00   1.1040553e-03   5.8732678e-04  -1.1811389e-03
   1.8755921e-01   3.2895327e-01   4.7107760e+00   1.2373796e-03   7.1619544e-04  -1.2555813e-03
   1.7724388e-01   3.1090533e-01   4.7134156e+00   1.4993391e-03   6.9706192e-04  -1.4082607e-03
   1.7263741e-01   3.1386606e-01   4.7638727e+00   2.3065508e-03   9.0067280e-04  -4.8198601e-04
   1.6918295e-01   3.0990163e-01   4.7627542e+00   2.8817425e-03   5.0339300e-04  -1.2864187e-03
   1.7881392e-01   3.3002450e-01   4.7626544e+00   1.1920382e-03   7.6750383e-04  -7.4822052e-04
   1.9425179e-01   3.3860525e-01   4.7782538e+00   8.9328910e-04   1.0051532e-03  -1.2657653e-03
   1.9066584e-01   3.3754793e-01   4.7644765e+00   7.7566560e-04   8.8251527e-04  -1.0323322e-03
   1.7354737e-01   3.1338918e-01   4.8312825e+00   2.2216808e-03   8.2058719e-04  -7.0855476e-04
   1.8314631e-01   3.2914605e-01   4.8170398e+00   1.4675293e-03   8.1550652e-04  -7.3098912e-04
   1.9109246e-01   3.5086147e-01   4.8119447e+00   1.2744807e-03   1.1024255e-03  -8.7174919e-04
   2.0879311e-01   3.4419478e-01   4.8611756e+00   8.1293775e-04   1.2041146e-03  -1.2790637e-03
   1.8912896e-01   3.2840773e-01   4.8479815e+00   1.3473649e-03   8.7617458e-04  -8.1384001e-04
   1.9224340e-01   3.0173131e-01   4.8813841e+00   1.7304737e-03   1.0798715e-03  -6.3515585e-04
   2.0195984e-01   3.1869468e-01   4.8820205e+00   8.5760136e-04   1.1313650e-03  -1.4213746e-03
   2.1158960e-01   3.4625224e-01   4.8699341e+00   5.7405096e-04   5.7600076e-04  -1.0102870e-03
   1.6992399e-01   3.1732975e-01   4.8836441e+00   1.6989586e-03   4.7332443e-04  -4.2924452e-04
   2.2096351e-01   3.5390205e-01   4.8865880e+00   7.3043429e-04   8.9195214e-04  -1.3355607e-03
   1.9937378e-01   3.4121819e-01   4.9061707e+00   1.5733992e-03   5.6198293e-04  -9.5585590e-04
   1.9057037e-01   3.3907739e-01   4.9472654e+00   2.2862120e-03   6.9222939e-04  -5.8440323e-04
   2.0543810e-01   3.5468138e-01   4.9603588e+00   1.2596950e-03   1.2621038e-03  -8.6255114e-04
   2.0209316e-01   3.6372380e-01   4.9321192e+00   6.9771233e-04   7.5489666e-04  -4.3138621e-04
   1.8919249e-01   3.3179690e-01   4.9878678e+00   1.1380831e-03   9.2893529e-04  -5.8021293e-04
   1.8929326e-01   3.2882274e-01   4.9805520e+00   1.5475378e-03   7.5920737e-05  -9.6146347e-04
   1.9682267e-01   3.3650414e-01   4.9788013e+00   1.8674828e-03   7.7140078e-04  -6.1960341e-04
   1.9215429e-01   3.5968876e-01   5.0110612e+00   1.6983499e-03   6.3231842e-04  -3.8654255e-04
   1.9812540e-01   3.7480321e-01   5.0023174e+00   8.2677294e-04   7.1303296e-04  -4.4007924e-04
   1.9728046e-01   3.3578645e-01   5.0010337e+00   1.0410447e-03   3.3400520e-04  -8.2176744e-04
   2.1468791e-01   3.2381603e-01   5.0219776e+00   1.3753342e-03   7.9222681e-04  -7.3600144e-04
   2.1785488e-01   3.0446846e-01   5.0271312e+00   1.3279622e-03   8.7177863e-04  -1.1676399e-03
   1.8952376e-01   3.2669288e-01   5.0294585e+00   1.6022144e-03   6.2598498e-04  -8.2181013e-04
   1.9933142e-01   3.2099790e-01   5.0485799e+00   1.5851948e-03   6.2946331e-04  -5.2787719e-04
   1.9833670e-01   3.4227045e-01   5.0229897e+00   6.1390423e-04   6.6327342e-04  -6.1617524e-04
   2.1499661e-01   3.3776915e-01   5.0519420e+00   6.4297953e-04   4.1711028e-04  -1.0747433e-03
   2.2008544e-01   3.1826646e-01   5.0613200e+00   1.1403872e-03   4.5403186e-04  -1.0319218e-03
   1.8401720e-01   3.3821385e-01   5.0623753e+00   6.1570471e-04   3.3270129e-04  -2.9324040e-04
   1.9804729e-01   3.4478262e-01   5.1201207e+00   1.6199648e-03   5.5554554e-04  -4.7511733e-04
   2.1597822e-01   3.1336978e-01   5.1279573e+00   1.9634641e-03   2.4314239e-04  -1.1790401e-03
   2.1699252e-01   3.2747132e-01   5.1099234e+00   1.3478737e-03   7.2640285e-04  -4.3237146e-04
   2.2514378e-01   3.1793367e-01   5.1113772e+00   1.6864371e-03   4.9717934e-04  -1.0104773e-03
   2.3748198e-01   3.2993192e-01   5.1271457e+00   1.4531164e-03   5.6435527e-04  -1.2161446e-03
   2.2128537e-01   3.3658061e-01   5.1172953e+00   4.0235521e-04   8.2410992e-04  -6.3100588e-04
   2.2065681e-01   3.2634884e-01   5.1445381e+00   8.4787421e-04   2.6859440e-04  -8.6593928e-04
   2.2478497e-01   3.1201866e-01   5.1581164e+00   1.1459322e-03   5.3511888e-04  -9.5693523e-04
   2.0624691e-01   3.1710395e-01   5.1762759e+00   1.5648827e-03   1.5649838e-04  -5.6614481e-04
   2.0745756e-01   3.1330345e-01   5.1887064e+00   1.8179190e-03   5.2497853e-04  -8.9902181e-04
   1.9245444e-01   3.2610725e-01   5.1922351e+00   1.3657073e-03   1.3016351e-04  -4.8178459e-04
   2.1942078e-01   3.2598933e-01   5.2038821e+00   5.9580132e-04   7.9545255e-04  -7.9354599e-04
   2.1618635e-01   3.2847995e-01   5.1864805e+00   7.2371384e-04   5.5763082e-04  -6.8926615e-04
   2.0832727e-01   3.1938675e-01   5.2174078e+00   1.7771835e-03   4.6068908e-04  -6.2233780e-04
   1.5886567e-01   3.5845675e-01   5.0104301e+00   3.1864181e-03  -4.4432253e-04  -1.6602606e-03
   4.9814053e-02   3.5470639e-01   4.8585633e+00   6.3979726e-03  -1.3626509e-03  -2.5428023e-03
   1.2492376e-01   2.8083518e-01   4.9739418e+00   7.1666508e-03   2.7510364e-03  -5.0641185e-04
   1.6677414e-01   2.4500956e-01   4.9720048e+00   3.6077195e-03   2.0676352e-03  -4.7425338e-04
   1.6723286e-01   2.7668556e-01   5.0184581e+00   4.5468451e-03   9.8340153e-04  -7.5684287e-04
   1.7428934e-01   2.9332464e-01   5.0844690e+00   5.5088590e-03   1.0975240e-03  -3.6762020e-04
   1.8480201e-01   3.2788196e-01   5.0878624e+00   4.1279054e-03   9.7428617e-04  -6.4389379e-04
   1.8160352e-01   3.2473298e-01   5.1180550e+00   4.7321246e-03   1.0934518e-03  -4.2066894e-04
   1.9625706e-01   3.5216422e-01   5.1062504e+00   4.4176184e-03   1.2754744e-03  -7.5935786e-04
   2.0147450e-01   3.5269691e-01   5.1101981e+00   4.0488416e-03   9.5820112e-04  -6.5542550e-04
   1.6382161e-01   3.5856691e-01   5.1131149e+00   3.1557388e-03   1.3733099e-03  -1.7945306e-04
   1.6827529e-01   3.5175390e-01   5.2677016e+00   9.3370515e-03   1.1039196e-03  -1.3428993e-03
  -1.7343976e-02   2.1601609e-01   4.8562734e+00   1.6828009e-02  -1.1414735e-03  -3.7567994e-04
   1.1815170e-01   2.5253206e-01   5.0278368e+00   7.1339881e-03   1.6990759e-03   1.2318497e-04
   1.5244238e-01   2.8531133e-01   5.0784187e+00   7.6704908e-03   1.8358834e-03  -2.4134265e-04
   1.4620961e-01   2.9223164e-01   5.1209524e+00   8.4799405e-03   1.4213633e-03   7.0350249e-05
   1.5786170e-01   3.1411458e-01   5.1295306e+00   7.6071139e-03   1.5764793e-03  -4.9641102e-06
   1.6697061e-01   3.3248644e-01   5.1587457e+00   7.7610695e-03   1.1543716e-03  -3.9422772e-06
   1.8580618e-01   3.0609788e-01   5.1648406e+00   7.2788887e-03   1.5274311e-03  -5.6342084e-04
  -2.7367226e-02   3.4482955e-01   4.6841902e+00   3.4462288e-03  -1.2684735e-04  -1.2275804e-03
   1.4599563e-01   2.6271292e-01   5.2346908e+00   9.0642244e-03   1.0945134e-03  -1.3000319e-03
   1.2978125e-01   2.6246764e-01   5.2086697e+00   4.4987835e-03   1.4345525e-03   2.3902099e-04
   1.9038007e-01   2.8465419e-01   5.2391561e+00   3.7207436e-03   1.8191428e-03   1.1200292e-04
   1.5691370e-01   3.0142442e-01   5.2834455e+00   4.7756258e-03   1.2028981e-03   4.3867963e-05
   1.8440952e-01   3.1246298e-01   5.2904602e+00   3.6123364e-03   1.4956483e-03  -2.1595602e-04
   1.9775788e-01   3.1031035e-01   5.3173352e+00   3.8936688e-03   1.5571109e-03  -9.5158361e-05
   1.0892592e-01   2.0274075e-01   5.3339264e+00   9.9261638e-03   5.1025368e-04  -1.6783641e-03
  -2.7675004e-01   3.5206178e-01   4.3294776e+00   2.3104167e-02  -8.1441965e-04  -2.3354603e-03
  -2.6226455e-01  -1.9127288e-01   4.7860256e+00   5.1497184e-02  -5.7861213e-03  -2.6838315e-03
   7.4044040e-02   2.0422755e-01   4.9752262e+00   1.8305694e-02   9.8455971e-04  -3.7593454e-04
   6.8331052e-02   1.7155068e-01   4.9694096e+00   1.4157170e-02   1.0065252e-03   6.7831864e-04
   7.8582925e-02   1.8495142e-01   5.0375933e+00   1.4365648e-02   3.8770043e-04   7.3887744e-04
   8.7819699e-02   2.1633920e-01   5.0759764e+00   1.3747101e-02   6.7855875e-04   9.7354742e-04
   8.8325410e-02   1.5079169e-01   5.0908192e+00   1.3396893e-02   4.8988581e-04   8.8664934e-04
   1.1073690e-01   2.4635856e-01   5.0942505e+00   1.2914097e-02   5.7821494e-04   4.5706343e-04
   1.2355928e-01   2.5963488e-01   5.1168249e+00   1.3172974e-02   6.5978120e-04   3.7345265e-04
   1.2863489e-01   2.4372909e-01   5.1025022e+00   1.2133891e-02   7.2377586e-04   1.0758502e-04
   1.1743472e-01   2.5047830e-01   5.1560124e+00   1.3288487e-02   3.4226053e-04   4.2951557e-04
   1.2085522e-01   2.3087856e-01   5.1413898e+00   1.2745126e-02   5.5438484e-04   5.3579244e-04
   1.1219937e-01   2.6491614e-01   5.1658794e+00   1.2628325e-02   3.7607343e-04   3.3701206e-04
   1.3432958e-01   2.7043165e-01   5.1898357e+00   1.2397163e-02   4.3832249e-04   4.7970210e-05
   1.1427834e-01   2.5894477e-01   5.2107198e+00   1.2636388e-02   6.0492506e-04   5.1191031e-04
   1.3151814e-01   2.6952695e-01   5.2338901e+00   1.3148394e-02   5.4795452e-04   3.0521995e-04
   1.4185760e-01   2.6945060e-01   5.2309122e+00   1.2032021e-02   5.7622140e-04   2.9425813e-04
   1.2465626e-01   2.6124503e-01   5.2330011e+00   1.2554465e-02   4.8015431e-04   5.2510177e-04
   1.3564751e-01   2.5996732e-01   5.2575487e+00   1.2450069e-02   1.7041932e-04   3.2838579e-04
   1.2496840e-01   2.8001895e-01   5.2625326e+00   1.1873502e-02   6.0057736e-04   5.9408413e-04
   1.3358496e-01   2.7144588e-01   5.2665163e+00   1.2307157e-02   6.1448045e-04   2.6895796e-04
   1.4225463e-01   2.7386106e-01   5.2753710e+00   1.1746180e-02   8.2286696e-04   2.8911372e-04
   1.3057935e-01   2.8112886e-01   5.2979307e+00   1.2334376e-02   6.9471173e-04   7.7659609e-04
   1.2124145e-01   2.6088122e-01   5.2892361e+00   1.1854595e-02   3.3389101e-04   8.8006642e-04
   1.3984294e-01   2.7635201e-01   5.2919788e+00   1.1120203e-02   6.3833157e-04   3.7438493e-04
   1.2399567e-01   2.8330882e-01   5.3510271e+00   1.2561186e-02   4.7409274e-04   4.4405119e-04
   8.0299940e-02   5.7522170e-01   5.3155397e+00   1.0644066e-02   8.7037785e-04   2.2702351e-03
   1.5417647e-01   2.8503369e-01   5.3149108e+00   1.1325844e-02   8.5132511e-04   3.8105615e-04
   1.4837330e-01   2.9182813e-01   5.3535392e+00   1.2230413e-02   6.0265324e-04   2.5989416e-04
   1.4385692e-01   2.8992697e-01   5.3509919e+00   1.1501600e-02   8.8847517e-04   2.4070489e-04
   1.2922815e-01   2.8909743e-01   5.3886551e+00   1.2185142e-02   4.5800031e-04   4.8614352e-04
   1.5380028e-01   2.7038543e-01   5.3821859e+00   1.2127121e-02   8.2733954e-04   1.1277323e-04
   1.5438368e-01   2.7837637e-01   5.3746114e+00   1.1790164e-02   1.0271502e-03   3.1420740e-04
   1.5952937e-01   5.0429847e-01   5.4346062e+00   1.3589565e-02   9.2102267e-04  -3.3573201e-04
   1.6714187e-01   3.0877158e-01   5.3946610e+00   1.1520175e-02   1.0418620e-03   4.2192405e-04
   1.5662301e-01   2.9720864e-01   5.3937560e+00   1.1308086e-02   1.2522597e-03   2.1762357e-04
   1.6950071e-01   2.8727614e-01   5.4284506e+00   1.1643762e-02   1.1080001e-03   2.4395020e-04
   1.6678851e-01   2.9235325e-01   5.4699656e+00   1.1686571e-02   1.1385280e-03  -1.3604761e-04
   1.3970264e-01   3.2171496e-01   5.5841320e+00   8.9873418e-03   2.5309538e-03   5.0329900e-04
  -1.6461551e-02   3.1054952e-01   4.9849455e+00   1.1891884e-02  -8.3095115e-04  -9.9373532e-06
  -1.0898661e-02   1.2544610e-01   5.3271372e+00   2.4611803e-02  -2.3303956e-03  -1.0384515e-03
   1.0176901e-01   2.0826183e-01   5.3673576e+00   1.3179271e-02   4.8036318e-04   3.0415599e-04
   1.0518668e-01   2.1961753e-01   5.3977244e+00   1.1969566e-02   6.3822663e-04   5.9307447e-04
   1.3400729e-01   2.6411175e-01   5.4700594e+00   1.3008194e-02   5.2209573e-04   4.7595703e-04
   1.3588149e-01   2.6527024e-01   5.4794251e+00   1.2949415e-02   5.9675831e-04   5.8688599e-04
   1.3746152e-01   2.6881094e-01   5.4711088e+00   1.3137222e-02  -1.3530474e-04   1.8820691e-04
   1.3395240e-01   2.9240101e-01   5.4759665e+00   1.2407181e-02   3.7193248e-04   6.4006211e-04
   1.4291092e-01   2.9361942e-01   5.4724027e+00   1.1990579e-02   1.4759724e-05   4.6776940e-04
   1.3271059e-01   2.6853112e-01   5.4682771e+00   1.2077643e-02  -2.3888867e-04   2.3341866e-04
   1.4335312e-01   2.7642373e-01   5.5012068e+00   1.2128913e-02  -1.7409292e-04   6.7035177e-04
   1.5438428e-01   2.9599945e-01   5.5336335e+00   1.1708964e-02   3.7251127e-04   6.2920066e-04
   1.4845301e-01   2.6262400e-01   5.5167999e+00   1.1432227e-02   3.9857756e-04   7.1045657e-04
   1.5009894e-01   2.7214768e-01   5.5575100e+00   1.2328930e-02   2.4805697e-04   1.4776938e-05
   1.3840256e-01   2.6273356e-01   5.5960929e+00   1.2735469e-02   1.2567958e-04   9.8712002e-04
   1.4975128e-01   3.0082343e-01   5.6111993e+00   1.2481062e-02   6.8488930e-04   4.0046409e-04
   1.5367390e-01   2.7187158e-01   5.5911155e+00   1.1616947e-02   7.8589810e-05   4.2639569e-04
   1.5678731e-01   2.5174221e-01   5.5994352e+00   1.1426840e-02   6.0824393e-04   4.0047431e-04
   1.4510229e-01   2.8244525e-01   5.6379796e+00   1.2431529e-02   1.2199673e-04   3.0955391e-04
   1.4996460e-01   3.0252092e-01   5.6450929e+00   1.2488902e-02   1.2811731e-04   1.6368947e-04
   1.6555252e-01   3.1391727e-01   5.6119771e+00   1.1384626e-02  -6.1103714e-05   5.0322099e-04
   1.5493092e-01   2.8827918e-01   5.6364302e+00   1.2083167e-02  -4.4481221e-04  -4.4812596e-05
   1.5725975e-01   2.7012080e-01   5.6457647e+00   1.2363266e-02  -1.1268547e-04   4.5718403e-04
   1.8771108e-01   2.9301382e-01   5.6552453e+00   1.2115223e-02   3.2328355e-04   2.8358681e-04
   1.7363811e-01   2.7754071e-01   5.6584571e+00   1.1957423e-02   2.7931920e-04   1.3092375e-04
   1.6855098e-01   2.8132528e-01   5.6558200e+00   1.2221934e-02   3.4617454e-04   3.7656797e-04
   1.6107602e-01   2.8369873e-01   5.6873561e+00   1.2450729e-02  -2.3363885e-04   4.3274228e-04
   1.6459357e-01   2.6985917e-01   5.6714008e+00   1.1901409e-02   3.5155292e-04   3.6476682e-04
   1.6330506e-01   2.8492280e-01   5.7066226e+00   1.2078241e-02   3.0082888e-04   3.6427252e-04
   1.7804809e-01   2.9376415e-01   5.7443833e+00   1.3754836e-02   3.4018188e-04   7.5090275e-05
   1.6658822e-01   3.0243617e-01   5.7032919e+00   1.2348740e-02   1.8770696e-04   2.4115587e-04
   1.7738812e-01   3.0599300e-01   5.7371324e+00   1.2425199e-02   4.2571533e-04  -9.1246080e-05
   1.6042351e-01   2.7277297e-01   5.7293093e+00   1.2530362e-02   3.3127364e-04   4.4378506e-04
   1.5797961e-01   2.4153027e-01   5.7248567e+00   1.1611566e-02   9.6103963e-05   6.0185681e-04
   1.7664622e-01   2.9741153e-01   5.7496894e+00   1.1344294e-02   1.1859978e-04   1.1082492e-04
   1.7947879e-01   2.8476157e-01   5.7490537e+00   1.1995685e-02   1.7310749e-04   3.6440054e-04
   1.5600465e-01   3.0209934e-01   5.7748701e+00   1.2221548e-02  -3.5788681e-04   5.3831425e-04
   1.8254110e-01   3.1247503e-01   5.7797283e+00   1.1877936e-02   1.3663082e-04   6.3518876e-05
   1.7216594e-01   3.0016246e-01   5.7879831e+00   1.2209345e-02  -4.1700211e-05  -1.2623589e-04
   1.6173007e-01   2.8286001e-01   5.7869987e+00   1.1882925e-02  -1.3398440e-05   6.4789773e-04
   1.6455884e-01   2.6732797e-01   5.8443355e+00   1.3333467e-02  -3.5822498e-04   6.8666442e-04
   1.5176534e-01   2.8862805e-01   5.8266344e+00   1.2135315e-02  -1.8929527e-04   8.3214043e-04
   1.7020613e-01   3.0479728e-01   5.8180036e+00   1.1723335e-02  -2.4761703e-04   6.8241520e-04
   1.6731818e-01   2.8474769e-01   5.8318747e+00   1.2356854e-02   8.3543545e-06   4.4865815e-04
   1.6045625e-01   3.0870877e-01   5.8249834e+00   1.1864093e-02  -1.9504791e-04   2.9009977e-04
   1.5758539e-01   2.8163984e-01   5.8580425e+00   1.2110660e-02   5.4660714e-04   4.8456173e-04
   1.6284212e-01   2.6965861e-01   5.8390894e+00   1.2112297e-02  -4.2910506e-04   4.8966778e-04
   1.5786206e-01   3.0100232e-01   5.8790005e+00   1.2384775e-02  -1.0531735e-04   4.4293656e-04
   1.6934511e-01   2.7351597e-01   5.8927045e+00   1.2794602e-02  -4.1120070e-04  -2.1331574e-05
   1.6914177e-01   2.8482109e-01   5.8928165e+00   1.2479376e-02  -3.7891885e-04   5.9784822e-04
   1.6445925e-01   2.9509836e-01   5.9106280e+00   1.2592289e-02  -4.5631863e-04   2.6061615e-04
   1.8967770e-01   2.9065392e-01   5.9366088e+00   1.3166568e-02  -9.7609210e-05   1.0120821e-04
   1.8191978e-01   2.9204805e-01   5.9136950e+00   1.2221577e-02  -3.8008830e-04  -2.1161122e-05
   1.7171580e-01   2.9784695e-01   5.9127820e+00   1.2147091e-02  -5.3321480e-04   1.2635534e-04
   1.6126843e-01   2.8304876e-01   5.9303383e+00   1.2448374e-02  -6.1819130e-04   4.0812435e-04
   1.5222030e-01   3.0622634e-01   5.9550840e+00   1.2626608e-02  -9.8265702e-04   5.0469455e-04
   1.6506928e-01   2.9302578e-01   5.9624107e+00   1.1991574e-02  -3.2663835e-04   6.0932123e-04
   1.8083690e-01   2.8384084e-01   5.9989705e+00   1.2760597e-02   2.4022933e-04   1.8490812e-04
   1.6293207e-01   2.9090245e-01   5.9854614e+00   1.2054741e-02  -3.3817039e-04   4.2553376e-04
   1.6387222e-01   2.8550117e-01   5.9594442e+00   1.1130722e-02  -1.8268137e-04   6.4709028e-04
   1.7692592e-01   2.9445817e-01   6.0166673e+00   1.2385507e-02  -4.3147013e-04   3.4357305e-04
   1.6302723e-01   2.9675632e-01   6.0370284e+00   1.1982066e-02  -6.3664162e-04   4.8163671e-04
   1.7023290e-01   2.8678804e-01   6.0698236e+00   1.2815842e-02  -3.8086919e-04   3.3151976e-04
   1.5449603e-01   2.6748509e-01   6.0440329e+00   1.2078349e-02  -1.4281570e-04   6.1430391e-04
   1.7942910e-01   3.0501812e-01   6.0333438e+00   1.1633414e-02  -8.0261795e-04   2.9420159e-04
   1.6046693e-01   2.9012451e-01   6.0509039e+00   1.2017678e-02  -4.4982674e-04   8.4260770e-04
   1.7195701e-01   3.0713344e-01   6.0665604e+00   1.2629249e-02  -4.5794412e-04   4.3636013e-04
   1.7604243e-01   2.9515536e-01   6.0527520e+00   1.1492568e-02  -7.7571116e-04   3.8596096e-04
   1.8395040e-01   2.9368482e-01   6.0875195e+00   1.2435310e-02  -3.6010562e-04   4.5525998e-04
   1.6635653e-01   3.0354015e-01   6.0788748e+00   1.1878544e-02  -6.0921916e-04   7.2616252e-04
   1.6832981e-01   3.0845210e-01   6.0906724e+00   1.1791960e-02  -6.9539890e-04   3.7455203e-04
   1.6743766e-01   3.1631204e-01   6.1268703e+00   1.2152188e-02  -6.6247323e-04   5.1538453e-04
   1.7275796e-01   3.0792202e-01   6.1072322e+00   1.1381026e-02  -4.8420050e-04   5.0685338e-04
   1.8737890e-01   2.9728942e-01   6.1382655e+00   1.2267652e-02  -3.3330296e-04   4.9320196e-04
   1.8194534e-01   2.9568681e-01   6.1464234e+00   1.1811654e-02  -2.9098953e-04   1.2890708e-04
   1.6859094e-01   2.9203899e-01   6.1645978e+00   1.2464385e-02  -2.8593459e-04   4.4592715e-04
   1.6628261e-01   2.8483962e-01   6.1596423e+00   1.2050316e-02  -5.2201393e-04   6.2830362e-04
   1.9130822e-01   3.0130080e-01   6.1648645e+00   1.1615733e-02  -1.9354864e-04   1.2920356e-04
   1.7206121e-01   2.9199768e-01   6.1652657e+00   1.2080765e-02  -3.7435471e-04   5.6042628e-04
   1.7590044e-01   2.9292336e-01   6.1919033e+00   1.1965793e-02  -4.1224741e-04   8.6778726e-04
   1.7873130e-01   2.9003392e-01   6.2284154e+00   1.2705957e-02  -2.8531014e-04   3.5315624e-04
   1.7561613e-01   2.9492848e-01   6.1930846e+00   1.1130791e-02  -5.9421014e-04   3.3015519e-04
   1.6925166e-01   3.2014921e-01   6.2289927e+00   1.2436842e-02  -9.0246650e-04   7.4601062e-04
   1.7066267e-01   3.2558846e-01   6.2171472e+00   1.1427488e-02  -4.7582057e-04   6.3372255e-04
   1.7696101e-01   3.1961733e-01   6.2444483e+00   1.2593441e-02  -6.6554865e-04   4.8749968e-04
   2.0342567e-01   2.8805764e-01   6.2460616e+00   1.1913587e-02  -1.8124028e-04   1.7468987e-04
   1.8555867e-01   2.8593598e-01   6.2813063e+00   1.1860279e-02   1.3176748e-04   1.0751471e-04
   1.7949733e-01   2.8785445e-01   6.2563094e+00   1.1260026e-02   8.4137099e-05   3.7199544e-04
   1.5557985e-01   2.8187919e-01   6.2906737e+00   1.1906033e-02  -8.6845056e-04   6.4845710e-04
   1.7584304e-01   3.1719001e-01   6.2950848e+00   1.1703904e-02  -2.8121673e-04   5.0030299e-04
   1.8997218e-01   2.9939824e-01   6.3095827e+00   1.1521570e-02   1.2861992e-04   2.0715995e-04
   1.7261761e-01   3.0099417e-01   6.3001711e+00   1.1588840e-02  -1.0695089e-04   8.0824191e-04
   1.7780915e-01   2.8116665e-01   6.3317790e+00   1.1890571e-02  -3.0721904e-04   5.8093352e-04
   1.8576828e-01   3.3042442e-01   6.3271411e+00   1.1955700e-02  -1.8349500e-04   5.9087972e-04
   1.9168033e-01   2.8588525e-01   6.3208741e+00   1.1012795e-02  -3.5171097e-05   1.1951899e-04
   1.8342816e-01   3.0726032e-01   6.3453779e+00   1.1628282e-02  -1.7789780e-04   3.9255763e-04
   1.8928227e-01   3.0347135e-01   6.3765663e+00   1.1803992e-02   2.4561252e-04   4.1983196e-04
   1.7160294e-01   3.0399564e-01   6.3553963e+00   1.1200260e-02  -3.3411138e-04   8.3844963e-04
   1.7677836e-01   3.3975865e-01   6.3557528e+00   1.1684530e-02  -4.3213375e-04   4.5914453e-04
   1.7867735e-01   3.1272628e-01   6.3868645e+00   1.1044730e-02   8.5227499e-05   3.1027218e-04
   1.6185542e-01   2.9324454e-01   6.3917818e+00   1.1812801e-02  -3.5329445e-04   7.7405139e-04
   1.8747645e-01   3.2642208e-01   6.4071290e+00   1.1577911e-02  -1.3304715e-04   1.1205486e-04
   1.9691976e-01   2.9942203e-01   6.4120921e+00   1.1625488e-02   1.5175139e-04   3.3394641e-06
   1.6165404e-01   3.2412511e-01   6.4114370e+00   1.1176386e-02   3.9354584e-06   8.6174083e-04
   1.2338227e-01   3.2321547e-01   6.3926933e+00   1.0599811e-02  -1.8329767e-03  -7.8877489e-04
   6.9354970e-02   2.2402925e-01   6.1894340e+00   1.6979164e-02   1.0751001e-03  -1.7158295e-03
   2.9270106e-02   1.4399482e-01   6.3109807e+00   2.2101935e-02  -1.5151989e-03   3.4444042e-04
   1.7666266e-01   2.1194022e-01   6.4213805e+00   9.5293266e-03   1.8714810e-03   3.3902373e-04
   1.9840867e-01   2.3400113e-01   6.4700844e+00   8.3034320e-03   1.4404007e-03   5.4732339e-04
   2.1186391e-01   2.6949673e-01   6.4973050e+00   8.6472003e-03   1.3009515e-03   6.3579157e-04
   2.0777689e-01   2.7764265e-01   6.5048757e+00   9.0090946e-03   1.3350119e-03   6.9165677e-04
   2.1204511e-01   2.7620863e-01   6.4898015e+00   8.2584077e-03   1.4247528e-03   6.1065964e-04
   2.2136039e-01   3.0612507e-01   6.5008617e+00   8.2774407e-03   1.2410582e-03   3.6549616e-04
   1.9540673e-01   2.9504457e-01   6.5226092e+00   8.8054279e-03   1.2619216e-03   8.5980307e-04
   2.2353589e-01   2.8734088e-01   6.5222735e+00   8.4900614e-03   1.1618709e-03   2.9951376e-04
   2.1639625e-01   2.9155692e-01   6.5314310e+00   8.8029645e-03   6.9458253e-04   6.0989969e-04
   2.1975237e-01   3.1647400e-01   6.5573446e+00   9.3363167e-03   5.4835143e-04   3.1709032e-04
