   0.0000000e+00   1.4210855e-14   6.9651423e-15   5.4796806e-18   1.9891358e-18  -1.0899829e-35
  -1.7976056e-02  -4.0315172e-03  -3.1476602e-03   6.3415164e-04  -2.4992979e-04   2.6756726e-04
   4.9772911e-04   6.6180140e-03  -1.0194085e-02   6.0130970e-04  -1.0060883e-04   9.3479281e-05
  -2.4993281e-03   3.5242541e-03   1.0627253e-02   7.0752210e-04  -5.0058352e-04  -8.0616485e-05
   4.1235417e-03  -7.0268756e-03  -7.8622940e-03   3.8307523e-04  -2.3115407e-04   7.8865088e-06
  -8.1154175e-03  -6.0227983e-03  -2.8226312e-02   1.6455830e-04  -6.5935405e-04  -7.9151445e-05
  -1.4896659e-02  -8.4864302e-03  -3.2043929e-02   3.1169423e-04   8.6492804e-05   1.2012078e-04
  -1.1073365e-02  -1.0941771e-02  -6.4199621e-02  -5.7044672e-04  -4.7033850e-04   2.5055860e-04
  -7.2312516e-03  -8.7806089e-03  -6.4882151e-02  -7.0682411e-04  -2.0388580e-04   4.1212843e-04
  -8.7460320e-03  -8.7681841e-03  -3.0604532e-02   2.5798405e-04  -7.9987094e-05   2.9220928e-04
  -1.5574539e-02  -8.0055298e-03  -4.3711418e-02  -3.7533611e-04  -6.1170446e-05  -2.2041498e-05
  -1.8286472e-02  -2.1496131e-02  -4.1237943e-02   1.4404354e-04  -3.5305411e-04   5.4420121e-05
   3.0325232e-03   1.9243844e-03  -5.9133082e-02  -2.1397557e-04   2.9723665e-04   1.4532129e-05
  -1.1209019e-03   2.3822617e-03  -4.4332576e-02   2.8230284e-04  -4.0936072e-04   1.6294522e-04
  -1.4476428e-02  -4.8100028e-03  -5.6460444e-02  -4.4791385e-04   1.9112999e-05   2.0677383e-04
  -1.6377740e-02   1.8372335e-02  -3.7543423e-02   3.7762031e-04  -5.7402501e-04   1.8624622e-04
  -1.4711045e-02  -5.1923705e-03  -5.3958453e-02   4.7721716e-04  -1.7170984e-04  -4.1061429e-05
  -2.2458722e-02   5.7188298e-03  -6.1365025e-02  -7.0111692e-04  -2.3663320e-04   1.0166164e-04
  -2.9281068e-02  -1.0492322e-02  -7.1761580e-02  -4.5735922e-04  -6.0346342e-04   3.8182944e-04
  -3.3534308e-02  -2.6109449e-02  -5.3038512e-02   1.2276019e-04  -2.1921476e-04   5.5243666e-04
  -2.3215198e-02   1.9761416e-03  -6.1646207e-02  -3.0567497e-04  -6.7406979e-05   1.8910006e-04
  -2.0995255e-02  -2.3100151e-02  -3.9015034e-02   3.2499375e-04  -5.0441101e-04   1.5716063e-04
  -2.2467623e-02  -1.4413528e-02  -5.0518860e-02   1.3670460e-05  -3.7764780e-04   7.3870746e-05
  -1.8423808e-02  -5.7900821e-03  -4.9615578e-02   2.1507588e-05  -5.9297773e-04  -9.7600827e-05
  -2.2951846e-02  -9.4343155e-03  -4.4116881e-02  -1.3330549e-04  -5.4334925e-04   1.9367222e-04
  -2.5049978e-02   4.7135599e-03  -4.0547289e-02  -1.5913184e-05  -4.2971338e-04   9.2548446e-05
  -2.7649416e-02  -3.2651914e-04  -4.0362614e-02   4.0645941e-04  -3.9468137e-04   1.9026295e-04
  -1.1240833e-02   7.5787275e-03  -3.1282681e-02   4.3458271e-04  -3.4860775e-04   5.5880047e-05
  -3.2792053e-02  -7.9341688e-03  -3.0397096e-02   4.4852643e-04  -8.7655294e-04   8.7295622e-05
  -1.7786002e-02  -1.9410400e-02  -4.8550260e-02   1.9495317e-04  -3.8834865e-04  -1.3731001e-04
  -2.7955065e-02  -1.1368301e-02  -4.4358993e-02   2.4358538e-04  -5.2536275e-04   1.0213304e-04
  -2.0627199e-02   6.3327850e-03  -2.4557094e-02   3.5786771e-04  -6.8477299e-04  -1.8595921e-04
  -3.1590154e-02  -2.0487523e-03  -1.8367377e-02   5.0365194e-04  -3.3767357e-04   5.1570597e-04
  -4.8554745e-02  -4.1716287e-02  -2.3641198e-02   4.7911123e-04  -8.4712107e-04   5.4407533e-04
  -2.5969311e-02  -2.2575883e-02  -4.8624152e-02  -5.1595771e-04  -6.8221036e-04   3.5685107e-04
  -3.9998750e-02  -1.9484736e-02  -2.4521800e-02   2.6513831e-04  -5.3656990e-04   3.5674809e-04
  -2.8291763e-02  -1.5914268e-02  -2.4731079e-02   1.2190487e-04  -5.8249177e-04  -3.2960158e-05
  -3.1078818e-02  -1.4213554e-02  -3.4601200e-02  -1.8929484e-04  -3.2027999e-04   2.8746480e-04
  -2.9485543e-02  -1.6392066e-02  -3.0369090e-02  -3.9010936e-04  -7.6779820e-04  -1.7114493e-04
  -3.2902505e-02  -3.0646287e-02  -2.2507212e-02   6.2300286e-05  -2.6842343e-04   1.8878395e-04
  -3.6159906e-02  -2.0980612e-02  -1.3663110e-02  -2.3231838e-04  -3.4327896e-04   3.8111000e-04
  -3.0488382e-02  -5.2625751e-04  -2.4045908e-02  -4.1256753e-04  -6.2058372e-04   1.3379682e-04
  -3.8121164e-02  -5.8877151e-03  -1.4677281e-02   2.5980055e-05  -7.9795029e-04   4.5196956e-04
  -3.9898579e-02  -2.8397110e-02  -2.2208973e-03   1.9598009e-04  -4.6008654e-04   4.1261603e-04
  -3.2304645e-02  -5.0517142e-03   1.6517845e-02   2.6403352e-04  -6.8601133e-04   1.4097224e-05
  -4.2532022e-02  -2.1932787e-02   3.2735405e-03   2.7425989e-04  -4.0186327e-04   2.9632901e-04
  -4.3663591e-02  -3.6562217e-02   3.0356960e-02   7.7042304e-04  -1.0638718e-03   1.2420506e-04
  -3.3420532e-02  -3.3415411e-02   1.1545513e-02   1.7225940e-04  -6.2252660e-04   1.6972379e-04
  -4.2472579e-02  -2.6768434e-03   1.3004554e-02  -2.6758494e-04  -7.3083348e-04  -1.7419515e-05
  -2.9716110e-02  -1.1660798e-02   2.8457593e-02   9.0408884e-05  -6.4183690e-04   2.3003878e-04
  -5.0074934e-02  -2.3868206e-02   4.0394698e-02   6.5029031e-04  -4.0755903e-04   6.7104746e-04
  -3.1078918e-02  -1.9175179e-02   2.9815971e-02   5.6295914e-05  -5.4154971e-04   1.9007121e-05
  -4.0809047e-02  -9.5837177e-03   3.9017156e-02  -1.7220202e-04  -1.3015100e-03   1.8026758e-05
  -4.2945402e-02  -2.5566121e-02   5.8586374e-02   3.7388255e-04  -5.2100070e-04   2.0021865e-04
  -6.4136934e-02  -4.9034696e-02   5.4542104e-02   1.6123317e-04  -7.3967258e-04   8.9151473e-04
  -2.7693118e-02  -2.6585432e-02   4.2904626e-02  -3.3227920e-04  -4.7179351e-04  -2.5722726e-04
  -4.1287921e-02   2.8947982e-03   7.1384427e-02   8.2836166e-05  -5.4598005e-04   2.8195116e-05
  -7.4235331e-02   1.1566517e-02   5.2164678e-02   1.5621540e-04  -1.2577745e-03   1.2987602e-03
  -3.6418778e-02  -1.8034698e-02   4.9198416e-02  -8.7530899e-05  -7.0663685e-04   1.5015090e-04
  -5.4833060e-02  -2.8743814e-02   5.1940556e-02  -3.1324757e-04  -5.6922545e-04   3.9796503e-04
  -4.8148528e-02  -2.0014945e-02   5.9151497e-02  -3.9128899e-04  -6.5160012e-04   2.6890530e-04
  -5.1423832e-02   4.7441029e-03   7.5588006e-02   4.9046776e-05  -3.9176070e-04   3.0264520e-04
  -5.8744150e-02  -1.4287417e-02   8.8202845e-02   3.7022236e-04  -7.2773057e-04   3.9464445e-04
  -5.4820189e-02  -1.9978067e-02   8.0291357e-02   1.9537265e-04  -6.9107566e-04   4.2281180e-04
  -4.7251778e-02  -1.7209607e-02   8.4616695e-02  -3.2745411e-04  -6.3891123e-04   8.5478234e-05
  -5.9770127e-02  -1.3546649e-02   8.7862444e-02  -5.4611372e-04  -8.0000483e-04   4.2505350e-04
  -4.9361509e-02  -2.5890436e-03   1.0426114e-01  -5.6926118e-04  -3.0082769e-04   3.7635660e-04
  -6.1595247e-02  -2.0633002e-02   1.4061897e-01   7.9734798e-04  -7.2907125e-04   2.9437961e-04
  -5.8233544e-02  -1.7607529e-02   1.4678985e-01   7.2075436e-04  -3.4767192e-04   5.2267613e-04
  -6.5405424e-02  -2.3809399e-02   1.4062284e-01   2.7876217e-04  -8.2917685e-04   7.7823176e-04
  -4.5986259e-02  -3.6551684e-02   1.4684530e-01   2.5179014e-04  -3.9345441e-04   1.6030904e-04
  -5.6922376e-02   2.0797698e-02   1.4851655e-01   4.7118577e-04  -8.8786465e-04   1.5902111e-04
  -5.2890066e-02  -4.7372602e-03   1.5646744e-01   3.8732888e-04  -8.7254395e-04   4.0845794e-04
  -4.3793729e-02  -1.0220100e-03   1.6224010e-01   2.6848729e-04  -6.3046287e-04   5.2463041e-05
  -5.9726523e-02  -7.4336526e-03   1.4814595e-01   3.4574757e-04  -9.5326858e-04   4.0625434e-04
  -4.7526146e-02  -1.1267832e-03   1.7076981e-01   3.3268080e-04  -1.0552713e-03   1.3941803e-04
  -5.3724611e-02   1.0081959e-02   1.7499984e-01   4.8613354e-05  -5.5458291e-04   2.0593996e-04
  -4.6011478e-02   1.3773337e-02   2.0021104e-01   8.9182032e-04  -5.5818513e-04   7.4050854e-05
  -7.0276314e-02  -1.6975336e-02   1.9460278e-01   8.3235690e-04  -1.0862861e-03   3.4295018e-04
  -6.0758516e-02  -2.3801626e-02   1.9806897e-01   7.5616444e-04  -1.0671520e-03   2.4617703e-04
  -6.9647950e-02  -7.8075974e-03   2.1975563e-01   1.0537556e-03  -3.1335002e-04   6.4881256e-04
  -6.2001958e-02  -5.2484326e-02   1.9866804e-01   8.0530245e-04  -8.4094703e-04   5.0682845e-05
  -1.0229504e-01  -8.1735457e-02   1.4735135e-01   2.3770914e-03   1.2180207e-04   1.3228831e-03
  -8.6262023e-02  -1.0812946e-01  -9.3804502e-02   2.4902760e-03   3.7016238e-03  -1.3125188e-03
  -9.3196483e-03  -2.9259361e-01  -4.8466343e-01   1.9705317e-02   1.8622264e-03  -2.5625876e-03
  -9.9027984e-02  -1.9634706e-01  -2.2243270e-01   4.2932114e-04  -2.5061187e-03   3.3372605e-04
  -7.9087607e-02  -1.7976034e-01  -1.7242707e-01  -2.9261604e-03  -1.9536105e-03   7.2741932e-04
  -6.2022772e-02  -1.8453693e-01  -6.5694125e-02  -2.8339272e-03  -1.6100337e-03   4.7221629e-04
  -5.4072786e-02  -1.7295536e-01  -1.1852084e-03  -2.5190667e-03  -1.7131768e-03   6.4955319e-04
  -4.9463899e-02  -1.5283422e-01   4.1450235e-02  -1.9213147e-03  -1.5241540e-03   5.7194763e-04
  -5.4593894e-02  -1.6143085e-01   1.5155667e-02  -1.1731193e-03  -1.4636160e-03   3.2791041e-04
  -5.0624706e-02  -1.4682587e-01   4.1473436e-02  -9.9705313e-04  -1.9454591e-03   6.3732807e-04
  -4.5505935e-02  -1.5191739e-01   4.1896877e-02  -1.6139960e-03  -1.3658650e-03   1.4801636e-04
  -3.3091049e-02   7.6644585e-02   5.0595173e-02  -1.6885050e-03  -1.3893870e-03  -4.7095636e-04
  -3.9853122e-02  -1.3883939e-01   6.6963681e-02  -1.2027616e-03  -1.7589534e-03  -6.0933328e-06
  -4.1997631e-02  -1.5440342e-01   7.0793785e-02  -1.0872529e-03  -2.1016816e-03   2.0105498e-04
  -3.5903495e-02  -1.4400366e-01   9.6038373e-02  -5.6479667e-04  -1.6174310e-03   1.0383639e-04
  -4.4900099e-02  -1.4638647e-01   1.1023812e-01  -6.7783972e-04  -1.9268817e-03   3.8866187e-04
  -4.6460168e-02  -1.1676736e-01   1.4568175e-01  -3.4878499e-04  -1.6763780e-03   2.8096344e-04
  -2.5259682e-02  -1.2443270e-01   1.4854389e-01  -4.6179762e-04  -8.8657208e-04  -6.6241136e-05
  -3.7851427e-02  -1.3192891e-01   1.5690098e-01  -5.2510693e-04  -1.6266016e-03   3.5329709e-04
  -3.1792320e-02  -1.5378800e-01   1.5116512e-01  -1.2126777e-03  -1.3669075e-03   3.4486402e-04
  -3.5628679e-02  -1.2977929e-01   1.8639153e-01  -4.9804509e-04  -1.5163537e-03   6.6670224e-05
  -3.8774867e-02  -1.2651095e-01   2.1194103e-01  -3.5503028e-04  -1.2661327e-03   5.4863877e-04
  -4.6226018e-02  -1.0527438e-01   2.0911435e-01  -5.7176975e-04  -1.7446341e-03   2.9071457e-04
  -2.2044567e-02  -1.2966824e-01   2.0292273e-01  -6.5143886e-04  -1.8815621e-03  -2.6060185e-04
  -2.9712697e-02  -1.1538377e-01   2.2186476e-01  -4.3696374e-04  -1.7793453e-03  -2.0655024e-05
  -2.3468664e-02  -9.1959236e-02   2.1844923e-01  -1.0778365e-03  -1.2359988e-03   2.2595826e-04
  -3.6591889e-02  -8.8170770e-02   2.3096011e-01  -6.1635605e-04  -2.0543590e-03   1.2313293e-04
  -2.3180619e-02  -6.7666719e-02   2.1988898e-01  -8.4447749e-04  -1.9441645e-03  -1.8270862e-05
  -3.6708333e-02  -8.8044847e-02   2.3303159e-01  -7.6588124e-04  -2.1546901e-03   7.4996602e-05
  -4.0247494e-02  -9.2980808e-02   2.5509222e-01  -3.7226972e-04  -1.9786923e-03   4.0455111e-04
  -5.1248126e-02  -6.6655686e-02   2.8910213e-01   5.7259681e-04  -1.1903489e-03   1.0006922e-03
  -5.1670728e-02  -5.6539113e-02   2.9233189e-01   2.7538944e-04  -2.2023513e-03   5.4465621e-04
  -4.7316847e-02  -2.1493252e-02   3.0325415e-01   4.7973200e-03  -1.0763115e-03   6.3852582e-04
  -3.3800233e-02  -5.8152831e-02   2.5047335e-01   1.0472831e-03  -1.9474991e-03   3.5765747e-04
  -7.1700347e-02  -2.9345977e-02   3.2246567e-01   1.5917816e-03  -2.2561430e-03   1.1465360e-03
  -5.7045261e-02  -2.0758974e-02   3.4577975e-01   1.4201536e-03  -1.4101473e-03   9.8739555e-04
  -3.9494783e-02  -2.6687379e-02   3.1122436e-01   1.4025513e-03  -1.5089831e-03   5.7701002e-04
  -4.6564110e-02  -3.1661564e-02   3.1622902e-01   7.5170560e-04  -1.7443232e-03   8.5109446e-04
  -5.8710906e-02  -3.1032114e-02   3.5298213e-01   9.6546965e-04  -2.0985741e-03   9.5806727e-04
  -5.1628647e-02  -2.9138787e-02   3.6880635e-01   8.6795341e-04  -1.6394578e-03   9.0140941e-04
  -3.8687135e-02  -3.2786180e-02   3.8465029e-01   8.0098386e-04  -2.0818601e-03   4.2671383e-04
  -4.3755279e-02  -6.3012580e-02   4.0181271e-01   1.1627859e-03  -1.8632428e-03   5.1050586e-04
  -4.6085206e-02  -5.8049568e-02   3.8250349e-01   8.4713368e-04  -2.2512748e-03   6.2120274e-04
  -3.6003325e-02  -4.3687679e-02   3.9456806e-01   1.1457476e-04  -1.2776629e-03   5.7666857e-04
  -4.4248988e-02  -2.3270495e-02   4.0940821e-01   5.1664840e-04  -2.1303226e-03   3.5829699e-04
  -3.6653915e-02  -2.2452246e-02   4.0594550e-01   5.7899478e-04  -2.1250919e-03   6.5843962e-04
  -3.2412261e-02  -5.2679121e-02   4.2939680e-01   8.1362761e-04  -1.7552637e-03   2.7805198e-04
  -3.2499504e-02  -3.8361494e-02   4.0717107e-01  -9.4054479e-05  -1.9620577e-03   3.4159219e-04
  -4.1175376e-02  -3.0904184e-02   4.2149256e-01  -1.3576126e-04  -2.0738724e-03   5.7108290e-04
  -4.2985786e-02  -3.9827238e-02   4.4353465e-01   5.5597842e-04  -1.8762525e-03   5.7281631e-04
  -4.3993542e-02  -3.2167242e-02   4.4827740e-01   1.3576547e-04  -1.7051243e-03   4.0251505e-04
  -3.6596169e-02  -9.3633369e-03   4.5081628e-01  -2.9541843e-04  -1.5209974e-03   5.7656909e-04
  -3.4781721e-02  -1.1968257e-02   4.7470638e-01  -2.2277479e-05  -2.0900895e-03   2.6775690e-04
  -3.9505728e-02  -4.1909514e-02   5.1617773e-01   8.5631941e-04  -1.5541000e-03   4.5653850e-04
  -4.7801671e-02  -3.3811493e-02   4.9747005e-01  -3.0855928e-04  -1.5394702e-03   8.7425461e-04
  -3.6918754e-02  -5.0141027e-02   5.1359538e-01   9.9982139e-05  -1.6320075e-03   6.1814841e-04
  -3.7254603e-02  -1.8273492e-02   5.2927741e-01  -2.6195652e-05  -1.8160493e-03   6.6871834e-04
  -3.8240005e-02  -1.5086929e-03   5.5167732e-01  -2.3962544e-05  -1.7565734e-03   3.0407322e-04
  -4.4204090e-02  -1.5148934e-02   5.6584823e-01   6.6831945e-04  -1.5163908e-03   9.9647888e-04
  -3.4952600e-02  -3.7009458e-02   5.4082455e-01  -1.4163834e-04  -1.6510640e-03   5.9982759e-04
  -3.6348319e-02  -3.1679684e-02   5.5720100e-01  -2.6625948e-04  -1.5501373e-03   6.4026780e-04
  -4.1694660e-02  -1.5225066e-03   5.5786248e-01  -8.6767481e-04  -1.9890923e-03   5.9171142e-04
  -3.9746503e-02   5.4959845e-03   5.7658694e-01  -3.3106973e-04  -1.9966686e-03   7.6292195e-04
  -4.9137191e-02  -1.1573880e-02   6.0114890e-01   2.3922734e-04  -2.1611631e-03   7.5495036e-04
  -2.9267845e-02  -9.9408342e-03   5.9806035e-01  -1.4314939e-04  -1.6351661e-03   6.1086150e-04
  -4.8594175e-02  -1.5356525e-02   6.1666526e-01   1.9055846e-04  -1.8987871e-03   9.7386143e-04
  -1.0794560e-02   1.5584939e-02   6.1757310e-01  -2.8899846e-04  -1.5458812e-03   3.9247790e-04
  -4.3201546e-02   1.8833563e-02   6.1768335e-01  -7.3409549e-04  -1.7715118e-03   5.5195698e-04
  -4.5130012e-02   1.5439147e-02   6.5875146e-01   1.9911644e-04  -1.8835456e-03   9.4275291e-04
  -7.5126873e-02   4.9552540e-02   6.4228245e-01  -4.0655101e-04  -1.9671540e-03   1.5261934e-03
  -3.7304015e-02  -2.7671356e-03   6.6565901e-01   1.0722743e-04  -1.9200963e-03   6.7137020e-04
  -2.9571588e-02  -2.8475361e-03   6.9105313e-01  -4.8553942e-05  -1.3282606e-03   7.3864040e-04
  -3.5150319e-02   2.2310115e-02   6.6510250e-01  -9.1815285e-04  -1.5184647e-03   6.1965849e-04
  -3.3109184e-02   1.5299423e-02   6.7840991e-01  -6.6216342e-04  -1.7680076e-03   6.0288044e-04
  -3.8125324e-02   3.7573103e-02   7.0900439e-01  -3.2569776e-04  -1.8845115e-03   5.7686012e-04
  -2.4164100e-02   4.0488820e-02   7.0992846e-01  -6.8862036e-04  -1.4551561e-03   8.9252028e-04
  -2.7649242e-02   1.2711503e-02   7.3549576e-01  -2.2057515e-05  -1.7677693e-03   6.7848052e-04
  -4.7241104e-02   1.0076578e-02   7.5360370e-01   2.1254665e-04  -2.0675469e-03   9.6009380e-04
  -3.6289628e-02   2.0570659e-02   7.4789085e-01  -1.6112285e-04  -2.1209500e-03   8.5391545e-04
  -2.6697055e-02   1.2847284e-02   7.6013655e-01  -3.9863927e-05  -2.1206930e-03   3.4226936e-04
  -3.1537337e-02  -2.1492010e-03   7.9226308e-01   2.9070595e-04  -1.8056709e-03   8.7920494e-04
  -3.8899562e-02   2.7679219e-02   7.6103376e-01  -7.6681282e-04  -1.5309483e-03   7.4096931e-04
  -3.9223388e-02   3.9826532e-02   8.5021810e-01   2.8686178e-04  -1.4661230e-03   8.2079373e-04
  -2.6481340e-02   4.5917375e-02   8.2863196e-01   2.7780175e-05  -2.0365210e-03   4.6444591e-04
  -3.1820574e-02   3.9936631e-02   8.3785909e-01  -2.2707550e-04  -1.6628809e-03   8.9444407e-04
  -1.9981356e-02   4.7889613e-02   8.6032478e-01   4.0331799e-04  -1.5601603e-03   7.2967329e-04
  -3.4808079e-02   1.9797318e-02   8.4914763e-01   6.6079264e-05  -2.0134686e-03   7.0518897e-04
  -4.0104022e-02   2.3145558e-02   8.5509138e-01   5.4627047e-05  -1.8887003e-03   6.8652898e-04
  -2.1132610e-02   5.3051520e-02   8.7487763e-01  -1.1398492e-04  -1.2416505e-03   7.4487814e-04
  -2.8902986e-02   3.2950139e-02   8.8686229e-01  -4.3689858e-04  -1.6620746e-03   5.1442996e-04
  -2.5974416e-02   4.3262835e-02   9.0323937e-01   1.5386235e-04  -1.9053736e-03   9.0303561e-04
  -4.2942611e-02   1.2882462e-02   8.9283986e-01   4.4134655e-05  -8.8015918e-04   1.3060253e-03
  -8.0501837e-02  -2.3072697e-02   7.2607998e-01   6.4809588e-03  -2.0586512e-03   8.7432333e-05
   1.2890818e-02  -2.8374104e-01   4.7566094e-01   1.6707642e-02   2.3256240e-03  -2.8361732e-04
   1.5473336e-02  -1.5837547e-01   6.6877811e-01   8.2793728e-03  -6.0741857e-04  -1.5145723e-03
  -7.6094086e-03  -1.0515593e-01   6.5213334e-01   3.7953553e-03  -2.3593086e-03  -5.4915705e-04
   9.8401627e-03  -7.5547298e-02   7.1232526e-01   3.4449853e-03  -2.4157441e-03  -5.6326615e-04
   1.9405853e-02  -4.4780170e-02   7.9362403e-01   3.7732243e-03  -2.0097863e-03  -2.7564258e-04
   1.8273159e-02  -4.7643323e-02   8.1163233e-01   3.6421417e-03  -1.9206766e-03  -1.6200553e-04
   2.2999788e-02  -2.0672962e-02   8.3034405e-01   3.7371836e-03  -1.9705916e-03  -4.4228772e-04
   2.0515364e-02  -1.4539628e-02   8.4161761e-01   3.6615259e-03  -1.7623783e-03  -1.5402450e-04
   3.0207568e-02  -6.6051551e-03   8.4218022e-01   3.1577872e-03  -2.2066357e-03  -4.3507787e-04
   9.4296123e-03  -1.0459655e-02   8.4844118e-01   3.4583027e-03  -2.1848882e-03   3.9744946e-05
   8.1746849e-03  -1.5703075e-03   8.8390148e-01   3.7280115e-03  -2.2748538e-03   1.0117789e-05
   1.4670084e-02   7.6610213e-03   8.9242443e-01   3.6063749e-03  -3.1301860e-03  -2.2104520e-04
  -5.5883009e-03   1.2800012e-02   8.9716570e-01   4.5505045e-03  -3.8000231e-03  -2.6183238e-04
   6.7183786e-03  -1.0679825e-02   8.9755657e-01   3.5709760e-03  -2.8409066e-03   8.1170790e-05
   2.0308094e-02   9.1613996e-03   9.1199594e-01   3.6503436e-03  -2.6474033e-03  -3.2274989e-04
   2.1004999e-02  -8.3698847e-03   9.1285209e-01   3.4470104e-03  -2.4472412e-03  -1.1079711e-04
   1.8385487e-02   1.2278636e-02   9.2878638e-01   3.1481806e-03  -2.3028470e-03  -2.6775296e-04
   1.8697949e-02   3.0899945e-02   9.4333728e-01   3.0700680e-03  -2.6354090e-03  -3.3599227e-04
   1.4300478e-02   1.2139743e-02   9.5535582e-01   2.7273426e-03  -2.3135628e-03  -2.2084030e-05
   9.8370523e-03  -3.5911930e-03   1.0000296e+00   3.8556321e-03  -2.8286506e-03  -1.2373940e-04
   9.5541758e-03  -8.0076729e-02   9.7885043e-01   3.0316998e-03  -2.1612060e-03  -1.5735548e-04
   3.1843288e-02   1.0045482e-02   1.0137615e+00   3.4195018e-03  -2.1457429e-03  -3.8098965e-04
   2.5400431e-02   2.3939962e-02   1.0249395e+00   3.1494591e-03  -1.9968561e-03  -2.8793579e-04
   1.8539907e-02   2.4877974e-02   1.0306115e+00   3.4302022e-03  -2.4414934e-03   8.3920416e-05
   3.2816442e-02   1.7236071e-02   1.0506337e+00   3.6198727e-03  -1.6642406e-03  -1.9352556e-04
   2.1081664e-02   2.1362142e-02   1.0632572e+00   3.7078306e-03  -2.4316626e-03  -3.4772597e-05
   1.5040871e-02  -3.6520349e-03   1.0532146e+00   3.2387297e-03  -2.9326271e-03  -2.5172821e-05
   1.0559677e-02  -9.5293571e-02   1.1013104e+00   9.6671454e-03  -1.2590844e-03  -2.3665742e-04
  -5.3994202e-02  -1.4535968e-01   9.2264874e-01   1.3955693e-02  -3.8529211e-03   2.5326435e-04
  -3.2967685e-02  -9.7959046e-02   8.5761785e-01   3.7444151e-03  -2.2158191e-03  -1.2803246e-04
   2.4563151e-02  -5.5806434e-02   9.7460648e-01   2.8308079e-03  -2.4565807e-03  -1.9827093e-04
  -1.8405478e-02  -2.4653718e-02   1.0337523e+00   2.8514247e-03  -2.6867378e-03   5.7038193e-04
   2.7764747e-03   4.4532716e-02   1.0999258e+00   4.4096611e-03  -2.5640817e-03   3.8330924e-04
   4.6283397e-03   7.2501686e-02   1.1168797e+00   5.2740451e-03  -2.1347270e-03   6.7705379e-05
   1.2882809e-02   7.2258212e-02   1.1010473e+00   4.4745745e-03  -2.1334449e-03   6.4313113e-05
   1.3551341e-02   8.5429038e-02   1.1286226e+00   4.4906803e-03  -1.9792669e-03   1.0866181e-04
   1.6995789e-02   6.0647426e-02   1.1596927e+00   4.2767236e-03  -1.8432178e-03   8.8206185e-05
   2.5448429e-02   4.7342059e-02   1.1865506e+00   3.7981913e-03  -2.3428063e-03   6.1367682e-07
   1.5866888e-02   2.1009598e-02   1.1946069e+00   3.0774922e-03  -2.6507918e-03   5.0658953e-04
   2.0101060e-02   4.4858426e-02   1.2349882e+00   3.5465981e-03  -2.2939105e-03   1.9076990e-04
   1.2493864e-02   4.1504199e-02   1.2526639e+00   3.6737491e-03  -2.7587151e-03   1.3281041e-04
   1.3212649e-02   5.0242555e-02   1.2671695e+00   3.3820968e-03  -2.3508291e-03   4.8881195e-04
   1.1398957e-02   4.4033321e-02   1.2919391e+00   3.5059265e-03  -2.7419890e-03   2.3306016e-04
   2.7917050e-02   5.3669675e-02   1.2901020e+00   3.1426349e-03  -2.6514200e-03   2.8925603e-04
   1.0926143e-02   5.4639284e-02   1.3107656e+00   3.6279595e-03  -2.8685589e-03   4.9832798e-04
   1.1761456e-02   8.0656698e-02   1.3244526e+00   2.8785333e-03  -2.9748064e-03   4.2581452e-04
   7.1384625e-03   5.9639694e-02   1.3265279e+00   2.8702901e-03  -3.2600541e-03   7.8293326e-04
   2.1473413e-02   5.8118815e-02   1.3324336e+00   2.8785983e-03  -3.1806188e-03   3.8210561e-04
   6.3792295e-03   6.8729097e-02   1.3355485e+00   2.4772314e-03  -3.6288128e-03   7.1786110e-04
   2.1341722e-02   5.2656540e-02   1.3566596e+00   2.4699307e-03  -3.1892982e-03   2.2104273e-04
   1.9766426e-02   5.1332131e-02   1.3709040e+00   2.7754630e-03  -2.7673942e-03   4.8619928e-04
   1.8126311e-02   4.4577788e-02   1.3693673e+00   2.5035279e-03  -2.3743989e-03   4.7136339e-04
   2.2283442e-02   4.3277735e-02   1.3624151e+00   2.3389334e-03  -2.4731222e-03   2.5112873e-04
   2.1123344e-02   4.2423193e-02   1.3785443e+00   2.2230979e-03  -2.5452020e-03   5.1884594e-04
   3.2771458e-02   5.0235672e-02   1.3867494e+00   2.0462403e-03  -2.8493695e-03  -1.0757819e-05
   2.8890552e-02   7.9446046e-02   1.4064829e+00   2.3406177e-03  -2.8372758e-03   8.9577042e-05
   3.4498595e-02   6.1497372e-02   1.3956452e+00   1.6398175e-03  -3.2158979e-03   2.3450651e-04
   3.4435517e-02   7.7092654e-02   1.4050937e+00   1.7689787e-03  -2.9555888e-03   9.3154674e-05
   1.6813453e-02   7.9271659e-02   1.4334605e+00   2.5667827e-03  -3.2761233e-03   4.8301547e-04
   1.2155707e-02   6.4603786e-02   1.4150598e+00   1.6252135e-03  -3.2745245e-03   6.2510627e-04
   3.0856257e-02   5.7990860e-02   1.4356334e+00   1.7854332e-03  -3.2055869e-03   3.1005577e-04
   1.1342858e-02   6.3876484e-02   1.4742301e+00   2.2396804e-03  -3.2927234e-03   5.0422667e-04
   2.1787148e-02   4.7842924e-02   1.4712042e+00   2.1272608e-03  -2.9666358e-03   3.2890151e-04
   2.1623889e-02   5.9505837e-02   1.4819267e+00   2.4858028e-03  -3.1992056e-03   2.6692020e-04
   2.6846860e-02   5.6169547e-02   1.5017123e+00   2.3370278e-03  -2.6048905e-03   1.0288974e-04
   2.1116676e-02   7.0242610e-02   1.5213632e+00   2.4894132e-03  -2.6502261e-03   3.4439576e-04
   3.5881665e-02   5.5813676e-02   1.5067488e+00   2.0745414e-03  -2.6847555e-03   2.9353451e-04
   3.3074269e-02   7.5213520e-02   1.5341025e+00   1.8972330e-03  -2.7532241e-03   1.6308522e-04
   1.5707178e-02   1.2274464e-01   1.5921176e+00   2.3221186e-03  -2.2193017e-03   4.9222584e-04
   2.4818674e-02   8.4218990e-02   1.5784086e+00   2.2026430e-03  -2.9148423e-03   1.0263554e-04
   3.2483944e-02   9.1241763e-02   1.6224655e+00   3.0987097e-03  -2.6145633e-03   9.2561205e-05
   2.1312119e-02   1.0791023e-01   1.6088750e+00   2.4791769e-03  -3.1537451e-03   2.1593530e-04
   3.2100878e-02   9.8413472e-02   1.6176262e+00   2.2568107e-03  -2.8337534e-03   1.8899098e-04
   2.4906373e-02   8.2757799e-02   1.6386272e+00   2.8559447e-03  -2.2854039e-03   3.8117713e-04
   2.2069460e-02   1.0388914e-01   1.6335058e+00   2.9439256e-03  -2.9043209e-03   3.4812606e-04
   3.1364439e-02   8.8058479e-02   1.6240905e+00   2.0348646e-03  -3.0307923e-03   2.9962626e-04
   4.3722143e-02   7.6839925e-02   1.6566932e+00   2.2449798e-03  -2.8321467e-03   1.7300277e-05
   2.5761346e-02   7.2234923e-02   1.6906100e+00   2.9994687e-03  -2.9113203e-03   1.4739093e-04
   3.2551393e-02   9.0497961e-02   1.6932559e+00   2.7613340e-03  -3.1355116e-03   1.9033596e-04
   3.7057913e-02   7.8551803e-02   1.7024983e+00   2.6533120e-03  -2.7850829e-03   1.3720146e-04
   3.4164769e-02   9.0313667e-02   1.6932244e+00   2.3447218e-03  -2.3755444e-03   2.0966858e-04
   3.6775901e-02   8.4001236e-02   1.6977681e+00   1.9689720e-03  -2.6619759e-03  -1.2326733e-05
   3.5070681e-02   9.1192130e-02   1.7171206e+00   2.1319171e-03  -2.6376608e-03   5.1647585e-05
   4.3550160e-02   9.6006471e-02   1.7106380e+00   1.8662371e-03  -2.7569651e-03  -1.1584475e-04
   3.9914293e-02   1.1910390e-01   1.7494333e+00   2.6411064e-03  -2.7021412e-03   2.0136737e-04
   4.5137552e-02   1.2064221e-01   1.7400121e+00   1.9764415e-03  -3.0288702e-03   1.6536701e-04
   3.7461610e-02   9.3884353e-02   1.7589396e+00   2.3134272e-03  -2.5569354e-03   1.0088795e-04
   5.0995935e-02   7.2625138e-02   1.7849812e+00   2.5419221e-03  -2.0757847e-03  -3.0058967e-05
   3.7906332e-02   8.4563555e-02   1.7877721e+00   2.6993311e-03  -2.8524043e-03  -1.2511490e-05
   3.9859140e-02   8.0925077e-02   1.8020232e+00   2.1668300e-03  -2.1609217e-03   1.2960616e-04
   4.8464832e-02   7.9984695e-02   1.8114957e+00   2.4067994e-03  -2.1824629e-03  -2.3453245e-04
   3.8935677e-02   8.9666203e-02   1.8276391e+00   2.4785768e-03  -2.4544680e-03   1.2463601e-04
   4.3434098e-02   1.2345273e-01   1.8622336e+00   2.9944331e-03  -2.1832324e-03   5.1915929e-05
   4.3269945e-02   1.0542621e-01   1.8398547e+00   1.9585426e-03  -2.4858267e-03   1.4631988e-04
   4.2815982e-02   1.0788404e-01   1.8381811e+00   1.9059883e-03  -3.2655043e-03  -1.1216186e-04
   4.4133196e-02   1.1734480e-01   1.8867381e+00   2.9408599e-03  -2.5487236e-03   1.2570008e-04
   4.3963349e-02   1.1447158e-01   1.9016214e+00   2.9981790e-03  -2.7317138e-03   3.3450857e-04
   4.7261536e-02   9.5970024e-02   1.8975850e+00   2.9806312e-03  -2.6385386e-03   1.0550441e-04
   4.4373756e-02   7.6866081e-02   1.9216496e+00   2.5568011e-03  -2.3362923e-03   4.5833364e-05
   5.1964308e-02   1.0550659e-01   1.9519694e+00   3.2720812e-03  -2.2422432e-03   1.5315970e-04
   5.8434731e-02   1.0479005e-01   1.9323820e+00   2.4645508e-03  -2.2881309e-03  -1.0484971e-04
   5.3793525e-02   1.1668531e-01   1.9498894e+00   2.7746757e-03  -2.1619247e-03  -1.3625776e-04
   5.0407515e-02   1.3112093e-01   1.9525328e+00   2.4421293e-03  -2.4042371e-03  -2.0854098e-04
   4.4996197e-02   1.3519325e-01   1.9623007e+00   2.5342549e-03  -2.3984247e-03   7.0306780e-05
   6.3179469e-02   1.1863570e-01   1.9714048e+00   2.3581594e-03  -2.4609956e-03  -1.2298974e-04
   5.0360322e-02   1.5147259e-01   1.9967938e+00   2.7774663e-03  -2.9628087e-03   1.9296775e-04
   5.0592910e-02   1.4011265e-01   2.0054369e+00   2.8432560e-03  -2.6835882e-03   6.3399187e-05
   4.7536753e-02   1.3080260e-01   2.0042739e+00   2.3005912e-03  -3.0008391e-03   1.7615977e-04
   6.6362540e-02   1.3671622e-01   2.0145334e+00   2.2825272e-03  -2.6873373e-03  -2.7680046e-04
   5.9465221e-02   1.5640890e-01   2.0738452e+00   3.5739038e-03  -2.4910727e-03  -2.5507029e-05
   7.1091622e-03   1.0862356e-01   1.9514392e+00   4.5897956e-03  -3.9952923e-03   3.9287835e-04
   5.5543168e-02  -1.7116007e-02   1.5366844e+00   7.6499923e-03   2.6529103e-03  -8.9975849e-06
   9.0930227e-02  -1.7967700e-02   1.9020337e+00   9.1711720e-03  -1.2759992e-03  -1.5070342e-03
   9.2331600e-02  -3.9406829e-03   1.9003405e+00   3.7201526e-03  -3.4240130e-03  -7.4527877e-04
   8.7140797e-02   1.4082725e-02   1.9587838e+00   3.0556815e-03  -3.4102348e-03  -6.4362715e-04
   9.0842344e-02   6.7856143e-02   2.0259378e+00   3.2644853e-03  -3.1928781e-03  -3.4056324e-04
   9.5518398e-02   9.9832716e-02   2.0504548e+00   3.2843026e-03  -3.5725735e-03  -5.5461884e-04
   9.8393940e-02   1.1151065e-01   2.0445573e+00   3.3011774e-03  -3.5256708e-03  -2.1193470e-04
   9.1859513e-02   1.0325762e-01   2.0458686e+00   2.8326932e-03  -3.1952735e-03  -4.8480649e-05
   8.9793864e-02   1.0667277e-01   2.0275914e+00   2.3502859e-03  -3.7404657e-03  -3.1570450e-04
   1.0364181e-01   1.0187199e-01   2.0624052e+00   2.9102380e-03  -3.4324297e-03  -4.6009315e-04
   9.3471886e-02   1.1173785e-01   2.0634891e+00   2.7102033e-03  -3.7147279e-03  -4.2927115e-04
   9.1536726e-02   1.0956991e-01   2.0914352e+00   3.0115943e-03  -3.4665995e-03  -2.1814136e-04
   9.5276833e-02   1.0652050e-01   2.0800876e+00   2.9098022e-03  -3.6845310e-03  -5.3263593e-04
   9.8882552e-02   1.1328640e-01   2.1010651e+00   3.0349199e-03  -3.3020569e-03  -2.9402006e-04
   8.9630237e-02   1.0515502e-01   2.1115793e+00   2.5748443e-03  -3.8537010e-03  -5.4766605e-04
   9.8741780e-02   1.2310017e-01   2.1256810e+00   2.6954016e-03  -3.8456167e-03  -4.5613034e-04
   9.7773814e-02   1.2008853e-01   2.1441188e+00   3.0468522e-03  -3.6321783e-03  -5.9799896e-04
   7.8076206e-02   8.0032452e-02   2.1409875e+00   2.6143828e-03  -4.1012491e-03  -3.2722696e-04
   9.4512668e-02   1.1969234e-01   2.1488352e+00   2.2792559e-03  -3.1882480e-03  -3.3225293e-04
   8.9265248e-02   9.8685409e-02   2.1626726e+00   2.6654440e-03  -3.6716046e-03  -3.4732898e-04
   8.4254816e-02   9.3238168e-02   2.1814495e+00   2.7403966e-03  -3.7711210e-03  -2.9453462e-04
   9.6129294e-02   1.2497303e-01   2.1997676e+00   2.5879867e-03  -3.7177198e-03  -4.3388135e-04
   1.0305445e-01   1.1144345e-01   2.2152160e+00   2.5286505e-03  -3.2895474e-03  -4.4946462e-04
   8.2447764e-02   1.2653093e-01   2.2203400e+00   2.3643716e-03  -3.7826943e-03  -1.9475152e-04
   8.8461488e-02   1.3392457e-01   2.2500624e+00   2.9410113e-03  -3.4050723e-03  -1.9798948e-04
   1.0170992e-01   1.4006575e-01   2.2526876e+00   2.6644918e-03  -3.4247972e-03  -2.9667241e-04
   8.6217587e-02   1.1834930e-01   2.2765490e+00   3.0254099e-03  -3.8296796e-03  -1.8603246e-04
   1.1713590e-01   1.0880470e-01   2.2796366e+00   2.8346767e-03  -3.4229122e-03  -7.3579027e-04
   1.0053143e-01   1.4940999e-01   2.3110774e+00   2.2135384e-03  -3.5976281e-03  -3.5167766e-04
   9.7455872e-02   1.3561381e-01   2.3282702e+00   2.8721782e-03  -3.5072620e-03  -3.5200591e-04
   1.0158094e-01   1.4425365e-01   2.3311484e+00   2.9662244e-03  -3.6398726e-03  -4.2307623e-04
   1.0204664e-01   1.6184676e-01   2.3456789e+00   3.0366770e-03  -3.5786435e-03  -2.3620858e-04
   1.0116025e-01   1.5528830e-01   2.3421747e+00   2.8777013e-03  -3.8227893e-03  -2.4274371e-04
   1.0202308e-01   1.6228482e-01   2.3695364e+00   3.1999709e-03  -3.6113616e-03  -4.5723133e-04
   1.0872306e-01   1.6668419e-01   2.3844590e+00   3.2333999e-03  -3.2803418e-03  -2.9498767e-04
   1.0521664e-01   1.5662811e-01   2.3702268e+00   2.5667245e-03  -3.4488044e-03  -5.2282864e-04
   8.9768386e-02   1.3841715e-01   2.3874572e+00   2.9116396e-03  -3.4354392e-03  -3.2257578e-04
  -2.7560085e-02   8.0719812e-03   2.1563187e+00   1.3293435e-02  -4.3993996e-03   3.8538358e-04
   2.4195802e-01  -1.6138671e-01   1.9411627e+00   2.6370930e-02   4.9884009e-03  -3.9282746e-03
   1.2533888e-01  -5.1855240e-03   2.2586295e+00   1.2830532e-02  -9.1554270e-04  -1.6162334e-03
   1.2455032e-01   8.6544282e-02   2.3492493e+00   1.8637282e-03  -2.9362142e-03  -8.7215654e-04
   1.4319394e-01   7.4275277e-02   2.3871362e+00   9.6999854e-04  -3.2005365e-03  -9.9418279e-04
   1.2540443e-01   8.0731805e-02   2.4618284e+00   1.3812120e-03  -2.7746128e-03  -3.0557544e-04
   1.2759476e-01   1.0247322e-01   2.4670931e+00   8.7337386e-04  -3.0589227e-03  -6.6826080e-04
   1.2811729e-01   9.8665620e-02   2.4743914e+00   8.1012682e-04  -3.1060524e-03  -3.9729495e-04
   1.4889371e-01   9.8055079e-02   2.4892603e+00   1.4691158e-03  -2.9356670e-03  -7.3314953e-04
   1.3196912e-01   1.0606764e-01   2.5071900e+00   1.2429488e-03  -3.1676313e-03  -3.8532457e-04
   1.3790577e-01   9.7422249e-02   2.5170880e+00   1.3159265e-03  -3.6107010e-03  -4.2397640e-04
   1.4182192e-01   1.2347901e-01   2.5231171e+00   1.4332218e-03  -3.5208622e-03  -8.9464091e-04
   1.5311601e-01   1.1784734e-01   2.5374447e+00   9.6418819e-04  -3.3671517e-03  -8.4280325e-04
   1.2606283e-01   1.1826589e-01   2.5614809e+00   1.2132626e-03  -3.5484889e-03  -8.3632217e-05
   1.3694487e-01   1.2038255e-01   2.5405423e+00   3.8634436e-04  -3.2071671e-03  -6.4035070e-04
   1.3040567e-01   1.1501803e-01   2.5969468e+00   1.0028077e-03  -3.3244370e-03  -4.4884520e-05
   1.5619725e-01   1.3640943e-01   2.6106828e+00   1.2249834e-03  -3.0784976e-03  -8.9482993e-04
   1.4353506e-01   1.3583206e-01   2.6303718e+00   1.4110145e-03  -3.3770649e-03  -5.8155744e-04
   1.3307957e-01   1.4872780e-01   2.6015475e+00   6.6264377e-04  -3.3446988e-03  -4.1268866e-04
   1.4162796e-01   1.4930253e-01   2.6253215e+00   7.8890839e-04  -3.6043304e-03  -3.3671475e-04
   1.3440648e-01   1.4732950e-01   2.6318496e+00   9.1791500e-04  -3.9001876e-03  -3.5519282e-04
   1.2673086e-01   1.5760378e-01   2.6754556e+00   1.5702779e-03  -3.3397356e-03  -3.1178451e-04
   1.4972386e-01   1.4095017e-01   2.6807469e+00   1.5740351e-03  -3.2107209e-03  -7.6816614e-04
   1.3823720e-01   1.4314323e-01   2.6778996e+00   1.1502976e-03  -3.0137410e-03  -3.3583761e-04
   1.3397428e-01   1.4737301e-01   2.6721826e+00   8.7174352e-04  -3.3416397e-03  -2.0306922e-04
   1.5716492e-01   1.7716250e-01   2.6766760e+00   1.9591434e-04  -2.8467860e-03  -4.4881753e-04
   1.2901410e-01   1.5034646e-01   2.7270150e+00   1.1917039e-03  -3.5191822e-03  -4.5028075e-04
   1.3742422e-01   1.7567390e-01   2.7167545e+00   9.5787934e-04  -3.2664067e-03  -3.5573854e-04
   1.3440906e-01   1.7273494e-01   2.7546010e+00   1.2555202e-03  -3.3121966e-03  -2.8347263e-04
   1.4598082e-01   1.6087310e-01   2.7524264e+00   1.1434024e-03  -2.9817469e-03  -4.1617934e-04
   1.4071598e-01   1.9671194e-01   2.7681146e+00   9.6449349e-04  -3.1241441e-03  -7.1705913e-04
   1.2257755e-01   1.7444770e-01   2.7924926e+00   1.5358302e-03  -3.3260078e-03   3.2797606e-05
   1.4964440e-01   1.8216736e-01   2.7657704e+00   5.9023048e-04  -3.2431204e-03  -5.2009888e-04
   1.4682936e-01   2.0295010e-01   2.7902495e+00   8.5111570e-04  -2.9475418e-03  -5.7018556e-04
   1.3015283e-01   2.0320684e-01   2.8000052e+00   9.1867113e-04  -3.7866286e-03  -3.2722721e-04
   1.3471965e-01   2.1118169e-01   2.8274646e+00   1.1893993e-03  -3.3400948e-03  -1.4756247e-04
   1.4601906e-01   1.9189066e-01   2.8279054e+00   7.3325555e-04  -3.3348399e-03  -2.3653581e-04
   1.5213822e-01   1.7079531e-01   2.8444130e+00   1.0885112e-03  -2.7524516e-03  -2.8030240e-04
   1.6076454e-01   1.9953459e-01   2.8579449e+00   8.3477951e-04  -3.2616126e-03  -5.9110867e-04
   1.4225404e-01   2.0520154e-01   2.8648331e+00   9.5254200e-04  -3.6148100e-03  -3.1656368e-04
   1.2777172e-01   1.8913026e-01   2.8800771e+00   9.3468850e-04  -3.6286730e-03  -1.6863207e-04
   1.4781709e-01   1.7731160e-01   2.8706849e+00   7.6596767e-04  -3.2599213e-03  -4.4439918e-04
   1.5221675e-01   2.0819466e-01   2.9029319e+00   6.4384348e-04  -3.3296850e-03  -5.4063378e-04
   1.5374289e-01   2.2588204e-01   2.9198652e+00   9.6522325e-04  -2.9867149e-03  -4.7073297e-04
   1.3730570e-01   2.1145951e-01   2.9023033e+00   4.1208648e-04  -3.6042313e-03  -4.3409172e-05
   1.4238370e-01   1.9402326e-01   2.9342201e+00   4.8902468e-04  -3.1529632e-03  -2.0877467e-04
   1.4514705e-01   2.0404731e-01   2.9671842e+00   1.1478428e-03  -3.4452046e-03  -3.2290602e-04
   1.3632700e-01   2.0241953e-01   2.9597425e+00   1.2823349e-03  -3.8378577e-03   4.2323036e-05
   1.5585329e-01   2.0088297e-01   2.9657030e+00   6.9747686e-04  -3.1179695e-03  -6.6928157e-04
   1.4215377e-01   2.0539662e-01   2.9784724e+00   5.9269569e-04  -3.2725102e-03  -1.6570927e-04
   1.4637164e-01   2.0144617e-01   2.9893772e+00   5.9543672e-04  -3.5869796e-03  -1.7419729e-04
   1.3526029e-01   1.9766998e-01   3.0198964e+00   1.1775710e-03  -3.2048329e-03  -9.2149053e-05
   1.5270646e-01   1.9948600e-01   3.0255315e+00   7.8377853e-04  -3.1911094e-03  -1.7504981e-04
   1.5417459e-01   2.0698258e-01   3.0388345e+00   9.6052152e-04  -3.1562247e-03  -4.3078750e-04
   1.6005628e-01   2.0076572e-01   3.0521382e+00   1.5448710e-03  -3.3180937e-03  -4.6627169e-04
   1.5691935e-01   1.8588740e-01   3.0634411e+00   1.3909802e-03  -3.1647237e-03  -1.6025298e-04
   1.6232701e-01   2.0796457e-01   3.0564942e+00   7.1127532e-04  -3.1678388e-03  -6.6343876e-04
   1.5816189e-01   2.1917699e-01   3.0750860e+00   9.9059094e-04  -3.3219885e-03  -4.9715336e-04
   1.6238323e-01   1.9873144e-01   3.0960611e+00   1.6832474e-03  -2.9484847e-03  -4.2153769e-04
   1.5476977e-01   2.0688211e-01   3.0966632e+00   1.2593717e-03  -3.2685200e-03  -5.5356931e-04
   1.6429264e-01   2.2624207e-01   3.0984749e+00   1.0839166e-03  -3.2726037e-03  -6.0883809e-04
   1.6963183e-01   2.1334630e-01   3.1172695e+00   1.0272898e-03  -3.4806381e-03  -6.3947944e-04
   1.5731416e-01   2.2206343e-01   3.1296827e+00   1.0158585e-03  -3.4851562e-03  -5.5865302e-04
   1.6370840e-01   1.8644623e-01   3.1273822e+00   1.1519656e-03  -3.5062341e-03  -5.9291411e-04
   1.6224920e-01   2.0231976e-01   3.1596187e+00   1.0415258e-03  -2.9385490e-03  -6.1326506e-04
   1.5680718e-01   2.1813273e-01   3.1714867e+00   1.1050545e-03  -3.2683663e-03  -5.0239228e-04
   1.5871432e-01   2.0846412e-01   3.1902557e+00   1.3386216e-03  -3.4099610e-03  -7.6930642e-04
   1.6126782e-01   1.9007151e-01   3.1874167e+00   1.2137086e-03  -3.2600290e-03  -6.2799261e-04
   1.5536793e-01   2.1105918e-01   3.1891811e+00   1.0138962e-03  -3.4814166e-03  -5.3359378e-04
   1.5763728e-01   2.1777561e-01   3.2016032e+00   1.1009225e-03  -3.3643547e-03  -4.3453978e-04
   1.6660232e-01   1.9175472e-01   3.2324605e+00   1.4677581e-03  -3.1575802e-03  -4.8738045e-04
   1.6293977e-01   2.0449444e-01   3.2340610e+00   1.5694101e-03  -3.6078760e-03  -7.0139176e-04
   1.5816534e-01   2.2039980e-01   3.2495714e+00   9.8221737e-04  -3.5305443e-03  -7.9568713e-04
   1.7467983e-01   2.0150224e-01   3.2809660e+00   1.5706870e-03  -3.4064692e-03  -7.0133014e-04
   1.7239432e-01   2.0241705e-01   3.2748593e+00   1.6828813e-03  -3.6017321e-03  -7.5645889e-04
   1.6362717e-01   2.2299495e-01   3.2856999e+00   1.6315455e-03  -3.7060197e-03  -4.9365735e-04
   1.6269754e-01   2.0109374e-01   3.2907606e+00   1.4833466e-03  -3.5131963e-03  -4.5378065e-04
   1.6452803e-01   2.2268232e-01   3.2853125e+00   1.2383206e-03  -3.5777541e-03  -5.3520271e-04
   1.6972087e-01   2.3481408e-01   3.2886112e+00   1.0821625e-03  -3.3241634e-03  -5.9545841e-04
   1.4925575e-01   2.3720534e-01   3.3210891e+00   1.4068480e-03  -3.6022599e-03  -4.0219398e-04
   1.6334101e-01   2.3311860e-01   3.3308589e+00   1.4172431e-03  -3.5819635e-03  -3.6985504e-04
   1.7775646e-01   2.0493600e-01   3.3427039e+00   1.6998429e-03  -3.3666551e-03  -6.7998484e-04
   1.5899590e-01   2.3763675e-01   3.3647136e+00   1.4776362e-03  -2.8788763e-03  -2.6010710e-04
   1.6447809e-01   2.3835789e-01   3.3778364e+00   1.2022332e-03  -3.7641306e-03  -5.2457214e-04
   1.6580180e-01   2.1293718e-01   3.3873899e+00   1.6984397e-03  -3.9264266e-03  -6.5953424e-04
   1.7780252e-01   2.1918706e-01   3.4019287e+00   1.4584153e-03  -3.4648774e-03  -5.4850844e-04
   1.7645610e-01   2.6392221e-01   3.4037665e+00   1.1211227e-03  -3.7485824e-03  -6.0236548e-04
   1.5919631e-01   2.6676467e-01   3.4028007e+00   1.1979126e-03  -3.9232129e-03  -2.4185291e-04
   1.5319692e-01   2.2513523e-01   3.4397580e+00   1.6297536e-03  -4.1378235e-03  -1.6295324e-04
   1.7433979e-01   2.1977548e-01   3.4406726e+00   8.5948019e-04  -3.6699948e-03  -7.0835793e-04
   1.2438501e-01   1.5956830e-01   3.4063171e+00   6.4854223e-03  -2.2958784e-03  -8.0346984e-04
   2.1341426e-01   1.0443193e-01   3.1776081e+00   1.5715141e-02  -1.7339479e-04  -1.8869019e-03
   1.4727001e-01   1.6672925e-01   3.2759902e+00   4.6498128e-03  -3.1568019e-03  -1.2197038e-03
   1.7787374e-01   1.5845610e-01   3.3330335e+00   8.3599960e-04  -3.6549318e-03  -1.1371954e-03
   1.7925307e-01   1.6822397e-01   3.4252850e+00   1.0487018e-03  -4.0314550e-03  -9.6983826e-04
   1.7441772e-01   2.0380128e-01   3.4935475e+00   1.4521190e-03  -3.5215062e-03  -5.9449275e-04
   1.7468190e-01   2.2442789e-01   3.5156976e+00   9.7250083e-04  -3.4069416e-03  -6.2214434e-04
   1.7181219e-01   2.4694359e-01   3.4944604e+00   8.1529865e-04  -3.9718942e-03  -6.1844979e-04
   1.6734600e-01   2.1383713e-01   3.5232212e+00   1.2469538e-03  -3.9791699e-03  -4.9925559e-04
   1.5665012e-01   2.5025198e-01   3.5477307e+00   1.3093315e-03  -3.8720748e-03  -3.4230972e-04
   1.8191499e-01   2.3779706e-01   3.5426156e+00   9.4326956e-04  -3.8378121e-03  -5.4667263e-04
   1.8554036e-01   2.0639469e-01   3.5551751e+00   1.1865042e-03  -3.8241302e-03  -1.0017711e-03
   1.7183135e-01   2.4297795e-01   3.5865552e+00   9.4958123e-04  -3.6064147e-03  -5.3588708e-04
   1.6777457e-01   2.4354501e-01   3.6320871e+00   4.2289777e-05  -4.1770141e-03  -2.8054360e-04
   1.8227112e-01   2.3498426e-01   3.6270235e+00   1.4791593e-03  -4.1556536e-03  -7.1890474e-04
   1.8372501e-01   2.3862971e-01   3.6195909e+00   7.9600225e-04  -3.5733962e-03  -7.3493955e-04
   1.8263252e-01   2.3815265e-01   3.6476947e+00   1.5094893e-03  -3.6354378e-03  -6.1849306e-04
   1.7758133e-01   2.4367786e-01   3.6358492e+00   5.8213187e-04  -4.2138807e-03  -1.1500236e-03
   1.8514922e-01   2.5084818e-01   3.6556394e+00   1.3261783e-03  -3.7150986e-03  -9.5409495e-04
   1.7538794e-01   2.5086246e-01   3.6476693e+00   7.8402809e-04  -3.9833359e-03  -8.2987729e-04
   1.7767266e-01   2.3318548e-01   3.6791327e+00   1.0077948e-03  -3.4717943e-03  -6.2535234e-04
   1.8196110e-01   2.6323038e-01   3.6705013e+00   6.2152498e-04  -3.8099323e-03  -7.1652414e-04
   1.8162383e-01   2.3859780e-01   3.6857564e+00   6.2707272e-04  -3.4952023e-03  -6.9338991e-04
   1.8425665e-01   2.5310099e-01   3.6814321e+00  -2.9694228e-04  -3.7070189e-03  -7.2501403e-04
   1.7656938e-01   2.5563735e-01   3.7217629e+00   9.4001361e-04  -3.5910677e-03  -8.0727372e-04
   1.7592900e-01   2.6631192e-01   3.7415338e+00   8.7810005e-04  -3.8828328e-03  -5.9011456e-04
   1.7210348e-01   2.5807152e-01   3.7423027e+00   9.4044147e-04  -3.8731221e-03  -2.1220572e-04
   1.7863243e-01   2.2338509e-01   3.7560716e+00   8.7555754e-04  -3.3884311e-03  -4.7600852e-04
   1.8637104e-01   2.0144391e-01   3.7723049e+00   1.3258187e-03  -3.0792704e-03  -8.5893617e-04
   1.7096115e-01   2.3264812e-01   3.8159424e+00   2.0794219e-03  -3.8152674e-03  -3.1087969e-04
   1.8722688e-01   2.5833545e-01   3.8143003e+00   1.8111047e-03  -3.3897519e-03  -3.9883313e-04
   1.9214316e-01   2.4952113e-01   3.8263336e+00   1.8901676e-03  -3.8617484e-03  -7.0983757e-04
   1.2057767e-01   1.6882349e-01   3.6810104e+00   5.6766929e-03  -4.6888143e-03  -2.8572105e-04
   9.8682673e-02   2.0648314e-01   3.3992386e+00   5.3207191e-03  -9.2781335e-04   2.5526240e-05
   1.5905172e-01   2.1763656e-01   3.7138266e+00   5.8867392e-03  -2.3675263e-03   1.1425036e-04
   1.8203414e-01   1.6753855e-01   3.7228657e+00   2.5886074e-03  -2.8672077e-03  -1.7592180e-04
   1.7727906e-01   1.8372501e-01   3.7874520e+00   1.7743609e-03  -3.1704771e-03  -1.8442054e-04
   1.7718054e-01   2.2282349e-01   3.8484866e+00   2.0012835e-03  -2.7759290e-03  -2.1583290e-04
   1.6763458e-01   2.3035508e-01   3.8793279e+00   2.1360114e-03  -3.2160670e-03   1.0201172e-04
   1.7625658e-01   2.1341564e-01   3.8795798e+00   2.2992667e-03  -3.0994501e-03  -2.0254816e-07
   1.8248930e-01   2.1849225e-01   3.8863092e+00   1.8240678e-03  -2.8862336e-03  -7.7221580e-05
   1.8204192e-01   2.5466016e-01   3.8994857e+00   2.3078502e-03  -3.0055040e-03   3.7524111e-05
   1.8006103e-01   2.3670976e-01   3.8985428e+00   1.7380064e-03  -3.2274662e-03   1.2359734e-05
   1.8974866e-01   2.2461528e-01   3.9065167e+00   2.1402066e-03  -2.9356448e-03  -4.8410277e-04
   1.8605027e-01   2.2244645e-01   3.9189009e+00   1.7145828e-03  -3.0465941e-03  -5.3936926e-05
   1.8346906e-01   2.5959514e-01   3.9436221e+00   1.9698533e-03  -3.1178216e-03  -1.8814420e-04
   1.6963226e-01   2.3150871e-01   3.9513595e+00   1.9649778e-03  -3.2551145e-03   2.4559877e-04
   1.7555649e-01   2.3943678e-01   3.9457030e+00   1.9092546e-03  -3.2933977e-03   9.0709372e-05
   1.9694506e-01   2.2462045e-01   3.9942132e+00   2.6690226e-03  -2.9731415e-03  -2.4649897e-04
   1.9605093e-01   2.5669041e-01   3.9706131e+00   1.6111920e-03  -2.7709925e-03  -1.7353171e-04
   1.7396233e-01   2.6171965e-01   3.9845282e+00   1.6429892e-03  -3.3970646e-03   1.0366525e-04
   1.8140538e-01   2.4305013e-01   4.0015110e+00   2.1486692e-03  -3.0025746e-03  -1.6145258e-05
   1.7996200e-01   2.2551095e-01   4.0010881e+00   1.9547922e-03  -2.7640338e-03   3.6220887e-05
   1.8357712e-01   2.5247500e-01   4.0121503e+00   1.7295111e-03  -2.8175260e-03  -2.7028601e-04
   1.7401310e-01   2.4414465e-01   4.0175011e+00   2.0595341e-03  -3.4227899e-03   9.7170069e-05
   1.9553805e-01   2.2684640e-01   4.0271489e+00   2.0548363e-03  -3.1400209e-03  -1.4874083e-04
   1.8909581e-01   2.4471444e-01   4.0371156e+00   1.2018185e-03  -3.3589242e-03  -1.7448730e-04
   1.8646355e-01   2.5182785e-01   4.0464571e+00   2.0615218e-03  -3.0759698e-03  -9.8450090e-06
   1.9935187e-01   2.6082595e-01   4.0435327e+00   1.5200084e-03  -3.0972397e-03  -1.5760404e-04
   1.8361376e-01   2.4955002e-01   4.0647753e+00   2.0687469e-03  -3.3256022e-03  -1.9590957e-04
   1.9189733e-01   2.5943975e-01   4.0682043e+00   1.2022414e-03  -3.0266872e-03  -1.0029858e-04
   2.1153248e-01   2.6142388e-01   4.0814152e+00   1.6090260e-03  -3.1912170e-03  -4.6184596e-04
   1.8633341e-01   2.3998240e-01   4.1082188e+00   2.2685269e-03  -3.1613051e-03   3.1209411e-05
   1.9063919e-01   2.4682987e-01   4.0866159e+00   1.4337124e-03  -2.9646744e-03  -2.6795701e-04
   2.0010823e-01   2.9214787e-01   4.1017891e+00   1.5874430e-03  -3.0913539e-03  -4.2500024e-04
   1.9064511e-01   2.6015706e-01   4.1241691e+00   2.1423451e-03  -3.0050160e-03  -3.2102326e-04
   2.0077004e-01   2.8179199e-01   4.1322734e+00   1.8647717e-03  -3.1219972e-03  -3.4242196e-04
   1.9636673e-01   2.5284478e-01   4.1412955e+00   2.3331211e-03  -3.3686724e-03  -3.3541033e-04
   2.1095943e-01   2.5348535e-01   4.1605381e+00   2.3948515e-03  -3.1669734e-03  -4.9293515e-04
   1.9743483e-01   2.8379086e-01   4.1705892e+00   2.2621752e-03  -3.4627257e-03  -3.4396332e-04
   1.9341882e-01   2.5636332e-01   4.1706820e+00   2.3845073e-03  -3.1950252e-03  -3.6578276e-04
   1.9149602e-01   2.8367722e-01   4.1743978e+00   1.7542980e-03  -2.9058284e-03   2.2651271e-05
   1.8183027e-01   2.9765866e-01   4.1950432e+00   2.3483654e-03  -3.1623740e-03   1.2165299e-04
   1.9264422e-01   2.8150982e-01   4.1906714e+00   2.2324827e-03  -3.0746421e-03   6.3840678e-05
   1.9293642e-01   3.0029604e-01   4.2166280e+00   1.9738072e-03  -3.3719095e-03  -3.0946769e-04
   1.9263513e-01   2.8437881e-01   4.2332055e+00   2.5620076e-03  -2.9149618e-03  -1.0543455e-04
   2.0123533e-01   2.7668242e-01   4.2214770e+00   1.9694877e-03  -3.0455564e-03  -4.2346711e-04
   2.0636285e-01   2.8194966e-01   4.2443006e+00   2.3400481e-03  -3.3423488e-03  -4.5038690e-04
   2.1016219e-01   2.7650751e-01   4.2696071e+00   2.6751594e-03  -3.3081430e-03  -4.6423869e-04
   2.2030334e-01   2.6643869e-01   4.2716862e+00   2.6928296e-03  -3.0867833e-03  -6.1032895e-04
   2.0994264e-01   2.8697528e-01   4.2839567e+00   2.3996342e-03  -3.0352334e-03  -4.7970570e-04
   2.0113162e-01   2.9797125e-01   4.2851031e+00   2.1387939e-03  -3.4253535e-03  -2.7789616e-04
   2.0054057e-01   2.8343538e-01   4.3148765e+00   3.0444981e-03  -3.4397290e-03  -4.7076687e-04
   2.0801777e-01   2.9767698e-01   4.2971782e+00   2.4602334e-03  -3.1795867e-03  -6.6389900e-05
   1.9820035e-01   2.8451876e-01   4.3117813e+00   2.4631721e-03  -3.0825597e-03  -3.3708560e-04
   2.0933717e-01   2.8680959e-01   4.3213932e+00   2.7415556e-03  -2.9474341e-03  -4.3135703e-04
   1.9983998e-01   3.0057616e-01   4.3168262e+00   2.1850731e-03  -3.2750673e-03  -3.5894600e-05
   1.9950574e-01   2.9502704e-01   4.3519424e+00   3.0672149e-03  -2.8787758e-03  -1.2259354e-04
   2.2432795e-01   2.8742863e-01   4.3461916e+00   2.3911805e-03  -3.0348592e-03  -6.1102371e-04
   1.9619530e-01   3.1225024e-01   4.3767821e+00   2.6416998e-03  -3.0056292e-03  -2.8371273e-04
   2.0251494e-01   2.8687227e-01   4.3637959e+00   2.8329895e-03  -3.0027852e-03   1.0971822e-04
   1.8908122e-01   2.9868021e-01   4.3680176e+00   2.1839817e-03  -3.0458145e-03  -4.3226673e-05
   2.0372535e-01   2.9192096e-01   4.4137446e+00   3.4472800e-03  -3.4500829e-03  -3.2278706e-04
   2.1641572e-01   2.5733850e-01   4.4123228e+00   2.9681483e-03  -2.9345784e-03  -4.1740446e-04
   2.2139373e-01   2.7437769e-01   4.4165415e+00   2.4244684e-03  -3.0968070e-03  -8.2997290e-04
   2.2197926e-01   2.6592729e-01   4.4374700e+00   2.9461473e-03  -2.8338552e-03  -2.9298313e-04
   2.0469038e-01   2.9303385e-01   4.4371365e+00   2.9591005e-03  -3.1443938e-03  -1.3793258e-04
   2.1096412e-01   2.9677028e-01   4.4322068e+00   2.5227176e-03  -3.3925649e-03  -3.2750605e-04
   2.1962745e-01   2.7942897e-01   4.4481767e+00   2.5780952e-03  -2.8843862e-03  -2.7523952e-04
   2.0189462e-01   2.8777714e-01   4.4749176e+00   3.1769995e-03  -3.1377423e-03   1.8283382e-04
   2.1298248e-01   2.6445132e-01   4.4658045e+00   2.9717211e-03  -3.4220462e-03  -2.9258923e-04
   2.2854639e-01   2.9717241e-01   4.4709889e+00   2.6885300e-03  -2.9718914e-03  -5.5852689e-04
   2.0770460e-01   3.0355576e-01   4.4782807e+00   2.5943765e-03  -3.2329242e-03  -1.0578020e-04
   2.1317340e-01   2.9077473e-01   4.4862883e+00   2.5397382e-03  -3.0843436e-03  -2.8769892e-04
   2.1053149e-01   2.8995191e-01   4.4976664e+00   2.9664026e-03  -2.9157222e-03  -1.2575129e-04
   2.0010847e-01   3.1437185e-01   4.5058238e+00   2.5916384e-03  -3.4493938e-03  -7.8320868e-05
   1.9207522e-01   3.1210009e-01   4.5227576e+00   2.6691039e-03  -3.5525509e-03   2.4872474e-04
   2.2082483e-01   2.9494169e-01   4.5324444e+00   2.9206720e-03  -3.2955942e-03  -1.9755194e-04
   2.2248011e-01   3.0453380e-01   4.5112738e+00   1.8935335e-03  -3.2834833e-03  -5.8270887e-04
   1.9418902e-01   3.2495942e-01   4.5501582e+00   2.8454194e-03  -3.5859353e-03  -4.2456636e-06
   2.1930166e-01   2.9266000e-01   4.5407163e+00   2.1061473e-03  -3.2518412e-03  -2.5295469e-04
   2.1023946e-01   3.2447186e-01   4.5658538e+00   2.3303010e-03  -3.3885292e-03  -2.5734955e-05
   2.1820162e-01   2.9981695e-01   4.6003217e+00   2.9807741e-03  -3.4071916e-03  -4.8306913e-04
   2.1080487e-01   2.7643117e-01   4.5903115e+00   2.7324820e-03  -3.0688114e-03   2.2813305e-05
   2.2667484e-01   2.9965142e-01   4.6172512e+00   2.9148646e-03  -3.0118519e-03  -3.5837190e-04
   2.3263381e-01   2.9914916e-01   4.6162485e+00   2.8690421e-03  -3.2954232e-03  -6.2032117e-04
   2.1834245e-01   3.0728727e-01   4.6321000e+00   2.9232897e-03  -3.1181895e-03  -2.4809441e-04
   2.0445679e-01   3.2478916e-01   4.6419256e+00   2.6939343e-03  -3.2120639e-03   6.1106660e-05
   2.1815681e-01   3.2237221e-01   4.6543065e+00   2.7305244e-03  -3.0235153e-03  -2.9235578e-04
   2.1705874e-01   2.9270350e-01   4.6608828e+00   2.6696916e-03  -3.3008336e-03  -5.3608512e-05
   2.1898707e-01   3.0558824e-01   4.6590683e+00   2.5253302e-03  -3.2320016e-03  -2.7100574e-04
   2.2907543e-01   2.9654735e-01   4.6750857e+00   2.7632309e-03  -3.3487083e-03  -2.9412242e-04
   2.2763579e-01   3.0525717e-01   4.6787700e+00   2.5061047e-03  -2.8276676e-03  -2.3124252e-04
   2.1413634e-01   3.3477014e-01   4.6824762e+00   2.7364235e-03  -3.0384075e-03  -9.2948553e-05
   2.1502271e-01   3.2801200e-01   4.6814314e+00   2.7076586e-03  -3.3634225e-03  -8.7275251e-05
   2.0528583e-01   2.9548101e-01   4.7031617e+00   2.8673562e-03  -3.1354336e-03   2.2781551e-04
   2.2061604e-01   3.3248194e-01   4.7294471e+00   2.8233911e-03  -3.0001746e-03  -7.5382034e-05
   2.1399655e-01   3.3326522e-01   4.7492164e+00   2.6692761e-03  -3.0598801e-03   1.1695280e-04
   2.2428263e-01   3.0188739e-01   4.7431448e+00   2.6781188e-03  -3.3255769e-03  -1.5281158e-04
   2.2366686e-01   3.3075616e-01   4.7660553e+00   2.5415446e-03  -3.2810751e-03  -2.0820182e-04
   2.2451978e-01   3.1874913e-01   4.7702779e+00   2.8436876e-03  -3.2320778e-03  -1.5008570e-04
   2.3079126e-01   2.9440159e-01   4.7539560e+00   2.3714359e-03  -3.1731992e-03  -3.3719557e-04
   2.2907261e-01   3.1009293e-01   4.7763616e+00   2.7092267e-03  -3.3247190e-03  -1.1372606e-04
   2.4212142e-01   3.1303072e-01   4.7939764e+00   2.6162934e-03  -2.6098354e-03  -3.5027329e-04
   2.3088044e-01   3.4245567e-01   4.7944359e+00   2.8191799e-03  -3.4512483e-03  -4.3239693e-04
   2.3454861e-01   3.2471642e-01   4.8229634e+00   3.4970320e-03  -3.0900713e-03  -1.7335832e-04
   2.2423738e-01   3.3882187e-01   4.8067705e+00   2.4853258e-03  -3.2017306e-03   3.0415496e-05
   2.2795174e-01   3.2613317e-01   4.8537315e+00   3.0871592e-03  -3.1864412e-03   2.7712536e-05
   2.2563434e-01   3.0312342e-01   4.8457817e+00   3.0186009e-03  -3.2831172e-03   5.1970146e-05
   2.1654289e-01   3.3178108e-01   4.8605059e+00   2.7974487e-03  -3.4311338e-03   1.0068828e-04
   2.1176163e-01   3.1666125e-01   4.8700570e+00   2.9520335e-03  -3.2608076e-03   3.5636889e-04
   2.2223161e-01   3.3678570e-01   4.8774940e+00   3.1591509e-03  -3.6035655e-03  -1.1775833e-04
   2.2680710e-01   3.3234510e-01   4.8854582e+00   3.0375879e-03  -3.4472145e-03  -2.2833107e-04
   2.1871104e-01   3.2063792e-01   4.8711867e+00   2.3046520e-03  -3.1395824e-03   3.4241118e-04
   2.3290686e-01   3.5247778e-01   4.8943769e+00   2.3757110e-03  -2.8838686e-03  -1.7913127e-04
   2.2586228e-01   3.4266559e-01   4.9168164e+00   2.9255677e-03  -3.2949973e-03  -2.2850567e-04
   2.0005087e-01   3.6166498e-01   4.9431152e+00   3.1949789e-03  -4.0502936e-03   4.0553660e-04
   1.3037673e-01   2.2312582e-01   4.8107388e+00   6.5176723e-03  -4.3287563e-03   6.4183153e-04
   1.4776576e-01   6.6195424e-02   4.6663732e+00   1.7274179e-02  -9.6533532e-04  -7.3168352e-04
   2.9178088e-01   6.3673572e-02   4.7381546e+00   1.8745652e-02  -1.2445411e-03  -2.4003617e-03
   2.5413313e-01   2.1963013e-01   4.7755283e+00   5.0158936e-03  -2.8606409e-03  -1.0919236e-03
   2.4811790e-01   2.6334430e-01   4.8409734e+00   1.9805815e-03  -2.8467491e-03  -4.7208539e-04
   2.4050511e-01   2.7249174e-01   4.9172646e+00   2.1466247e-03  -3.7200754e-03  -5.7148867e-04
   2.3843147e-01   2.8196319e-01   4.9676522e+00   2.9578376e-03  -3.4246501e-03  -5.1629954e-04
   2.2868642e-01   3.0531766e-01   4.9677771e+00   2.4431848e-03  -3.3783909e-03  -1.4603710e-04
   2.3052983e-01   3.3030359e-01   4.9822323e+00   2.7291928e-03  -3.7838833e-03  -3.5734047e-04
   2.2782221e-01   3.3852598e-01   4.9870115e+00   2.4787291e-03  -3.5103126e-03  -3.6961148e-04
   2.2624370e-01   3.3538069e-01   5.0137528e+00   2.6218115e-03  -3.8236451e-03  -2.7714822e-04
   2.0909855e-01   2.9794935e-01   5.0055213e+00   2.1102614e-03  -3.8974060e-03   2.6922145e-04
   2.4041049e-01   3.1296900e-01   5.0183976e+00   2.0126034e-03  -3.4713612e-03  -1.1614390e-04
   2.1822753e-01   3.2078717e-01   5.0432311e+00   2.4938829e-03  -3.2252100e-03   9.0724624e-05
   2.2033817e-01   3.4008751e-01   5.0409678e+00   2.3451799e-03  -3.4769017e-03  -1.7005535e-04
   2.3311511e-01   3.2994226e-01   5.0747298e+00   2.7197398e-03  -3.3826737e-03   4.5686041e-06
   2.3008671e-01   3.2458401e-01   5.0826893e+00   2.7402686e-03  -3.6154037e-03  -9.3719855e-05
   2.3133964e-01   3.3810137e-01   5.0991187e+00   2.7261835e-03  -4.1587151e-03  -2.1392225e-04
   2.3031412e-01   3.2243091e-01   5.0988643e+00   2.6243339e-03  -3.9259331e-03  -2.8847679e-04
   2.4401585e-01   3.3017907e-01   5.1101375e+00   2.6561907e-03  -3.6986103e-03  -3.4951993e-04
   2.2468994e-01   3.2794740e-01   5.1449553e+00   3.2168381e-03  -3.7594203e-03  -8.0003643e-05
   2.3640568e-01   3.3732379e-01   5.1450362e+00   2.6893048e-03  -3.4080386e-03  -1.9522014e-04
   2.5071693e-01   2.9913440e-01   5.1596170e+00   2.8224283e-03  -3.6392614e-03  -6.1090540e-04
   2.3511350e-01   3.4353045e-01   5.1754472e+00   3.3973704e-03  -3.2500769e-03  -1.0261245e-04
   2.3188017e-01   3.3757757e-01   5.1749405e+00   2.3219937e-03  -3.2529650e-03  -1.0137412e-06
   2.3812292e-01   3.4051658e-01   5.1918674e+00   3.0356655e-03  -3.2973287e-03  -9.4946820e-05
   2.4771693e-01   3.4142747e-01   5.1942335e+00   2.2690785e-03  -3.1484166e-03  -3.2225130e-04
   2.4852052e-01   3.3784138e-01   5.2245535e+00   3.2458777e-03  -3.1322694e-03  -1.0525860e-04
   2.4575714e-01   3.7690812e-01   5.2042294e+00   2.0529040e-03  -3.0991927e-03  -6.0855010e-05
   2.5841124e-01   3.9594517e-01   5.2091884e+00   2.2003795e-03  -3.2723598e-03  -5.4233573e-04
   2.6552703e-01   3.6822010e-01   5.2295105e+00   2.7371744e-03  -3.0157036e-03  -7.3247807e-04
   2.5321572e-01   3.6754900e-01   5.2368330e+00   2.4234515e-03  -3.0060543e-03  -3.6948418e-04
   2.5976226e-01   3.5411176e-01   5.2447174e+00   2.6740823e-03  -3.2322225e-03  -3.8663749e-04
   2.5915843e-01   3.5543085e-01   5.2576401e+00   3.1028725e-03  -2.8031054e-03  -6.7736658e-04
   2.7202141e-01   4.5705772e-01   5.2350440e+00   1.7054939e-03  -3.3471142e-03  -1.1482150e-03
   2.6835469e-01   3.6454297e-01   5.2923293e+00   2.9465642e-03  -3.1570839e-03  -5.9381872e-04
   2.7585669e-01   3.6355243e-01   5.2994079e+00   2.8642140e-03  -3.0104373e-03  -6.5256229e-04
   2.5538235e-01   3.7818646e-01   5.3074098e+00   2.7544090e-03  -3.3546054e-03  -6.9249575e-04
   2.5675591e-01   3.7419405e-01   5.3134490e+00   2.6905669e-03  -3.3218900e-03  -5.0691693e-04
   2.7360671e-01   3.6880842e-01   5.3313618e+00   2.8792748e-03  -3.0739160e-03  -8.1032308e-04
   2.5791344e-01   3.7654897e-01   5.3239674e+00   2.8007856e-03  -3.4832248e-03  -8.7643132e-04
   2.6401636e-01   3.6997105e-01   5.3373470e+00   2.8350342e-03  -3.1401972e-03  -6.3197588e-04
   2.5367387e-01   3.7011726e-01   5.3450133e+00   2.5192467e-03  -3.2213715e-03  -2.6913032e-04
   2.5392576e-01   3.8489920e-01   5.3761934e+00   2.6909050e-03  -3.2090867e-03  -1.4936988e-04
   2.7823996e-01   3.8697415e-01   5.4067182e+00   3.3088815e-03  -2.6702617e-03  -3.8002644e-04
   2.6123472e-01   3.5416598e-01   5.3755295e+00   2.6233012e-03  -3.2567033e-03  -3.3014276e-04
   2.6863431e-01   3.7778841e-01   5.4251120e+00   3.1268975e-03  -3.1524908e-03  -3.9141145e-04
   2.8010061e-01   3.7546718e-01   5.4284036e+00   2.9117611e-03  -2.8891634e-03  -6.9753645e-04
   2.6856909e-01   3.7089587e-01   5.4321244e+00   3.2957783e-03  -3.0164152e-03  -5.2301074e-04
   2.7705649e-01   3.9732710e-01   5.4568077e+00   3.2884282e-03  -2.6053022e-03  -6.7961544e-04
   2.7337540e-01   3.8087385e-01   5.4448374e+00   2.7989646e-03  -3.1464148e-03  -4.9338209e-04
   2.6771936e-01   3.9490900e-01   5.4707202e+00   3.2913435e-03  -2.8657300e-03  -2.3757114e-04
   2.5896236e-01   3.7779380e-01   5.4495258e+00   2.4109060e-03  -3.1602146e-03  -3.5894549e-04
   2.8404659e-01   3.6601078e-01   5.4760938e+00   3.0740419e-03  -2.5641189e-03  -5.6243704e-04
   2.6214965e-01   4.0144538e-01   5.5171891e+00   3.6741893e-03  -2.7489429e-03  -8.2301590e-05
   2.6440643e-01   3.7301260e-01   5.5038037e+00   3.0957563e-03  -2.7459697e-03  -5.3689497e-04
   2.7775453e-01   3.7779934e-01   5.5241495e+00   3.4729173e-03  -2.4704768e-03  -5.4427644e-04
   2.6230570e-01   3.8480564e-01   5.5129696e+00   2.6128707e-03  -3.3586152e-03  -7.6893567e-04
   2.8437003e-01   3.7605369e-01   5.5622215e+00   3.7106450e-03  -2.7846928e-03  -4.6346332e-04
   2.7840791e-01   3.9393629e-01   5.5456307e+00   2.8286793e-03  -3.0444984e-03  -6.5507921e-04
   2.8620877e-01   4.0837470e-01   5.5429894e+00   2.5565068e-03  -3.0277085e-03  -4.8189769e-04
   2.8510820e-01   3.8616195e-01   5.5742905e+00   3.3474186e-03  -3.0097613e-03  -6.8840627e-04
   2.7746695e-01   4.0727685e-01   5.5847172e+00   2.9757366e-03  -2.4962226e-03  -3.1472076e-04
   2.6906458e-01   4.0199287e-01   5.5942871e+00   2.8352501e-03  -2.5782070e-03  -3.3294054e-04
   2.5998556e-01   3.7539664e-01   5.6145064e+00   3.1476812e-03  -2.7395374e-03  -2.2258291e-04
   2.8304430e-01   3.8928140e-01   5.6148029e+00   2.7737529e-03  -2.6581948e-03  -7.0769221e-04
   2.7446862e-01   3.7009699e-01   5.6187559e+00   2.9034895e-03  -2.9943536e-03  -2.7983248e-04
   2.7026489e-01   3.7391965e-01   5.6414282e+00   3.2928070e-03  -3.0875698e-03  -3.1815126e-04
   2.9384659e-01   4.0039234e-01   5.6564056e+00   3.4245586e-03  -2.7237008e-03  -5.8404216e-04
   2.7143287e-01   3.9309464e-01   5.6604046e+00   3.2212076e-03  -3.0670270e-03  -4.9606752e-04
   2.8665083e-01   4.0386711e-01   5.6553550e+00   3.2772450e-03  -2.7720105e-03  -6.1077044e-04
   2.8319688e-01   3.9260640e-01   5.6593497e+00   2.6670356e-03  -2.4700209e-03  -3.7219637e-04
   2.8128009e-01   4.1988815e-01   5.6777023e+00   3.0300929e-03  -2.9601252e-03  -4.8772015e-04
   2.6826355e-01   3.9447876e-01   5.6946097e+00   3.4104174e-03  -2.9402719e-03   9.4779618e-05
   2.8263581e-01   4.0692435e-01   5.7030155e+00   2.9883199e-03  -2.6669864e-03  -2.1319752e-04
   2.8056091e-01   3.9763511e-01   5.7295793e+00   3.1568259e-03  -2.7981539e-03  -2.9956869e-04
   2.7839871e-01   3.8970753e-01   5.7405348e+00   3.5315633e-03  -2.8303290e-03  -2.9286675e-04
   2.8222739e-01   4.0723167e-01   5.7389751e+00   3.0597987e-03  -3.0016337e-03  -2.4408007e-04
   2.8779141e-01   4.2912273e-01   5.7643215e+00   3.4780637e-03  -2.8337144e-03  -5.0392189e-04
   2.7999877e-01   4.1327045e-01   5.7543990e+00   3.3963744e-03  -3.2507456e-03  -5.6538374e-04
   2.9404635e-01   4.1355403e-01   5.7704081e+00   3.3290010e-03  -2.2374931e-03  -3.1996228e-04
   2.9381743e-01   4.1899598e-01   5.7955496e+00   3.3943319e-03  -2.7056596e-03  -5.4533632e-04
   2.6886950e-01   4.1860187e-01   5.7983114e+00   3.3704113e-03  -2.9573700e-03  -1.7257094e-05
   2.8006577e-01   4.1501076e-01   5.7991992e+00   3.2878493e-03  -2.9295261e-03  -4.9290847e-04
   3.0323663e-01   4.3234375e-01   5.8043825e+00   3.1498739e-03  -2.9169639e-03  -5.9515012e-04
   2.8207976e-01   4.1184031e-01   5.8184117e+00   3.4478626e-03  -2.9942921e-03  -2.9539512e-04
   2.8936880e-01   3.9689493e-01   5.8353361e+00   3.4239079e-03  -3.0910047e-03  -3.4681329e-04
   2.9304347e-01   4.2383098e-01   5.8408536e+00   3.2711851e-03  -2.7821445e-03  -2.4801706e-04
   2.7715745e-01   4.1194621e-01   5.8586041e+00   2.8784514e-03  -2.8575096e-03  -1.6700804e-04
   2.9495171e-01   4.2029270e-01   5.8595920e+00   3.3528476e-03  -2.9974014e-03  -5.7574423e-04
   2.8256881e-01   3.9453246e-01   5.8889983e+00   4.0313336e-03  -2.9774834e-03  -3.2197432e-04
   2.9501870e-01   4.0549618e-01   5.8793489e+00   3.6405288e-03  -2.9435360e-03  -4.0467318e-04
   2.8939010e-01   4.3783502e-01   5.8807584e+00   3.3440530e-03  -2.8458606e-03  -4.1523983e-04
   2.9239544e-01   4.1482628e-01   5.8996082e+00   3.7943299e-03  -2.7302792e-03  -4.4354164e-04
   3.0197790e-01   3.9635669e-01   5.9013943e+00   3.5813886e-03  -2.2488772e-03  -2.2414066e-04
   2.8225592e-01   4.3041693e-01   5.9128287e+00   3.6213208e-03  -3.0695568e-03  -1.4080459e-04
   2.7928885e-01   4.2490902e-01   5.9194397e+00   3.3515281e-03  -3.2604899e-03  -4.0368677e-04
   2.8073355e-01   4.3457070e-01   5.9380942e+00   3.6081564e-03  -2.7446907e-03  -8.5831504e-05
   2.7842134e-01   4.4045629e-01   5.9452704e+00   3.3143297e-03  -2.7620939e-03  -1.6181568e-04
   2.7996440e-01   4.4356384e-01   5.9645165e+00   3.4194932e-03  -2.8844069e-03   1.5756303e-04
   2.7643822e-01   4.3598583e-01   5.9790546e+00   4.0767394e-03  -2.5872059e-03  -1.0623794e-04
   2.8378435e-01   4.4486443e-01   5.9820835e+00   3.6226349e-03  -2.8348753e-03  -3.7551478e-04
   2.9735565e-01   4.1777444e-01   5.9810681e+00   3.6449528e-03  -2.8353460e-03  -6.9751202e-04
   2.8256728e-01   4.5239543e-01   5.9943728e+00   3.7222033e-03  -2.8302589e-03  -1.8627339e-04
   2.6876662e-01   4.5320904e-01   6.0122475e+00   3.9511486e-03  -3.0425202e-03   1.8978857e-04
   2.7839091e-01   4.2187102e-01   6.0013223e+00   3.6122167e-03  -2.6614565e-03  -5.4413654e-06
   2.8854756e-01   4.5755165e-01   6.0162919e+00   3.6139156e-03  -3.1372506e-03  -2.3561141e-04
   2.8996666e-01   4.3755212e-01   6.0317361e+00   3.9268375e-03  -2.5862947e-03  -2.1507440e-04
   2.9231433e-01   4.4547669e-01   6.0408962e+00   3.7817028e-03  -2.7555307e-03  -5.5205073e-04
   2.8723108e-01   4.4482462e-01   6.0541029e+00   3.8733588e-03  -2.8177120e-03  -5.3854873e-04
   2.9367882e-01   4.6147858e-01   6.0649404e+00   3.6493999e-03  -2.5958752e-03  -4.9625013e-04
   2.7693078e-01   4.4964950e-01   6.0654780e+00   3.3508237e-03  -2.8780080e-03   3.5615489e-04
   2.9061519e-01   4.3978263e-01   6.0830608e+00   3.7814483e-03  -3.1294236e-03  -4.5707469e-04
   2.9593561e-01   4.5364966e-01   6.0967221e+00   3.9367205e-03  -2.7662634e-03  -2.0933599e-04
   2.8682277e-01   4.2220723e-01   6.1122170e+00   4.2990615e-03  -2.8183436e-03  -2.5249161e-05
   2.9738302e-01   4.5562902e-01   6.1237106e+00   4.0937343e-03  -2.8744152e-03  -2.0254696e-04
   3.0881010e-01   4.4112970e-01   6.1249707e+00   4.2755301e-03  -2.7859736e-03  -3.2407163e-04
   2.9673853e-01   4.4483749e-01   6.1454191e+00   3.9937352e-03  -2.7708856e-03  -3.1126522e-04
   2.7745831e-01   4.1402708e-01   5.9389489e+00   1.0275755e-02  -1.2993319e-03  -5.6926539e-04
   2.6422900e-01   4.5348167e-01   6.1342505e+00   7.0869721e-03  -2.1758401e-03   6.2619970e-05
