   0.0000000e+00   0.0000000e+00   0.0000000e+00   0.0000000e+00   0.0000000e+00   0.0000000e+00
  -1.1847736e-04  -1.0223699e-02  -1.1501745e-02  -1.0613251e-04   5.7310731e-05   4.4299205e-05
  -8.8346473e-03   6.5044458e-03  -7.3158183e-03   1.2247216e-04   2.2126185e-05   2.0669987e-04
  -1.0496180e-02   1.5993323e-02  -2.2494180e-02  -2.3146564e-04  -2.0915175e-04   3.6233845e-04
  -2.2378279e-02   1.3512562e-03  -1.4882431e-02  -3.8734709e-04   1.2052649e-04   9.1913968e-04
  -3.0690130e-02  -4.2527248e-03  -3.4137099e-02   8.6082374e-04   1.0328519e-04   8.0843562e-04
  -1.3404373e-02   1.0625391e-02  -4.6821655e-02   1.1225705e-03  -3.2446676e-05   4.2050300e-04
  -2.6213117e-02   1.1155579e-02  -5.3941884e-02   1.4698670e-03  -2.2081205e-04   8.4793207e-04
  -2.3586553e-02   1.4489587e-03  -3.6699707e-02   1.3593553e-03   5.3084344e-05   8.4391161e-04
  -2.7013369e-02   7.1648398e-03  -2.8265520e-02   7.4880289e-04  -3.8921703e-05   1.2098437e-03
  -1.5251564e-02  -1.2703507e-02  -3.2935761e-02  -2.2180236e-04  -8.4336086e-05   7.0248627e-04
  -1.6176237e-02  -9.9644103e-03  -8.9067355e-03   3.6453430e-04   9.0232808e-05   5.3339520e-04
  -1.2543650e-02   7.3823150e-03  -1.1818638e-02   6.1908291e-05  -2.2009293e-04   8.0191111e-04
  -2.4804472e-02   7.7131664e-03  -1.8398156e-02   4.5301989e-06  -5.7522435e-05   1.0055208e-03
   7.8983091e-04  -5.0270163e-03  -9.0233017e-03   4.1795703e-04  -1.0155462e-05   5.8342061e-04
  -2.0843774e-02   6.0890482e-04   7.9441154e-03   6.5511728e-04  -5.1000217e-05   5.2901582e-04
  -2.9920130e-02  -1.2139920e-03   2.0753290e-04   2.7297519e-04  -1.4572798e-04   8.1374217e-04
  -2.4261842e-02  -6.8434306e-03  -1.2204090e-02   1.6219817e-04  -4.2707720e-04   6.7559046e-04
  -3.2187328e-02  -5.3713832e-03  -1.8614095e-02  -9.4531316e-05  -1.4677457e-04   6.8394529e-04
  -2.5685215e-02  -9.3439303e-03  -1.6674891e-02   2.5106332e-05  -3.7184188e-04   4.6214600e-04
  -3.9580878e-02   1.1304001e-02  -3.4268561e-02  -6.4508290e-04  -2.7934872e-04   6.7277204e-04
  -3.5124720e-02   1.3029395e-02   1.5612663e-02   7.6567875e-04   2.7748241e-04   7.7909248e-04
  -7.4543500e-02   1.4405278e-02  -1.1599523e-02   1.9340917e-04   1.3763043e-04   1.2084996e-03
  -8.7762858e-02   4.4960946e-03   3.8488102e-02   3.9953394e-04   3.1378863e-04   8.1838933e-04
  -6.5860442e-02  -7.4182397e-03   2.4938075e-02  -2.8201058e-04   3.2031253e-04   7.6675688e-04
  -5.9128320e-02  -1.2612783e-02   4.6150586e-02  -9.7196229e-05   9.8862316e-05   7.9864259e-04
  -5.2918634e-02   1.5089079e-02   1.4279128e-02  -6.3941872e-04   4.9304257e-04   1.0900571e-03
  -6.3722713e-02   8.2838603e-03   3.1097148e-02  -7.2249801e-04   1.6916375e-04   8.4479099e-04
  -5.8161786e-02   1.0991242e-02   3.3793398e-02  -1.3712205e-04  -1.3573588e-04   6.4176480e-04
  -5.1823095e-02   1.7698954e-02   4.5141572e-02  -5.2197006e-06   6.8335943e-05   7.8562362e-04
  -5.4711206e-02   1.0695170e-02   2.0833942e-02  -7.7427672e-04   1.4264120e-04   7.6810419e-04
  -4.5978111e-02  -3.7558936e-03   6.5634103e-04  -7.8351213e-04  -1.8074336e-04   4.9466186e-04
  -4.4938123e-02  -1.8233809e-02   3.7396661e-02  -3.0728263e-04  -1.8991562e-04   4.7220168e-04
  -4.6624814e-02  -1.3177890e-02   5.1627143e-02  -2.1602502e-04  -3.1123578e-04   4.6566231e-04
  -7.2051520e-02  -7.3983274e-03   4.5078737e-02  -1.5728449e-04  -4.8567396e-04   9.1761249e-04
  -7.2799575e-02  -4.3978296e-03   4.7003192e-02  -2.2198848e-04  -5.5610552e-04   1.1924717e-03
  -5.2958729e-02  -9.9787625e-03   3.8175359e-02  -6.4551749e-04   1.0365562e-05   5.0829751e-04
  -5.3947936e-02  -2.4901060e-02   5.4379281e-02  -1.3485353e-04  -5.3288807e-04   5.4192042e-04
  -4.1926062e-02  -2.2450095e-02   8.2478766e-02   4.9204886e-04  -3.8537725e-04   5.1788941e-04
  -4.7895698e-02  -4.2324499e-03   4.7960243e-02  -6.1323011e-04   7.0479364e-05   5.5958469e-04
  -7.9146181e-02   3.5371072e-04   7.1181903e-02  -2.3043740e-04  -1.0658745e-03   1.1992194e-03
  -6.8100233e-02   3.4841698e-03   4.8089062e-02  -5.3118648e-04  -2.5571529e-04   1.0709797e-03
  -5.9849819e-02  -1.3352517e-02   6.6916871e-02  -3.4516307e-04  -6.2372537e-04   6.2178461e-04
  -4.6299627e-02  -2.4189397e-03   8.6130660e-02  -4.2822109e-04  -2.2095691e-04   4.2711482e-04
  -7.3066900e-02  -1.4200410e-03   8.5292495e-02  -3.2766994e-04  -7.3029543e-04   7.4495726e-04
  -8.3438214e-02   1.6381485e-02   9.1381600e-02   1.6793355e-04  -2.8887102e-04   1.4030828e-03
  -9.7878713e-02  -2.8115150e-03   4.1917004e-02   3.4399037e-04   1.8017628e-04   9.9362955e-04
  -7.0276175e-02   9.9814485e-04   7.8796077e-02  -9.4064923e-06   5.6876643e-04   7.3491597e-04
  -8.7288507e-02  -1.4484398e-03   8.8526840e-02  -3.0320160e-04   2.5777919e-04   1.0891082e-03
  -6.5260947e-02   5.4608628e-03   8.6849064e-02  -7.1511686e-05   2.5417775e-04   8.4258012e-04
  -7.9837188e-02   2.3092177e-02   5.9672381e-02  -5.3244251e-04   3.9481898e-06   8.4790914e-04
  -7.9853904e-02  -7.5970753e-03   7.6534825e-02   1.4044322e-04  -2.3857403e-04   1.2491662e-03
  -6.7380799e-02   2.0034929e-02   8.4957714e-02   7.3602838e-04  -1.2423084e-04   6.2790947e-04
  -5.1511142e-02  -1.3716152e-02   8.3223217e-02  -5.4575209e-05   3.9015732e-04   3.3162740e-04
  -7.1000615e-02   9.6200672e-03   6.7860411e-02  -1.2037658e-04  -2.2330558e-05   1.1074580e-03
  -6.6781837e-02   9.5380209e-03   8.5148377e-02   1.9511131e-04  -9.5588810e-05   9.7063479e-04
  -6.5676439e-02   8.7672181e-03   9.9567413e-02   5.7177639e-04   1.9375781e-04   6.6582230e-04
  -6.0420633e-02   1.7998130e-02   9.6141322e-02   1.3764716e-04   2.7596614e-04   8.3435953e-04
  -6.2733792e-02   4.3550796e-03   1.0728293e-01   2.4986921e-04  -2.4290242e-04   9.6275930e-04
  -6.3220688e-02  -2.1509339e-03   1.0318624e-01   7.2357341e-05  -8.7831793e-05   8.0412592e-04
  -8.3419843e-02  -7.1636999e-02   8.7865068e-02  -2.6096992e-04  -4.4232090e-04   6.1458145e-04
  -8.2009277e-02   1.0663618e-03   1.1105386e-01  -2.2949851e-04  -5.0489308e-04   1.1092954e-03
  -7.1464722e-02   4.7151741e-03   1.4938015e-01   9.3351980e-05  -1.3679193e-04   9.9496547e-04
  -1.4634672e-01   3.9789869e-04   1.1341010e-01  -7.1825660e-04   2.3210001e-04   1.9957827e-03
  -8.3705378e-02  -1.0045987e-02   2.1702873e-01   9.5965460e-05   4.0310755e-04   8.9235847e-04
  -7.6610185e-02  -4.6668528e-02   2.2173828e-01  -2.1277183e-04   4.3295298e-04   8.6253313e-04
  -7.6339393e-02  -1.4648244e-02   2.0017121e-01  -2.3999276e-04  -1.0847319e-04   9.6233721e-04
  -2.6391475e-01  -1.8828144e-01   2.1424078e-01  -8.2891542e-05   4.1208584e-04   7.7687536e-03
  -6.1439317e-02  -1.0692229e-02   1.9538840e-01  -5.8570482e-04   1.7472314e-04   7.1101876e-04
  -7.4505888e-02  -2.9948623e-04   1.9780334e-01  -9.5903400e-05  -4.2249499e-04   8.1267222e-04
  -6.9860303e-02   1.3851209e-03   2.0265928e-01  -9.0135774e-05  -3.8800888e-04   5.7078893e-04
  -8.1738680e-02  -3.7390800e-03   2.1672854e-01  -2.6800901e-05  -7.2299437e-04   8.8965023e-04
  -6.9669222e-02   1.1256531e-02   2.0883846e-01  -2.7141692e-04  -4.8391655e-04   6.4430008e-04
  -6.5531038e-02  -5.4268622e-03   2.0480523e-01  -6.1503626e-04  -7.7924954e-05   7.1918803e-04
  -7.3747439e-02   9.1949343e-03   2.3738131e-01   5.9035280e-05  -6.5444797e-04   8.2559547e-04
  -6.7219765e-02   8.3279478e-03   2.3852893e-01  -7.5913146e-05  -2.9943628e-05   7.3458713e-04
  -6.2322973e-02   9.5582313e-02   2.3528423e-01  -2.7401024e-04  -5.7789414e-04   2.2468504e-04
  -6.8412359e-02  -4.1650950e-03   2.5259315e-01  -7.7701244e-04  -9.0778683e-05   1.0151769e-03
  -6.2212815e-02   7.9601637e-03   2.7473470e-01  -2.2697410e-04  -1.7591600e-05   9.7747513e-04
  -7.3880211e-02  -1.4412911e-03   2.8847683e-01   2.7062363e-04  -3.8230822e-04   1.0071261e-03
  -9.4827009e-02   1.0640280e-02   2.6314804e-01  -3.9871013e-04  -2.1617999e-04   1.4949529e-03
  -1.3635653e-01  -2.5644173e-02   2.7845719e-01   5.3386744e-04   2.2006890e-04   2.1689087e-03
  -1.0044418e-01   4.2701351e-01   2.8843441e-01   1.2352087e-03   1.7816068e-03   1.5518670e-03
  -1.0521266e-01  -3.8786227e-02   2.0210994e-01  -1.8886554e-03   2.7157714e-03   3.4490454e-03
  -1.1148920e-01  -4.6906407e-02   1.1427977e-01  -2.6501605e-03   3.6131298e-03   4.3467855e-03
  -1.0344349e-01  -7.3270914e-02   1.2556608e-01  -2.0375780e-03   1.7258139e-04   2.0337715e-03
  -1.0859255e-01  -9.2444037e-02   1.4787740e-01  -6.8981730e-04  -6.3565549e-04   2.3816655e-03
  -1.3514590e-01  -3.2487535e-02   1.6756008e-01  -6.7766470e-04  -1.5474207e-03   1.4210350e-03
  -1.2981683e-01  -8.8295041e-02   1.9960419e-01  -5.0530274e-04   2.8402617e-04   2.8407054e-03
  -1.3978623e-01  -8.0036262e-02   1.8050438e-01  -1.1643683e-03  -5.2166573e-04   2.8897264e-03
  -1.2335195e-01  -9.8141381e-02   2.1146197e-01  -1.5029561e-03   3.8107579e-04   3.0461186e-03
  -1.6066062e-01  -8.6628160e-02   1.8581150e-01  -1.4037852e-03  -8.9351584e-04   2.8571132e-03
  -1.8715761e-01  -9.8819655e-02   1.9351421e-01   1.1335312e-03  -1.6522995e-03   2.0959814e-03
  -1.1878423e-01  -6.6470135e-02   1.3400685e-01  -2.9852622e-03   2.5338060e-03   3.4830432e-03
  -1.9567555e-01  -1.1290739e-01   1.6160770e-01   7.2905381e-04  -2.7772210e-03   1.2480659e-03
  -1.6769811e-01  -1.1897620e-01   2.3992748e-01   2.7303663e-04  -2.9309175e-03   1.4769346e-03
  -1.8443502e-01  -1.0872646e-01   2.5274053e-01  -4.3786589e-04  -3.7205344e-03   1.3545020e-03
  -1.7316066e-01  -8.0816187e-02   2.8357051e-01  -7.3815301e-04  -3.3365592e-03   1.7691578e-03
  -1.6959283e-01  -8.6428193e-02   2.9286596e-01  -7.1205104e-04  -3.2251525e-03   2.4540327e-03
  -1.5968163e-01  -8.5380698e-02   2.8751144e-01  -7.5717837e-04  -3.9781948e-03   1.9365148e-03
  -1.4808521e-01  -6.8958268e-02   3.0981872e-01  -9.2792703e-04  -3.6323320e-03   1.7491656e-03
  -1.4185920e-01  -6.8057455e-02   4.1494139e-01  -1.7626149e-04  -2.6637796e-04   3.6177780e-03
  -1.1930214e-01  -7.2319909e-02   3.8004605e-01  -8.6059412e-04  -1.0354764e-03   2.3347933e-03
  -1.1206673e-01  -6.8033231e-02   4.0148225e-01  -7.3276665e-04  -1.4737044e-03   2.1339863e-03
  -1.5019434e-01  -5.8846482e-02   3.9814169e-01  -9.2732602e-04  -2.8108780e-03   2.3701491e-03
  -1.2554973e-01  -3.9217063e-02   4.4808574e-01  -5.0591283e-06  -1.1120388e-03   2.3576260e-03
  -1.2712648e-01  -3.3956337e-02   4.6315111e-01  -8.5963771e-04  -2.3978951e-03   1.9729861e-03
  -1.3737518e-01  -2.3270054e-02   4.7489013e-01  -1.1545479e-03  -2.8871098e-03   2.1922311e-03
  -1.1762299e-01  -1.6759172e-02   4.8098592e-01  -1.0398540e-03  -2.8578902e-03   2.1231341e-03
  -1.1705901e-01  -9.1670423e-03   4.9815950e-01  -1.6740314e-03  -2.6495323e-03   1.8870611e-03
  -1.1340677e-01  -3.4598588e-03   5.1115176e-01  -1.0026465e-03  -2.6020010e-03   1.8066615e-03
  -1.1502157e-01   2.5668893e-03   5.2292043e-01  -1.3011785e-03  -2.8800952e-03   2.0681433e-03
  -1.1274230e-01   2.4719128e-02   5.2308021e-01  -1.6396902e-03  -2.7210613e-03   2.1022919e-03
  -1.2226107e-01   2.0265168e-02   5.4779212e-01  -1.3737253e-03  -2.8112811e-03   2.4831713e-03
  -1.3353721e-01   2.9389522e-02   5.6019825e-01  -9.1174613e-04  -1.9943200e-03   2.8522347e-03
  -1.0108968e-01   2.8122625e-02   5.5745609e-01  -2.1643552e-04  -2.4809958e-03   1.5709863e-03
  -9.8159943e-02   2.4667946e-02   5.6205804e-01  -9.9534814e-04  -2.3711369e-03   1.6206727e-03
  -8.0606798e-02   3.2243925e-02   6.0292105e-01  -5.4600658e-04  -1.9803568e-03   1.5463825e-03
  -9.7963805e-02   2.8124896e-02   6.0549244e-01  -7.8932525e-04  -1.8623162e-03   1.7255166e-03
  -8.0982668e-02   2.5688124e-02   6.1949575e-01  -8.7930244e-04  -2.2374710e-03   1.6328797e-03
  -8.9492775e-02   3.9164934e-02   6.0832060e-01  -1.3749679e-03  -2.0721373e-03   1.7676556e-03
  -9.2690328e-02   3.0828502e-02   6.3252641e-01  -1.2654356e-03  -2.0479525e-03   2.1822844e-03
  -8.3027644e-02   3.6609479e-02   6.5839354e-01  -9.5277043e-04  -1.8686863e-03   1.8171914e-03
  -9.0467602e-02   4.3077618e-02   6.5215092e-01  -1.4071277e-03  -1.9556074e-03   2.1614917e-03
  -8.8483533e-02   3.9722827e-02   6.5477031e-01  -1.4861658e-03  -2.2507577e-03   1.5409067e-03
  -9.2159330e-02   4.5549478e-02   6.7443027e-01  -1.2191203e-03  -1.8367889e-03   1.9861334e-03
  -9.0725527e-02   4.4781171e-02   6.8252959e-01  -1.0556809e-03  -2.2773110e-03   2.1624967e-03
  -1.0516875e-01   7.5372069e-02   6.5050083e-01   2.7485899e-04  -2.0770549e-03   1.9711973e-03
  -1.0733673e-01   6.5565042e-02   6.5028039e-01   9.7679190e-04  -1.9602410e-03   1.9993074e-03
  -1.0093486e-01   1.0096515e-01   6.2830895e-01   5.8343022e-04  -1.2465917e-03   1.9258883e-03
  -9.9755845e-02   1.0540415e-01   6.2895956e-01   8.7542709e-04  -1.3463810e-03   1.5099478e-03
  -9.2658512e-02   1.0021835e-01   6.5060649e-01   8.8140101e-04  -1.3691488e-03   1.4852925e-03
  -8.2073232e-02   7.8637005e-02   7.0913803e-01   2.9351667e-04  -1.4236402e-03   1.6611171e-03
  -9.3597480e-02   6.9512490e-02   7.4308943e-01   1.5267288e-04  -1.6242609e-03   1.7605670e-03
  -9.3735022e-02   7.0190244e-02   7.7039334e-01   2.4251603e-04  -1.4498729e-03   1.7145147e-03
  -9.5127358e-02   6.4956703e-02   7.9025708e-01   5.9802153e-04  -1.5611963e-03   1.8297984e-03
  -6.9599950e-02   7.6828345e-02   7.8582881e-01  -2.3823511e-04  -1.6946701e-03   1.2909724e-03
  -8.7540740e-02   8.3773888e-02   8.0554483e-01   2.9259079e-04  -1.4690822e-03   1.5903696e-03
  -7.2728428e-02   8.5157618e-02   8.1435670e-01  -1.3099366e-04  -1.3033955e-03   1.3201466e-03
  -7.2992104e-02   9.2648669e-02   7.8822366e-01  -6.9465278e-04  -1.4814283e-03   1.4068073e-03
  -8.4063244e-02   8.8494608e-02   8.2760455e-01  -1.2060272e-04  -1.4036409e-03   1.4541513e-03
  -8.2390814e-02   7.5811802e-02   7.9503663e-01   3.8035182e-04  -7.9929961e-04   1.3473406e-03
  -1.1710848e-01   5.5925134e-02   8.9655459e-01   4.7110424e-04   1.2649096e-03   3.5854436e-03
  -6.6055381e-02   5.9943913e-02   8.5765276e-01  -8.2770657e-04   5.7933966e-04   2.0364948e-03
  -5.4163877e-02   5.7945194e-02   8.7302133e-01  -1.0076405e-03   3.9673985e-04   1.9487424e-03
  -6.8517272e-02   6.8956448e-02   8.9007533e-01  -4.0362801e-04   1.4852513e-04   2.0636047e-03
  -7.0139777e-02   7.6297737e-02   8.9716765e-01  -1.9128057e-04  -7.9551489e-05   1.8467552e-03
  -7.2614751e-02   8.8115769e-02   8.9751115e-01  -7.4516626e-04   1.4233365e-04   1.8783428e-03
  -5.5993097e-02   8.4202173e-02   9.0564644e-01  -3.3172450e-04   1.3868114e-04   1.6182154e-03
  -6.2287164e-02   8.6161716e-02   9.1926403e-01  -2.9394518e-04  -3.8386138e-04   1.6830621e-03
  -5.7176847e-02   7.2268466e-02   9.0528807e-01  -6.9800301e-04  -7.4701149e-04   1.6484136e-03
  -7.7634940e-02   7.3117478e-02   9.3779443e-01  -4.0341784e-04  -5.7466444e-04   1.6631409e-03
  -6.6772350e-02   7.3856743e-02   9.6450068e-01   5.3425000e-05  -4.6930958e-04   1.7674825e-03
  -6.2553373e-02   6.5104095e-02   9.4560482e-01  -3.8411816e-04  -5.5852021e-04   1.7087942e-03
  -6.7857713e-02   8.7754072e-02   9.6784364e-01  -5.1166884e-04  -8.6741478e-04   2.1591197e-03
  -5.7984912e-02   8.3967835e-02   9.7480574e-01  -2.4362628e-04  -5.0584786e-04   1.8164912e-03
  -6.3853711e-02   8.0410880e-02   1.0044755e+00  -3.0072663e-04  -4.5354187e-04   1.9041252e-03
  -7.2751729e-02   8.6633056e-02   9.9666167e-01  -5.3467731e-04  -8.5516586e-04   2.0231370e-03
  -6.7746184e-02   9.6444446e-02   1.0059746e+00  -8.8824909e-05  -2.0284566e-04   2.0494146e-03
  -5.6458143e-02   7.4381888e-02   1.0094851e+00  -3.5537667e-04  -6.8482343e-04   1.7708092e-03
  -5.6183868e-02   9.1603025e-02   1.0430490e+00   7.7036465e-07  -4.8971624e-04   1.9020734e-03
  -6.2926775e-02   1.0371245e-01   1.0331348e+00  -1.4477559e-04  -3.2716465e-04   1.6665337e-03
  -6.7433643e-02   9.7053297e-02   1.0544851e+00   8.2897945e-05  -3.5606131e-04   2.1177477e-03
  -6.1229221e-02   8.9609849e-02   1.0591593e+00  -2.0805745e-04  -4.2188119e-04   1.6377333e-03
  -7.4103765e-02   8.5989446e-02   1.0709296e+00  -2.2114371e-04  -6.7618142e-04   2.3556822e-03
  -6.3003587e-02   9.4102771e-02   1.0843111e+00  -2.9676788e-04  -7.5451546e-04   1.9711498e-03
  -9.5633242e-02   9.2997465e-02   1.1071848e+00  -1.3817578e-04  -6.9027373e-04   2.7130089e-03
  -6.3551991e-02   9.9796834e-02   1.1110879e+00   1.6629493e-04  -2.1917510e-04   1.8064884e-03
  -6.9351071e-02   8.9998910e-02   1.1229177e+00   5.3357175e-04  -5.2039709e-04   1.8500957e-03
  -5.9742493e-02   9.3793235e-02   1.1254209e+00   3.7473113e-04  -5.8781702e-04   1.6418077e-03
  -5.3603448e-02   9.0531005e-02   1.1032556e+00  -2.9444154e-04  -9.1981904e-04   1.7651984e-03
  -5.9185194e-02   9.9261399e-02   1.1326487e+00  -1.2838443e-04  -6.6737074e-04   2.0902407e-03
  -6.3058021e-02   8.9479970e-02   1.1476675e+00   1.3519772e-04  -8.7631142e-04   2.0365289e-03
  -7.7192804e-02   1.0328571e-01   1.1746734e+00   2.2197774e-05  -5.5839166e-04   2.3536476e-03
  -5.1110269e-02   1.0323800e-01   1.1655197e+00  -5.5657278e-04  -3.7564931e-04   1.9623244e-03
  -6.8090488e-02   1.0302825e-01   1.1690974e+00  -3.7280915e-04  -6.1839812e-04   2.2016541e-03
  -4.9254759e-02   1.0258825e-01   1.1863325e+00  -2.3596953e-04  -7.7142855e-04   1.7451997e-03
  -6.7010215e-02   8.6389443e-02   1.2110165e+00   2.9177805e-04  -6.6440809e-04   2.0550666e-03
  -5.5395955e-02   1.0680550e-01   1.2019576e+00  -2.3034729e-04  -8.6814980e-04   1.6811715e-03
  -9.0544970e-02   1.1912655e-01   1.2298696e+00  -2.8679447e-04  -3.4450380e-05   2.8446246e-03
  -1.0181136e-01   1.1058533e-01   1.2876965e+00  -4.7309664e-04   9.4677703e-04   3.5855853e-03
  -6.3069293e-02   7.5300144e-02   1.2795394e+00  -4.3632732e-04   1.3790290e-04   2.7049575e-03
  -7.9948781e-02   6.8019320e-02   1.2723936e+00  -2.9610881e-04  -2.8895764e-04   2.8910276e-03
  -5.5582965e-02   7.5926254e-02   1.2861013e+00   1.6239493e-04  -2.8351440e-04   2.4526408e-03
  -6.3649229e-02   9.6627299e-02   1.3030082e+00  -2.5854942e-04  -1.9997742e-04   2.3427425e-03
  -5.6794923e-02   8.3326616e-02   1.3114899e+00  -3.0559308e-04  -3.3505723e-04   2.2687691e-03
  -6.8416293e-02   1.1251770e-01   1.3025921e+00  -6.8668679e-04  -1.0300738e-03   2.4292654e-03
  -5.5307908e-02   9.0815637e-02   1.3285056e+00  -5.5456831e-04  -6.2621098e-04   2.5510707e-03
  -6.1498762e-02   1.0968167e-01   1.3096981e+00  -6.3036446e-04  -5.1989198e-04   2.7728703e-03
  -6.0106599e-02   9.6586003e-02   1.3334295e+00  -3.7600747e-04  -8.0081988e-04   2.3908731e-03
  -7.1323070e-02   9.4580318e-02   1.3262096e+00  -7.8790793e-05  -7.4054876e-04   2.6862334e-03
  -4.8288406e-02   9.5198593e-02   1.3278200e+00  -5.5997100e-04  -4.1130498e-04   2.0367915e-03
  -8.5051522e-02   9.7219176e-02   1.3904088e+00   7.5512472e-04  -3.9882291e-04   2.7767793e-03
  -5.5890726e-02   1.0237887e-01   1.3713727e+00  -4.3974512e-04  -3.1321447e-04   2.4204639e-03
  -4.6533413e-02   9.4295747e-02   1.3912210e+00  -2.9480199e-04  -3.6427600e-04   2.0454521e-03
  -4.7465043e-02   1.0810565e-01   1.4151948e+00   5.5687866e-05  -1.4287582e-04   2.4705464e-03
  -5.2361900e-02   1.1156639e-01   1.4183346e+00  -1.1711177e-04  -2.2792935e-04   2.1784035e-03
  -4.8740319e-02   1.1049075e-01   1.4169044e+00  -1.7341254e-04  -3.8667837e-04   2.0913698e-03
  -5.1263335e-02   1.3009319e-01   1.4295550e+00  -3.1423875e-04  -5.1988035e-04   2.2282375e-03
  -4.7980872e-02   1.0671017e-01   1.4522939e+00  -1.6441175e-04  -3.3323258e-04   2.0243008e-03
  -6.8932340e-02   9.6988907e-02   1.4623886e+00  -2.7077230e-04  -5.8913686e-04   2.8784016e-03
   3.1945828e-02   1.6434523e-01   1.2749375e+00   2.6824835e-03   3.8492502e-03  -2.2727325e-05
  -7.2059532e-02   9.7462090e-02   1.3262191e+00   3.3704933e-03   2.6016340e-03   1.9299925e-03
  -3.7425691e-02   3.7784720e-02   1.2936331e+00   5.0052381e-03   8.6371630e-04   1.5716168e-03
  -3.4136484e-02   6.1089706e-02   1.3562647e+00   9.8712400e-04  -6.9374011e-04   1.3709588e-03
  -3.1504997e-02   9.4740794e-02   1.4111454e+00   4.2472096e-04  -4.9080566e-04   1.6638675e-03
  -3.3840051e-02   9.5339276e-02   1.4494338e+00   4.2850464e-04  -3.8610172e-04   1.2552429e-03
  -5.1114824e-02   1.1437854e-01   1.4709020e+00   8.1029695e-04  -8.2806203e-04   1.8310287e-03
  -4.1381874e-02   1.0430803e-01   1.4626804e+00   6.8078246e-04  -7.3783368e-04   1.5342956e-03
  -5.1139302e-02   1.1829969e-01   1.5098089e+00   1.4535008e-03  -5.8017537e-05   2.2095764e-03
  -5.5306627e-02   9.7986715e-02   1.4948198e+00   5.2652338e-04  -3.8369428e-04   2.1057020e-03
  -4.4267255e-02   1.2398905e-01   1.5170095e+00   1.0015686e-03  -3.6987956e-04   1.9501991e-03
   2.9736609e-02   1.9963919e-01   1.4355469e+00   2.8796229e-03   3.0627472e-03   4.6994678e-04
  -3.3551981e-02   9.6056209e-02   1.3372929e+00   8.1751429e-03   3.4136088e-03   3.2810744e-04
  -8.2164021e-02   1.0717460e-01   1.2858904e+00   4.3066678e-03   1.5909728e-04  -2.0435223e-04
  -8.1173537e-02   6.0501720e-02   1.3776158e+00   2.8115166e-03  -2.0689740e-03   8.7504610e-04
  -7.5975596e-02   8.9154189e-02   1.4514963e+00   1.7007564e-03  -1.6935480e-03   1.5608509e-03
  -6.9633149e-02   8.9598482e-02   1.4710461e+00   1.0745348e-03  -1.6666076e-03   1.4758265e-03
  -7.0464322e-02   1.0083745e-01   1.5386308e+00   1.2647543e-03  -1.6933470e-03   1.6673222e-03
  -7.3416594e-02   1.0614149e-01   1.5331542e+00   4.2783332e-04  -1.3353887e-03   1.8828711e-03
  -6.5345754e-02   1.0380298e-01   1.5697753e+00   1.0406557e-03  -1.6294868e-03   1.8405372e-03
  -5.9991079e-02   1.0966726e-01   1.5476148e+00   1.2571380e-04  -1.5762532e-03   1.6040103e-03
  -7.2945210e-02   1.0573107e-01   1.5688472e+00   5.9784021e-04  -1.5613224e-03   1.9329766e-03
  -6.4780872e-02   1.2587742e-01   1.5846079e+00   6.4316865e-05  -1.9246525e-03   1.4628229e-03
  -6.2401172e-02   1.1727741e-01   1.6031290e+00  -1.3586271e-04  -1.4783225e-03   1.9099815e-03
  -6.3642569e-02   1.2145789e-01   1.6410031e+00   5.5305554e-04  -1.3534036e-03   1.5988855e-03
  -5.4319737e-02   1.1636391e-01   1.6347309e+00   3.1639738e-04  -1.7409618e-03   1.4555200e-03
  -5.1532893e-02   1.2879821e-01   1.6512332e+00   2.0287707e-04  -1.4748648e-03   1.6124931e-03
  -5.5431007e-02   1.2400017e-01   1.6949764e+00   1.0188325e-03  -1.3611837e-03   1.5599896e-03
  -5.7335920e-02   1.1958258e-01   1.7120797e+00   1.2860274e-03  -1.2142578e-03   1.6109787e-03
  -6.5713747e-02   1.3004093e-01   1.6978285e+00   4.0659505e-04  -1.4730142e-03   1.9588000e-03
  -6.0257801e-02   1.3140986e-01   1.7347829e+00   9.7423193e-04  -1.1154403e-03   1.7714287e-03
  -7.7554420e-02   1.3901934e-01   1.7332790e+00   7.9632689e-04  -1.0659927e-03   2.2365778e-03
  -6.3594164e-02   1.3701155e-01   1.7318556e+00   3.7660829e-04  -1.4202135e-03   2.0922373e-03
  -6.8435872e-02   1.2119107e-01   1.7270705e+00   3.5832886e-04  -1.1196814e-03   2.0434196e-03
  -5.4581211e-02   1.2995706e-01   1.7490754e+00   8.3262074e-04  -1.4004243e-03   1.7061408e-03
  -5.7046629e-02   1.3593262e-01   1.7791574e+00   1.2597850e-03  -9.8436362e-04   1.8402838e-03
  -5.8962287e-02   1.4191545e-01   1.7729427e+00   5.6717080e-04  -1.4341126e-03   1.4720765e-03
  -5.7129347e-02   1.4057975e-01   1.7803691e+00   6.3407806e-04  -1.1116499e-03   1.4835231e-03
  -6.3025315e-02   1.5588632e-01   1.8161785e+00   1.0420653e-03  -1.5329237e-03   1.6951397e-03
  -6.3130019e-02   1.6105814e-01   1.8195807e+00   1.0641813e-03  -1.7403751e-03   1.7911913e-03
  -5.1869827e-02   1.4535824e-01   1.8048689e+00   2.8641880e-04  -1.3488027e-03   1.6779913e-03
  -5.3155752e-02   1.2018226e-01   1.8474747e+00   1.0833268e-03  -1.1147656e-03   1.7052574e-03
  -4.3500719e-02   1.5162661e-01   1.8766699e+00   1.5407566e-03  -1.4693547e-03   1.5991609e-03
  -4.3667440e-02   1.3879038e-01   1.8666400e+00   2.7611516e-04  -1.3825946e-03   1.7444860e-03
  -5.9896450e-02   1.4061306e-01   1.8697019e+00   5.7694367e-04  -1.0472007e-03   2.0174941e-03
  -4.8428667e-02   1.4922551e-01   1.9022636e+00   9.7559769e-04  -1.0946355e-03   1.7766703e-03
  -5.4847002e-02   1.4092522e-01   1.9098785e+00   5.6351141e-04  -1.1888025e-03   2.0892919e-03
  -5.3675322e-02   1.4229219e-01   1.9314415e+00   8.8667855e-04  -1.4741509e-03   1.7144812e-03
  -5.2139544e-02   1.4658097e-01   1.9422498e+00   5.5420370e-04  -1.3038652e-03   1.7300709e-03
  -4.9482255e-02   1.3547148e-01   1.9415592e+00   3.7922717e-04  -1.0670950e-03   2.1900725e-03
  -4.1647440e-02   1.5696008e-01   1.9769323e+00   1.3974361e-03  -1.1745339e-03   1.7172462e-03
  -3.2741968e-02   1.4550850e-01   1.9692850e+00   9.9954893e-04  -1.3081914e-03   1.5914767e-03
  -4.0811566e-02   1.5642195e-01   1.9848099e+00   1.0124180e-03  -1.1254339e-03   2.0159099e-03
  -4.9888004e-02   1.6005129e-01   1.9818675e+00   4.4987724e-04  -1.3350817e-03   1.6013785e-03
  -4.8494094e-02   1.6397156e-01   2.0081984e+00   9.3499699e-04  -1.2222464e-03   1.8293262e-03
  -5.2236412e-02   1.5043719e-01   2.0167417e+00   9.2539505e-04  -1.6593073e-03   1.3837601e-03
  -5.3447574e-02   1.5412396e-01   2.0309867e+00   7.9816247e-04  -1.3742511e-03   1.7646295e-03
  -4.4601517e-02   1.5693404e-01   2.0727169e+00   1.4714313e-03  -1.5551282e-03   1.9175667e-03
  -5.2361549e-02   1.5579823e-01   2.0483191e+00   6.7524158e-04  -1.2690920e-03   1.9423229e-03
  -5.0827902e-02   1.5513877e-01   2.0522795e+00   9.2486160e-04  -1.5358862e-03   1.7503845e-03
  -4.9147336e-02   1.5828280e-01   2.0918514e+00   1.1443524e-03  -1.4989709e-03   1.8855281e-03
  -2.1063804e-02   1.5831557e-01   2.0724255e+00   5.6852626e-04  -1.3627471e-03   1.2897761e-03
  -3.7214811e-02   1.4667201e-01   2.0971074e+00   1.3599126e-03  -1.5923219e-03   1.7325764e-03
  -4.3373640e-02   1.5577906e-01   2.1274927e+00   1.4707750e-03  -1.3366511e-03   1.8272185e-03
  -3.9598730e-02   1.4197926e-01   2.1242134e+00   1.1396752e-03  -1.6347289e-03   1.4673649e-03
  -4.2239336e-02   1.5728579e-01   2.1536199e+00   1.3115901e-03  -1.2852790e-03   1.7837637e-03
  -3.4294472e-02   1.5286233e-01   2.1583958e+00   1.2879626e-03  -1.2754358e-03   1.5431501e-03
  -3.2158045e-02   1.4204957e-01   2.1656062e+00   1.2410485e-03  -1.3047329e-03   1.9206930e-03
  -4.4398690e-02   1.5362421e-01   2.0768159e+00  -1.2824244e-03   1.5099881e-03   1.6073735e-03
   1.5443750e-02   1.7934909e-01   2.0698972e+00   9.4344378e-04   4.7622520e-03   2.0472690e-03
  -4.5157254e-02   9.8711794e-02   1.9345039e+00   4.5293353e-03  -3.5534389e-04   1.8998038e-04
  -6.0863795e-02   1.1839826e-01   2.0372858e+00   3.0494381e-03  -3.2755372e-03  -5.2011845e-05
  -2.2610871e-02   1.1483300e-01   2.1215129e+00   2.7622746e-03  -2.7659662e-03   8.2073125e-04
   1.0913043e-04   1.5118574e-01   2.1815135e+00   2.0514056e-03  -2.2540698e-03   6.7126867e-04
  -1.8153225e-02   1.5255242e-01   2.1867627e+00   1.7401030e-03  -2.4161576e-03   8.3132024e-04
  -1.5716361e-02   1.6493430e-01   2.2170767e+00   1.5199335e-03  -2.1922567e-03   1.0937560e-03
  -7.4004446e-03   1.7141006e-01   2.2270161e+00   8.9139482e-04  -2.0699117e-03   1.2455079e-03
  -4.0903231e-03   1.7902919e-01   2.2520430e+00   1.3420491e-03  -1.9410126e-03   1.2117548e-03
  -9.4324538e-04   1.7864693e-01   2.2595674e+00   1.2079899e-03  -1.8930927e-03   1.1470050e-03
   3.1664964e-03   1.7372816e-01   2.2783907e+00   1.1847440e-03  -2.0500895e-03   1.2361729e-03
  -6.1647196e-04   1.7998238e-01   2.2928372e+00   1.0700938e-03  -1.8490394e-03   8.8099159e-04
   9.4129470e-04   1.7361931e-01   2.2715798e+00   4.2500367e-04  -1.5746248e-03   1.0290055e-03
  -7.7833715e-03   1.6949266e-01   2.3170857e+00   1.4876790e-03  -1.6727163e-03   1.3664126e-03
  -5.5331664e-03   1.6510687e-01   2.3203906e+00   1.0954654e-03  -1.7543970e-03   1.5006522e-03
   6.0767787e-03   1.7447105e-01   2.3222805e+00   8.6643657e-04  -1.7298925e-03   9.9460065e-04
   2.8322875e-03   1.8273433e-01   2.3534527e+00   1.5562177e-03  -2.0602317e-03   8.0279224e-04
  -2.0089853e-03   1.7283552e-01   2.3385819e+00   7.0603718e-04  -1.9728009e-03   1.2610423e-03
  -9.5706268e-03   1.9127568e-01   2.3687694e+00   1.2392449e-03  -2.0509635e-03   1.2890051e-03
   1.4245395e-02   1.8628558e-01   2.3610900e+00   6.9564598e-04  -1.7970215e-03   1.0697752e-03
   4.6382544e-03   1.9117923e-01   2.3975291e+00   1.2455105e-03  -2.0908128e-03   1.0927652e-03
  -6.7237777e-03   1.8788748e-01   2.4167848e+00   1.4852754e-03  -1.7877090e-03   1.2011084e-03
   3.3150508e-03   1.8466341e-01   2.4424057e+00   1.6446984e-03  -1.8586541e-03   9.8660734e-04
   3.9610046e-03   1.8036213e-01   2.4700383e+00   1.7050184e-03  -1.9256212e-03   1.1844061e-03
   1.8680345e-02   1.8179197e-01   2.4468912e+00   8.8245311e-04  -1.9710786e-03   9.0640073e-04
   2.9153084e-02   1.7065619e-01   2.5001076e+00   1.7230611e-03  -1.3838128e-03   8.1522735e-04
  -5.8414636e-03   1.9427594e-01   2.4953616e+00   1.6333143e-03  -1.8922433e-03   1.2838305e-03
   7.3525379e-05   1.9144265e-01   2.5199637e+00   1.9078483e-03  -1.6772321e-03   1.4436683e-03
   2.0029439e-03   1.9665195e-01   2.5029636e+00   9.1102975e-04  -1.8155180e-03   1.2739802e-03
   9.6508329e-03   1.8909664e-01   2.5159779e+00   9.7855162e-04  -1.8924762e-03   1.0383164e-03
  -8.8652556e-03   1.3637886e-01   2.5439668e+00   1.9441939e-03  -1.8465688e-03   1.8256192e-03
   2.1694320e-02   1.9857745e-01   2.5469972e+00   1.1494253e-03  -1.5578407e-03   1.1956418e-03
   1.5465838e-02   2.0237062e-01   2.5677197e+00   1.6432322e-03  -1.3692855e-03   8.9794393e-04
  -4.9713436e-03   1.9874831e-01   2.5697001e+00   1.2225826e-03  -1.6926423e-03   1.5906021e-03
   5.0458531e-03   1.9782042e-01   2.5823956e+00   1.5037761e-03  -1.6597132e-03   1.5019382e-03
   3.0873992e-02   1.9149931e-01   2.6033708e+00   1.5910328e-03  -1.8902492e-03   9.2797074e-04
  -2.1494078e-03   1.8743050e-01   2.5980460e+00   1.4623082e-03  -2.3068825e-03   1.7269795e-03
   2.5107334e-02   1.9905929e-01   2.6068586e+00   1.5122954e-03  -1.9250615e-03   1.1952644e-03
   1.0680402e-02   1.8663129e-01   2.6400068e+00   1.4336171e-03  -1.7897425e-03   1.4804513e-03
   1.2828536e-02   1.9219283e-01   2.6320925e+00   1.1005294e-03  -1.6033247e-03   1.7193588e-03
   1.1066937e-02   2.0289688e-01   2.6759863e+00   1.6729749e-03  -1.6112127e-03   1.4424697e-03
   2.2220309e-02   1.8879303e-01   2.6723085e+00   1.4445533e-03  -1.6389875e-03   1.2667983e-03
   7.3250318e-03   1.8260623e-01   2.6957671e+00   2.1081421e-03  -1.7026119e-03   1.6194078e-03
   2.2392848e-02   1.7643730e-01   2.6944419e+00   1.7068917e-03  -1.7794661e-03   1.4907732e-03
   2.2112547e-02   1.7960736e-01   2.6984164e+00   1.3351378e-03  -1.6356327e-03   1.4039795e-03
   2.5748802e-02   1.8431624e-01   2.7015476e+00   1.2105759e-03  -2.1297170e-03   1.1657164e-03
   3.3401523e-02   1.9616259e-01   2.7218339e+00   1.2826899e-03  -1.2694980e-03   1.1866037e-03
   1.0759725e-02   2.2754874e-01   2.7545616e+00   2.0974543e-03  -1.8844220e-03   1.5761722e-03
  -1.2574272e-03   1.8643669e-01   2.7631393e+00   1.5521656e-03  -2.0105017e-03   1.8285152e-03
  -7.6271772e-03   1.8818438e-01   2.7446619e+00   5.9622043e-04  -1.8227507e-03   1.5155839e-03
   5.9338084e-03   1.8560376e-01   2.7818732e+00   1.5767389e-03  -1.5509438e-03   1.8157997e-03
   4.0512835e-02   9.7781591e-02   2.5701737e+00  -1.4898441e-03   7.9080804e-04   1.6809497e-03
   1.1119757e-01   2.3637928e-01   2.3130438e+00   1.9537790e-03   6.6805528e-03  -5.6170159e-05
   2.7954048e-02   9.5921471e-02   1.9981086e+00   7.9569418e-03   2.5145177e-03   1.3861287e-03
   1.6600407e-03   4.4531073e-02   2.5104965e+00   1.3087948e-02  -2.7282363e-03   6.5664187e-04
   4.2467577e-02   1.0040068e-01   2.6602751e+00   4.6262096e-03  -3.2607391e-03   1.0224360e-03
   4.4539031e-02   1.1735799e-01   2.7258661e+00   3.3640559e-03  -2.3525336e-03   1.5688862e-03
   4.0156489e-02   1.4083984e-01   2.7320552e+00   2.6391521e-03  -2.6524201e-03   1.7586799e-03
   4.5001218e-02   1.4200119e-01   2.7575588e+00   2.4819617e-03  -2.8158896e-03   1.6176234e-03
   3.0867417e-02   1.4455940e-01   2.7929942e+00   2.5605281e-03  -2.6305129e-03   1.8222407e-03
   5.5024656e-02   1.6918016e-01   2.8214084e+00   2.7923609e-03  -2.1369493e-03   1.8841894e-03
   3.9165917e-02   1.8748562e-01   2.8325620e+00   2.4075769e-03  -2.5371686e-03   2.1226439e-03
   5.3121206e-02   1.5002296e-01   2.8336365e+00   1.9520777e-03  -2.1747555e-03   1.5774007e-03
   5.4312038e-02   1.6369145e-01   2.8663841e+00   2.3949858e-03  -2.0661117e-03   1.8661099e-03
   4.1431150e-02   1.7266080e-01   2.8702401e+00   2.2888699e-03  -2.1511616e-03   1.8197641e-03
   4.2279354e-02   1.6286703e-01   2.9049825e+00   2.5941060e-03  -1.9999784e-03   1.9188064e-03
   4.5814418e-02   1.7547693e-01   2.9136899e+00   2.1517456e-03  -2.1874683e-03   1.8536871e-03
   5.8113864e-02   1.7433641e-01   2.9168206e+00   2.0515366e-03  -1.6481786e-03   1.6207054e-03
   4.3212926e-02   1.4858469e-01   2.9363444e+00   2.2288827e-03  -1.9247791e-03   2.2429153e-03
   4.2091632e-02   1.8644095e-01   2.9393039e+00   1.9764164e-03  -2.1274272e-03   2.0387786e-03
   5.6114783e-02   1.6968392e-01   2.9689958e+00   1.7467152e-03  -1.7829745e-03   1.4543643e-03
   8.0273500e-02   1.6059854e-01   2.8759347e+00   7.1593735e-04  -2.3945370e-04   8.9875777e-04
   1.1578662e-01   1.7627576e-01   2.6443075e+00   8.9685816e-03   7.1556703e-03   1.7469609e-03
   1.2798025e-01   1.1047002e-01   2.8134766e+00   9.7900642e-03   3.9778949e-03   2.0316644e-03
   5.7543088e-02   1.2357777e-01   2.9295221e+00   1.6076882e-03  -1.1480158e-03   2.0493742e-03
   6.8407760e-02   1.4971001e-01   2.9813961e+00   9.1458324e-04  -1.0206480e-03   1.9600134e-03
   7.7656006e-02   1.7147200e-01   3.0211624e+00   7.6551454e-04  -9.5612492e-04   1.5674480e-03
   8.9512004e-02   1.8041586e-01   3.0563625e+00   1.2165866e-04  -8.7089126e-04   1.5809169e-03
   8.3658866e-02   1.9878015e-01   3.0939036e+00   7.6129157e-04  -9.2680428e-04   1.7381803e-03
   8.1785407e-02   1.9853257e-01   3.0874341e+00   2.8837345e-04  -9.9599212e-04   1.9239287e-03
   8.4087843e-02   1.8841691e-01   3.0880633e+00   3.3083517e-04  -1.0633834e-03   1.7902567e-03
   9.2208198e-02   1.9424130e-01   3.0928949e+00   1.0275652e-04  -9.4033680e-04   1.7691808e-03
   8.5143153e-02   1.9506644e-01   3.1283262e+00   4.6896255e-04  -9.1051894e-04   1.9577353e-03
   9.3216647e-02   1.8638539e-01   3.1192146e+00  -1.3359373e-04  -8.0814987e-04   1.8934464e-03
   7.8016425e-02   1.8521502e-01   3.1357267e+00  -1.0082077e-04  -1.3100693e-03   1.8131369e-03
   9.1217192e-02   2.0520803e-01   3.1487131e+00  -1.9322594e-04  -9.5798559e-04   1.9740692e-03
   7.7456657e-02   1.8001046e-01   3.1839584e+00  -2.3503514e-04  -8.5256262e-04   1.9090197e-03
   8.1189121e-02   1.8209144e-01   3.1896995e+00  -5.5229789e-05  -1.1109267e-03   1.6751689e-03
   9.7895936e-02   1.9225758e-01   3.1973935e+00  -6.9766290e-05  -1.2689606e-03   1.6656266e-03
   1.0058609e-01   2.0037884e-01   3.2140229e+00   7.7262142e-05  -1.0545912e-03   1.3234595e-03
   9.9301341e-02   2.0219272e-01   3.2248039e+00  -6.0100040e-05  -1.1606683e-03   1.4089671e-03
   9.4178154e-02   2.0017860e-01   3.2337874e+00   7.1544710e-05  -1.1239468e-03   1.7300849e-03
   8.4971557e-02   2.1235990e-01   3.2465705e+00   3.0817819e-04  -9.5913045e-04   2.0440642e-03
   8.1000886e-02   2.0463568e-01   3.2856194e+00   2.4705628e-04  -1.0462692e-03   2.3985570e-03
   9.2838619e-02   2.0065295e-01   3.2717824e+00   1.0475063e-04  -1.7574082e-03   1.8697453e-03
   8.8390866e-02   1.9855933e-01   3.3023425e+00  -1.5652223e-04  -1.1128419e-03   2.3222761e-03
   9.2199747e-02   1.8835711e-01   3.3116981e+00  -1.4514411e-04  -1.3963517e-03   1.7363766e-03
   9.4790935e-02   1.9315227e-01   3.3470263e+00   6.8002548e-04  -1.2385489e-03   2.0895698e-03
   9.3012155e-02   2.1101286e-01   3.3589586e+00   6.6240192e-04  -1.4215208e-03   1.9545844e-03
   9.2675907e-02   1.9299243e-01   3.3268593e+00  -9.9039305e-05  -1.4487709e-03   2.3206666e-03
   9.2113936e-02   1.8420693e-01   3.3580146e+00   1.4517900e-04  -1.5882437e-03   1.9997311e-03
   9.0776926e-02   1.8891834e-01   3.3580228e+00   8.6399810e-05  -1.3265489e-03   2.2202851e-03
   7.9733511e-02   1.8994485e-01   3.3951286e+00   6.1019017e-04  -8.4108973e-04   2.2157405e-03
   1.6685082e-01   2.2703799e-01   3.2620811e+00   2.4330079e-03   3.6522513e-03   6.3114451e-05
   4.4006065e-02   1.7425336e-01   3.3716964e+00   3.7026643e-03   3.2809644e-04   2.8199296e-03
   7.8090016e-02   1.7051974e-01   3.3585339e+00   1.5107073e-03  -1.4181833e-03   1.9040576e-03
   7.3878144e-02   1.7737055e-01   3.4059067e+00   1.4868211e-03  -1.5455477e-03   1.9588239e-03
   8.5320920e-02   1.9707884e-01   3.4255577e+00   9.3996181e-04  -1.6773297e-03   1.6801026e-03
   9.1556954e-02   1.9681000e-01   3.4377870e+00   5.5783940e-04  -1.3314463e-03   1.8485345e-03
   8.9957854e-02   2.2005620e-01   3.4737277e+00   1.0914279e-03  -1.3642421e-03   1.7720914e-03
   1.0286270e-01   2.0860681e-01   3.4983030e+00   1.3370373e-03  -9.2617879e-04   1.8236084e-03
   8.2552607e-02   2.1818001e-01   3.4900238e+00   1.0844197e-03  -1.4530069e-03   1.9459431e-03
   9.3779928e-02   2.0680642e-01   3.4969165e+00   1.0423326e-03  -1.3574673e-03   1.9911092e-03
   8.8839852e-02   2.1335291e-01   3.5104101e+00   1.0422101e-03  -1.4961774e-03   1.7684141e-03
   9.7381969e-02   2.1968228e-01   3.5187606e+00   4.6800284e-04  -1.3149951e-03   1.5996537e-03
   1.0741693e-01   2.0096130e-01   3.5121832e+00   1.4515939e-04  -1.2384382e-03   1.9045675e-03
   1.0551387e-01   2.0957276e-01   3.5389515e+00   6.3967683e-04  -1.3958466e-03   1.7133082e-03
   9.9529670e-02   1.8733495e-01   3.5745356e+00   6.3022154e-04  -1.1326806e-03   1.7954777e-03
   1.0049800e-01   1.9766058e-01   3.5665566e+00   8.1134272e-04  -1.2903302e-03   2.2531456e-03
   1.0778197e-01   1.8583885e-01   3.5706134e+00   6.1571912e-04  -1.4886919e-03   2.0332973e-03
   9.1486252e-02   2.1029087e-01   3.5825280e+00   6.0871911e-04  -1.6099608e-03   1.9036501e-03
   1.0442364e-01   2.0788302e-01   3.5749711e+00   1.3671579e-05  -1.4065057e-03   2.1540678e-03
   1.0697574e-01   2.0329653e-01   3.6080577e+00   2.1529790e-04  -1.5945289e-03   1.9269886e-03
   1.1777300e-01   2.0363322e-01   3.6298889e+00   8.9287192e-04  -1.7272839e-03   1.3202776e-03
   1.0304380e-01   2.0862659e-01   3.6252844e+00   6.8300092e-04  -1.3496475e-03   2.0873511e-03
   1.1203066e-01   2.0044988e-01   3.6424242e+00   7.2726269e-04  -1.2568812e-03   1.9947972e-03
   9.3684060e-02   2.1421605e-01   3.6580155e+00   9.4602486e-04  -1.5101989e-03   2.2348049e-03
   9.5115724e-02   2.2100781e-01   3.6850944e+00   1.0800027e-03  -1.3487880e-03   2.1367159e-03
   1.0661922e-01   2.1347415e-01   3.6846354e+00   8.9596132e-04  -1.5131749e-03   1.6495777e-03
   1.0471182e-01   2.0571410e-01   3.6944609e+00   6.2047903e-04  -1.5513778e-03   1.9542160e-03
   1.0430780e-01   2.3299786e-01   3.6913881e+00   5.3302565e-04  -1.5310961e-03   1.8869483e-03
   8.1299514e-02   2.2368596e-01   3.7196489e+00   1.1931911e-03  -1.6892356e-03   2.2939767e-03
   8.6688878e-02   2.1159383e-01   3.7254775e+00   1.1595789e-03  -1.5539084e-03   2.4624549e-03
   9.4393583e-02   2.0619177e-01   3.7597009e+00   1.8434197e-03  -1.5644945e-03   2.3742078e-03
   9.1485048e-02   2.2447244e-01   3.7600020e+00   9.7844459e-04  -1.5472153e-03   2.0513112e-03
   1.0173537e-01   2.1291200e-01   3.7549112e+00   8.1008682e-04  -1.4308319e-03   1.9306913e-03
   1.0712518e-01   2.2489701e-01   3.7502325e+00   8.9009739e-04  -1.3018004e-03   1.8744773e-03
   9.4711190e-02   2.1635404e-01   3.7614342e+00   8.0407968e-04  -1.5709498e-03   2.1273029e-03
   1.0557447e-01   1.9819229e-01   3.7677484e+00   7.4862859e-04  -1.9339247e-03   1.7318436e-03
   1.0699778e-01   2.1461963e-01   3.7984524e+00   9.3601571e-04  -1.3717290e-03   2.0741052e-03
   9.8756658e-02   2.0473537e-01   3.8058843e+00   7.3861497e-04  -1.5554482e-03   2.4459820e-03
   9.2040721e-02   2.1043022e-01   3.8175504e+00   1.3765072e-03  -1.6199441e-03   2.3065111e-03
   1.0454567e-01   2.1975780e-01   3.8566343e+00   1.7899361e-03  -1.4957269e-03   2.0121864e-03
   1.1381621e-01   2.1560728e-01   3.8345346e+00   1.3634894e-03  -1.7174814e-03   1.9033202e-03
   9.9492102e-02   2.2913507e-01   3.8482178e+00   7.4237814e-04  -1.4144708e-03   2.3554834e-03
   1.0909892e-01   2.0803707e-01   3.8473077e+00   7.8470375e-04  -1.5992959e-03   2.2407027e-03
   1.0354737e-01   1.9327747e-01   3.8539845e+00   1.0251683e-03  -1.7888611e-03   1.9015945e-03
   1.0377997e-01   2.1150417e-01   3.8721695e+00   1.1910075e-03  -1.7301013e-03   1.8683660e-03
   1.1054149e-01   2.0111218e-01   3.8938709e+00   1.1645128e-03  -1.7400642e-03   2.0492979e-03
   1.0691092e-01   2.0201092e-01   3.8950517e+00   9.6089943e-04  -1.5894790e-03   2.3038648e-03
   1.1942316e-01   1.7790337e-01   3.9041962e+00   4.6136541e-04  -1.3041076e-03   1.8907190e-03
   1.1678210e-01   1.9902673e-01   3.9131982e+00   1.1727067e-03  -1.7496238e-03   1.8838369e-03
   1.0897569e-01   2.0635681e-01   3.9428934e+00   1.4848184e-03  -1.6684652e-03   2.0024882e-03
   9.9345220e-02   2.1093435e-01   3.9411540e+00   1.3855699e-03  -1.7323875e-03   2.1597583e-03
   1.1661190e-01   2.1756634e-01   3.9492772e+00   1.4364283e-03  -1.6699270e-03   2.1336123e-03
   1.1275773e-01   2.0548715e-01   3.9762347e+00   1.8681900e-03  -1.6740120e-03   1.8724866e-03
   1.1878779e-01   1.9810598e-01   3.9716650e+00   1.3722776e-03  -1.8968078e-03   1.6463260e-03
   1.2111760e-01   1.9232055e-01   3.9703759e+00   1.0214326e-03  -2.1571490e-03   1.8712497e-03
   9.6644473e-02   2.1718441e-01   4.0038109e+00   1.4710692e-03  -1.9916072e-03   2.2777289e-03
   1.0636843e-01   2.1704780e-01   4.0503612e+00   2.4650420e-03  -1.8801360e-03   2.2442771e-03
   9.6161402e-02   2.1439660e-01   4.0330704e+00   1.4599334e-03  -1.7087263e-03   2.3139347e-03
   1.1640667e-01   2.2219991e-01   4.0331482e+00   1.2924877e-03  -1.5287068e-03   1.7773837e-03
   1.0536917e-01   2.0931406e-01   4.0362554e+00   9.1452761e-04  -1.8906965e-03   2.1629147e-03
   1.2521205e-01   2.3035555e-01   4.0384502e+00   1.0660978e-03  -1.5341665e-03   1.9391352e-03
   1.0785288e-01   2.2374083e-01   4.0643814e+00   9.2912885e-04  -1.4941140e-03   2.2331073e-03
   1.0765238e-01   2.1941842e-01   4.0883938e+00   1.2130416e-03  -1.8100746e-03   1.9941777e-03
   9.1480812e-02   2.2066724e-01   4.0943804e+00   1.3440029e-03  -1.7158242e-03   2.3397791e-03
   1.0856995e-01   2.2912840e-01   4.0899864e+00   1.3338920e-03  -1.7118024e-03   2.0610411e-03
   1.0732837e-01   2.2875645e-01   4.0647421e+00   8.0766836e-04  -1.8053104e-03   2.0858925e-03
   9.8813058e-02   2.0463496e-01   4.0845836e+00   8.5080349e-04  -1.7771189e-03   2.6149833e-03
   8.6810815e-02   1.8939203e-01   4.0969515e+00   1.3070169e-03  -2.3126399e-03   2.3714447e-03
   1.6445088e-01   1.9648736e-01   3.9366402e+00   5.8334233e-04   9.2400429e-04   1.0097840e-03
   2.5075694e-01   1.5402612e-01   3.7608817e+00   4.2092795e-03   3.0560879e-03  -4.9182318e-04
   8.8385979e-02   1.5890364e-01   3.9205575e+00   6.8975393e-03  -5.9397385e-04   1.2895787e-03
   8.9185662e-02   1.9115277e-01   4.0834337e+00   3.7709995e-03  -3.0941669e-03   1.7026551e-03
   1.0137857e-01   1.9298317e-01   4.1189207e+00   2.8389154e-03  -3.2705310e-03   1.6554492e-03
   1.1523220e-01   1.9655549e-01   4.1586578e+00   2.0158293e-03  -2.8193493e-03   1.7594687e-03
   9.4229110e-02   1.9092037e-01   4.1919740e+00   1.8901920e-03  -2.5810025e-03   2.5495271e-03
   1.3312904e-01   1.8658833e-01   4.1918919e+00   1.4929646e-03  -2.0999581e-03   2.1729061e-03
   1.0866454e-01   2.0001109e-01   4.2022426e+00   1.3960692e-03  -2.5563791e-03   2.1428271e-03
   1.2436343e-01   2.0891033e-01   4.2424534e+00   2.3242360e-03  -1.9142993e-03   2.0631663e-03
   1.2366334e-01   1.8323355e-01   4.2511471e+00   1.9269030e-03  -2.2399137e-03   1.9097940e-03
   1.2891725e-01   2.0008002e-01   4.2570222e+00   1.4640786e-03  -1.9929071e-03   2.0197242e-03
   1.2728340e-01   2.1984947e-01   4.3008449e+00   2.6839414e-03  -2.2296655e-03   1.7734519e-03
   1.0790220e-01   2.0625971e-01   4.2998300e+00   1.5973094e-03  -1.7598046e-03   2.2244814e-03
   1.0490985e-01   1.9478959e-01   4.2932773e+00   1.3456810e-03  -2.0741031e-03   1.8385786e-03
   1.2379740e-01   2.0558633e-01   4.3150291e+00   1.7049635e-03  -2.1368762e-03   1.7980450e-03
   1.2443980e-01   2.0847007e-01   4.3285650e+00   1.4421421e-03  -2.0357269e-03   1.5619418e-03
   1.4083680e-01   2.1476551e-01   4.3367388e+00   1.5431596e-03  -1.7931871e-03   1.7059936e-03
   1.3027786e-01   2.1559625e-01   4.3235379e+00   8.1757656e-04  -2.1559103e-03   1.4073559e-03
   1.2564379e-01   1.9254623e-01   4.3708391e+00   1.6409544e-03  -2.2146041e-03   1.7651908e-03
   1.1552937e-01   2.1790044e-01   4.3649937e+00   1.2639635e-03  -2.0990974e-03   1.9975149e-03
   1.0643557e-01   2.1471013e-01   4.3743750e+00   1.1994415e-03  -2.0408229e-03   1.7140780e-03
   1.2314786e-01   2.4457829e-01   4.4086721e+00   1.4192212e-03  -1.8156121e-03   1.4512599e-03
   1.1379399e-01   2.0561507e-01   4.3649519e+00   4.5504819e-04  -1.9802040e-03   2.2507908e-03
   1.0751955e-01   2.0910748e-01   4.3883567e+00   1.2273071e-03  -2.1395790e-03   2.0404831e-03
   1.1720708e-01   2.1617108e-01   4.4137121e+00   1.1285251e-03  -1.8546817e-03   1.8597066e-03
   1.1028637e-01   2.1527495e-01   4.4262772e+00   1.0720824e-03  -2.1895710e-03   2.0686123e-03
   1.1702012e-01   2.1911134e-01   4.4393797e+00   1.2678545e-03  -1.9348324e-03   1.9307584e-03
   1.2069898e-01   2.1306413e-01   4.4562800e+00   1.1049217e-03  -2.1043846e-03   1.5788710e-03
   1.1882051e-01   2.2634834e-01   4.4382603e+00   5.8394496e-04  -1.8844161e-03   2.2866395e-03
   1.2070176e-01   2.2193172e-01   4.4594109e+00   6.6287476e-04  -1.9531795e-03   1.9672775e-03
   1.3828931e-01   2.2861033e-01   4.4484241e+00   3.9552891e-04  -1.7606230e-03   1.6433110e-03
   1.1839244e-01   2.1996548e-01   4.4767694e+00   1.1030342e-03  -1.9249719e-03   2.0750200e-03
   1.3689914e-01   2.3042964e-01   4.4863454e+00   8.2329244e-04  -1.2659654e-03   1.9221703e-03
   1.2325124e-01   2.0872701e-01   4.5178821e+00   1.1991048e-03  -1.7784887e-03   1.8078511e-03
   1.3219864e-01   2.2157757e-01   4.5103901e+00   8.6689816e-04  -1.8560908e-03   1.3711120e-03
   1.0962281e-01   2.3701988e-01   4.5389338e+00   1.5091379e-03  -2.5215008e-03   1.8170758e-03
   1.2170096e-01   1.9977133e-01   4.5225066e+00   1.0603477e-03  -2.3550034e-03   1.2869159e-03
   1.0991461e-01   2.2932993e-01   4.5225840e+00   1.3519730e-03  -2.5888622e-03   2.0098871e-03
   1.2682341e-01   2.2815474e-01   4.5494926e+00   1.0549964e-03  -2.3361179e-03   1.6624197e-03
   1.2489836e-01   2.3006252e-01   4.5543789e+00   1.4525964e-03  -2.5571510e-03   1.6927088e-03
   1.2174656e-01   2.4426941e-01   4.5713515e+00   1.3031222e-03  -2.0189228e-03   2.1096726e-03
   1.2866268e-01   2.0735856e-01   4.5773550e+00   8.7838047e-04  -1.9742761e-03   1.8787477e-03
   1.2180489e-01   2.2427253e-01   4.6016921e+00   1.3594148e-03  -1.8647889e-03   1.9726016e-03
   1.2199606e-01   2.0936179e-01   4.6171435e+00   1.1970830e-03  -2.0054744e-03   1.7012565e-03
   1.2903883e-01   2.0470022e-01   4.6090431e+00   9.8077751e-04  -2.3167851e-03   2.0460103e-03
   1.1277069e-01   2.1005665e-01   4.6387201e+00   1.5575434e-03  -2.5811899e-03   2.2310656e-03
   1.1517430e-01   2.1164923e-01   4.6439572e+00   1.4500494e-03  -2.6832457e-03   2.2546674e-03
   1.2438417e-01   2.2951832e-01   4.6444629e+00   1.4007053e-03  -2.2850174e-03   2.1371927e-03
   1.1232189e-01   2.0002396e-01   4.6469334e+00   9.9182650e-04  -1.7848245e-03   2.1145185e-03
   2.3589750e-01   2.5386964e-01   4.5017441e+00   3.3683807e-03   4.8517922e-03  -1.6232824e-04
   8.4627297e-02   1.5843981e-01   4.4382286e+00   5.4999185e-03  -3.0284854e-04   1.0428815e-03
   9.9610921e-02   1.4296939e-01   4.5393071e+00   2.5165872e-03  -2.8869414e-03   1.3637769e-03
   1.1389214e-01   1.7860173e-01   4.6235493e+00   2.5033185e-03  -2.3216881e-03   1.3668076e-03
   1.0245538e-01   2.0329022e-01   4.6626279e+00   1.5803728e-03  -2.4784853e-03   1.6781335e-03
   1.1890745e-01   1.8741385e-01   4.7122907e+00   1.3716757e-03  -1.8986750e-03   1.6295525e-03
   1.2287647e-01   2.0834226e-01   4.7180387e+00   1.2769658e-03  -2.4035613e-03   1.5149910e-03
   1.2060742e-01   2.1453545e-01   4.7117446e+00   1.1908020e-03  -2.4101016e-03   1.6249950e-03
   1.2602422e-01   2.3495611e-01   4.7303459e+00   1.3608371e-03  -2.3914871e-03   1.5001886e-03
   1.2834677e-01   2.2039245e-01   4.7306968e+00   9.9496741e-04  -2.4749608e-03   1.7185221e-03
   1.2425856e-01   2.3472131e-01   4.7380658e+00   8.7920807e-04  -2.4170896e-03   1.5597769e-03
   1.1937473e-01   2.0266435e-01   4.7783373e+00   1.7797329e-03  -2.2074798e-03   1.8017422e-03
   1.0803056e-01   2.1204730e-01   4.7823460e+00   1.5274981e-03  -2.4163321e-03   2.0569469e-03
   1.1734554e-01   2.1049211e-01   4.8091187e+00   1.7683153e-03  -2.3258815e-03   1.9226834e-03
   1.2660372e-01   2.2392646e-01   4.8024638e+00   1.5415714e-03  -2.2819602e-03   1.9485714e-03
   1.2204473e-01   2.1532116e-01   4.8134098e+00   1.6976793e-03  -2.3665672e-03   1.8135486e-03
   1.1376844e-01   2.2957923e-01   4.8245765e+00   8.3810137e-04  -2.6906437e-03   2.0970886e-03
   1.1366368e-01   2.0944863e-01   4.8408002e+00   1.4539320e-03  -2.4455000e-03   2.1020059e-03
   1.2826394e-01   2.0755943e-01   4.8498845e+00   1.2541629e-03  -2.1752402e-03   2.1769980e-03
   1.2686373e-01   2.0458385e-01   4.8565287e+00   1.0152744e-03  -2.2967296e-03   1.9403754e-03
   1.0274473e-01   2.0919405e-01   4.8472980e+00   7.5864087e-04  -2.5302775e-03   2.2007238e-03
   1.0388251e-01   2.0518654e-01   4.8714740e+00   1.2996239e-03  -2.7754808e-03   1.9956156e-03
   1.1945564e-01   1.9916129e-01   4.8847119e+00   1.2682612e-03  -2.8381552e-03   1.9115023e-03
   1.1663828e-01   2.3151872e-01   4.8955796e+00   1.3523143e-03  -2.6017647e-03   1.7905739e-03
   1.4464869e-01   2.4497110e-01   4.9030541e+00   1.0067636e-03  -1.8906102e-03   1.5919176e-03
   7.9389443e-02   3.4926747e-01   4.9152944e+00   1.3369242e-03  -3.0134993e-03   1.6864293e-03
   1.0751944e-01   2.2954319e-01   4.9291897e+00   1.5111752e-03  -2.8501568e-03   1.9300026e-03
   1.2181330e-01   2.2650634e-01   4.9546154e+00   1.5249534e-03  -2.4144008e-03   2.0441574e-03
   1.2149202e-01   2.3619206e-01   4.9543025e+00   1.2811343e-03  -2.3952818e-03   2.0292675e-03
   1.2031630e-01   2.3924584e-01   4.9652341e+00   1.0590715e-03  -2.0587302e-03   1.9696083e-03
   1.2559474e-01   2.3211520e-01   4.9587620e+00   1.0098537e-03  -2.2734698e-03   1.7905846e-03
   1.1817814e-01   2.3681407e-01   4.9944878e+00   1.9515201e-03  -2.6700157e-03   2.1361028e-03
   1.1641560e-01   2.1847561e-01   4.9890887e+00   1.9824077e-03  -2.4175498e-03   1.9081031e-03
   1.0747784e-01   2.0457457e-01   5.0110073e+00   1.5469817e-03  -2.7234253e-03   1.9448232e-03
   1.2780290e-01   2.3801874e-01   4.9970348e+00   1.3000513e-03  -2.5789719e-03   1.9142403e-03
   1.2564240e-01   2.2075747e-01   5.0220863e+00   2.1308870e-03  -2.7542187e-03   2.0492724e-03
   1.3131503e-01   2.3435362e-01   5.0233113e+00   2.1648904e-03  -2.6147112e-03   2.0124665e-03
   1.2018655e-01   2.2585542e-01   5.0042190e+00   1.1711230e-03  -2.8825931e-03   1.7215437e-03
   1.1906638e-01   2.3755525e-01   5.0265853e+00   1.5069144e-03  -2.7684676e-03   2.0650581e-03
   9.9505937e-02   2.4935760e-01   5.0519359e+00   2.0035713e-03  -3.0552462e-03   2.2716226e-03
   1.4248612e-01   2.4244983e-01   5.0670231e+00   2.2648783e-03  -2.3342971e-03   1.7926027e-03
   1.2815170e-01   2.2281628e-01   5.0858243e+00   2.1328463e-03  -2.5245361e-03   2.1363793e-03
   1.5000295e-01   2.2528636e-01   5.0785962e+00   1.4291081e-03  -2.7356614e-03   1.4438627e-03
   1.1896999e-01   2.2786412e-01   5.0825112e+00   1.5105101e-03  -2.8002371e-03   2.0535075e-03
   1.2845748e-01   2.3687358e-01   5.0928439e+00   1.4943008e-03  -2.5983025e-03   1.8599456e-03
   1.2411307e-01   2.4946705e-01   5.1082155e+00   1.6611467e-03  -2.6161083e-03   2.4036006e-03
   1.1973506e-01   2.2436844e-01   5.1403893e+00   2.0068612e-03  -2.9893197e-03   2.4849447e-03
   1.2951396e-01   2.1105787e-01   5.1279039e+00   1.4517260e-03  -2.6736519e-03   1.7704257e-03
   1.2163741e-01   2.2704218e-01   5.1555045e+00   2.1486570e-03  -2.8083860e-03   2.2242647e-03
   1.4284006e-01   2.2391983e-01   5.1408678e+00   8.9708713e-04  -2.6899820e-03   1.7687946e-03
   1.2141469e-01   2.1913693e-01   5.1602632e+00   1.2169127e-03  -2.9372998e-03   1.7983506e-03
   1.2533738e-01   2.2146244e-01   5.1948995e+00   2.0893475e-03  -2.7481365e-03   1.9842584e-03
   1.4549343e-01   2.3550486e-01   5.1879533e+00   2.0576932e-03  -2.5321831e-03   1.3754768e-03
   1.3155267e-01   2.2180643e-01   5.1942745e+00   1.6845403e-03  -2.6295707e-03   1.8695708e-03
   1.3035426e-01   2.5345741e-01   5.1832054e+00   4.9702393e-04  -2.1777803e-03   2.2054686e-03
   1.3278136e-01   2.6312038e-01   5.1949071e+00   1.0642000e-03  -2.5461721e-03   2.0573149e-03
   1.4369035e-01   2.3783966e-01   5.2190538e+00   1.8067925e-03  -2.3744975e-03   1.9611935e-03
   1.3273343e-01   2.3545846e-01   5.2434800e+00   2.1801233e-03  -2.2809368e-03   2.1101063e-03
   1.1050968e-01   2.5191311e-01   5.2601262e+00   1.8736942e-03  -2.5038041e-03   1.9836555e-03
   1.3638335e-01   2.2751168e-01   5.2658426e+00   1.6530843e-03  -2.3325026e-03   1.8625426e-03
   1.2068062e-01   2.2567112e-01   5.2651110e+00   1.8192024e-03  -2.3388870e-03   2.0733890e-03
   1.0139779e-01   2.4809264e-01   5.2841821e+00   2.3873998e-03  -2.8359088e-03   2.0317191e-03
   1.2444478e-01   2.3064792e-01   5.2957428e+00   1.7115240e-03  -2.5335839e-03   2.2297688e-03
   1.2686571e-01   2.3956753e-01   5.2947293e+00   1.4616992e-03  -2.8418020e-03   2.1420995e-03
   1.3040267e-01   2.3380374e-01   5.3138614e+00   1.6439314e-03  -2.3186800e-03   2.1872918e-03
   1.2906181e-01   2.3210587e-01   5.3362805e+00   1.7669847e-03  -2.0859819e-03   2.1753710e-03
   1.4765547e-01   2.3516973e-01   5.3289267e+00   1.2427462e-03  -2.1370568e-03   1.6008941e-03
   1.3267636e-01   2.3690096e-01   5.3455516e+00   1.0886671e-03  -2.1836982e-03   1.8597296e-03
   1.2946394e-01   2.3064072e-01   5.3488430e+00   1.1398957e-03  -2.1490011e-03   2.1892119e-03
   1.2538991e-01   2.2560336e-01   5.3569206e+00   1.6493418e-03  -2.6621393e-03   2.2306012e-03
   1.2528871e-01   2.5669901e-01   5.3541431e+00   1.1375080e-03  -2.1316830e-03   2.2673956e-03
   2.5285970e-01   3.1501659e-01   5.1728038e+00   3.6286755e-03   2.0514535e-03  -1.2204852e-03
   2.7504262e-01   2.5668841e-01   4.7057443e+00   1.1881932e-02   4.6275552e-03  -8.5680844e-04
   1.0145490e-01   1.6642119e-01   4.7999589e+00   4.6979859e-03   1.8623258e-04   1.3430081e-03
   1.0516802e-01   1.4835564e-01   5.1870942e+00   2.2116027e-03  -2.7576594e-03   2.7723523e-03
   1.2895776e-01   1.7267531e-01   5.2376166e+00   3.0309250e-04  -2.7518032e-03   2.5122109e-03
   1.5633100e-01   1.9585466e-01   5.3141591e+00   6.6439948e-04  -2.3319071e-03   1.7586217e-03
   1.5386091e-01   2.0016986e-01   5.3495188e+00   6.9914139e-04  -1.8495815e-03   2.0130664e-03
   1.6016194e-01   1.9818024e-01   5.3820777e+00   1.3632383e-03  -1.3678016e-03   2.1005809e-03
   1.6451026e-01   2.0706790e-01   5.3856641e+00   6.6341918e-04  -1.7622240e-03   1.9181636e-03
   1.5604347e-01   2.1561939e-01   5.4055116e+00   7.1777149e-04  -1.5725564e-03   2.1266001e-03
   1.7728852e-01   1.9957287e-01   5.4230108e+00   7.3120178e-04  -1.5839373e-03   1.8054056e-03
   1.7605603e-01   2.0834185e-01   5.4467734e+00   1.2419030e-03  -1.3327363e-03   1.9792051e-03
   1.6492564e-01   2.2136305e-01   5.4175274e+00   7.2486828e-04  -1.5711965e-03   1.5517707e-03
   1.4716536e-01   2.2286856e-01   5.4258898e+00   6.8059475e-04  -1.8763928e-03   1.8048360e-03
   1.7406156e-01   2.3050744e-01   5.4504378e+00   1.0891907e-03  -1.4279711e-03   1.6982450e-03
   1.7101039e-01   2.2575257e-01   5.4756362e+00   6.0833402e-04  -1.2269261e-03   1.6366555e-03
   1.6005085e-01   2.3340497e-01   5.4991453e+00   1.0184608e-03  -1.4853133e-03   1.6729886e-03
   1.6831333e-01   2.2614952e-01   5.5111589e+00   1.2089284e-03  -1.0872363e-03   1.7401378e-03
   1.6595448e-01   2.0500941e-01   5.4777500e+00   4.6914729e-04  -2.0122356e-03   1.6897891e-03
   1.4356175e-01   2.2154429e-01   5.5278930e+00   1.2217161e-03  -1.8996590e-03   2.6504721e-03
   1.6596072e-01   2.3560336e-01   5.5438950e+00   5.4906198e-04  -1.9688235e-03   1.4309352e-03
   1.5158216e-01   2.2694881e-01   5.5307427e+00   9.9476850e-04  -1.9236273e-03   2.1021320e-03
   1.7567338e-01   2.2205868e-01   5.5255416e+00   6.1221293e-04  -1.8616934e-03   1.7664382e-03
   1.5690644e-01   2.2786392e-01   5.5338351e+00   7.4834646e-04  -2.1111593e-03   1.8879868e-03
   1.6382258e-01   2.4239715e-01   5.5531117e+00   1.3481244e-03  -2.0353158e-03   1.7560352e-03
   1.7029817e-01   2.4666750e-01   5.5671722e+00   9.2500127e-04  -1.5625209e-03   1.6962312e-03
   1.6533062e-01   2.3967527e-01   5.5469326e+00   3.7094180e-04  -1.6142412e-03   1.5577081e-03
   1.5718158e-01   2.3571935e-01   5.5741106e+00   7.6258623e-04  -1.6889863e-03   1.8622216e-03
   1.5167939e-01   2.4648744e-01   5.5855594e+00   1.0385331e-03  -1.8432091e-03   1.9156398e-03
   1.5356063e-01   2.4630216e-01   5.5875152e+00   1.3941416e-03  -1.7361520e-03   2.1636962e-03
   1.6046124e-01   2.5108517e-01   5.5885058e+00   1.4194385e-03  -2.1697857e-03   2.1667191e-03
   1.5990132e-01   2.3021874e-01   5.6195215e+00   1.4351415e-03  -2.1316791e-03   1.8128656e-03
   1.6392896e-01   2.4147866e-01   5.6373163e+00   1.3572660e-03  -1.9212403e-03   1.7433724e-03
   1.7006042e-01   2.3476300e-01   5.6343075e+00   8.2595343e-04  -1.9679219e-03   1.6901981e-03
   1.6574972e-01   2.4401258e-01   5.6546297e+00   1.0828244e-03  -1.6542003e-03   2.0136376e-03
   1.5588143e-01   2.4269461e-01   5.6530123e+00   8.1112516e-04  -2.1985229e-03   2.0056461e-03
   1.6007832e-01   2.4383098e-01   5.6756876e+00   1.2260118e-03  -2.4848133e-03   1.8473792e-03
   1.6467406e-01   2.4684260e-01   5.6658093e+00   1.4008232e-03  -1.8360186e-03   2.1036582e-03
   1.7616058e-01   2.5115784e-01   5.7004424e+00   1.6095307e-03  -1.6929316e-03   1.4599931e-03
   1.6573698e-01   2.4937384e-01   5.6810819e+00   1.1685082e-03  -1.8671197e-03   2.1942955e-03
   1.7784843e-01   2.5482371e-01   5.6907197e+00   9.9354056e-04  -2.0846630e-03   1.5060018e-03
   1.7014586e-01   2.3695592e-01   5.7113115e+00   1.0465335e-03  -2.4830517e-03   1.4854928e-03
   1.6456195e-01   2.4051434e-01   5.7349734e+00   1.5569430e-03  -2.2605110e-03   1.6064706e-03
   1.4945354e-01   2.2251646e-01   5.7552537e+00   1.2016665e-03  -2.8030019e-03   1.4056324e-03
   1.5646488e-01   2.3421436e-01   5.7891352e+00   1.9964019e-03  -2.3893673e-03   2.0645209e-03
   1.5023504e-01   2.5273518e-01   5.7643312e+00   1.6855696e-03  -2.7096275e-03   1.9240400e-03
   1.6786199e-01   2.4828292e-01   5.8011703e+00   1.7120368e-03  -2.1976377e-03   2.2209454e-03
   1.7107017e-01   2.3899345e-01   5.7990433e+00   1.4942976e-03  -2.0643319e-03   1.8167320e-03
   1.8100533e-01   2.5526574e-01   5.7903499e+00   1.5667473e-03  -2.0594371e-03   1.7087183e-03
   1.6898366e-01   2.2733906e-01   5.7937256e+00   1.3469915e-03  -2.2608982e-03   1.6996304e-03
   1.6468258e-01   2.3720252e-01   5.7923038e+00   9.9467793e-04  -2.2210152e-03   1.9107073e-03
   1.6995064e-01   2.2752538e-01   5.8171504e+00   9.2106764e-04  -2.0657702e-03   1.6667761e-03
   1.5927584e-01   2.4007483e-01   5.8218185e+00   7.6304830e-04  -2.6206042e-03   1.8369502e-03
   1.6106859e-01   2.5197011e-01   5.8518618e+00   1.3309292e-03  -2.2960333e-03   1.8845604e-03
   1.6761535e-01   2.5240359e-01   5.8459680e+00   1.0381982e-03  -1.9593074e-03   2.0016116e-03
   1.7152389e-01   2.6428530e-01   5.8526015e+00   1.3825586e-03  -2.1021047e-03   1.9504377e-03
   1.7810974e-01   2.4843247e-01   5.8623837e+00   1.1555124e-03  -2.1036959e-03   2.0370974e-03
   1.7287471e-01   2.5615743e-01   5.8966376e+00   1.4554665e-03  -2.0333129e-03   2.0015250e-03
   1.7370534e-01   2.5098280e-01   5.8793881e+00   9.0039702e-04  -2.1247187e-03   1.8631004e-03
   1.6440510e-01   2.3516937e-01   5.9045528e+00   1.1109292e-03  -2.1483893e-03   1.7884570e-03
   1.6928037e-01   2.5084593e-01   5.8823717e+00   6.8126397e-04  -2.2004877e-03   1.7344314e-03
   1.9726144e-01   2.5994137e-01   5.9198888e+00   1.4092043e-03  -2.0741129e-03   1.4021335e-03
   1.6269461e-01   2.3638754e-01   5.9181033e+00   9.7449056e-04  -2.1171145e-03   1.9678091e-03
   1.6969222e-01   2.5534185e-01   5.9564692e+00   1.9518875e-03  -1.9316478e-03   1.8742500e-03
   1.6592806e-01   2.6669786e-01   5.9526017e+00   1.9234412e-03  -2.5862202e-03   1.9106884e-03
   1.6994231e-01   2.5255564e-01   5.9577799e+00   1.9158538e-03  -2.1803455e-03   1.7501515e-03
   1.7675004e-01   2.4927644e-01   5.9738623e+00   2.1120913e-03  -2.2504272e-03   1.9019947e-03
   1.8314333e-01   2.5905655e-01   5.9611551e+00   1.2229599e-03  -2.1326644e-03   1.9203359e-03
   1.6933019e-01   2.5520737e-01   5.9768907e+00   1.5686316e-03  -2.5753842e-03   1.9299880e-03
   2.9678840e-01   2.9653950e-01   5.7622475e+00   3.3942354e-04   2.8648912e-03  -1.1240586e-03
   2.4491082e-01   1.9681275e-01   5.5843189e+00  -1.4554737e-04   2.3336653e-03   5.1373474e-04
   1.4720848e-01   1.8516377e-01   5.5528860e+00   4.6914028e-03  -4.3419290e-04   1.4446843e-03
   1.3759729e-01   2.0231001e-01   5.9063758e+00   3.5121125e-03  -2.3383083e-03   2.1369467e-03
   1.5231471e-01   2.0100895e-01   5.9515155e+00   1.8785009e-03  -2.7158744e-03   1.8602097e-03
   1.5672886e-01   2.2462384e-01   6.0086649e+00   2.2162578e-03  -2.0432016e-03   2.3048339e-03
   1.7144830e-01   2.3359271e-01   6.0210798e+00   1.5952223e-03  -1.9501959e-03   1.8727772e-03
   1.7213926e-01   2.3521083e-01   6.0306438e+00   1.6388473e-03  -1.9698760e-03   1.7728219e-03
   1.6864360e-01   2.4465554e-01   6.0479970e+00   1.8136596e-03  -1.9485340e-03   2.2665096e-03
   1.7371906e-01   2.4604490e-01   6.0413558e+00   1.6782773e-03  -2.0744559e-03   1.9727467e-03
   1.7596385e-01   2.4632359e-01   6.0397497e+00   1.8119523e-03  -2.5935836e-03   2.0294238e-03
   1.7291727e-01   2.3904353e-01   6.0440572e+00   1.9698392e-03  -2.4708212e-03   2.0982949e-03
   1.6900660e-01   2.7041272e-01   6.0664011e+00   3.6126985e-03  -2.2560007e-03   2.1877023e-03
   1.6663584e-01   2.8853189e-01   5.9919795e+00   2.5876136e-03  -2.0589498e-03   1.5871446e-03
   1.7931658e-01   3.2080562e-01   5.9947361e+00   3.7357314e-03  -7.2711310e-04   1.0731898e-03
   1.8677835e-01   3.0794775e-01   5.9530126e+00   2.8416556e-03  -1.0428370e-03   8.6116482e-04
   1.9136833e-01   2.7437590e-01   6.0534881e+00   2.5120264e-03  -8.8097144e-04   1.6881134e-03
   1.7249867e-01   2.4998401e-01   6.0767404e+00   1.1864970e-03  -1.3650954e-03   1.8704896e-03
   1.9442762e-01   2.6518952e-01   6.1076809e+00   1.6252167e-03  -1.2492907e-03   1.7897623e-03
   1.8546825e-01   2.8337055e-01   6.1110520e+00   1.7814646e-03  -1.2912171e-03   1.7987686e-03
   1.7243419e-01   2.8028291e-01   6.1510909e+00   2.6551707e-03  -1.7835973e-03   1.7451250e-03
   1.8080306e-01   2.6836615e-01   6.1505330e+00   2.4670644e-03  -1.3552978e-03   1.8084823e-03
   1.8874662e-01   2.7732325e-01   6.1965854e+00   2.5412312e-03  -7.2443444e-04   1.6002176e-03
   2.0958358e-01   2.6729646e-01   6.1827374e+00   1.7563821e-03  -8.9997550e-04   1.0500464e-03
   1.8788334e-01   2.7449387e-01   6.2188916e+00   2.0076774e-03  -1.0272931e-03   1.4092585e-03
   1.7441094e-01   2.9180821e-01   6.2338456e+00   2.4706761e-03  -1.3399614e-03   1.6887267e-03
   1.8313543e-01   2.7791190e-01   6.2508124e+00   2.7178555e-03  -1.4089036e-03   1.4276851e-03
   1.8904173e-01   2.5793562e-01   6.2188564e+00   1.9804357e-03  -1.2716281e-03   1.6235754e-03
   1.7480668e-01   2.9273500e-01   6.2257810e+00   1.9259974e-03  -1.3349879e-03   1.7431965e-03
   1.7804567e-01   2.7758031e-01   6.2513268e+00   1.6871856e-03  -1.5472705e-03   1.5347144e-03
   1.7657790e-01   2.9551369e-01   6.2251609e+00   1.2034298e-03  -1.5197982e-03   1.6330292e-03
   1.7550533e-01   2.8991341e-01   6.2826342e+00   2.4999497e-03  -1.3180463e-03   1.9164947e-03
   1.8716613e-01   2.8510137e-01   6.2796081e+00   2.1811900e-03  -1.2266835e-03   1.7517645e-03
   1.7350679e-01   2.7511664e-01   6.3044002e+00   2.4244742e-03  -1.6947401e-03   1.7556093e-03
   1.8920830e-01   3.0496509e-01   6.2955843e+00   2.1981503e-03  -1.2450114e-03   1.9160108e-03
   1.7699104e-01   2.8401385e-01   6.3127039e+00   1.8799679e-03  -1.3540110e-03   1.8167634e-03
   1.7145801e-01   2.8715962e-01   6.3245155e+00   2.3389309e-03  -1.6557951e-03   1.7971800e-03
   1.8565130e-01   2.8643996e-01   6.3196252e+00   2.3831507e-03  -1.3289084e-03   1.9584866e-03
   1.8277899e-01   2.8967067e-01   6.3308175e+00   2.7078420e-03  -1.5180620e-03   1.7993472e-03
   1.7964773e-01   2.8650516e-01   6.3673507e+00   2.9780024e-03  -1.4603161e-03   1.6223912e-03
   1.7650496e-01   2.8056469e-01   6.3717779e+00   2.7210998e-03  -1.6633591e-03   1.5542937e-03
   1.8522349e-01   2.9118677e-01   6.3815537e+00   2.6240632e-03  -1.6674610e-03   1.7672633e-03
   1.7829425e-01   2.9891779e-01   6.3729948e+00   2.7799451e-03  -1.7542937e-03   1.8699994e-03
   1.7772221e-01   2.6301036e-01   6.3845991e+00   2.2297251e-03  -1.7842971e-03   1.9032039e-03
   1.7473232e-01   2.8637202e-01   6.3988319e+00   1.9481208e-03  -1.4179860e-03   1.9318917e-03
   1.6839802e-01   2.9470396e-01   6.3905062e+00   1.6817195e-03  -2.2039941e-03   2.1189896e-03
   1.7979557e-01   2.8156084e-01   6.4035992e+00   2.0663052e-03  -1.7347290e-03   1.9991253e-03
   1.8340754e-01   2.8418137e-01   6.4233757e+00   2.7388576e-03  -1.6021561e-03   2.0829166e-03
   1.8388788e-01   2.7514521e-01   6.4513670e+00   2.9090265e-03  -1.6714983e-03   2.0146487e-03
