   0.0000000e+00   1.4210855e-14   6.3292011e-15  -2.2823042e-18   1.9788975e-18   4.5164460e-36
   1.8138340e-02   2.4318825e-02  -8.4415545e-02  -2.9841933e-04  -3.6175778e-04  -8.7094235e-04
  -2.5822958e-02   1.6258414e-02  -5.3564623e-02   2.1318028e-04  -3.3745852e-04  -1.2143547e-05
   1.2408605e-02  -1.2019452e-03  -3.7624788e-03   2.6443068e-05  -6.0223508e-04  -3.5443553e-04
  -8.0912294e-03   4.5193767e-02   9.5802913e-03   9.5356093e-04   1.0982310e-04   1.7236084e-04
  -1.5907623e-02  -8.5333600e-04  -1.0294226e-01  -5.2615064e-04  -3.1353387e-04   1.4091589e-04
  -7.4455185e-03  -2.1961919e-02  -8.2901161e-02  -8.9747391e-05   3.5577752e-04  -7.1020208e-05
  -2.3864950e-02  -2.2676786e-02  -7.1217824e-02   7.0044310e-05  -6.8647075e-04  -1.8799807e-04
  -2.8686174e-02  -6.1586732e-03  -7.7416287e-02  -7.4232577e-05  -2.9811321e-04   2.4995264e-04
  -2.4438900e-02   3.5842423e-02  -1.0512875e-01  -3.3075192e-04  -1.5470198e-04   4.2354462e-04
  -1.1103521e-02   1.3150480e-02  -8.3669755e-02   4.4095691e-04  -7.4740751e-04  -8.6670704e-05
  -2.8447626e-02   1.8425498e-03  -7.0303127e-02  -4.1572288e-04  -9.0571861e-04   3.4649565e-04
  -3.1409230e-02  -6.4568426e-03  -6.6142625e-02   1.0435086e-03  -5.9399735e-04  -1.5557586e-05
  -3.6878140e-02   1.5412464e-02  -7.2650788e-02   2.2535842e-04  -4.7306723e-04   1.2049054e-05
  -2.4873716e-02   1.4648775e-02  -3.3665367e-02   7.9458143e-04   7.4182698e-05   4.2200275e-04
  -7.8860846e-03  -6.6244193e-03  -1.1165302e-01  -3.0927990e-04   6.1161496e-04   4.8435135e-04
  -2.5806013e-02  -5.9621002e-03  -6.4515559e-02   5.6536063e-04  -6.8255518e-04  -4.2088185e-05
  -3.0445459e-02  -9.3691129e-03  -3.3484288e-02   1.9484718e-05  -1.3393867e-03  -3.9081743e-05
  -3.3960758e-02   2.5171611e-03  -5.4791810e-02  -1.5905129e-05  -2.7869773e-04   4.7372198e-04
  -5.8225133e-02  -4.4249499e-02  -7.2561474e-02   8.4919777e-04  -6.8037236e-04   9.3753458e-04
  -2.9071215e-02   2.1930354e-02  -5.0483924e-02   7.6061813e-04   5.7418072e-04   4.0803372e-04
  -4.5263768e-02  -2.4649708e-02  -1.1186146e-01  -3.8831863e-04  -5.8954335e-05   2.2635734e-04
  -5.2260000e-02  -2.9233531e-02  -5.2286423e-02  -6.7970086e-06  -8.3914368e-04  -9.5221107e-06
  -6.7492533e-02  -3.6782336e-02  -3.4940883e-03   9.4454871e-04  -1.7642406e-04   3.8908671e-04
  -3.6474061e-02  -2.0739447e-03  -1.0145634e-02   1.0998416e-03   1.2558554e-04  -1.8224430e-04
  -6.3453524e-02  -2.3152139e-02  -9.1965609e-02   3.2082516e-05   2.8690068e-04   9.6127264e-04
  -5.3925855e-02  -2.0402015e-02  -6.7097369e-02   8.0289506e-05  -7.9175640e-04   2.3221737e-04
  -6.9041642e-02  -1.5200955e-02  -4.9904299e-02  -1.2906369e-04  -8.3526078e-04   5.1003267e-04
  -5.1286731e-02   4.5034200e-03  -3.1418597e-02   6.3304301e-04   1.5189379e-04  -1.5126922e-06
  -4.8026894e-02  -2.2808949e-02  -3.2642473e-02   3.7969689e-04  -1.4334243e-04   2.5396812e-04
  -5.6831680e-02  -4.1809444e-02  -1.7764832e-02   8.8054342e-05  -3.6900500e-04   3.5304815e-04
  -3.3850583e-02  -2.6235892e-02  -4.0176245e-02  -3.9991900e-04  -4.9564563e-04  -9.4776546e-04
  -4.3989530e-02  -4.7588798e-02  -7.0408256e-02  -6.9415669e-04  -6.2331657e-04  -3.7429411e-04
  -5.7324851e-02  -1.3815577e-02  -8.1079250e-03   8.7634929e-04  -1.6777953e-04   6.0170612e-04
  -4.9422507e-02  -1.0759221e-02  -5.2341354e-02  -1.0985184e-04  -4.4849881e-04  -4.3106059e-04
  -7.6283311e-02  -1.6598866e-02  -1.9151397e-02   3.4243367e-04  -7.9514362e-04   3.0939363e-04
  -6.9896554e-02  -1.4418481e-02   1.3288000e-02   8.2017883e-05  -9.1192975e-04   5.1804736e-06
  -4.1665045e-02  -7.2827371e-04   1.0265716e-02   5.1002132e-05  -1.0921795e-03  -4.0223636e-04
  -6.3976703e-02  -3.6251899e-02  -3.2256488e-02  -3.9972962e-04  -8.3865279e-04  -9.5487198e-05
  -7.7350186e-02  -2.7506026e-02   1.5969479e-03   1.6701907e-04  -3.9940062e-04   2.9388610e-05
  -5.9626020e-02   6.1861580e-03   9.9249215e-03   1.3265758e-03  -3.4856439e-04  -5.9997269e-04
  -8.7827921e-02  -4.1787088e-02   4.3704217e-02   4.9084732e-04  -8.7078659e-04   1.0975016e-04
  -7.9500811e-02  -2.3968735e-02   6.6586065e-02   9.2755969e-04  -8.0291457e-04  -1.9968011e-04
  -4.0464508e-02  -3.1713849e-02   7.5728838e-03  -1.8404222e-04  -1.4370280e-03  -8.0969285e-04
  -6.5433684e-02  -2.8923380e-02   1.5720657e-02   1.6049297e-04  -1.1222683e-03   1.0138647e-04
  -9.7293158e-02  -4.8101156e-02   8.2700475e-02   9.3987454e-04  -6.0081124e-04   3.3567261e-04
  -6.3794002e-02  -7.6689375e-03   2.0859410e-02  -7.2405439e-05  -1.2291511e-03  -5.4649513e-04
  -8.1075322e-02   4.6993513e-04   4.3115355e-02   3.1371892e-04  -9.1904483e-04  -2.3037362e-04
  -8.5907143e-02   4.6586843e-04   1.2512733e-01   1.4954383e-03  -6.1653829e-04  -1.0539869e-05
  -7.2998111e-02   1.3974083e-02   5.8241803e-02   2.2985092e-04  -7.9366212e-04  -2.4075963e-04
  -8.9988341e-02  -1.0682358e-02   2.3361534e-02   2.0204171e-05  -6.8292688e-04  -1.6677187e-04
  -9.8876018e-02  -5.1557984e-02   3.4479476e-02   4.3210056e-04  -4.9853579e-04  -2.6164714e-04
  -1.2686092e-01  -1.8684880e-02   1.0732494e-01   1.5195628e-03  -1.0531602e-03   4.3107737e-04
  -1.0060404e-01  -2.6327735e-02   1.0168134e-01   2.7686805e-04  -1.5032515e-03  -5.6003865e-05
  -9.3355996e-02  -3.7957592e-02   1.3092968e-01   7.3140049e-04  -3.0366798e-04   3.2502053e-04
  -8.1821257e-02  -3.4910604e-02   9.3844277e-02   6.2933578e-04  -6.3900626e-04  -1.7343224e-04
  -1.1936608e-01  -3.9160480e-02   8.8659873e-02   2.5471305e-04  -4.2410040e-05   7.8673328e-04
  -1.1928370e-01  -7.3038819e-03   1.7056930e-01   1.3310563e-03  -4.8295172e-04   1.0834600e-03
  -1.1512213e-01  -3.6352945e-02   1.7322106e-01   1.0845372e-03  -6.6205091e-04   9.5560758e-04
  -1.0790102e-01  -2.7154967e-02   1.0283019e-01   3.0435651e-04  -1.5881524e-03  -9.6035186e-05
  -9.7148935e-02  -1.0726214e-02   8.0690485e-02   2.9421763e-04  -7.2651309e-04   9.2488851e-05
  -7.9858809e-02  -2.4768533e-02   1.1647738e-01   1.5667897e-04  -3.7576930e-04  -1.1380892e-04
  -1.0783157e-01  -3.5974737e-02   1.0723151e-01  -4.8094133e-04  -8.5066166e-04  -5.0542956e-04
  -1.0999519e-01  -5.0195569e-02   1.5413587e-01   5.8662187e-04  -4.4738968e-04   3.2206565e-04
  -9.8686570e-02  -4.7612561e-02   1.9764815e-01   1.0526327e-03  -1.4567628e-03  -2.5580754e-04
  -1.0211024e-01  -1.1930918e-02   1.4143477e-01  -2.9243631e-04  -5.8611246e-04  -1.0366953e-04
  -8.9158105e-02  -3.2841421e-02   1.4176130e-01   2.5908295e-04  -3.5211001e-04  -6.4356270e-04
  -1.1833735e-01  -2.8930927e-02   1.6783908e-01   1.2986729e-04  -4.9245894e-04   1.0970543e-03
  -1.1088658e-01  -7.0695682e-03   2.2684792e-01   7.3633504e-04  -3.3487876e-04   2.0485648e-04
  -1.2540616e-01  -1.6834758e-02   1.9817733e-01   2.3582128e-04  -1.6935297e-03   5.2001299e-04
  -1.0424069e-01  -4.9274938e-02   1.4785428e-01  -7.8457144e-04  -3.4529105e-04   4.4609369e-05
  -1.1580836e-01  -1.5604669e-01   1.9731429e-01  -5.7250700e-04  -3.0681692e-04  -1.5934046e-04
  -1.2510935e-01  -3.6895495e-02   2.8432118e-01   3.6767179e-04  -1.2009293e-03   2.1814872e-04
  -9.7195952e-02  -2.4936020e-02   2.5008289e-01   2.7093091e-04  -7.4030288e-04  -4.5391339e-04
  -1.0854446e-01  -4.4426705e-02   2.3205056e-01  -1.5361144e-04  -6.0726381e-04  -1.7552764e-04
  -1.5854392e-01  -4.2448553e-02   2.8653293e-01   7.8286993e-04  -1.0648386e-03   1.1776993e-03
  -9.3833064e-02  -3.4147768e-02   2.7389481e-01   4.0323140e-04  -5.4644167e-04   2.1762155e-05
  -1.2663540e-01  -7.0072170e-03   2.6445771e-01   9.9710233e-05  -8.6394417e-04   5.2297049e-05
  -1.2362466e-01  -3.2749658e-02   2.7253913e-01   1.6822582e-04  -1.2053184e-03   5.6506490e-05
  -1.2510834e-01  -5.9213952e-02   2.7085507e-01  -2.5138485e-04  -6.4352984e-04   1.3540799e-04
  -1.3294746e-01  -1.5565884e-03   2.7915692e-01  -1.9823899e-04  -1.3184043e-03  -6.3874423e-06
  -9.1149273e-02  -3.2801044e-02   2.4815736e-01  -3.7697849e-04  -5.9373156e-04  -9.4208105e-04
  -1.5097835e-01  -5.0792414e-02   2.7138721e-01  -1.2546977e-04  -6.4096688e-04   4.1021175e-04
  -1.7369216e-01  -4.7532804e-02   3.5091904e-01   1.2019001e-03  -1.6042749e-03   1.2152533e-03
  -1.3565040e-01  -2.0686006e-02   2.8010069e-01  -3.2557359e-04  -6.1906293e-04   7.2241879e-04
  -1.2204743e-01  -1.9150623e-02   2.6331197e-01  -6.9709457e-04  -5.0353061e-04  -2.0534316e-05
  -1.2897990e-01  -2.8883597e-03   2.9650112e-01  -7.0466279e-04  -5.0024874e-04   3.7040574e-04
  -1.2549446e-01  -1.5316497e-02   3.9580742e-01   6.3264100e-04  -2.7531678e-04   3.1408600e-04
  -1.4328306e-01  -1.8258152e-02   4.4237712e-01   1.4281042e-03  -7.5045151e-04   3.3803599e-04
  -1.2519479e-01  -2.5294311e-02   3.5042875e-01  -1.9681447e-04  -8.3295406e-04   1.7353614e-04
  -1.6331766e-01  -1.5977851e-02   3.5695625e-01   9.4086778e-05  -8.2669382e-04   5.6064062e-04
  -1.2257047e-01  -1.3110143e-02   3.8482828e-01  -5.7152916e-05  -5.6463350e-04  -7.7733600e-05
  -1.2099354e-01  -2.2227176e-02   4.7066845e-01   8.2097332e-04  -1.8174253e-04  -1.6648508e-04
  -1.4879806e-01  -2.2461069e-02   5.1972706e-01   1.1932744e-03  -1.3017655e-03   2.3452529e-04
  -1.5447554e-01  -5.8517323e-03   5.1703337e-01   8.9467654e-04  -1.3000935e-03   2.7963655e-05
  -1.4474747e-01  -1.0192600e-02   5.5319584e-01   1.1080083e-03  -1.0466751e-03  -9.0636447e-05
  -1.1439487e-01  -3.9930523e-03   5.0460607e-01   5.2866222e-04  -1.2816528e-03  -4.8063274e-04
  -1.3060262e-01  -4.1329307e-03   4.1556767e-01  -3.7788982e-04  -1.7282621e-04   7.1019036e-05
  -1.4108268e-01  -3.5450858e-02   4.3258341e-01  -5.5287053e-04  -2.2923723e-04   1.9676724e-04
  -1.4646693e-01  -5.2391191e-02   5.0202931e-01   5.5570738e-04   1.6892322e-04   4.6130931e-04
  -1.3619048e-01   3.5626028e-02   6.2267478e-01   2.3087755e-03  -5.1665532e-04   1.8351749e-04
  -1.1711718e-01  -1.2800369e-02   5.3641174e-01   1.1669096e-03  -6.1863495e-05   1.1025381e-04
  -1.5720625e-01   5.0007740e-03   5.0507311e-01   3.3278228e-04  -8.3896420e-04   5.4528030e-04
  -1.2143712e-01  -3.8195943e-02   4.8809039e-01  -6.7025987e-05  -2.5026147e-04   1.3750587e-04
  -1.5847999e-01  -3.3373075e-03   5.3502973e-01  -2.2471084e-04  -1.9257814e-03   3.0122916e-04
  -1.4241898e-01   3.0885974e-02   6.1656861e-01   1.1151241e-03  -6.5834199e-04   5.3605125e-04
  -1.2926628e-01  -7.7143926e-03   5.4520855e-01   1.5651065e-04  -7.6256149e-04  -1.3830242e-05
  -1.5182959e-01   1.3906969e-02   5.7657567e-01   3.7083649e-04  -5.4982767e-04  -2.7331676e-04
  -1.2747142e-01   5.6944914e-03   6.7399373e-01   1.8389552e-03  -6.1343784e-04   3.5639360e-04
  -1.5929876e-01  -7.5479870e-03   6.7768424e-01   1.4392370e-03  -5.0435425e-04   7.6235007e-04
  -1.1301926e-01   3.7775925e-03   7.0337065e-01   2.0873440e-03  -6.1293487e-04  -7.1782477e-04
  -1.2900267e-01   2.0238795e-02   6.2759935e-01   5.1561984e-04  -6.9440288e-04  -1.4661999e-04
  -1.7382413e-01  -9.5060700e-03   6.1988129e-01   6.5488034e-04  -1.1647485e-03   1.9263956e-04
  -1.3808924e-01   9.2359383e-03   6.1559580e-01  -6.8996109e-05  -3.4430662e-04   2.3058371e-04
  -1.3927584e-01   1.1070151e-02   6.9632999e-01   1.4075661e-03  -7.2681326e-04   1.3191828e-05
  -1.4221265e-01  -2.0835065e-02   7.6142285e-01   1.5390896e-03  -1.1903362e-03   5.4784697e-04
  -1.3795145e-01   2.1030052e-02   7.8521746e-01   2.0530462e-03  -5.0985943e-04  -3.0533750e-04
  -1.4237674e-01   3.6095623e-02   8.1410230e-01   1.8688601e-03  -7.7447974e-04   9.8774298e-05
  -1.5613921e-01   7.2995832e-03   7.4157561e-01   9.5263433e-04  -5.9627230e-04   1.5546032e-04
  -1.5149000e-01   1.7630696e-02   6.7424311e-01  -5.2892822e-04  -4.6917314e-04   6.1611422e-04
  -1.5058231e-01   1.1154610e-02   7.5805320e-01   9.9650633e-04  -1.1434262e-03   2.6098668e-04
  -1.5156990e-01   3.5812045e-02   7.9644507e-01   5.3110088e-04  -6.9206512e-04   6.0305148e-04
  -1.6963363e-01   2.7608148e-03   8.2876324e-01   1.2323466e-03  -8.6777042e-04   3.5734207e-04
  -1.6702376e-01   2.8332439e-02   8.4821522e-01   1.0292190e-03  -9.1683396e-04   1.6714351e-05
  -1.6953373e-01   9.7870771e-03   8.9111186e-01   1.3383944e-03  -1.0400725e-03   5.2369649e-04
  -1.7456591e-01   3.2977107e-02   9.0675505e-01   1.8080483e-03  -7.3916712e-04   6.4618339e-04
  -1.9770258e-01  -6.4156771e-03   8.0894626e-01   1.1224761e-03  -8.4131272e-04   9.0693086e-04
  -1.2547295e-01  -3.7494106e-04   7.4415895e-01  -5.3007700e-04  -2.3045249e-04  -5.8014540e-04
  -1.7366059e-01   1.0607217e-02   7.7707153e-01  -7.3408586e-05  -8.4947099e-04   1.0108321e-03
  -1.7365490e-01   8.7028292e-03   8.0370837e-01   2.3248057e-04  -8.0825046e-04   1.2446700e-04
  -1.5111761e-01  -3.7043551e-02   8.8060600e-01   1.0936041e-03  -8.1396027e-05   9.9542390e-05
  -1.4597642e-01   4.0933452e-03   9.2028405e-01   1.0958342e-03  -1.0716515e-03  -2.0403876e-04
  -1.7760664e-01   5.1364549e-03   9.7030199e-01   2.9388727e-03  -1.7058510e-03   2.8279876e-04
  -1.5497459e-01   2.5620126e-02   8.7894270e-01   4.6986572e-04  -9.1158913e-04  -4.5662626e-05
  -1.6537271e-01   2.1696538e-02   8.8097657e-01   9.4987344e-04  -2.9263431e-04   6.8027709e-04
  -1.9143778e-01   1.1942448e-02   8.8894048e-01  -5.8482628e-05  -1.0387980e-03   9.8139260e-04
  -1.7832322e-01   2.4187676e-02   9.0265670e-01  -1.5067349e-04  -1.1478259e-04   5.0160177e-04
  -1.5029155e-01   6.4224549e-02   9.7987436e-01   1.7999934e-03  -6.9682002e-04  -7.1126548e-06
  -1.6517128e-01   3.2154035e-02   8.9509592e-01  -5.6617173e-04  -1.4227177e-03   6.4202656e-05
  -1.6867157e-01   7.4914010e-04   9.1027461e-01  -1.5546734e-05  -4.3411659e-04   4.5908772e-04
  -1.7007634e-01   5.5892132e-02   9.9320707e-01   1.2746646e-03  -8.8277877e-04  -4.3951325e-05
  -1.8468917e-01   2.4167330e-02   1.0191460e+00   5.8539586e-04  -7.7411855e-04   6.3511622e-04
  -1.5043867e-01   2.5611264e-02   1.0719991e+00   1.5633800e-03   4.5662581e-05   1.2352677e-05
  -1.9293029e-01   4.3093099e-02   1.0827692e+00   1.2602956e-03  -9.0098372e-04   6.8808232e-04
  -1.7708256e-01   2.3374031e-02   1.1425235e+00   1.7325101e-03  -2.7363484e-04   1.4437549e-04
  -1.7130984e-01   4.8873663e-02   1.1377382e+00   1.6677610e-03  -1.0152400e-03   1.5097720e-04
  -1.8039724e-01   4.1985816e-02   1.1633642e+00   1.8322913e-03  -6.0564643e-04   7.7888862e-04
  -1.7085122e-01   2.9196064e-02   1.1559008e+00   7.6402944e-04  -6.5897694e-04  -1.9464042e-04
  -1.5247357e-01   2.7688740e-02   1.1677172e+00   1.0691718e-03  -8.2779387e-04  -4.1716553e-05
  -1.7853645e-01   6.9445647e-03   1.1270742e+00   3.8854238e-04  -8.3934281e-04   2.8764131e-04
  -1.5357322e-01   3.0046586e-02   1.0815423e+00   2.2655886e-04  -8.5772814e-04  -5.8759998e-05
  -1.1818543e-01  -3.3769681e-03   1.0425429e+00  -1.4833337e-05  -5.8656992e-04  -8.8412316e-04
  -1.4904242e-01   7.0710275e-02   1.0633467e+00   1.4217537e-04  -3.6616065e-04  -2.8174953e-04
  -1.8644964e-01   4.7906753e-02   1.0906646e+00   4.1326581e-04  -4.8268207e-04   3.6902055e-04
  -1.6567319e-01   1.9641496e-02   1.1602817e+00   1.1701477e-03  -3.1371132e-04  -8.6620170e-05
  -1.2424470e-01   1.2387632e-01   1.2099919e+00   1.4616238e-03  -8.9425360e-04  -1.0689648e-03
  -1.8485160e-01   8.8760420e-02   1.2695471e+00   1.6898678e-03  -4.7221596e-04   1.1318228e-03
  -1.4399928e-01   4.5719527e-02   1.2493270e+00   1.1363018e-03  -5.3283657e-04  -2.8493784e-04
  -1.7008703e-01   5.1398745e-02   1.2808243e+00   1.1811883e-03  -2.0966874e-04   5.8588739e-04
  -1.8015981e-01   3.1440894e-02   1.2370647e+00   6.3369887e-04  -7.7199290e-04   7.3734823e-05
  -1.3969277e-01   2.9472934e-02   1.1609272e+00  -8.5579708e-04  -2.7279395e-04  -9.1368607e-04
  -1.7363994e-01   3.2665610e-02   1.2318802e+00   6.2740560e-04  -8.9783695e-04  -8.6684111e-05
  -1.6559249e-01   6.4198036e-02   1.2235407e+00   3.1740822e-04  -1.4497858e-04  -5.2530959e-05
  -1.6805591e-01   3.9149716e-02   1.2419497e+00   3.0316088e-04  -4.2102205e-04   3.2587328e-04
  -1.7777940e-01   4.3553301e-03   1.3024979e+00   1.0752038e-03  -1.2378072e-03  -9.0168541e-05
  -1.6654602e-01   2.0704609e-02   1.3091184e+00   5.6068371e-04  -9.1589481e-04  -4.6595276e-04
  -1.5802969e-01   4.6776214e-02   1.3366081e+00   1.1637558e-03  -9.6088754e-04  -1.2186587e-04
  -1.6478970e-01   3.8122988e-02   1.3738369e+00   1.2510135e-03  -2.6929259e-04   4.7442257e-04
  -1.8706952e-01   6.7096502e-02   1.4344425e+00   2.2652114e-03  -1.1870020e-03   4.3674790e-04
  -1.5457539e-01   4.2245760e-02   1.4576114e+00   1.8422849e-03  -9.7820802e-04  -3.6282062e-04
  -2.0633978e-01   6.2169116e-02   1.5027699e+00   2.4291473e-03  -1.7650669e-03   3.6554388e-04
  -1.6619829e-01   8.8406293e-02   1.4935744e+00   1.5272371e-03  -5.9361185e-04   6.4391899e-04
  -1.7980404e-01   5.0062408e-02   1.5467608e+00   2.5271623e-03  -9.8591034e-04   2.8014836e-04
  -1.7171030e-01   8.5090098e-02   1.4874215e+00   1.6379020e-03  -8.4417415e-05   5.8862996e-04
  -1.2440042e-01   4.5099658e-02   1.4560699e+00   1.4006004e-03  -1.0100653e-04  -7.2496410e-04
  -2.0258296e-01   4.6126808e-02   1.4045541e+00   3.8193670e-04  -2.3214063e-04   5.5917120e-04
  -1.9952820e-01   3.6724916e-02   1.4119590e+00   3.9177764e-04  -3.7821248e-04   5.2770742e-04
  -1.9039018e-01   9.3896540e-02   1.4645444e+00   9.3591547e-04  -5.1485857e-04   3.1765858e-04
  -1.4777488e-01   6.0913527e-02   1.4658941e+00   1.1013987e-03  -4.6853233e-04  -2.6830653e-04
  -1.6440145e-01   4.6162260e-02   1.4594201e+00   3.9292033e-04  -4.4072852e-05   5.8073796e-04
  -1.6043262e-01   7.2603105e-02   1.4646029e+00   2.4903740e-04  -3.5622167e-04  -4.6718367e-04
  -1.7905951e-01   2.8618923e-02   1.4690684e+00  -4.6501484e-05  -7.6682494e-04   2.4394254e-04
  -1.6113066e-01   6.0554471e-02   1.5690034e+00   1.4557043e-03   2.2406434e-05   4.6910651e-04
  -1.7057523e-01   5.7247563e-02   1.6020218e+00   9.9649921e-04  -7.1144149e-04  -5.4220130e-05
  -1.7862137e-01   7.0033535e-02   1.6250545e+00   1.3087220e-03  -6.6222639e-04   2.7285427e-04
  -1.7774624e-01   7.3723554e-02   1.6734998e+00   1.3461212e-03   3.6105654e-05   2.6539639e-04
  -1.4836745e-01   6.8529455e-02   1.7267330e+00   2.0608581e-03   1.6664567e-04  -1.8928251e-04
  -1.9141490e-01   6.8527280e-02   1.7345837e+00   2.1379541e-03  -2.0200339e-04   1.5598749e-04
  -1.4293431e-01   8.7713311e-02   1.6883784e+00   1.5059620e-03   1.9965522e-04  -2.6537863e-04
  -1.4172656e-01   8.9558350e-02   1.6321810e+00   4.5854533e-04  -6.8030742e-04  -7.4180301e-04
  -1.6957084e-01   1.0078887e-01   1.6167212e+00   3.0736787e-04  -1.9560798e-04  -7.6275067e-05
  -1.6772279e-01   8.5381410e-02   1.6581847e+00   9.0345842e-04  -8.2852622e-04   1.4541680e-04
  -1.5417616e-01   7.8111984e-02   1.6394426e+00   4.2860979e-04   3.5218116e-04   3.6531427e-04
  -1.6593439e-01   7.4014078e-02   1.6587063e+00   3.2612488e-04   4.9763396e-05  -1.1469219e-04
  -1.4704689e-01   7.8728917e-02   1.6749924e+00   2.7807522e-04   5.6361835e-05   3.2088242e-04
  -2.0161861e-01   9.4495198e-02   1.7671838e+00   8.1517438e-04  -5.5919303e-04   8.0678588e-04
  -1.7231928e-01   1.0826137e-01   1.8043962e+00   1.3188928e-03  -4.7891900e-04   2.0734672e-04
  -1.5743096e-01   7.7626827e-02   1.8277710e+00   1.3679309e-03  -1.7241808e-04   3.4834296e-05
  -1.6224612e-01   6.5497134e-02   1.8385040e+00   1.2140525e-03  -6.3920561e-04   1.4425035e-04
  -1.8936446e-01   9.8791331e-02   1.8002844e+00   1.0330036e-03  -5.6564109e-04   8.0264874e-04
  -1.9453635e-01   7.7834877e-02   1.7644117e+00   6.3953334e-04  -6.0182129e-04   7.1859041e-04
  -1.7375947e-01   9.2813661e-02   1.7842573e+00   6.8860500e-04  -6.4924297e-04   3.5118711e-04
  -1.9850129e-01   9.4961992e-02   1.7772356e+00   7.5619559e-04  -9.6691429e-05   8.2002979e-04
  -1.7762165e-01   5.9336045e-02   1.8267375e+00   1.1113982e-03  -2.6925973e-04   8.8719737e-04
  -1.7427785e-01   8.9301853e-02   1.8693160e+00   1.2476153e-03  -3.1363601e-04   1.6211282e-04
  -1.7028895e-01   1.0489329e-01   1.9184313e+00   1.5577981e-03  -2.1032125e-04   1.7145124e-04
  -1.8565860e-01   8.0396259e-02   1.9789790e+00   1.9922307e-03  -7.0306471e-04   6.8354135e-04
  -1.8077333e-01   1.3208286e-01   1.9039462e+00   1.4240420e-03   4.8584870e-04   6.8614640e-04
  -1.6312416e-01   1.0773872e-01   1.8875226e+00   5.2808036e-04  -1.8330629e-04   7.7653825e-05
  -1.9314010e-01   9.7885210e-02   1.9016927e+00   7.6324048e-04  -6.1939320e-04   5.9809041e-04
  -1.6188722e-01   1.2900562e-01   1.8903775e+00   5.9359757e-04  -3.1551771e-04  -4.1117578e-05
  -1.5251736e-01   1.2020684e-01   1.9321543e+00   1.1179077e-04  -6.0689909e-04   1.7699977e-04
  -1.7264608e-01   1.2203521e-01   1.9994139e+00   1.3669514e-03   1.7689005e-04   2.0895058e-04
  -1.9372945e-01   1.6076107e-01   2.0752807e+00   2.2430212e-03  -2.9993336e-04   6.5834184e-04
  -1.6936316e-01   1.2339636e-01   2.0376985e+00   1.2989643e-03  -2.4623767e-05   6.8483702e-04
  -1.6528993e-01   1.0934376e-01   1.9706671e+00   4.6191992e-04   2.4020039e-04   1.6837731e-04
  -1.6840438e-01   1.0008911e-01   1.9775034e+00   8.6013975e-04  -7.5767988e-05   1.6757800e-04
  -1.4131509e-01   3.4853694e-02   1.9585623e+00  -5.0540528e-04   2.5081157e-05   2.3483944e-04
  -1.5683178e-01   8.5391784e-02   2.0211431e+00   8.5701212e-04   1.5739034e-04   4.3123700e-04
  -1.8962318e-01   6.9835704e-02   2.1160542e+00   1.9758847e-03  -2.8393215e-04   1.3850840e-03
  -1.7295275e-01   1.1871999e-01   2.1397071e+00   2.0309498e-03  -2.3896239e-04   6.5008053e-04
  -1.7286717e-01  -5.9252353e-02   2.0788937e+00   1.0190686e-04  -1.0502865e-03  -2.0109623e-05
  -1.5420774e-01   1.3142911e-01   2.0651980e+00  -8.6106204e-05  -4.9596129e-05  -1.8175253e-04
  -1.4524088e-01   1.4679267e-01   2.0893249e+00   3.8968188e-04  -7.5382814e-04  -3.2409838e-04
  -1.9109355e-01   1.1282143e-01   2.2124797e+00   1.9910318e-03  -1.4151617e-03  -1.6143680e-05
  -1.5694096e-01   1.2882510e-01   2.2521956e+00   2.4985115e-03   1.3711476e-04   2.3803069e-04
  -1.6483758e-01   1.3675352e-01   2.2925895e+00   2.2197368e-03  -7.0941923e-04  -1.4779152e-05
  -1.8920224e-01   1.2568993e-01   2.2811713e+00   1.7175817e-03  -1.5810152e-04   9.4475671e-04
  -1.6286843e-01   1.4026658e-01   2.2873431e+00   2.1444304e-03   2.3821534e-04   5.1768820e-05
  -1.4699177e-01   1.2740631e-01   2.2143783e+00   1.1022823e-03   2.1817574e-04  -2.5006427e-04
  -1.7166641e-01   1.3311970e-01   2.2086908e+00   1.4477675e-03  -3.7284366e-04   1.5603653e-04
  -1.8120275e-01   1.1043313e-01   2.2135623e+00   7.9111294e-04  -6.5323271e-04   5.3013357e-04
  -1.5842966e-01   1.0408168e-01   2.2434073e+00   1.1468663e-03  -1.4935037e-04  -8.3312529e-05
  -1.6180302e-01   1.1446979e-01   2.3227742e+00   1.8476627e-03  -2.9477704e-04   8.8917279e-05
  -1.6679305e-01   1.4295369e-01   2.3400868e+00   2.2062574e-03  -3.7027985e-04   8.3761728e-05
  -1.8913995e-01   1.5220453e-01   2.3159166e+00   1.1840096e-03   3.3427168e-04   1.0499683e-03
  -1.6327622e-01   1.5845393e-01   2.3310357e+00   1.2057623e-03  -7.2638486e-04   3.5280678e-05
  -1.9389623e-01   1.4960635e-01   2.3780241e+00   1.4100833e-03  -3.8202136e-04   7.0219626e-04
  -1.6984859e-01   1.4595688e-01   2.4156680e+00   1.8661401e-03  -2.6427638e-04   7.8246935e-05
  -1.5538941e-01   1.5639177e-01   2.4335653e+00   1.1320870e-03   7.1939001e-04  -2.8744991e-04
  -1.6391619e-01   1.3892460e-01   2.4169975e+00   1.4083989e-03   6.7287611e-04   4.0347740e-04
  -1.8664314e-01   1.0324149e-01   2.4452466e+00   1.5461956e-03   4.2114255e-04   5.0025706e-04
  -2.1372154e-01   1.5020358e-01   2.4971303e+00   2.3926726e-03  -2.0630301e-04   1.0021759e-03
  -1.5296652e-01   1.5738119e-01   2.4728953e+00   2.2021428e-03   6.0405862e-05   4.9116685e-05
  -1.9819151e-01   1.4216853e-01   2.4239947e+00   1.3902676e-03  -2.4413633e-04   8.0813000e-04
  -1.7227146e-01   1.3612961e-01   2.4374699e+00   1.4961921e-03  -3.7364283e-04   4.8624178e-04
  -1.9512970e-01   1.3562538e-01   2.5048665e+00   2.4371845e-03  -3.5066193e-04   5.5666071e-04
  -1.8802463e-01   1.6331681e-01   2.4746823e+00   7.6007755e-04  -4.7568562e-04   6.5756801e-04
  -1.3956413e-01   2.6918451e-01   2.4740540e+00   9.0716386e-04  -8.8148756e-04  -1.4252788e-03
  -1.4239799e-01   1.4613910e-01   2.5337129e+00   1.2544471e-03   4.8425411e-04  -5.1171686e-04
  -1.7653114e-01   1.6299163e-01   2.5771068e+00   1.9568442e-03   3.1052201e-04   3.5611928e-04
  -1.4383324e-01   1.5232945e-01   2.6097137e+00   1.5873033e-03   1.7191477e-04  -5.1080828e-04
  -1.5668675e-01   1.6644446e-01   2.6796232e+00   3.3234335e-03  -1.1823203e-04  -4.5455666e-04
  -1.8980020e-01   1.5663705e-01   2.6827781e+00   1.8524876e-03  -4.1516351e-04   6.8324015e-04
  -1.7377774e-01   1.3706197e-01   2.7102037e+00   2.6329998e-03   4.9775669e-06   2.4596869e-04
  -1.6075812e-01   1.8842671e-01   2.7294378e+00   2.6385088e-03   5.3895620e-04   2.1297435e-04
  -1.5092195e-01   1.4159684e-01   2.6612695e+00   1.9682017e-03   3.1433284e-04  -1.8698572e-04
  -1.4898343e-01   1.6360920e-01   2.6123666e+00   1.5398512e-03   1.3079741e-04   1.3521922e-04
  -1.5595499e-01   1.4472146e-01   2.6158323e+00   1.4292015e-03   3.2137744e-04   5.7559336e-04
  -1.8121058e-01   1.0006085e-01   2.5939490e+00   1.4107262e-04  -2.6922341e-06   3.8126605e-04
  -1.6014810e-01   1.5204024e-01   2.6183769e+00   7.7699172e-04   2.3080901e-04   2.9537620e-04
  -1.9501289e-01   1.3280369e-01   2.6578912e+00   8.8014907e-04   4.6048181e-05   1.1780008e-03
  -1.6258998e-01   1.5205708e-01   2.7452419e+00   2.1061876e-03   4.0796509e-04   6.6783880e-04
  -1.7363895e-01   1.7576667e-01   2.7495711e+00   1.9761559e-03  -4.2000926e-04   3.0179945e-04
  -1.4502125e-01   1.4973577e-01   2.7207644e+00   1.8524943e-03  -9.1661836e-05  -3.3114165e-04
  -1.6454202e-01   1.5650321e-01   2.6963697e+00   5.8300172e-04  -4.9957957e-05   2.6696539e-04
  -1.5468389e-01   1.5002555e-01   2.7275861e+00   1.3994412e-03   5.3833929e-05  -2.2993022e-04
  -1.6199519e-01   1.5276447e-01   2.7513514e+00   1.4458816e-03   1.8048835e-04  -2.0332174e-05
  -1.5956652e-01   1.6601733e-01   2.8072042e+00   2.0353606e-03   4.1810813e-04   1.4187388e-04
  -1.7631264e-01   1.6497013e-01   2.7856014e+00   1.2964073e-03  -1.1983147e-04   2.2061223e-04
  -1.6354004e-01   1.4037443e-01   2.8324858e+00   1.3800215e-03   2.2271466e-04   3.6142614e-04
  -1.6005622e-01   1.7798705e-01   2.8968655e+00   2.2422088e-03   1.7473962e-04  -5.5157284e-05
  -1.7005682e-01   1.9145501e-01   2.9443516e+00   2.5163360e-03   4.8371386e-05   5.0367554e-04
  -1.8945450e-01   1.9739193e-01   2.9857113e+00   3.0863870e-03   2.8768658e-04   1.2482330e-03
  -2.0409482e-01   1.7042829e-01   2.9209152e+00   1.7209391e-03  -2.7712209e-05   1.2268522e-03
  -1.7631610e-01   1.4441216e-01   2.8714709e+00   9.7691825e-04  -1.0179498e-04   7.6455429e-04
  -1.6760330e-01   1.4319921e-01   2.8601666e+00   8.4680703e-04  -3.6679306e-04   2.7297552e-04
  -1.4271687e-01   1.7868055e-01   2.8873216e+00   8.3026871e-04   5.5960942e-04   1.7645630e-04
  -1.7363296e-01   1.8201425e-01   2.9774525e+00   2.3823088e-03   9.4845208e-05   9.9772215e-04
  -1.6622260e-01   1.6800260e-01   3.0075916e+00   1.8995387e-03   1.5345330e-04   1.1764733e-03
  -1.5721996e-01   1.6493175e-01   2.9798832e+00   1.8302075e-03  -4.0597392e-06   6.2707401e-04
  -1.5961037e-01   1.8126988e-01   2.9325542e+00   1.4530163e-03   5.7998323e-04   3.7058879e-04
  -1.4949046e-01   1.5571745e-01   2.9330342e+00   7.3813065e-04   1.9912793e-04  -2.0328413e-04
  -1.8230471e-01   1.7864359e-01   2.9684985e+00   1.0580539e-03   5.6394669e-05   8.0961360e-04
  -1.8277451e-01   2.0825756e-01   2.9797760e+00   1.0356693e-03   1.2256540e-04   5.7875204e-04
  -1.7171994e-01   1.6141236e-01   3.0152819e+00   1.1844705e-03   8.4498270e-05   4.6083339e-04
  -1.8534958e-01   2.2595390e-01   3.0966876e+00   2.6024112e-03   1.8969060e-04   4.6644804e-04
  -1.7938123e-01   1.7739926e-01   3.1310007e+00   2.1636275e-03  -2.6643283e-04   2.6022780e-04
  -1.6639493e-01   1.8637389e-01   3.1495571e+00   1.9944449e-03  -1.0206810e-04   5.2281849e-04
  -1.7427862e-01   2.1372750e-01   3.1962613e+00   3.0283352e-03   1.0774975e-04   3.6365904e-04
  -1.5327516e-01   1.6840596e-01   3.1949527e+00   2.3285531e-03   2.0831042e-04  -5.5787694e-04
  -1.5115522e-01   1.8977788e-01   3.2347287e+00   2.4854825e-03  -4.0020916e-04  -7.3483340e-05
  -1.5685973e-01   1.8504206e-01   3.2324301e+00   2.4114676e-03  -4.5383428e-04   9.6896245e-06
  -1.6816852e-01   1.8240934e-01   3.1511015e+00   1.7557652e-03   4.6582386e-04   5.0535198e-04
  -1.4658025e-01   1.9675613e-01   3.1146948e+00   1.5892811e-03   3.5953069e-04   1.5935965e-04
  -1.7408168e-01   6.0418985e-02   3.0937113e+00   3.7312885e-04   4.3931123e-04   7.2206174e-04
  -1.5555400e-01   1.6495085e-01   3.1573362e+00   1.2881038e-03   2.2738633e-04   2.5350428e-04
  -1.7404626e-01   1.8193468e-01   3.2488908e+00   2.9348797e-03   3.2970222e-04   5.7987720e-04
  -1.6470261e-01   2.0845257e-01   3.2795011e+00   2.7281965e-03   4.0011707e-04   5.0117225e-04
  -1.4265527e-01   1.8717176e-01   3.2985226e+00   1.8387675e-03   4.6686660e-04   3.2294323e-04
  -1.8128071e-01   2.0222545e-01   3.3235652e+00   2.3984632e-03   9.8786550e-04   6.8888122e-04
  -1.8057627e-01   1.8856271e-01   3.3669006e+00   2.7347044e-03   7.3925157e-04   6.4061074e-04
  -1.3997473e-01   1.9577976e-01   3.3826410e+00   2.6524026e-03   3.4167786e-04  -1.6857175e-04
  -1.4846098e-01   1.9991640e-01   3.4066878e+00   2.4964555e-03  -6.2550554e-05   7.9186012e-05
  -1.5066917e-01   1.6909886e-01   3.4146714e+00   2.7760343e-03   3.4349858e-04  -3.0964308e-04
  -1.5316175e-01   1.6950475e-01   3.4174937e+00   2.6338727e-03   6.0408377e-04   4.3936233e-04
  -1.6716922e-01   1.8455126e-01   3.3492678e+00   1.5428773e-03  -4.7050571e-05   2.9087577e-04
  -1.6853134e-01   1.5415993e-01   3.3043596e+00   1.1404052e-03   1.3482240e-04   5.2217358e-04
  -1.5460373e-01   1.7623674e-01   3.3550941e+00   1.5728985e-03   3.4357397e-04  -2.2192934e-05
  -1.3296980e-01   1.9531793e-01   3.3927534e+00   2.4819111e-03   5.3667161e-04  -3.6030371e-04
  -1.4846500e-01   1.9711987e-01   3.4075322e+00   2.3658224e-03   9.8581360e-04   8.1632812e-05
  -1.7392778e-01   2.0761111e-01   3.4351594e+00   2.1237214e-03   1.6405315e-04   3.3454922e-04
  -2.4429960e-01  -1.1295765e-01   3.3007429e+00  -2.3651052e-03   4.5017079e-06   1.3744158e-03
  -1.5353033e-01   2.0493614e-01   3.3989005e+00   2.0001694e-03  -1.7535380e-04  -3.5014404e-04
  -1.5133077e-01   1.9536991e-01   3.4332020e+00   1.2597796e-03   5.4624681e-04   6.1479291e-04
  -1.5349889e-01   2.4224980e-01   3.4938961e+00   2.0001429e-03  -2.9590841e-04  -2.2052514e-05
  -1.7803786e-01   2.3708138e-01   3.5373385e+00   2.4764201e-03  -2.6112816e-04   5.6704259e-04
  -1.6157057e-01   2.1254216e-01   3.5516570e+00   2.4444113e-03   2.5843547e-04   1.7714176e-04
  -1.6732740e-01   2.0043809e-01   3.6149791e+00   2.6591119e-03  -8.3492415e-05   6.3368458e-04
  -1.9069271e-01   2.1037370e-01   3.6496745e+00   2.8302909e-03   2.8102222e-04   9.2413754e-04
  -1.4824965e-01   2.4628055e-01   3.6099156e+00   2.4170451e-03  -4.5940951e-04  -2.5937784e-04
  -1.8407725e-01   2.1447549e-01   3.5578929e+00   1.8684366e-03  -3.2024365e-04   8.6674642e-04
  -1.4233852e-01   1.6108393e-01   3.5371530e+00   1.5781880e-03   7.9054323e-04  -6.9026229e-05
  -1.6478382e-01   1.9072770e-01   3.5681133e+00   2.1555048e-03   1.5611973e-04   1.2085234e-04
  -1.6650535e-01   2.0343819e-01   3.6256684e+00   2.6475546e-03   1.6391604e-04   6.6139704e-04
  -1.4835067e-01   2.1435286e-01   3.6694133e+00   2.9130887e-03   6.5642906e-04   1.3764735e-04
  -1.6945344e-01   2.2607477e-01   3.7036851e+00   2.9268088e-03   5.1631626e-04   4.7141947e-04
  -1.6524587e-01   1.9977992e-01   3.7085296e+00   2.2436297e-03   6.2322428e-05   6.0760607e-04
  -1.4199649e-01   2.3110205e-01   3.7340732e+00   2.6609047e-03   2.4898808e-06   1.3008075e-04
  -1.4808577e-01   2.1358550e-01   3.7339474e+00   2.8730436e-03   2.1656129e-04   4.7402765e-04
  -1.5296603e-01   2.0950579e-01   3.6766455e+00   1.7850909e-03   9.3105985e-05   4.4927054e-04
  -1.2333243e-01   1.7818823e-01   3.6524228e+00   1.7082368e-03   6.9787531e-04  -2.4683144e-04
  -1.6676364e-01   2.0903705e-01   3.7641737e+00   2.4247466e-03  -1.1263925e-04   1.7906854e-04
  -1.4919915e-01   2.1891257e-01   3.7594704e+00   1.9531496e-03   5.8666243e-04   3.8861371e-04
  -1.4192041e-01   2.4626252e-01   3.7389165e+00   1.9934855e-03   1.2774506e-03   1.0036097e-04
  -1.7654188e-01   2.2004359e-01   3.7003279e+00   8.6124505e-04  -2.8984349e-05   3.7669810e-04
  -1.3115293e-01   2.3873250e-01   3.6905302e+00   1.8284375e-03   5.2456218e-04  -2.3670333e-04
  -1.2709642e-01   2.1913796e-01   3.7365579e+00   1.9760228e-03   4.5880305e-04   1.6473250e-05
  -1.8917469e-01   2.1135472e-01   3.7690345e+00   1.3631474e-03   5.0983469e-04   1.2507399e-03
  -1.4890923e-01   2.1744400e-01   3.8580564e+00   2.4818105e-03   4.3757906e-04   4.4930561e-04
  -1.7448225e-01   2.5237817e-01   3.8909179e+00   2.9072482e-03  -4.2998013e-04   4.3315658e-04
  -1.2968838e-01   2.2566530e-01   3.8233784e+00   1.8584545e-03   8.1770182e-04   3.7331010e-04
  -1.5329124e-01   1.7214308e-01   3.7832003e+00   8.9127773e-04   5.4414778e-04   5.7305168e-04
  -1.6524642e-01   2.0903039e-01   3.7878843e+00   1.1433940e-03  -1.7157906e-04   6.9320843e-04
  -1.5387466e-01   2.2207446e-01   3.8213657e+00   1.7133625e-03   1.5682885e-04   2.9745267e-04
  -1.4518948e-01   1.9313688e-01   3.8273189e+00   1.4167637e-03   1.6024434e-04   4.3772901e-04
  -1.6712454e-01   1.9179428e-01   3.8264525e+00   1.2602151e-03   6.9486737e-04   1.2593424e-03
  -1.3414456e-01   2.1756573e-01   3.8713419e+00   2.2289409e-03   5.8331010e-04  -1.8021628e-04
  -1.7503050e-01   2.1954040e-01   3.9497860e+00   2.2847596e-03  -1.4772089e-04   6.3800621e-04
  -1.5464552e-01   2.2752024e-01   3.9911459e+00   2.6136352e-03   9.7159750e-04   6.3254387e-04
  -1.5942414e-01   2.5731819e-01   4.0709818e+00   3.6625036e-03   7.7309986e-04   7.9797644e-04
  -1.8446855e-01   2.2907393e-01   4.0273245e+00   2.1546863e-03  -8.9743194e-05   1.0709278e-03
  -1.1683634e-01   2.2658709e-01   4.0609305e+00   2.4197726e-03   7.7830099e-04  -7.6642101e-05
  -1.4509983e-01   2.3291796e-01   4.1145069e+00   3.4969980e-03  -1.1660908e-04   2.9728923e-04
  -1.4047941e-01   2.6284051e-01   4.0101574e+00   1.4209566e-03   4.6997233e-04  -7.5057651e-05
  -1.3766909e-01   2.6360908e-01   4.0162943e+00   2.3083261e-03   1.1639547e-03  -1.9418469e-04
  -1.1581930e-01   2.2139797e-01   3.9815527e+00   1.4361252e-03   6.8462275e-04  -5.4603172e-04
  -1.4824421e-01   2.4704939e-01   4.0449828e+00   1.7365343e-03   7.3717249e-04   8.5407225e-04
  -1.7194249e-01   2.4805632e-01   4.0970491e+00   1.7797371e-03  -1.5755833e-04   7.6743040e-04
  -1.4953300e-01   2.0306456e-01   4.1425302e+00   2.6882581e-03   1.0094630e-03   9.7492075e-04
  -1.5258906e-01   2.3284382e-01   4.1808373e+00   3.2384406e-03   1.0239103e-03   7.1185169e-04
  -1.5355953e-01   2.7274949e-01   4.2230147e+00   3.7493019e-03   6.1478349e-04   2.2424478e-04
  -1.3169080e-01   2.1386339e-01   4.2062638e+00   2.3703907e-03   1.3229144e-04   1.7896638e-04
  -1.4620924e-01   2.5994640e-01   4.2476643e+00   3.0865647e-03   6.6527017e-04   3.4506626e-04
  -1.4359459e-01   2.1827238e-01   4.1950754e+00   1.9894217e-03   1.1182873e-03   5.4601909e-05
  -1.4885336e-01   2.0846533e-01   4.1413734e+00   1.7637415e-03   6.2385171e-04   8.6043772e-04
  -1.6454497e-01   2.3433816e-01   4.1397310e+00   1.3310083e-03  -3.5072589e-04   4.4748300e-04
  -1.2783645e-01   2.0956966e-01   4.1528315e+00   1.9062999e-03   8.8141362e-04   2.6739368e-04
  -1.4482365e-01   2.1240007e-01   4.1627531e+00   1.8984844e-03   6.2186279e-04   9.8394294e-04
  -1.4861531e-01   2.3190911e-01   4.2375572e+00   2.9851984e-03   7.0145760e-04   2.6329669e-04
  -1.6590981e-01   2.3929822e-01   4.2762698e+00   2.5545994e-03  -2.3656677e-04   3.6928991e-04
  -1.5142679e-01   2.4283964e-01   4.3160522e+00   3.1235657e-03   2.5441888e-04   2.0603070e-06
  -1.6510119e-01   2.2655987e-01   4.3472279e+00   3.3174032e-03   6.0591208e-04   9.0170392e-04
  -1.4100532e-01   2.5635208e-01   4.4022875e+00   3.7369072e-03   5.6242569e-04   4.0222851e-04
  -1.2720308e-01   2.5255242e-01   4.4231187e+00   3.9175731e-03   4.7719515e-04  -2.5967839e-04
  -1.5714887e-01   2.6395837e-01   4.4389461e+00   3.5040752e-03  -3.0953998e-05   2.0267413e-04
  -1.2846474e-01   2.3480940e-01   4.4334233e+00   2.9395752e-03   5.1970692e-04  -3.7654291e-04
  -1.5218438e-01   2.8030636e-01   4.4525781e+00   3.8857763e-03   9.9101328e-04   6.1878092e-04
  -1.5748865e-01   2.6897923e-01   4.3750285e+00   2.8744006e-03  -2.4789053e-04   4.8945356e-04
  -1.3644506e-01   2.3706175e-01   4.3135087e+00   1.3843994e-03   6.2284075e-04   1.2826332e-04
  -1.1668243e-01   2.4760292e-01   4.3560097e+00   2.4119001e-03   7.2768770e-04  -2.7656233e-04
  -1.1417720e-01   2.5477099e-01   4.3888470e+00   2.4246177e-03   1.0708152e-03   3.1555278e-04
  -2.1988255e-01  -9.4737251e-02   4.3306546e+00   6.2744119e-04  -2.8865369e-04   2.9306642e-03
  -1.5500391e-01   2.4550881e-01   4.4902942e+00   3.3290667e-03   3.5339750e-04   7.8116851e-04
  -1.3284599e-01   2.3886881e-01   4.5042961e+00   2.5728328e-03   1.1530818e-03   4.1942903e-05
  -1.1760241e-01   2.7582823e-01   4.5582353e+00   3.6486034e-03   1.0041870e-03   3.2676220e-04
  -1.4672201e-01   2.4494825e-01   4.5763750e+00   3.4268455e-03   1.8423334e-04   1.3321759e-04
  -1.1877691e-01   2.4987070e-01   4.5926613e+00   3.4593372e-03   6.4605673e-06  -1.7115267e-04
  -2.0735558e-01   2.3291303e-01   4.6021999e+00   3.0307171e-03  -6.9028240e-04   1.0505453e-03
  -1.4964267e-01   2.2474746e-01   4.5951783e+00   2.4266675e-03   1.3284116e-04  -1.6746520e-04
  -1.3036241e-01   2.3912999e-01   4.6185195e+00   3.0838418e-03   7.0198375e-04   4.4902689e-04
  -1.5872070e-01   2.6435517e-01   4.6497063e+00   3.3452285e-03  -8.3027507e-06   7.2604395e-04
  -1.6830426e-01   2.3075064e-01   4.6136147e+00   2.5049038e-03   2.3600134e-04   1.0276289e-03
  -1.4056973e-01   2.4903180e-01   4.5665274e+00   2.2415006e-03  -2.3379758e-04   2.2769384e-04
  -1.2835697e-01   2.0279766e-01   4.5478122e+00   2.2424071e-03   6.2399451e-04   6.7415134e-05
  -1.3033860e-01   2.3129070e-01   4.5481753e+00   2.3239848e-03  -7.8610383e-06  -1.7290088e-04
  -1.1798018e-01   2.4467379e-01   4.5494788e+00   1.3304283e-03   1.9291580e-04  -3.2032846e-04
  -1.3304857e-01   2.9570833e-01   4.6223952e+00   2.6873834e-03   6.5982495e-04  -2.6087535e-05
  -1.3614650e-01   2.5594320e-01   4.6259617e+00   2.6372411e-03   1.0597660e-04   1.2222940e-04
  -1.5520718e-01   2.3836734e-01   4.6139050e+00   2.1779443e-03   1.7107862e-04   3.5693639e-04
  -1.4390549e-01   2.3901230e-01   4.6260330e+00   1.9703839e-03   2.8612416e-04   5.1581057e-04
  -1.4925390e-01   2.4639626e-01   4.6949979e+00   2.9400922e-03   4.3197533e-04   1.0917351e-03
  -1.2179604e-01   2.2944257e-01   4.7300883e+00   2.9722128e-03   1.5263733e-03   1.5777243e-04
  -1.4501853e-01   2.6551471e-01   4.7280528e+00   2.5849685e-03   2.9792863e-04   8.6621518e-04
  -1.2145556e-01   2.7726325e-01   4.7064363e+00   2.2528102e-03   5.6444676e-04   3.8565812e-04
  -1.3455881e-01   2.4690566e-01   4.6826109e+00   1.7909108e-03   6.1225173e-04   4.5976371e-04
  -1.1520967e-01   2.5862715e-01   4.6843392e+00   1.9447366e-03   4.2112805e-04  -4.4681830e-04
  -1.1934512e-01   2.7959255e-01   4.7504969e+00   2.6790802e-03   8.7933118e-04   4.9043859e-04
  -1.3990565e-01   3.1213984e-01   4.7951833e+00   2.9849771e-03   4.5088033e-04   9.5464779e-05
  -1.1818693e-01   2.6206886e-01   4.7859083e+00   3.0738876e-03   1.2437666e-03   5.3555289e-05
  -1.0021560e-01   2.8397603e-01   4.7549994e+00   2.1620374e-03   1.3113697e-03  -3.3470497e-04
  -1.4001029e-01   2.5270570e-01   4.7568111e+00   1.5458203e-03  -4.2554349e-05   2.4626463e-04
  -1.1991102e-01   2.5512967e-01   4.7994727e+00   2.5104030e-03   5.8489109e-04  -5.2549595e-04
  -1.3641922e-01   2.5221949e-01   4.8402477e+00   2.5122524e-03   8.0754990e-04   4.0631357e-04
  -1.4542286e-01   2.6377093e-01   4.9124176e+00   3.2794604e-03   5.1854534e-04   9.9453972e-04
  -1.2715514e-01   2.5533931e-01   4.9129601e+00   2.6683514e-03  -2.5933263e-07  -3.3571150e-04
  -1.5563356e-01   2.5998846e-01   4.9644071e+00   3.0001338e-03   1.8486795e-04   1.8704513e-04
  -1.6509136e-01   2.7604988e-01   4.9702368e+00   3.6066727e-03   1.7482085e-04   7.4207953e-04
  -1.3354883e-01   2.7908187e-01   4.9374419e+00   2.8034017e-03   1.0829127e-03   5.1705488e-04
  -1.0727988e-01   2.8606619e-01   4.9033059e+00   2.5633148e-03   7.5635963e-04  -2.7610011e-04
  -1.0237280e-01   2.3417709e-01   4.8697938e+00   2.1291562e-03   9.5677517e-04  -9.5968445e-05
  -1.7622715e-01   2.6030465e-01   4.9554762e+00   3.1250272e-03   6.5995795e-04   9.7931163e-04
  -1.2331479e-01   2.6086726e-01   4.9447775e+00   2.6930913e-03   5.6526825e-04   5.6162775e-04
  -1.2569352e-01   2.8126508e-01   4.9702785e+00   2.6790020e-03  -1.1214566e-04  -4.5071156e-05
  -1.2789043e-01   2.5384518e-01   4.9073967e+00   1.5208971e-03   1.7483257e-04   3.5728465e-04
  -1.5241290e-01   2.4191041e-01   4.9443673e+00   1.9697161e-03   1.1840017e-04   5.5095874e-04
  -1.1770872e-01   2.5244682e-01   5.0321108e+00   3.2582286e-03   1.0348784e-03   3.3555987e-05
  -1.4299136e-01   2.7037850e-01   5.0603921e+00   2.7032450e-03   4.4628035e-04   3.3172570e-04
  -1.6136950e-01   2.6860260e-01   5.1047818e+00   3.0990679e-03   3.4106578e-04   9.4936128e-04
  -1.5635734e-01   2.5976590e-01   5.1352033e+00   3.6038296e-03   2.2808985e-05   7.7274759e-04
  -1.1940793e-01   2.6004424e-01   5.1441125e+00   2.9925628e-03   6.8600778e-04  -3.9509030e-04
  -1.7607046e-01   2.5943031e-01   5.1616732e+00   2.9322948e-03   1.5884763e-04   6.9659004e-04
  -1.3981929e-01   2.7547750e-01   5.1191547e+00   2.5516846e-03   1.6956840e-05  -6.8260248e-05
  -1.0789149e-01   2.6335292e-01   5.0688927e+00   2.1981380e-03   6.6291918e-04  -4.0302800e-05
  -1.3844939e-01   2.6184331e-01   5.0703039e+00   2.1079881e-03   3.6336185e-05   6.8742141e-04
  -1.0789528e-01   2.5661470e-01   5.0867970e+00   1.7712702e-03  -4.6517468e-04  -4.8484793e-04
  -1.2617705e-01   2.1999260e-01   5.1106649e+00   2.6300398e-03   3.7351741e-04   1.4120741e-04
  -1.2635777e-01   2.5677009e-01   5.1527574e+00   3.1551941e-03   1.1105974e-03   1.6721816e-04
  -1.4522000e-01   2.6134822e-01   5.1921022e+00   3.1300173e-03  -2.3637305e-04   7.9624705e-04
  -1.3413332e-01   2.8344962e-01   5.2662547e+00   3.4813202e-03   4.9133471e-04   3.6258613e-04
  -1.3879516e-01   2.8649467e-01   5.2294237e+00   3.0129281e-03   6.0211397e-04   4.0987445e-04
  -1.1515364e-01   2.5072986e-01   5.1810728e+00   2.0002143e-03   5.4364105e-04   4.7761821e-05
  -1.0089321e-01   2.5549432e-01   5.2113193e+00   2.7820244e-03   6.1287817e-04  -8.9076157e-04
  -1.1555983e-01   2.5816630e-01   5.2030098e+00   2.0578399e-03   4.9995397e-04  -2.9813541e-04
  -1.3451832e-01   2.5475386e-01   5.2616112e+00   2.8224142e-03   7.6054961e-06   2.7167252e-05
  -1.5264919e-01   2.6288083e-01   5.3148264e+00   3.2418716e-03   6.3752818e-04   2.7993624e-04
  -1.1069027e-01   2.6270888e-01   5.3376122e+00   2.7937037e-03   1.4866361e-04  -1.2053850e-04
  -1.6670637e-01   2.5290661e-01   5.3510831e+00   2.6025797e-03   7.5385342e-04   1.1202057e-03
  -1.1723223e-01   3.2406350e-01   5.3767238e+00   3.5122038e-03   2.8433374e-04  -1.2885548e-04
  -1.1387405e-01   2.4566820e-01   5.3192261e+00   2.1332643e-03   1.0967162e-03   3.1564718e-04
  -1.0488256e-01   2.4990582e-01   5.2924906e+00   2.0556911e-03   8.9220933e-04  -7.8159004e-05
  -1.2094658e-01   2.5965645e-01   5.3154215e+00   2.4895410e-03   4.8101417e-04   3.7607424e-04
  -1.3728200e-01   2.8145602e-01   5.3335517e+00   2.4951355e-03   7.3927151e-05   5.9821762e-04
  -1.3993874e-01   2.4361006e-01   5.3689684e+00   2.0621328e-03   6.1057305e-05   2.2726019e-04
  -1.3820505e-01   2.9237295e-01   5.4225433e+00   2.7495598e-03   3.7766132e-04   8.9089672e-05
  -1.0663340e-01   2.8107692e-01   5.4453192e+00   2.8344980e-03   1.5168817e-04  -3.7299846e-05
  -1.5210795e-01   2.8446778e-01   5.4578356e+00   2.9065159e-03   6.0135953e-04   8.3943126e-04
  -1.5854814e-01   2.7347097e-01   5.4704202e+00   2.4286620e-03   1.2363241e-04   4.7154970e-04
  -1.3586792e-01   2.6776742e-01   5.5028842e+00   2.5497060e-03  -1.0424951e-04   7.2030781e-04
  -1.2324948e-01   3.0989468e-01   5.5213311e+00   3.5095518e-03   6.5389909e-04   6.0597606e-04
  -1.3494106e-01   2.6047544e-01   5.4388803e+00   2.4117875e-03   8.5502526e-04   8.4722325e-04
  -9.2839841e-02   2.5992862e-01   5.3659795e+00   1.2096039e-03   9.0312844e-04  -4.9539794e-05
  -1.5721649e-01   2.3837590e-01   5.3752914e+00   9.0531350e-04   3.6994467e-04   2.8620801e-04
  -1.2102476e-01   2.7291160e-01   5.4370583e+00   2.1054451e-03   8.8888889e-04  -1.1609270e-04
  -1.0281149e-01   2.7448891e-01   5.4563832e+00   2.2784157e-03   5.9182522e-04  -6.6019090e-04
  -1.1619084e-01   2.3678025e-01   5.5023253e+00   1.8633716e-03   2.8378127e-04   1.2138175e-04
  -9.0683644e-02   3.2114056e-01   5.5597076e+00   2.7379776e-03   4.3661863e-04  -4.6861920e-04
  -1.3227422e-01   2.8920721e-01   5.5405830e+00   2.5241784e-03  -8.8994763e-05   3.4838415e-04
  -1.2168148e-01   2.8109864e-01   5.5355112e+00   1.9680500e-03   4.4065056e-04   3.4221952e-04
  -1.6082537e-01   2.9153214e-01   5.5840088e+00   2.6235500e-03  -2.6600920e-04   4.2557174e-04
  -1.1575685e-01   2.9967119e-01   5.6209635e+00   2.9443166e-03   4.3879746e-04  -8.0145840e-04
  -1.4298649e-01   2.9367677e-01   5.6420483e+00   3.2366695e-03   3.0824278e-04   9.4360391e-04
  -1.5572694e-01   2.8447931e-01   5.6032606e+00   2.2998515e-03   4.7969189e-05   5.8174794e-04
  -1.0070531e-01   2.4800092e-01   5.5825996e+00   1.8627883e-03   5.8081992e-04  -5.4214722e-04
  -1.0839341e-01   3.3506318e-01   5.6414450e+00   3.2593599e-03   1.1078755e-03  -3.2635722e-05
  -1.1597266e-01   2.9221108e-01   5.6904994e+00   3.4055862e-03   1.2852397e-03   2.6155482e-05
  -1.4520680e-01   2.8521611e-01   5.6883096e+00   2.7332714e-03  -2.5245148e-05   7.4334182e-04
  -1.4777304e-01   3.2364451e-01   5.7240515e+00   3.3708945e-03  -4.7360035e-05   1.0127190e-03
  -9.5154356e-02   2.7902062e-01   5.6634960e+00   2.3764285e-03   9.6160946e-04  -3.2744742e-04
  -1.2127821e-01   2.9695110e-01   5.6527414e+00   1.9066639e-03  -2.1825413e-04   7.5623335e-06
  -1.3604975e-01   2.8422384e-01   5.6429010e+00   1.7466991e-03   2.0443147e-06  -3.0862047e-04
  -1.2643510e-01   2.6969306e-01   5.6380791e+00   1.1872147e-03   1.0155204e-03   4.7916233e-04
  -1.1157811e-01   2.4754102e-01   5.6600593e+00   2.0001719e-03   3.0929167e-04   2.0065627e-04
  -1.0044967e-01   2.5400222e-01   5.6640458e+00   1.2049136e-03   8.4351269e-04  -3.3839743e-04
  -1.1009925e-01   2.9603755e-01   5.7362255e+00   2.6519860e-03   5.6012918e-04   1.3295052e-04
  -1.2235640e-01   3.0717602e-01   5.7455400e+00   3.0836617e-03   4.7341311e-04   3.5932440e-04
  -1.4676350e-01   2.6590574e-01   5.7426271e+00   2.2498032e-03   1.2121114e-03   7.7349899e-04
  -1.1541142e-01   2.8970351e-01   5.7263831e+00   1.9779234e-03   6.1854327e-04   3.5178940e-04
  -1.1925495e-01   3.1846062e-01   5.7630592e+00   2.3585774e-03   8.5794090e-04  -3.1854822e-05
  -6.5776658e-02   3.2186906e-01   5.8376254e+00   2.9430281e-03   1.1095818e-03  -1.1999804e-03
  -1.3070444e-01   3.2903251e-01   5.8018461e+00   2.0945659e-03   3.2735259e-04   1.6288483e-04
  -1.3697828e-01   3.0553323e-01   5.7953990e+00   2.3274286e-03   1.1215085e-03   3.9280788e-04
  -1.1117842e-01   2.8308416e-01   5.8262719e+00   2.1425161e-03   6.4463551e-04   7.8075667e-05
  -1.4805065e-01   2.6738064e-01   5.8355326e+00   1.4190513e-03   2.7335198e-04   3.9000788e-04
  -1.3473222e-01   3.0259997e-01   5.9102217e+00   2.8803006e-03  -2.7910081e-04   7.4843471e-04
  -1.3720960e-01   2.9411955e-01   5.9476489e+00   3.7586367e-03   2.4985152e-04   4.7993722e-04
  -9.7121625e-02   3.1955366e-01   5.9320423e+00   2.5563655e-03   4.1327012e-04  -1.0414315e-04
  -1.1810508e-01   3.1306936e-01   5.8768281e+00   2.1774572e-03   4.4686202e-04  -1.5175776e-04
  -1.0329871e-01   2.9651262e-01   5.9065190e+00   3.0109938e-03   3.4834414e-04  -1.6525280e-05
  -8.6470537e-02   2.7341607e-01   5.8779142e+00   1.4590913e-03   7.9035484e-04  -9.3268996e-04
  -9.7825244e-02   2.8247610e-01   5.9045444e+00   2.0914586e-03   1.3711654e-03   7.0902678e-04
  -1.4558553e-01   2.9928155e-01   5.9316751e+00   2.5730339e-03   7.3462905e-04   4.1545280e-04
  -1.2589886e-01   3.0903604e-01   5.9641495e+00   2.1698737e-03   3.3751185e-04   2.5263302e-04
  -1.3202682e-01   2.8871953e-01   6.0327811e+00   3.2340661e-03   8.1561576e-04   4.8808773e-04
  -1.1599181e-01   3.1050068e-01   6.0615987e+00   3.1446756e-03   8.7897115e-04   4.1637618e-04
  -1.0259132e-01   3.0822802e-01   6.0685467e+00   2.3839470e-03   1.4364877e-04  -8.7508781e-05
  -1.1292105e-01   3.1134925e-01   6.0307906e+00   2.5674554e-03   4.8039140e-04  -4.1705349e-05
  -1.0225494e-01   2.8688371e-01   5.9995034e+00   2.1308990e-03   4.2254783e-04   2.1005348e-04
  -1.6243241e-01   3.1067003e-01   5.9981849e+00   1.7957386e-03   3.5448036e-04   8.6956234e-04
  -1.2305929e-01   2.8153587e-01   6.0070603e+00   1.7236371e-03   1.0038610e-03   3.1189954e-04
  -1.1448470e-01   2.9513993e-01   6.0717354e+00   2.6201388e-03   7.8023848e-04   2.2320914e-04
  -1.2729043e-01   3.1657202e-01   6.1472237e+00   3.3124489e-03   7.5048838e-04   5.1752151e-04
  -9.9576669e-02   3.2968110e-01   6.1786150e+00   3.5281162e-03   1.2147806e-03   1.6239428e-04
  -1.3065013e-01   3.3711384e-01   6.2036351e+00   3.6259143e-03   8.7619509e-04   2.1561749e-04
  -1.0399867e-01   3.1887731e-01   6.2343150e+00   3.4633823e-03   4.1643096e-04   1.3073089e-04
  -1.0524166e-01   3.1338041e-01   6.1890785e+00   2.9296241e-03   5.4217940e-04  -1.3248596e-04
  -1.2999522e-01   2.9797001e-01   6.1290480e+00   1.9187859e-03  -3.9169092e-04   3.6254612e-04
  -1.2554919e-01   3.0337942e-01   6.1211962e+00   2.2170214e-03   6.0354171e-04   4.2787853e-04
  -9.2967698e-02   2.6969649e-01   6.1387557e+00   2.1891060e-03   1.2801909e-03  -2.2306507e-05
  -1.1015475e-01   3.1669586e-01   6.1660074e+00   1.9085332e-03   6.6971347e-04  -5.5884970e-04
  -1.3935327e-01   2.8434365e-01   6.1760408e+00   2.2948301e-03   5.2282119e-04   4.8854865e-04
  -1.4559513e-01   3.1188175e-01   6.1763994e+00   2.8566435e-03   6.4191546e-05   7.2028724e-04
  -1.1754328e-01   3.1057076e-01   6.2394135e+00   3.0079506e-03   1.7654504e-04   2.8477176e-04
  -1.2592448e-01   3.0677011e-01   6.2732844e+00   3.1572730e-03   5.1321090e-04  -2.7043273e-07
  -1.1938641e-01   3.0626048e-01   6.1933606e+00   1.6256966e-03   8.5672653e-04   1.1371787e-04
  -1.2195622e-01   2.9186544e-01   6.1410879e+00   5.8883761e-04   1.1663228e-03   8.6143501e-04
  -9.1202416e-02   2.6690904e-01   6.1748767e+00   1.5321113e-03   6.2305283e-04  -8.9004140e-04
  -1.2764834e-01   2.2950162e-01   6.1832911e+00   1.6613032e-03  -1.0308185e-04  -1.8285192e-04
  -1.4135353e-01   2.3395293e-01   6.2394148e+00   2.8382899e-03   4.2630447e-04   8.9494898e-04
  -1.5355231e-01   2.7687787e-01   6.3086703e+00   3.0961746e-03   7.6922218e-04   1.0040205e-03
  -1.3199387e-01   2.7095750e-01   6.3472051e+00   2.8445189e-03   7.2160327e-04   6.7088370e-04
  -1.4038852e-01   3.0668406e-01   6.3915382e+00   3.5217575e-03   6.0921265e-04   7.7470696e-04
  -1.1349162e-01   3.3304745e-01   6.3955401e+00   3.6083103e-03   1.0894539e-03   2.1057077e-05
  -1.0445702e-01   3.1504428e-01   6.3608980e+00   3.1843473e-03   6.3864551e-04  -2.2360038e-04
  -1.2978827e-01   3.0924547e-01   6.3145988e+00   2.7161122e-03   7.8073460e-04   3.1896953e-04
  -9.7311052e-02   2.9380242e-01   6.3183998e+00   2.1655322e-03   7.7648579e-04   1.8264651e-04
  -1.3465982e-01   3.1936162e-01   6.3663035e+00   2.7996734e-03   6.4833646e-04   4.3778517e-04
  -1.0652115e-01   3.0142274e-01   6.3271618e+00   1.4067485e-03   9.1497981e-04   1.2898734e-04
  -1.1070536e-01   2.9093521e-01   6.3588012e+00   1.5560666e-03   1.0430821e-03  -2.7806985e-05
  -1.1592737e-01   3.1935907e-01   6.4007506e+00   1.7633457e-03   3.4239332e-04   7.9317991e-04
  -1.3166663e-01   3.0263232e-01   6.4587428e+00   2.4507487e-03   7.4011452e-04  -1.8011889e-04
  -1.0300735e-01   3.1777048e-01   6.4887659e+00   3.0819343e-03   1.4241536e-03   2.7092044e-04
  -1.3156878e-01   3.3190857e-01   6.5373741e+00   3.5650136e-03   4.0484354e-04   6.6722640e-06
  -1.2249518e-01   3.3917574e-01   6.5317144e+00   3.5484362e-03   8.3782333e-04   3.5220221e-04
  -9.9383865e-02   3.1847347e-01   6.4558345e+00   2.3873241e-03   3.7610750e-04  -2.0589506e-04
  -1.1677634e-01   2.9353974e-01   6.4505660e+00   2.0648108e-03   3.4130088e-04   1.6973250e-05
  -9.9840591e-02   2.8804269e-01   6.4687474e+00   2.5285131e-03   9.3413084e-04  -1.3158489e-04
  -1.0369098e-01   3.2532140e-01   6.4837270e+00   2.4407392e-03   4.3026209e-04   2.5685393e-04
  -1.2215618e-01   2.4873936e-01   6.4692589e+00   1.7904296e-03   1.1283506e-03   9.8318046e-04
  -8.3602710e-02   3.0032178e-01   6.5016924e+00   2.1331147e-03   9.9588694e-04  -5.2801926e-04
  -1.1935164e-01   3.0382022e-01   6.5416833e+00   2.3350871e-03   4.5623190e-04   6.4938124e-04
  -6.7936621e-02   3.3349167e-01   6.5862308e+00   3.0300325e-03   8.7767124e-04  -4.8301058e-04
  -1.0017032e-01   2.8408125e-01   6.5341161e+00   2.2679515e-03   7.2061314e-04  -1.5868115e-04
  -1.8867204e-01  -1.2079669e-01   6.3700280e+00  -2.8377398e-03   5.7766007e-04   2.4290156e-03
  -1.0373067e-01   3.0079939e-01   6.5165259e+00   1.7939960e-03   5.3027191e-04   1.4446959e-04
  -7.8315214e-02   2.9075836e-01   6.5251418e+00   1.8023868e-03   1.1322925e-03  -2.7124390e-04
  -9.4835050e-02   3.1143317e-01   6.5813314e+00   2.5492292e-03   3.5894852e-04  -7.5086949e-05
  -1.4103164e-01   3.2325136e-01   6.6051971e+00   2.2096242e-03   3.1196902e-04   6.7123967e-04
  -1.3344797e-01   3.0722649e-01   6.5758706e+00   2.0720890e-03   7.1139264e-04   5.3118888e-04
  -1.2950653e-01   2.9711945e-01   6.5693011e+00   1.6804776e-03   9.0964029e-04   1.1532555e-03
  -1.3868440e-01   3.0076732e-01   6.5809828e+00   1.6158300e-03   7.0020890e-04   1.0999012e-03
  -1.1027257e-01   2.7333732e-01   6.5733017e+00   1.5016108e-03   8.0066882e-04   2.7089386e-04
  -1.0882139e-01   3.0729922e-01   6.6419437e+00   2.6937623e-03   7.3466607e-04   1.0279716e-04
  -1.2779778e-01   2.5576555e-01   6.6217180e+00   1.8561660e-03   2.5197659e-04   7.3897239e-04
  -1.3017315e-01   2.8635165e-01   6.6678839e+00   2.6101910e-03   9.4604037e-04   2.8757291e-04
  -1.0295389e-01   3.1241322e-01   6.7105608e+00   2.9306006e-03   9.4592115e-04   2.7558163e-04
  -1.3373714e-01   3.3734930e-01   6.7559217e+00   3.1313714e-03   2.6031372e-04   4.3867207e-04
  -1.3839965e-01   3.0829752e-01   6.7759461e+00   3.2434365e-03   1.1527025e-03   1.2081956e-03
  -1.3775808e-01   3.2908005e-01   6.8307525e+00   4.0368678e-03   2.4857751e-04   5.2840182e-04
  -1.2714591e-01   3.0638951e-01   6.8040288e+00   2.8040908e-03   5.7569583e-04   9.8114328e-04
  -1.0168041e-01   3.1494134e-01   6.8060090e+00   3.2012471e-03   1.2098495e-03   1.9481845e-04
  -1.2733282e-01   3.0050680e-01   6.7063669e+00   1.6066626e-03   7.6994758e-04   5.9266838e-04
  -1.1631550e-01   3.0255710e-01   6.6997985e+00   1.7592388e-03   8.2895179e-04   5.6180099e-04
  -1.0293291e-01   2.7547804e-01   6.6871204e+00   1.4752582e-03   3.1817076e-04   1.0157432e-04
  -1.0915437e-01   2.6887069e-01   6.7199600e+00   1.9932481e-03   6.3344265e-04   2.5909432e-04
  -1.1531231e-01   3.1808006e-01   6.7416143e+00   2.0640919e-03   1.2562146e-03   5.1107112e-04
  -1.1543153e-01   3.0805598e-01   6.8245863e+00   2.5680960e-03   5.8416909e-04   3.7185185e-04
  -1.3708585e-01   3.3656525e-01   6.8383773e+00   2.8071050e-03  -2.3618792e-04   7.5944573e-04
  -1.2687498e-01   3.3103599e-01   6.8407332e+00   2.8974244e-03   3.8148221e-04   4.8839947e-04
  -1.5040947e-01   3.7448386e-01   6.8721602e+00   3.3727008e-03   1.3839827e-04   7.0804984e-04
  -1.2400326e-01   3.5191042e-01   6.8476092e+00   2.6029317e-03   9.0124710e-04   1.2951878e-04
  -1.1392634e-01   2.9301432e-01   6.8485441e+00   2.5499300e-03   5.6939544e-04  -3.7542729e-05
  -1.0110203e-01   3.2068965e-01   6.8657619e+00   2.7338306e-03   7.2890167e-04   1.5805996e-04
  -1.3560886e-01   2.7097953e-01   6.8466384e+00   1.9014792e-03   8.0475403e-04   8.1387904e-04
  -7.0333071e-02   3.1622269e-01   6.9135808e+00   3.0528486e-03   1.1639655e-03  -1.6303146e-04
  -1.1661121e-01   3.1169285e-01   6.9663298e+00   3.2310693e-03   3.9150253e-04  -1.8754935e-04
  -1.3291457e-01   3.0654024e-01   6.9782227e+00   3.1457037e-03   8.1096623e-04   8.7424351e-04
  -1.2786360e-01   3.2497125e-01   7.0063057e+00   3.2081541e-03   4.4826897e-04   3.5251465e-04
  -1.2632108e-01   3.3750208e-01   7.0446729e+00   3.1881618e-03  -2.3656587e-06   5.4098270e-04
  -1.4499498e-01   3.1468654e-01   7.0396480e+00   3.1122777e-03   1.8945905e-04   1.0297746e-03
  -1.4284724e-01   3.1972404e-01   7.0411929e+00   2.5999146e-03   5.1860129e-04   6.4251104e-04
  -8.0591398e-02   3.7613844e-01   7.1013832e+00   4.1188108e-03   5.5988348e-04  -1.0457845e-03
  -9.6352701e-02   3.1225901e-01   6.9845746e+00   2.7196871e-03   6.3720540e-04  -2.5076477e-04
  -9.6091347e-02   3.3261633e-01   6.9400609e+00   2.1945777e-03   1.1255577e-03  -1.0137259e-04
  -1.1172182e-01   2.7995506e-01   6.9116068e+00   1.1662580e-03   5.0489963e-04   6.7513946e-04
  -9.3268255e-02   3.0106230e-01   6.9278370e+00   1.7354004e-03   2.1986723e-04  -7.9574542e-04
  -8.1897313e-02   3.5684548e-01   6.9517321e+00   2.0021039e-03   1.0510499e-04  -3.0983009e-04
  -1.1255369e-01   3.2727909e-01   7.0275407e+00   2.3288073e-03   3.2312467e-04   2.2598911e-04
  -1.0296458e-01   3.3209822e-01   7.0834515e+00   3.1751156e-03   2.6597845e-04   5.3241978e-04
  -1.2951950e-01   3.4165906e-01   7.0854642e+00   2.0968003e-03  -8.2734279e-05   3.8171009e-04
  -1.2842913e-01   3.7148145e-01   7.1378707e+00   3.3092609e-03  -1.2634002e-04   2.1864008e-04
  -1.2294425e-01   3.1456399e-01   7.1546670e+00   3.5575848e-03   1.6963018e-04   4.0787708e-04
  -1.2470558e-01   3.3462075e-01   7.1792269e+00   3.7761054e-03   4.7226133e-04   5.5442696e-04
  -8.9913108e-02   3.3340049e-01   7.1069981e+00   2.8147489e-03   4.8574631e-04   8.8460807e-05
  -1.1928245e-01   3.2125099e-01   7.0536911e+00   1.5407040e-03   4.8047964e-04   3.8241823e-04
  -8.0324570e-02   2.5594938e-01   7.0283959e+00   1.6049852e-03   1.0301286e-03  -3.7118276e-04
  -1.2196279e-01   2.7270299e-01   7.0931705e+00   2.4913307e-03   4.9114524e-04   1.0708851e-03
  -9.7879604e-02   3.1254644e-01   7.1075728e+00   2.1695563e-03   4.7667209e-04  -1.7234925e-04
  -1.1355303e-01   3.2556725e-01   7.1094805e+00   1.8500506e-03   1.4621076e-04   1.3761369e-04
  -9.6222782e-02   3.2558918e-01   7.1391358e+00   2.3235444e-03   6.3506466e-04   2.3325538e-04
  -1.1390993e-01   3.4714003e-01   7.1963643e+00   2.2964258e-03   7.7593032e-04   8.9733990e-04
  -1.3252020e-01   3.6545788e-01   7.2337623e+00   2.4608495e-03   1.1912363e-04   7.6656417e-04
  -1.2122991e-01   2.9924469e-01   7.2446495e+00   2.5299253e-03   4.3801376e-04   6.4711410e-04
  -1.3308408e-01   3.2986366e-01   7.2975045e+00   3.2318547e-03   2.1688212e-04   6.4377226e-04
  -1.1956238e-01   3.2190167e-01   7.2484961e+00   2.3973492e-03   5.6953699e-05   1.0396549e-03
  -8.5637514e-02   3.3942570e-01   7.1959797e+00   2.3238021e-03   7.9624253e-04  -2.1726741e-04
  -1.0287931e-01   2.7804381e-01   7.1226894e+00   5.8242054e-04   7.6027937e-04   7.7715274e-04
  -9.6501434e-02   3.0966135e-01   7.1655242e+00   1.7405911e-03   5.4039610e-04  -1.1570803e-04
  -1.1438412e-01   3.1932719e-01   7.1953917e+00   1.6836372e-03   7.0173980e-04   5.7782990e-04
  -1.3494858e-01   2.6088506e-01   7.1933831e+00   1.3549248e-03   6.0812065e-04   1.1714024e-03
  -1.2152433e-01   3.4317326e-01   7.2372819e+00   2.7043260e-03   1.0309178e-04  -4.8520234e-06
  -8.2533797e-02   3.1487318e-01   7.2384913e+00   2.1206095e-03   9.6694322e-04  -1.1568132e-04
  -8.1031032e-02   3.1781844e-01   7.2686850e+00   2.9788371e-03   6.5710540e-04  -1.8638740e-04
  -1.1392760e-01   3.2196163e-01   7.2359219e+00   1.4350471e-03   1.4650012e-04  -2.7987736e-04
  -9.0066466e-02   3.0652299e-01   7.2318564e+00   1.6557071e-03   8.7467446e-04   2.3501347e-04
  -1.4252598e-01   3.0772618e-01   7.2566000e+00   1.7458101e-03  -1.0625343e-04   3.1984248e-04
  -1.5017042e-01   3.0263694e-01   7.2796625e+00   1.3711968e-03   3.9613450e-04   1.2817219e-03
  -9.2699401e-02   3.4022065e-01   7.3482700e+00   2.6927210e-03   6.3895621e-04  -6.5110866e-04
  -1.1472435e-01   3.7366163e-01   7.3953800e+00   3.2056188e-03   8.9309878e-04   8.9046480e-04
  -1.4634346e-01   3.4073002e-01   7.4191658e+00   2.8340805e-03   7.1037416e-05   3.9799956e-04
  -1.2956122e-01   3.3488371e-01   7.4289213e+00   2.7223507e-03  -1.6362530e-04   1.4798997e-04
  -1.1251437e-01   3.3021669e-01   7.4318046e+00   2.3927092e-03   7.3616186e-04   6.0071099e-05
  -1.1385158e-01   3.2190675e-01   7.3942290e+00   2.2001019e-03   6.3957138e-05   2.9235051e-04
  -6.7433269e-02   3.0742660e-01   7.3079222e+00   1.3049685e-03   1.5303403e-04  -7.7625201e-04
  -1.1923030e-01   2.8697199e-01   7.2853582e+00   1.0554576e-03   1.8595537e-04   7.3159065e-04
  -1.3162982e-01   2.9777054e-01   7.3650981e+00   1.9922252e-03  -2.7660730e-04   4.5901493e-04
  -1.1037977e-01   3.2392175e-01   7.3779601e+00   1.7444411e-03   5.6847455e-04   3.5985771e-05
  -1.1744224e-01   3.1823761e-01   7.4210320e+00   1.3819904e-03   3.4113473e-04   5.7256137e-04
  -1.1006157e-01   3.2744161e-01   7.4591870e+00   2.6549716e-03   6.9821923e-04   3.1241769e-04
  -1.0565977e-01   3.6616560e-01   7.5333568e+00   3.4226207e-03  -4.7072269e-05   1.5947801e-04
  -1.1401414e-01   3.4424706e-01   7.4838985e+00   2.1246033e-03   4.4957775e-04   2.8667881e-05
  -1.1690292e-01   3.1164933e-01   7.4126115e+00   1.6068371e-03   2.5979683e-04   7.6159495e-04
  -9.8152353e-02   2.8810284e-01   7.4163276e+00   1.7238014e-03   5.8606508e-04  -2.5162672e-04
  -1.3567255e-01   3.0810929e-01   7.4078432e+00   1.0194351e-03   8.9250975e-05   6.2272201e-04
  -1.1081415e-01   3.3550952e-01   7.4392920e+00   1.7653640e-03   2.6213303e-04   1.3702986e-04
  -7.0563520e-02   3.1251239e-01   7.4612869e+00   1.0938822e-03   3.2196473e-04  -2.5860256e-04
  -1.1353901e-01   3.5172287e-01   7.5306357e+00   2.5477307e-03   5.2744424e-04   3.9509044e-04
  -1.2024779e-01   3.3480925e-01   7.5566874e+00   2.4380934e-03   3.5526417e-04   6.4406451e-04
  -1.3629429e-01   3.2659111e-01   7.5089840e+00   1.8675368e-03  -3.2238248e-04   6.0461609e-04
  -1.0693512e-01   3.1048509e-01   7.4674097e+00   1.3810695e-03  -2.1093228e-04   7.3822213e-05
  -9.8412609e-02   2.7720556e-01   7.4355784e+00   2.2903224e-04   4.3673240e-04   1.8723847e-04
  -1.1977428e-01   3.1628971e-01   7.4640882e+00   9.9810722e-04   1.2555312e-04   4.9248549e-04
  -1.0312556e-01   2.6772052e-01   7.4841358e+00   1.1011721e-03  -2.9734121e-04   6.2598694e-05
  -8.7444271e-02   3.2955839e-01   7.5780075e+00   2.9596341e-03   8.1549174e-04  -3.4123300e-04
  -8.9871052e-02   3.1485807e-01   7.6499383e+00   3.3339087e-03   4.1874923e-04  -5.5451756e-05
  -1.3312441e-01   3.0611835e-01   7.6474191e+00   2.4791220e-03  -2.6772117e-04   6.1478596e-04
  -1.1254601e-01   3.3123141e-01   7.6785468e+00   2.8205786e-03   6.2594587e-04   6.6211850e-04
  -1.0720210e-01   3.3387530e-01   7.6225683e+00   1.9456637e-03   9.2142724e-04   7.3452119e-04
  -9.0701230e-02   3.2303719e-01   7.5541358e+00   1.1939665e-03   5.3895438e-04   1.2091308e-04
  -1.1390760e-01   3.1114517e-01   7.5710746e+00   1.3715246e-03   2.6531662e-04  -2.7524770e-04
  -1.1027091e-01   3.2181455e-01   7.6185213e+00   2.2063827e-03   7.9408263e-04   5.3419219e-04
  -1.0462917e-01   2.7027041e-01   7.6827402e+00   2.6418890e-03   4.4011379e-04  -1.8414526e-04
  -1.4554568e-01   3.0923032e-01   7.7004978e+00   1.9816829e-03  -5.0045625e-04   7.6099538e-04
  -1.1711913e-01   3.3720303e-01   7.7168966e+00   2.5497730e-03  -8.0491483e-05   5.9833074e-05
  -8.9646591e-02   3.4173406e-01   7.6217569e+00   1.1032322e-03   8.0094857e-04   1.2184664e-04
  -9.3662058e-02   3.1128234e-01   7.6242203e+00   1.4884057e-03   7.7778091e-04  -1.4709231e-04
  -7.9680272e-02   3.3432630e-01   7.6526920e+00   1.9080758e-03   1.7128118e-04  -4.9117115e-04
  -9.9878900e-02   3.4470642e-01   7.7246846e+00   2.1532366e-03   1.0093858e-04   3.0606041e-04
  -9.8200904e-02   3.5202940e-01   7.7594815e+00   2.2775924e-03  -4.5980024e-04  -9.2569703e-04
  -1.0312725e-01   3.4101421e-01   7.7887392e+00   2.0450430e-03  -1.0214693e-04  -1.6106328e-04
  -7.1172609e-02   3.3042721e-01   7.7121294e+00   1.0969966e-03   5.2366099e-04  -3.8163581e-04
  -1.2818493e-01   2.8902204e-01   7.6605934e+00   7.9103945e-04   4.4333952e-04   8.3817638e-04
  -1.0993399e-01   3.4504379e-01   7.7010965e+00   1.6710521e-03   3.2055381e-04   1.2886743e-04
  -1.1824517e-01   3.3410230e-01   7.7267986e+00   2.2810986e-03   6.0306682e-05   4.8319367e-04
  -1.1535895e-01   3.2602718e-01   7.6827075e+00   5.4542055e-04   3.2393442e-04   2.3425930e-04
  -1.3041232e-01   3.3640199e-01   7.7203468e+00   1.1931750e-03  -5.4817279e-04   3.7484203e-04
  -1.3345488e-01   2.0825497e-01   7.7256234e+00   1.6422812e-03  -5.0686863e-04   3.6412343e-04
  -1.2219390e-01   3.1226929e-01   7.7258967e+00   1.2440834e-03  -6.7520553e-04  -2.8237460e-04
  -8.1592562e-02   3.3457385e-01   7.7618974e+00   1.6979593e-03   8.1112039e-04  -3.1245777e-04
  -1.1697774e-01   2.9964290e-01   7.7355006e+00   7.8078557e-04  -1.3011158e-05   4.2941493e-04
