  -6.1229227e-15   1.4210855e-14   0.0000000e+00   7.6279451e-54  -2.2954512e-89  -3.0092655e-36
   1.4298837e-02   7.9401317e-03  -2.3077435e-02   4.3437665e-04  -3.5796923e-04   2.9088610e-04
  -7.6438854e-02   4.0033662e-02  -5.2817919e-02   6.8671776e-04  -1.8079421e-04   6.0662135e-04
  -1.0219959e-02   1.4471148e-02  -1.2445191e-01   8.9030483e-05  -4.6411542e-04  -4.7574666e-04
  -4.4122012e-02   2.1245732e-02  -1.3515644e-01   1.5504569e-05  -1.2826546e-04   6.4263115e-04
  -4.6671771e-02  -1.4821194e-02  -9.0373363e-02   9.0287699e-04  -5.3404021e-04   5.8113147e-04
  -4.2798301e-02   1.1371408e-02  -1.8049100e-01   8.8475389e-05  -5.7286605e-04   4.9285035e-04
  -7.9990492e-03  -3.1920910e-02  -2.0757709e-01   2.1206090e-04  -2.7070554e-04  -1.3118511e-04
  -6.1647706e-02  -9.1626139e-02  -2.0228819e-01   1.3452046e-04  -4.8200067e-04   7.2168830e-04
  -5.3131088e-02  -7.5146780e-02  -1.9972977e-01   6.3141000e-04  -6.7500957e-05   8.4671670e-04
  -4.1016696e-02  -5.9208959e-02  -2.2873476e-01   8.4134695e-04   4.0549763e-04   2.3662038e-04
  -3.8266877e-02  -9.1951414e-02  -2.6664482e-01   3.4528029e-04   7.3636228e-05   3.5273304e-04
  -3.2539078e-02  -1.0455881e-01  -3.4589081e-01   3.9132017e-04   4.0200015e-04   4.0236566e-04
  -4.4168990e-02  -8.9632731e-02  -4.0326145e-01   1.3665714e-04  -3.3283613e-04   7.3166682e-05
  -7.2246039e-02  -1.1773040e-01  -4.2154872e-01   1.4511300e-05   1.9593054e-04   8.3473531e-04
  -4.5604141e-02  -1.4118570e-01  -4.6702697e-01  -4.6046025e-04   4.7776186e-04   4.8126569e-04
  -4.7310343e-02  -8.4492855e-02  -4.6087751e-01  -1.7166787e-04   1.2571548e-05   7.8897634e-04
  -5.7512024e-02  -1.2776839e-01  -5.1976719e-01  -1.1197281e-03   5.3572423e-04   7.2387284e-04
  -4.7905674e-02  -1.2568318e-01  -4.5330385e-01   5.2042725e-04   3.0672260e-04   4.5345215e-04
  -2.3231353e-02  -1.3444772e-01  -4.5854153e-01   1.2430294e-04   1.0509611e-03  -1.4568330e-04
  -3.4453393e-02  -1.3829196e-01  -4.2770804e-01   6.1975943e-04   6.7983784e-04   1.3633475e-04
  -6.1504121e-02  -1.5214672e-01  -5.4511876e-01  -5.2958808e-04   5.1241961e-04   8.7218930e-04
   1.7364408e-02  -1.5862579e-01  -6.2058262e-01  -7.7053442e-04   6.9937848e-04  -1.1032724e-03
  -6.5810024e-02  -1.8456702e-01  -6.6913359e-01  -4.3204840e-04   4.4586666e-04   4.9734491e-04
  -3.9940345e-02  -1.9571948e-01  -6.1395058e-01   1.5963433e-03   1.0793968e-03  -7.1759975e-04
  -4.5964968e-02  -2.1956091e-01  -7.5721783e-01  -1.2125261e-03   3.1687464e-04   2.8342165e-04
  -3.0794081e-02  -1.8735192e-01  -7.6517410e-01  -4.9356653e-04   3.3349468e-04  -8.8602584e-04
  -2.4387542e-02  -2.1737656e-01  -7.6532031e-01   4.2828864e-04   2.9411082e-04  -4.0254108e-04
  -1.0670465e-01  -2.4118185e-01  -8.0994859e-01  -5.8312112e-04   6.8294581e-04   1.0697572e-03
  -4.2901086e-02  -2.2675461e-01  -8.0940029e-01  -5.7234369e-04   5.3366509e-05   2.4218450e-05
  -3.0274475e-02  -2.4773534e-01  -8.3412794e-01  -5.1349749e-04   4.9246929e-04  -2.2569690e-04
  -5.4747749e-03  -2.8386098e-01  -8.9306510e-01  -1.2072811e-03   3.6321987e-05  -4.5526822e-04
  -3.5656752e-02  -2.7674747e-01  -8.8174106e-01  -3.2262500e-04   6.4093532e-04   1.4742022e-04
  -1.4095416e-01  -4.8857383e-01  -8.8689431e-01  -1.0938805e-03  -4.6269510e-04   2.2679843e-03
  -5.8534205e-02  -2.7113200e-01  -7.9204875e-01   1.2376295e-03   3.1872300e-04   1.4554143e-04
  -4.4655378e-02  -3.1394613e-01  -8.0606307e-01   1.8121029e-04   3.8844428e-04   1.0241353e-04
  -3.6148732e-02  -3.0190073e-01  -8.2531779e-01  -2.4067994e-04   2.0444476e-04  -3.6785314e-04
  -6.3445347e-02  -3.0963949e-01  -9.1029045e-01   1.5731270e-04   1.1040653e-03   5.8107985e-04
  -6.7442443e-02  -2.9267507e-01  -9.1484866e-01  -5.0681201e-04  -6.3889740e-04  -2.2321882e-04
  -9.7067172e-02  -2.9450186e-01  -9.1053384e-01  -6.9797533e-04  -6.4732129e-04   7.5821724e-04
  -5.2896719e-02  -3.0859144e-01  -8.1663786e-01   3.1496513e-04   2.8983822e-04   1.3641634e-04
  -8.5047163e-02  -2.6274896e-01  -7.9357368e-01   8.2114840e-04   3.3833639e-04   4.8297442e-04
  -8.2551046e-02  -2.8456521e-01  -7.7111054e-01   1.5377872e-03  -2.2104463e-05  -7.0486474e-05
  -5.4920983e-02  -3.1760782e-01  -8.0731669e-01   4.3687280e-04   1.0517447e-03   2.0237572e-04
  -1.0551495e-01  -3.0769447e-01  -8.6327171e-01   2.3717578e-05   1.3789068e-04   7.6925373e-04
  -9.7028053e-02  -3.1457718e-01  -8.8607216e-01   1.1725417e-04   1.9989670e-04   7.5425687e-04
  -5.3073780e-02  -3.2485220e-01  -8.6756269e-01   1.1454360e-03   1.3448170e-03   2.2093880e-04
  -8.0458232e-02  -3.1196288e-01  -8.4143357e-01  -2.1033343e-04   3.0060400e-04   3.9491263e-04
  -7.4115639e-02  -3.3139149e-01  -7.7223203e-01   1.4931005e-03   2.4818157e-04   5.7514459e-05
  -7.1578054e-02  -3.0209798e-01  -8.1190516e-01   4.5144721e-04   1.5738864e-04  -1.8644944e-04
  -7.2050163e-02  -2.9938593e-01  -9.0620910e-01  -7.0202185e-04   3.6843006e-04  -1.1132051e-04
  -8.3342569e-02  -2.8608990e-01  -8.7031963e-01   3.1410542e-04   8.5854586e-04   1.1586680e-04
  -1.1243520e-01  -3.2385935e-01  -8.4355603e-01   1.4626037e-04   5.7531504e-04   8.6773182e-04
  -9.5127863e-02  -3.3176396e-01  -8.2546018e-01   1.1120995e-04  -5.8005446e-04   1.0679115e-04
  -6.3948336e-02  -3.1634701e-01  -7.8286035e-01   2.3075871e-04   1.2961352e-03  -6.0588238e-04
  -9.4702623e-02  -3.3761787e-01  -8.1474093e-01  -9.4646249e-04   7.2026033e-04   6.5547264e-04
  -1.3791992e-01  -2.8906138e-01  -7.1837965e-01   1.0075285e-03  -7.0732179e-04   5.0167776e-04
  -1.0373341e-01  -3.3287122e-01  -7.5018671e-01   1.7172145e-04   1.0992223e-03   5.4392701e-04
  -5.6080751e-02  -3.1694442e-01  -7.2213631e-01   7.9963018e-04   1.1330778e-03  -3.4210180e-04
  -1.1741040e-01  -3.1995520e-01  -6.9749544e-01   8.6588416e-04   3.1452221e-04   5.2495638e-04
  -8.8174555e-02  -3.1936647e-01  -7.4809308e-01   2.4059317e-04   9.2782379e-05   1.7533620e-04
  -1.0332871e-01  -3.4217319e-01  -8.4714618e-01  -6.6432013e-04   8.5044227e-04   2.7906206e-04
  -8.6304689e-02  -3.3558315e-01  -8.7273309e-01  -3.4587799e-04   1.0284283e-03   5.5597755e-04
  -9.6366035e-02  -3.1809272e-01  -7.7795579e-01   2.5175226e-04  -1.9207764e-04  -1.6359040e-05
  -1.0499343e-01  -3.3173374e-01  -7.5920928e-01   5.5358552e-04   8.2055457e-04   8.3328598e-04
  -1.1478774e-01  -3.3740369e-01  -6.9745272e-01   8.1370199e-04  -5.6795921e-04   5.7509147e-04
  -1.1365935e-01  -3.1412283e-01  -6.6914103e-01   9.9018094e-04   2.6759057e-04  -1.3763125e-04
  -7.8217658e-02  -3.3379109e-01  -7.2065499e-01   5.8094580e-04   7.2354254e-04   5.5640283e-04
  -5.0518477e-02  -3.5337813e-01  -7.5472191e-01   1.6347203e-04   3.9814342e-04   2.0821202e-04
  -3.5613259e-02  -3.0049922e-01  -8.0104609e-01   9.6775226e-04   6.4016270e-04  -3.4852791e-04
  -2.6982585e-02  -3.2891278e-01  -9.2180385e-01  -1.4474618e-03   2.5935564e-04   2.9358781e-04
  -3.3662633e-03  -3.3012264e-01  -8.9767382e-01   3.9146217e-04   5.4730105e-04  -6.9484853e-04
  -2.0700276e-02  -3.7103858e-01  -9.1052824e-01   1.9171095e-04   1.8112849e-04  -2.5712545e-04
  -6.8222311e-02  -3.8209131e-01  -9.0734398e-01  -5.7315290e-05   6.6837004e-04   1.2208104e-03
  -3.4283899e-02  -3.8775320e-01  -9.0902392e-01  -1.7617009e-04   1.5895365e-03   4.9710888e-04
  -4.0619428e-02  -3.4740877e-01  -8.3807377e-01   4.4771217e-04   6.4475349e-04   5.5365921e-04
  -1.3248484e-02  -3.1905874e-01  -8.7735218e-01   3.9570726e-04   1.0652191e-03  -3.3354275e-04
  -3.9986363e-02  -3.6898730e-01  -9.0390844e-01   1.0521937e-04   2.3779633e-04   8.4961787e-05
  -3.6205338e-02  -3.5032838e-01  -9.1061316e-01  -1.7912230e-04   9.8365661e-04   2.0299964e-04
  -4.7918739e-02  -3.9103810e-01  -9.2310298e-01  -8.0719599e-04   7.4544235e-04   6.9655301e-04
  -1.0327892e-03  -3.4119948e-01  -8.2652317e-01   9.0576829e-04   8.4848852e-04  -3.8207411e-04
  -5.0264756e-02  -4.0542738e-01  -8.8676328e-01  -1.8859319e-04   1.0066056e-03   6.1845121e-04
  -1.5046179e-02  -3.5221884e-01  -8.6323836e-01   3.6973720e-04   6.1932308e-04  -2.3262735e-04
  -4.4509232e-02  -3.7708904e-01  -8.7876836e-01   2.9549290e-04   4.4920214e-04   4.9081187e-04
  -2.8834856e-02  -3.9042949e-01  -8.7851118e-01  -5.2477081e-04   1.6760110e-03  -2.6214529e-04
  -1.4459354e-02  -4.0144979e-01  -8.2417406e-01   3.6308301e-04   8.3183816e-04  -1.5138520e-04
  -4.1619499e-02  -3.8016915e-01  -7.8370884e-01   3.3086212e-04   1.3697074e-03   2.3555757e-04
  -4.3335046e-02  -3.7718758e-01  -7.2900996e-01   1.4886747e-03   4.6171629e-04  -1.8719143e-04
  -9.4603867e-02  -6.2365031e-01  -7.5029098e-01  -1.1661450e-04  -5.1234039e-04   6.8921974e-04
  -5.2726424e-02  -3.5501714e-01  -7.4143284e-01   7.3069257e-04   1.0773995e-03   1.9905978e-04
  -1.6215211e-02  -3.5852164e-01  -6.8058064e-01   1.7804158e-03   6.5279098e-04  -4.8892340e-04
  -2.9885231e-02  -3.4408867e-01  -7.7552850e-01   2.8852013e-04   4.4854506e-04   3.0990482e-04
   3.7200185e-03  -2.9899403e-01  -8.3376847e-01  -2.6302376e-04   8.9816667e-04  -7.0165537e-04
  -2.6880284e-02  -3.5676642e-01  -8.9973117e-01  -1.3228714e-03   7.4538791e-04   1.1016541e-04
  -4.8098609e-02  -3.8772121e-01  -7.9354242e-01  -1.5029433e-04   4.3805001e-04   7.0188758e-04
  -3.9426578e-02  -3.5786675e-01  -7.5983805e-01   3.9336087e-04   7.1189969e-04   6.1576410e-04
  -4.3335321e-02  -3.6421326e-01  -7.1507788e-01   8.7543049e-04   3.4358957e-04   4.1216163e-04
  -2.5701964e-02  -3.3749588e-01  -6.7999086e-01   5.9069150e-04  -6.7629493e-05  -1.1756603e-04
  -4.7806021e-02  -3.7729529e-01  -6.2117884e-01   1.4107824e-03   7.8854479e-04   9.6114826e-04
  -5.7117735e-02  -3.5059476e-01  -6.2862538e-01   5.0099266e-04   1.5662760e-04   2.1558083e-04
  -2.5566642e-02  -2.9240720e-01  -6.0452791e-01   6.7101018e-04   2.3132223e-04  -1.7618978e-04
  -2.9678324e-02  -3.6106260e-01  -6.7461211e-01  -8.3984879e-05   1.1521866e-04   2.3582244e-04
   2.5548059e-03  -3.9301260e-01  -7.3365699e-01  -7.2886585e-04   9.9913880e-04  -5.0280006e-04
  -2.0318764e-04  -3.7218163e-01  -6.9956555e-01   2.2053991e-04   7.3015032e-04  -6.1451682e-04
  -2.9363223e-02  -3.4235454e-01  -6.8317336e-01   3.9922682e-04   1.0699362e-03  -3.3906556e-06
  -4.3339892e-03  -3.5354207e-01  -6.2043419e-01   1.2941769e-03   1.0706897e-03  -4.3373286e-04
  -5.1221338e-02  -3.8936545e-01  -7.0067545e-01  -3.6566254e-04   6.7257677e-04   8.4512331e-04
  -3.8825859e-02  -3.4339779e-01  -6.6441988e-01   4.0487545e-05   1.0754713e-03   5.5628364e-04
  -7.1212775e-02  -3.4482375e-01  -6.3654314e-01   3.0666194e-04  -6.9792555e-05   2.0085316e-04
  -1.4898501e-02  -3.8575788e-01  -6.0468717e-01   1.4766324e-04   1.0049868e-03   3.2943673e-04
  -4.6817615e-02  -3.5354041e-01  -5.3072757e-01   1.0738024e-03   1.1431008e-03   8.7318821e-04
  -7.2775131e-02  -3.3277535e-01  -4.9603845e-01   1.1669953e-03   1.2245462e-03   1.2799166e-03
  -7.6314386e-02  -3.3660684e-01  -5.2932043e-01   9.9168658e-04   9.4437617e-04   1.2902298e-03
   6.5081365e-03  -3.2663598e-01  -6.0350410e-01  -2.8799933e-04   1.5299127e-03  -7.5521299e-05
  -4.6541727e-02  -4.2433125e-01  -6.6352299e-01  -1.7278580e-03   4.0607299e-04   6.8529102e-04
   3.5325229e-02  -3.5767106e-01  -5.6720532e-01   3.1030827e-04   9.2749159e-04  -5.4943398e-04
  -1.9244883e-02  -3.6470242e-01  -6.0367539e-01  -7.6835630e-04   2.1721272e-04   2.8540105e-04
  -1.9633084e-02  -3.0111377e-01  -5.4947346e-01   3.6931958e-04   9.8185560e-04   2.2170549e-04
  -3.7608212e-02  -3.0571581e-01  -5.9854894e-01  -7.5880702e-04   7.6856534e-04   5.2818285e-04
  -3.8002499e-02  -3.5907579e-01  -5.3009528e-01  -3.5181038e-04   9.2009161e-04   5.5975086e-04
  -3.2003295e-02  -3.3458810e-01  -4.8691423e-01  -2.5036640e-04   2.9680217e-04   1.3531492e-04
  -3.8312491e-02  -3.2645935e-01  -4.4358806e-01   4.8911287e-04   6.4967076e-04   1.7121518e-04
  -1.6440667e-02  -3.2908994e-01  -4.0631452e-01   1.1930281e-05   7.2881507e-04  -1.6583986e-04
  -2.0774631e-02  -3.1223749e-01  -4.5096521e-01   1.7941236e-04   1.9621839e-04  -1.4817284e-04
  -1.3845884e-02  -3.0168293e-01  -4.9289795e-01  -2.6128153e-04   8.5957758e-04   3.3062670e-05
   2.6133754e-05  -3.0565228e-01  -4.8528187e-01   1.1201455e-04   1.5819645e-03  -3.2429606e-05
  -4.2629177e-03  -3.2976188e-01  -4.2369952e-01   7.4354913e-04   6.7621905e-04   3.4419910e-04
  -2.2458113e-02  -2.9467384e-01  -4.2723483e-01   2.6134375e-04   8.8041544e-04   5.2921729e-04
  -2.7361824e-02  -2.9433752e-01  -3.5324929e-01   5.9974675e-04   5.8338530e-04   1.5084149e-04
  -5.1156917e-02  -3.1415159e-01  -3.1001265e-01   9.4896953e-04   7.0670215e-04   9.3870945e-04
  -2.8220993e-02  -3.0829000e-01  -2.7712795e-01   1.2096744e-03   5.4796946e-04  -1.0178407e-04
  -3.1413025e-02  -3.0533981e-01  -2.5507035e-01   9.1761075e-04   9.9859027e-04   2.2172992e-04
  -4.5052532e-02  -3.1000071e-01  -2.4756025e-01   1.2745493e-03   1.5634302e-03   8.3596655e-04
  -2.6599626e-02  -2.9987659e-01  -2.0902528e-01   1.6358535e-03   1.6371310e-03   2.6437994e-04
  -9.6833420e-03  -2.9655073e-01  -2.0727573e-01   1.1038436e-03   4.6623235e-04  -4.6960551e-04
  -3.8487599e-02  -3.0567012e-01  -2.0969697e-01   7.5266786e-04   6.9707820e-04   4.1498435e-04
  -4.6160761e-02  -2.8568959e-01  -1.8925897e-01   6.7425122e-04   1.0094207e-03   3.7535622e-04
  -3.7737420e-02  -2.6745550e-01  -1.7646408e-01   1.1081032e-03   1.1828768e-03   3.4212915e-04
  -8.3656197e-03  -2.8825804e-01  -1.7269773e-01   5.7782063e-04   8.2883345e-04   8.9419875e-05
  -4.6966385e-02  -3.1273032e-01  -1.7501300e-01   4.3251806e-04   1.0108955e-03   6.8639658e-04
  -6.4200385e-02  -3.0231356e-01  -1.2803622e-01   6.7054611e-04   8.1823113e-04  -3.0970417e-04
  -3.1641285e-02  -2.6182492e-01  -1.1534229e-01   1.1700399e-03   1.2776995e-03   8.8031644e-04
  -8.4045175e-03  -2.9607394e-01  -2.4787362e-01  -7.2366461e-04   1.1756138e-03   4.4656024e-04
  -1.5149055e-02  -3.1196870e-01  -2.7460989e-01  -5.4633761e-04   9.8968694e-04   5.8795414e-04
   2.4544575e-02  -3.0807338e-01  -2.7486252e-01   5.2724932e-04   1.4039402e-03  -1.0484872e-04
   4.6902587e-02  -3.0605075e-01  -2.2110606e-01   7.3405607e-04   1.1015010e-03  -1.2910405e-04
   2.9343584e-02  -3.0215625e-01  -1.8892704e-01   1.2722808e-03   8.3362597e-04   5.8608982e-05
   1.2476114e-02  -3.0171540e-01  -1.6145593e-01   5.7735187e-04   1.1180530e-03  -2.5322705e-04
  -1.1254409e-02  -2.7683538e-01  -8.9608962e-02   1.1365122e-03   8.2928965e-04   2.2595743e-04
  -4.2326260e-02  -2.9139723e-01  -6.3364239e-02   1.1728032e-03   1.1248248e-03   6.1202215e-04
  -2.7719783e-03  -2.6396577e-01  -3.0654610e-02   1.3404819e-03   9.8792611e-04   4.9647610e-04
  -4.5387691e-02  -2.8550851e-01  -3.6591024e-02   5.9408694e-04  -9.8994008e-05   6.9908908e-04
  -3.5819812e-04  -2.7064117e-01   2.5656105e-02   1.5817704e-03   1.2398867e-03   3.7393277e-04
  -4.6097973e-03  -2.6088076e-01   1.3452921e-04   7.9586871e-04   1.1856010e-03   3.1452436e-05
  -2.1500520e-02  -2.3787437e-01   3.1609116e-02   1.2010896e-03   9.8426020e-04   5.5258060e-04
  -2.8834637e-02  -2.6152109e-01   4.2644343e-02   1.9005390e-03   1.4634801e-03   6.5438671e-04
   1.3688117e-02  -2.2405697e-01   1.0827357e-02   1.1837010e-03   6.1775369e-04  -2.7501428e-04
   5.9039921e-03  -2.4763266e-01  -6.4418871e-02   1.1175947e-04   1.0634353e-03   3.7270295e-04
  -4.2960806e-02  -2.9244015e-01  -6.8532512e-02  -4.8933008e-04   3.3869359e-04   8.3387267e-04
  -9.8558758e-05  -2.4921201e-01   2.7935554e-02   1.3670745e-03   1.2099565e-03   5.5106769e-04
   1.9375097e-02  -2.4528958e-01   1.4539967e-02   7.9297465e-04   4.5088037e-04  -1.3520561e-04
   5.7296777e-04  -2.2759011e-01   4.3059437e-02   7.4214931e-04   9.6860894e-04  -1.0651592e-07
   2.0018556e-02  -2.0962088e-01   2.4871248e-02   2.9747033e-04   8.5723981e-04  -4.4971761e-04
   3.0394663e-03  -3.6521153e-01  -4.7176767e-02  -1.7275812e-03   1.1288677e-03   5.9020333e-05
  -2.6499895e-02  -2.1462284e-01   9.7916542e-02   1.4097937e-03   8.0924738e-04   9.3777469e-04
  -1.9954139e-02  -2.2710620e-01   1.3208121e-01   1.3456428e-03   7.5285593e-04   6.2875151e-04
   1.3666095e-02  -2.1999977e-01   1.9947653e-01   1.6294133e-03   8.6783799e-04  -1.5023382e-04
  -2.0696445e-02  -2.1519883e-01   2.3084868e-01   2.1635014e-03   4.4855246e-04   9.0025728e-05
  -1.1420868e-02  -2.2462643e-01   1.8736116e-01   1.0010215e-03   1.1970768e-03   1.7180963e-04
  -1.1878076e-02  -1.8674292e-01   1.7150433e-01   6.8373501e-04   4.9907384e-04  -1.4321012e-04
  -1.2639077e-03  -2.4798674e-01   2.2942661e-01   1.6451840e-03   1.3377106e-03  -1.0445054e-04
  -8.9945338e-04  -2.2465980e-01   2.6238856e-01   9.3471873e-04   1.0555305e-03   1.2226831e-04
  -3.5437541e-02  -1.9883630e-01   3.2243662e-01   1.7291324e-03   8.1370560e-04   1.0118712e-03
  -4.8942306e-03  -2.3120413e-01   2.6244801e-01   8.8102351e-04   1.3334544e-03   9.9982495e-05
  -8.0415113e-03  -1.8292816e-01   2.5954117e-01   8.5525229e-04   1.0174423e-03   2.6596419e-04
   2.6625529e-02  -1.8578197e-01   3.1025497e-01   1.5039575e-03   1.4464277e-03  -3.5170797e-04
   1.1910983e-02  -1.7547611e-01   3.7279475e-01   1.6706060e-03   8.8269884e-04  -3.9063608e-04
   2.1133029e-02  -1.9461518e-01   3.7410364e-01   1.1975599e-03   1.7744811e-03  -3.9097229e-04
  -7.1081473e-03  -1.8350115e-01   4.0048465e-01   1.0828443e-03   8.2525431e-04   8.7885287e-05
  -9.0267589e-04  -1.7781464e-01   4.0868895e-01   1.2229327e-03   1.6213886e-03  -8.7855118e-05
  -4.9457831e-02  -1.7012095e-01   4.2855592e-01   1.1940117e-03   6.0378581e-04   7.3249524e-04
  -3.1273193e-02  -1.7163125e-01   4.4763425e-01   1.1241031e-03   6.9274348e-04   9.7394688e-04
  -1.2503202e-02  -1.4410500e-01   4.8854011e-01   1.7955796e-03   1.3780276e-03   3.5488456e-04
   1.1599584e-02  -1.6143854e-01   4.8762109e-01   1.3327654e-03   1.2032337e-03  -6.4032288e-04
   2.2019292e-03  -1.4602770e-01   4.9809113e-01   1.7668043e-03   1.0777944e-03  -4.9873996e-05
  -8.4536927e-04  -1.5036467e-01   4.3830400e-01   1.0176437e-03   1.0515081e-03   3.9130010e-04
  -2.4930952e-03  -1.5319105e-01   4.3050175e-01   1.5271740e-03   1.8792641e-03   2.8045515e-04
   2.9972864e-02  -1.8739427e-01   4.5590838e-01   9.6706920e-04   6.1256925e-04  -7.0065348e-05
   1.8035004e-02  -1.6676773e-01   3.8851690e-01  -2.7872827e-05   1.8010815e-03  -1.4566781e-04
   3.7866525e-02  -1.3221054e-01   4.3624841e-01   3.8206626e-04   1.7155300e-03  -4.4634612e-04
   2.6227303e-02  -1.4479283e-01   4.5994260e-01   7.6723390e-04   1.4208889e-03  -1.4544412e-04
   7.7354487e-03  -1.4573028e-01   4.7527662e-01   6.0160109e-04   1.3426273e-03  -2.6053026e-05
   5.7459489e-04  -1.5676132e-01   4.9284994e-01   4.4624837e-04   1.4816882e-03   3.5982397e-04
  -2.0969032e-02  -1.3593702e-01   5.2606533e-01   4.1853386e-04   1.0011637e-03   5.9997939e-04
  -9.9173390e-03  -1.1836170e-01   5.8197180e-01   7.8156001e-04   1.4147600e-03   6.9718774e-04
   2.9238574e-02  -1.4635972e-01   6.1633164e-01   9.1942018e-04   1.0775049e-03  -2.2291889e-04
  -8.9556267e-03  -9.4007821e-02   6.0747472e-01   8.1839990e-04   2.5724210e-04  -6.1882260e-04
   5.6651988e-02  -1.1306972e-01   5.8150574e-01   6.8830956e-04   5.0997923e-04  -1.0136115e-03
   1.3385380e-02  -1.2636696e-01   5.4821767e-01   2.4015032e-04   7.0189058e-04   4.5420981e-05
   8.3957592e-03  -8.7769822e-02   6.0854674e-01   1.1827763e-03   9.7766899e-04   1.0547879e-04
   3.1195064e-02  -1.0708641e-01   6.3107508e-01   5.7837936e-04   1.2339352e-03  -2.6521287e-04
  -2.1324156e-02  -1.1510250e-01   6.4120933e-01   1.0618738e-03   8.7039500e-04   9.2770617e-04
   1.1734606e-02  -1.4137503e-01   6.5018031e-01   1.2311359e-03   4.2756211e-04  -4.0759838e-04
   1.9849706e-02  -1.3352907e-01   6.7885484e-01   1.3498855e-03   1.0404715e-03  -1.9829097e-04
   2.7739783e-02  -1.1825255e-01   6.8142138e-01   9.8962787e-04   1.8910660e-03  -8.5710252e-05
   1.8953270e-02  -1.1731819e-01   7.2979979e-01   1.2597898e-03   1.0541221e-03  -2.8523039e-04
   1.8378029e-02  -1.3309181e-01   7.5798000e-01   1.1606793e-03   1.2198872e-03   9.8353510e-05
  -1.4342779e-03  -9.0569772e-02   7.9625131e-01   1.3385207e-03   1.1914149e-03  -2.0837090e-05
   3.2233418e-02  -1.1135951e-01   8.2009222e-01   7.2714364e-04   4.7514736e-04  -7.2405791e-04
   1.2756180e-02  -1.2823861e-01   8.6065926e-01   1.4330417e-03   1.0752791e-03   3.9134913e-04
   3.8645556e-02  -9.8354667e-02   8.2528603e-01   3.1500179e-04   1.0935155e-03  -7.1299990e-04
   1.4822973e-02  -5.6876459e-02   8.3869889e-01   5.5030066e-04   4.7524940e-04  -7.1316452e-04
   1.9086370e-02  -9.1807083e-02   7.7512634e-01  -1.7445004e-04   3.6834819e-04  -1.4473971e-04
   2.6242808e-03  -5.9722429e-02   8.5002876e-01   1.4755829e-03   3.7465615e-04   5.0619176e-04
   1.0079506e-02  -4.9819297e-02   8.4593996e-01   8.4917233e-04   6.8079248e-04   2.1988669e-04
   2.7221371e-02  -6.3882328e-02   8.1556571e-01   5.1817642e-05   1.4796240e-04   3.0707688e-06
   1.6494383e-02  -6.3749517e-02   8.3060450e-01   1.7534096e-05   1.1545983e-03   2.6668422e-04
   3.7818586e-02  -5.4671166e-02   8.9614588e-01   4.2544660e-04   7.5522061e-04  -9.2751071e-05
   2.6790176e-02  -1.9963256e-02   9.1373017e-01   7.7182309e-04   1.3011019e-03  -1.7717128e-04
   2.5287249e-02  -4.1423894e-02   9.3556914e-01   6.0966603e-04   1.3727124e-03  -1.7541960e-04
  -3.1198423e-04  -1.9923974e-02   9.5038589e-01   1.0454055e-03   1.1839771e-03   3.9553765e-04
   3.9265823e-02  -7.7629971e-02   9.4180023e-01   6.2054086e-04   1.0167720e-03  -1.9131910e-05
   2.4606797e-02  -3.8151607e-02   9.5274770e-01   1.2392557e-03   1.6159648e-03  -1.4555018e-04
   2.3378387e-02  -6.8355835e-02   9.3414866e-01  -1.6411624e-04   1.5296322e-03   2.0327850e-04
   3.1571683e-02  -7.3271491e-02   9.7524658e-01   8.9849605e-04   1.4920559e-03  -1.3737216e-04
   1.8156714e-02  -8.0553833e-02   1.0109863e+00   1.2130231e-03   8.0333519e-04   1.6308793e-04
   3.1996816e-02  -6.5139974e-02   1.0284652e+00   8.3920802e-05   1.5826817e-03  -7.5372885e-05
   3.0831532e-02  -5.5987033e-02   1.0916835e+00   1.1999679e-03   1.2326861e-03   1.9103100e-04
  -8.0054417e-03  -6.3861954e-02   1.1076150e+00   6.9733398e-04   1.0466468e-03   7.8654080e-04
   1.5475012e-02  -3.9217724e-02   1.1273019e+00   8.4027583e-04   1.8300709e-03   4.0071336e-04
   5.8288530e-02  -5.4793081e-02   1.0762177e+00  -9.7588064e-05   1.7175883e-03  -6.0620539e-04
   8.8631409e-02   1.8558648e-01   9.7740212e-01  -1.1327713e-03   1.1850157e-03  -2.6188176e-03
   2.7008415e-02  -2.9915286e-02   1.0170810e+00  -5.7306716e-04   9.5341265e-04   1.9137300e-04
   5.5843528e-02  -1.5840502e-02   1.0617585e+00  -2.1848003e-04   1.0247770e-03  -5.9920865e-04
   2.9888231e-02  -6.1950601e-02   1.1141663e+00   1.0742349e-04   8.0489220e-04   3.5800393e-04
   5.2732062e-02  -2.1387338e-02   1.1740874e+00   1.2647696e-04   9.1211506e-04  -6.5662704e-04
   3.6190144e-02  -1.4046082e-02   1.2441761e+00   1.3618038e-03   1.6750413e-03  -4.2158129e-04
   1.3098393e-02   1.9613525e-02   1.2505100e+00   1.4137750e-03   6.0680993e-04  -2.2790066e-04
   6.1417642e-03  -4.7082699e-02   1.2645151e+00   1.1237588e-03   1.2567288e-03   2.4561540e-04
   3.8691000e-02  -4.2851368e-02   1.2761214e+00   1.0643797e-03   9.7171066e-04  -3.8326420e-04
   3.6590839e-02  -2.0923839e-02   1.2740566e+00   2.6723324e-04   1.3723750e-03   8.3264351e-05
   2.7853263e-02  -7.7940387e-03   1.2798023e+00   6.8833786e-04   9.8254733e-04   3.5041749e-04
   3.8541603e-02   3.7679008e-04   1.2052729e+00  -9.1965995e-04   1.9144871e-03   1.5336973e-04
   3.5264276e-02  -7.5844475e-03   1.1966161e+00   5.3485876e-05   1.6777846e-03   1.7438325e-05
   5.9978306e-02   1.0423511e-02   1.2472566e+00   5.2546326e-04   1.6984121e-03  -2.3629000e-04
   3.8947151e-02   2.6118914e-03   1.2997562e+00   6.6775157e-04   1.4392147e-03   5.1923310e-04
   4.1400996e-02  -7.6030822e-03   1.2682562e+00   2.0788437e-04   1.3111712e-03  -9.9740333e-05
   4.9277191e-02   2.0479998e-02   1.2915000e+00   4.0352698e-04   1.4305515e-03   1.1484404e-04
   2.0281241e-02  -6.5606117e-03   1.2960456e+00  -9.3181886e-05   6.4401592e-04   4.0119254e-04
   2.2597052e-02  -3.3289419e-03   1.3531763e+00   8.2101985e-04   1.3187705e-03  -7.3772707e-05
   6.3920892e-03   3.7124948e-02   1.4308461e+00   1.6750541e-03   1.1428549e-03   5.1114683e-04
   3.5583584e-02   3.1648913e-02   1.4336148e+00   9.6170705e-04   1.3396365e-03  -2.9325819e-04
   4.0377864e-02   1.7531502e-02   1.4582804e+00   5.7848659e-04   1.7677537e-03   4.9906534e-04
   2.9823655e-02   1.2854949e-02   1.4697276e+00   1.2512151e-03   1.2480401e-03   2.3727091e-04
   3.3587528e-02   2.1604910e-02   1.4817950e+00   6.0349987e-04   1.2738497e-03   6.8084547e-06
   2.6351280e-02   3.4165112e-02   1.5201725e+00   1.0009892e-03   1.9473226e-03   5.6874814e-04
   5.9924791e-02   5.4628338e-02   1.5099537e+00   1.0571525e-03   6.9703943e-04  -3.3633142e-04
   6.9089161e-02   3.3963147e-02   1.4179976e+00  -6.3024448e-04   1.0110788e-03  -5.2915609e-04
   7.9579744e-02   6.0808519e-02   1.4159573e+00  -1.1647321e-04   1.6050658e-03  -4.5548147e-04
  -4.8241361e-03  -6.0014040e-02   1.4908131e+00   1.3271941e-03   8.6578994e-04   1.2682209e-03
   4.3513771e-02   4.9748754e-02   1.5049117e+00   3.8345736e-04   1.4467354e-03   3.1079925e-04
   5.3907044e-02   6.8922677e-02   1.5413960e+00   4.7947730e-04   1.2864510e-03  -1.3890517e-04
   3.7017495e-02   6.5777744e-02   1.5651076e+00   4.2623704e-04   1.2595959e-03  -4.5108647e-05
   2.8024627e-02   3.0475608e-02   1.6154742e+00   7.3645103e-04   1.3576316e-03   6.2623619e-04
   5.4427665e-02   3.7837250e-02   1.6138062e+00  -6.5274397e-05   6.9743705e-04  -3.8614845e-04
   4.0437560e-02   8.4848865e-02   1.6328210e+00   3.4810856e-04   1.6690804e-03   3.6160658e-04
   5.1826255e-02   6.1522261e-02   1.6419106e+00   4.5544174e-04   1.5245178e-03   3.4283409e-05
   3.2826772e-02   3.2559344e-02   1.6746843e+00   1.0536881e-03   3.9299353e-04   2.0089229e-04
   4.6290416e-02   7.3249201e-02   1.6759077e+00   4.6237224e-04   1.8608216e-03   1.7646654e-05
   4.5052036e-02   2.5624155e-02   1.6920472e+00   6.2257288e-05   1.1092009e-03   1.1667398e-04
   3.2421319e-02   4.4881247e-02   1.6922637e+00   1.3405462e-04   1.0918915e-03   7.3797248e-05
   4.1845727e-02   6.7152373e-02   1.7128042e+00  -1.2703310e-04   1.2298314e-03  -5.7959500e-05
   2.1098328e-02   9.7409673e-02   1.7488694e+00   1.6448023e-04   3.5629966e-04   6.3859186e-05
   6.5738099e-02   1.0194844e-01   1.6519989e+00  -1.3005055e-03   7.9943604e-04  -4.4042468e-04
   4.9166759e-02   5.3500832e-02   1.6300007e+00  -1.2232999e-03   5.3940850e-04   2.4031937e-04
   5.0051717e-02   6.8953760e-02   1.6153830e+00  -1.0399256e-03   7.8956860e-04   6.0835767e-04
   5.5675213e-02   8.6998019e-02   1.6572037e+00  -4.1977466e-05   9.9683751e-04  -2.1870502e-04
   6.1014213e-02   7.4412832e-02   1.7186099e+00   2.7101961e-04   1.0850911e-03   4.0910532e-04
   7.5231847e-02   8.2961489e-02   1.6707203e+00  -8.4898724e-04   4.3471327e-04  -3.0313561e-04
   3.8031954e-02   1.0923541e-01   1.7553132e+00   7.8457853e-04   9.1272133e-04   7.4824628e-04
   6.9376302e-02   1.0206523e-01   1.7214550e+00  -5.9693962e-04   1.5939672e-03   5.4784662e-05
   7.1936985e-02   8.8509934e-02   1.7569936e+00  -1.8948986e-04   7.5211425e-04  -7.2008594e-05
   6.3162499e-02   9.6259495e-02   1.7825829e+00  -5.6315623e-05   1.4894455e-03   3.7846350e-04
   3.7069784e-02   1.0516726e-01   1.7848222e+00  -1.6418469e-04   8.5327397e-04   1.0555935e-03
   8.7539063e-02   1.1561036e-01   1.7887464e+00  -3.3741376e-05   1.3543262e-03  -8.8220948e-05
   6.8541713e-02   1.1650911e-01   1.8105954e+00  -1.7370893e-04   9.7010431e-04   1.6939474e-04
   7.7611625e-02   1.3078905e-01   1.8127184e+00  -8.3984417e-04   1.1908319e-03   4.0447030e-04
   7.0235409e-02   1.0842600e-01   1.8525020e+00  -4.5370882e-04   1.4619848e-03   4.6084410e-04
   6.4119002e-02   1.2379892e-01   1.9165604e+00   4.4115477e-04   1.2502985e-03  -2.8587916e-04
   5.7603274e-02   1.1322659e-01   1.9254034e+00   1.0421421e-04   6.9497834e-04   1.0199088e-03
   6.8475669e-02   1.6486442e-01   1.9094477e+00  -1.3844988e-03   6.1851264e-04  -1.3785788e-04
   3.7949690e-02   1.0738984e-01   1.9808353e+00   5.9809087e-04   5.2000823e-04   4.1833357e-04
   1.0139697e-02   1.3087489e-01   2.0037202e+00  -2.5678589e-04   2.2078759e-04   1.5533209e-03
   5.0036778e-02   1.4561957e-01   1.9887425e+00   2.9831700e-04   6.1757462e-04   7.4937112e-05
   6.8048874e-02   1.8586137e-01   1.9785624e+00   1.5519317e-04   1.2363756e-03   4.6435041e-05
   5.5695186e-02   1.4422891e-01   1.9742597e+00  -3.0284187e-05   6.6289951e-04   5.6220495e-04
   1.0268411e-01   1.1623366e-01   2.0078416e+00   2.0749880e-04   1.5699940e-03   1.0905114e-04
   5.0190103e-02   1.5150862e-01   2.0534487e+00   5.3540622e-04   6.9050672e-04   2.6862728e-04
   4.5350348e-02   1.5307135e-01   2.0750537e+00  -6.9107225e-05   6.4575494e-04   8.6287555e-04
   4.9344586e-02   1.7205272e-01   2.1318576e+00   4.9266690e-04   1.2664053e-03   5.0627763e-04
   6.3752835e-02   1.5129987e-01   2.0777345e+00   1.8102981e-04   7.4920613e-04  -1.1663780e-04
   7.6161351e-02   1.2541124e-01   2.0807969e+00   4.6503878e-05   9.0438465e-04  -1.5254277e-04
   8.2213744e-02   1.5767529e-01   2.1034368e+00   2.5784429e-04   9.9437165e-04  -2.1515577e-04
   7.4779427e-02   1.7475717e-01   2.0994399e+00  -1.4524047e-04   1.1794270e-03  -1.6228257e-04
   6.5536628e-02   1.5411928e-01   2.1300234e+00  -9.3622062e-05   5.9247316e-04   7.0845828e-05
   5.9676958e-02   1.5319255e-01   2.1835922e+00   5.8122673e-04   3.2938989e-04   3.3572926e-04
   8.2597649e-02   1.7692209e-01   2.2191529e+00   3.9756173e-04   1.0054446e-03  -1.5804233e-04
   7.1222639e-02   1.6032197e-01   2.2385881e+00   3.9205383e-04   1.3901807e-03   1.3311940e-04
   7.9398646e-02   1.9623479e-01   2.2607658e+00   7.0844201e-04   1.8051475e-03   1.7005436e-04
   5.4058119e-02   1.6750771e-01   2.1904245e+00  -7.0250834e-04   8.5974570e-04   8.2666859e-04
   1.1857040e-01   1.9179883e-01   2.1408385e+00  -1.0912928e-03   1.6378124e-03   1.9268172e-04
   7.0232894e-02   2.0038867e-01   2.1802716e+00  -3.7853047e-04   4.0555851e-04  -5.0065130e-06
   8.0959874e-02   1.7027978e-01   2.2029962e+00  -6.2070782e-04   4.8223079e-04   3.8069567e-04
   5.1061090e-02   1.9762660e-01   2.2239771e+00  -5.6625720e-04   6.3573573e-04   5.3112753e-04
   6.8954006e-02   1.9203742e-01   2.2767126e+00  -1.7627018e-04   5.6058810e-04   2.1596766e-04
   8.2813669e-02   1.9327257e-01   2.2593859e+00  -4.7983916e-04   1.1496195e-03   6.9961893e-05
   1.1752498e-01   1.9542097e-01   2.3540231e+00   2.1768739e-04   7.6486008e-04  -8.8513404e-04
   8.0230538e-02   2.1021104e-01   2.3498987e+00  -9.8781596e-06   4.9354499e-04  -1.4430401e-04
   7.7378418e-02   2.1498740e-01   2.4359226e+00   1.1176405e-03   1.1925359e-03   9.4901076e-05
   9.7329235e-02   2.5011740e-01   2.4543960e+00   8.5863186e-04   8.2079108e-04  -1.3297852e-04
   1.0925783e-01   2.3727017e-01   2.4534382e+00   6.2234334e-04   1.0528601e-03  -7.6977907e-04
   5.6589104e-02   2.3590183e-01   2.4192292e+00   5.0538014e-04   8.0170019e-04   8.6429141e-04
   7.6867565e-02   2.2620352e-01   2.3691772e+00   3.6194192e-05   4.5846820e-04   3.7823665e-05
   8.7423078e-02   2.4618051e-01   2.3733356e+00  -9.1996490e-05   5.8287630e-04  -4.9579895e-05
   8.7707641e-02   1.8053023e-01   2.3732074e+00  -3.1287911e-04   1.0321249e-03   4.1180155e-04
   8.9505989e-02   2.1556894e-01   2.4267737e+00  -1.1650416e-04   1.3507490e-04  -1.9537424e-04
   9.3100826e-02   2.1458744e-01   2.4346740e+00  -2.1556225e-04   1.2489059e-03   6.8568219e-04
   7.4560838e-02   2.4650534e-01   2.4220335e+00  -8.5411258e-04   9.5236083e-04   1.0225981e-03
   9.9530080e-02   2.3015199e-01   2.4643147e+00  -1.4278114e-04   1.0281770e-03   4.3227622e-04
   5.7037863e-02   2.2621525e-01   2.4865951e+00  -4.3882133e-04   5.3465662e-04   1.1662155e-03
   1.0434024e-01   2.3307456e-01   2.5477471e+00   2.1316557e-04   1.3566614e-03  -3.1363614e-04
   6.0821574e-02   2.7015064e-01   2.5938669e+00  -1.0641239e-06   1.2093834e-03   1.7101626e-04
   1.1321079e-01   2.6080097e-01   2.6095859e+00   9.8543002e-05   4.4969818e-04  -2.7603541e-04
   7.5552742e-02   2.2885166e-01   2.6222355e+00  -8.4766534e-05   3.6718366e-04   1.0943031e-05
   6.7282954e-02   2.4430624e-01   2.6044490e+00  -2.3902650e-04   6.4004088e-04   4.4571408e-04
   8.5959061e-02   2.7212879e-01   2.5955619e+00   2.9484245e-05   1.7458014e-03   4.5359650e-04
   1.0094273e-01   2.5829936e-01   2.5396862e+00  -6.5042980e-04   1.3160213e-03  -2.3482307e-04
   1.1091839e-01   2.6323980e-01   2.5392061e+00  -9.2694951e-04   1.6690281e-03  -3.3456095e-06
   1.1044704e-01   2.6245186e-01   2.5320054e+00  -1.5012548e-03   8.3231820e-04  -6.4285280e-05
   1.0251601e-01   2.8715248e-01   2.6303368e+00  -4.6756158e-04   7.5335074e-04   9.8315734e-05
   1.0576359e-01   2.9753444e-01   2.6842105e+00   1.0794741e-03   1.3145536e-03  -2.0279948e-04
   1.2362740e-01   2.5020446e-01   2.6768382e+00   5.2639916e-04   1.2691811e-03  -4.2620430e-04
   1.2350631e-01   2.6845409e-01   2.6672499e+00   2.4761300e-04   1.7821777e-03  -2.8050778e-04
   1.3350189e-01   2.5897889e-01   2.6594819e+00  -9.3431521e-05   1.4822484e-03  -8.8875389e-04
   7.1662191e-02   2.4501018e-01   2.7151502e+00   4.9408171e-04   1.0505526e-03   5.8251101e-04
   7.3231067e-02   2.7071711e-01   2.7541168e+00   3.3002137e-04   1.5108579e-03   4.7099212e-04
   7.6271083e-02   2.6787464e-01   2.7675635e+00  -2.6250944e-04   1.0166573e-03   5.9044933e-04
   7.0759909e-02   2.8441333e-01   2.8069475e+00  -1.3692007e-04   9.7193932e-04   8.3952713e-04
   1.1134278e-01   3.0490578e-01   2.8361451e+00   2.5357350e-04   1.1086786e-03  -2.4945806e-04
   1.1345553e-01   2.8784457e-01   2.8691658e+00  -5.5331830e-05   1.7355601e-03   4.2723482e-05
   9.9103746e-02   2.6678675e-01   2.8709168e+00   8.9285785e-04   1.2356087e-03   1.9374371e-04
   1.2906622e-01   3.2347516e-01   2.8282175e+00  -1.7251315e-04   1.4842926e-03  -3.6769830e-04
   1.2509704e-01   2.7218154e-01   2.7423528e+00  -1.7416235e-03   1.3390868e-03   4.0850420e-05
   5.6402293e-02   2.9359462e-01   2.7761109e+00  -1.0649697e-03   6.6260067e-04   7.5556003e-04
   9.8849455e-02   2.9463955e-01   2.8133916e+00  -9.4074525e-04   7.7679583e-04   3.6157703e-04
   1.1415131e-01   2.9741234e-01   2.8735797e+00  -5.0288601e-04   8.2859926e-04  -1.6755189e-04
   7.8460430e-02   2.8761080e-01   2.8810375e+00  -8.0007277e-04   6.1348341e-04   9.0709420e-04
   9.4632010e-02   3.2147730e-01   2.8634968e+00  -5.7802925e-04   1.1891750e-03   5.1923163e-04
   8.6123301e-02   3.1841058e-01   2.8794818e+00  -9.8751362e-04   6.3650900e-04   4.0085617e-04
   9.3697445e-02   3.1586753e-01   2.9345725e+00  -2.3203227e-04   1.0634548e-03   4.0230670e-04
   8.8290671e-02   3.3182778e-01   2.9774969e+00  -3.0598195e-04   7.5524782e-04   1.8054321e-04
   1.2366200e-01   3.4133314e-01   3.0084466e+00   1.3488686e-04   1.6675135e-03  -4.6431349e-04
   7.4055802e-02   3.5051121e-01   3.0108406e+00   6.5855407e-05   1.3931753e-03   7.4160025e-04
   1.2868639e-01   3.3640021e-01   3.0430712e+00   1.7442282e-04   1.2026397e-03  -3.5335809e-05
   1.0095251e-01   3.2542621e-01   3.0780480e+00   6.7127706e-04   7.9346249e-04  -5.7870257e-05
   1.2683931e-01   3.3269051e-01   2.9261456e+00  -1.8858569e-04   1.0072934e-03   1.0969297e-03
   1.3597190e-01   3.3200199e-01   2.8886919e+00  -7.1815876e-04   1.0880679e-03  -4.6457270e-04
   1.2666154e-01   3.2149875e-01   2.9069883e+00  -1.3424824e-04   1.5200870e-03   2.5051637e-04
   1.2350874e-01   3.0735267e-01   2.9159634e+00  -4.7673568e-04   1.0677405e-03   2.2077392e-04
   1.0098063e-01   3.2759594e-01   2.9580144e+00   3.9762589e-04   4.9242124e-05   1.4723582e-05
   1.0741993e-01   3.7469322e-01   2.9832952e+00  -2.4171355e-04   9.0024912e-04   8.6855689e-05
   1.0474221e-01   3.4556790e-01   3.0014993e+00  -2.7789327e-06   8.1044282e-04   5.4567948e-04
   1.1725839e-01   3.4642637e-01   3.0114333e+00   1.6397928e-04   1.0331089e-03  -3.7832298e-05
   1.3169538e-01   3.4054813e-01   2.9872967e+00  -2.0284042e-04   5.9835853e-04   1.7607831e-04
   8.9955067e-02   3.4266373e-01   3.0329706e+00  -7.5624237e-05   8.5147956e-04   6.0028015e-04
   1.0267382e-01   3.5312105e-01   2.9865398e+00  -1.1065506e-03   8.7382940e-04   5.2274026e-04
   1.7194122e-01   1.0283445e-01   2.9658068e+00  -2.7885969e-03   9.2062365e-04  -1.3579476e-03
   1.1997408e-01   3.0131847e-01   3.0912747e+00   1.7929391e-04   7.0717462e-04   1.5700857e-04
   1.3885575e-01   3.5810353e-01   3.0742309e+00  -6.6237646e-05   9.2973792e-04   6.0652041e-04
   1.6640700e-01   3.1347137e-01   2.9683847e+00   5.7529964e-04   2.5702011e-04   5.4126171e-04
   3.0925117e-01   2.6500419e-01   2.4908440e+00   2.0188874e-03  -1.4655925e-04   3.0370697e-03
   8.1265286e-02   2.0257768e-01   2.6013720e+00   7.7362122e-03   1.4574788e-03   4.7251921e-03
   1.5424920e-01   2.3149747e-01   2.6903596e+00   5.3986820e-03   1.3684462e-03   1.7434109e-03
   1.2339348e-01   2.7734481e-01   2.7547678e+00   5.2574818e-03   1.1531279e-03   1.4324456e-03
   8.6485274e-02   2.2978698e-01   2.7459916e+00   3.8384405e-03   8.8524007e-04   1.8928283e-03
   8.2810485e-02   2.6427331e-01   2.7909740e+00   4.4611833e-03   2.6273611e-04   1.4136936e-03
   9.8352631e-02   2.8457532e-01   2.8192045e+00   3.9186187e-03   8.7486355e-04   1.5676907e-03
   1.0312783e-01   2.5673997e-01   2.8705240e+00   4.7946184e-03   9.7795751e-04   6.7512088e-04
   1.0110401e-01   2.8669090e-01   2.8652010e+00   4.2044239e-03   1.1327281e-03   1.2176375e-03
   1.0551475e-01   2.8835717e-01   2.8697207e+00   3.3778893e-03   3.5233207e-04   1.0648506e-03
   7.7439669e-02   3.2094645e-01   2.8602873e+00   3.1878641e-03   4.9530156e-04   1.2643038e-03
   9.1636991e-02   3.0276242e-01   2.8885380e+00   2.9920167e-03   7.6817271e-04   9.1336757e-04
   9.2832609e-02   3.1447357e-01   2.9110559e+00   3.1635639e-03   8.6158799e-04   1.2905591e-03
   8.3970708e-02   2.9714821e-01   2.9722590e+00   4.2389254e-03   1.0450450e-03   9.5237822e-04
   1.1134723e-01   3.0543706e-01   2.9479345e+00   3.0704010e-03   5.5483026e-04   6.2209664e-04
   1.0657488e-01   2.8598081e-01   2.9305352e+00   2.8405283e-03   1.4414187e-03   1.1637711e-03
   9.0637141e-02   3.1035421e-01   2.9604503e+00   2.7955508e-03   1.0416586e-03   8.9836882e-04
   9.8175899e-02   3.2283385e-01   2.9993049e+00   3.3254692e-03   8.8724200e-04   7.7189988e-04
   1.1118193e-01   3.0114746e-01   3.0441368e+00   3.8113884e-03   4.3618678e-04   8.4852586e-04
   1.2529736e-01   3.7993257e-01   3.0279632e+00   2.7694191e-03   2.0229097e-03   7.0495739e-04
   8.3726508e-02   3.5476527e-01   3.0317385e+00   2.8266857e-03   1.0781014e-03   1.0371563e-03
   8.1103803e-02   3.5069610e-01   3.0312950e+00   2.6315848e-03   3.2627401e-04   3.9940107e-04
   7.6579428e-02   3.3294323e-01   3.0693666e+00   2.8712856e-03   8.6257103e-04   1.1473263e-03
   1.3048396e-01   3.4107969e-01   3.1489793e+00   3.8549351e-03   1.3177158e-03   5.0536953e-04
   1.2068401e-01   3.5485714e-01   3.1345645e+00   3.8322576e-03   7.2447709e-04   1.1115803e-04
   8.0966064e-02   3.6569619e-01   3.1465846e+00   3.7621150e-03   3.5188489e-04   1.2336138e-03
   9.9578180e-02   3.2564348e-01   3.1455662e+00   3.0002724e-03   6.0653764e-04   6.3988113e-04
   1.0196431e-01   3.6068235e-01   3.1692965e+00   3.2813786e-03   9.5447477e-04   9.3964575e-04
   1.1904762e-01   3.5187646e-01   3.1641173e+00   3.1261074e-03   1.1567053e-03   5.0883815e-04
   1.1150964e-01   3.6663112e-01   3.1497595e+00   2.6676646e-03   2.0019588e-03   5.9831592e-04
   8.8778286e-02   3.6592709e-01   3.1776760e+00   2.6432102e-03   1.1333078e-03   1.0557166e-03
   1.1303977e-01   4.0058274e-01   3.2113368e+00   2.9200373e-03   8.6988386e-04   6.5425317e-04
   1.3098214e-01   3.6286370e-01   3.1897525e+00   2.3795169e-03   1.1110880e-03   5.0875325e-04
   1.1622689e-01   3.9774860e-01   3.1953820e+00   2.1887776e-03   9.8868606e-04   2.8643926e-04
   1.0527864e-01   3.6204025e-01   3.2526564e+00   3.1457967e-03   1.5272992e-03   1.1390316e-03
   1.1830524e-01   4.1575577e-01   3.2522611e+00   3.1284609e-03   1.2809148e-03   1.1350555e-03
   9.5891471e-02   3.9413233e-01   3.2503495e+00   2.5927510e-03   6.0365704e-04   8.4238427e-04
   1.0968840e-01   3.6844560e-01   3.2938904e+00   3.0806608e-03   1.7146362e-03   8.7910940e-04
   1.1463651e-01   3.7000775e-01   3.3076580e+00   2.8005910e-03   1.4663392e-03   5.0380089e-04
   1.7766810e-01   3.4755914e-01   3.3439363e+00   3.2267030e-03   7.2609069e-04  -1.3979020e-03
   8.8932929e-02   3.9995792e-01   3.3542907e+00   3.6740901e-03   1.2489239e-03   1.0849298e-03
   1.5198206e-01   3.7976451e-01   3.3472738e+00   2.4516355e-03   1.6989903e-03   2.0122617e-04
   8.5576724e-02   3.6984481e-01   3.3873006e+00   2.8729559e-03   1.9897608e-03   1.6968065e-03
   7.8552466e-02   3.8326707e-01   3.4223951e+00   3.2457064e-03   1.2483928e-03   1.7685073e-03
   1.0219148e-01   3.8126357e-01   3.4763576e+00   4.0812916e-03   1.5892552e-03   1.1086730e-03
   1.1332869e-01   4.1339782e-01   3.4511724e+00   3.6007166e-03   1.4815910e-03   6.5487345e-04
   9.6102360e-02   4.3389655e-01   3.4151724e+00   2.5117364e-03   3.9116998e-04   8.1112431e-04
   1.0044095e-01   4.0694680e-01   3.4345610e+00   2.7914516e-03   1.2829769e-03   1.3844888e-03
   1.4129719e-01   3.8675331e-01   3.4652513e+00   2.7298836e-03   8.2671511e-04   9.9571479e-05
   1.4399620e-01   4.1567545e-01   3.4968403e+00   2.8950849e-03   2.4117283e-03   5.3665740e-04
   1.0400004e-01   4.3889404e-01   3.4540440e+00   1.7264895e-03   1.6384896e-03   9.3931443e-04
   9.5322105e-02   4.6310826e-01   3.5246302e+00   2.6127450e-03   8.7079862e-04   6.3489052e-04
   8.0690406e-02   4.5616811e-01   3.5514447e+00   2.8448898e-03   1.3857907e-03   1.4911015e-03
   1.1709504e-01   4.3112629e-01   3.5262967e+00   1.9545546e-03   4.3512540e-04   4.1908258e-04
   1.1840680e-01   4.4846327e-01   3.5240181e+00   2.1149965e-03   1.7686672e-03   9.9182562e-04
   1.1334286e-01   4.4119921e-01   3.5677005e+00   2.7748976e-03   1.0138962e-03   7.8375734e-04
   1.2702299e-01   4.3150450e-01   3.6099113e+00   3.1324532e-03   1.0109527e-03   4.3597360e-04
   1.0386006e-01   4.5740691e-01   3.5637703e+00   2.1290563e-03   8.0385797e-04   1.0292391e-03
   1.2209448e-01   4.2601219e-01   3.6157679e+00   2.3852138e-03   9.1259026e-04   2.3965862e-04
   1.2759295e-01   4.9635528e-01   3.6886050e+00   3.5542248e-03   8.7417478e-04   7.3267471e-04
   1.2695325e-01   4.4501944e-01   3.5711802e+00   1.0865119e-03   8.2200262e-04   8.7439609e-05
   1.1893896e-01   4.6942810e-01   3.6177713e+00   2.1116098e-03   7.5435864e-04   6.0416152e-04
   1.1247140e-01   4.4568045e-01   3.6257329e+00   2.5891412e-03   1.5607756e-03   5.7946614e-04
   1.1411123e-01   4.6903519e-01   3.6485661e+00   2.5672476e-03   1.2980900e-03   5.5660215e-04
   1.2041111e-01   4.3376770e-01   3.6747741e+00   2.3734831e-03   4.7812136e-04   2.9748518e-04
   1.3648403e-01   4.3640768e-01   3.7232011e+00   2.3285233e-03   1.3302679e-03   7.9383865e-04
   1.3268424e-01   4.3115857e-01   3.7324232e+00   1.9145739e-03   1.0122919e-03   3.0156815e-04
   1.1631643e-01   4.6487552e-01   3.8344411e+00   3.3207018e-03   8.2022112e-04   9.1854271e-04
   1.0402002e-01   4.9538972e-01   3.7906737e+00   2.6287714e-03   1.1296243e-03   4.3817024e-04
   1.1853250e-01   4.9736243e-01   3.7418127e+00   2.4044246e-03   1.5032697e-03   9.4138629e-04
   1.7111129e-01   4.9841897e-01   3.7582029e+00   2.4391335e-03   7.2539104e-04  -5.3134565e-04
   1.2467753e-01   4.9013187e-01   3.8092556e+00   2.5705644e-03   1.4556067e-03   6.0280600e-04
   1.3903145e-01   4.9835741e-01   3.8222324e+00   2.6485028e-03   1.0169727e-03   4.5697308e-04
   1.2872178e-01   5.1745543e-01   3.8392948e+00   2.7019005e-03   2.8573451e-04   1.3410064e-04
   1.1945706e-01   4.9038253e-01   3.8027260e+00   1.6688306e-03   1.3024859e-03   4.9529017e-04
   1.1821940e-01   4.8661437e-01   3.8627364e+00   2.7450927e-03   1.0735347e-03   1.2268804e-03
   9.2537029e-02   4.9296636e-01   3.8964764e+00   2.6169543e-03   1.3436728e-03   1.2208100e-03
   1.2633324e-01   5.5052582e-01   3.9131445e+00   3.1465880e-03   1.1427833e-03   1.3052299e-04
   1.4698390e-01   5.0389249e-01   3.9337901e+00   2.9009489e-03   1.2242899e-03   2.1437296e-04
   1.0700811e-01   5.4316722e-01   3.9397009e+00   2.2666552e-03   6.1903155e-04   7.6534235e-04
   1.2472160e-01   5.3115046e-01   3.8978495e+00   2.0197949e-03   1.3268212e-03   5.6864389e-04
   1.2861924e-01   4.9049923e-01   3.9225440e+00   2.2990725e-03   1.1403675e-03   6.4725205e-04
   1.1876944e-01   5.1240044e-01   3.9418837e+00   2.3684569e-03   8.0436559e-04   4.1002473e-04
   1.2899048e-01   5.1552840e-01   3.9605305e+00   2.3051456e-03   1.0068930e-03   5.7932941e-04
   1.4015771e-01   5.1906484e-01   4.0409565e+00   3.2846100e-03   1.1083453e-03   7.1554143e-04
   1.2282072e-01   5.5982154e-01   4.0038564e+00   2.6564587e-03  -1.8453274e-04   2.7283868e-04
   1.0888783e-01   4.9841182e-01   3.9817685e+00   1.9239194e-03   5.9097974e-04   9.8527362e-04
   1.1472498e-01   4.9253420e-01   4.0121843e+00   2.3346493e-03   5.7814673e-04   9.9763415e-04
   1.2476577e-01   5.1949139e-01   4.0859062e+00   2.9243050e-03   3.5452611e-04   7.0691811e-04
   1.3079377e-01   5.5716810e-01   4.0666789e+00   2.5692755e-03   1.4692456e-03   3.6710816e-04
   1.2513227e-01   5.2775920e-01   4.0436293e+00   2.5737935e-03   1.9654513e-03   1.1906856e-03
   1.3991000e-01   5.7393568e-01   4.0911411e+00   3.4571577e-03   9.0132781e-04   2.9195230e-04
   1.1950292e-01   5.5835688e-01   4.1505739e+00   3.2448892e-03   9.6996521e-04   9.0868598e-04
   1.2968268e-01   5.4801355e-01   4.1667985e+00   2.3161930e-03   1.0526297e-03   3.9218895e-04
   1.2369536e-01   5.5098966e-01   4.2074047e+00   3.1280907e-03   8.6157506e-04   1.0771302e-03
   1.1659504e-01   5.4665472e-01   4.1803844e+00   2.5577382e-03   7.2044252e-04   1.1107368e-03
   1.2761194e-01   5.5723705e-01   4.1419674e+00   2.6563453e-03   8.5613703e-04   5.6168949e-04
   1.4177331e-01   5.4545101e-01   4.1463180e+00   2.9838153e-03   1.3328799e-03   7.6520502e-04
   1.4324034e-01   5.5534881e-01   4.1949807e+00   2.6856828e-03   1.1383408e-03   4.9348891e-04
   1.3828158e-01   5.6624944e-01   4.1969689e+00   2.6596949e-03   5.8931530e-04   6.6771781e-04
   1.5010048e-01   5.8490818e-01   4.2081795e+00   2.4366736e-03   4.9421623e-04   9.1953948e-05
   1.4472852e-01   5.6798418e-01   4.1619864e+00   1.7077759e-03   5.6976035e-04   3.8778359e-04
   1.4116480e-01   5.4328467e-01   4.2247542e+00   2.4873955e-03   5.7949125e-04   1.9958750e-04
   9.6204725e-02   5.6083808e-01   4.2852714e+00   3.2832433e-03   2.8879166e-04   1.3268778e-03
   1.3778417e-01   5.8688962e-01   4.3011498e+00   3.6965369e-03   1.2834905e-03   4.6025404e-04
   1.3294184e-01   5.5582780e-01   4.3109660e+00   2.9800323e-03   9.9071163e-04   2.6406864e-04
   1.1055241e-01   5.8658688e-01   4.3246635e+00   2.9232264e-03   7.6712577e-04   9.1151908e-04
   1.1508433e-01   5.9145423e-01   4.3460975e+00   3.2881947e-03   8.5412901e-04   1.0477860e-03
   1.0197825e-01   5.5980491e-01   4.2913003e+00   2.3696524e-03   1.3110653e-03   1.0257163e-03
   1.1429595e-01   5.4657913e-01   4.3748537e+00   3.3217004e-03   2.2294584e-04   6.1757334e-04
   1.0920766e-01   5.4614821e-01   4.3705003e+00   2.6089125e-03   8.2021274e-04   6.7368496e-04
   1.2189334e-01   5.9618738e-01   4.3759717e+00   3.3157844e-03   1.0049699e-03   7.6307088e-04
   1.5891490e-01   6.2874069e-01   4.3830836e+00   2.3754152e-03   4.0456061e-04  -1.6618679e-04
   1.4301880e-01   6.2129290e-01   4.4339455e+00   3.1994466e-03   8.9176540e-04   2.8205190e-04
   1.5968957e-01   6.1620676e-01   4.4545189e+00   3.1682833e-03   9.2346062e-04  -2.9686889e-04
   1.2421134e-01   6.0976235e-01   4.3864613e+00   1.8789213e-03   3.3695528e-04   4.6781797e-04
   1.4617428e-01   5.7487382e-01   4.4119211e+00   2.7217141e-03   9.6396111e-04   4.5231417e-04
   1.1066565e-01   5.6230673e-01   4.4450159e+00   2.3551878e-03   8.5044140e-04   1.0889499e-03
   1.2251894e-01   5.9002920e-01   4.5138436e+00   3.1198209e-03   6.0420666e-04   5.4674189e-04
   9.4115511e-02   5.8403556e-01   4.5189351e+00   2.4670684e-03   7.1117993e-04   1.2640192e-03
   1.3862248e-01   6.1307349e-01   4.4817701e+00   2.5536152e-03   7.0049767e-04   3.8137827e-04
   1.5134873e-01   6.1140177e-01   4.4812427e+00   2.9386542e-03   1.0883957e-03   1.2292015e-04
   1.1773377e-01   5.7640266e-01   4.4905906e+00   2.3556420e-03   2.9842425e-04   4.6703402e-04
   1.4389475e-01   5.8509494e-01   4.5155845e+00   2.1952471e-03   3.0771870e-04   3.8681954e-04
   1.2489029e-01   5.8694598e-01   4.5415203e+00   3.0856420e-03   5.0900229e-04   4.2347378e-04
   1.3842936e-01   6.2064038e-01   4.5602998e+00   2.5761312e-03   8.8870143e-04   6.2540860e-04
   1.5531296e-01   6.0714898e-01   4.5584677e+00   2.6140300e-03   9.1629675e-04   1.6916376e-04
   1.2647032e-01   5.6750470e-01   4.6094404e+00   3.4712210e-03   8.6189671e-04   9.1644261e-04
   1.4788945e-01   5.6927521e-01   4.6142063e+00   2.8107384e-03   1.2203646e-03   4.7117225e-04
   1.3931346e-01   6.2761010e-01   4.6048673e+00   2.8426054e-03   7.0368471e-04   3.3245908e-04
   1.7470599e-01   6.4659785e-01   4.6307658e+00   2.9122199e-03   7.5114310e-04  -3.9619351e-04
   1.4254188e-01   6.2938269e-01   4.6443325e+00   2.0797827e-03   1.2009479e-03   2.0357307e-04
   1.3578308e-01   6.2330733e-01   4.6913555e+00   2.7245424e-03   4.8604610e-04   3.3443645e-04
   1.4148496e-01   6.4545047e-01   4.6700109e+00   2.1067324e-03   4.0660716e-04   3.6657578e-05
   1.5059528e-01   6.5082897e-01   4.6480283e+00   2.5685578e-03   1.1506906e-03   3.9710554e-04
   1.7532956e-01   6.3182126e-01   4.6873642e+00   2.5893601e-03   4.4019064e-04  -2.3816090e-04
   1.4383836e-01   6.3591517e-01   4.7236731e+00   3.1409608e-03   3.0392170e-04  -1.0560546e-04
   1.7298773e-01   6.3982325e-01   4.7224196e+00   2.4542043e-03   4.2130007e-04  -5.0963178e-04
   1.3940159e-01   6.6002359e-01   4.7967262e+00   3.4075407e-03   6.5747205e-04   5.3996782e-04
   1.6097513e-01   6.2678930e-01   4.6762574e+00   3.8561694e-03   4.2032878e-04   9.1487427e-04
   1.4652538e-01   6.5599739e-01   4.7693935e+00   4.2461623e-03   1.4904805e-04   6.7079335e-04
   1.5854277e-01   6.6282290e-01   4.7071522e+00   2.6079405e-03   3.3633665e-04   9.8036833e-05
   1.6112694e-01   6.3938120e-01   4.7357620e+00   3.1486434e-03   5.4516492e-04   2.0827762e-04
   1.5622496e-01   6.3852289e-01   4.7904540e+00   3.4698440e-03   1.0181458e-03   3.5428874e-04
   1.5591839e-01   6.2564044e-01   4.8016609e+00   3.4445837e-03   1.1194926e-03   1.0089789e-04
   1.4894423e-01   6.4341030e-01   4.8175675e+00   3.4464724e-03   3.7145442e-04   2.0799254e-04
   2.0613288e-01   6.6289718e-01   4.8313553e+00   3.5155522e-03   1.4263991e-03  -6.5219542e-04
   1.4913310e-01   6.7725598e-01   4.8439625e+00   3.0156751e-03   8.8298415e-05  -3.6100582e-04
   1.6833305e-01   6.7455400e-01   4.8392975e+00   3.0613376e-03   6.7605287e-04   7.3702573e-05
   1.5534783e-01   6.7408626e-01   4.8672107e+00   3.2597743e-03   8.0220574e-04   3.4491488e-05
   1.4639352e-01   6.6264622e-01   4.8669288e+00   2.6242536e-03   3.6051944e-04   1.1104621e-04
   1.5125884e-01   6.7851287e-01   4.9123952e+00   3.0452959e-03   4.2995102e-04   3.7394270e-04
   1.7188461e-01   7.1194026e-01   4.9150736e+00   2.9958492e-03   1.9873657e-04  -2.2419088e-04
   1.5525387e-01   6.9058571e-01   4.9218225e+00   2.7110757e-03   4.0759484e-04   1.3356581e-04
   1.4869915e-01   7.1888360e-01   4.9550475e+00   2.6385591e-03   2.4651441e-04   1.7962180e-04
   1.5730833e-01   6.7599914e-01   4.9794275e+00   2.3793441e-03   8.5451734e-04   2.2413812e-04
   1.5291091e-01   7.4146246e-01   5.0458216e+00   3.8968488e-03   6.1649097e-04   6.0652691e-05
   1.2262203e-01   7.1167213e-01   4.9812166e+00   2.8173080e-03   1.6356596e-03   7.5756616e-04
   1.5421031e-01   7.4271228e-01   4.9121004e+00   2.4063147e-03   8.6460141e-04   4.4144449e-04
   1.6686572e-01   7.2326033e-01   4.9110795e+00   1.6111478e-03   8.3020642e-04  -2.4112699e-04
   1.8169190e-01   7.2669140e-01   4.9837328e+00   2.7273966e-03   7.9805663e-04  -4.6477466e-04
   1.5759291e-01   7.2335997e-01   5.0311921e+00   3.2523461e-03   9.1590009e-04   2.0621013e-04
   1.7443457e-01   7.3193101e-01   4.9874057e+00   2.1982494e-03   1.5639021e-04  -3.8279563e-04
   1.8052183e-01   7.0666807e-01   4.9899518e+00   1.8242651e-03   3.5719634e-04  -5.5486751e-04
   1.4320629e-01   7.4155938e-01   5.0254923e+00   2.2499580e-03   9.1167369e-04  -7.1558294e-05
   1.5477226e-01   7.2824166e-01   5.0519110e+00   2.6619176e-03   8.6501547e-04   4.2915008e-04
   1.4946982e-01   7.3087105e-01   5.0352241e+00   2.0366816e-03   2.4527021e-04   4.2306812e-04
   1.3464010e-01   7.2544899e-01   5.0402766e+00   2.1574962e-03   4.0673682e-05   6.4163234e-04
   1.7331278e-01   7.5407880e-01   5.0632824e+00   1.9542821e-03   6.5366262e-04  -3.3362909e-04
   1.1461793e-01   7.1683250e-01   5.0933413e+00   2.7563242e-03   3.6523730e-05   5.7422616e-04
   1.6984106e-01   7.4308513e-01   5.0995315e+00   2.1985949e-03   5.6637666e-04  -3.2466013e-04
   1.5271857e-01   7.4066391e-01   5.1786059e+00   3.0239323e-03   3.1623216e-04   2.2517451e-04
   1.4519964e-01   7.6827278e-01   5.1960254e+00   3.0772933e-03   9.7553514e-04   7.3766702e-05
   1.3502188e-01   7.3293298e-01   5.2478722e+00   3.1508447e-03   3.3791029e-04   3.6714128e-04
   1.4861687e-01   7.7580325e-01   5.2214418e+00   2.5359003e-03   2.3161631e-04  -1.4972723e-05
   1.3599816e-01   7.3976603e-01   5.1579612e+00   1.8948233e-03   1.8712896e-04   3.2707338e-04
   1.5552162e-01   7.5150913e-01   5.1552912e+00   1.9777178e-03   3.4289301e-04   7.0062662e-05
   1.4830642e-01   7.5886534e-01   5.1912477e+00   2.2862968e-03   6.0600514e-04   3.9384000e-04
   1.5676360e-01   7.5750372e-01   5.2379172e+00   2.6027686e-03   7.0627439e-04   5.6746171e-06
   1.3618041e-01   8.1223756e-01   5.3179262e+00   3.3086135e-03   1.4391523e-04  -5.8051108e-05
   1.3885726e-01   7.9487221e-01   5.2847998e+00   2.9805148e-03   5.9201054e-04   1.1834897e-04
   1.8155575e-01   7.4692377e-01   5.2355662e+00   2.4148395e-03   4.2612046e-04  -6.0781602e-04
   1.6472919e-01   7.3058036e-01   5.3006726e+00   3.6278315e-03   2.7399873e-04   5.0363208e-04
   1.3362195e-01   7.0404552e-01   5.2541664e+00   2.3328835e-03  -7.2328944e-06   8.4651846e-04
   1.9585810e-01   7.7164213e-01   5.2764540e+00   2.6771311e-03   6.4937865e-04  -5.3408448e-04
   1.2819672e-01   7.7800324e-01   5.2920666e+00   2.6315925e-03   6.7887710e-04   6.8730561e-04
   1.5907224e-01   8.0210929e-01   5.3294217e+00   3.0919097e-03   5.5825924e-04   9.5939409e-05
   1.8594501e-01   7.7561466e-01   5.3248010e+00   1.6004537e-03   1.3059672e-03  -2.7612802e-04
   1.5911484e-01   8.1006839e-01   5.4210973e+00   3.5616015e-03   9.5263593e-04  -1.5485059e-04
   1.7493342e-01   8.0903807e-01   5.3862605e+00   2.5366190e-03   7.2391646e-04  -3.0552817e-04
   1.7588678e-01   7.8350577e-01   5.3399086e+00   2.2577923e-03   2.1014491e-04  -4.2086127e-04
   1.6287130e-01   7.5086251e-01   5.3448481e+00   1.8375685e-03   2.7876969e-04   4.6990980e-04
   1.4648023e-01   7.5515380e-01   5.3954372e+00   2.7671070e-03   3.6909314e-04   4.7716304e-04
   1.5406912e-01   7.5051613e-01   5.3933695e+00   2.4456865e-03   1.1369352e-03   1.7686077e-04
   1.4242292e-01   7.8915768e-01   5.4424611e+00   2.3008313e-03   3.8637643e-04   2.5384544e-05
   1.6616042e-01   7.3752255e-01   5.4377428e+00   1.7326552e-03   3.5579378e-04   3.3604472e-04
   1.4611863e-01   8.2174335e-01   5.4318024e+00   1.8630066e-03  -4.3765568e-05   4.7245806e-05
   1.6940242e-01   7.9169467e-01   5.4007878e+00   1.9581893e-03   1.0665004e-04  -3.5564181e-04
   1.6776414e-01   7.8730318e-01   5.4049183e+00   1.8503395e-03   2.9100668e-04   1.3945427e-04
   1.4402745e-01   8.0136512e-01   5.4514188e+00   3.3823432e-03  -1.2093637e-04   7.3124438e-04
   1.5541082e-01   7.8474873e-01   5.4402398e+00   1.9757754e-03   4.6047582e-04   2.5799017e-04
   1.4528326e-01   7.5732522e-01   5.4733872e+00   2.4700183e-03   2.8834362e-04   8.5786446e-04
   1.4509262e-01   7.8368429e-01   5.5295676e+00   3.2655222e-03   4.5180756e-04   6.5577862e-04
   1.6119734e-01   7.4513834e-01   5.5517955e+00   3.1150254e-03   5.5034333e-05  -3.5111921e-04
   1.6797668e-01   7.9288090e-01   5.5811170e+00   3.5056891e-03   6.8596764e-05   1.6882472e-04
   1.8229948e-01   8.4355167e-01   5.5630094e+00   2.5044170e-03   4.3052818e-04  -2.0893521e-04
   1.5155342e-01   8.4922200e-01   5.5567133e+00   2.0750400e-03   6.0404371e-04   7.7722543e-04
   1.6114600e-01   8.3533008e-01   5.6096738e+00   3.8979879e-03   1.4546301e-04   4.7539273e-04
   1.6663977e-01   8.3839638e-01   5.5903499e+00   2.6724663e-03  -9.7232780e-05  -1.9701060e-04
   1.7651415e-01   7.9048296e-01   5.5832332e+00   1.9556562e-03   7.1180979e-04   2.9499200e-04
   1.4362429e-01   7.6009351e-01   5.6213508e+00   2.6801109e-03  -3.1268326e-05   3.0639786e-04
   1.4154008e-01   8.0503318e-01   5.6480167e+00   3.2679424e-03  -1.0631267e-04   8.5985628e-04
   1.8791557e-01   8.2168775e-01   5.6208051e+00   2.1270762e-03   5.1516478e-05  -7.8561252e-05
   1.7382903e-01   7.8951322e-01   5.6493124e+00   2.6658521e-03   6.3090720e-04   6.6205787e-05
   1.3658388e-01   8.2274634e-01   5.6690217e+00   2.2553792e-03   2.4642014e-04   4.6866616e-04
   1.5296341e-01   8.3098572e-01   5.7289833e+00   2.5617930e-03   1.6103793e-04   3.2663222e-04
   1.5159072e-01   8.2624860e-01   5.7249712e+00   3.1489165e-03   2.0983115e-04   6.8849444e-04
   1.3982566e-01   8.6526213e-01   5.7277950e+00   3.2269928e-03  -5.8805028e-05   8.2910451e-04
   1.6579029e-01   8.3001865e-01   5.6651948e+00   2.7475550e-03  -2.9535858e-04   6.7774447e-04
   1.6209848e-01   7.9497670e-01   5.6491982e+00   2.7155491e-03   1.2379746e-04   1.3966244e-03
   2.0270995e-01   8.0361466e-01   5.6105211e+00   2.3561361e-03   2.8586486e-04   8.5000076e-04
   2.1498077e-01   8.2580514e-01   5.6255002e+00   1.8883854e-03   1.0045858e-03   6.4862248e-04
   1.7015505e-01   8.1818946e-01   5.6817619e+00   2.3729808e-03   5.7114608e-04   1.0008357e-03
   2.0276079e-01   8.4380905e-01   5.6912820e+00   1.8176461e-03   6.5008712e-04  -6.5362608e-05
   1.7218644e-01   7.8681478e-01   5.6278787e+00   1.8297655e-03  -8.2232035e-05   1.2052382e-03
   1.5646709e-01   8.6110886e-01   5.7527986e+00   3.6770852e-03   3.5131386e-04   1.0884917e-03
   1.8187442e-01   8.7322791e-01   5.7696777e+00   2.5223562e-03   9.6520929e-04   5.6692006e-04
   1.6152933e-01   8.4042453e-01   5.7634691e+00   2.2464393e-03   9.8175150e-04   6.4829281e-04
   1.7847161e-01   8.5571814e-01   5.8177295e+00   2.9264369e-03   2.0494177e-05   2.5859377e-04
   1.8129359e-01   8.3566281e-01   5.7240467e+00   2.4052328e-03  -4.6259791e-04   1.2065336e-03
   1.9914208e-01   8.4641316e-01   5.7105848e+00   3.7757132e-03   4.4087174e-04   1.1557073e-03
   2.0434834e-01   8.3275370e-01   5.7432740e+00   2.6337985e-03   1.1073466e-04   5.9086496e-05
   1.9407300e-01   7.9703934e-01   5.8139156e+00   3.0894404e-03  -9.6472518e-05   6.4067172e-04
   2.0294496e-01   8.4748298e-01   5.7285117e+00   3.0520758e-03   4.2852021e-04   8.4149334e-04
   1.9375584e-01   8.5379148e-01   5.7633447e+00   3.0533901e-03  -4.9700678e-04   4.4186611e-04
   2.3363742e-01   8.1727652e-01   5.6858496e+00   3.1829026e-03   8.2779316e-04   5.0687571e-04
   2.6498260e-01   7.0205351e-01   5.7450052e+00   4.7461194e-03   2.7602622e-05  -1.6698100e-03
   2.3476596e-01   8.0290015e-01   5.6820458e+00   2.2491080e-03   4.0008602e-05   9.6423310e-04
   2.5088773e-01   7.5635708e-01   5.2647607e+00  -4.0945992e-03  -1.8912612e-03   2.8287039e-03
   2.9593291e-02   7.6726844e-01   5.7697173e+00  -2.3220114e-04  -1.2209974e-02   3.0970424e-03
   1.4651988e-01   8.2182318e-01   5.7142435e+00   3.9406727e-04  -8.2357471e-03  -7.5616989e-04
   1.3337216e-01   8.0553701e-01   5.7861075e+00   3.2285079e-03  -8.5758526e-03   1.8639868e-04
   9.2164700e-02   8.3918704e-01   5.8469885e+00   2.3155232e-03  -7.3438926e-03   3.1014159e-04
   1.0037841e-01   8.5585357e-01   5.8415547e+00   2.2885982e-03  -7.6957919e-03   2.8277685e-04
   9.5228263e-02   8.2151591e-01   5.8295259e+00   6.0320419e-04  -7.8228477e-03  -5.4180029e-04
   9.0612585e-02   8.3051549e-01   5.9132152e+00   2.1201166e-03  -7.4542274e-03  -1.4508185e-05
   9.1949833e-02   8.8017849e-01   5.9270683e+00   1.7702846e-03  -7.6502825e-03  -4.2586893e-04
   7.0290917e-02   8.7907363e-01   5.9261415e+00   1.1527557e-03  -7.2883802e-03  -8.4976018e-05
   5.1599642e-02   8.1547272e-01   5.9519026e+00   1.5561549e-03  -7.0983714e-03   3.1144814e-05
   8.6901677e-02   8.4715266e-01   5.9897417e+00   1.9105609e-03  -7.6171068e-03  -3.3209679e-04
   5.5424248e-02   8.8923268e-01   5.9997518e+00   1.7769041e-03  -7.3979250e-03  -8.5694338e-05
   5.1947473e-02   9.0075932e-01   6.0005616e+00   1.8963064e-03  -7.7845198e-03  -2.2689527e-04
   7.4503133e-02   8.7719995e-01   6.0608270e+00   2.7531166e-03  -7.9272223e-03  -4.8927143e-04
   8.1063436e-02   8.7727595e-01   6.0778069e+00   2.6100266e-03  -7.4182616e-03  -3.4280177e-04
   6.1907231e-02   8.6577125e-01   6.0363400e+00   1.6814621e-03  -7.7527821e-03  -1.7628356e-04
   8.2246127e-02   8.7841677e-01   6.0481705e+00   1.5681343e-03  -7.5148543e-03  -6.2762141e-04
   9.2239575e-02   8.4677984e-01   6.0439350e+00   9.6680692e-04  -7.4838109e-03  -7.1418798e-04
   8.3011657e-02   8.5803758e-01   6.0706421e+00   1.2715178e-03  -6.9626385e-03  -5.4479542e-04
   8.7964630e-02   8.6915011e-01   6.0751183e+00   1.9719718e-03  -7.1090763e-03  -5.5241601e-04
   8.3154805e-02   8.1601707e-01   6.0907107e+00   1.1443873e-03  -7.9567845e-03  -5.2875844e-04
   6.1782744e-02   8.2056614e-01   6.0894221e+00   1.3372317e-03  -7.3008819e-03   3.2810220e-04
   9.3090599e-02   8.4109059e-01   6.1725019e+00   2.4786492e-03  -8.0900454e-03  -1.1150811e-03
   7.2684613e-02   8.3121815e-01   6.1624742e+00   1.6757508e-03  -8.2834741e-03  -5.0535896e-04
   1.1777748e-01   8.7512877e-01   6.1277170e+00   1.5006649e-03  -6.9327482e-03  -1.1534958e-03
   8.4873452e-02   8.9361500e-01   6.1274787e+00   1.0930655e-03  -7.3956948e-03  -6.3217482e-04
   6.2605595e-02   8.7948867e-01   6.1687312e+00   1.3956079e-03  -7.2022229e-03   7.1415073e-05
   8.5797555e-02   8.9255056e-01   6.2038287e+00   2.5551376e-03  -6.5436916e-03  -5.1042578e-04
   1.0768668e-01   9.1090526e-01   6.2341285e+00   2.4492266e-03  -7.1484232e-03  -6.6013950e-04
   8.3344173e-02   8.8879643e-01   6.1951014e+00   1.7050423e-03  -7.8450468e-03  -7.8823807e-04
   1.0275362e-01   8.9990951e-01   6.2278080e+00   1.7553707e-03  -7.3994127e-03  -1.0808414e-03
   1.1999015e-01   9.2697765e-01   6.2546140e+00   2.2393979e-03  -7.5847285e-03  -1.0478394e-03
   1.0217292e-01   9.1600933e-01   6.2620495e+00   2.3325732e-03  -7.1397235e-03  -8.4004647e-04
   1.1549225e-01   9.0911138e-01   6.2860849e+00   2.1493834e-03  -7.6905606e-03  -1.5087602e-03
   8.0401326e-02   9.1754835e-01   6.3051581e+00   2.2012949e-03  -7.3368462e-03  -6.1620670e-04
   9.5955484e-02   9.0634691e-01   6.3249069e+00   1.8806430e-03  -7.3864062e-03  -6.5433138e-04
   1.0186314e-01   9.2220755e-01   6.3381043e+00   2.1622089e-03  -7.3838726e-03  -8.5952289e-04
   4.9192691e-02   9.3052955e-01   6.3386238e+00   1.9443775e-03  -7.7379993e-03  -1.4572467e-04
   6.6077037e-02   9.7289679e-01   6.3677319e+00   2.1872563e-03  -7.3183942e-03  -6.9973942e-04
   1.0400867e-01   9.7441177e-01   6.4833600e+00   3.6503105e-03  -7.1055894e-03  -1.5972931e-03
   8.7882907e-02   9.7506294e-01   6.4491086e+00   3.5454497e-03  -6.9287332e-03  -5.8423439e-04
   9.9836386e-02   9.4944660e-01   6.3881756e+00   1.7921650e-03  -7.4220410e-03  -1.1101464e-03
   7.6451468e-02   9.2129307e-01   6.4017582e+00   1.4866793e-03  -6.7434966e-03  -5.6832644e-04
   5.6330414e-02   9.2874323e-01   6.4698778e+00   2.9693596e-03  -6.9822596e-03  -6.4435781e-04
   7.9813820e-02   9.6136045e-01   6.4497172e+00   1.9154292e-03  -6.8110028e-03  -9.4362990e-04
   1.0963331e-01   9.6831617e-01   6.4416098e+00   1.9455643e-03  -7.2433773e-03  -8.6146986e-04
   7.2508983e-02   9.3672475e-01   6.4364599e+00   1.6126029e-03  -7.5474205e-03  -1.2403651e-03
   9.0419474e-02   9.5289385e-01   6.4565898e+00   1.9453603e-03  -7.4234973e-03  -1.3070997e-03
   8.5887996e-02   9.4429355e-01   6.5091758e+00   2.1691907e-03  -7.2022689e-03  -3.8825797e-04
   8.5451283e-02   9.4192540e-01   6.4961618e+00   1.6629939e-03  -6.5377251e-03  -6.8651031e-04
   7.6561995e-02   9.6516119e-01   6.4980207e+00   1.3472390e-03  -6.7748392e-03  -6.7575199e-04
   1.1193882e-01   9.7311489e-01   6.4884015e+00   1.2396171e-03  -6.9769754e-03  -1.6003251e-03
   8.1047839e-02   9.8993650e-01   6.5476662e+00   2.3353778e-03  -8.0840703e-03  -8.3540209e-04
   9.7141467e-02   9.6607134e-01   6.5542679e+00   2.3118019e-03  -7.2676080e-03  -1.6944776e-03
   1.0153568e-01   9.8410252e-01   6.5842369e+00   2.6991470e-03  -6.5129514e-03  -1.4102481e-03
   8.1052250e-02   9.9854382e-01   6.5664112e+00   2.0378608e-03  -7.6406111e-03  -7.8529932e-04
   5.1817277e-02   9.8505295e-01   6.5719453e+00   1.8368939e-03  -7.8343289e-03  -8.5621503e-04
   8.7058276e-02   9.7851085e-01   6.5843243e+00   1.9145607e-03  -7.2703517e-03  -1.1797237e-03
   9.0943000e-02   9.9154313e-01   6.6196049e+00   2.0157999e-03  -7.4345542e-03  -1.4921876e-03
   9.8832615e-02   9.6658772e-01   6.6171318e+00   1.7315161e-03  -7.4158415e-03  -1.2356225e-03
   9.8911954e-02   9.9588927e-01   6.6691397e+00   2.4645218e-03  -6.6061299e-03  -1.4478194e-03
