   0.0000000e+00  -1.4210855e-14   0.0000000e+00   0.0000000e+00   0.0000000e+00   0.0000000e+00
  -5.2075168e-01  -1.1610296e-01   2.5006445e-02   3.8519041e-03  -2.9103662e-03  -3.9400647e-03
  -2.5236816e-01  -1.1265761e-01   2.9122360e-01   1.2011085e-02  -8.1677041e-04  -1.7767975e-03
  -9.8109493e-01  -5.8612752e-02  -6.3432765e-01  -1.2217364e-02  -5.9524968e-03   3.1562828e-03
  -7.2219172e-01   1.4349063e-02   5.7162640e-01   6.4078417e-03  -3.9225199e-03  -9.0833739e-03
  -7.4158371e-01  -2.5460041e-02   5.0424483e-01  -1.9426134e-03  -4.2063805e-03  -4.4983073e-03
  -6.9407103e-01  -3.0494976e-02   4.7968752e-01  -3.3633942e-03  -4.7260638e-03  -5.0972345e-03
  -7.2414698e-01   6.1731158e-03   4.9997210e-01  -3.3281163e-03  -4.9906285e-03  -3.8832798e-03
  -6.9585264e-01   1.0431784e-02   5.0848792e-01  -3.2372655e-03  -3.8577061e-03  -4.1378759e-03
  -6.7634771e-01   2.3657153e-02   5.1868223e-01  -3.8124280e-03  -4.1223691e-03  -4.7135566e-03
  -6.8608832e-01  -4.6704048e-02   5.8168241e-01  -2.0400715e-03  -4.2769318e-03  -3.9741268e-03
  -6.7247798e-01   2.1477427e-02   5.6751038e-01  -2.7042321e-03  -4.1969909e-03  -3.8500240e-03
  -6.6013616e-01   2.4725138e-02   5.3586753e-01  -3.4934074e-03  -4.2417087e-03  -5.3164421e-03
  -7.1417307e-01  -5.5857433e-02   6.7181935e-01   1.0823307e-02  -5.1796779e-03  -7.7362929e-03
  -7.2150750e-01   6.8291530e-02   6.4180502e-01  -1.5798591e-03  -5.2282593e-03  -3.8960372e-03
  -7.2577095e-01   6.2291710e-02   6.2528114e-01  -2.6819506e-03  -4.8128204e-03  -3.6980875e-03
  -7.0101131e-01   7.9994390e-02   6.4408484e-01  -3.0554750e-03  -5.5865270e-03  -4.7093438e-03
  -7.2141832e-01   4.2360608e-02   6.6033157e-01  -3.1469263e-03  -5.4549356e-03  -3.7264747e-03
  -7.3019771e-01   6.3608781e-02   6.4449942e-01  -3.3801210e-03  -5.3412859e-03  -3.1069146e-03
  -7.0152059e-01   4.5553610e-02   6.1649438e-01  -3.8377699e-03  -6.0299743e-03  -4.3287316e-03
  -7.1042538e-01   8.1930357e-02   6.1982178e-01  -4.3373845e-03  -5.6444655e-03  -3.8035282e-03
  -9.0278197e-01  -2.3868759e-03   4.3015902e-01  -5.2259621e-03  -7.1131972e-03  -2.7235744e-03
  -7.7540377e-01   5.9328047e-02   6.0461339e-01  -2.6284367e-03  -6.2663320e-03  -3.6074667e-03
  -7.4708983e-01   5.8966179e-02   6.3304080e-01  -2.8141256e-03  -5.9335931e-03  -3.7716345e-03
  -7.4486816e-01   7.1656144e-02   6.4411245e-01  -3.2152969e-03  -6.0500927e-03  -4.2473778e-03
  -8.4508873e-01  -4.1056886e-02   6.0999609e-01   5.9377097e-03  -3.6510648e-03  -5.3208652e-03
  -7.6112108e-01   7.4061618e-02   7.2184770e-01  -1.8497641e-03  -5.9355022e-03  -4.0269938e-03
  -7.5219412e-01   8.0646836e-02   7.0399800e-01  -2.2757604e-03  -5.6845615e-03  -3.3017855e-03
  -7.4662381e-01   9.2785410e-02   7.1495513e-01  -1.8165790e-03  -5.3961592e-03  -3.8131227e-03
  -7.3121563e-01   7.6323291e-02   7.2864540e-01  -2.2971002e-03  -5.4235595e-03  -3.7436509e-03
  -7.3535014e-01   6.5553349e-02   7.6666584e-01  -1.9820736e-03  -5.8303118e-03  -3.9032853e-03
  -7.3510922e-01   5.4344717e-02   8.0036467e-01  -1.6138166e-03  -5.0099034e-03  -3.4607654e-03
  -7.3804647e-01   6.8111000e-02   7.8424230e-01  -2.8693657e-03  -5.7518452e-03  -3.2883275e-03
  -7.6833459e-01   4.1292956e-02   7.8090692e-01  -2.8429581e-03  -5.7314096e-03  -2.3813464e-03
  -7.2573576e-01   4.5447604e-02   7.5520925e-01  -3.6802321e-03  -5.4860097e-03  -3.6029254e-03
  -7.1276774e-01   4.8346535e-02   7.7594988e-01  -2.6935823e-03  -5.7104198e-03  -4.0083363e-03
  -7.2089384e-01   6.7142214e-02   7.7351562e-01  -2.9081587e-03  -5.6387942e-03  -4.2937950e-03
  -6.9253701e-01   3.8344831e-02   7.7314642e-01  -3.5653982e-03  -5.5733404e-03  -4.4476240e-03
  -7.1783677e-01  -9.5707758e-03   7.7029886e-01  -4.0043560e-03  -5.9389770e-03  -3.9462158e-03
  -7.0971668e-01   5.7701096e-02   7.9555424e-01  -2.5304767e-03  -4.7229975e-03  -3.4387541e-03
  -7.0841828e-01   3.9855384e-02   8.4622288e-01  -2.4931751e-03  -5.5191694e-03  -3.7564470e-03
  -6.8927259e-01   7.7650248e-02   8.3039993e-01  -3.0763193e-03  -4.7867290e-03  -3.9530029e-03
  -6.9169283e-01   9.2338490e-02   8.2760172e-01  -2.6300489e-03  -4.8955152e-03  -3.6708174e-03
  -6.9990983e-01   8.4423263e-02   8.1782374e-01  -2.8121043e-03  -5.2112593e-03  -3.8872016e-03
  -7.1752567e-01   9.5574544e-02   8.7618708e-01  -2.4257767e-03  -4.8595973e-03  -3.0655122e-03
  -7.4152157e-01   8.8744769e-02   8.4845231e-01  -3.0601368e-03  -5.2286127e-03  -2.2072693e-03
  -7.2286695e-01   6.5516389e-02   8.4954902e-01  -3.1454456e-03  -5.0144288e-03  -3.3165909e-03
  -6.9399895e-01   9.1871966e-02   9.0027588e-01  -2.8611725e-03  -5.2263443e-03  -3.5714446e-03
  -7.1642074e-01   1.1506460e-01   9.2186429e-01  -2.7060090e-03  -5.1827554e-03  -2.8954641e-03
  -6.8528739e-01   1.2985757e-01   9.0699503e-01  -3.3513300e-03  -5.0002016e-03  -4.2191863e-03
  -7.1820802e-01   9.8385856e-02   9.2870252e-01  -2.2444684e-03  -5.3217253e-03  -3.7119785e-03
  -6.8187017e-01   1.1492015e-01   9.2760829e-01  -2.8666896e-03  -4.6456549e-03  -3.8699926e-03
  -7.0584177e-01   1.2557105e-01   9.8208977e-01  -2.1019735e-03  -5.1660931e-03  -2.9158835e-03
  -6.9956022e-01   7.6408675e-02   9.7346716e-01  -2.1973963e-03  -5.4161567e-03  -3.8019585e-03
  -7.1442747e-01   1.4789824e-01   9.5672936e-01  -2.9989988e-03  -5.4084706e-03  -3.4321885e-03
  -7.1586227e-01   9.3945284e-02   9.4323503e-01  -3.0892746e-03  -4.8581575e-03  -3.1513100e-03
  -6.8424565e-01   1.1122127e-01   9.6844360e-01  -2.8091689e-03  -4.6147154e-03  -3.5455875e-03
  -7.0436482e-01   1.0506542e-01   9.9517162e-01  -2.9235850e-03  -4.6133446e-03  -3.1040161e-03
  -6.8152351e-01   1.0200428e-01   1.0337682e+00  -2.1516362e-03  -5.0494080e-03  -4.5579350e-03
  -6.9704460e-01   9.7049349e-02   1.0108079e+00  -3.1436625e-03  -5.5697861e-03  -3.5627632e-03
  -6.8362559e-01   1.2482418e-01   1.0608685e+00  -1.7675537e-03  -4.9520597e-03  -3.5547900e-03
  -7.3018849e-01   9.1849941e-02   1.0800283e+00  -2.5782531e-03  -5.2367457e-03  -3.1058435e-03
  -7.1106222e-01   1.2086809e-01   1.0865050e+00  -2.3877136e-03  -5.3018183e-03  -3.1845883e-03
  -7.2568721e-01   9.6857846e-02   1.0603056e+00  -2.8712197e-03  -5.3021300e-03  -2.6759824e-03
  -7.4205054e-01   9.4631561e-02   1.0477991e+00  -3.4969070e-03  -5.1049131e-03  -3.0043313e-03
  -6.8691071e-01   1.1755228e-01   1.0951356e+00  -2.9264836e-03  -5.5122351e-03  -3.4596758e-03
  -7.1292365e-01   8.4477593e-02   1.0981048e+00  -2.1325101e-03  -5.0941456e-03  -3.4981388e-03
  -7.0084297e-01   6.9865303e-02   1.1518774e+00  -1.8821727e-03  -4.8747418e-03  -3.4184897e-03
  -7.0347084e-01   1.2112856e-01   1.1270525e+00  -2.5839639e-03  -5.1547162e-03  -3.3379696e-03
  -6.8140553e-01   9.4496638e-02   1.1199640e+00  -2.7011911e-03  -4.5925816e-03  -3.5735766e-03
  -6.7412955e-01   9.2644104e-02   1.1178670e+00  -2.4679708e-03  -5.0151174e-03  -3.9153125e-03
  -7.1973829e-01   1.2968361e-01   1.1433139e+00  -2.6522401e-03  -4.8268937e-03  -2.7581144e-03
  -7.0315255e-01   9.6658444e-02   1.1189674e+00  -3.5752706e-03  -4.8256600e-03  -3.0812178e-03
  -6.8409923e-01   1.0006254e-01   1.1518502e+00  -2.0913045e-03  -4.8488875e-03  -3.7986796e-03
  -6.9713525e-01   1.2871794e-01   1.1236996e+00  -3.3146867e-03  -4.5357153e-03  -3.6316846e-03
  -6.9613802e-01   1.5372264e-01   1.1071689e+00  -3.0638339e-03  -4.7683660e-03  -3.4659816e-03
  -7.1028340e-01   1.3143357e-01   1.1743233e+00  -2.9554737e-03  -4.4346835e-03  -3.2130104e-03
  -7.1891265e-01   1.2351065e-01   1.1908747e+00  -2.8705894e-03  -4.8519308e-03  -2.6550378e-03
  -7.2260232e-01   8.8808640e-02   1.2168716e+00  -2.7980288e-03  -5.5281353e-03  -2.8062656e-03
  -6.9823972e-01   1.3039308e-01   1.2681578e+00  -1.8173943e-03  -4.3679841e-03  -2.9656895e-03
  -6.8910508e-01   7.3883857e-02   1.2204347e+00  -2.2740453e-03  -4.6871933e-03  -3.8082504e-03
  -7.3115375e-01   8.1406726e-02   1.1857255e+00  -3.3702538e-03  -5.7200696e-03  -2.9702772e-03
  -7.5022438e-01   4.7026851e-03   1.2424908e+00  -1.0373376e-03  -4.4921623e-03  -2.6023526e-03
  -6.7961182e-01   9.9637306e-02   1.2816186e+00  -1.6499596e-03  -4.0243186e-03  -4.2390995e-03
  -7.0164262e-01   1.3020773e-01   1.2783926e+00  -2.0198586e-03  -4.5894855e-03  -3.4026614e-03
  -6.8645414e-01   1.0895541e-01   1.2792515e+00  -2.6524238e-03  -4.4493882e-03  -3.0691938e-03
  -7.2659729e-01   1.2066393e-01   1.2553864e+00  -3.0886821e-03  -4.5985212e-03  -2.8094038e-03
  -7.3692318e-01   1.2759445e-01   1.3258166e+00  -1.8238196e-03  -5.3917821e-03  -2.3441567e-03
  -7.2319016e-01   1.1754796e-01   1.3070862e+00  -2.4618755e-03  -5.0399072e-03  -2.9039286e-03
  -7.1391994e-01   9.1693645e-02   1.3371179e+00  -1.9938739e-03  -5.0935713e-03  -2.8129163e-03
  -7.0534637e-01   1.4022292e-01   1.3156101e+00  -2.6440494e-03  -4.7413553e-03  -2.8906220e-03
  -7.0136942e-01   1.5816296e-01   1.2798308e+00  -3.5463000e-03  -4.8809931e-03  -3.2617189e-03
  -6.7199190e-01   1.5324820e-01   1.2985737e+00  -2.9495705e-03  -5.1435196e-03  -3.7349970e-03
  -7.0215151e-01   1.4760816e-01   1.3273523e+00  -2.4345814e-03  -4.4526363e-03  -3.1888455e-03
  -7.4108462e-01   1.7135927e-01   1.3484515e+00  -3.2885797e-03  -5.3364196e-03  -2.5021569e-03
  -7.1566981e-01   1.6190454e-01   1.3124392e+00  -3.5673068e-03  -4.6110554e-03  -2.8858286e-03
  -7.1894194e-01   1.2430268e-01   1.3581095e+00  -3.2518520e-03  -5.0013867e-03  -3.1101566e-03
  -7.1301354e-01   1.3682810e-01   1.4365330e+00  -2.0705639e-03  -5.0931248e-03  -2.5270930e-03
  -6.8444933e-01   1.5637159e-01   1.4156033e+00  -2.9191335e-03  -5.2886726e-03  -3.3949263e-03
  -6.8034929e-01   1.4612796e-01   1.4147198e+00  -2.3534499e-03  -4.6483754e-03  -3.5463495e-03
  -6.9478810e-01   1.2417934e-01   1.4451358e+00  -2.0853238e-03  -4.6853613e-03  -3.2964597e-03
  -6.8524786e-01   1.3667911e-01   1.3987132e+00  -3.0460839e-03  -4.7426510e-03  -3.5939428e-03
  -7.2356822e-01   1.0155252e-01   1.4236155e+00  -2.2386251e-03  -4.6421882e-03  -2.8722476e-03
  -7.1885213e-01   1.2340733e-01   1.4449871e+00  -2.5579118e-03  -4.9347608e-03  -3.0972572e-03
  -7.0332989e-01   1.1999709e-01   1.4550696e+00  -2.7427485e-03  -4.2835664e-03  -2.9836283e-03
  -7.0262116e-01   1.3072438e-01   1.4742032e+00  -2.4196875e-03  -4.5167312e-03  -3.2092201e-03
  -6.9429938e-01   1.4293633e-01   1.4600823e+00  -2.7822130e-03  -4.5850964e-03  -3.2246444e-03
  -6.9790946e-01   1.2074314e-01   1.4792409e+00  -2.5965171e-03  -4.6330214e-03  -3.2310490e-03
  -7.0380072e-01   1.4209011e-01   1.5289508e+00  -1.8510649e-03  -4.5573977e-03  -2.8778995e-03
  -7.1351929e-01   1.4963400e-01   1.4910838e+00  -2.9119606e-03  -5.2512694e-03  -2.6851241e-03
  -6.8715496e-01   1.1767957e-01   1.5443596e+00  -1.9844193e-03  -4.1549197e-03  -3.3520583e-03
  -6.9112026e-01   1.3595175e-01   1.5551237e+00  -2.8511210e-03  -5.1733105e-03  -3.5014971e-03
  -7.0634691e-01   1.1634392e-01   1.6037725e+00  -2.4123564e-03  -5.5344428e-03  -3.0259147e-03
  -7.1582526e-01   1.2798823e-01   1.5819916e+00  -2.7022798e-03  -4.6266019e-03  -2.4059970e-03
  -7.1822957e-01   1.5751683e-01   1.5466542e+00  -2.4139389e-03  -4.7362454e-03  -3.1316171e-03
  -6.8765406e-01   1.6587180e-01   1.5155588e+00  -2.8883198e-03  -4.1486354e-03  -3.2482625e-03
  -6.8978380e-01   1.4933856e-01   1.5224476e+00  -3.8230772e-03  -5.0184246e-03  -3.5217927e-03
  -7.1139435e-01   1.4841152e-01   1.5475253e+00  -3.3762370e-03  -4.3752351e-03  -2.6989819e-03
  -7.0368877e-01   1.6023974e-01   1.5565721e+00  -3.1538148e-03  -4.8334397e-03  -3.3009607e-03
  -6.7933373e-01   1.6765021e-01   1.6242179e+00  -2.3659847e-03  -5.1230800e-03  -3.4292715e-03
  -7.0021557e-01   1.3139408e-01   1.6401451e+00  -2.7616484e-03  -4.5538179e-03  -2.8975899e-03
  -7.0968611e-01   1.7192567e-01   1.7146062e+00  -2.0364583e-03  -4.5351189e-03  -2.9252755e-03
  -6.8976775e-01   1.7896841e-01   1.7281019e+00  -2.4532710e-03  -4.4879575e-03  -3.2118658e-03
  -7.3081445e-01   1.9908357e-01   1.7337580e+00  -2.6117273e-03  -4.9224263e-03  -2.3965036e-03
  -7.0176522e-01   1.7951907e-01   1.7282276e+00  -3.0359788e-03  -4.5790193e-03  -2.8797799e-03
  -6.9936192e-01   1.5069830e-01   1.7151586e+00  -2.7088463e-03  -4.9296961e-03  -2.9731817e-03
  -7.0760813e-01   1.4082456e-01   1.6478248e+00  -3.4639380e-03  -4.8221670e-03  -2.6149962e-03
  -7.2502293e-01   1.7571577e-01   1.7202781e+00  -2.3307053e-03  -4.3265945e-03  -2.5717593e-03
  -7.3071989e-01   1.8811493e-01   1.7214701e+00  -2.9462365e-03  -4.3458735e-03  -2.6081517e-03
  -7.1322024e-01   1.7676532e-01   1.7631757e+00  -2.9159655e-03  -5.1536604e-03  -3.3427882e-03
  -6.7415914e-01   1.6332877e-01   1.8011842e+00  -2.0921144e-03  -3.8724419e-03  -3.2918836e-03
  -6.9371923e-01   1.9996635e-01   1.7615860e+00  -3.3684566e-03  -4.9861689e-03  -2.9411648e-03
  -6.9754586e-01   1.6191440e-01   1.7439823e+00  -3.1083118e-03  -4.5190137e-03  -3.0528770e-03
  -7.1910893e-01   1.4879302e-01   1.8031260e+00  -2.9430510e-03  -4.8285867e-03  -2.6497171e-03
  -7.1892709e-01   1.5861558e-01   1.8454694e+00  -2.4979179e-03  -5.1296827e-03  -2.5637058e-03
  -6.8530540e-01   1.7557687e-01   1.8652255e+00  -2.2875473e-03  -4.6535998e-03  -3.4132165e-03
  -7.0153132e-01   1.8654977e-01   1.8782288e+00  -2.4515738e-03  -4.6621372e-03  -2.5310922e-03
  -6.9610124e-01   1.8117954e-01   1.8468253e+00  -2.6657809e-03  -5.1216579e-03  -3.4617332e-03
  -7.0984621e-01   1.6515821e-01   1.7845131e+00  -3.8404225e-03  -4.6294485e-03  -2.4563561e-03
  -6.9956849e-01   1.7738657e-01   1.8301482e+00  -3.3126685e-03  -4.8649359e-03  -2.8869110e-03
  -7.2284238e-01   1.8605386e-01   1.8531546e+00  -2.9501627e-03  -4.0283358e-03  -2.3493809e-03
  -7.1431917e-01   1.9285155e-01   1.8480283e+00  -3.1141415e-03  -4.8362713e-03  -2.5128672e-03
  -6.7818860e-01   2.0367309e-01   1.8460809e+00  -3.3026114e-03  -5.0929426e-03  -2.8701432e-03
  -7.0246404e-01   2.1476042e-01   1.8782032e+00  -3.1734429e-03  -4.3264011e-03  -2.9050189e-03
  -6.9816877e-01   1.8993692e-01   1.9264424e+00  -3.0995662e-03  -4.6455355e-03  -2.6620914e-03
  -7.0076390e-01   2.1994677e-01   1.9501194e+00  -2.4517431e-03  -4.1381997e-03  -2.3862516e-03
  -6.9191179e-01   1.9083956e-01   1.8987731e+00  -3.4960272e-03  -4.8516753e-03  -3.0110227e-03
  -6.8990783e-01   1.6684492e-01   1.8747136e+00  -4.4035176e-03  -4.9379496e-03  -3.1854000e-03
  -6.1941790e-01   3.4793654e-01   1.9415609e+00  -3.0213595e-03  -3.9789223e-03  -4.7887615e-03
  -6.6644593e-01   2.1951648e-01   1.9427418e+00  -3.9423503e-03  -4.7169554e-03  -3.6699252e-03
  -6.9622658e-01   2.2402532e-01   2.0321760e+00  -2.0532682e-03  -3.9806626e-03  -2.5546318e-03
  -6.6734437e-01   2.3136290e-01   2.0363698e+00  -2.1714389e-03  -4.3336188e-03  -3.2538635e-03
  -7.0681433e-01   1.9503947e-01   1.9824625e+00  -3.2820838e-03  -5.1032590e-03  -3.0054374e-03
  -7.1521636e-01   1.9664366e-01   2.0118010e+00  -3.3735020e-03  -4.5709674e-03  -2.1740829e-03
  -6.9080624e-01   2.0462479e-01   2.0702637e+00  -2.4658625e-03  -3.8400180e-03  -3.1035848e-03
  -7.0579479e-01   2.0455956e-01   2.1097206e+00  -2.8216869e-03  -4.5873226e-03  -2.6489759e-03
  -7.3018395e-01   2.1525371e-01   2.1246689e+00  -3.0372216e-03  -5.2863978e-03  -2.5028314e-03
  -7.1982513e-01   2.2535308e-01   2.1165412e+00  -2.6631687e-03  -4.6528378e-03  -2.3630834e-03
  -6.9037238e-01   2.2872153e-01   2.0184415e+00  -3.7065230e-03  -4.3214051e-03  -2.9575178e-03
  -6.9725210e-01   2.1321885e-01   2.0167457e+00  -3.4899173e-03  -4.2557522e-03  -2.8638823e-03
  -6.9909583e-01   2.2370695e-01   2.0673851e+00  -3.2306072e-03  -4.9328889e-03  -3.2837380e-03
  -7.0598151e-01   2.3061556e-01   2.1163789e+00  -3.1540650e-03  -4.7068040e-03  -2.3798303e-03
  -6.8830222e-01   2.3556088e-01   2.1662043e+00  -2.8872874e-03  -3.9878986e-03  -2.8731966e-03
  -6.8641147e-01   2.5970894e-01   2.1846027e+00  -2.7688634e-03  -4.2073283e-03  -2.7383363e-03
  -7.0318437e-01   2.5965769e-01   2.1508861e+00  -2.8070395e-03  -5.2201136e-03  -2.3817151e-03
  -6.9957100e-01   2.1023438e-01   2.1460784e+00  -3.4049272e-03  -4.4785237e-03  -2.8746527e-03
  -7.1871823e-01   2.0398236e-01   2.1644409e+00  -3.6117131e-03  -4.7900859e-03  -2.3963988e-03
  -6.6496977e-01   2.3507657e-01   2.2088362e+00  -2.5400837e-03  -4.1497081e-03  -2.9550792e-03
  -6.5716435e-01   2.1076567e-01   2.1756917e+00  -3.2860346e-03  -5.1932907e-03  -3.3526526e-03
  -7.1516688e-01   2.2930939e-01   2.1787243e+00  -3.9289320e-03  -5.5034982e-03  -2.3657580e-03
  -6.8403680e-01   2.4190023e-01   2.1996627e+00  -3.2804439e-03  -4.3207840e-03  -3.0016024e-03
  -7.0016585e-01   2.3598100e-01   2.2796102e+00  -2.8278962e-03  -4.5775724e-03  -2.7863134e-03
  -7.3661388e-01   2.3561911e-01   2.2861052e+00  -3.5874104e-03  -4.6745299e-03  -1.6428038e-03
  -6.8447795e-01   2.4713337e-01   2.2606160e+00  -3.5290809e-03  -4.4018774e-03  -2.8721906e-03
  -6.9018111e-01   2.4084355e-01   2.2275803e+00  -4.0762929e-03  -5.2015629e-03  -2.7599246e-03
  -6.8520591e-01   2.5590844e-01   2.2541636e+00  -3.9345983e-03  -4.9093674e-03  -2.7692334e-03
  -6.8706288e-01   2.5730320e-01   2.2787173e+00  -3.9231352e-03  -4.4845723e-03  -3.2630853e-03
  -7.1925263e-01   2.5991410e-01   2.2862167e+00  -3.7567265e-03  -5.5263239e-03  -2.6643407e-03
  -6.9660992e-01   2.6459121e-01   2.3164739e+00  -3.1454066e-03  -4.3887834e-03  -2.3748672e-03
  -6.9488056e-01   2.2296485e-01   2.3334453e+00  -3.6963395e-03  -4.3575678e-03  -2.3223165e-03
  -6.7788343e-01   2.7403898e-01   2.4241612e+00  -2.1372348e-03  -3.8248091e-03  -2.7053961e-03
  -7.0563308e-01   2.6116921e-01   2.4451254e+00  -3.0418800e-03  -4.8859216e-03  -2.6153035e-03
  -6.7845027e-01   2.6910384e-01   2.3954183e+00  -3.1558015e-03  -4.2902884e-03  -2.4442818e-03
  -6.6692197e-01   2.4671002e-01   2.3736645e+00  -3.8200475e-03  -3.8557274e-03  -3.1524156e-03
  -7.1027187e-01   2.3717027e-01   2.4135787e+00  -3.1221481e-03  -4.4481962e-03  -2.9523625e-03
  -6.8557269e-01   2.5863632e-01   2.4802064e+00  -2.9551694e-03  -4.6400372e-03  -2.6214896e-03
  -7.0152747e-01   2.5472385e-01   2.4806145e+00  -2.8798821e-03  -5.0100969e-03  -2.6353412e-03
  -6.9226227e-01   2.5046757e-01   2.4524129e+00  -2.8452433e-03  -4.7179348e-03  -2.8757943e-03
  -7.0794265e-01   2.5928089e-01   2.4608865e+00  -3.0805859e-03  -4.7631214e-03  -2.9090297e-03
  -7.0660085e-01   2.7375384e-01   2.4598635e+00  -3.2944690e-03  -4.1857219e-03  -2.3631323e-03
  -6.6124670e-01   2.7536521e-01   2.4660643e+00  -3.5111347e-03  -4.2933554e-03  -3.1128585e-03
  -6.7475157e-01   2.8970258e-01   2.4789947e+00  -3.2208958e-03  -4.5159261e-03  -3.1270967e-03
  -6.8566232e-01   2.7416757e-01   2.4674145e+00  -4.2581703e-03  -5.3814576e-03  -2.6476658e-03
  -7.0347817e-01   2.8085203e-01   2.5141356e+00  -3.6842531e-03  -4.3794431e-03  -2.5167035e-03
  -6.7459699e-01   2.8484802e-01   2.5615733e+00  -3.5060495e-03  -4.3473962e-03  -3.0682547e-03
  -6.7072617e-01   2.8423258e-01   2.5929823e+00  -3.2095866e-03  -4.6115177e-03  -2.9531282e-03
  -6.8564393e-01   2.8971092e-01   2.6479963e+00  -2.8567276e-03  -4.5051748e-03  -2.6876717e-03
  -6.7281705e-01   3.0259530e-01   2.6196579e+00  -2.6812535e-03  -3.5173199e-03  -2.5179439e-03
  -6.7473651e-01   2.6832227e-01   2.5915697e+00  -2.7312402e-03  -4.6051092e-03  -3.1501048e-03
  -7.0281884e-01   2.6124983e-01   2.6013427e+00  -2.7889057e-03  -4.7734796e-03  -2.7803514e-03
  -6.9987157e-01   2.6167073e-01   2.6060030e+00  -3.1434137e-03  -4.6324815e-03  -2.9753941e-03
  -7.0520259e-01   2.6958531e-01   2.5863330e+00  -4.0932191e-03  -5.3139330e-03  -2.5556326e-03
  -6.8259844e-01   2.6135185e-01   2.5928982e+00  -3.7207665e-03  -4.4359573e-03  -2.9562372e-03
  -6.7461303e-01   2.8388758e-01   2.6128374e+00  -4.1253376e-03  -4.7996082e-03  -2.8846415e-03
  -6.7469026e-01   3.1515933e-01   2.6734442e+00  -3.0813284e-03  -4.5195810e-03  -3.0724686e-03
  -6.9167280e-01   2.9220605e-01   2.6740108e+00  -3.3004375e-03  -4.8568182e-03  -2.5923796e-03
  -6.7702779e-01   3.4225424e-01   2.6963733e+00  -3.3042198e-03  -4.5487100e-03  -3.0995885e-03
  -6.7587283e-01   3.3340357e-01   2.7513601e+00  -2.8929616e-03  -4.6926076e-03  -2.8951532e-03
  -6.8186377e-01   3.0954261e-01   2.7792292e+00  -2.9131107e-03  -3.8954264e-03  -2.8834025e-03
  -6.7276847e-01   3.1585612e-01   2.7773590e+00  -2.9591968e-03  -4.4691639e-03  -3.1343539e-03
  -6.6909857e-01   3.0731252e-01   2.7210415e+00  -3.6866158e-03  -4.9313398e-03  -3.3787915e-03
  -6.9166782e-01   3.1384581e-01   2.7632008e+00  -3.0308098e-03  -4.2946461e-03  -2.1389892e-03
  -7.2814689e-01   2.9913372e-01   2.8070958e+00  -3.2033877e-03  -4.7083343e-03  -1.1765285e-03
  -6.7675515e-01   3.0533553e-01   2.8369018e+00  -3.0095953e-03  -4.2478341e-03  -2.9519697e-03
  -7.1568484e-01   3.0747713e-01   2.8993806e+00  -2.1358438e-03  -4.3739893e-03  -1.7153750e-03
  -6.8267402e-01   3.3383596e-01   2.8460117e+00  -3.1082499e-03  -5.0080380e-03  -2.4848287e-03
  -6.6609179e-01   3.0183610e-01   2.8206273e+00  -3.2402546e-03  -4.2710986e-03  -3.1637391e-03
  -6.7465130e-01   3.1985614e-01   2.7940648e+00  -3.4561908e-03  -4.6055816e-03  -2.7379112e-03
  -6.5925516e-01   3.0759111e-01   2.8533404e+00  -3.0991641e-03  -3.9341072e-03  -3.3861296e-03
  -6.6879958e-01   3.2442972e-01   2.9175218e+00  -2.4800290e-03  -4.3720717e-03  -3.1028273e-03
  -6.8548617e-01   3.0730473e-01   2.9418011e+00  -2.6897015e-03  -4.4823442e-03  -2.7672984e-03
  -6.6300374e-01   3.1621565e-01   2.8792466e+00  -2.9054587e-03  -4.1349386e-03  -3.2385910e-03
  -6.9124683e-01   3.1220006e-01   2.8701034e+00  -3.4378829e-03  -4.4603704e-03  -2.4640879e-03
  -6.9282051e-01   3.1823597e-01   2.9052537e+00  -3.0245748e-03  -4.4822614e-03  -2.8282826e-03
  -6.8140429e-01   3.1585995e-01   2.9545595e+00  -2.7176612e-03  -4.4426124e-03  -2.3233064e-03
  -6.6415898e-01   3.0908815e-01   3.0196186e+00  -2.6150307e-03  -4.4824172e-03  -2.7716588e-03
  -6.8549519e-01   3.3060399e-01   3.0596127e+00  -2.4046879e-03  -4.0149541e-03  -2.1647817e-03
  -6.6468122e-01   3.6969830e-01   3.0424239e+00  -2.3047002e-03  -3.5039430e-03  -2.7653077e-03
  -6.5403838e-01   3.4844300e-01   2.9694320e+00  -3.2776179e-03  -3.8285139e-03  -2.7689982e-03
  -6.6072348e-01   3.3870809e-01   2.9401744e+00  -3.9253483e-03  -4.1491367e-03  -3.4147457e-03
  -6.8736432e-01   3.5434131e-01   2.9696694e+00  -3.6676725e-03  -4.5869532e-03  -2.7235614e-03
  -6.7689194e-01   3.3520138e-01   2.9972388e+00  -3.0681446e-03  -4.1872703e-03  -2.4370126e-03
  -6.8147597e-01   3.5054070e-01   3.0020256e+00  -4.0217394e-03  -4.6636654e-03  -2.5958766e-03
  -6.7896957e-01   3.5026405e-01   3.0243952e+00  -3.7655113e-03  -4.5065190e-03  -2.9934323e-03
  -6.8243926e-01   3.7709692e-01   3.0684096e+00  -3.5670568e-03  -4.6645540e-03  -2.5854589e-03
  -6.6824167e-01   3.6754344e-01   3.1349877e+00  -3.0087836e-03  -4.7123136e-03  -2.6863627e-03
  -6.5933096e-01   3.5836585e-01   3.1439019e+00  -3.2128685e-03  -4.2163153e-03  -2.9882363e-03
  -6.8504701e-01   3.5987165e-01   3.2037949e+00  -2.5773944e-03  -4.0689584e-03  -2.2262302e-03
  -6.6002975e-01   5.4784988e-01   3.0881998e+00  -3.9510464e-03  -3.8875731e-03  -3.6017223e-03
  -6.8357166e-01   3.5824922e-01   3.0709696e+00  -3.8511134e-03  -3.8952615e-03  -2.2603166e-03
  -6.6566182e-01   3.3808682e-01   3.0836962e+00  -3.3625614e-03  -3.4903376e-03  -2.7039905e-03
  -6.7270436e-01   3.6418402e-01   3.1315682e+00  -2.5749969e-03  -3.5639455e-03  -2.9747039e-03
  -6.8860497e-01   3.5263270e-01   3.1714826e+00  -2.8771774e-03  -3.8113151e-03  -2.5883049e-03
  -6.8196457e-01   3.5948696e-01   3.1904027e+00  -3.7814070e-03  -4.4387283e-03  -2.5768722e-03
  -6.5651852e-01   3.6823120e-01   3.2621553e+00  -2.5468955e-03  -3.5358795e-03  -2.8079997e-03
  -6.8700237e-01   3.8998409e-01   3.2886427e+00  -2.6291510e-03  -3.8741800e-03  -2.4413056e-03
  -6.7401459e-01   3.8229152e-01   3.2925291e+00  -2.8269823e-03  -3.9584006e-03  -2.6044386e-03
  -6.3687026e-01   3.7521818e-01   3.2603202e+00  -3.0044227e-03  -3.8567758e-03  -3.3182131e-03
  -6.6435243e-01   3.8516920e-01   3.1822446e+00  -3.9312862e-03  -4.0175867e-03  -2.6218676e-03
  -6.7203132e-01   3.7367867e-01   3.1804040e+00  -4.6971322e-03  -3.8507074e-03  -1.9659789e-03
  -6.3385421e-01   4.1929320e-01   3.2728674e+00  -3.3038941e-03  -3.3079106e-03  -3.3730398e-03
  -6.5917530e-01   3.8735652e-01   3.2567679e+00  -4.1565933e-03  -4.4305450e-03  -3.0325330e-03
  -6.7355948e-01   3.8949414e-01   3.2736466e+00  -3.3593316e-03  -4.1188893e-03  -2.6633702e-03
  -6.5269882e-01   4.1230678e-01   3.3306288e+00  -2.9877268e-03  -3.8264709e-03  -2.5378277e-03
  -6.6881905e-01   3.6764948e-01   3.3680456e+00  -3.4319296e-03  -4.6472319e-03  -2.5770510e-03
  -6.6106758e-01   3.7276902e-01   3.3910370e+00  -3.2361951e-03  -3.6457426e-03  -2.3964801e-03
  -6.6207851e-01   4.1557442e-01   3.4109350e+00  -2.7682104e-03  -4.2038095e-03  -2.1668404e-03
  -6.7805253e-01   4.0602525e-01   3.3302787e+00  -3.6873954e-03  -4.0288164e-03  -2.6548354e-03
  -6.4390573e-01   3.7862941e-01   3.3384531e+00  -3.9143404e-03  -4.2388980e-03  -3.1626391e-03
  -6.4318657e-01   3.9456878e-01   3.3901041e+00  -2.7425734e-03  -3.0613112e-03  -3.1490241e-03
  -6.5703878e-01   4.0979380e-01   3.4172037e+00  -3.2727022e-03  -3.7881816e-03  -2.8263911e-03
  -6.6412057e-01   4.0659639e-01   3.4789747e+00  -2.6953085e-03  -3.8815568e-03  -2.6622069e-03
  -6.6943334e-01   4.0794971e-01   3.4975282e+00  -2.7395581e-03  -4.1659825e-03  -2.7178276e-03
  -6.4645792e-01   4.3092901e-01   3.4919736e+00  -2.9335398e-03  -3.8530432e-03  -3.1874428e-03
  -6.6418603e-01   3.8346754e-01   3.4323864e+00  -3.8099372e-03  -4.6606086e-03  -2.6987706e-03
  -6.4834413e-01   4.1217514e-01   3.4353641e+00  -3.6523510e-03  -3.5747812e-03  -2.4436343e-03
  -6.1508818e-01   4.1466305e-01   3.4783671e+00  -3.1251679e-03  -3.7856074e-03  -3.4608507e-03
  -6.3934214e-01   4.2201392e-01   3.4773372e+00  -3.8551296e-03  -4.3393828e-03  -2.7833413e-03
  -6.3784563e-01   4.6173055e-01   3.4932404e+00  -3.6078670e-03  -3.6441342e-03  -2.7098225e-03
  -6.4316230e-01   4.1173177e-01   3.5224331e+00  -4.1163806e-03  -4.1650516e-03  -2.7666924e-03
  -6.3528914e-01   4.4534704e-01   3.5939092e+00  -2.5319262e-03  -3.1539299e-03  -3.0176195e-03
  -6.4757297e-01   4.2742845e-01   3.5971800e+00  -2.8687457e-03  -3.5502992e-03  -2.4185400e-03
  -6.4314819e-01   4.3071811e-01   3.5734940e+00  -3.7701979e-03  -3.7931713e-03  -2.6945744e-03
  -6.3541635e-01   4.5169173e-01   3.5517651e+00  -3.5994234e-03  -4.0787346e-03  -3.1040401e-03
  -6.3951490e-01   4.2128276e-01   3.5463908e+00  -3.3544316e-03  -3.8449834e-03  -2.4870835e-03
  -6.5457909e-01   4.1348179e-01   3.5441265e+00  -4.1275021e-03  -4.2591549e-03  -2.4901449e-03
  -6.4186867e-01   4.4889544e-01   3.6042846e+00  -2.7725860e-03  -4.1401215e-03  -2.8198287e-03
  -6.5323578e-01   4.3746913e-01   3.6207515e+00  -3.0395837e-03  -3.5641902e-03  -2.3388489e-03
  -6.8118103e-01   4.0150831e-01   3.6339923e+00  -3.3158273e-03  -4.0456407e-03  -1.7425220e-03
  -6.5354098e-01   4.2982239e-01   3.6627484e+00  -3.4481870e-03  -4.1532151e-03  -2.4536457e-03
  -6.5668817e-01   4.2898262e-01   3.6695175e+00  -3.1945654e-03  -4.1649729e-03  -2.3757096e-03
  -6.4013608e-01   4.1450378e-01   3.6847002e+00  -3.2169377e-03  -3.9086873e-03  -3.0504707e-03
  -6.2500349e-01   4.0733666e-01   3.7097360e+00  -3.6259279e-03  -3.8757135e-03  -2.9263119e-03
  -6.6283181e-01   4.4055569e-01   3.7557508e+00  -3.3656012e-03  -3.4642982e-03  -2.3793118e-03
  -6.2859027e-01   4.2473290e-01   3.8230163e+00  -2.5324928e-03  -4.3094479e-03  -2.5970503e-03
  -6.5650115e-01   4.1344807e-01   3.8131571e+00  -3.5398921e-03  -3.4021248e-03  -1.8687196e-03
  -6.3735627e-01   4.5875202e-01   3.7998525e+00  -3.4513722e-03  -3.6633403e-03  -2.6749274e-03
  -6.4621447e-01   4.4879236e-01   3.7276731e+00  -4.3131694e-03  -3.5152733e-03  -2.5675679e-03
  -6.4958257e-01   4.4121256e-01   3.7186858e+00  -3.9642576e-03  -3.9745776e-03  -2.3765854e-03
  -6.3668390e-01   4.2195029e-01   3.7879371e+00  -3.1012533e-03  -3.6872729e-03  -2.4897214e-03
  -6.5512688e-01   4.4993047e-01   3.7972191e+00  -3.9123816e-03  -4.2286475e-03  -2.5987445e-03
  -6.4034816e-01   4.4367541e-01   3.8194061e+00  -3.8539131e-03  -4.0129057e-03  -3.0825740e-03
  -6.3166230e-01   4.9859774e-01   3.7852508e+00  -3.7649288e-03  -3.2373342e-03  -2.6688736e-03
  -6.3543616e-01   4.6162434e-01   3.7978942e+00  -4.0140840e-03  -4.0201905e-03  -2.5037579e-03
  -6.3196701e-01   4.4430338e-01   3.7971032e+00  -4.1976370e-03  -3.5541798e-03  -2.7224386e-03
  -6.1946920e-01   4.6854009e-01   3.8037133e+00  -4.0854165e-03  -4.7901538e-03  -2.6651759e-03
  -6.4196565e-01   4.6734864e-01   3.8374789e+00  -4.1120708e-03  -4.1228519e-03  -2.5112088e-03
  -6.4528432e-01   4.9747317e-01   3.8875592e+00  -4.2033994e-03  -3.9108745e-03  -2.2537548e-03
  -6.3503755e-01   4.7965708e-01   3.9637116e+00  -2.7637834e-03  -4.0050486e-03  -2.5950626e-03
  -6.2315128e-01   4.8203396e-01   3.9474275e+00  -3.3274252e-03  -3.4637066e-03  -2.1598252e-03
  -6.4187716e-01   4.4872606e-01   3.9266894e+00  -3.1760157e-03  -3.7847331e-03  -2.9595582e-03
  -6.2728297e-01   4.5815449e-01   3.9217726e+00  -3.9784491e-03  -4.1452661e-03  -2.9230252e-03
  -6.0710329e-01   4.8725152e-01   3.9394236e+00  -3.2531110e-03  -3.9086627e-03  -2.8620574e-03
  -6.4892313e-01   4.6091113e-01   3.9085994e+00  -4.3658689e-03  -3.5134683e-03  -2.0911282e-03
  -6.3029846e-01   4.8548047e-01   3.9493712e+00  -4.0192120e-03  -4.5195880e-03  -2.9545816e-03
  -6.2853106e-01   4.9965329e-01   3.9761451e+00  -4.2587723e-03  -4.1296439e-03  -2.3513259e-03
  -6.1989597e-01   4.6637273e-01   3.9798491e+00  -4.2100956e-03  -3.9254634e-03  -2.6405772e-03
  -6.2699457e-01   4.5172196e-01   3.9778904e+00  -3.8509981e-03  -4.2077019e-03  -2.2148428e-03
  -6.2512828e-01   4.5156842e-01   4.0438552e+00  -3.8086773e-03  -4.3187333e-03  -2.5708613e-03
  -6.1940469e-01   4.6415434e-01   4.1112461e+00  -2.9449599e-03  -3.4172613e-03  -2.1896977e-03
  -6.1313654e-01   4.7002232e-01   4.1282493e+00  -3.9789668e-03  -4.0855780e-03  -2.8381845e-03
  -6.2934069e-01   5.1021833e-01   4.1779638e+00  -3.1068235e-03  -3.6556560e-03  -2.1452275e-03
  -6.2488133e-01   4.6523896e-01   4.2047911e+00  -3.0399831e-03  -4.2651949e-03  -2.7843118e-03
  -6.2169668e-01   4.8651447e-01   4.2454686e+00  -2.6411213e-03  -3.6917592e-03  -2.1299573e-03
  -6.1957023e-01   4.7547555e-01   4.2596320e+00  -2.2116984e-03  -3.5364261e-03  -2.6846321e-03
  -6.3311673e-01   4.7518159e-01   4.2295060e+00  -3.6238062e-03  -3.9603406e-03  -2.0981961e-03
  -6.2595267e-01   5.0592929e-01   4.2516666e+00  -3.0538874e-03  -3.6917009e-03  -2.4923690e-03
  -5.9995987e-01   4.8801583e-01   4.1704121e+00  -4.2937614e-03  -4.1097609e-03  -2.2897461e-03
  -6.3620187e-01   4.9353663e-01   4.1181749e+00  -4.6902016e-03  -4.4595492e-03  -2.7011294e-03
  -6.5078913e-01   4.7918065e-01   4.1444498e+00  -3.9971443e-03  -4.4004630e-03  -1.6704566e-03
  -6.1380100e-01   4.6929057e-01   4.1665618e+00  -4.0206900e-03  -4.0160279e-03  -2.4013468e-03
  -6.2536292e-01   4.6176417e-01   4.1681035e+00  -3.7862225e-03  -4.0068135e-03  -2.2464077e-03
  -6.0410995e-01   4.8800543e-01   4.1889683e+00  -3.9672968e-03  -4.1361352e-03  -2.6613598e-03
  -6.4878449e-01   4.7821421e-01   4.1793915e+00  -4.8518672e-03  -4.7142688e-03  -2.0066117e-03
  -6.1419546e-01   5.0004442e-01   4.2440684e+00  -3.5984133e-03  -3.6112256e-03  -2.5513062e-03
  -6.1583851e-01   4.7907671e-01   4.2342967e+00  -4.3597199e-03  -4.1093323e-03  -2.7510247e-03
  -6.2860993e-01   5.1800987e-01   4.2424977e+00  -4.1100455e-03  -3.8357867e-03  -1.9753864e-03
  -6.1036958e-01   5.1418689e-01   4.2359117e+00  -4.2306945e-03  -4.6112396e-03  -2.7328031e-03
  -6.2174397e-01   5.1628537e-01   4.2613069e+00  -4.0370840e-03  -4.4861957e-03  -2.6296435e-03
  -6.3033767e-01   4.9858826e-01   4.2899178e+00  -3.9264561e-03  -3.8834373e-03  -2.0787262e-03
  -6.1819982e-01   5.0995246e-01   4.3485633e+00  -3.5019737e-03  -4.2524706e-03  -2.4581889e-03
  -6.3558192e-01   5.0806928e-01   4.3112601e+00  -4.2697206e-03  -4.0119759e-03  -1.9678858e-03
  -5.4887697e-01   7.1935279e-01   4.3483741e+00  -3.7325444e-03  -3.4275045e-03  -4.7949988e-03
  -6.0991948e-01   5.4506887e-01   4.3997729e+00  -3.3955131e-03  -3.3663717e-03  -2.0656755e-03
  -6.1469211e-01   5.2616943e-01   4.4368585e+00  -3.1459658e-03  -3.7607414e-03  -2.3469734e-03
  -5.9372612e-01   5.3810980e-01   4.4077626e+00  -3.8670490e-03  -4.4044608e-03  -2.9242478e-03
  -6.2703711e-01   5.1702127e-01   4.4037592e+00  -3.7161782e-03  -4.1950882e-03  -2.0835687e-03
  -6.1715021e-01   5.5092387e-01   4.4759272e+00  -2.7440759e-03  -3.8237463e-03  -2.4507782e-03
  -6.2185000e-01   5.2101186e-01   4.4904138e+00  -3.2418347e-03  -3.8404853e-03  -2.1911029e-03
  -6.1010206e-01   5.1131892e-01   4.4426701e+00  -4.2862264e-03  -3.9909062e-03  -2.6370636e-03
  -6.1605328e-01   5.0143555e-01   4.4151074e+00  -4.5690494e-03  -4.1802779e-03  -2.9602038e-03
  -6.1917558e-01   4.8893990e-01   4.4089153e+00  -3.9515125e-03  -3.9276788e-03  -2.3129204e-03
  -6.2433651e-01   4.9432571e-01   4.4352988e+00  -4.1691937e-03  -4.1852297e-03  -2.6074163e-03
  -6.0755442e-01   5.2422696e-01   4.4880927e+00  -3.4599655e-03  -3.8266830e-03  -2.7492785e-03
  -6.0162992e-01   5.3769015e-01   4.5466734e+00  -3.4055533e-03  -3.4600467e-03  -2.3417465e-03
  -5.9598106e-01   5.2994757e-01   4.5990684e+00  -2.9342635e-03  -3.8128876e-03  -2.4701119e-03
  -5.7444721e-01   5.5420385e-01   4.6385300e+00  -2.5241855e-03  -3.2759971e-03  -2.8389141e-03
  -6.0061952e-01   5.4882616e-01   4.6169730e+00  -3.7466651e-03  -3.8157131e-03  -2.2955987e-03
  -5.8112658e-01   5.5259074e-01   4.5576871e+00  -3.9505475e-03  -3.4712197e-03  -2.7008951e-03
  -5.8724714e-01   5.7642240e-01   4.5127006e+00  -4.5125630e-03  -3.6396617e-03  -2.8196091e-03
  -6.1225886e-01   5.6438072e-01   4.5638050e+00  -3.7245364e-03  -4.2395080e-03  -2.2172003e-03
  -5.9063728e-01   5.7997970e-01   4.5957724e+00  -3.3258382e-03  -3.9986748e-03  -2.8622088e-03
  -6.1427359e-01   5.5077757e-01   4.5774803e+00  -4.0097457e-03  -3.9088164e-03  -2.2020180e-03
  -5.9922055e-01   5.6048880e-01   4.5804268e+00  -4.0880907e-03  -4.2016592e-03  -2.6156059e-03
  -5.7996499e-01   5.8700504e-01   4.6442246e+00  -3.8017919e-03  -3.3022325e-03  -2.6413124e-03
  -5.9683020e-01   5.8070989e-01   4.6718238e+00  -3.7294409e-03  -4.3435450e-03  -2.0045053e-03
  -5.9233503e-01   5.3922795e-01   4.6588401e+00  -3.8268392e-03  -3.6618453e-03  -2.4027705e-03
  -6.0664195e-01   5.5076031e-01   4.6511461e+00  -4.2346437e-03  -3.9803114e-03  -1.8735976e-03
  -6.0280836e-01   5.7376438e-01   4.6861948e+00  -3.6809547e-03  -3.7184668e-03  -2.6033771e-03
  -6.2840621e-01   5.5510047e-01   4.7242086e+00  -4.0065212e-03  -3.9658709e-03  -2.3198983e-03
  -6.0211752e-01   5.3768613e-01   4.7700009e+00  -3.4298755e-03  -3.9042261e-03  -2.4809566e-03
  -6.0007203e-01   6.0227559e-01   4.8359373e+00  -2.0667437e-03  -3.5574452e-03  -2.2224345e-03
  -6.0004128e-01   5.9236480e-01   4.8261517e+00  -2.8031797e-03  -3.5149818e-03  -2.1554711e-03
  -5.8050016e-01   5.6301315e-01   4.7731867e+00  -3.8510268e-03  -4.0651629e-03  -2.6420223e-03
  -6.0456557e-01   5.6461891e-01   4.7350196e+00  -4.0415024e-03  -3.9260017e-03  -2.3475617e-03
  -6.1611150e-01   5.7606546e-01   4.7492025e+00  -3.9414762e-03  -4.1248472e-03  -2.5727466e-03
  -6.0974737e-01   5.6910411e-01   4.7849743e+00  -3.5665095e-03  -4.1039074e-03  -2.4080658e-03
  -6.0644858e-01   5.9427888e-01   4.8320612e+00  -3.3814284e-03  -3.9107903e-03  -2.2735982e-03
  -5.9628462e-01   6.1764192e-01   4.8413780e+00  -3.4308168e-03  -3.5202741e-03  -2.2373809e-03
  -5.6385702e-01   5.8348944e-01   4.8069215e+00  -3.6488620e-03  -3.6709625e-03  -2.9254938e-03
  -6.0357180e-01   5.8045033e-01   4.8058683e+00  -3.7795938e-03  -3.9444727e-03  -2.5877821e-03
  -6.1588854e-01   5.8200795e-01   4.8275985e+00  -4.0517069e-03  -3.8957665e-03  -1.7246805e-03
  -5.9467463e-01   6.0565667e-01   4.8603023e+00  -3.9675228e-03  -3.8292462e-03  -2.8225408e-03
  -6.0967231e-01   6.1129018e-01   4.9052589e+00  -3.5060548e-03  -3.8802820e-03  -2.2521316e-03
  -6.2248503e-01   5.8918411e-01   4.9199536e+00  -4.2349835e-03  -3.6375115e-03  -1.8140438e-03
  -5.8923441e-01   6.1343394e-01   4.9973359e+00  -2.8109776e-03  -3.4311987e-03  -2.2890274e-03
  -5.9274981e-01   6.2869505e-01   5.0092003e+00  -3.4331797e-03  -3.6391401e-03  -1.8378248e-03
  -5.8564467e-01   6.1179961e-01   5.0325631e+00  -3.1575171e-03  -3.4324988e-03  -2.0657840e-03
  -5.9149480e-01   5.9557747e-01   5.0319483e+00  -3.2547407e-03  -3.8701731e-03  -2.2041903e-03
  -5.9047261e-01   6.0861150e-01   5.0451801e+00  -3.1703636e-03  -3.9708435e-03  -2.7972147e-03
  -5.8490622e-01   6.1681535e-01   5.0072814e+00  -3.5951685e-03  -4.1712619e-03  -2.5402745e-03
  -5.8111033e-01   5.6413929e-01   4.9433516e+00  -4.3302171e-03  -4.1600002e-03  -2.6949009e-03
  -5.8768809e-01   5.5669063e-01   4.9183855e+00  -4.9037850e-03  -4.2360784e-03  -2.2693088e-03
  -6.0042126e-01   5.8552606e-01   4.9313849e+00  -5.0812230e-03  -3.8946438e-03  -2.4718874e-03
  -5.9777794e-01   6.1021893e-01   5.0234938e+00  -3.4050924e-03  -3.6052734e-03  -2.4799569e-03
  -5.8900616e-01   6.1051912e-01   5.0501081e+00  -3.7436329e-03  -4.0822696e-03  -2.7340940e-03
  -5.6727489e-01   6.2986895e-01   5.1061861e+00  -2.8545371e-03  -3.5501382e-03  -2.0174226e-03
  -5.7903873e-01   6.1546181e-01   5.0522767e+00  -3.3403322e-03  -3.6526533e-03  -2.2526470e-03
  -5.8638515e-01   6.2957711e-01   4.9943868e+00  -5.0381885e-03  -3.7838962e-03  -2.3596811e-03
  -5.9413065e-01   6.3064498e-01   5.0198877e+00  -4.4554378e-03  -4.1432033e-03  -2.3321990e-03
  -6.1563752e-01   6.1106554e-01   5.0213090e+00  -4.5442212e-03  -4.2478488e-03  -1.8471633e-03
  -5.6584077e-01   6.2651943e-01   5.0800969e+00  -3.8310019e-03  -3.5452102e-03  -2.4997392e-03
  -6.0351436e-01   6.1365669e-01   5.1436413e+00  -3.7655122e-03  -3.9587223e-03  -1.6990273e-03
  -5.7853776e-01   6.1430824e-01   5.1779341e+00  -3.7005750e-03  -3.5351606e-03  -2.5910983e-03
  -5.5948815e-01   6.0873681e-01   5.2217621e+00  -3.3786396e-03  -4.0126121e-03  -2.9685185e-03
  -5.7163453e-01   6.1121306e-01   5.2593368e+00  -3.2917046e-03  -3.7697055e-03  -2.5351833e-03
  -5.9879649e-01   6.0812372e-01   5.2546894e+00  -3.8241252e-03  -3.4923998e-03  -2.1116241e-03
  -5.7667516e-01   6.3423425e-01   5.2199792e+00  -3.6688393e-03  -3.6408450e-03  -2.6922417e-03
  -5.8188897e-01   6.2716689e-01   5.1501416e+00  -4.4296857e-03  -4.2124419e-03  -2.1662873e-03
  -5.6669453e-01   5.9823401e-01   5.1233898e+00  -4.8108441e-03  -4.1122550e-03  -2.8340514e-03
  -5.9286301e-01   5.9913437e-01   5.1731982e+00  -4.4066415e-03  -4.0489088e-03  -1.9322712e-03
  -5.6508316e-01   6.2554135e-01   5.2188730e+00  -3.5673853e-03  -4.1642644e-03  -2.7578054e-03
  -5.6508265e-01   6.4169807e-01   5.1785771e+00  -4.4726550e-03  -3.9860344e-03  -2.6968736e-03
  -5.8020173e-01   6.2260420e-01   5.2061632e+00  -4.3091716e-03  -4.2793733e-03  -2.3867819e-03
  -5.8400999e-01   6.6792146e-01   5.2634179e+00  -3.7752417e-03  -3.8222024e-03  -2.0904257e-03
  -5.5377661e-01   6.3445760e-01   5.2070593e+00  -4.9421493e-03  -4.2044244e-03  -3.1354246e-03
  -5.5168903e-01   6.3823508e-01   5.2620035e+00  -3.7963610e-03  -3.8601757e-03  -2.8696228e-03
  -5.8773465e-01   6.5801729e-01   5.2856495e+00  -4.6322596e-03  -4.3700241e-03  -2.0167729e-03
  -5.8533631e-01   6.6029590e-01   5.3620943e+00  -3.4162706e-03  -3.3142541e-03  -2.0261822e-03
  -5.6829761e-01   6.4127874e-01   5.3351620e+00  -3.8809135e-03  -3.8797178e-03  -2.6427422e-03
  -5.6444995e-01   6.2508467e-01   5.3127492e+00  -4.0043985e-03  -4.0218566e-03  -2.6231619e-03
  -5.8475018e-01   6.3876410e-01   5.2767066e+00  -4.9019490e-03  -4.3932093e-03  -2.2415886e-03
  -5.7398722e-01   6.3857114e-01   5.3367197e+00  -4.2043840e-03  -3.7984000e-03  -2.4017927e-03
  -5.6365872e-01   6.6404588e-01   5.3638674e+00  -4.2131517e-03  -3.5181757e-03  -2.9235875e-03
  -5.6152727e-01   6.5188844e-01   5.4214963e+00  -3.6831380e-03  -3.5236732e-03  -2.5405029e-03
  -5.5443464e-01   6.3510577e-01   5.4195521e+00  -4.3872431e-03  -3.6491212e-03  -2.7327688e-03
  -5.6227019e-01   6.6650021e-01   5.4515089e+00  -3.6555688e-03  -3.7322357e-03  -2.6679655e-03
  -5.8715085e-01   6.4926626e-01   5.3573962e+00  -5.2790416e-03  -4.1018083e-03  -2.4778687e-03
  -5.6581692e-01   6.3819626e-01   5.3623084e+00  -4.6437744e-03  -3.9774552e-03  -3.1124906e-03
  -5.8264721e-01   6.2837156e-01   5.4072889e+00  -4.5520024e-03  -3.7885495e-03  -2.1142399e-03
  -5.8919542e-01   6.7191145e-01   5.4634802e+00  -4.2970476e-03  -4.2226883e-03  -2.3296556e-03
  -5.7895208e-01   6.6496712e-01   5.5053239e+00  -3.9489039e-03  -4.3220343e-03  -2.3938177e-03
  -5.8880750e-01   6.6546298e-01   5.5488445e+00  -3.4434605e-03  -3.7806572e-03  -2.0356578e-03
  -5.4133342e-01   6.5583198e-01   5.5538546e+00  -3.8878711e-03  -3.4660708e-03  -2.6403815e-03
  -5.6901014e-01   6.3246302e-01   5.5885655e+00  -3.5746884e-03  -4.0492018e-03  -2.2294362e-03
  -5.5632978e-01   6.3971447e-01   5.5234753e+00  -4.5340475e-03  -4.1799442e-03  -3.1557349e-03
  -5.7838150e-01   6.3589913e-01   5.4575322e+00  -5.0443829e-03  -4.3424768e-03  -2.3714141e-03
  -5.6502089e-01   6.6989231e-01   5.4975458e+00  -3.8753032e-03  -4.1577962e-03  -3.1972891e-03
  -5.7072318e-01   6.5690260e-01   5.5227354e+00  -4.1207311e-03  -4.1603391e-03  -2.7423269e-03
  -5.4456299e-01   6.7631334e-01   5.5533553e+00  -4.6545423e-03  -3.6473923e-03  -2.4817804e-03
  -5.7367820e-01   6.4806849e-01   5.5242745e+00  -5.1158398e-03  -4.2052327e-03  -2.5486690e-03
  -5.6166951e-01   6.4865268e-01   5.5604181e+00  -4.5200965e-03  -3.9499653e-03  -2.7812214e-03
  -5.7741506e-01   6.3061132e-01   5.6218664e+00  -4.0533604e-03  -4.2140006e-03  -2.3543836e-03
  -5.5450214e-01   6.7557298e-01   5.6491264e+00  -4.0267501e-03  -4.2806596e-03  -2.1996726e-03
  -5.5311508e-01   6.8294035e-01   5.7122730e+00  -3.4130259e-03  -3.2610917e-03  -2.4873267e-03
  -5.2697799e-01   6.8551500e-01   5.6982067e+00  -3.6721503e-03  -3.3028201e-03  -2.4482702e-03
  -5.7681366e-01   6.3656662e-01   5.7355522e+00  -4.1914326e-03  -4.0676331e-03  -1.8021061e-03
  -5.7872658e-01   6.3589514e-01   5.7585233e+00  -3.6121726e-03  -3.7760106e-03  -2.2439407e-03
  -5.5541501e-01   6.8657511e-01   5.6780673e+00  -4.4396752e-03  -4.0272532e-03  -2.3825419e-03
  -5.7539192e-01   6.3290391e-01   5.6356502e+00  -4.7827252e-03  -4.4422771e-03  -2.6562786e-03
  -5.6487765e-01   6.6570354e-01   5.6388643e+00  -4.9364876e-03  -4.1049919e-03  -2.1290173e-03
  -5.5546230e-01   6.3481426e-01   5.6221902e+00  -5.0850923e-03  -3.7833881e-03  -2.9111277e-03
  -5.5593338e-01   6.4918049e-01   5.6388975e+00  -4.7861119e-03  -3.8219873e-03  -2.5934863e-03
  -5.6924253e-01   6.8037039e-01   5.6772636e+00  -4.7022584e-03  -3.6311389e-03  -2.0175545e-03
  -5.6084634e-01   6.5726173e-01   5.7175457e+00  -4.4451060e-03  -3.4965487e-03  -2.2411964e-03
  -5.5089583e-01   6.8317767e-01   5.7438696e+00  -4.5940278e-03  -3.9118686e-03  -2.6033247e-03
  -5.6031519e-01   6.8150502e-01   5.7913089e+00  -4.4033333e-03  -3.6368430e-03  -2.1073601e-03
  -5.6596396e-01   6.8084416e-01   5.8165159e+00  -3.9486475e-03  -4.5727811e-03  -2.4498439e-03
  -5.7954028e-01   7.0202685e-01   5.7597872e+00  -5.2012200e-03  -4.0286828e-03  -1.9324928e-03
  -5.6035325e-01   6.9024962e-01   5.7614013e+00  -5.0344857e-03  -3.4621615e-03  -2.1180740e-03
  -5.4144059e-01   7.1187370e-01   5.8225164e+00  -4.6167881e-03  -3.5291267e-03  -2.4763924e-03
  -5.4642753e-01   7.0397436e-01   5.8606121e+00  -4.0911247e-03  -3.3625345e-03  -2.5550284e-03
  -5.4873797e-01   7.1019558e-01   5.8816542e+00  -4.5320494e-03  -3.6958264e-03  -2.2866270e-03
  -5.8117974e-01   6.7843180e-01   5.9076473e+00  -4.2061832e-03  -3.5789481e-03  -1.6799608e-03
  -5.2395828e-01   7.0779164e-01   5.9447374e+00  -3.8466569e-03  -3.3927381e-03  -2.9029842e-03
  -5.6573560e-01   6.8698136e-01   5.8643529e+00  -4.7904775e-03  -4.1198133e-03  -1.9123126e-03
  -5.5337989e-01   6.8861367e-01   5.7907868e+00  -6.0518329e-03  -3.8205208e-03  -2.1232132e-03
  -5.3545064e-01   6.8565286e-01   5.8210131e+00  -5.3697263e-03  -3.7599230e-03  -2.6892138e-03
  -5.3780970e-01   7.2195498e-01   5.8627268e+00  -4.4266921e-03  -3.4378727e-03  -2.4945724e-03
  -5.3942900e-01   6.8001391e-01   5.8636796e+00  -4.8777938e-03  -3.8251080e-03  -2.9004398e-03
  -5.4668142e-01   7.1006645e-01   5.8863638e+00  -5.3869398e-03  -3.8959986e-03  -2.0841060e-03
  -5.3900392e-01   6.7435162e-01   5.8808788e+00  -5.0977382e-03  -3.4433524e-03  -2.1081129e-03
  -5.5166258e-01   6.7672766e-01   5.8816704e+00  -4.7885779e-03  -4.1423083e-03  -2.1795491e-03
  -5.6369075e-01   7.1190169e-01   5.9002807e+00  -5.3773719e-03  -4.0965252e-03  -2.2200644e-03
  -5.6114114e-01   7.2120539e-01   5.9895354e+00  -4.1758201e-03  -3.7060054e-03  -1.9683782e-03
  -5.5566141e-01   6.9989980e-01   6.0321398e+00  -4.4472635e-03  -3.7362784e-03  -2.1276475e-03
  -5.3984851e-01   7.1504111e-01   6.0551930e+00  -4.0565319e-03  -3.7721435e-03  -2.5887671e-03
  -5.3106140e-01   7.1225518e-01   6.0036643e+00  -5.0891758e-03  -3.4087960e-03  -2.5230056e-03
  -4.9935543e-01   7.0864922e-01   6.0225727e+00  -4.5001451e-03  -3.9310236e-03  -3.1542087e-03
  -5.3466011e-01   7.2474957e-01   6.0719300e+00  -3.9237789e-03  -3.3277090e-03  -2.6290989e-03
  -5.2491449e-01   7.3192382e-01   6.1072330e+00  -3.7560535e-03  -3.9762344e-03  -2.4486333e-03
  -5.3556095e-01   7.3838281e-01   6.0599969e+00  -4.3610368e-03  -3.8560556e-03  -2.9458016e-03
  -5.4309601e-01   7.0740658e-01   6.0466073e+00  -5.5208305e-03  -4.1310772e-03  -2.1955807e-03
  -5.3861788e-01   6.8967819e-01   6.0374328e+00  -5.3772639e-03  -3.9325951e-03  -1.9746212e-03
  -5.4010937e-01   7.0482671e-01   6.0463869e+00  -5.1007327e-03  -3.8930771e-03  -2.4340527e-03
  -5.4342259e-01   7.4992550e-01   6.1068865e+00  -5.0734063e-03  -4.1850342e-03  -2.4426174e-03
  -5.2581842e-01   7.5452445e-01   6.1890897e+00  -3.9535695e-03  -3.4903231e-03  -2.5553149e-03
  -5.4237468e-01   7.3944627e-01   6.2380510e+00  -3.4311680e-03  -3.2698324e-03  -2.2518256e-03
  -5.2762719e-01   7.4860151e-01   6.2006513e+00  -3.9089724e-03  -3.4209068e-03  -2.3001026e-03
  -5.3829909e-01   7.1561017e-01   6.1398801e+00  -5.4750066e-03  -4.5257282e-03  -2.6703824e-03
  -5.4854494e-01   7.5002975e-01   6.1270795e+00  -5.3762999e-03  -4.2588847e-03  -2.6665347e-03
  -5.3680680e-01   7.5226549e-01   6.1706619e+00  -4.8496325e-03  -4.4018670e-03  -3.0029096e-03
  -5.6472609e-01   7.4591872e-01   6.1733731e+00  -5.2698269e-03  -4.1200840e-03  -2.1042716e-03
  -5.3969419e-01   7.4628391e-01   6.2687114e+00  -4.6361439e-03  -3.5017085e-03  -2.3173808e-03
  -5.2335175e-01   7.6897911e-01   6.3387952e+00  -3.5664905e-03  -3.6943589e-03  -2.4427572e-03
  -5.2312574e-01   7.8587566e-01   6.3181962e+00  -3.8633637e-03  -3.8716150e-03  -2.6900267e-03
  -5.4074479e-01   7.4990171e-01   6.2802372e+00  -4.5469957e-03  -3.9615848e-03  -2.1421051e-03
  -5.1425300e-01   7.1080432e-01   6.2201643e+00  -5.4783513e-03  -3.3627445e-03  -2.3532275e-03
  -5.6915896e-01   7.3066126e-01   6.2372665e+00  -4.6211509e-03  -3.9456367e-03  -2.0052890e-03
  -5.2218973e-01   7.5938047e-01   6.2712107e+00  -4.8676661e-03  -4.3884998e-03  -3.1668306e-03
  -5.4356705e-01   7.5335975e-01   6.2828849e+00  -4.9470842e-03  -3.6317590e-03  -1.5992102e-03
  -5.4199650e-01   7.5348431e-01   6.3029622e+00  -5.2089503e-03  -4.0284042e-03  -2.4289952e-03
  -5.3805867e-01   7.8055366e-01   6.3687049e+00  -4.2010982e-03  -3.9585801e-03  -2.5124739e-03
  -5.1939055e-01   7.5922878e-01   6.3901143e+00  -4.8974586e-03  -3.8436438e-03  -2.7531507e-03
  -5.3742877e-01   7.6384403e-01   6.4178452e+00  -4.8424322e-03  -3.4856779e-03  -1.3954327e-03
  -5.2558344e-01   7.6493992e-01   6.4877832e+00  -3.1788329e-03  -3.7768182e-03  -2.9055692e-03
  -5.2437494e-01   7.6134621e-01   6.4980893e+00  -3.5618977e-03  -3.4656749e-03  -2.6143730e-03
  -5.3831601e-01   7.4176603e-01   6.4738670e+00  -4.0976175e-03  -3.6148519e-03  -1.8640227e-03
  -5.3393107e-01   7.4623284e-01   6.3706690e+00  -5.3906809e-03  -3.3845588e-03  -1.8329442e-03
  -5.5242222e-01   7.2158833e-01   6.3545651e+00  -5.0401840e-03  -3.3403481e-03  -1.6804124e-03
  -5.3004975e-01   7.4844939e-01   6.3751308e+00  -5.0675622e-03  -4.6180031e-03  -2.4128806e-03
  -5.3714694e-01   7.6784009e-01   6.3720435e+00  -5.3362221e-03  -3.3804763e-03  -1.9219543e-03
  -5.2944690e-01   7.7547591e-01   6.3882641e+00  -5.0809533e-03  -3.6315848e-03  -2.5234452e-03
  -5.4764478e-01   7.8133214e-01   6.4026025e+00  -5.1035787e-03  -3.5718071e-03  -1.9182527e-03
  -5.2729678e-01   7.6169714e-01   6.4801562e+00  -4.3336393e-03  -4.1254951e-03  -2.4445287e-03
  -5.1633850e-01   7.7825881e-01   6.4837407e+00  -4.8963237e-03  -3.5136848e-03  -2.4541785e-03
  -5.3655724e-01   7.8548589e-01   6.5197856e+00  -4.2957684e-03  -3.7472057e-03  -2.1063715e-03
  -5.3679401e-01   7.7625549e-01   6.5040061e+00  -4.4243626e-03  -3.5128593e-03  -2.3818760e-03
  -5.4870267e-01   7.6586305e-01   6.4868714e+00  -5.4616874e-03  -4.1722148e-03  -2.3505135e-03
  -5.1700375e-01   7.5104558e-01   6.5540391e+00  -4.4299053e-03  -3.1496980e-03  -2.5254329e-03
  -5.4173175e-01   7.7402524e-01   6.6029373e+00  -3.9294703e-03  -3.6078568e-03  -1.7918482e-03
  -5.1112310e-01   7.6977688e-01   6.6619393e+00  -3.7230069e-03  -3.9095402e-03  -2.9734294e-03
  -5.1334372e-01   7.7744129e-01   6.6690125e+00  -3.8612818e-03  -3.2984318e-03  -2.2781581e-03
  -5.3414872e-01   7.9433898e-01   6.6067832e+00  -4.5186765e-03  -3.5193397e-03  -2.7263737e-03
  -4.7659914e-01   8.9451409e-01   6.5725080e+00  -4.9769301e-03  -3.6832760e-03  -3.9628192e-03
  -5.4532119e-01   7.5457478e-01   6.5438040e+00  -5.8051658e-03  -3.7589596e-03  -1.9260024e-03
  -5.2602490e-01   7.8322184e-01   6.5834035e+00  -4.8608770e-03  -3.2190139e-03  -2.2868153e-03
  -5.4417375e-01   7.8999978e-01   6.6317693e+00  -5.1204776e-03  -4.0269402e-03  -2.0316074e-03
  -5.2594490e-01   7.9442392e-01   6.6849626e+00  -4.2135073e-03  -3.4063174e-03  -2.2493591e-03
  -5.1275054e-01   8.1636431e-01   6.6953179e+00  -3.9512924e-03  -3.2214302e-03  -2.0163730e-03
  -5.3690491e-01   8.0339023e-01   6.6444608e+00  -5.0191324e-03  -3.2255762e-03  -2.1737006e-03
  -5.2091579e-01   7.6416143e-01   6.6241248e+00  -5.4514385e-03  -3.6561540e-03  -2.6386096e-03
  -5.4666767e-01   7.7250591e-01   6.6376991e+00  -5.7493364e-03  -3.8773876e-03  -1.9250013e-03
  -5.3624530e-01   7.9674419e-01   6.7025386e+00  -3.9211937e-03  -3.4475465e-03  -2.2336970e-03
  -5.3027304e-01   7.9502752e-01   6.6553755e+00  -5.6293552e-03  -4.1274721e-03  -2.3793645e-03
  -5.2441022e-01   7.8015837e-01   6.6802864e+00  -5.4209948e-03  -3.3637555e-03  -2.6977322e-03
  -5.4555662e-01   8.0055644e-01   6.7045366e+00  -4.8777170e-03  -3.8821829e-03  -2.0847416e-03
  -5.2036684e-01   7.5495725e-01   6.7210021e+00  -4.5669047e-03  -3.5645173e-03  -1.9680182e-03
  -5.4170734e-01   7.9572891e-01   6.6989418e+00  -5.3378137e-03  -3.4119959e-03  -1.6820307e-03
  -5.0453039e-01   7.8995895e-01   6.7365665e+00  -4.7897142e-03  -3.4092613e-03  -2.4571543e-03
  -5.3264840e-01   7.8936396e-01   6.7550026e+00  -4.6975042e-03  -3.9711654e-03  -2.0713151e-03
  -5.3359702e-01   7.8893919e-01   6.7721787e+00  -4.7072887e-03  -3.4398778e-03  -1.9229193e-03
  -5.2071236e-01   7.8870585e-01   6.7842762e+00  -4.4850586e-03  -3.4849199e-03  -2.0624913e-03
  -5.4443922e-01   7.9753048e-01   6.7726338e+00  -5.2647018e-03  -3.8871684e-03  -2.3755478e-03
  -5.4561620e-01   8.0507833e-01   6.8048098e+00  -4.7225358e-03  -3.5599901e-03  -1.8334178e-03
  -5.1988254e-01   7.7472120e-01   6.7803034e+00  -5.7791948e-03  -3.3492532e-03  -2.1298326e-03
  -5.1630301e-01   7.8280977e-01   6.8579398e+00  -4.9547824e-03  -3.8736749e-03  -2.4350859e-03
  -5.5787758e-01   7.8902048e-01   6.9194672e+00  -4.4996675e-03  -4.0743209e-03  -1.2524721e-03
  -5.3313163e-01   8.3396081e-01   6.9903388e+00  -3.6824075e-03  -2.9795588e-03  -1.5489102e-03
  -4.9672390e-01   8.1257963e-01   7.0143666e+00  -4.0903446e-03  -3.7207875e-03  -2.9095242e-03
  -5.1938632e-01   8.2736615e-01   7.0509962e+00  -3.7891424e-03  -3.3494434e-03  -1.7022922e-03
  -5.0407885e-01   8.3537152e-01   7.1031703e+00  -2.5499054e-03  -3.0970864e-03  -2.1648741e-03
  -5.3684839e-01   8.2268620e-01   6.9789295e+00  -5.2850448e-03  -3.4604014e-03  -1.5117859e-03
  -5.0235620e-01   8.5441853e-01   6.9449468e+00  -4.6285166e-03  -3.7888103e-03  -2.5172541e-03
  -5.1417135e-01   7.9959536e-01   6.9321233e+00  -5.1555726e-03  -3.7858206e-03  -2.7658204e-03
  -5.1898671e-01   8.1965870e-01   6.9593592e+00  -4.7087495e-03  -3.6347809e-03  -2.7417223e-03
  -4.9509925e-01   8.3958393e-01   7.0053217e+00  -4.4226911e-03  -2.7910871e-03  -2.1104624e-03
  -5.1898856e-01   8.4292351e-01   7.0488946e+00  -4.2990662e-03  -3.5669525e-03  -2.3186170e-03
  -4.8115573e-01   8.2768199e-01   7.1010862e+00  -3.9081062e-03  -2.9538534e-03  -2.6125097e-03
  -4.8702052e-01   8.5659087e-01   7.0924225e+00  -3.6720731e-03  -2.8620341e-03  -2.6369474e-03
  -4.9726686e-01   8.5998041e-01   7.0562916e+00  -4.1014014e-03  -3.5935086e-03  -2.6926376e-03
  -4.9476990e-01   7.9647779e-01   7.0480971e+00  -4.4808197e-03  -3.4327270e-03  -2.7488876e-03
  -5.2295091e-01   8.0418115e-01   7.0969974e+00  -4.4641800e-03  -3.1966716e-03  -1.9265201e-03
  -4.9690632e-01   8.4030766e-01   7.2004243e+00  -2.8941321e-03  -2.8959944e-03  -2.5562513e-03
  -5.0830984e-01   8.5130216e-01   7.2061592e+00  -3.5688020e-03  -3.3347109e-03  -2.6320604e-03
  -5.1213792e-01   8.7031987e-01   7.1337523e+00  -4.0007467e-03  -3.2706421e-03  -1.8597670e-03
  -4.8879914e-01   8.4208561e-01   7.0621459e+00  -5.3056459e-03  -3.5920318e-03  -2.3751305e-03
  -4.9403060e-01   8.4792012e-01   7.1298208e+00  -3.6511292e-03  -2.7141848e-03  -2.4756332e-03
  -5.1022377e-01   8.4001242e-01   7.1329645e+00  -4.1292477e-03  -3.0718471e-03  -2.6082038e-03
  -4.8921034e-01   8.4335621e-01   7.1974186e+00  -3.6158945e-03  -3.2041232e-03  -2.7167290e-03
  -4.9198359e-01   8.5920466e-01   7.1878088e+00  -4.2496648e-03  -3.2317768e-03  -2.7299804e-03
  -4.8983265e-01   8.6823915e-01   7.1782775e+00  -3.7298339e-03  -3.0688009e-03  -2.7602048e-03
  -4.8426089e-01   8.3095294e-01   7.1807263e+00  -3.9551970e-03  -3.0601848e-03  -2.8875483e-03
  -5.2235334e-01   7.9364842e-01   7.2240967e+00  -4.1609641e-03  -3.1487043e-03  -2.5096149e-03
  -4.9502133e-01   8.2205752e-01   7.2504653e+00  -3.6168774e-03  -2.8795483e-03  -2.5707623e-03
  -4.9162910e-01   8.6109396e-01   7.2582350e+00  -3.9016916e-03  -2.9973898e-03  -2.3987436e-03
  -5.2331534e-01   8.4833892e-01   7.2247955e+00  -4.8446784e-03  -3.4613564e-03  -2.2780909e-03
  -5.1428671e-01   8.1963713e-01   7.2026621e+00  -5.3721600e-03  -3.5488345e-03  -2.1692242e-03
  -5.1377013e-01   8.3145132e-01   7.2516750e+00  -4.4772752e-03  -3.2157972e-03  -1.8033077e-03
  -5.2346808e-01   8.5470405e-01   7.3236625e+00  -3.4149540e-03  -3.3110353e-03  -2.1586198e-03
  -4.8186166e-01   8.6669161e-01   7.3164915e+00  -4.1604633e-03  -2.7078279e-03  -2.2413992e-03
  -4.8876297e-01   8.7199858e-01   7.3271758e+00  -4.1572445e-03  -2.7803693e-03  -2.5866273e-03
  -5.1793613e-01   8.8094358e-01   7.3639605e+00  -3.8202094e-03  -3.3116963e-03  -1.9370678e-03
  -5.2185203e-01   8.8038419e-01   7.3413676e+00  -4.2563988e-03  -3.5649802e-03  -1.9914780e-03
  -5.0954659e-01   8.8713980e-01   7.3772930e+00  -4.2969585e-03  -3.1699912e-03  -2.3589046e-03
  -4.8952589e-01   8.8930519e-01   7.4218425e+00  -3.9557134e-03  -3.3178888e-03  -2.3282439e-03
  -5.2186603e-01   8.9813577e-01   7.3859092e+00  -4.7040596e-03  -3.1691535e-03  -2.2628100e-03
  -4.8640436e-01   8.9802147e-01   7.3493042e+00  -4.9643335e-03  -3.0614143e-03  -2.3972429e-03
  -5.1379976e-01   8.3873428e-01   7.3643953e+00  -4.4692758e-03  -3.7139203e-03  -1.7300800e-03
  -5.0163599e-01   8.4025640e-01   7.3859264e+00  -4.8249465e-03  -2.9723394e-03  -2.1159355e-03
  -4.8373368e-01   8.6145826e-01   7.4445616e+00  -4.0393452e-03  -3.3847463e-03  -2.7915560e-03
  -5.0548112e-01   8.2610322e-01   7.4177299e+00  -4.4384344e-03  -3.3398406e-03  -1.8747137e-03
  -4.9817749e-01   8.5024180e-01   7.4300528e+00  -4.2576099e-03  -3.0589017e-03  -2.6705899e-03
  -5.1916287e-01   8.6880188e-01   7.4500295e+00  -4.0214214e-03  -3.0747390e-03  -1.7175915e-03
  -5.1151638e-01   8.7615553e-01   7.4768492e+00  -4.5693140e-03  -2.8483473e-03  -1.9157568e-03
  -4.8194508e-01   8.8420505e-01   7.4786474e+00  -4.4624420e-03  -2.6867203e-03  -2.7239608e-03
  -5.0956869e-01   8.8047555e-01   7.4946611e+00  -4.8799342e-03  -3.3225600e-03  -2.0753261e-03
  -5.3381351e-01   8.7671594e-01   7.5815065e+00  -3.7857974e-03  -3.1389518e-03  -1.8166561e-03
  -4.9967791e-01   8.8809127e-01   7.6305004e+00  -3.0713144e-03  -2.5676305e-03  -1.8543102e-03
  -4.7615293e-01   9.1030248e-01   7.6344123e+00  -3.6559929e-03  -2.4499926e-03  -2.4883739e-03
  -4.9840309e-01   9.1846466e-01   7.5919912e+00  -3.7024342e-03  -2.2032296e-03  -2.3097990e-03
  -4.9716054e-01   8.9288939e-01   7.5232584e+00  -4.8968299e-03  -3.0372388e-03  -2.2635114e-03
  -4.9572020e-01   8.7560002e-01   7.4978003e+00  -5.5621678e-03  -3.4984172e-03  -2.2686033e-03
  -4.9466134e-01   8.6635429e-01   7.5329225e+00  -5.0436131e-03  -2.6606826e-03  -1.8841270e-03
  -4.8303768e-01   9.0549286e-01   7.5863044e+00  -3.6582169e-03  -2.4313668e-03  -3.0045584e-03
  -4.9322683e-01   9.1362391e-01   7.6437215e+00  -3.9237934e-03  -2.6822117e-03  -2.4382182e-03
  -5.3215395e-01   9.3038804e-01   7.6962014e+00  -3.3785109e-03  -3.5175681e-03  -1.6456120e-03
  -5.0294161e-01   8.9265539e-01   7.5843808e+00  -5.1901415e-03  -3.1636889e-03  -1.7636713e-03
  -5.1096381e-01   9.1658395e-01   7.6085686e+00  -4.9769860e-03  -3.6852947e-03  -2.2002465e-03
  -4.9396752e-01   9.2082879e-01   7.6257237e+00  -4.4566625e-03  -2.9362967e-03  -2.3082987e-03
  -4.8349790e-01   8.9814098e-01   7.6358497e+00  -4.9594649e-03  -3.1405875e-03  -2.5939265e-03
  -4.9711830e-01   9.1711880e-01   7.6716967e+00  -4.8050177e-03  -2.9303235e-03  -2.1712170e-03
  -5.0161338e-01   9.0724623e-01   7.7697541e+00  -4.1783508e-03  -3.0351704e-03  -1.9391743e-03
  -4.9088514e-01   9.2424208e-01   7.7914962e+00  -3.7252772e-03  -2.2735377e-03  -1.8731607e-03
  -5.0184341e-01   9.3320728e-01   7.7563768e+00  -4.4490959e-03  -3.1159033e-03  -2.0966766e-03
  -4.7969695e-01   9.1164398e-01   7.6979457e+00  -4.9068076e-03  -2.3405972e-03  -2.1889481e-03
  -4.9034430e-01   9.0351686e-01   7.6866563e+00  -5.2897181e-03  -3.1583634e-03  -2.2473483e-03
  -4.9860985e-01   8.9200817e-01   7.7456605e+00  -4.3264347e-03  -2.8588741e-03  -2.2566237e-03
  -4.8524464e-01   9.2336620e-01   7.8427714e+00  -3.3857201e-03  -2.3684697e-03  -2.3294552e-03
  -4.9507616e-01   9.2043860e-01   7.8818178e+00  -3.4542509e-03  -2.6437832e-03  -1.7828420e-03
  -4.8150805e-01   9.4142039e-01   7.8868340e+00  -4.0629936e-03  -3.1920076e-03  -2.7605725e-03
  -5.1619623e-01   8.8588894e-01   7.8425449e+00  -4.4070834e-03  -3.3572182e-03  -1.4180950e-03
  -5.0447258e-01   8.7718138e-01   7.7911970e+00  -4.6012415e-03  -2.9069480e-03  -1.9223835e-03
  -5.1072135e-01   8.8634746e-01   7.7946479e+00  -4.6666377e-03  -2.8320143e-03  -1.7733428e-03
  -4.6857580e-01   8.9949356e-01   7.7975573e+00  -4.5663111e-03  -3.1165937e-03  -2.5505593e-03
  -5.0091653e-01   8.8855828e-01   7.8022607e+00  -5.0877101e-03  -2.5465126e-03  -1.5825010e-03
  -4.9313777e-01   9.0552226e-01   7.8648687e+00  -4.2418778e-03  -2.8260363e-03  -2.4356137e-03
  -4.8256495e-01   9.1293208e-01   7.9178016e+00  -3.7242017e-03  -3.1308514e-03  -2.1650163e-03
  -4.7358116e-01   9.1335930e-01   7.9652597e+00  -3.4673007e-03  -2.3357915e-03  -2.0742445e-03
  -4.6849534e-01   9.5343726e-01   7.9179178e+00  -3.8393664e-03  -2.7940797e-03  -2.7531851e-03
  -4.9521568e-01   9.2998051e-01   7.8874968e+00  -4.5103513e-03  -3.3118087e-03  -2.6192446e-03
  -4.6021876e-01   9.4472645e-01   7.8614046e+00  -4.7800747e-03  -2.9269504e-03  -2.4972418e-03
  -4.9551562e-01   9.2849864e-01   7.8899505e+00  -4.7412206e-03  -3.0476413e-03  -1.9495541e-03
  -4.7101947e-01   9.1997134e-01   7.8987222e+00  -4.9427493e-03  -2.6679372e-03  -2.2928453e-03
  -4.8040001e-01   9.2731963e-01   7.9328196e+00  -4.3992223e-03  -2.9811793e-03  -2.5553366e-03
  -4.9399698e-01   9.2545748e-01   7.9844301e+00  -4.0371244e-03  -3.1533550e-03  -2.0214324e-03
  -4.4730911e-01   9.4447275e-01   7.9513574e+00  -5.4625677e-03  -2.2339085e-03  -2.3344764e-03
  -4.9541752e-01   9.0427194e-01   7.9168912e+00  -5.8182178e-03  -3.1011597e-03  -2.3390277e-03
  -4.9026770e-01   9.2787011e-01   7.9652405e+00  -4.8770008e-03  -3.2858863e-03  -2.2905887e-03
  -4.7623686e-01   9.2111102e-01   7.9295185e+00  -5.6351841e-03  -2.6085646e-03  -2.6810005e-03
  -4.5516414e-01   9.4531330e-01   7.9894599e+00  -4.4948012e-03  -3.2970146e-03  -2.8228807e-03
  -4.7727054e-01   9.3435059e-01   8.0227601e+00  -4.2091584e-03  -2.7390657e-03  -2.6718943e-03
  -4.9227840e-01   9.5228102e-01   8.0687175e+00  -4.1560966e-03  -2.8890280e-03  -2.2618111e-03
  -4.6834261e-01   9.3490426e-01   8.0560780e+00  -4.6531011e-03  -2.8085554e-03  -2.6967703e-03
  -5.0468015e-01   9.3403514e-01   8.0426973e+00  -4.4553985e-03  -2.9995292e-03  -1.7224078e-03
  -4.8590024e-01   9.1210105e-01   8.0136057e+00  -4.8009750e-03  -2.4989840e-03  -2.3572821e-03
  -5.0746077e-01   9.1720074e-01   8.0385201e+00  -5.2914997e-03  -3.1937390e-03  -2.0929883e-03
  -4.8317908e-01   9.6616548e-01   8.1241910e+00  -3.8656429e-03  -2.8285949e-03  -2.2566300e-03
  -5.0991782e-01   9.5049578e-01   8.1752611e+00  -3.7430569e-03  -2.1080194e-03  -1.4735132e-03
  -4.6203081e-01   9.7067726e-01   8.2108047e+00  -3.3882233e-03  -2.4028318e-03  -2.0779964e-03
  -5.2042381e-01   9.3422058e-01   8.1484516e+00  -4.2091724e-03  -3.1288994e-03  -1.6752247e-03
  -4.5183120e-01   9.4268210e-01   8.1340802e+00  -4.3028054e-03  -2.0514134e-03  -2.6153927e-03
  -4.7375085e-01   9.3152006e-01   8.1057464e+00  -5.1366314e-03  -2.4063280e-03  -2.5127297e-03
  -4.7941907e-01   9.3441285e-01   8.1285819e+00  -5.0483721e-03  -2.9529652e-03  -2.1215629e-03
  -4.7297842e-01   9.4783565e-01   8.1551115e+00  -4.3188173e-03  -1.8632668e-03  -2.2863057e-03
  -4.8444476e-01   9.5906469e-01   8.1813269e+00  -4.3585509e-03  -2.8639601e-03  -2.3097975e-03
  -4.7486249e-01   9.5594872e-01   8.1900152e+00  -4.4821834e-03  -2.4870482e-03  -2.3517794e-03
  -4.8349729e-01   9.7087028e-01   8.2414349e+00  -3.5867922e-03  -2.8113962e-03  -1.9164145e-03
  -4.7086181e-01   9.5864033e-01   8.2874620e+00  -3.4208570e-03  -2.5755076e-03  -2.5089286e-03
  -4.6855721e-01   9.6729124e-01   8.3030483e+00  -3.3012449e-03  -2.4404511e-03  -2.2174492e-03
  -4.4816992e-01   9.6410968e-01   8.2431746e+00  -4.3220148e-03  -2.2440545e-03  -2.3506534e-03
  -4.8466418e-01   9.6410540e-01   8.2377057e+00  -4.9197032e-03  -2.9431001e-03  -2.3371718e-03
  -5.0138387e-01   9.7222354e-01   8.2584025e+00  -4.5863299e-03  -3.0621585e-03  -1.6136400e-03
  -4.8185806e-01   9.7349212e-01   8.2948897e+00  -3.8199239e-03  -2.2802181e-03  -2.0959089e-03
  -4.8146455e-01   9.7696283e-01   8.3209842e+00  -4.4650508e-03  -2.8891603e-03  -2.3944616e-03
  -4.6729970e-01   9.7318138e-01   8.3957007e+00  -3.2058923e-03  -2.6327720e-03  -2.0959129e-03
  -4.7868101e-01   9.8263698e-01   8.4055213e+00  -3.6085291e-03  -2.6194422e-03  -1.8680045e-03
  -4.9102998e-01   1.0169994e+00   8.4019135e+00  -3.3416700e-03  -2.9612161e-03  -2.2494920e-03
  -5.0597027e-01   9.7880885e-01   8.3171617e+00  -5.0443857e-03  -3.5162357e-03  -2.2878463e-03
  -4.6986916e-01   9.8207478e-01   8.3178089e+00  -4.4553859e-03  -2.7503970e-03  -2.5810920e-03
  -4.8277898e-01   9.3949429e-01   8.3170439e+00  -4.8304174e-03  -3.4514049e-03  -2.1969961e-03
  -5.0717560e-01   9.5425812e-01   8.3376831e+00  -4.5434896e-03  -2.8311164e-03  -1.8937229e-03
  -4.4473609e-01   9.8553574e-01   8.3812425e+00  -3.3762779e-03  -1.8729818e-03  -2.8340286e-03
  -4.7758634e-01   9.7903175e-01   8.4025182e+00  -3.9421584e-03  -2.3817980e-03  -1.9429349e-03
  -4.9386966e-01   9.6060055e-01   8.3927357e+00  -3.8580582e-03  -3.2279314e-03  -1.6341924e-03
  -4.9316450e-01   9.7056300e-01   8.4539839e+00  -3.6166687e-03  -3.1199401e-03  -2.4278726e-03
  -4.7769241e-01   9.8853598e-01   8.4803313e+00  -3.4224908e-03  -2.6948779e-03  -1.7706641e-03
  -4.7027349e-01   9.8696737e-01   8.5258692e+00  -3.3361903e-03  -2.5866463e-03  -2.5648488e-03
  -4.8268408e-01   9.2725397e-01   8.4331681e+00  -5.4825366e-03  -3.2678293e-03  -2.1979663e-03
  -4.8390654e-01   9.8378447e-01   8.4297807e+00  -4.4455285e-03  -2.3671032e-03  -1.9573483e-03
  -4.8703306e-01   9.5537068e-01   8.3952415e+00  -5.2024942e-03  -3.3847209e-03  -2.2417776e-03
  -4.9281423e-01   9.6168818e-01   8.4001051e+00  -4.9400372e-03  -3.7682668e-03  -2.4898682e-03
  -4.6543354e-01   9.3025985e-01   8.4209874e+00  -4.5185281e-03  -2.4810260e-03  -2.0844842e-03
  -4.8239806e-01   9.7244642e-01   8.4332280e+00  -4.3388842e-03  -2.6967723e-03  -2.0630073e-03
  -4.5385182e-01   9.5001970e-01   8.4422548e+00  -5.2336855e-03  -2.5542130e-03  -2.3271966e-03
  -5.0004297e-01   9.7023491e-01   8.4985354e+00  -4.0148005e-03  -2.9721941e-03  -1.9166000e-03
  -4.7846293e-01   9.7726296e-01   8.5672434e+00  -3.4087044e-03  -2.5079333e-03  -1.7612466e-03
  -4.6325843e-01   1.0137897e+00   8.5972482e+00  -3.3175870e-03  -2.7016669e-03  -2.3153948e-03
  -4.5290988e-01   9.9338338e-01   8.5764356e+00  -3.3061079e-03  -1.7858610e-03  -1.6906591e-03
  -4.8574415e-01   1.0050733e+00   8.5260562e+00  -4.3528488e-03  -2.2447070e-03  -1.9833863e-03
