   0.0000000e+00   0.0000000e+00   7.2294074e-15  -6.2502903e-20   1.9828138e-18   1.2393162e-37
  -3.0449998e-02  -5.2678640e-02   5.3109085e-02  -3.2742336e-04  -2.4517517e-04   1.3009643e-03
   5.8882989e-03  -8.0461683e-02   1.0193693e-01   3.6901083e-04  -6.5084067e-04  -3.7510752e-05
   2.3259447e-03  -6.3017740e-02   1.4128280e-01   1.5154323e-03   6.1517519e-04   6.9471793e-06
  -1.8780408e-02  -9.4888191e-02   1.4395043e-01   1.1308623e-03  -1.0871354e-04   8.3358512e-04
  -2.7825553e-02  -1.1784430e-01   1.5573387e-01   2.8303883e-03   5.4239272e-04   1.6383967e-03
   5.0096560e-03  -7.6155191e-02   7.6646775e-02   4.1847737e-04   8.1958343e-05   3.3224689e-04
  -4.9289137e-02  -6.1529111e-02   1.0168273e-01   3.0485028e-03  -5.2233426e-04   1.7414014e-03
   1.7153926e-02  -9.7973332e-02  -1.5934524e-02   1.6269599e-04  -6.0710384e-04   3.6235637e-04
  -4.8383827e-03  -6.6838976e-02   8.2172583e-03   1.0340566e-03   2.0961095e-04   7.6795685e-04
   2.3186142e-02  -7.3105605e-02  -6.1979520e-02  -4.6741766e-04   5.1012799e-05   3.4574061e-04
  -4.1069603e-02  -9.1385033e-02   2.7885761e-02   9.0395568e-04  -1.6484164e-03   1.1895861e-03
   8.9926804e-03  -5.0178094e-02   6.8813109e-02   1.0578466e-03  -8.0666159e-04   8.3024921e-05
  -4.5039571e-02  -9.5653419e-02   1.1341081e-01   2.7902219e-03  -8.0156102e-04   1.5348473e-03
  -3.2748317e-02  -4.4678617e-02   1.5260019e-02   6.9385849e-04  -1.5815634e-03   1.3790117e-04
  -5.0278719e-02  -1.0149542e-01   1.3414863e-02   7.8011062e-04  -8.2235375e-04   1.5779358e-03
  -2.9465250e-02  -7.0299080e-02  -1.6803994e-02  -3.8591002e-04  -6.3037921e-06   7.0932276e-04
  -4.7516521e-03  -7.3112872e-02  -8.1162239e-02  -1.1409535e-03  -4.0310205e-05   4.0202313e-04
  -1.0201411e-02  -4.4737065e-02   1.9918731e-02   4.6679250e-04  -1.7106065e-03   2.4109334e-04
  -5.1108843e-02  -9.5384267e-02   6.0012506e-03  -6.2911476e-04  -7.6636173e-04   2.6927093e-03
  -6.0478589e-02  -1.1147235e-01   6.8877156e-02   1.4285031e-03  -1.7030626e-04   1.2856453e-03
  -9.0458559e-03  -9.3166946e-02   2.3833559e-02   1.3379871e-04  -1.1306558e-03   1.2859513e-03
  -2.5929885e-02  -9.4269738e-02   3.3885808e-02   9.3717363e-04  -5.8044213e-04   5.9122795e-04
   1.8498266e-02  -1.5358147e-01   5.2579930e-02   1.5886326e-03  -1.0677062e-03  -5.8465189e-05
  -2.0721651e-03  -8.1001591e-02   6.9873825e-02   1.0582417e-03  -1.7715589e-03   3.9407163e-04
  -3.2588222e-02  -7.3919050e-02   9.4702158e-02   9.8101958e-04  -1.4268120e-03   1.0898691e-03
  -6.0671993e-03  -1.1720839e-01   1.3878562e-01   4.3758803e-05  -1.3488121e-04   7.3695113e-04
  -2.7599415e-02  -1.1589256e-01   1.1219848e-01   1.5322572e-03  -9.4709497e-04   2.3719804e-05
  -2.2579163e-02  -1.4426232e-01   7.3487411e-02   5.1463964e-04  -1.2149507e-03  -5.3189862e-05
  -3.6878195e-02  -9.6159953e-02   3.3426886e-02  -1.6045685e-05  -8.3070026e-04   5.6688197e-04
  -1.5971157e-02  -8.1803370e-02   1.1567526e-01   8.4453746e-04   5.7036841e-05   8.0908674e-04
  -3.0830935e-02  -1.2392374e-01   1.6821364e-01   1.7324223e-03  -6.9362951e-04   5.4218434e-04
  -6.8627772e-02  -1.1452022e-01   5.9062385e-02  -1.1011825e-04  -2.5179172e-03   7.5538079e-04
  -8.7347746e-03  -6.4637168e-02   1.1043374e-01   1.7837311e-03  -1.5075830e-03   9.1637268e-05
   2.7748404e-02  -1.0012152e-01   1.1789136e-01   1.8503054e-03  -7.7881531e-05   2.0373240e-04
  -1.4033768e-02  -2.0445236e-02   1.4348871e-01   1.3261129e-03   6.8154853e-04   8.0843630e-04
  -6.4113992e-04  -3.9294471e-02   7.5707403e-02   8.9051571e-05  -2.3982579e-04  -4.1946759e-05
   1.6727716e-02  -1.2770389e-01   4.9995187e-02   8.9785915e-05  -7.6527541e-04  -3.3768169e-04
   3.2312499e-03  -1.4394790e-01   1.5190721e-01   2.6704446e-04  -1.6517232e-03  -2.6510035e-04
  -6.2704537e-02  -1.1471798e-01   2.1007450e-01   1.1940919e-03  -6.4592887e-04   1.4727690e-03
  -1.4356129e-02  -1.5670933e-01   2.2044659e-01   2.3799553e-03  -5.6880616e-04  -4.5237368e-04
   2.4513689e-02  -1.5563461e-01   2.5422002e-01   9.2119710e-04  -1.1751623e-03  -1.0019264e-03
  -4.0766731e-02  -1.2096717e-01   2.4220419e-01   1.1783911e-04  -1.3030606e-03   1.8551195e-04
  -5.9435293e-02  -1.2807892e-01   2.5950654e-01   8.4441309e-04  -4.3333054e-04   1.1731566e-03
  -4.3663483e-03  -7.9754125e-02   2.8097099e-01   8.8092421e-04  -1.0141378e-03   5.6148816e-04
  -4.5789591e-02  -8.7522697e-02   2.0546024e-01   1.2768169e-03  -1.1955527e-03   2.1801903e-04
  -8.3854577e-03  -4.8285430e-02   1.2285035e-01  -4.0314942e-04  -1.1858786e-03  -4.0580320e-04
  -2.3174399e-02  -1.4976048e-01   1.7349862e-01  -4.2476445e-04  -1.4311918e-03   7.7063820e-04
  -2.3362691e-02  -7.4382662e-02   2.0242704e-01   2.2420960e-04  -1.8542335e-03   7.3585963e-04
  -4.8475352e-02  -1.5452713e-01   1.6451309e-01   1.7792874e-04  -2.1430704e-04   1.0689569e-03
  -5.5458183e-02  -1.5953124e-01   2.1533348e-01  -1.4681896e-04  -8.9812451e-04   1.3604661e-03
  -1.9881620e-02  -6.3315571e-02   2.1472022e-01   5.8499807e-04  -1.6668448e-03   4.9556169e-04
  -3.1639213e-02  -9.1559330e-02   2.0910765e-01  -7.1526695e-04   4.9208728e-04   3.5475641e-04
  -7.3801600e-02  -5.2669610e-02   2.3874920e-01   3.6304628e-04   5.2683290e-05   1.6179222e-03
  -4.8148823e-02  -1.0256104e-01   3.1821741e-01   1.4590122e-03  -9.7276618e-04   4.9087108e-04
  -1.7067695e-02  -8.3296159e-02   4.0902796e-01   1.4141177e-03  -1.1351538e-03  -9.4307527e-05
  -2.7467257e-02  -9.7715275e-02   3.8418251e-01   6.0485900e-04  -7.8434920e-04   1.1197493e-03
  -3.3279619e-02  -1.2966670e-01   4.4491388e-01   3.4540559e-03   7.5648359e-04   1.1612232e-03
  -6.9159043e-02  -1.1127224e-01   4.3138035e-01   1.9093694e-03  -1.1404119e-05   1.8925420e-03
   4.7856672e-03  -1.4758046e-01   3.4836194e-01  -4.8028235e-04   6.9739098e-04  -9.0576040e-04
  -2.1465225e-02  -7.3214443e-02   3.2882492e-01   7.9142105e-04  -1.2566933e-03  -3.2969935e-04
  -7.2582313e-02  -1.7039859e-01   3.0995650e-01  -2.3810574e-04  -1.0967436e-03   1.5816474e-04
  -2.8680408e-02  -1.6042603e-01   3.1974845e-01   5.1481248e-04  -3.9079460e-04   8.8569226e-04
  -6.4322072e-02  -1.2215343e-01   4.0618498e-01   7.9984222e-04  -1.6634369e-04   6.3313408e-04
  -6.3359280e-02  -7.9324745e-02   4.3868338e-01   5.5410731e-04   1.0583373e-04   9.3922686e-04
   1.2395286e-02  -7.7136785e-02   4.6237457e-01   1.1816813e-03   5.9705247e-04  -1.3793789e-04
  -7.5617439e-02  -9.5257435e-02   5.2714192e-01   2.5125937e-03   6.0023232e-04   3.5012056e-04
  -2.7991963e-02  -1.1449072e-01   5.1472593e-01   1.6415219e-03  -7.9367042e-05   6.7674973e-05
  -2.4041155e-02  -7.3460106e-02   4.8131982e-01   1.2096231e-03   5.0290750e-04   6.8765136e-04
  -3.7879267e-02  -8.4076696e-02   3.8954619e-01   1.9871362e-04   5.0278560e-04  -8.4279552e-06
  -5.6046323e-02  -1.0719659e-01   4.6387486e-01   2.0300266e-03  -1.1687422e-05   5.0043288e-04
  -5.8021187e-02  -1.4447047e-01   4.6710090e-01   1.3008940e-03  -1.4276565e-03   1.1954564e-03
  -5.7716770e-02  -1.4822581e-01   4.7190765e-01  -4.9263002e-04  -1.6818342e-03   6.4060647e-04
  -1.4841778e-02  -1.2084018e-01   5.3242024e-01   1.6528957e-03   7.6636347e-04  -7.2586104e-05
  -8.5336349e-02  -1.2643181e-01   5.4226718e-01   6.7364664e-04  -3.1172090e-04   9.5086828e-04
  -6.4192444e-02  -7.4781904e-02   6.0363028e-01   2.6595084e-03   4.7604070e-04   1.3211566e-03
  -2.9001747e-02  -7.2507024e-02   5.4945035e-01   1.0701175e-03   6.5875655e-04  -1.1389661e-04
  -4.7631653e-02  -8.1859739e-02   5.0005452e-01   1.1238322e-03  -4.6491473e-04   3.5107143e-05
  -8.1173836e-02  -4.1854559e-02   4.8537226e-01   1.8200642e-03  -6.2554124e-04   9.0288804e-04
  -2.6028500e-02  -2.0280473e-02   5.1662029e-01   1.9768886e-03   5.4588017e-04  -7.1001215e-04
  -1.0494209e-01  -2.0206917e-01   5.3627937e-01   3.9479538e-04  -1.1034781e-03   8.4296440e-04
  -4.4347916e-02  -2.7209746e-02   5.8721727e-01   1.4382120e-03   3.3236869e-04   2.7291267e-04
  -3.7532226e-02  -9.4953432e-02   5.5497150e-01   2.0373208e-03   1.3658263e-03   1.8679986e-04
  -5.0749281e-02  -1.1116354e-01   5.6477624e-01   8.4376129e-04  -3.5611177e-04  -3.4480605e-04
  -4.7710607e-02  -1.1994478e-01   6.0315283e-01   9.1363828e-04   5.0895040e-05  -6.1065667e-04
  -4.0898773e-02  -1.1647333e-01   6.2856349e-01   9.7244404e-04  -5.0139038e-04   7.5673660e-04
  -2.4680920e-02  -1.4340134e-01   6.7787928e-01   1.7260769e-03   1.5641582e-04   1.2787286e-03
  -4.7322437e-02  -1.4283500e-01   7.6092544e-01   3.2711903e-03   3.9722321e-04   5.2312742e-04
  -4.6273662e-03  -9.5995832e-02   7.1726860e-01   1.7629298e-03   4.5302913e-04  -7.9876589e-05
  -5.5395351e-02  -1.3138218e-01   6.9093064e-01   1.1941377e-04  -5.3058379e-04   8.9189342e-04
  -5.3272657e-02  -7.2000156e-02   7.3854648e-01   1.6294849e-03   4.9659460e-04   2.4905122e-04
  -5.3175162e-02  -7.1670787e-02   7.1150094e-01   8.7002701e-04  -2.7214048e-04   6.5905547e-04
  -6.0335606e-02  -1.4326686e-01   6.2188477e-01  -1.0301044e-03  -3.0663383e-04   5.5757349e-04
   1.6242414e-02  -8.6089182e-02   6.8135181e-01   3.6426693e-04   6.1141991e-04  -8.0938798e-04
  -5.3740619e-02  -1.4374799e-01   7.2262791e-01   1.3992955e-03   1.1623338e-03  -1.0982457e-04
  -4.0541196e-02  -7.6101780e-02   7.8042135e-01   8.9537422e-04  -9.0728136e-04  -3.2913478e-04
  -3.1379470e-02  -1.0469273e-01   7.6842067e-01   7.7817224e-04  -1.0588675e-03  -6.6553580e-05
  -3.4235784e-02  -6.7768434e-02   8.2422124e-01   7.9155772e-04  -1.5611437e-03  -2.8446821e-04
  -5.6080789e-02  -9.3975214e-02   8.4190159e-01   1.4678688e-03   2.4979003e-04   1.3900573e-03
  -5.6364912e-02  -3.5462602e-02   8.4398717e-01   1.3624971e-03  -5.4107103e-04  -1.5118392e-04
  -5.8923250e-02  -1.3116895e-01   8.7085135e-01   1.3746643e-03   3.7112300e-04   1.3270940e-03
  -5.4510555e-02  -5.7106249e-02   8.3402123e-01   1.4382585e-03   9.6293077e-05   6.5162011e-04
   1.9545116e-02  -7.0552414e-02   7.7067843e-01   1.2358469e-03   9.1344064e-05  -5.4278680e-04
  -3.0034495e-02  -6.6883717e-02   7.7386429e-01   1.5383891e-03  -7.2373733e-04   1.6424679e-04
  -5.8768399e-02  -1.0128295e-01   7.6524382e-01  -6.0238228e-04  -1.8648477e-04  -1.3326431e-05
  -4.8094825e-02  -1.2476773e-01   8.9323411e-01   1.8843966e-03  -9.6882870e-05   1.6841034e-04
  -2.6230716e-02  -6.9974559e-02   9.0109182e-01   1.7097993e-03   4.7842360e-04   6.0880359e-05
  -6.4862402e-02  -1.0113562e-01   8.7668330e-01   4.8346587e-04   3.0691134e-06   7.6232185e-04
  -4.6402912e-02  -1.1456302e-01   9.3666498e-01   1.8111460e-03  -8.6788649e-04   1.5721467e-03
   2.2797821e-02  -5.5198276e-02   8.5874145e-01   9.1823478e-04   2.3345379e-04  -2.2229991e-03
  -3.6531752e-02  -7.9122885e-02   8.4411633e-01   3.9605574e-04   2.3863574e-04   4.9369331e-04
  -5.3818784e-02  -5.0006675e-02   8.9969405e-01   1.5361164e-03   4.9031965e-04  -2.4309542e-04
  -9.6426859e-03  -4.2962563e-02   9.0918968e-01   4.8420033e-04   1.1615090e-03  -4.9898546e-04
  -6.0635193e-02  -1.7822507e-02   8.8042268e-01   4.4314794e-04   3.7097011e-04   2.7794636e-04
  -5.9495441e-02  -5.2048873e-02   8.8130521e-01   3.2154531e-04   9.2222876e-05   5.8598504e-04
  -4.9727766e-04  -6.9040065e-02   9.4573657e-01   1.3575550e-03   9.5054764e-04  -8.4083059e-04
  -4.5893815e-02  -3.0783369e-02   9.4800334e-01   6.9086904e-05  -2.8523488e-04   6.2282757e-04
  -3.1622369e-02  -5.8381412e-02   9.4878935e-01   8.1150921e-04   4.0698851e-05   7.9562725e-04
  -7.1833460e-02  -1.6576094e-02   9.3056966e-01   9.7260926e-04  -3.1206943e-04   2.9346427e-04
  -2.3018685e-02  -2.9166506e-02   9.8418100e-01   2.0717937e-03   4.7332862e-04   2.5985295e-04
  -7.6246514e-02  -5.6581629e-02   1.0441165e+00   1.3428210e-03  -3.5331418e-05   6.8307711e-04
  -7.6810354e-02  -4.6217864e-02   1.0928939e+00   1.9500238e-03   5.3821979e-04   9.3489266e-05
  -2.6899947e-02  -3.2068833e-02   1.1083070e+00   2.0949874e-03   4.8704289e-04   1.4094201e-04
  -8.5752968e-02  -6.6269497e-03   1.0756829e+00   4.8337482e-04  -1.5246491e-04   9.9218131e-04
  -3.2588760e-02  -5.0655884e-02   1.1798959e+00   2.2851813e-03   1.9042400e-04  -5.5828363e-05
  -2.6488520e-02  -1.2078443e-01   1.1632233e+00   1.5812131e-03   1.1289057e-03   1.0144032e-03
  -9.9085610e-02  -9.0870104e-03   1.2051163e+00   1.7637764e-03   5.0387204e-04   1.3514232e-03
  -3.9952235e-02  -9.0496189e-02   1.2032202e+00   8.7055198e-04   5.8645041e-04   3.6974087e-04
  -2.2364532e-02  -6.3302881e-02   1.2308377e+00   1.8660792e-03   1.5217024e-03   4.8129837e-04
  -5.9377854e-02  -8.9937611e-02   1.1143748e+00  -6.6360628e-04   4.2236544e-04   8.6122433e-04
   5.0563266e-03  -1.0049353e-01   1.1191953e+00   4.3642249e-04   4.6047755e-04  -1.6351137e-04
  -1.9120463e-02  -5.4404256e-02   1.0859027e+00  -3.8931625e-05   9.1126256e-04   1.1584351e-06
  -8.1125838e-02  -4.9827529e-02   1.2049244e+00   1.1426789e-03  -1.5755348e-03   1.3560073e-03
  -5.9007989e-02  -5.2385210e-02   1.2632474e+00   1.7347423e-03  -3.0824140e-04  -2.4789136e-04
  -1.4726036e-02  -4.0940361e-02   1.2930604e+00   1.6215906e-03   2.1263684e-03   1.1343042e-03
   1.3402765e-02  -1.1722025e-01   1.2540049e+00   6.3881950e-04   1.2313967e-03  -1.3010510e-04
  -7.2116792e-02  -7.1785341e-02   1.3504721e+00   2.7014836e-03   3.5627092e-04   8.1138272e-04
   1.3188107e-02  -3.1161020e-02   1.2537623e+00   1.1384973e-03   7.8617292e-05  -3.1157733e-04
  -2.9920046e-02  -1.2563049e-01   1.1691383e+00  -6.3149429e-05  -1.6446264e-04   6.8029201e-04
  -4.3783894e-02  -7.9091806e-02   1.1840414e+00  -1.7486378e-04   1.6922860e-03   3.4333522e-04
  -4.0684990e-02  -9.9365467e-03   1.3095460e+00   2.5046551e-03   2.2206905e-04   7.0318851e-04
  -3.1021987e-02  -3.6154079e-02   1.3578423e+00   2.0544363e-03   1.1376780e-03  -2.1594683e-04
  -4.0148536e-02  -6.7840418e-02   1.3139666e+00   1.9978778e-04   1.6342305e-03  -9.3553195e-05
   5.9455634e-02  -5.8764039e-03   1.3966475e+00   2.5229249e-03   1.2409620e-03  -2.1777811e-03
  -2.1472585e-02  -7.4996159e-02   1.3758469e+00   5.4894409e-04   2.9530343e-04  -2.2776516e-04
  -4.1141089e-03  -5.2746555e-02   1.4465994e+00   2.2465812e-03   1.1399791e-03  -1.7546172e-04
   1.8757721e-02  -2.1743412e-02   1.3978941e+00   1.9756087e-03   1.5808778e-03  -2.6992393e-04
  -3.0427058e-02  -3.4750544e-02   1.3224485e+00   9.0966736e-04  -2.5077870e-04   9.3363235e-05
  -7.3279153e-02  -3.0633355e-02   1.3002580e+00  -1.2392738e-05  -5.4393580e-04   1.4907487e-03
  -2.5042485e-02  -5.9118138e-02   1.3631937e+00   1.2272434e-03  -9.1233548e-05  -4.4256638e-04
  -1.7527854e-02  -1.0351393e-01   1.3541777e+00   7.5636821e-04   9.3022206e-04  -5.2740690e-04
   1.5050458e-02  -6.2161940e-02   1.3521401e+00  -1.8883201e-04   1.0011292e-03  -7.4372749e-04
   2.0600587e-02  -2.8497658e-02   1.3672308e+00   1.0004578e-04   1.0222465e-03   1.1023730e-04
  -9.3144805e-03   3.3215742e-03   1.4155256e+00   1.5320159e-03  -3.5138351e-05  -1.0482371e-03
  -2.2803721e-02  -3.7476786e-02   1.4258611e+00   9.0241175e-04   7.8772438e-04   5.4995785e-04
  -1.8960286e-03   1.5026135e-02   1.4334675e+00   6.0038902e-04   1.0230206e-03  -4.2379307e-04
  -1.6815681e-02  -5.8030767e-02   1.4000286e+00   1.8184380e-04   1.5271229e-03  -2.3642190e-05
  -4.5936725e-02  -5.9966030e-02   1.4689121e+00   6.7964237e-04   8.9737929e-04  -2.5924134e-04
  -9.8161307e-03  -7.2795568e-02   1.5415701e+00   1.9817716e-03   9.4648470e-04   7.7292308e-04
   8.1931975e-03   2.5530035e-03   1.5708862e+00   1.8248080e-03   2.4649401e-03   8.6719238e-04
  -2.9843019e-02  -8.2692574e-03   1.4911058e+00   7.7318312e-04   1.7782825e-03   9.2789736e-04
   3.7855970e-03  -4.2038693e-02   1.4575153e+00  -9.0245382e-04   6.0760739e-04   5.1889305e-06
  -3.7371461e-02  -3.1614057e-02   1.5241722e+00   2.1967507e-04   6.1638420e-04  -2.0994109e-04
   4.1844193e-03  -8.6488985e-03   1.5430844e+00   1.2770249e-03   6.3609813e-04  -6.4935640e-04
  -3.0801033e-02  -6.9351074e-02   1.5643027e+00   9.6100028e-05   1.0494528e-03   1.3069127e-03
  -4.0225621e-02  -9.0107085e-03   1.6197260e+00   4.6059245e-04   2.3415332e-03   1.2729091e-03
  -7.7069478e-03  -4.8213994e-02   1.6719088e+00   1.1145360e-03   1.0595060e-03  -3.8564953e-04
   3.2041140e-02  -5.0754731e-03   1.6876836e+00   1.6423943e-03   1.7878518e-03  -1.0732737e-03
  -2.7092226e-02  -2.1680735e-02   1.7598622e+00   2.8493173e-03   1.0449434e-03   2.3697423e-04
  -4.2801279e-02  -6.2931568e-02   1.6656176e+00   3.0704766e-04   2.9148445e-03   1.5393890e-03
  -4.4169064e-02  -3.1768354e-02   1.6230007e+00   1.1342037e-04   1.1932135e-03   1.4272493e-03
   1.9267367e-03  -2.7431210e-02   1.6524077e+00   8.7095243e-04   1.5939652e-03  -7.7661239e-04
   1.6936636e-02   3.7162076e-02   1.6875344e+00   1.8025243e-03   2.5995501e-03   3.8994504e-04
   4.1749130e-02  -8.7112470e-03   1.7004646e+00   9.4429770e-04   1.1190283e-03  -1.1312993e-03
  -3.3081633e-02  -1.0755963e-02   1.6724563e+00  -5.0219949e-04   2.8093853e-04   3.0485271e-04
   1.4620712e-02  -5.0138100e-02   1.7389189e+00   1.6145914e-03   1.1485078e-03   1.0724266e-05
   2.0780616e-02  -9.1074810e-03   1.7896357e+00   1.6389905e-03   1.3093504e-03  -5.4645881e-04
  -9.7431156e-03  -5.7169702e-02   1.8036465e+00  -1.5946214e-04  -6.9774652e-04   5.7720396e-04
   4.3526266e-02  -4.3312478e-02   1.8686261e+00   1.5667254e-03   1.6980568e-03  -1.1158158e-03
  -8.8637316e-03  -4.0180777e-02   1.8884621e+00   1.9320224e-03   1.1480765e-03   7.6110170e-04
   2.1791538e-02  -4.3504414e-02   1.8721397e+00   1.8078257e-03   1.3659343e-03  -2.9894676e-05
  -2.2012469e-02   9.7075966e-03   1.9204464e+00   1.0069491e-03   1.6123789e-03   7.9443524e-05
  -8.3473219e-03  -2.0914643e-02   1.9441686e+00   1.4667192e-03   1.0917391e-03   5.4579161e-04
  -5.7467959e-03  -4.2520163e-02   1.9267307e+00   6.8429794e-05   1.6970083e-03   9.0280174e-04
   2.4489445e-02  -4.5781336e-02   1.9399949e+00  -7.0361674e-04   1.9633875e-03  -2.7532214e-04
   3.5780469e-03  -4.5813186e-02   1.9896530e+00   9.6385818e-04  -1.0275951e-04  -3.6275481e-05
   7.9866123e-03  -1.1685388e-02   1.9955311e+00   1.3504278e-03   1.8085667e-03   3.6386237e-04
   1.7150321e-03   8.7294864e-03   1.9216462e+00   1.1577579e-03   9.8269769e-04   2.9962718e-05
   8.2681381e-02   1.7476669e-03   1.8387988e+00  -2.0307869e-04   1.0528067e-03  -1.0878332e-03
  -6.6245600e-03   2.0016069e-02   1.9092694e+00   1.5187238e-03   8.4712305e-04   2.9044897e-04
  -3.2397906e-02  -1.8563441e-02   1.8840897e+00   1.0246259e-04   1.2757832e-03   1.1594552e-03
   2.3401280e-02   1.5774105e-02   1.9116580e+00   8.2240427e-04   1.0711356e-03  -3.9308476e-04
   2.7811032e-02   3.8618763e-02   1.8827576e+00   8.8982068e-05   1.6505124e-03  -8.6630556e-04
   2.0060446e-02  -1.3847384e-02   1.9799492e+00   1.1552332e-03   1.3981324e-03   4.2721743e-04
   1.1302303e-02  -2.7158027e-02   1.9892008e+00  -1.5853487e-04   2.4909842e-03   1.3264212e-03
  -4.6800735e-02  -3.5866695e-03   2.0293662e+00  -2.2221385e-04  -4.8103759e-04   5.7645899e-04
   5.1442077e-02  -1.4763491e-02   2.0908969e+00   9.3637042e-04   1.5418715e-04  -1.2689830e-03
  -1.8026618e-02  -2.2715879e-02   2.1296172e+00   1.5696911e-03   1.4664296e-03   1.4370883e-03
   2.9929362e-02  -5.5470046e-03   2.1881035e+00   2.3378601e-03   2.5333658e-03   4.1831020e-04
   8.0952925e-03   1.9635865e-02   2.1937746e+00   1.7813270e-03   6.5861344e-04   1.6185675e-04
   1.4598196e-02  -8.1737387e-02   2.1495625e+00   6.1105870e-04   6.2423954e-04   4.0688610e-04
   3.0948113e-02  -3.9862042e-02   2.1201964e+00   4.7603425e-04   1.4148607e-03   7.6587429e-04
   3.1966360e-02   1.4234463e-02   2.1174924e+00   9.7942324e-04   1.4505218e-03  -4.2808600e-05
   8.5805608e-02  -2.0646130e-02   2.0565625e+00   5.6096377e-06   1.2134575e-03  -1.0076293e-03
   4.9316718e-02   3.8787581e-03   2.1121683e+00   6.9933388e-05   3.1647516e-04  -9.7289491e-04
   1.5790655e-02  -4.9915535e-02   2.0882296e+00  -1.3653086e-03   1.9189746e-03   1.3309509e-03
   4.1556631e-02  -7.4406903e-02   2.1915433e+00   1.2483834e-03   2.1920765e-03   9.1355252e-05
   3.1494604e-02  -2.3310829e-02   2.1306235e+00  -1.9196158e-04   1.0517318e-03   5.6551029e-04
   5.3777725e-02   3.2679716e-02   2.1657901e+00   4.2334051e-04   2.7178548e-03   4.4439470e-04
   5.0674982e-02   2.2940783e-02   2.2397678e+00   1.0112002e-03   1.6969129e-03   4.7661524e-04
   3.9580818e-02   3.0725374e-02   2.2098223e+00  -6.8972778e-04   1.6326132e-03  -3.4453872e-05
   3.8450323e-02   8.7410771e-03   2.2715259e+00   1.1250582e-05   5.6345007e-04  -2.3670487e-04
   4.9708217e-02   1.7370078e-02   2.3254444e+00   1.2954199e-03   4.4199668e-04  -7.0625322e-04
   5.9353713e-02  -2.3313359e-02   2.2772622e+00   3.2904549e-04   2.7656162e-03   7.8717120e-04
   2.5147627e-02   3.0085222e-02   2.2592090e+00   1.1797026e-03   2.5568704e-03   4.0034499e-04
   4.2124590e-02   4.0585517e-02   2.2389047e+00  -1.1605555e-04   1.6505131e-03  -9.8723151e-05
   3.3512182e-02   1.6494753e-02   2.2519625e+00  -9.5592480e-04   5.6457972e-04   7.8371997e-05
   9.0124739e-02  -2.6010554e-02   2.3294322e+00   1.0732558e-04   1.6750578e-03  -1.3550683e-03
   6.9752531e-02   2.9780132e-02   2.2906219e+00  -3.2319616e-04   1.1539342e-03  -1.2358762e-03
   1.1433033e-02  -1.4774604e-02   2.2764540e+00  -4.1882079e-04   1.3166631e-03   6.0788541e-04
   5.9395933e-02   2.0898048e-02   2.3331438e+00  -3.0363362e-04   1.2699377e-03   1.5616707e-04
  -9.0489910e-03   2.3616509e-03   2.3545555e+00   2.6430750e-04   9.5539139e-04  -8.1491793e-05
   6.2874129e-02   1.4581924e-02   2.3147974e+00  -2.4703848e-04   1.5901581e-03  -1.1500254e-03
   1.8405484e-02   6.7909765e-03   2.3441222e+00  -5.8076062e-04   8.3320237e-04   1.9329122e-04
   5.0293215e-02   4.9764182e-02   2.3773726e+00  -1.8285264e-04   6.8770919e-04  -5.4145340e-04
   7.9806762e-02  -2.2262134e-02   2.4058849e+00  -6.2941532e-04   2.3034915e-03   4.1785167e-06
   5.9651758e-02   4.2891626e-04   2.4399095e+00   4.4709876e-04   1.8015795e-03   1.4820331e-04
   1.5705891e-03   7.5490923e-02   2.4461577e+00   1.1460378e-03   1.6140485e-03   4.5670631e-04
   3.3801261e-02  -1.8140384e-02   2.4834289e+00   2.7955508e-04   2.0637907e-03   9.4285280e-04
   6.5937807e-02   5.6764437e-02   2.5474173e+00   5.3561975e-04   2.0773806e-03  -1.5890103e-03
   5.4886054e-02   1.3528513e-02   2.5513584e+00   1.1500218e-03   2.0708740e-03   1.1060876e-03
   7.4766257e-02   2.9676029e-02   2.4803582e+00   1.4146292e-04   1.3828137e-03  -9.6183507e-04
   5.6811351e-03   2.0261308e-02   2.5350502e+00   3.8742038e-04   2.7227382e-03   8.0509795e-04
   2.8362533e-02  -1.1120796e-02   2.5919094e+00  -9.3208975e-05   2.5554703e-03   6.9475297e-04
   1.9849152e-02   1.4614620e-02   2.6498780e+00   3.3257720e-04   1.7056786e-03   1.4033450e-04
   3.9693149e-02   4.7280484e-02   2.6811901e+00   6.6872647e-04   2.0346052e-03   2.1546080e-04
   7.1710115e-02   4.9316471e-03   2.6933151e+00   4.0546814e-04   2.3405633e-03   3.3789115e-04
   1.4813337e-02   7.2926453e-03   2.6330808e+00   1.3423319e-04   9.5477153e-04   8.2489099e-04
   8.9695788e-02   5.0899455e-02   2.5939820e+00   3.9219395e-04   1.9927715e-03  -5.6694473e-04
   1.8418893e-02   9.3374943e-02   2.5892754e+00   2.3439981e-04   1.6234499e-03   7.5928249e-04
   3.3426176e-02   1.0937812e-02   2.6055370e+00  -5.4818405e-04   1.4518907e-03   5.4666392e-04
   5.4207142e-02  -2.3804916e-02   2.6235517e+00  -5.6435064e-04   1.9846294e-03   1.3343662e-04
   4.7432253e-02   6.9667675e-02   2.6933121e+00   5.2972615e-04   2.6402146e-03   9.4210338e-04
   3.3932254e-02   2.5830684e-02   2.6369734e+00  -6.5962225e-04   5.1360877e-04   4.1720869e-04
   6.7210429e-02   1.4576304e-02   2.7326775e+00   9.6402906e-04   2.4544951e-03   3.6255692e-04
   7.0717936e-02   2.6905346e-02   2.7463714e+00  -4.6563520e-04   1.9037422e-03  -2.5700656e-04
   5.7478441e-02   2.8767199e-03   2.7079876e+00  -2.9906575e-04   8.8600185e-04   1.7214257e-04
   4.2212661e-02   7.0293078e-02   2.7240822e+00   7.5756469e-04   1.5273573e-03   4.3183779e-04
   8.7416752e-02   4.6344861e-02   2.7575812e+00  -6.6040202e-04   1.4026145e-03  -8.4054875e-04
   7.1464031e-02   3.9833626e-02   2.8041624e+00   6.3044252e-04   2.5318042e-03   4.5488956e-04
   6.9540784e-02   8.0646789e-02   2.8647726e+00   2.9106401e-04   2.1454277e-03  -4.7954132e-05
   1.0207086e-01   5.7348370e-02   2.8886613e+00   1.1645099e-03   2.0348591e-03  -1.1552294e-03
   7.1312934e-02   6.9656732e-02   2.8241359e+00   1.3335205e-04   2.2461352e-03   6.5507387e-04
   6.5636502e-02   9.7508329e-02   2.7785890e+00  -6.5190662e-04   7.7243200e-04   6.8349000e-04
   4.4171063e-02  -3.0217591e-02   2.8225481e+00   8.8234252e-04   9.6831098e-04   1.4109304e-03
   6.9070144e-02   2.0922210e-03   2.8722282e+00   9.7090250e-04   1.1917563e-03   5.4868142e-04
   6.4077137e-02   2.0094438e-02   2.8651612e+00   5.2019149e-05   8.9725848e-04   2.0759574e-07
   5.2485208e-02   5.8665535e-02   2.9147379e+00   3.6002522e-04   2.2878257e-03   2.2922916e-04
   1.4761827e-02  -2.1032602e-02   2.9327655e+00   1.2974311e-03   2.2770455e-03   1.7371221e-03
   7.5555839e-02   2.5452174e-02   2.9851190e+00   1.1792836e-04   1.1305539e-03  -6.4320927e-04
   7.9539541e-02   7.3872395e-03   3.0222882e+00   4.7025631e-04   2.2886211e-03   1.4123836e-04
   8.5148524e-02   6.5734325e-02   2.9914121e+00  -6.2897549e-04   1.0660911e-03  -7.8100083e-04
   4.9035392e-02   3.9217411e-02   2.9500749e+00  -1.1535575e-04   2.0504157e-03   3.9030682e-04
   6.4918380e-02   4.7781739e-02   2.9811119e+00   4.9473141e-04   1.6715480e-03   2.5159248e-04
   7.0036790e-02   5.7400301e-02   3.0189567e+00   9.9444173e-04   2.7502517e-03  -2.4709844e-04
   7.3847864e-02   5.6572528e-02   3.0573485e+00  -7.4557600e-04   1.6473684e-03  -8.3634686e-04
   7.7379120e-02   1.5081627e-02   3.0481738e+00  -8.1403570e-04   2.1968436e-03   3.3217824e-04
   7.2671838e-02   7.1684495e-02   3.0866374e+00  -1.8866196e-04   1.5856481e-03   1.1741145e-03
   9.7620177e-02   2.4348913e-02   3.0607776e+00   2.2289821e-04   1.7876351e-03  -3.8121685e-04
   7.4347435e-02   1.3678828e-02   3.0445797e+00   4.1393748e-05   2.4440591e-03  -3.6392781e-04
   8.8857311e-02  -1.3976924e-02   3.1163290e+00   6.7163616e-04   3.1928954e-03   5.0085845e-04
   7.5393913e-02   7.5447994e-03   3.1323950e+00   1.0324528e-04   2.3283521e-03  -7.0184745e-04
   9.4385304e-02   4.2868998e-02   3.0765824e+00  -8.1390678e-06   2.6096076e-03  -6.1269910e-04
   1.0515242e-01   3.2285559e-02   3.0983214e+00  -2.6788782e-04   1.6808767e-03  -1.5466625e-03
   7.0614116e-02   4.0370073e-02   3.0570523e+00  -5.4948840e-04   2.0708221e-03   7.9587065e-04
   8.4702062e-02   1.4318997e-02   3.0529019e+00  -6.6961047e-04   1.8900943e-03  -1.1345270e-04
   6.2484279e-02   4.7411983e-02   3.1187590e+00  -8.8426450e-04   2.6012668e-03   2.7576993e-04
   8.6618577e-02  -7.6108422e-03   3.1560089e+00  -9.0303618e-04   2.5776630e-03   1.1657065e-04
   6.6854073e-02  -9.6772062e-02   3.1211941e+00  -2.7283879e-03   2.3151214e-03   6.6340254e-04
   7.3909751e-02   7.2043998e-03   3.2794895e+00  -4.9757349e-04   1.6008834e-03   6.5217062e-04
   1.5316302e-01   4.1957391e-02   3.2797862e+00  -1.9625244e-04   2.9900077e-03  -1.6253362e-03
   9.1563407e-02   4.3541369e-02   3.3446515e+00   1.8771042e-03   2.1409694e-03   7.5998493e-04
   9.4978185e-02  -3.0604755e-02   3.3414764e+00  -2.3586505e-04   2.1418388e-03   3.2823521e-05
   7.6381289e-02   1.7294217e-03   3.3652028e+00   1.3286490e-03   3.4569077e-03   3.5052272e-04
   9.7362944e-02   5.6643001e-03   3.3380370e+00  -6.1448554e-04   2.8018973e-03   9.0642936e-06
   1.0848233e-01   6.2506261e-04   3.4131812e+00   6.1525018e-04   2.3535144e-03  -3.2941800e-04
   1.0727229e-01   4.4850720e-02   3.3701771e+00  -4.6280229e-04   2.4386555e-03  -6.5672918e-04
   7.6976189e-02   2.3656076e-02   3.3758565e+00  -9.6046760e-05   1.6339199e-03   2.7767094e-04
   6.5571739e-02   5.7922670e-02   3.4051790e+00  -5.4359568e-04   1.0018815e-03   4.8422093e-04
   1.1597536e-01   2.2789843e-02   3.4192299e+00  -1.1604176e-03   2.9130504e-03  -6.1906991e-04
   7.7383011e-02   5.3710277e-03   3.4352793e+00  -7.2659771e-04   1.8257596e-03   4.8420291e-04
   1.4744963e-01   6.2779661e-02   3.4843764e+00   7.8854984e-04   2.7332876e-03  -5.8492497e-04
   1.3450196e-01   3.0403043e-02   3.4349012e+00  -2.0375492e-03   1.8404366e-03  -1.1925511e-03
   1.1390871e-01   3.3603149e-02   3.4865028e+00  -7.4510942e-06   4.2445670e-03  -4.9103390e-05
   7.7558712e-02   4.9174599e-02   3.5429563e+00   1.4871045e-03   2.8806607e-03   1.4411352e-03
   6.4804877e-02   2.7558522e-02   3.4384621e+00  -1.2059865e-04   1.9872880e-03   1.1692798e-03
   1.6215371e-01   5.3948478e-02   3.3716886e+00  -2.7749398e-04   1.5568749e-03  -1.0721319e-03
   5.9975595e-02   1.8364774e-01   3.3873464e+00   3.4660539e-04   3.7988844e-04   3.2701806e-04
   1.0309174e-01   6.6214987e-02   3.3938261e+00  -1.5962679e-03   2.1663663e-03   1.7714412e-03
   1.2247291e-01   1.0269776e-01   3.4967855e+00   7.2988004e-04   4.1111528e-03  -8.8141588e-06
   8.3272870e-02   7.2390718e-02   3.4435739e+00  -2.7759014e-04   1.9709479e-03   2.7812731e-04
   1.0301791e-01   7.2301855e-02   3.4721707e+00  -2.2523048e-04   1.9994391e-03   4.7096439e-05
   5.6647218e-02   1.7976326e-02   3.4565967e+00  -2.6496551e-04   1.6965393e-03   7.4587815e-04
   9.5815175e-02   7.7749727e-02   3.5006219e+00  -4.1777136e-04   2.4184854e-03   1.5084169e-03
   1.3346550e-01   6.6706450e-02   3.4624517e+00  -1.3070942e-03   2.8684818e-03  -1.1946237e-04
   1.1573786e-01   9.5172937e-02   3.5515218e+00   1.1588277e-03   1.8798370e-03  -3.1880315e-05
   9.3679650e-02   5.2514824e-02   3.5377869e+00  -5.7929066e-04   2.6887694e-03   5.7511156e-04
   1.3694834e-01   6.4782210e-02   3.5488947e+00  -1.2496952e-03   2.1761208e-03  -6.1048938e-04
   7.4941834e-02   4.5302605e-02   3.6289182e+00  -8.5305059e-04   2.6658082e-03   8.0157335e-04
   1.0850203e-01   4.7690444e-02   3.6910247e+00   3.7080729e-04   2.5249011e-03  -7.8871721e-04
   8.8819606e-02   4.7278925e-02   3.7316457e+00   5.2044507e-04   9.1776260e-04   7.1263198e-05
   5.9112765e-02   6.2795646e-02   3.7257447e+00  -6.0749153e-05   2.0206793e-03  -1.0922483e-04
   1.4664261e-01   9.5133575e-02   3.7875405e+00   1.5594492e-03   3.7862840e-03   3.1633583e-04
   9.8388905e-02   1.0176271e-01   3.7746589e+00   1.7664099e-03   1.5949089e-03   1.2600502e-05
   1.3502360e-01   6.4827985e-02   3.7038756e+00   1.5147229e-03   2.6768980e-03  -1.7234233e-04
   9.7971237e-02   2.8213610e-02   3.6494418e+00  -1.5844343e-03   1.7649480e-03   9.1378743e-04
   1.1282915e-01   1.2193108e-01   3.7399473e+00  -1.6029218e-04   1.2603252e-03   3.0973408e-04
   1.4003257e-01   3.7888510e-02   3.7666206e+00   1.6599188e-04   1.3308215e-03  -7.7855717e-04
   7.6634932e-02   8.8146551e-02   3.7337620e+00  -1.9894806e-05   1.2021411e-03   8.7850235e-04
   1.3264291e-01   9.5478118e-02   3.7516069e+00   1.4650638e-03   2.0394354e-03  -1.2872067e-03
   1.2419998e-01  -3.0403373e-02   3.7041993e+00  -1.9942317e-03   2.5731559e-03   2.0310324e-04
   1.5877766e-01   1.1500511e-02   3.7572937e+00   5.1924157e-04   2.3840932e-03  -8.8512018e-04
   1.0112044e-01   5.4995293e-02   3.7763667e+00  -1.1800497e-03   1.7485451e-03   1.0530928e-03
   1.0734916e-01   5.7556064e-02   3.8185408e+00   1.0581152e-04   1.0536900e-03   1.5178123e-04
   1.2399015e-01   1.0505913e-01   3.8596997e+00   1.3129083e-04   1.8304091e-03  -6.0305308e-04
   5.6093274e-02   5.5452192e-02   3.9138103e+00  -2.0093317e-04   2.0155236e-03   2.0258392e-03
   9.5761246e-02   8.2168558e-02   3.9630392e+00  -7.3102728e-04   2.8005802e-03   6.0388283e-04
   1.1680604e-01   8.7499780e-02   4.0213969e+00   1.1902756e-03   1.0830764e-03  -7.0595944e-04
   1.2348524e-01   1.3302711e-01   4.0043201e+00   3.9214722e-04   2.7392632e-03   9.6203929e-06
   1.4942101e-01   6.5065637e-02   3.9744395e+00   6.7885725e-04   7.8560034e-04  -5.0715930e-04
   1.0911534e-01   6.6888045e-02   3.9194963e+00  -2.0862581e-03   1.3782656e-03   9.0965696e-06
   1.3963109e-01   1.4497405e-01   4.0064272e+00   7.4882056e-04   2.1390468e-03   1.4526336e-04
   1.3634230e-01   8.8295820e-02   4.0025910e+00   5.0967629e-04   2.7457103e-03  -7.8016385e-04
   1.1562053e-01   1.1056681e-01   4.0481525e+00  -1.4020245e-04   2.5175168e-03   1.2009309e-04
   1.0675750e-01   8.5401945e-02   4.0699241e+00  -2.4577410e-04   2.1096229e-03   1.3113080e-04
   1.1203401e-01   6.1110587e-02   4.0782324e+00  -1.2865175e-03   1.9517734e-03  -1.3716725e-04
   1.1567568e-01   8.5272032e-02   4.1505157e+00  -2.5185498e-04   1.6365840e-03  -2.3187728e-05
   1.2322755e-01   6.5772780e-02   4.1529110e+00  -4.7848273e-04   2.2496128e-03   3.2095972e-04
   1.1311613e-01   5.7478686e-02   4.1476784e+00  -6.8965257e-04   1.8133388e-03   2.3192584e-04
   9.6099094e-02   6.5541672e-02   4.2008686e+00   3.2324800e-04   2.8629195e-03   9.0794907e-04
   1.3852631e-01   7.1831786e-02   4.1682290e+00  -1.0835075e-03   1.5052983e-03  -3.1013813e-04
   1.0414744e-01   1.2623970e-01   4.1015167e+00  -1.9449877e-04   1.4504743e-03   3.3698150e-04
   1.2978007e-01   1.2412859e-01   4.0969570e+00   3.5530265e-04   1.8769341e-03   4.3324327e-04
   1.0707987e-01   1.1063332e-01   4.1136189e+00   1.1810519e-04   9.2026695e-04  -3.0687347e-04
   1.1633678e-01   8.2075454e-02   4.1717704e+00  -3.8834896e-04   1.6191051e-03  -8.9287954e-04
   1.7098728e-01   8.9438110e-02   4.1635087e+00  -1.8551099e-03   2.4927357e-03  -1.0748665e-03
   1.2115003e-01   1.0051692e-01   4.2549263e+00  -5.6612727e-04   2.0429620e-03   2.9487430e-04
   1.0223382e-01   3.7817687e-02   4.3118945e+00   6.3171342e-04   1.6783114e-03   9.1219259e-04
   1.3277980e-01   7.5578554e-02   4.2795624e+00  -4.6743012e-04   1.9192181e-03   4.0585437e-04
   1.6518218e-01   1.3362542e-01   4.3063036e+00   2.5828776e-04   3.3966085e-03   3.1392679e-04
   8.6212980e-02   8.6493671e-02   4.2189416e+00   3.3800333e-05   1.6998639e-03   1.9883754e-03
   1.6822440e-01   6.6650946e-02   4.1630418e+00  -1.3014647e-03   1.9468035e-03   1.7766563e-04
   8.1390107e-02   1.0708608e-01   4.2170183e+00   1.8143904e-05   1.5701705e-03   1.1943755e-03
   1.3995886e-01   1.0338427e-01   4.2493600e+00  -2.5127614e-04   1.8129611e-03   2.5871986e-04
   1.5228300e-01   1.1298408e-01   4.3077802e+00   4.6907011e-04   1.8055811e-03   1.1433460e-04
   1.5350987e-01   9.4987159e-02   4.3369489e+00  -3.6340654e-04   1.8566640e-03  -7.9312071e-05
   1.0171202e-01   1.1422577e-01   4.3285184e+00   1.1352164e-03   1.6212211e-03   1.9526019e-03
   1.5243843e-01   1.1065745e-01   4.2939881e+00   7.3770107e-05   1.2708199e-03  -1.0939689e-03
   1.5197035e-01   1.2065427e-01   4.3431781e+00   7.7800815e-04   2.5918516e-03   2.8866991e-04
   1.1024568e-01   1.4294909e-01   4.3671040e+00  -3.2456269e-04   1.0816222e-03   1.0540152e-03
   1.6344328e-01   1.1646426e-01   4.4305455e+00   5.4600274e-05   2.5915571e-03   4.2649977e-04
   1.0311981e-01   9.0385013e-02   4.4591540e+00  -7.7929955e-04   1.6909839e-03   8.9774582e-04
   1.2764285e-01   1.4343746e-01   4.4667869e+00   3.8305761e-04   2.1812802e-03   4.5411004e-05
   2.1262640e-01   1.4702130e-01   4.4433611e+00   7.2257118e-04   2.3001885e-03  -2.0013571e-03
   1.9468459e-01   1.3705139e-01   4.3840877e+00   5.9669554e-04   1.6409659e-03   6.0101846e-04
   1.5418244e-01   1.2089287e-01   4.3801163e+00  -5.3564021e-04   2.4252737e-03   9.4263440e-04
   1.0548215e-01   9.4376275e-02   4.4234929e+00  -6.6344932e-04   1.6923205e-03   3.4667193e-04
   1.2913666e-01   1.1997983e-01   4.4866604e+00  -3.7679088e-04   2.0282126e-03   5.7448731e-04
   1.1559122e-01   1.3626682e-01   4.4372563e+00  -9.8912495e-04   2.0707216e-03   5.2406166e-04
   1.5038409e-01   1.5285297e-01   4.4315695e+00  -1.0176929e-03   1.7594718e-03   3.5252735e-04
   2.0690926e-01   9.3473937e-02   4.4616405e+00  -1.5119086e-03   2.8113487e-03  -1.2227449e-03
   1.8176634e-01   7.0070729e-02   4.5152060e+00  -1.2927015e-03   2.2050912e-03  -8.5373752e-04
   1.4111415e-01   8.4735198e-02   4.5767660e+00  -7.4951160e-04   6.1046777e-04  -1.9803692e-04
   1.4155085e-01   9.0484277e-02   4.6283780e+00  -2.8866258e-04   1.2510878e-03   5.0438184e-04
   1.7252850e-01   1.0254031e-01   4.5797791e+00  -1.9385984e-04   9.4516825e-04  -1.8685598e-04
   2.0635296e-01   1.0967888e-01   4.5565664e+00   7.9757811e-05   2.9210652e-03  -8.1519771e-04
   1.4341715e-01   1.9694074e-02   4.5515188e+00  -7.3665076e-04   2.3222512e-03   2.3290952e-04
   1.1252724e-01   9.6991478e-02   4.6485086e+00   8.2394318e-04   1.1131375e-03   5.2143072e-04
   1.3306930e-01   8.6665242e-02   4.6516046e+00  -7.8725732e-04   1.4720515e-03   5.4428049e-04
   1.7929262e-01   1.5322411e-01   4.7023380e+00   6.3548365e-04   2.7276479e-03  -6.6808018e-04
   1.8333159e-01   9.1443802e-02   4.6969346e+00  -2.6692577e-05   1.6881866e-03   1.0869456e-04
   1.6622133e-01   6.8163561e-02   4.6849237e+00  -1.2470284e-03   1.6222313e-03   9.5623745e-04
   1.1955081e-01  -1.0891370e-01   4.6441063e+00  -3.9142485e-03   2.0977084e-03   1.6251720e-03
   2.1115434e-01   8.9898138e-02   4.7286716e+00   1.0877281e-03   2.4639826e-03   2.5971030e-04
   2.2539689e-01   1.4070847e-01   4.6367760e+00   1.4146382e-04   2.7847851e-03  -1.6488521e-03
   1.8652806e-01   1.2127883e-01   4.6589046e+00   4.1489231e-05   2.1566906e-03  -4.8332650e-04
   1.7721514e-01   1.0559962e-01   4.6497289e+00  -1.3569519e-04   1.3388097e-03   4.2043184e-04
   1.5664721e-01   7.9022788e-02   4.6946085e+00  -2.8442179e-04   1.5084294e-03  -1.0485790e-03
   2.1167181e-01   1.0277333e-01   4.7436649e+00  -1.1043261e-04   2.7900159e-03  -1.1204580e-03
   1.5466069e-01   1.2870778e-01   4.7939583e+00  -2.9587721e-04   1.5922521e-03   2.5185806e-04
   1.7215075e-01   1.0106069e-01   4.8280440e+00  -9.8517618e-05   1.8658353e-03  -8.0503880e-04
   1.4715856e-01   1.6721398e-01   4.8632886e+00   9.4893389e-04   2.7192911e-03   3.8008526e-04
   1.5955640e-01   1.0553885e-01   4.8661526e+00   8.3697663e-05   1.0515713e-03   9.6107267e-04
   1.9450255e-01   1.4266740e-01   4.8186179e+00   2.8542520e-04   2.4358062e-03   1.4426994e-04
   1.8997333e-01   1.2761093e-01   4.7764506e+00   6.6681529e-04   1.3837865e-03  -8.3395486e-04
   1.6312586e-01   1.2818183e-01   4.7817577e+00   2.6472215e-04   3.1348588e-03   1.4300714e-03
   1.7124791e-01   1.3532794e-01   4.7882679e+00   2.7280416e-04   1.0396305e-03  -3.9056430e-04
   1.4869987e-01   9.3690236e-02   4.8210167e+00  -7.2953503e-04   1.9816393e-03   5.4164441e-04
   1.9270382e-01   1.4409099e-01   4.8795373e+00   5.6638887e-04   2.0088678e-03  -3.2359424e-04
   1.6247964e-01   1.0262936e-01   4.8749100e+00   1.3933375e-04   1.1156716e-03  -5.6061834e-04
   1.8067804e-01   1.1361478e-01   4.8229726e+00  -1.3582832e-03   7.3997810e-04  -4.1265746e-04
   2.3103192e-01   1.3209218e-01   4.7838085e+00  -2.2028229e-03   1.9061721e-03  -1.1588511e-03
   1.1063305e-01   1.4626135e-01   4.8848128e+00   3.3593304e-04   1.1742571e-03   6.5642134e-04
   2.0521575e-01   9.9244575e-02   4.9145702e+00  -9.4449460e-04   2.1712653e-03  -1.2309682e-03
   1.6965751e-01   1.2010066e-01   4.9570927e+00  -2.1587594e-04   2.1205224e-03   6.6001779e-04
   1.9818526e-01   1.2278036e-01   5.0024137e+00  -6.0817516e-04   2.3229171e-03   4.6578381e-05
   1.9991069e-01   1.2652562e-01   5.0407710e+00   3.4893917e-04   3.2368240e-03  -9.6423857e-04
   1.6113152e-01   1.0913245e-01   5.0565016e+00   1.5661471e-05   8.8054575e-04  -8.9732291e-04
   1.2965406e-01   6.2472096e-02   5.0370273e+00  -1.3678819e-03   2.0174242e-03   4.1404522e-04
   1.8248812e-01   1.3820244e-01   5.0418889e+00  -6.8546948e-04   1.6477339e-03  -1.1067855e-03
   1.8398147e-01   1.1501570e-01   4.9813821e+00  -8.4385630e-04   1.5570547e-03   4.9460855e-04
   1.8788263e-01   8.0999829e-02   5.0148343e+00   5.6962099e-04   4.3512930e-04   7.5441291e-05
   1.8685863e-01   7.9463927e-02   5.0461632e+00  -2.9625047e-04   1.9498330e-03  -4.0159413e-04
   1.8263961e-01   1.2292640e-01   5.0686822e+00  -7.0547995e-05   2.1138841e-03   4.3574780e-06
   1.7399946e-01   1.0349048e-01   5.0574318e+00  -1.5653036e-03   1.3763680e-03   4.6774296e-04
   2.0777871e-01   1.4569126e-01   5.0920154e+00   6.5506131e-04   2.2928775e-03  -5.6494920e-05
   1.8115147e-01   1.2738120e-01   5.0569359e+00  -6.1821212e-04   1.7124143e-03   7.0798233e-05
   1.7081792e-01   8.8815972e-02   5.1200930e+00   1.8597959e-04   4.1969464e-04   6.1672742e-04
   2.2756527e-01   8.9711734e-02   5.0832771e+00  -3.5457955e-04   3.0165789e-03  -1.1199517e-03
   1.6887341e-01   1.6040560e-01   5.0565805e+00  -6.4492617e-04   1.8736024e-03  -7.5035750e-04
   2.1186539e-01   1.3535009e-01   5.0960817e+00   3.6234796e-04   3.2754640e-03  -8.2338526e-04
   1.9906071e-01   1.5955181e-01   5.1420547e+00   4.5469565e-05   1.9807270e-03   4.0503798e-04
   1.8676071e-01   1.4684018e-01   5.1413756e+00  -3.6712595e-04   2.5350666e-03   3.5071746e-04
   2.1197942e-01   1.4849971e-01   5.1432264e+00   2.9013167e-04   1.9495091e-03  -8.4911734e-04
   1.8217010e-01   9.4365135e-02   5.1354361e+00  -1.1128704e-03   8.2142015e-04   5.1198007e-04
   1.9627168e-01   1.2407419e-01   5.1680264e+00  -8.7160799e-04   2.9815147e-03   6.2413174e-04
   2.1348113e-01   1.5380611e-01   5.1597311e+00  -1.6189592e-03   3.0327811e-03   5.0389344e-04
   1.5511809e-01   9.6912827e-02   5.1447120e+00  -1.9090269e-03   2.0125920e-03   5.8071702e-04
   1.8348639e-01   1.5638561e-01   5.2002605e+00   1.2694778e-04   1.7616586e-03  -2.3494420e-04
   2.2014369e-01   1.2415682e-01   5.2200711e+00  -6.1262296e-04   2.2137024e-03   7.0062200e-05
   1.8860674e-01   5.7145732e-02   5.2694229e+00  -1.3613209e-03   1.6906386e-03   3.2602518e-05
   1.5920843e-01   1.2668081e-01   5.3081420e+00  -7.9984736e-04   2.1492894e-03   2.1536724e-03
   1.9300241e-01   1.1069016e-01   5.3210700e+00  -9.3197011e-04   2.3270903e-03  -9.2738403e-05
   2.1204951e-01   1.0446413e-01   5.3905551e+00  -9.2925956e-05   8.6974154e-04  -4.7314768e-04
   2.1880705e-01   1.5196469e-01   5.4022601e+00   3.3562106e-04   2.6022215e-03  -2.5463115e-04
   2.1926679e-01   1.1705920e-01   5.4060175e+00   1.7316600e-04   2.9849619e-03   1.1379579e-05
   1.7407814e-01   5.7687826e-02   5.4217570e+00  -4.4201922e-04   1.9094941e-03   2.0350282e-04
   1.9896805e-01   1.5909203e-01   5.3509103e+00  -8.5791242e-04   2.0968673e-03  -5.6293471e-04
   2.1343058e-01   1.7089138e-01   5.2781365e+00  -1.3814673e-03   2.7432555e-03  -2.8426303e-04
   1.5791385e-01   2.1796077e-02   5.2756189e+00  -1.9075912e-03   9.8783228e-04   6.7378996e-04
   2.1016328e-01   1.0727745e-01   5.2977495e+00  -1.9173210e-03   8.7829127e-04  -1.2175023e-03
   2.3064532e-01   1.0320791e-01   5.3207322e+00  -1.3308399e-03   2.0352417e-03  -8.5223583e-04
   2.0828052e-01   1.1381458e-01   5.3614809e+00  -8.3105308e-05   3.0678610e-03  -1.4595523e-04
   2.3576255e-01   1.0762216e-01   5.3291345e+00  -1.1097208e-03   2.5307979e-03   1.1002175e-04
   2.1673678e-01   1.5336092e-01   5.4134370e+00   4.3676896e-04   6.2838634e-04  -8.2987111e-04
   1.8171468e-01   8.9686459e-02   5.3996063e+00  -6.7933121e-04   1.2416494e-03   2.6921512e-04
   1.7894408e-01   7.0162175e-02   5.3915004e+00  -1.6987180e-03   8.6850804e-04   4.7166955e-04
   1.8846105e-01   7.2699783e-02   5.3970369e+00  -4.8194913e-04   2.0867201e-03   6.6205374e-04
   2.1328351e-01   8.6040142e-02   5.4456004e+00   3.3612028e-04   2.7674072e-03  -1.9195718e-04
   2.3236007e-01   1.4687326e-01   5.4720186e+00  -7.0314670e-04   2.0487323e-03  -6.4934037e-04
   1.9702229e-01   1.5568229e-01   5.5176798e+00   4.5390801e-04   1.6921927e-03   3.8756124e-05
   1.9965758e-01   1.1681386e-01   5.4612488e+00  -1.3991297e-03   1.4692828e-03   9.0624914e-05
   2.0262867e-01   1.2914473e-01   5.4995430e+00  -4.4240050e-04   1.3717716e-03   5.8516163e-04
   1.9149753e-01   1.2094008e-01   5.5239384e+00  -1.5509205e-03   8.1898818e-04   4.8682776e-04
   2.0056232e-01   1.0662809e-01   5.4955434e+00  -1.8341528e-03   1.6060123e-03  -4.5523729e-04
   2.1662548e-01   1.5964758e-01   5.5119160e+00  -1.0780599e-03   7.0434477e-04  -6.8895325e-04
   2.2414618e-01   1.2541946e-01   5.5812370e+00   5.1486404e-05   2.0776547e-03   2.2572516e-04
   1.5369594e-01   1.6311116e-01   5.5761498e+00  -3.9040844e-04   1.1666990e-03   7.8652869e-04
   1.4656192e-01   1.8856366e-01   5.6228207e+00  -9.6006005e-06   8.7647986e-04   2.9423220e-04
   1.9638745e-01   5.5399601e-02   5.6043850e+00  -1.3653806e-03   2.8059394e-03   4.5529804e-04
   1.8212678e-01   1.7916091e-01   5.6228331e+00  -1.3113586e-03   1.7043107e-03  -1.1823017e-04
   2.0929769e-01   1.2006007e-01   5.6402323e+00  -1.0489904e-05   5.9594620e-04   3.3686885e-05
   2.0676863e-01   1.1559683e-01   5.5957595e+00  -1.6330000e-03   2.0476610e-03   4.3939003e-04
   1.8458801e-01   1.0264268e-01   5.6619707e+00   1.4440398e-04   2.3252884e-03  -3.5608407e-04
   1.8671463e-01   7.5148448e-02   5.6865987e+00  -5.8596087e-04   2.2223572e-03   5.4289911e-04
   2.3015933e-01   9.1205735e-02   5.7086493e+00  -1.2065699e-03   3.1799713e-03   2.3145960e-04
   1.5617932e-01   1.2438672e-01   5.7130265e+00  -1.2166629e-05   7.7794724e-04   1.7393695e-03
   1.9539857e-01   1.3815387e-01   5.6925789e+00  -7.1388972e-04   2.2194954e-03   1.0000747e-03
   1.8428563e-01   1.4561037e-01   5.7645409e+00   6.5820786e-04   2.3170103e-03   1.1821396e-03
   2.1827725e-01   7.9676922e-02   5.7797593e+00  -6.1336667e-04   2.9216616e-03   4.8451189e-04
   2.1151597e-01   1.2659397e-01   5.7838836e+00   6.5762390e-05   5.1110527e-04   1.7972207e-04
   2.0390854e-01   7.4032313e-02   5.7125487e+00  -2.3723192e-03   1.5127572e-03   8.3952687e-04
   1.9640531e-01   1.2464447e-01   5.7535727e+00  -3.5352394e-04   2.3425331e-03   4.5428849e-04
   1.4449095e-01   1.2663976e-01   5.7478976e+00  -1.1585402e-03   1.9357142e-03   8.3458821e-04
   2.1202422e-01   1.2516981e-01   5.8143241e+00  -1.6425377e-03   1.5130241e-03   8.2765334e-04
   1.5264030e-01   6.7187448e-02   5.8572892e+00  -1.8067489e-03   7.7507875e-04   1.3530007e-03
   2.4246142e-01   1.3804212e-01   5.8450724e+00  -1.7378109e-03   2.7392976e-03   5.5360101e-04
   2.0506582e-01  -3.6921814e-02   5.7766818e+00  -2.3310130e-03   1.5152510e-03   2.9058758e-04
   2.0004437e-01   1.8784797e-01   5.7572687e+00  -1.6851212e-03   2.4137517e-03   2.2732821e-04
   2.3179095e-01   1.3826731e-01   5.8046016e+00  -1.6472798e-03   2.4183380e-03   4.5713273e-04
   1.9742388e-01   1.2862058e-01   5.8148605e+00  -2.1677690e-03   2.0432601e-03   5.0227554e-04
   1.8426835e-01   1.3924963e-01   5.8633479e+00  -1.9246049e-03   2.0199089e-03   2.0095860e-04
   2.0082052e-01   1.5133786e-01   5.9338078e+00  -1.2902727e-03   2.1991258e-03   5.7787400e-04
   2.1708340e-01   1.1371169e-01   5.9206736e+00  -1.2432948e-03   1.5909616e-03   1.2402225e-03
   2.0680089e-01   9.6620456e-02   5.9901560e+00  -2.0931799e-03   2.2618568e-03   7.2191365e-04
   2.2183070e-01   1.4731168e-01   6.0079111e+00  -5.8787044e-04   2.4950739e-03   3.4371686e-04
   2.6972582e-01   1.0995189e-01   6.0177715e+00  -9.2687052e-04   2.2999624e-03  -7.5079910e-04
   1.9822709e-01   1.7079577e-01   6.0882802e+00   6.8161862e-04   2.1503267e-03  -3.0864017e-04
   2.2420267e-01   1.6668424e-01   6.0034865e+00  -6.9680415e-05   2.3240226e-03   1.0486393e-04
   2.2280295e-01   1.4508896e-01   5.9827810e+00  -5.7308384e-04   1.6187217e-03   3.5677776e-04
   2.1854616e-01   1.1964347e-01   5.9068205e+00  -1.4808602e-03   2.7676079e-03   7.0432638e-04
   2.1026155e-01   1.2147922e-01   5.9505118e+00  -4.6928124e-04   2.4216871e-03   6.8003158e-04
   2.4929118e-01   1.4752834e-01   6.0232314e+00  -1.7008933e-04   2.7759180e-03   5.3796080e-04
   2.2501819e-01   7.3316143e-02   5.9918661e+00  -2.1472429e-03   1.4620863e-03   1.3064028e-06
   1.9472101e-01   1.2371995e-01   6.0474215e+00  -1.4176173e-03   1.8174114e-03   6.3330675e-04
   1.7887022e-01   1.2870039e-01   6.0738345e+00  -1.5160706e-03   1.6473594e-03   1.2204182e-03
   2.1884758e-01   1.7893616e-01   6.0817354e+00   1.4259589e-04   2.7837919e-03   6.6189682e-04
   2.1968001e-01   1.7095249e-01   6.0376723e+00  -1.0943826e-03   2.4190755e-03   6.2633084e-04
   1.9919133e-01   9.9732562e-02   6.0813314e+00  -1.3114856e-03   8.3605283e-04   2.1154598e-04
   2.1669281e-01   1.4422793e-01   6.1202495e+00  -5.1206962e-04   2.7650910e-03   2.6085062e-04
   2.1855416e-01   1.5568918e-01   6.1063499e+00  -2.0070144e-03   1.3309218e-03   6.3294223e-04
   2.1971912e-01   1.9570712e-01   6.1662799e+00  -1.1951636e-03   2.1022170e-03   7.7225854e-04
   2.5182949e-01   1.8071655e-01   6.2267146e+00   4.0036873e-04   3.1317305e-03   4.7810412e-05
   2.4545623e-01   1.8977177e-01   6.1334059e+00  -1.2828617e-03   2.1855202e-03  -6.0097553e-05
   2.1744191e-01   1.3194288e-01   6.1169479e+00  -1.0667881e-03   2.7703435e-03   8.2377414e-04
   2.2951338e-01   1.4723145e-01   6.1668413e+00  -4.0986008e-04   1.6957020e-03   3.6919341e-04
   2.4175120e-01   1.9050381e-01   6.1657533e+00  -7.7886848e-04   8.9529690e-04  -8.5348575e-04
   2.3050933e-01   1.5452609e-01   6.1643682e+00  -4.1225489e-04   2.3059297e-03   1.6294705e-04
   2.5382832e-01   1.5238336e-01   6.1328462e+00  -8.3465782e-04   2.8910624e-03  -5.2532286e-04
   2.4470141e-01   1.3117482e-01   6.1837629e+00  -4.6390914e-04   2.0875201e-03  -2.0657929e-04
   2.2395777e-01   9.5688210e-02   6.2587981e+00  -8.3481572e-04   1.6032170e-03   3.3109484e-04
   2.4131375e-01   1.8395487e-01   6.2816295e+00  -2.8007351e-04   6.9045296e-04  -3.7195069e-04
   2.2023670e-01   1.4347230e-01   6.2225496e+00  -4.4950933e-04   1.9671613e-03   5.5888290e-04
   2.5938723e-01   1.3017486e-01   6.1726906e+00  -1.3744217e-03   2.8143574e-03   2.3960911e-04
   2.3684455e-01   1.7183022e-01   6.2005156e+00  -8.3732783e-04   2.4399134e-03   2.4850315e-04
   2.4680955e-01   1.7902890e-01   6.2246455e+00  -8.3936117e-04   3.0798840e-03   7.6738164e-06
   2.1276396e-01   2.0705789e-01   6.2451934e+00  -6.2615779e-04   1.6384490e-03  -1.7459331e-04
   1.8367563e-01   1.8278661e-01   6.3315827e+00   2.7863808e-04   8.2849508e-04   3.6642992e-04
   1.9667383e-01   1.4530380e-01   6.3814485e+00   6.6488597e-04   2.3811974e-03   8.2442258e-04
   2.6362385e-01   2.0943580e-01   6.4015856e+00   3.8141030e-04   1.0393172e-03  -1.2186528e-03
   2.1587879e-01   1.5956772e-01   6.3940006e+00  -9.0752253e-04   2.2681796e-03   1.5628805e-03
   2.3390402e-01   1.6725432e-01   6.4173885e+00  -8.8858904e-05   3.5171291e-03   4.0154485e-04
   2.0100513e-01   1.5668557e-01   6.3854750e+00  -2.6617366e-03   2.1987259e-03   3.7257380e-04
   2.3462085e-01   1.2306599e-01   6.4032727e+00  -2.0173468e-03   2.7273267e-03   8.2753902e-04
   1.8779035e-01   2.0783739e-01   6.4695792e+00   4.7555678e-04   2.0954059e-03   1.0186418e-03
   2.8831556e-01   1.8245747e-01   6.4475166e+00   1.0759178e-03   3.4608169e-03  -4.3142564e-04
   2.5014811e-01   1.6309966e-01   6.3370806e+00  -2.2484275e-03   3.6999719e-03   6.9035620e-05
   2.5329332e-01   1.5107376e-01   6.4156131e+00  -1.0023340e-03   2.1145375e-03  -1.6031521e-04
   2.3398369e-01   1.3939071e-01   6.4870594e+00  -5.4586452e-04   2.3736875e-03   5.2318643e-04
   1.8729617e-01   1.3233812e-01   6.4750808e+00  -1.6150426e-03   2.4566682e-03   1.9797344e-03
   1.9892471e-01   1.4177131e-01   6.5334913e+00   1.0109875e-04   1.5974857e-03   5.1845161e-04
   2.7627373e-01   1.8288503e-01   6.4979702e+00  -1.4818667e-03   3.3456097e-03   7.2092284e-04
   1.9849077e-01   1.5652531e-01   6.4816077e+00  -1.3149593e-03   2.1938523e-03   1.1340407e-03
   2.3198741e-01   1.8002152e-01   6.4300487e+00  -1.1185428e-03   2.9568661e-03   2.1707097e-04
   1.8082125e-01   1.9322455e-01   6.4660139e+00  -1.4421083e-05   1.5816360e-03   1.0948274e-03
   2.9689003e-01   1.8110674e-01   6.4996515e+00  -3.1151103e-04   2.1093839e-03  -1.5356681e-03
   2.2197987e-01   1.8242362e-01   6.5283971e+00   6.4743805e-04   2.0309671e-03   8.3204946e-04
   2.3252843e-01   1.5350939e-01   6.5509940e+00  -1.1751882e-03   2.9518863e-04  -3.8885106e-04
   2.8505653e-01   1.7038168e-01   6.5088178e+00  -6.5305530e-04   3.4658910e-03  -1.9233755e-04
   3.0304254e-01   1.6642706e-01   6.5300086e+00  -3.4242998e-04   3.2109710e-03  -8.1590104e-04
   2.7660871e-01   1.9025002e-01   6.5321898e+00  -1.3112740e-03   1.9565701e-03  -6.8349319e-04
   2.4326533e-01   1.4143152e-01   6.6182960e+00   5.1286027e-04   2.4809896e-03   1.1086536e-03
   2.0330707e-01   1.8234130e-01   6.5945399e+00  -1.3820425e-03   1.3473541e-03   4.3956867e-04
   2.5080858e-01   1.8141228e-01   6.6525337e+00  -7.2917611e-04   2.7673278e-03  -9.2946647e-06
   2.3996984e-01   2.0709329e-01   6.6676090e+00  -4.6631647e-04   2.0033068e-03   2.7541992e-04
   2.4490863e-01   1.6635519e-01   6.7283553e+00  -3.2629881e-04   3.6841242e-03   1.4934040e-03
   2.5659938e-01   1.0844761e-01   6.7061527e+00  -1.3561057e-03   2.2838496e-03   6.4269951e-04
   2.2471392e-01   1.9886551e-01   6.7709602e+00   9.9170639e-04   2.1462472e-03   2.9648358e-04
   2.1204378e-01   1.7738046e-01   6.7833912e+00   9.0445630e-04   2.5011107e-03   1.3390260e-03
   2.6677882e-01   1.9062366e-01   6.7385470e+00  -2.6428263e-04   3.2376853e-03   2.6310071e-04
   2.5048202e-01   1.4549961e-01   6.7436576e+00  -1.8809783e-03   2.8710358e-03   3.9215820e-04
   2.6555176e-01   1.4790720e-01   6.7323218e+00  -3.6418452e-04   2.7640353e-03  -5.5778646e-04
   2.2036782e-01   1.3954231e-01   6.6516026e+00  -1.5203523e-03   2.3107648e-03   3.2468852e-04
   2.2618219e-01   2.2116150e-01   6.6989127e+00   4.5663847e-04   2.5863000e-03   1.0619581e-03
   2.6435058e-01   1.4522114e-01   6.6636406e+00  -7.2704299e-04   1.4725657e-03  -1.7388817e-04
   1.9307689e-01   1.6618205e-01   6.6779451e+00  -1.7572510e-03   1.4913718e-03   1.1089558e-03
   2.3924494e-01   1.6672614e-01   6.6663379e+00  -3.5982127e-04   2.9202548e-03   2.1112696e-04
   2.7048194e-01   1.8583407e-01   6.6659847e+00  -2.3171266e-03   2.5568677e-03   3.9147634e-05
   2.5505268e-01   1.7013646e-01   6.6724088e+00  -2.0056919e-03   3.1766888e-03  -3.7099204e-04
   2.0974875e-01   1.4158354e-01   6.6971519e+00  -2.0409130e-03   2.7102072e-03   1.1211096e-03
   2.0205588e-01   1.5376255e-01   6.7312217e+00  -1.2403275e-03   2.3883841e-03   9.3666123e-04
   2.8560367e-01   1.2954914e-01   6.7436851e+00  -9.6681116e-04   2.5809530e-03  -7.5434693e-04
   2.5252939e-01   1.9258779e-01   6.7862010e+00   8.7046445e-04   3.0009123e-03   2.7185822e-05
   2.2629802e-01   1.7309121e-01   6.7498150e+00  -2.0553423e-03   2.2169168e-03   1.8171485e-04
   3.2212276e-01   1.9051412e-01   6.7857820e+00  -3.1628754e-04   2.4181875e-03  -1.6353649e-03
   2.0400922e-01   1.7231070e-01   6.8044806e+00  -1.1130011e-03   1.9006263e-03   7.2179549e-04
   2.5515441e-01   1.6510071e-01   6.8679136e+00  -7.3198584e-04   1.1003190e-03  -3.5027482e-04
   2.5984811e-01   1.7484509e-01   6.8492806e+00  -1.7278993e-03   1.8501366e-03  -1.5083240e-04
   2.4396178e-01   1.9109127e-01   6.9135504e+00   2.0860875e-05   2.2069906e-03   3.9806105e-04
   2.7342864e-01   1.5353087e-01   6.9605516e+00  -1.4141461e-04   4.0032415e-03   3.4143511e-04
   2.8716926e-01   1.7708212e-01   6.9460536e+00  -1.4220907e-03   2.5460026e-03  -1.1165844e-03
   2.7441874e-01   1.8768223e-01   7.0027796e+00  -1.2515193e-04   1.8705319e-03  -8.9144831e-04
   2.4512167e-01   1.8922596e-01   6.9587105e+00  -1.7784756e-03   2.3552100e-03   1.6667006e-05
   2.9219195e-01   1.6996519e-01   6.9204851e+00  -1.2899472e-03   9.5900017e-04  -1.9924087e-04
   2.9664329e-01   1.9211045e-01   6.8789081e+00  -1.4731262e-03   3.3827303e-03  -9.4955835e-04
   2.6466486e-01   1.8032694e-01   6.8934210e+00  -1.6810422e-03   2.4976377e-03  -5.1668526e-04
   2.2946166e-01   1.5430930e-01   6.9880442e+00  -1.1882475e-04   1.6934020e-03   1.6878403e-04
   2.6555012e-01   1.5293224e-01   6.9853983e+00  -8.2957861e-04   3.3981702e-03   4.9951770e-04
   2.4474682e-01   1.8949415e-01   7.0375296e+00  -7.8110354e-04   2.5789766e-03   1.4309447e-04
   2.1414947e-01   8.8861003e-02   7.0193529e+00  -1.9372565e-03   3.8974685e-03   2.1630453e-03
   2.5965575e-01   2.0029918e-01   6.9593095e+00  -1.7586314e-03   2.3777739e-03   3.1653360e-04
   2.6512170e-01   1.7459157e-01   7.0681251e+00   1.4205736e-03   1.9156000e-03   4.3102111e-04
   3.2553315e-01   1.3207185e-01   6.9461149e+00  -1.9207871e-03   3.0733011e-03  -3.9869086e-04
   2.5962351e-01   1.1564282e-01   7.0048577e+00  -2.2527946e-03   3.3057971e-03  -1.7403395e-04
   2.3058139e-01   1.5997836e-01   7.0563355e+00  -1.2008367e-03   2.4491192e-03   4.5527573e-04
   2.6231036e-01   1.9206402e-01   7.0682276e+00   1.2705801e-04   3.2013715e-03   1.1478883e-03
   2.8694420e-01   2.0168964e-01   7.0429506e+00  -1.3205694e-03   2.5964203e-03   1.7292301e-04
   2.4403614e-01   2.1490645e-01   7.0701227e+00  -7.2360827e-04   2.7542431e-03   5.9475752e-04
   2.3388310e-01   1.8808627e-01   7.0485326e+00  -2.1286642e-03   1.7007294e-03  -8.9056775e-05
   2.8257169e-01   2.0671294e-01   7.1664096e+00  -6.6056569e-05   2.9607508e-03  -1.7853378e-04
   3.0156798e-01   1.6502463e-01   7.1157674e+00  -2.6538932e-03   2.7448776e-03  -2.1189360e-04
   2.7336180e-01   1.7383992e-01   7.1873349e+00  -8.5107053e-04   2.7609399e-03   2.6688106e-04
   2.6571945e-01   2.1198105e-01   7.1882341e+00  -2.6965207e-04   2.4938733e-03  -6.3604367e-04
   2.1393382e-01   1.6538024e-01   7.0700211e+00  -2.6624910e-03   1.0607594e-03   6.9435330e-04
   2.5508542e-01   1.9521947e-01   7.0844039e+00  -1.2493178e-03   2.5463815e-03  -5.5830733e-05
   2.5616219e-01   1.8358112e-01   7.1438405e+00  -7.2688838e-04   2.1593443e-03  -4.8626873e-04
   2.5137920e-01   1.7891411e-01   7.1863024e+00  -1.0715625e-03   2.3960538e-03   4.5253352e-04
   2.8702530e-01   1.7260726e-01   7.2061947e+00  -5.2051751e-04   2.2324444e-03  -6.5434001e-05
   2.7325545e-01   2.1991777e-01   7.1891816e+00  -7.4540875e-04   2.3881282e-03   1.7695978e-03
   2.5644316e-01   1.3389398e-01   7.1351924e+00  -2.1290220e-03   1.6387955e-03   1.4682050e-03
   3.1817915e-01   1.3443952e-01   7.1796322e+00  -6.4078308e-04   3.6827320e-03  -1.2018190e-03
   3.0449154e-01   1.7060302e-01   7.2058170e+00  -1.1349742e-04   3.1388994e-03  -1.6397678e-04
   3.5201209e-01   1.5287230e-01   7.2400552e+00  -6.2028317e-04   2.5404469e-03  -1.7517126e-03
   2.8100895e-01   2.0595333e-01   7.2232841e+00  -3.3889741e-04   2.6056664e-03   2.9380864e-04
   3.0115384e-01   2.1296605e-01   7.1874803e+00  -1.6313816e-03   2.3193114e-03  -1.5041424e-03
   3.1756442e-01   1.9366532e-01   7.2388541e+00  -2.5685769e-04   3.2939467e-03   4.6826682e-05
   3.1158157e-01   1.8615907e-01   7.2623187e+00  -1.6250478e-03   3.2401768e-03   1.9996826e-04
   2.9978413e-01   2.0740171e-01   7.3193842e+00  -4.0757313e-04   2.8597727e-03  -2.4024350e-04
   2.7967827e-01   2.0637854e-01   7.3470950e+00  -4.7980826e-04   3.0530772e-03   3.3290465e-04
   2.3041365e-01   2.1801130e-01   7.3695619e+00   1.0580785e-04   2.6438965e-03   2.9608928e-04
   2.8014540e-01   1.6229944e-01   7.3557067e+00  -1.4522476e-03   3.8795185e-03   1.1809004e-03
   2.9790185e-01   1.8325419e-01   7.3855475e+00  -1.3211845e-03   3.4619615e-03  -1.9220803e-04
   3.0121628e-01   1.3390531e-01   7.4120874e+00  -1.6537357e-03   2.0618028e-03  -3.9082878e-04
   2.7353771e-01   2.0332619e-01   7.3822578e+00  -1.6777839e-03   3.5203133e-03   8.9724613e-04
   3.3261444e-01   1.0090924e-01   7.3755244e+00  -2.2956408e-03   4.0886488e-03  -2.2059238e-04
   3.1445222e-01   1.5889754e-01   7.3732361e+00  -1.0445946e-03   3.7570015e-03   4.0459690e-04
   2.3115757e-01   2.2355927e-01   7.3524524e+00  -9.8030791e-04   2.3275386e-03   1.4240062e-03
   2.4578308e-01   1.8305258e-01   7.3367798e+00  -9.6258340e-04   2.5478582e-03   1.3460294e-03
   3.1136468e-01   1.4146137e-01   7.3430947e+00  -1.9695999e-03   2.4951503e-03  -8.8699480e-04
   3.0669368e-01   1.5596275e-01   7.4074286e+00  -1.1155741e-03   1.5841128e-03  -2.4196658e-04
   3.2276077e-01   1.5828099e-01   7.4036651e+00  -8.4385356e-04   2.2438674e-03  -2.5813388e-04
   3.0863046e-01   1.4445928e-01   7.3432794e+00  -2.3070043e-03   3.7969529e-03  -7.4628433e-05
   2.9294709e-01   2.1139683e-01   7.4032414e+00  -6.8077451e-04   1.6825334e-03  -5.2923946e-05
   2.7876516e-01   1.8056992e-01   7.4314123e+00  -6.9229654e-04   3.6887968e-03  -1.4471569e-04
   2.8182314e-01   1.7522423e-01   7.4476595e+00  -1.4432393e-03   2.5320013e-03  -7.9639424e-04
   2.9753115e-01   2.2474186e-01   7.5255920e+00   2.8561206e-04   3.6179935e-03  -1.5505526e-04
   2.6680710e-01   1.7305117e-01   7.4956586e+00  -1.4892582e-03   3.8774546e-03   6.6890573e-04
   3.1924023e-01   1.5858899e-01   7.5579441e+00  -7.9785427e-04   2.4519583e-03  -1.3364394e-03
   2.6959087e-01   1.4696188e-01   7.5764212e+00  -1.7467003e-03   2.4870943e-03  -7.8176194e-05
   2.9754525e-01   1.9879924e-01   7.6056668e+00  -1.0338020e-03   2.9706506e-03   8.7174604e-04
   2.7839527e-01   1.3449730e-01   7.5994624e+00  -5.7646311e-04   2.2751896e-03   4.8486858e-04
   3.0492721e-01   1.7190431e-01   7.5765387e+00  -1.1978826e-03   1.9440278e-03  -5.1135881e-04
   3.0646561e-01   1.6939163e-01   7.5200365e+00  -9.8368235e-04   3.1381210e-03   2.0312674e-04
   2.6635885e-01   1.4242760e-01   7.4735630e+00  -2.1172183e-03   9.8107521e-04   5.3135927e-04
   2.9627558e-01   1.9952774e-01   7.4743796e+00  -1.8038530e-03   2.4145763e-03   9.6830220e-04
   3.1023752e-01   1.9701424e-01   7.5212309e+00  -1.8717393e-03   3.4194681e-03  -8.7609894e-04
   3.1982406e-01   2.1812328e-01   7.5746420e+00  -1.2154632e-05   2.9999505e-03  -2.3341202e-05
   2.7124964e-01   1.5654966e-01   7.5798256e+00  -1.9126020e-03   1.8110873e-03   1.4713727e-03
   2.4399902e-01   1.9506832e-01   7.5815206e+00  -1.5541335e-03   2.1710844e-03   3.0186126e-04
   2.8292284e-01   1.6123593e-01   7.6248778e+00  -1.7262127e-03   2.8012439e-03   4.4491376e-04
   2.4450153e-01   2.0795867e-01   7.5718036e+00  -1.4013496e-03   2.1959006e-03   4.2913150e-04
   2.8246429e-01   2.2172343e-01   7.5317624e+00  -1.8197009e-03   3.3267858e-03   1.2813558e-03
   2.8539212e-01   2.1101199e-01   7.5858301e+00  -5.0125365e-04   3.2949464e-03  -3.6184422e-06
   2.4083860e-01   2.0041456e-01   7.6256019e+00  -1.9903231e-05   1.9517710e-03   1.2580973e-03
   2.6784400e-01   2.1867311e-01   7.6166190e+00  -1.3050469e-03   2.0767268e-03   5.0458904e-04
   2.9643529e-01   2.1759110e-01   7.5949831e+00  -1.5048315e-03   2.7094422e-03  -2.2223664e-05
   2.6784693e-01   1.7795307e-01   7.5443731e+00  -3.4562576e-03   2.4153699e-03   1.1412686e-03
   2.5370322e-01   1.9246549e-01   7.6112404e+00  -1.5754599e-03   2.7768484e-03   1.6017038e-03
   2.7307635e-01   1.9473470e-01   7.6423962e+00  -9.3870443e-04   2.3384009e-03   9.7315769e-04
   2.9597081e-01   1.7586768e-01   7.5733280e+00  -1.9203419e-03   2.1541017e-03  -8.0850186e-04
   2.8906794e-01   1.6199041e-01   7.6299779e+00  -2.0480073e-03   2.2484908e-03   7.3779767e-05
   2.5436827e-01   1.6512722e-01   7.6584906e+00  -2.2294452e-03   1.7876814e-03   6.8188529e-04
   2.7358248e-01   1.5173354e-01   7.7004642e+00  -9.6744281e-04   3.3911553e-03   1.3245418e-03
   2.3587970e-01   1.6005985e-01   7.6678726e+00  -1.7209782e-03   2.2819208e-03   1.4141480e-04
   2.9311949e-01   1.9493217e-01   7.6953100e+00  -1.7579480e-04   2.8067409e-03   3.5322029e-04
   2.6377338e-01   1.7662545e-01   7.6943439e+00  -1.8610406e-03   2.3805614e-03   7.6941828e-04
   2.8357368e-01   1.7244414e-01   7.7043155e+00  -2.1987293e-03   2.1260653e-03  -4.5428590e-04
   2.6102831e-01   2.0072076e-01   7.7227441e+00  -2.4657438e-03   2.2447865e-03  -6.0746939e-05
   2.8554509e-01   1.2291513e-01   7.7083851e+00  -4.9856356e-03   2.3259311e-03   5.4504420e-04
   2.5151462e-01   2.1756839e-01   7.8261949e+00  -1.0925670e-03   2.3507388e-03   5.2001486e-05
   2.5688687e-01   2.1314946e-01   7.8659861e+00  -1.0685687e-03   1.8373202e-03   4.3342810e-04
   3.2661115e-01   2.0347132e-01   7.8379913e+00  -9.6255926e-04   3.5522459e-03  -5.4857528e-04
   2.9748084e-01   2.0466928e-01   7.7955477e+00  -1.0984392e-03   2.6203626e-03  -1.2753144e-04
   2.6748229e-01   1.7434246e-01   7.7622123e+00  -2.9320593e-03   2.3466065e-03   1.5682815e-04
   3.2486500e-01   2.7167536e-01   7.8108376e+00  -1.2368808e-03   3.5822428e-03   3.9266758e-04
   3.6075577e-01   1.8872287e-01   7.7535478e+00  -1.6357261e-03   3.0178230e-03  -1.0354543e-03
   3.2553737e-01   1.9250144e-01   7.8034314e+00  -2.0454530e-03   3.9165228e-03  -3.0835579e-04
   2.5491563e-01   1.7103528e-01   7.8601336e+00  -2.1794070e-03   2.6155428e-03   4.8242935e-04
   2.8038762e-01   2.1894066e-01   7.8743300e+00  -1.7372036e-03   2.9722345e-03   7.2436655e-04
   2.5830741e-01   2.3191067e-01   7.8896827e+00  -1.2740059e-03   1.2260586e-03   1.7301050e-04
   3.0558930e-01   2.0719831e-01   7.8547112e+00  -1.3325873e-03   3.3072020e-03  -2.0200229e-04
   2.9243133e-01   1.2238765e-01   7.8253732e+00  -2.5545469e-03   1.7236217e-03   1.1741221e-03
   2.6219492e-01   1.6614078e-01   7.8909814e+00  -1.3750016e-03   2.3053321e-03   3.7605916e-04
   2.5762539e-01   1.5708309e-01   7.8791374e+00  -2.4188636e-03   1.2649575e-03   9.3647103e-04
   3.3745434e-01   1.6818087e-01   7.9888346e+00  -1.0727232e-03   2.7662104e-03  -1.9854804e-03
   2.9510193e-01   1.9960026e-01   7.9194155e+00  -2.0162465e-03   3.2003841e-03   5.8872228e-04
   2.8922838e-01   2.0671594e-01   7.9027469e+00  -1.5317442e-03   2.1403242e-03  -1.5816234e-04
   3.0427709e-01   1.9423392e-01   7.8793255e+00  -2.3561865e-03   1.2881838e-03  -7.4885562e-04
   2.7420490e-01   1.7919042e-01   7.9072545e+00  -1.8671716e-03   2.2606506e-03   4.8434145e-04
   2.4022943e-01   1.7382917e-01   7.9177005e+00  -3.1279338e-03   1.1787871e-03   1.1380616e-03
